0.0
0.03994124
0.14193251
0.19945412
0.456283
0.456283
0.627582
0.65753526
0.67744821
0.71727773
0.71727773
0.71727773
0.71727773
0.73864768
0.74125241
0.74125241
0.74125241
0.73121411
0.72947264
0.7254738000000001
0.7254738000000001
0.7254738000000001
0.72841719
0.72841719
0.72924471
0.74528836
0.79684759
0.79684759
0.80821971
0.80821971
0.80821971
0.8018853
0.8018853
0.8018853
0.8018853
0.81605459
0.81605459
0.81605459
0.78764963
0.78764963
0.78764963
0.78764963
0.78764963
0.78764963
0.80381298
0.80381298
0.80381298
0.80381298
0.80381298
0.80381298
0.7850165
0.7850165
0.7850165
0.7850165
0.7850165
0.7850165
0.7850165
0.7850165
0.78511788
0.80775514
0.80775514
0.80775514
0.80916194
0.80916194
0.80916194
0.80916194
0.80916194
0.80916194
0.8104279999999999
0.8104279999999999
0.8104279999999999
0.8012055
0.8012055
0.8012055
0.79790764
0.79467903
0.78910227
0.78910227
0.78910227
0.78972863
0.78972863
0.78972863
0.79972571
0.80416969
0.81124879
0.81124879
0.81124879
0.81607302
0.81607302
0.81607302
0.81607302
0.81607302
0.82346413
0.82447648
0.82447648
0.82447648
0.84222187
0.86018323
0.86018323
0.86018323
0.85487674
0.82270972
0.82270972
0.82270972
0.82596586
0.82596586
0.82596586
0.82255042
0.8222495000000001
0.8222495000000001
0.8222495000000001
0.8222495000000001
0.8222495000000001
0.8222495000000001
0.8222495000000001
0.8222495000000001
0.8222495000000001
0.82745935
0.82745935
0.82745935
0.6707612
0.6707612
0.6707612
0.68211327
0.71792079
0.76965127
0.76965127
0.78589259
0.78589259
0.85406181
0.85406181
0.85406181
0.85406181
0.85406181
0.85406181
0.85406181
0.85684552
0.85684552
0.85684552
0.85684552
0.9038752
0.91017237
0.92025838
0.92517391
0.95398466
0.95398466
0.95398466
0.95398466
0.95398466
0.94449064
0.92424912
0.92424912
0.92424912
0.93362893
0.93362893
0.93362893
0.93362893
0.93362893
0.96086498
0.96086498
0.96086498
0.9608382
0.93849389
0.93849389
0.93849389
0.93849389
0.94874318
0.94903588
0.94903588
0.94903588
0.94308384
0.94308384
0.94308384
0.94308384
0.94308384
0.95892858
0.95892858
0.95892858
0.95892858
0.95892858
0.95892858
0.94211495
0.94211495
0.94211495
0.95805785
0.95805785
0.95805785
0.96388397
0.96388397
0.96388397
0.98130366
0.98130366
0.98130366
0.98130366
0.98130366
0.98130366
0.98130366
0.97966532
0.9788733000000001
0.9788733000000001
0.9788733000000001
0.98851703
0.98851703
0.98851703
0.96934166
0.96934166
0.96934166
0.96253134
0.96253134
0.96253134
0.96253134
0.96253134
0.96253134
0.96253134
0.94381607
0.94381607
0.94381607
0.94381607
0.94381607
0.93793988
0.9240537
0.9240537
0.9240537
0.9240537
0.9240537
0.9240537
0.9240537
0.92915045
0.95493112
0.95493112
0.95493112
0.93512067
0.93512067
0.93512067
0.93812546
0.93812546
0.93812546
0.92831147
0.92831147
0.9178816999999999
0.88040383
0.88040383
0.88040383
0.91091831
0.9341985
0.9341985
0.94065248
0.94065248
0.94065248
0.93624786
0.93624786
0.93624786
0.94182724
0.94182724
0.94182724
0.94182724
0.94182724
0.94182724
0.94182724
0.94182724
0.9424429
0.9424429
0.9424429
0.93138776
0.93138776
0.93138776
0.93138776
0.93138776
0.92701589
0.92701589
0.92701589
0.93269355
0.94154028
0.94154028
0.95185633
0.95185633
0.95255544
0.96127799
0.96127799
0.96127799
0.96127799
0.96127799
0.96127799
0.96127799
0.96127799
0.95785022
0.94497053
0.92471668
0.92471668
0.92471668
0.93960177
0.93960177
0.93960177
0.91930694
0.91930694
0.91930694
0.91930694
0.91930694
0.91930694
0.9318684000000002
0.9630978000000001
0.9630978000000001
0.9630978000000001
0.9630978000000001
0.95916548
0.95916548
0.93553132
0.93553132
0.93553132
0.94553438
0.94553438
0.96645034
0.96645034
0.96645034
0.96645034
0.95630679
0.95064022
0.9419649999999999
0.9419649999999999
0.92078386
0.92078386
0.92078386
0.94339858
0.94573353
0.94573353
0.94573353
0.94573353
0.94573353
0.94573353
0.94573353
0.9438786
0.93684682
0.93684682
0.93684682
0.93684682
0.93684682
0.95020479
0.95020479
0.95020479
0.95020479
0.95020479
0.96323057
0.96323057
0.96450871
0.96450871
0.96450871
0.95858731
0.95858731
0.95858731
0.97613529
0.97613529
0.97613529
0.96955676
0.96321974
0.96321974
0.95407571
0.95407571
0.95407571
0.95407571
0.94927987
0.90585955
0.90585955
0.90585955
0.96725867
0.96725867
0.96725867
0.96725867
0.96725867
0.96725867
0.96725867
0.96725867
0.94720734
0.94720734
0.94720734
0.94720734
0.88101886
0.88101886
0.87997263
0.87997263
0.87997263
0.87997263
0.87997263
0.91599413
0.91599413
0.91599413
0.92103184
0.92103184
0.93402537
0.93402537
0.93402537
0.93402537
0.93402537
0.93402537
0.93402537
0.93402537
0.91744827
0.90588633
0.90588633
0.90588633
0.90659776
0.90659776
0.90659776
0.90659776
0.92245882
0.92245882
0.92245882
0.92875525
0.92875525
0.92875525
0.92875525
0.92032153
0.92032153
0.92032153
0.9261681999999999
0.9261681999999999
0.9261681999999999
0.9261681999999999
0.9261681999999999
0.9261681999999999
0.9362222
0.94014381
0.94014381
0.94014381
0.94813114
0.94813114
0.94813114
0.9473248
0.93795246
0.93795246
0.93795246
0.93795246
0.93795246
0.93867797
0.93867797
0.93867797
0.93867797
0.93867797
0.93867797
0.93867797
0.93867797
0.93867797
0.93187911
0.92489952
0.92489952
0.92489952
0.92489952
0.92489952
0.92489952
0.92489952
0.92489952
0.93383742
0.94773071
0.95143124
0.95143124
0.95143124
0.95143124
0.95058716
0.93564503
0.93564503
0.93564503
0.93992062
0.93992062
0.93992062
0.93992062
0.93992062
0.93992062
0.93992062
0.94426097
0.94426097
0.94426097
0.94426097
0.94426097
0.94426097
0.94426097
0.94426097
0.94426097
0.95768332
0.95768332
0.95768332
0.95039074
0.94022477
0.94022477
0.94022477
0.9283872
0.9283872
0.9283872
0.93754369
0.93754369
0.93754369
0.93754369
0.95101387
0.95101387
0.95101387
0.95101387
0.95029122
0.93843435
0.93007835
0.93007835
0.92765023
0.92765023
0.9246629999999999
0.9246629999999999
0.9246629999999999
0.95763026
0.95763026
0.95842913
0.9760506
0.9760506
0.9760506
0.96395484
0.96395484
0.96395484
0.96395484
0.96024484
0.96024484
0.96024484
0.96024484
0.95967041
0.95967041
0.95967041
0.95967041
0.95967041
0.95967041
0.95967041
0.95819099
0.92122689
0.92122689
0.92122689
0.91743855
0.91743855
0.91743855
0.91743855
0.93490383
0.93490383
0.93490383
0.92933204
0.91628845
0.91628845
0.91628845
0.93508057
0.93508057
0.93508057
0.93508057
0.93508057
0.9248218
0.9248218
0.9248218
0.9248218
0.9248218
0.89456328
0.89456328
0.89456328
0.91425951
0.92739117
0.92739117
0.92739117
0.92096446
0.92096446
0.92096446
0.91432017
0.91432017
0.91296256
0.91296256
0.91296256
0.91296256
0.91296256
0.91296256
0.914435
0.91567454
0.91567454
0.91567454
0.91567454
0.91567454
0.91567454
0.91567454
0.91567454
0.91567454
0.90714479
0.90661856
0.90661856
0.90661856
0.90661856
0.90661856
0.89008119
0.88115026
0.88115026
0.88115026
0.88115026
0.88115026
0.88115026
0.88115026
0.88115026
0.88734206
0.89023575
0.89023575
0.90002272
0.90002272
0.90002272
0.90002272
0.90002272
0.8911106
0.8911106
0.8911106
0.88542759
0.88542759
0.88542759
0.89766024
0.92292066
0.92292066
0.92463672
0.92463672
0.92463672
0.92463672
0.91631859
0.91631859
0.91606351
0.91606351
0.91606351
0.89153694
0.89153694
0.89153694
0.89623836
0.9030011
0.9030011
0.9030011
0.85543996
0.85543996
0.85543996
0.86346789
0.87392021
0.87392021
0.87668138
0.87668138
0.87668138
0.88777313
0.88777313
0.88777313
0.91238676
0.91238676
0.91238676
0.91238676
0.93554527
0.94743652
0.94743652
0.94743652
0.92967643
0.92967643
0.92967643
0.94404711
0.94404711
0.94404711
0.94280098
0.94280098
0.94280098
0.94280098
0.94280098
0.94280098
0.94280098
0.94769683
0.94769683
0.96398523
0.96398523
0.96398523
0.96085402
0.96085402
0.96085402
0.94518115
0.94518115
0.94518115
0.94555729
0.94555729
0.94555729
0.95735301
0.95735301
0.95735301
0.93218999
0.93218999
0.93218999
0.95851059
0.95851059
0.95851059
0.95042076
0.95042076
0.95042076
0.95042076
0.95042076
0.94888803
0.94888803
0.94888803
0.95151531
0.95471602
0.95471602
0.95471602
0.9420248999999999
0.9420248999999999
0.93428693
0.93428693
0.93428693
0.93822062
0.95241183
0.95241183
0.95241183
0.95241183
0.94893038
0.94893038
0.94893038
0.93594445
0.93594445
0.93594445
0.95901951
0.95901951
0.95901951
0.94448217
0.93575862
0.93575862
0.93575862
0.93575862
0.93567517
0.91609228
0.91609228
0.76414512
0.76414512
0.76414512
0.82441221
0.89260708
0.89260708
0.89260708
0.89260708
0.86667906
0.86667906
0.86667906
0.88186083
0.90421012
0.91760794
0.91760794
0.91760794
0.91760794
0.91760794
0.91760794
0.91760794
0.91760794
0.91760794
0.91760794
0.91760794
0.91760794
0.90233787
0.90233787
0.89081616
0.89081616
0.85348763
0.84120254
0.84120254
0.84120254
0.84491715
0.86450515
0.88174649
0.88174649
0.88174649
0.90612235
0.90612235
0.90612235
0.90077376
0.90077376
0.90077376
0.92434677
0.94857678
0.94857678
0.94857678
0.92378878
0.92156044
0.92021168
0.92021168
0.92021168
0.91157058
0.90695024
0.88830671
0.88830671
0.88830671
0.88830671
0.89567091
0.90071261
0.91472596
0.91472596
0.91472596
0.90475042
0.90475042
0.90475042
0.90610703
0.90610703
0.90610703
0.90610703
0.90610703
0.90610703
0.90610703
0.90610703
0.91277536
0.92268464
0.92268464
0.92268464
0.92268464
0.92268464
0.92268464
0.91817191
0.91817191
0.91817191
0.91817191
0.91817191
0.91817191
0.91817191
0.91817191
0.91817191
0.91817191
0.90210284
0.90210284
0.89836532
0.89836532
0.89836532
0.89442988
0.89442988
0.89442988
0.90086842
0.90140361
0.90140361
0.90140361
0.90140361
0.90140361
0.90140361
0.90140361
0.93105944
0.93105944
0.93105944
0.93105944
0.93105944
0.93105944
0.93105944
0.93105944
0.91848291
0.91644725
0.91644725
0.91644725
0.8451401
0.8451401
0.8451401
0.87925086
0.90049402
0.90049402
0.90395815
0.90395815
0.90395815
0.90395815
0.90395815
0.90395815
0.91424394
0.92237201
0.92237201
0.92237201
0.92237201
0.92237201
0.92237201
0.91559383
0.91559383
0.91559383
0.91559383
0.929276
0.929276
0.929276
0.92978865
0.92978865
0.92978865
0.92978865
0.92978865
0.92171488
0.91007086
0.91007086
0.9034379000000001
0.90135566
0.90135566
0.89789663
0.86786516
0.86786516
0.86786516
0.87751051
0.8908052
0.8908052
0.8908052
0.88439245
0.8769646000000001
0.8769646000000001
0.8769646000000001
0.88996374
0.88996374
0.88996374
0.88996374
0.89672523
0.89672523
0.89672523
0.89672523
0.89499622
0.87142993
0.87142993
0.87142993
0.87142993
0.89254343
0.90611438
0.90611438
0.90611438
0.90611438
0.86689342
0.86689342
0.86689342
0.87657887
0.89659408
0.89659408
0.89659408
0.89659408
0.89659408
0.89659408
0.89659408
0.89659408
0.89659408
0.89659408
0.90223238
0.90712299
0.91324143
0.91324143
0.91477565
0.91831115
0.91831115
0.91831115
0.91831115
0.85887246
0.85887246
0.85887246
0.85887246
0.87564337
0.87564337
0.87564337
0.87447197
0.87447197
0.87447197
0.87447197
0.87447197
0.87447197
0.87286277
0.85920464
0.85920464
0.85920464
0.85920464
0.85920464
0.85920464
0.85920464
0.85920464
0.88685582
0.88685582
0.88685582
0.87823029
0.86378325
0.86378325
0.86378325
0.86378325
0.86378325
0.86378325
0.86378325
0.86378325
0.86415653
0.88535959
0.89223629
0.89914389
0.89914389
0.89914389
0.89914389
0.89914389
0.87406369
0.87406369
0.87406369
0.87406369
0.87406369
0.87406369
0.88586863
0.88586863
0.88586863
0.90958873
0.90958873
0.92691787
0.9484611999999999
0.9484611999999999
0.9484611999999999
0.9459911
0.9459911
0.93106243
0.896444
0.896444
0.896444
0.896444
0.896444
0.896444
0.896444
0.88392364
0.88392364
0.88392364
0.87312096
0.87312096
0.8589244
0.8589244
0.8589244
0.8589244
0.8589244
0.8589244
0.86817803
0.90246255
0.90246255
0.91050057
0.91050057
0.91050057
0.90891279
0.90891279
0.90891279
0.88498818
0.88498818
0.88498818
0.92294158
0.92294158
0.92294158
0.88852704
0.87207586
0.87041846
0.86282048
0.86282048
0.86282048
0.86282048
0.86282048
0.86282048
0.88958797
0.88958797
0.88958797
0.88958797
0.88958797
0.88958797
0.88958797
0.88958797
0.88958797
0.88958797
0.88958797
0.88958797
0.89886813
0.91658637
0.91658637
0.91658637
0.91658637
0.91658637
0.91457786
0.91167147
0.90142392
0.90142392
0.90142392
0.90142392
0.90142392
0.90142392
0.90142392
0.90142392
0.90142392
0.90142392
0.90142392
0.90142392
0.90142392
0.90860067
0.90860067
0.90860067
0.90860067
0.9113013000000001
0.9113013000000001
0.92374294
0.92374294
0.92374294
0.87864368
0.87864368
0.87864368
0.87199789
0.86326525
0.84937657
0.82496534
0.82496534
0.82496534
0.82496534
0.84158006
0.84158006
0.84158006
0.84158006
0.84121861
0.82523325
0.82523325
0.82523325
0.82523325
0.84199905
0.87450472
0.87450472
0.87450472
0.87450472
0.87450472
0.87450472
0.87145335
0.87145335
0.85631294
0.85631294
0.85631294
0.85631294
0.85631294
0.85631294
0.85631294
0.84518917
0.84518917
0.84518917
0.85194544
0.85715067
0.85715067
0.85715067
0.85715067
0.85715067
0.8625162000000001
0.8625162000000001
0.8625162000000001
0.8625162000000001
0.87068313
0.87068313
0.87068313
0.8236294
0.8236294
0.8236294
0.8236294
0.8236294
0.85066269
0.85066269
0.85066269
0.87214473
0.87357408
0.87357408
0.88268647
0.90719909
0.90719909
0.90719909
0.89161478
0.88984803
0.88984803
0.88984803
0.88984803
0.88955807
0.88955807
0.88955807
0.90086481
0.90492529
0.90492529
0.90492529
0.90492529
0.91422414
0.91422414
0.91422414
0.91422414
0.91422414
0.91422414
0.91422414
0.91422414
0.91422414
0.91422414
0.91383168
0.91257322
0.90567409
0.90567409
0.90567409
0.90567409
0.90383286
0.90383286
0.90383286
0.90383286
0.90383286
0.88805051
0.88805051
0.88805051
0.88805051
0.87599161
0.87599161
0.87599161
0.88184426
0.88361824
0.88361824
0.88361824
0.88361824
0.88361824
0.88361824
0.88361824
0.92225082
0.92225082
0.92225082
0.92225082
0.92225082
0.92225082
0.92225082
0.92225082
0.92225082
0.9064965
0.9064965
0.75067893
0.75067893
0.75067893
0.81567135
0.85591213
0.85723736
0.85723736
0.85723736
0.85723736
0.85885166
0.86795085
0.86795085
0.86795085
0.86795085
0.86795085
0.87159023
0.87159023
0.87159023
0.87159023
0.88521511
0.90518535
0.9239081
0.9239081
0.9239081
0.91528855
0.89535642
0.89535642
0.89215023
0.89215023
0.85791167
0.85791167
0.85791167
0.87513557
0.87513557
0.88781585
0.88781585
0.88781585
0.88426167
0.88426167
0.88426167
0.88426167
0.88426167
0.88426167
0.88426167
0.88426167
0.88426167
0.88426167
0.88721652
0.88721652
0.88721652
0.81772258
0.81772258
0.81772258
0.81983309
0.81983309
0.81983309
0.83603393
0.83603393
0.83603393
0.83603393
0.83603393
0.83603393
0.86037106
0.86037106
0.87347867
0.87347867
0.88621388
0.88621388
0.88621388
0.86961
0.86961
0.86961
0.90659066
0.90659066
0.90659066
0.89943185
0.89943185
0.89943185
0.90118926
0.90118926
0.90118926
0.89934329
0.89934329
0.89934329
0.89508689
0.89508689
0.89508689
0.89508689
0.89855065
0.89855065
0.89855065
0.89855065
0.89855065
0.89978134
0.89978134
0.90733436
0.91410158
0.91410158
0.94890335
0.94890335
0.95054033
0.95054033
0.95054033
0.95054033
0.95054033
0.94789536
0.94789536
0.94789536
0.91552545
0.91552545
0.91552545
0.91552545
0.91552545
0.91552545
0.91552545
0.91101882
0.90725875
0.90725875
0.90725875
0.90725875
0.82926496
0.82926496
0.82926496
0.83243565
0.83243565
0.83243565
0.83243565
0.85342759
0.85342759
0.856226
0.88801003
0.88801003
0.88801003
0.88801003
0.88801003
0.88801003
0.8931986999999999
0.8931986999999999
0.91565834
0.92742479
0.92742479
0.92742479
0.90862221
0.90347652
0.90347652
0.90347652
0.90347652
0.89100473
0.89100473
0.87748137
0.87748137
0.87748137
0.87748137
0.87748137
0.87748137
0.87748137
0.87748137
0.87808419
0.87808419
0.87808419
0.87808419
0.87808419
0.87808419
0.87808419
0.87808419
0.88765182
0.88765182
0.88765182
0.89877459
0.89948541
0.89948541
0.89948541
0.89948541
0.89948541
0.89948541
0.89948541
0.89948541
0.89927591
0.89927591
0.89927591
0.89927591
0.89927591
0.90266893
0.91856399
0.91856399
0.91856399
0.91483369
0.91483369
0.91483369
0.91483369
0.91483369
0.90901729
0.90901729
0.90901729
0.91178319
0.91178319
0.91178319
0.93019369
0.93615482
0.9534531999999999
0.95810331
0.95810331
0.95810331
0.97445224
0.97445224
0.97445224
0.95011212
0.92610692
0.92610692
0.92610692
0.92610692
0.92610692
0.94441279
0.94441279
0.94441279
0.93236747
0.93236747
0.93236747
0.93236747
0.9274583000000001
0.91345454
0.9057284
0.9057284
0.89003037
0.89003037
0.89003037
0.89835124
0.93247758
0.93247758
0.93247758
0.92579866
0.92579866
0.92579866
0.92579866
0.92123511
0.92123511
0.92123511
0.90479302
0.88358561
0.87590057
0.83019511
0.83019511
0.83019511
0.83019511
0.83019511
0.83019511
0.83479004
0.84855043
0.88481318
0.88481318
0.88481318
0.87440222
0.87440222
0.87440222
0.87626675
0.87626675
0.89914588
0.89914588
0.89914588
0.89914588
0.89914588
0.89914588
0.89914588
0.89914588
0.89914588
0.89914588
0.89914588
0.89914588
0.89914588
0.89914588
0.86191761
0.83252844
0.83252844
0.83252844
0.83252844
0.83252844
0.83252844
0.83252844
0.83252844
0.83597489
0.83597489
0.84038499
0.88039225
0.88039225
0.88039225
0.87250406
0.87250406
0.86061555
0.86061555
0.86061555
0.84631984
0.84351446
0.83837412
0.82340995
0.82340995
0.82340995
0.82340995
0.82942351
0.82942351
0.82942351
0.71306455
0.71306455
0.71306455
0.77000325
0.79021376
0.79021376
0.79021376
0.81163365
0.81499043
0.81499043
0.85182786
0.85182786
0.85182786
0.82725757
0.82725757
0.82725757
0.82725757
0.83526171
0.83526171
0.83526171
0.83526171
0.82965431
0.82965431
0.82965431
0.82965431
0.81761484
0.8153931
0.8153931
0.8153931
0.8153931
0.8153931
0.8153931
0.8200735999999998
0.8200735999999998
0.8200735999999998
0.8200735999999998
0.85756779
0.85756779
0.85756779
0.85756779
0.85756779
0.85756779
0.84117564
0.84117564
0.84117564
0.84117564
0.84117564
0.83837449
0.83837449
0.83837449
0.83208243
0.79717055
0.77996808
0.77996808
0.77996808
0.77996808
0.77996808
0.77996808
0.77996808
0.79258234
0.82907938
0.86104911
0.86104911
0.86104911
0.84803578
0.84803578
0.84803578
0.84803578
0.84803578
0.84247533
0.84247533
0.84247533
0.84247533
0.83242594
0.83242594
0.83242594
0.83242594
0.83242594
0.8318738000000001
0.8313613999999999
0.81768808
0.81768808
0.81768808
0.81768808
0.81768808
0.81768808
0.81768808
0.81768808
0.81768808
0.81768808
0.81768808
0.81768808
0.81768808
0.81768808
0.81768808
0.81768808
0.81768808
0.81768808
0.7912575
0.7912575
0.7912575
0.80512811
0.81606368
0.81606368
0.81606368
0.81606368
0.81606368
0.80001754
0.80001754
0.80001754
0.80001754
0.83118628
0.83118628
0.84415477
0.84852851
0.84852851
0.84852851
0.84852851
0.84852851
0.83479178
0.81625786
0.81625786
0.81625786
0.81625786
0.80599997
0.80599997
0.80599997
0.80599997
0.80599997
0.80599997
0.81324211
0.81630394
0.81630394
0.81630394
0.82136943
0.82183164
0.82714685
0.82714685
0.83907957
0.83907957
0.83907957
0.83907957
0.83907957
0.83907957
0.81322392
0.81322392
0.81322392
0.8307734
0.83231758
0.83771699
0.83771699
0.87166197
0.87166197
0.87166197
0.84881497
0.84881497
0.84881497
0.84881497
0.84881497
0.84881497
0.84974985
0.86242428
0.86242428
0.86242428
0.83747038
0.83747038
0.83747038
0.84962306
0.84962306
0.84962306
0.84962306
0.84962306
0.84962306
0.84962306
0.8548811
0.86126334
0.86126334
0.86126334
0.86126334
0.86126334
0.76125853
0.76125853
0.76125853
0.76125853
0.83123897
0.83454368
0.83454368
0.8403333000000001
0.8403333000000001
0.8403333000000001
0.8403333000000001
0.8403333000000001
0.83279411
0.80935861
0.80935861
0.80935861
0.84457663
0.84457663
0.84457663
0.84457663
0.84457663
0.84457663
0.84457663
0.84457663
0.84457663
0.85904235
0.86256888
0.86256888
0.86256888
0.86256888
0.86256888
0.86256888
0.86256888
0.86256888
0.86256888
0.86256888
0.86256888
0.84537874
0.84442219
0.84442219
0.83244213
0.83244213
0.83244213
0.83244213
0.83244213
0.85165934
0.85165934
0.85165934
0.85165934
0.85165934
0.85165934
0.85165934
0.85165934
0.85165934
0.85165934
0.85165934
0.85165934
0.85685723
0.85685723
0.85685723
0.85685723
0.85685723
0.86324632
0.86324632
0.86324632
0.85054312
0.85054312
0.85054312
0.85054312
0.82873001
0.67637184
0.67637184
0.67637184
0.68997791
0.68997791
0.68997791
0.68997791
0.68997791
0.68997791
0.71387064
0.72109796
0.72109796
0.72109796
0.72856217
0.72856217
0.72856217
0.75788669
0.75788669
0.75788669
0.75788669
0.77427012
0.77427012
0.77427012
0.77427012
0.77427012
0.77427012
0.77427012
0.77427012
0.77427012
0.77427012
0.77427012
0.77427012
0.77427012
0.77427012
0.77427012
0.77427012
0.77427012
0.77809371
0.77809371
0.77809371
0.77809371
0.77809371
0.77809371
0.81591024
0.81591024
0.84684134
0.84684134
0.84684134
0.81623942
0.80936234
0.80936234
0.80936234
0.80936234
0.80936234
0.79364065
0.79364065
0.79364065
0.79364065
0.79364065
0.79364065
0.79364065
0.82812532
0.82812532
0.82812532
0.82812532
0.82812532
0.82812532
0.80599972
0.80599972
0.80599972
0.80599972
0.80599972
0.80599972
0.80599972
0.80599972
0.80599972
0.80599972
0.80599972
0.80599972
0.80599972
0.80599972
0.80599972
0.80599972
0.80599972
0.80599972
0.80599972
0.81835978
0.81835978
0.81835978
0.81835978
0.81835978
0.81835978
0.81403475
0.81403475
0.81403475
0.82572809
0.82572809
0.84701982
0.84701982
0.84701982
0.84701982
0.83536982
0.82798707
0.82798707
0.8253304
0.8143384
0.8143384
0.8143384
0.8231656999999999
0.8231656999999999
0.8231656999999999
0.8231656999999999
0.8231656999999999
0.80400454
0.77164135
0.77164135
0.77164135
0.77164135
0.77826135
0.77826135
0.77826135
0.77826135
0.77826135
0.77826135
0.76665408
0.64315174
0.64315174
0.64315174
0.66900067
0.66900067
0.66900067
0.66900067
0.66900067
0.71472257
0.71472257
0.73619714
0.74827472
0.75581229
0.75581229
0.75581229
0.74653811
0.74653811
0.73498563
0.73498563
0.73498563
0.73498563
0.73498563
0.73498563
0.77895573
0.77895573
0.77895573
0.77845229
0.77845229
0.72821754
0.69125045
0.69125045
0.69125045
0.69125045
0.69125045
0.69125045
0.71497142
0.71497142
0.72278139
0.72278139
0.72278139
0.71471323
0.70151382
0.70151382
0.70151382
0.74189261
0.74494946
0.7863533
0.80572695
0.80572695
0.80572695
0.81409366
0.81409366
0.84935204
0.84935204
0.84935204
0.83048718
0.8207321
0.8207321
0.80603671
0.80603671
0.80603671
0.80603671
0.80603671
0.80603671
0.80302432
0.80302432
0.80302432
0.77784099
0.77784099
0.77784099
0.77784099
0.77784099
0.77784099
0.77784099
0.77784099
0.77784099
0.78270707
0.78321948
0.78862885
0.80409396
0.80459927
0.81851659
0.81851659
0.81851659
0.78898195
0.78898195
0.76004952
0.76004952
0.76004952
0.76004952
0.76004952
0.76004952
0.77118026
0.77772977
0.77772977
0.81161584
0.81161584
0.83458441
0.83458441
0.83458441
0.81607875
0.81607875
0.80497055
0.80497055
0.7953399
0.7953399
0.7953399
0.78620857
0.78620857
0.78620857
0.78620857
0.80621033
0.80621033
0.80621033
0.80621033
0.80754652
0.80754652
0.81354016
0.81969272
0.81969272
0.81969272
0.81159629
0.81159629
0.81159629
0.80269999
0.75308562
0.75308562
0.75308562
0.78167965
0.78167965
0.78660365
0.83767688
0.8485234
0.8485234
0.8485234
0.8485234
0.8485234
0.8485234
0.84227406
0.84227406
0.84227406
0.85425199
0.85425199
0.85425199
0.85425199
0.85425199
0.82032046
0.82032046
0.79434748
0.79434748
0.79434748
0.79880566
0.8435806
0.8435806
0.8435806
0.8435806
0.8435806
0.8435806
0.8353007
0.8353007
0.82666919
0.79884987
0.79884987
0.72488966
0.72221269
0.72221269
0.72221269
0.76979961
0.76979961
0.79019283
0.79019283
0.79019283
0.78770667
0.78770667
0.78770667
0.78770667
0.78770667
0.78770667
0.78770667
0.78770667
0.78966499
0.79447178
0.79447178
0.79447178
0.77761419
0.75907391
0.75907391
0.75907391
0.75907391
0.75907391
0.72050522
0.72050522
0.72050522
0.74774476
0.74774476
0.74774476
0.75485126
0.75485126
0.75748514
0.75748514
0.77052674
0.77052674
0.77052674
0.78952113
0.78952113
0.78952113
0.8096858
0.81679779
0.81679779
0.81679779
0.78621269
0.77478165
0.77478165
0.77478165
0.77478165
0.77478165
0.77135002
0.77135002
0.74586254
0.74036922
0.74036922
0.74036922
0.74036922
0.74036922
0.74036922
0.77426738
0.77426738
0.78874767
0.78874767
0.79458139
0.79458139
0.79458139
0.78177294
0.78177294
0.78177294
0.78177294
0.78177294
0.77447388
0.77447388
0.77447388
0.77447388
0.77447388
0.76601127
0.76601127
0.73692041
0.73692041
0.73692041
0.73692041
0.71193624
0.68165205
0.68165205
0.68165205
0.69652991
0.69652991
0.69652991
0.69652991
0.69652991
0.69652991
0.69652991
0.71291733
0.71728695
0.7239158
0.7239158
0.7239158
0.72455512
0.72455512
0.76350992
0.76350992
0.76350992
0.75742585
0.75258331
0.75258331
0.75258331
0.77217791
0.77217791
0.77217791
0.78328524
0.78328524
0.78328524
0.77109021
0.77109021
0.77109021
0.77145228
0.77145228
0.77145228
0.72641466
0.72641466
0.72641466
0.72641466
0.75434421
0.75434421
0.75434421
0.78984957
0.81043722
0.81043722
0.8149496999999999
0.8149496999999999
0.8149496999999999
0.8149496999999999
0.8149496999999999
0.8149496999999999
0.8149496999999999
0.8149496999999999
0.8149496999999999
0.80905682
0.78147763
0.78147763
0.78147763
0.78147763
0.78147763
0.78147763
0.78185726
0.78185726
0.78185726
0.79880204
0.83525088
0.83525088
0.83525088
0.83525088
0.83525088
0.82164145
0.81742066
0.80285431
0.80285431
0.80285431
0.80285431
0.80285431
0.81409291
0.83483214
0.83483214
0.83483214
0.83483214
0.81142615
0.8017392
0.8017392
0.8017392
0.8017392
0.82842225
0.82842225
0.82842225
0.82842225
0.82842225
0.82735261
0.82494553
0.82243957
0.82243957
0.82243957
0.77528907
0.77528907
0.77528907
0.77118674
0.77118674
0.77118674
0.77118674
0.77118674
0.77118674
0.77118674
0.79760997
0.79760997
0.79760997
0.79831729
0.79831729
0.79831729
0.79775644
0.79196793
0.79196793
0.79196793
0.79196793
0.80094993
0.80094993
0.80094993
0.80094993
0.78861154
0.75535581
0.68305649
0.68305649
0.68305649
0.68827268
0.68984439
0.70241133
0.70241133
0.70241133
0.72232254
0.72232254
0.72232254
0.72232254
0.72232254
0.72232254
0.72232254
0.72232254
0.72232254
0.72232254
0.72232254
0.72232254
0.75673534
0.75877698
0.75877698
0.75877698
0.74821469
0.73427819
0.72595158
0.72595158
0.72595158
0.72595158
0.72595158
0.70005508
0.70005508
0.70005508
0.71844789
0.71844789
0.71844789
0.77971138
0.78065622
0.78065622
0.78065622
0.77488067
0.77488067
0.76996452
0.76996452
0.76996452
0.7995973000000001
0.7995973000000001
0.8192634
0.8192634
0.8192634
0.79784014
0.79424522
0.79424522
0.79424522
0.75955443
0.75243435
0.75243435
0.75243435
0.75243435
0.75243435
0.80839496
0.80839496
0.82052971
0.82052971
0.82052971
0.82052971
0.82052971
0.78432848
0.78432848
0.76829666
0.76829666
0.76829666
0.76829666
0.7656076
0.7656076
0.7656076
0.7656076
0.75950722
0.75950722
0.75950722
0.79039971
0.80944318
0.80944318
0.80944318
0.80944318
0.81744396
0.81744396
0.81744396
0.80492223
0.78283985
0.78283985
0.78283985
0.79785733
0.79785733
0.79785733
0.78803723
0.78803723
0.78803723
0.78803723
0.77231953
0.77231953
0.77231953
0.77231953
0.77231953
0.77231953
0.77231953
0.80711632
0.81449795
0.81449795
0.81449795
0.81847026
0.81847026
0.82076087
0.82680844
0.82680844
0.82680844
0.82274547
0.82274547
0.82274547
0.80482857
0.80482857
0.77128775
0.77128775
0.77128775
0.76237189
0.72437128
0.72437128
0.72437128
0.73641137
0.7612401
0.7612401
0.7612401
0.7612401
0.7612401
0.7612401
0.76855946
0.76855946
0.80037799
0.80697533
0.80697533
0.80697533
0.80873511
0.83590664
0.83790369
0.83790369
0.83790369
0.83790369
0.83708863
0.83653139
0.81440367
0.81440367
0.81440367
0.81440367
0.81440367
0.81440367
0.81440367
0.81440367
0.81595744
0.81595744
0.81595744
0.81595744
0.81595744
0.81798476
0.81798476
0.82956712
0.82956712
0.82956712
0.82861667
0.82861667
0.82861667
0.82804498
0.82804498
0.82804498
0.80492036
0.80492036
0.80492036
0.80614158
0.80614158
0.80614158
0.80614158
0.80614158
0.8093535
0.8093535
0.8093535
0.81078646
0.8353205
0.8353205
0.8353205
0.8353205
0.84350425
0.84350425
0.84350425
0.82010598
0.82010598
0.82010598
0.80360834
0.80360834
0.78678101
0.78678101
0.78678101
0.82214177
0.85039677
0.8681378000000001
0.8681378000000001
0.8681378000000001
0.87065186
0.87065186
0.87065186
0.87065186
0.84307803
0.84180114
0.82289455
0.82289455
0.82289455
0.82289455
0.82289455
0.82289455
0.82289455
0.82783474
0.83188501
0.83188501
0.83188501
0.83278066
0.83278066
0.83278066
0.83278066
0.80751139
0.80751139
0.80751139
0.80751139
0.80751139
0.80751139
0.79914045
0.79914045
0.79914045
0.79914045
0.79914045
0.81545849
0.83740362
0.83773119
0.83773119
0.83773119
0.83773119
0.83773119
0.82687458
0.8125425000000001
0.7954591
0.7954591
0.7954591
0.7954591
0.70427648
0.70427648
0.70427648
0.70427648
0.70427648
0.72411284
0.72411284
0.72411284
0.72411284
0.74582318
0.80195169
0.82193128
0.84116867
0.84116867
0.84116867
0.83834921
0.8156011
0.8156011
0.79118476
0.79118476
0.79118476
0.7957715999999999
0.80425463
0.80425463
0.80425463
0.80425463
0.80425463
0.80425463
0.78163158
0.78163158
0.78163158
0.78163158
0.79089069
0.79089069
0.80826019
0.80826019
0.80826019
0.80826019
0.80826019
0.80826019
0.81242269
0.81242269
0.81242269
0.81242269
0.81242269
0.83488781
0.83488781
0.83488781
0.82466181
0.82466181
0.82466181
0.82466181
0.80491999
0.80491999
0.80491999
0.80491999
0.80491999
0.80491999
0.80491999
0.81592032
0.81592032
0.81592032
0.81592032
0.81592032
0.79786928
0.78230141
0.7708989
0.7708989
0.7708989
0.77310345
0.77310358
0.77310358
0.8139939
0.8139939
0.8139939
0.8139939
0.8139939
0.8139939
0.79390034
0.79390034
0.79390034
0.79390034
0.79390034
0.79390034
0.79390034
0.79390034
0.78092413
0.78092413
0.78066045
0.76677689
0.75763236
0.75763236
0.75763236
0.78387474
0.78387474
0.78387474
0.78387474
0.82139982
0.83327911
0.83327911
0.84911215
0.85497526
0.85497526
0.85497526
0.85497526
0.81372985
0.80539614
0.80539614
0.80539614
0.80082836
0.77183216
0.75811001
0.75811001
0.75811001
0.75811001
0.75811001
0.75811001
0.75811001
0.80055859
0.80055859
0.80055859
0.80055859
0.80055859
0.80055859
0.78638357
0.50281024
0.50281024
0.50281024
0.57020537
0.58975912
0.68498989
0.69004853
0.69004853
0.69004853
0.69004853
0.68670135
0.68670135
0.68670135
0.73066297
0.7363826
0.7363826
0.77680336
0.79899261
0.79899261
0.80520384
0.80520384
0.80520384
0.80520384
0.80520384
0.80520384
0.80520384
0.79719646
0.79719646
0.79719646
0.81793705
0.81793705
0.81793705
0.81793705
0.81793705
0.8035234
0.8035234
0.8035234
0.80766721
0.80766721
0.80766721
0.7949589
0.7949589
0.7949589
0.79559075
0.79559075
0.79559075
0.84024674
0.84024674
0.84024674
0.83436943
0.82610622
0.82610622
0.82610622
0.82610622
0.82610622
0.82610622
0.82610622
0.82610622
0.83034531
0.83034531
0.8345869
0.84651066
0.84651066
0.84651066
0.81882859
0.81882859
0.81882859
0.83013931
0.87578685
0.87578685
0.87578685
0.87578685
0.85347143
0.85347143
0.85347143
0.85754076
0.85754076
0.85754076
0.85510803
0.85510803
0.85510803
0.87539128
0.87539128
0.87539128
0.85766618
0.85766618
0.85766618
0.87666705
0.87666705
0.87666705
0.87666705
0.87666705
0.87666705
0.87666705
0.87666705
0.87666705
0.90771436
0.90771436
0.90771436
0.89781119
0.89781119
0.89781119
0.8858609000000001
0.87765125
0.86330299
0.83563636
0.83563636
0.83563636
0.84883515
0.84883515
0.84883515
0.89892119
0.89892119
0.89892119
0.86612045
0.8642685
0.8642685
0.8642685
0.8642685
0.85158025
0.85158025
0.85158025
0.85158025
0.84165442
0.84165442
0.74479078
0.73752037
0.73752037
0.73752037
0.73752037
0.73752037
0.73752037
0.73752037
0.73752037
0.73752037
0.73752037
0.75981486
0.75981486
0.7822694
0.7822694
0.81018774
0.81018774
0.81018774
0.81018774
0.81018774
0.79874811
0.79874811
0.79874811
0.79874811
0.79874811
0.79874811
0.81519805
0.81519805
0.81519805
0.81519805
0.82546466
0.86283891
0.86283891
0.86283891
0.86283891
0.86283891
0.86283891
0.86283891
0.86283891
0.86283891
0.86283891
0.86283891
0.86283891
0.86283891
0.86283891
0.84153435
0.84153435
0.80798581
0.80798581
0.80798581
0.84154792
0.84378
0.84378
0.84378
0.84378
0.84378
0.84961085
0.86484518
0.86484518
0.86484518
0.88212438
0.88212438
0.88406214
0.88406214
0.88406214
0.86831566
0.86831566
0.86831566
0.86831566
0.86831566
0.86831566
0.85029389
0.85029389
0.85029389
0.85029389
0.81810158
0.81810158
0.81810158
0.81810158
0.83293099
0.8460548000000001
0.8460548000000001
0.8460548000000001
0.86428245
0.86428245
0.86428245
0.86428245
0.86428245
0.85039366
0.85039366
0.85039366
0.85039366
0.82254942
0.82254942
0.82254942
0.82254942
0.85101492
0.8593272
0.8593272
0.8593272
0.85455615
0.84935366
0.84935366
0.84935366
0.84935366
0.84139423
0.84139423
0.84139423
0.84139423
0.86902199
0.86902199
0.86902199
0.86902199
0.86902199
0.88158009
0.88158009
0.88158009
0.88158009
0.88293769
0.88840859
0.88840859
0.88840859
0.88840859
0.88840859
0.86601982
0.84242862
0.84242862
0.84242862
0.84242862
0.84242862
0.84242862
0.85794655
0.85794655
0.85794655
0.87871865
0.886493
0.886493
0.886493
0.86661915
0.86661915
0.86661915
0.85593792
0.85593792
0.85593792
0.84292944
0.84292944
0.84292944
0.84581591
0.85435338
0.85435338
0.85435338
0.85435338
0.85435338
0.85435338
0.84085231
0.84085231
0.84085231
0.8666341000000001
0.8666341000000001
0.8666341000000001
0.8666341000000001
0.8666341000000001
0.8666341000000001
0.8666341000000001
0.850611
0.850611
0.850611
0.85379987
0.85379987
0.85379987
0.85379987
0.85379987
0.85379987
0.85379987
0.85379987
0.85379987
0.85379987
0.85379987
0.85379987
0.85379987
0.83681885
0.83681885
0.83681885
0.83681885
0.83681885
0.83681885
0.84726805
0.85333405
0.85333405
0.85333405
0.87303814
0.87303814
0.87303814
0.8486188
0.84028348
0.84028348
0.84028348
0.84028348
0.84028348
0.83659117
0.83659117
0.83659117
0.83659117
0.83659117
0.83659117
0.83659117
0.83659117
0.83445114
0.83445114
0.83445114
0.83445114
0.83926354
0.83926354
0.83926354
0.83926354
0.83926354
0.83926354
0.83926354
0.83926354
0.83926354
0.82494043
0.82494043
0.82494043
0.82494043
0.82494043
0.82494043
0.82494043
0.82681866
0.82681866
0.82681866
0.85001278
0.85001278
0.85001278
0.85001278
0.85870942
0.87285592
0.87285592
0.87285592
0.87285592
0.87285592
0.84666771
0.84666771
0.84666771
0.84727502
0.84727502
0.84727502
0.82175529
0.82175529
0.82175529
0.82175529
0.7129460999999999
0.7129460999999999
0.7129460999999999
0.78334951
0.83116598
0.83116598
0.83116598
0.8310834
0.8310834
0.8310834
0.84815809
0.84815809
0.84815809
0.84815809
0.84815809
0.84815809
0.84815809
0.84815809
0.84815809
0.83740511
0.81068806
0.81068806
0.81068806
0.81068806
0.86109395
0.86109395
0.86109395
0.87601702
0.87601702
0.87601702
0.86153274
0.83607565
0.83607565
0.83607565
0.83370159
0.83370159
0.82595103
0.82595103
0.82595103
0.84487929
0.84487929
0.84487929
0.84487929
0.84487929
0.84487929
0.84487929
0.84487929
0.84505553
0.84505553
0.84505553
0.83112774
0.83112774
0.83112774
0.83112774
0.83267342
0.83940727
0.83940727
0.84618857
0.87536811
0.87536811
0.87536811
0.87536811
0.87536811
0.87536811
0.87536811
0.84588865
0.84588865
0.84588865
0.85461518
0.85461518
0.85461518
0.85461518
0.85461518
0.85461518
0.85461518
0.85461518
0.85461518
0.85461518
0.85461518
0.85959909
0.85959909
0.85959909
0.85959909
0.85726202
0.85726202
0.85726202
0.86625796
0.86625796
0.86625796
0.86498019
0.86481105
0.8354453000000002
0.8354453000000002
0.8354453000000002
0.87606858
0.87606858
0.87606858
0.86798872
0.86798872
0.86798872
0.86798872
0.86798872
0.86386309
0.85864204
0.85864204
0.85864204
0.85864204
0.86050856
0.86050856
0.86050856
0.86050856
0.86050856
0.85825494
0.85825494
0.85825494
0.85825494
0.86078145
0.86078145
0.86078145
0.83975103
0.81920461
0.81920461
0.81920461
0.81920461
0.81920461
0.81920461
0.81945807
0.81945807
0.81945807
0.81945807
0.86454451
0.87379404
0.87379404
0.87379404
0.87205306
0.86971263
0.86971263
0.85440245
0.85440245
0.85440245
0.85683294
0.85683294
0.85683294
0.8567110000000001
0.8567110000000001
0.8567110000000001
0.86186168
0.86186168
0.86186168
0.86186168
0.87907263
0.87907263
0.87907263
0.87907263
0.87907263
0.87907263
0.886769
0.886769
0.886769
0.886769
0.886769
0.90235219
0.90271626
0.90271626
0.90271626
0.8833460999999999
0.8833460999999999
0.8833460999999999
0.8833460999999999
0.88038153
0.88038153
0.88038153
0.90644257
0.90644257
0.90644257
0.90644257
0.90644257
0.90644257
0.90644257
0.90644257
0.90644257
0.90644257
0.89885169
0.88321818
0.86922688
0.86922688
0.86922688
0.86922688
0.86922688
0.86922688
0.89030762
0.89030762
0.89030762
0.88473621
0.88473621
0.88473621
0.88473621
0.8774799999999999
0.87044175
0.85899053
0.85899053
0.85899053
0.87239844
0.87670965
0.88158532
0.88158532
0.88158532
0.87644099
0.87644099
0.87644099
0.87644099
0.87644099
0.87644099
0.88316612
0.88316612
0.88316612
0.88693578
0.88693578
0.88693578
0.89477775
0.90318631
0.90318631
0.90548988
0.91857533
0.91857533
0.91857533
0.91857533
0.91857533
0.90015312
0.89057242
0.87910638
0.87910638
0.87910638
0.87910638
0.87910638
0.87910638
0.87910638
0.87910638
0.87910638
0.87783708
0.86483994
0.86483994
0.86483994
0.86483994
0.86483994
0.86052189
0.86052189
0.86052189
0.86052189
0.83280295
0.79843487
0.79843487
0.79843487
0.79843487
0.79843487
0.81875386
0.81875386
0.84019032
0.84019032
0.84019032
0.83537941
0.83537941
0.83537941
0.85888504
0.85888504
0.85888504
0.85888504
0.85888504
0.85888504
0.85888504
0.86760498
0.86760498
0.86760498
0.86760498
0.86760498
0.84865318
0.83302353
0.83302353
0.83302353
0.83302353
0.83150501
0.83150501
0.83150501
0.86668454
0.86668454
0.86668454
0.86668454
0.86668454
0.86668454
0.86668454
0.86759875
0.86759875
0.86759875
0.86759875
0.86759875
0.86759875
0.86759875
0.86759875
0.85242334
0.85242334
0.85242334
0.86474578
0.86474578
0.86474578
0.86474578
0.86474578
0.86474578
0.86474578
0.86474578
0.85844525
0.85844525
0.85614841
0.85614841
0.85614841
0.85614841
0.85614841
0.86435793
0.86435793
0.86435793
0.86435793
0.86435793
0.86435793
0.88427811
0.88427811
0.88427811
0.87590542
0.87590542
0.85734198
0.8558521000000001
0.8558521000000001
0.8558521000000001
0.85642404
0.87143803
0.90805688
0.9115032
0.9115032
0.9115032
0.90019858
0.90019858
0.89821897
0.86981924
0.86981924
0.86981924
0.8923662
0.8923662
0.8923662
0.88963567
0.87605812
0.87605812
0.87605812
0.89212706
0.91314615
0.91314615
0.91314615
0.90767326
0.89432837
0.89432837
0.89432837
0.86479847
0.86479847
0.82073048
0.82073048
0.82073048
0.80912644
0.80912644
0.80912644
0.83261526
0.83261526
0.83261526
0.83261526
0.83261526
0.83261526
0.83261526
0.80947643
0.80947643
0.80947643
0.80947643
0.8346559000000001
0.84758354
0.85714344
0.85714344
0.85714344
0.90202263
0.90202263
0.90202263
0.90202263
0.90202263
0.90202263
0.90202263
0.8905155
0.87753243
0.87753243
0.87753243
0.87671177
0.87671177
0.87671177
0.87671177
0.87671177
0.87671177
0.8835951999999999
0.8835951999999999
0.8835951999999999
0.8835951999999999
0.8835951999999999
0.86407321
0.84081071
0.83134409
0.83134409
0.83134409
0.83198764
0.83198764
0.83198764
0.84821152
0.85547396
0.85547396
0.85547396
0.85546649
0.85546649
0.84857347
0.84857347
0.84857347
0.84857347
0.84857347
0.84857347
0.85617444
0.85617444
0.85617444
0.85617444
0.85617444
0.85617444
0.85617444
0.85617444
0.85617444
0.85617444
0.85617444
0.87258863
0.87258863
0.87258863
0.87258863
0.87258863
0.87258863
0.87658535
0.87658535
0.87860893
0.87860893
0.87860893
0.87790733
0.87790733
0.87790733
0.87790733
0.86354374
0.86158568
0.86158568
0.8568155000000001
0.85233379
0.85233379
0.85233379
0.85233379
0.84279617
0.84279617
0.84279617
0.84279617
0.84411205
0.84411205
0.84411205
0.84411205
0.84411205
0.84411205
0.84994851
0.85725853
0.85725853
0.85985803
0.86422765
0.86422765
0.86422765
0.86422765
0.86422765
0.86422765
0.85229156
0.85229156
0.85229156
0.85640822
0.85640822
0.89778055
0.89850382
0.89850382
0.89850382
0.84614871
0.84614871
0.84614871
0.85425698
0.86328356
0.86328356
0.86328356
0.86328356
0.87143367
0.87143367
0.87143367
0.87072485
0.87072485
0.8333298000000001
0.8333298000000001
0.8333298000000001
0.84451772
0.85039615
0.85039615
0.85039615
0.85039615
0.85039615
0.83775124
0.83775124
0.83775124
0.83775124
0.83775124
0.83775124
0.86856539
0.87452515
0.87452515
0.87452515
0.87452515
0.86603563
0.85882214
0.85882214
0.85882214
0.84509015
0.84509015
0.84509015
0.85596133
0.87452428
0.87452428
0.87452428
0.86537402
0.86537402
0.86537402
0.86537402
0.86537402
0.86449519
0.86449519
0.84221153
0.84221153
0.84221153
0.87085326
0.87581961
0.87581961
0.87581961
0.87581961
0.87581961
0.87581961
0.87581961
0.87581961
0.87581961
0.87581961
0.87065087
0.85938337
0.85938337
0.85938337
0.85938337
0.85938337
0.85938337
0.875815
0.89245388
0.89245388
0.89245388
0.88343527
0.86347125
0.86347125
0.86347125
0.86347125
0.86347125
0.86425904
0.87962725
0.88990134
0.88990134
0.88990134
0.88990134
0.88990134
0.88793679
0.87698653
0.87586146
0.86898189
0.85492245
0.85492245
0.85407339
0.85407339
0.85407339
0.85407339
0.85407339
0.86600362
0.87407353
0.87407353
0.87407353
0.85678162
0.83726673
0.83726673
0.83726673
0.83726673
0.85634059
0.85634059
0.85634059
0.85099337
0.84304428
0.84304428
0.84304428
0.84304428
0.84304428
0.89831537
0.89831537
0.89831537
0.87141972
0.8591395000000001
0.8591395000000001
0.8591395000000001
0.87205406
0.87205406
0.87205406
0.87205406
0.90054197
0.90054197
0.90054197
0.87163183
0.86124229
0.85350332
0.85350332
0.85350332
0.85350332
0.85350332
0.85354392
0.8631245000000001
0.8665655999999999
0.8665655999999999
0.8665655999999999
0.8665655999999999
0.87827538
0.87827538
0.88512618
0.88512618
0.88512618
0.88512618
0.88512618
0.88512618
0.88512618
0.88512618
0.85822704
0.85634271
0.85634271
0.85634271
0.88645152
0.88645152
0.88645152
0.87601752
0.85899539
0.84111673
0.83536858
0.82658151
0.82658151
0.82658151
0.82658151
0.82658151
0.84740443
0.84740443
0.8607203000000001
0.8607203000000001
0.8607203000000001
0.8607203000000001
0.8607203000000001
0.8607203000000001
0.84624785
0.84402487
0.84402487
0.84402487
0.84595441
0.84595441
0.84595441
0.85069295
0.85069295
0.85069295
0.85069295
0.85302118
0.85302118
0.85885739
0.86528123
0.86528123
0.86528123
0.86252292
0.86252292
0.86252292
0.86252292
0.86252292
0.84024799
0.84024799
0.84024799
0.83605423
0.83605423
0.83010418
0.83010418
0.83010418
0.8316941999999999
0.8316941999999999
0.8316941999999999
0.80562445
0.80562445
0.80562445
0.82193115
0.82193115
0.82193115
0.86298252
0.8746223
0.8746223
0.8746223
0.8746223
0.8746223
0.8746223
0.8746223
0.8746223
0.82921066
0.82603336
0.82603336
0.82603336
0.82603336
0.82603336
0.82603336
0.82603336
0.83878763
0.86142351
0.8670303
0.8670303
0.8670303
0.84585577
0.83426381
0.83426381
0.83426381
0.84281548
0.85744996
0.85744996
0.87262002
0.87262002
0.87262002
0.87262002
0.87262002
0.87262002
0.86945705
0.86153162
0.86153162
0.86153162
0.88157349
0.88157349
0.88157349
0.88157349
0.8749769000000001
0.8686238000000002
0.7875135
0.7875135
0.7875135
0.7875135
0.7875135
0.81099222
0.81099222
0.81193046
0.81193046
0.81193046
0.81703842
0.83594525
0.83594525
0.83594525
0.84785282
0.8639869000000001
0.87880547
0.88135204
0.88135204
0.88135204
0.88135204
0.88135204
0.88135204
0.88135204
0.88135204
0.88135204
0.88135204
0.87650439
0.87650439
0.85130736
0.85130736
0.85130736
0.85188976
0.85188976
0.85188976
0.85188976
0.85188976
0.88323388
0.88323388
0.88323388
0.88323388
0.88669664
0.88669664
0.88669664
0.88669664
0.88669664
0.88669664
0.88669664
0.88669664
0.88669664
0.85897982
0.85897982
0.85897982
0.85955986
0.85955986
0.85955986
0.85955986
0.85955986
0.86970627
0.86970627
0.86970627
0.86970627
0.86970627
0.86970627
0.87221797
0.87221797
0.89124624
0.91827927
0.91827927
0.91827927
0.91821425
0.91630576
0.91630576
0.91341169
0.91341169
0.90985215
0.87314014
0.87314014
0.87314014
0.88732351
0.88732351
0.88732351
0.88732351
0.88746113
0.89189888
0.89189888
0.89189888
0.90018638
0.90018638
0.90018638
0.87304299
0.87304299
0.87304299
0.8578915000000001
0.8578915000000001
0.8578915000000001
0.87067341
0.87067341
0.87067341
0.87067341
0.86819223
0.84918526
0.82735447
0.82735447
0.82735447
0.85399293
0.85998458
0.85998458
0.86175644
0.8773201999999999
0.8773201999999999
0.8773201999999999
0.8773201999999999
0.8773201999999999
0.88873292
0.89849373
0.93702506
0.93702506
0.93702506
0.93702506
0.93702506
0.93702506
0.93702506
0.93702506
0.91270823
0.81236801
0.81236801
0.81236801
0.83338124
0.83338124
0.83338124
0.83338124
0.83470148
0.83536845
0.85686495
0.85686495
0.862676
0.862676
0.87999717
0.91642309
0.91642309
0.91642309
0.9084871999999999
0.9084871999999999
0.89961718
0.8901674999999999
0.87658734
0.83957118
0.83957118
0.83957118
0.84430312
0.84430312
0.84430312
0.84430312
0.84430312
0.83905317
0.83905317
0.83905317
0.87580416
0.90642887
0.90642887
0.90642887
0.90642887
0.90642887
0.90642887
0.90642887
0.90642887
0.90683615
0.90683615
0.90683615
0.90683615
0.90683615
0.90482341
0.90482341
0.90482341
0.9004771999999999
0.9004771999999999
0.9004771999999999
0.9004771999999999
0.87845037
0.87121932
0.87121932
0.87121932
0.87121932
0.87121932
0.87121932
0.87219082
0.87219082
0.87219082
0.87219082
0.87219082
0.87219082
0.87219082
0.87219082
0.87219082
0.87219082
0.87219082
0.84168493
0.84168493
0.84168493
0.84927394
0.84927394
0.84927394
0.84927394
0.8235056000000001
0.8235056000000001
0.80691268
0.80691268
0.80691268
0.83753552
0.83753552
0.83753552
0.8076768
0.76792649
0.76792649
0.76792649
0.78203438
0.81097827
0.81097827
0.81097827
0.81097827
0.81097827
0.81097827
0.81097827
0.81097827
0.81097827
0.81894778
0.81894778
0.81894778
0.75111037
0.75111037
0.75111037
0.75111037
0.75111037
0.75111037
0.75111037
0.74071236
0.74071236
0.74071236
0.74071236
0.74071236
0.74071236
0.74071236
0.67591275
0.66784459
0.66784459
0.66784459
0.70479561
0.70479561
0.70479561
0.59713241
0.59713241
0.59713241
0.62417205
0.66317268
0.66317268
0.66317268
0.66317268
0.66317268
0.69626051
0.70571853
0.70571853
0.70697849
0.70697849
0.70697849
0.70697849
0.70697849
0.70697849
0.73364011
0.73364011
0.73364011
0.73019067
0.67865436
0.67865436
0.67865436
0.67865436
0.67865436
0.67865436
0.69822679
0.69857965
0.72586788
0.72586788
0.72586788
0.72586788
0.72586788
0.75838427
0.75838427
0.75838427
0.75838427
0.66414978
0.66414978
0.66414978
0.66414978
0.66414978
0.66414978
0.66414978
0.66414978
0.67663315
0.68122584
0.68122584
0.73458707
0.73458707
0.73458707
0.70539557
0.70539557
0.70539557
0.71415748
0.71415748
0.71415748
0.72293184
0.72293184
0.72293184
0.72293184
0.72293184
0.72532746
0.72532746
0.72532746
0.72532746
0.72532746
0.69646452
0.69239146
0.69239146
0.69239146
0.69782126
0.69782126
0.69782126
0.69782126
0.69782126
0.69782126
0.69782126
0.56675307
0.56675307
0.56675307
0.56675307
0.56675307
0.61743334
0.61743334
0.64886078
0.67972052
0.67972052
0.67972052
0.67972052
0.68363129
0.68363129
0.68363129
0.68363129
0.68363129
0.68363129
0.66354496
0.66354496
0.66354496
0.66354496
0.65138157
0.65138157
0.65138157
0.69526061
0.69526061
0.69526061
0.72525547
0.72525547
0.72525547
0.72525547
0.72525547
0.72525547
0.7335041
0.7335041
0.7335041
0.69584974
0.69584974
0.69584974
0.6991669
0.6991669
0.6991669
0.6991669
0.6991669
0.67687777
0.67687777
0.67687777
0.67687777
0.67687777
0.69016349
0.69016349
0.69016349
0.69016349
0.68549794
0.6265496
0.6265496
0.6265496
0.63802323
0.63802323
0.63802323
0.63802323
0.67135057
0.67135057
0.68177586
0.71086884
0.71086884
0.71086884
0.71086884
0.71086884
0.71086884
0.71086884
0.71086884
0.71086884
0.71086884
0.68995836
0.66603013
0.66603013
0.66603013
0.66935676
0.66935676
0.68463679
0.68463679
0.68463679
0.68463679
0.68463679
0.68463679
0.66932213
0.66908225
0.63858907
0.63858907
0.63858907
0.63858907
0.63858907
0.63858907
0.63858907
0.63858907
0.63858907
0.63858907
0.64085652
0.64085652
0.64085652
0.64085652
0.64085652
0.64085652
0.63971575
0.63971575
0.63971575
0.63971575
0.63971575
0.64513409
0.6461376
0.6461376
0.6461376
0.63532085
0.63532085
0.63532085
0.64852873
0.64852873
0.64852873
0.54081958
0.54081958
0.54081958
0.54081958
0.54081958
0.62893749
0.65796869
0.65796869
0.65796869
0.65796869
0.65796869
0.67316129
0.67316129
0.68337584
0.68337584
0.68337584
0.68337584
0.68737928
0.68737928
0.68737928
0.70318616
0.70318616
0.70318616
0.70318616
0.71427842
0.7283314999999999
0.73079462
0.7462829000000001
0.7462829000000001
0.7462829000000001
0.73482833
0.73482833
0.73482833
0.76732117
0.77526192
0.77526192
0.77526192
0.77526192
0.77526192
0.77526192
0.77526192
0.77388526
0.77088408
0.77088408
0.77088408
0.77088408
0.77088408
0.75180698
0.75180698
0.75180698
0.74896237
0.74896237
0.74896237
0.6980239
0.6980239
0.6980239
0.6980239
0.6980239
0.6980239
0.69896974
0.69896974
0.70688744
0.70688744
0.70688744
0.69959486
0.69133838
0.69133838
0.67160117
0.67160117
0.67160117
0.67160117
0.67160117
0.67160117
0.72015149
0.73108208
0.73108208
0.73108208
0.71118669
0.71118669
0.71118669
0.71118669
0.71118669
0.71118669
0.71118669
0.71118669
0.71118669
0.71118669
0.71118669
0.71118669
0.71118669
0.71118669
0.71118669
0.71340146
0.72069105
0.72843114
0.72843114
0.72843114
0.72843114
0.72843114
0.72843114
0.73571812
0.73571812
0.73571812
0.71466478
0.71466478
0.71466478
0.71533735
0.71533735
0.71533735
0.71533735
0.72044643
0.72044643
0.74046886
0.74046886
0.79308117
0.79308117
0.79430451
0.79430451
0.79430451
0.77990293
0.42640074
0.42640074
0.42640074
0.65427078
0.65427078
0.68282071
0.73715531
0.73715531
0.73715531
0.73715531
0.73715531
0.73715531
0.73715531
0.74211991
0.75270064
0.75270064
0.75270064
0.75270064
0.75270064
0.75270064
0.75270064
0.7572800000000001
0.76548529
0.76548529
0.76548529
0.74765657
0.74765657
0.70616405
0.70616405
0.70616405
0.70246003
0.70246003
0.700459
0.700459
0.700459
0.72160675
0.72160675
0.73754055
0.73754055
0.73754055
0.73754055
0.73754055
0.73754055
0.73754055
0.73754055
0.70587983
0.70587983
0.70587983
0.68903892
0.68903892
0.68903892
0.68903892
0.68266465
0.68266465
0.68266465
0.68266465
0.68266465
0.68266465
0.68266465
0.68266465
0.68266465
0.68266465
0.68266465
0.68266465
0.62313865
0.62313865
0.62313865
0.62313865
0.60438041
0.60021953
0.60021953
0.60021953
0.61208313
0.61208313
0.61208313
0.61208313
0.61208313
0.61354623
0.61354623
0.62318436
0.64466192
0.64466192
0.64466192
0.64466192
0.62183186
0.62183186
0.59967774
0.59967774
0.59967774
0.59967774
0.6493418000000001
0.6493418000000001
0.6493418000000001
0.6493418000000001
0.6493418000000001
0.62383427
0.61780475
0.61780475
0.61780475
0.61780475
0.60670515
0.60670515
0.60670515
0.60670515
0.60670515
0.60670515
0.60670515
0.61182643
0.61182643
0.61182643
0.61182643
0.61182643
0.5992793000000001
0.59887351
0.59887351
0.59887351
0.59887351
0.58885725
0.58885725
0.58885725
0.56502829
0.56502829
0.56502829
0.64572347
0.64572347
0.69468569
0.69468569
0.69665197
0.69665197
0.69665197
0.69665197
0.69665197
0.67966385
0.67966385
0.67966385
0.67966385
0.67966385
0.67966385
0.67966385
0.64303491
0.61321169
0.61321169
0.61321169
0.61321169
0.61321169
0.61660209
0.63121154
0.63769242
0.63769242
0.63769242
0.62216354
0.62216354
0.62216354
0.62216354
0.62216354
0.62216354
0.62216354
0.62216354
0.62216354
0.62216354
0.62216354
0.6199011999999999
0.6199011999999999
0.59324593
