0.88773764
0.89434809
0.90760805
0.91336316
0.91336316
0.93198327
0.93198327
0.93882629
0.94414483
0.94908439
0.95116265
0.95116265
0.95116265
0.94820162
0.94820162
0.94820162
0.94820162
0.94820162
0.94669136
0.94186612
0.93991354
0.93819485
0.93130161
0.93130161
0.92502952
0.9195503
0.91257244
0.9081007
0.89731535
0.88625903
0.87185243
0.86701811
0.86358076
0.86358076
0.8626506
0.85435367
0.85316446
0.84715151
0.8438487
0.8438487
0.8438487
0.84124183
0.83005874
0.82226451
0.56335968
0.55085747
0.54031943
0.49471392
0.49471392
0.49471392
0.49471392
0.49471392
0.55007865
0.55007865
0.55007865
0.82375697
0.85325813
0.85325813
0.85325813
0.85325813
0.85325813
0.85325813
0.85325813
0.85325813
0.85325813
0.75002122
0.75002122
0.75002122
0.75954875
0.76571462
0.77164144
0.77164144
0.77617456
0.7771698
0.78077081
0.78077081
0.78077081
0.78544729
0.78682968
0.79244036
0.80166332
0.80166332
0.8081888
0.80964198
0.81193091
0.81193091
0.81202334
0.81202334
0.81202334
0.81202334
0.81224451
0.81813204
0.81882409
0.81882409
0.81882409
0.81882409
0.81882409
0.81882409
0.81534633
0.81377248
0.80224704
0.80224704
0.79445978
0.79028519
0.78572701
0.78572701
0.76913273
0.76023329
0.76023329
0.75393608
0.74062788
0.72964434
0.71959268
0.70939382
0.70428677
0.69415248
0.69415248
0.69415248
0.69418248
0.69418248
0.69855777
0.70775159
0.70775159
0.70775159
0.7032063
0.70023563
0.6796038
0.6796038
0.66604669
0.65143353
0.64795686
0.64795686
0.64795686
0.64973283
0.65931412
0.65931412
0.66394424
0.66394424
0.66394424
0.66394424
0.66644306
0.66644306
0.66644306
0.65244761
0.65244761
0.65244761
0.66496705
0.67206369
0.68421618
0.68953308
0.699899
0.70075149
0.70075149
0.7045419
0.7045419
0.7045419
0.68728219
0.67819953
0.66550101
0.65854739
0.65854739
0.65854739
0.65692773
0.65692773
0.65025915
0.64492594
0.64492594
0.64492594
0.86674105
0.86674105
0.86674105
0.86604192
0.86604192
0.86604192
0.86604192
0.86604192
0.85134575
0.85134575
0.83035815
0.82858779
0.82858779
0.82507847
0.80717674
0.79618129
0.78146309
0.76796405
0.74158587
0.72430061
0.72430061
0.72430061
0.72044468
0.7117779
0.70125862
0.70125862
0.70125862
0.70522175
0.70522175
0.70522175
0.72378157
0.73651492
0.73651492
0.73651492
0.74425198
0.77568943
0.79718352
0.81147774
0.81147774
0.81147774
0.81147774
0.81147774
0.81147774
0.81147774
0.81147774
0.79666197
0.79666197
0.79666197
0.79798245
0.80457184
0.8084741
0.8084741
0.8084741
0.8084741
0.8084741
0.80531016
0.80531016
0.80531016
0.80531016
0.80386288
0.80386288
0.79991548
0.79461626
0.79461626
0.79461626
0.80069747
0.80069747
0.80069747
0.80069747
0.80069747
0.80069747
0.80069747
0.80069747
0.80069747
0.80069747
0.79762056
0.79762056
0.79762056
0.79762056
0.79762056
0.79762056
0.81410787
0.83500208
0.83500208
0.83500208
0.83500208
0.82480525
0.81475764
0.81404403
0.78313914
0.77467482
0.76674177
0.76674177
0.76650252
0.75872467
0.7548184
0.7548184
0.75404539
0.75404539
0.75404539
0.75404539
0.75404539
0.75404539
0.75336346
0.74650351
0.74650351
0.74650351
0.74650351
0.74121429
0.7370228
0.7370228
0.7370228
0.7370228
0.73196524
0.73196524
0.72527319
0.72527319
0.72527319
0.73493518
0.73493518
0.74232318
0.74232318
0.74232318
0.74232318
0.73500772
0.72286752
0.67761748
0.47207299
0.47207299
0.47207299
0.4776583
0.47914564
0.47914564
0.47914564
0.6689357
0.6689357
0.6689357
0.65458868
0.61980434
0.61980434
0.58910709
0.574907
0.53105624
0.48407999
0.43746346
0.43746346
0.43746346
0.46039145
0.47542208
0.47542208
0.47542208
0.47542208
0.47608419
0.53337737
0.54081483
0.5668904
0.5668904
0.5668904
0.5668904
0.5668904
0.5668904
0.59528495
0.60705142
0.61121742
0.61271256
0.62244669
0.62586243
0.62865982
0.63900137
0.63977794
0.65605758
0.66015184
0.67008881
0.67008881
0.68415794
0.69451264
0.70351888
0.70351888
0.71063875
0.71490235
0.71661569
0.71988171
0.71988171
0.71988171
0.71988171
0.72058723
0.72058723
0.72058723
0.73072579
0.74132493
0.74342339
0.74342339
0.74691509
0.74691509
0.74691509
0.74644383
0.74644383
0.74644383
0.7449842
0.7449842
0.7449842
0.74589412
0.74638643
0.74638643
0.74638643
0.74355519
0.73286807
0.72755697
0.72572502
0.71780053
0.7166595
0.70260047
0.70192521
0.69525229
0.69525229
0.69497329
0.69418277
0.69418277
0.69418277
0.68932273
0.68932273
0.68932273
0.69654061
0.69654061
0.69654061
0.692964
0.692964
0.692964
0.692964
0.692964
0.69644647
0.69644647
0.69644647
0.69670856
0.69670856
0.69670856
0.69670856
0.6986058
0.69913941
0.70051521
0.70051521
0.70051521
0.70051521
0.70111486
0.70360553
0.70360553
0.70360553
0.70360553
0.70360553
0.70360553
0.70174147
0.69418508
0.69374628
0.69359957
0.69199399
0.68964748
0.68964748
0.68964748
0.69603677
0.70146692
0.7020451
0.7020451
0.7020451
0.6951935
0.69233955
0.69233955
0.69233955
0.69827348
0.69827348
0.69827348
0.70188659
0.70447652
0.70447652
0.70447652
0.69610785
0.69610785
0.69610785
0.69610785
0.68933776
0.68933776
0.68933776
0.69283749
0.69283749
0.69438449
0.69438449
0.69758996
0.69758996
0.70333575
0.70531011
0.70531011
0.70531011
0.70647645
0.70647645
0.71237047
0.7171938
0.72103667
0.72335418
0.72335418
0.73004941
0.73273376
0.73273376
0.73273376
0.72708086
0.72514786
0.72514786
0.72196026
0.71943504
0.71943504
0.71943504
0.71961181
0.72012822
0.72269667
0.72269667
0.72269667
0.72088955
0.71969072
0.71969072
0.71676121
0.71676121
0.71540451
0.71540451
0.71540451
0.71360806
0.71360806
0.71360806
0.71360806
0.71360806
0.71360806
0.72509529
0.72758582
0.72758582
0.72758582
0.74469243
0.74469243
0.74469243
0.75165562
0.75382856
0.75382856
0.75382856
0.75382856
0.75382856
0.75382856
0.75382856
0.75382856
0.75382856
0.75381191
0.75381191
0.75133095
0.74944417
0.74944417
0.74520147
0.74520147
0.74520147
0.74520147
0.74520147
0.74520147
0.74239827
0.74239827
0.74239827
0.74239827
0.74239827
0.74299835
0.74299835
0.74411749
0.74411749
0.74411749
0.74172495
0.74172495
0.74172495
0.74172495
0.74172495
0.74399711
0.74807979
0.75123031
0.75123031
0.75123031
0.74691616
0.74691616
0.74691616
0.75180666
0.75180666
0.75242793
0.75242793
0.75265774
0.75265774
0.75265774
0.75265774
0.75173047
0.75173047
0.75173047
0.75052586
0.75052586
0.75052586
0.75052586
0.75052586
0.75134685
0.75134685
0.75238348
0.75238348
0.75238348
0.75238348
0.7562518
0.7562518
0.7562518
0.7562518
0.7562518
0.7562518
0.7562518
0.7562518
0.7562518
0.7562518
0.7562518
0.7562518
0.75380824
0.75380824
0.75380824
0.75380824
0.75380824
0.75269953
0.75269953
0.75269953
0.75716175
0.75922059
0.75922059
0.75922059
0.76456426
0.76456426
0.76456426
0.76101716
0.76101716
0.76101716
0.76146831
0.76583925
0.76583925
0.76583925
0.76627098
0.76627098
0.76627098
0.76446264
0.76446264
0.76446264
0.76446264
0.76446264
0.76446264
0.76446264
0.76446264
0.76446264
0.76446264
0.7624223
0.7624223
0.7624223
0.7624223
0.76099077
0.76099077
0.7597689
0.75405334
0.75405334
0.7539516
0.7539516
0.74959675
0.74735375
0.74317708
0.74253373
0.74162699
0.74162699
0.74162699
0.73773661
0.73773661
0.73773661
0.73377412
0.73377412
0.73377412
0.72810434
0.72611299
0.72213414
0.72213414
0.72213414
0.72114034
0.72051323
0.7187608
0.7187608
0.7187608
0.7187608
0.72481828
0.72481828
0.7249234
0.72839614
0.72839614
0.72839614
0.73342957
0.74042808
0.74042808
0.74042808
0.73412488
0.72991897
0.72807572
0.72807572
0.72635664
0.72635664
0.72635664
0.72742142
0.72742142
0.72742142
0.72203604
0.71337273
0.71159529
0.71159529
0.71159529
0.71199664
0.71199664
0.71818262
0.71930501
0.7266524
0.7266524
0.7266524
0.7259272
0.72161744
0.71710391
0.7028427
0.68150072
0.65332424
0.65030979
0.62312915
0.6107163
0.6107163
0.6107163
0.6420512
0.6420512
0.6420512
0.6420512
0.6420512
0.65105721
0.89091319
0.89091319
0.89091319
0.89662705
0.89662705
0.89662705
0.89662705
0.88406654
0.86911958
0.85063124
0.84256856
0.8404568
0.82657162
0.80883365
0.80640203
0.80640203
0.80640203
0.80810117
0.80810117
0.80995693
0.80995693
0.80995693
0.66663128
0.66663128
0.66663128
0.68376289
0.70384126
0.71251431
0.72417621
0.72417621
0.72417621
0.72417621
0.71909754
0.71906309
0.71906309
0.71906309
0.72143261
0.73056189
0.73309776
0.73309776
0.73798841
0.73900782
0.74500562
0.74551827
0.75163515
0.75673081
0.75673081
0.75673081
0.75673081
0.75673081
0.76433235
0.76433235
0.95880519
0.95880519
0.95880519
0.94998906
0.94513545
0.93828266
0.92177828
0.90996028
0.90485957
0.90485957
0.88917706
0.88228697
0.87620147
0.86480904
0.86480904
0.86480904
0.86480904
0.87082759
0.88984015
0.90061403
0.90589923
0.91155442
0.91229046
0.91868796
0.92265181
0.93130547
0.93416467
0.93416467
0.93416467
0.93126158
0.93126158
0.93126158
0.93126158
0.93126158
0.93126158
0.75991643
0.75991643
0.75991643
0.75779698
0.75779698
0.75779698
0.75779698
0.75779698
0.75779698
0.76735148
0.78101085
0.78786189
0.78931631
0.79677212
0.80260188
0.80289311
0.80745565
0.80874928
0.80874928
0.80874928
0.81386968
0.81470278
0.81470278
0.81470278
0.81470278
0.81470278
0.81470278
0.81470278
0.81699171
0.81699171
0.81699171
0.81699171
0.81699171
0.81675844
0.81482989
0.81267701
0.8117435
0.81027252
0.81027252
0.80985727
0.80985727
0.80985727
0.80258578
0.7995689
0.7995689
0.7880269
0.7880269
0.7880269
0.78219589
0.78219589
0.78219589
0.78121857
0.78121857
0.77922335
0.77783292
0.77783292
0.77783292
0.77783292
0.77783292
0.77783292
0.77783292
0.78338533
0.7861744
0.7861744
0.7861744
0.79716754
0.79716754
0.79938996
0.80782595
0.80952353
0.80952353
0.81201114
0.81517982
0.81561331
0.81561331
0.81644903
0.81644903
0.81644903
0.82030782
0.82030782
0.82030782
0.82307842
0.82307842
0.82307842
0.82307842
0.82307842
0.82189941
0.82177684
0.81989974
0.81989974
0.81989974
0.81989974
0.81989974
0.81836893
0.8177416
0.8177416
0.81075352
0.805039
0.80440363
0.80093687
0.80093687
0.80093687
0.80423379
0.80423379
0.8072333
0.8072333
0.80914517
0.80914517
0.80914517
0.80914517
0.80914517
0.80914517
0.81692474
0.81692474
0.81813687
0.81813687
0.81813687
0.81813687
0.81813687
0.81813687
0.81813687
0.81392162
0.81392162
0.81392162
0.81392162
0.81083428
0.81075485
0.81075485
0.8081938
0.80753276
0.80662348
0.80662348
0.80662348
0.80662348
0.80662348
0.80662348
0.80662348
0.80662348
0.80662348
0.80666305
0.80808033
0.80808033
0.80808033
0.99384395
0.99384395
0.99384395
0.99066757
0.97587732
0.97587732
0.95918082
0.95918082
0.76250488
0.76250488
0.76250488
0.76250488
0.74043631
0.74043631
0.74043631
0.85258958
0.85258958
0.85258958
0.87288134
0.87288134
0.87288134
0.87288134
0.87288134
0.87945691
0.87945691
0.87945691
0.87489726
0.87489726
0.87489726
0.88026189
0.88026189
0.88205658
0.88205658
0.88608338
0.88608338
0.89299171
0.89299171
0.89299171
0.89680666
0.89704617
0.89704617
0.90659796
0.90992589
0.91691445
0.91691445
0.9182128
0.9182128
0.9182128
0.91616957
0.91616957
0.90986817
0.90986817
0.88231127
0.86487268
0.85973208
0.83707514
0.83707514
0.83707514
0.84861056
0.84995798
0.84995798
0.85695197
0.85695197
0.87785662
0.89380611
0.90275862
0.9035988
0.9035988
0.9035988
0.9035988
0.86677172
0.84924951
0.83416538
0.83416538
0.83416538
0.81800857
0.50234936
0.50234936
0.50234936
0.50234936
0.50234936
0.51997651
0.51997651
0.51997651
0.43845442
0.43845442
0.40030087
0.39944096
0.39944096
0.39944096
0.47322772
0.49874807
0.51563687
0.52282188
0.53079022
0.53527537
0.53527537
0.53527537
0.53017326
0.53017326
0.53017326
0.53113873
0.56475875
0.57630191
0.59394687
0.60574813
0.62706646
0.62921822
0.64073757
0.64073757
0.65337002
0.66112708
0.66314248
0.66314248
0.66314248
0.66314248
0.66737697
0.67171778
0.67171778
0.67313425
0.67313425
0.67313425
0.67313425
0.67313425
0.67313425
0.67313425
0.67313425
0.67313425
0.67313425
0.67313425
0.67313425
0.67195385
0.67195385
0.67195385
0.66715818
0.66715818
0.66715818
0.66715818
0.66715818
0.67535
0.67535
0.67535
0.67535
0.67535
0.67535
0.67858411
0.68202774
0.68640412
0.69107216
0.69732778
0.69732778
0.69732778
0.70298025
0.70298025
0.70298025
0.70298025
0.70298025
0.70298025
0.69865127
0.69865127
0.69865127
0.69865127
0.69865127
0.69354627
0.69354627
0.69354627
0.69354627
0.69354627
0.68974711
0.68974711
0.68974711
0.69807307
0.69807307
0.69939627
0.71538807
0.71709816
0.71709816
0.71709816
0.71764122
0.71764122
0.71764122
0.70524265
0.69946084
0.69946084
0.69946084
0.6990518
0.6990518
0.6990518
0.6990518
0.69242331
0.67479604
0.65167631
0.61783698
0.61783698
0.61783698
0.64542671
0.64542671
0.64542671
0.63780902
0.63326017
0.63326017
0.62646471
0.61906801
0.61906801
0.59542045
0.56711543
0.53494576
0.47755436
0.47755436
0.47755436
0.53234762
0.79908157
0.82086937
0.83786699
0.85674856
0.85674856
0.85674856
0.86854574
0.88202042
0.88202042
0.88202042
0.87787645
0.86615166
0.85461301
0.85051337
0.85051337
0.84369138
0.84369138
0.84369138
0.84541656
0.84541656
0.84541656
0.84065485
0.84065485
0.84065485
0.84065485
0.82750249
0.82750249
0.82750249
0.82177646
0.82177646
0.80017326
0.80017326
0.80017326
0.81279808
0.82580985
0.84918188
0.85443058
0.87791498
0.9058388
0.94164428
0.95761401
0.96258176
0.96258176
0.96258176
0.95305226
0.9463823
0.89630155
0.82401343
0.77373713
0.73821062
0.52404037
0.49699424
0.48843842
0.48215783
0.48215783
0.48215783
0.48692646
0.50386925
0.50386925
0.50386925
0.50386925
0.50386925
0.50386925
0.50993341
0.5253492
0.5253492
0.53201408
0.53201408
0.53914338
0.53914338
0.53914338
0.53840878
0.53840878
0.53840878
0.53840878
0.53711567
0.53711567
0.53711567
0.54580473
0.54580473
0.54580473
0.5434721
0.51662794
0.51662794
0.51121855
0.51121855
0.50802692
0.4903274
0.48321758
0.47228185
0.47228185
0.47228185
0.47228185
0.47228185
0.47228185
0.47187073
0.47187073
0.47187073
0.49830799
0.50744314
0.50744314
0.50744314
0.49914606
0.43664851
0.43664851
0.43664851
0.4567868
0.4567868
0.54311393
0.6236694
0.84920887
0.84920887
0.85677974
0.88908676
0.88908676
0.88908676
0.88240957
0.88240957
0.88240957
0.88240957
0.88257608
0.88415053
0.89266499
0.89306131
0.89549155
0.89549155
0.89549155
0.89549155
0.89549155
0.89549155
0.88686136
0.86683533
0.854171
0.58251389
0.58251389
0.58251389
0.58251389
0.58251389
0.58251389
0.58251389
0.60781763
0.60994471
0.60994471
0.60994471
0.61072988
0.61072988
0.61072988
0.61792426
0.61792426
0.61792426
0.60336677
0.58210104
0.57762717
0.56252034
0.56178881
0.56178881
0.56178881
0.56178881
0.56178881
0.56016817
0.5577797
0.55256719
0.55213185
0.55213185
0.55213185
0.55213185
0.5433662
0.54210563
0.54210563
0.53686982
0.53686982
0.51344979
0.5086851
0.50791073
0.487764
0.47980589
0.47980589
0.47361346
0.45488459
0.45488459
0.45488459
0.45488459
0.45488459
0.45488459
0.44275245
0.44275245
0.44275245
0.44275245
0.43462815
0.43462815
0.42436769
0.42436769
0.42436769
0.42264954
0.42264954
0.42264954
0.42264954
0.42264954
0.42264954
0.42264954
0.47718331
0.47723048
0.47723048
0.491265
0.80290556
0.80322277
0.81246714
0.81246714
0.81246714
0.83121969
0.83264382
0.84132004
0.84132004
0.84132004
0.84542295
0.84542295
0.84542295
0.85487426
0.85487426
0.85487426
0.86647936
0.88288612
0.88288612
0.88870843
0.90053868
0.90617861
0.90617861
0.90617861
0.91022237
0.91022237
0.91913714
0.92622672
0.92622672
0.92622672
0.92170514
0.92059943
0.91837983
0.91837983
0.91134065
0.91134065
0.91134065
0.91134065
0.90209608
0.90162418
0.89874086
0.89874086
0.89874086
0.89874086
0.89874086
0.89874086
0.89874086
0.89891058
0.89891058
0.89891058
0.89891058
0.89891058
0.89395756
0.89186207
0.87469688
0.86263173
0.84832609
0.83050813
0.81335166
0.78852359
0.78349305
0.76227062
0.72784499
0.71565105
0.71023212
0.69360076
0.68938071
0.67293875
0.66973134
0.46164074
0.46053238
0.46053238
0.46053238
0.46105962
0.46483786
0.47250873
0.47250873
0.4931871
0.50010199
0.50294008
0.50294008
0.50294008
0.50294008
0.50294008
0.52235238
0.52235238
0.52684811
0.56787043
0.59391629
0.61008922
0.61021535
0.61095868
0.62249386
0.62249386
0.62781239
0.63696817
0.64183871
0.65371275
0.65442873
0.65442873
0.65442873
0.65054222
0.64730302
0.63295484
0.61655103
0.61397319
0.61358872
0.61358872
0.61358872
0.61696868
0.62175308
0.62264329
0.62264329
0.64037894
0.64844197
0.65486933
0.93646942
0.93646942
0.94073464
0.94073464
0.94073464
0.94073464
0.9399673
0.93867968
0.93867968
0.93736694
0.93736694
0.93736694
0.91249087
0.88890317
0.86590767
0.8552383
0.83414266
0.82634531
0.82634531
0.82634531
0.82634531
0.82634531
0.68089408
0.65820304
0.65820304
0.65820304
0.65820304
0.67585123
0.67585123
0.67585123
0.63396315
0.59159152
0.48102374
0.48102374
0.48102374
0.48102374
0.48102374
0.5601417
0.5601417
0.5601417
0.56746816
0.57833136
0.61635021
0.62358882
0.62358882
0.62358882
0.62102091
0.57523245
0.54121843
0.5105902
0.50256469
0.49314826
0.47646004
0.4471114
0.42335991
0.42335991
0.42335991
0.43459046
0.46232401
0.49799798
0.53758129
0.55522214
0.56317482
0.58007368
0.59273867
0.61166003
0.62936251
0.65052708
0.66463779
0.68614582
0.70201885
0.72043514
0.7270543
0.73677785
0.73677785
0.73677785
0.72481115
0.71200811
0.68605139
0.64288216
0.60356643
0.60162104
0.59031367
0.59031367
0.58043693
0.58043693
0.58043693
0.68877638
0.68877638
0.68877638
0.67492952
0.67492952
0.67492952
0.68314489
0.68788724
0.68788724
0.68788724
0.68788724
0.68788724
0.68788724
0.6028423
0.6028423
0.6028423
0.61832486
0.62396074
0.65165701
0.67251931
0.68923276
0.71927509
0.72183878
0.72183878
0.73624343
0.73624343
0.74154806
0.74747335
0.75026579
0.75026579
0.75529908
0.76010285
0.76636266
0.76636266
0.77062767
0.77076667
0.77076667
0.77278993
0.77633766
0.77633766
0.77664938
0.7806952
0.7806952
0.7806952
0.7806952
0.7806952
0.77990098
0.76163837
0.76163837
0.76163837
0.76163837
0.73541306
0.70875634
0.68393018
0.66524782
0.66161409
0.66161409
0.66161409
0.66161409
0.66161409
0.66008155
0.66008155
0.65737763
0.65131422
0.65131422
0.65131422
0.8089064
0.8089064
0.8089064
0.8018176
0.8018176
0.79978345
0.79834938
0.79834938
0.79834938
0.79834938
0.80298467
0.80298467
0.8082695
0.80933356
0.80933356
0.80933356
0.6862836
0.6862836
0.6862836
0.70281857
0.70281857
0.71354811
0.72018149
0.72807116
0.73644549
0.75763937
0.76514784
0.77457465
0.77789399
0.78053759
0.78053759
0.78751275
0.78935334
0.78935334
0.78935334
0.78935334
0.76741249
0.76630445
0.74706446
0.71230749
0.70928454
0.70928454
0.70928454
0.70928454
0.70928454
0.70928454
0.71248966
0.71248966
0.71248966
0.71534887
0.71534887
0.72653948
0.74117354
0.7501081
0.76753406
0.76753406
0.76753406
0.76753406
0.76753406
0.76753406
0.76753406
0.77963548
0.77963548
0.77963548
0.77963548
0.78178414
0.78546157
0.78908072
0.78908072
0.78932021
0.78932021
0.78932021
0.78932021
0.79155839
0.79155839
0.79155839
0.79337736
0.79337736
0.79337736
0.79337736
0.79215567
0.78591185
0.78110542
0.76714881
0.7670073
0.7670073
0.76213405
0.75523841
0.75168281
0.75155029
0.75050092
0.75050092
0.74804692
0.74804692
0.74804692
0.73989233
0.73989233
0.73989233
0.73989233
0.74558006
0.75127528
0.75580251
0.75580251
0.75580251
0.75580251
0.75580251
0.7468726
0.71592517
0.69898787
0.69898787
0.69898787
0.69898787
0.69898787
0.70185905
0.73034434
0.76078426
0.76439749
0.76439749
0.76439749
0.76439749
0.7559213
0.74360334
0.73692921
0.73581483
0.73581483
0.73581483
0.73248468
0.7242254
0.7242254
0.7242254
0.72790332
0.73359692
0.74295349
0.74483024
0.74483024
0.74483024
0.74110877
0.74110877
0.74110877
0.74110877
0.74110877
0.73884934
0.7249365
0.69559066
0.6951146
0.67904245
0.66689245
0.65846126
0.65846126
0.65846126
0.66053844
0.66053844
0.66053844
0.65554762
0.63880686
0.6198985
0.61359884
0.60179307
0.60179307
0.60179307
0.60179307
0.60941631
0.60941631
0.60941631
0.60941631
0.60941631
0.60696101
0.60696101
0.60696101
0.60374441
0.59761007
0.59677524
0.59677524
0.59677524
0.60031711
0.61548694
0.61954398
0.61954398
0.61954398
0.61954398
0.61954398
0.6211645
0.79977747
0.80865986
0.80865986
0.8383558
0.8383558
0.84667534
0.84667534
0.84667534
0.84667534
0.84667534
0.84667534
0.84667534
0.88878794
0.89526009
0.89599891
0.92655085
0.94828538
0.95299949
0.95299949
0.95299949
0.95299949
0.95299949
0.95299949
0.95299949
0.95299949
0.95299949
0.95299949
0.95299949
0.73352642
0.73352642
0.73352642
0.73352642
0.73352642
0.92996559
0.92996559
0.92996559
0.92996559
0.92996559
0.92661545
0.92404093
0.92328848
0.92328848
0.92328848
0.92328848
0.92423115
0.92452922
0.92452922
0.92452922
0.92452922
0.92723983
0.92873469
0.93385974
0.93385974
0.93840311
0.93840311
0.94194197
0.94669707
0.94779145
0.94779145
0.95187192
0.95332217
0.95332217
0.95332217
0.95535495
0.95535495
0.95535495
0.95914278
0.96168649
0.96168649
0.96168649
0.96168649
0.96168649
0.9636934
0.96992869
0.96992869
0.97584698
0.97673607
0.97673607
0.97673607
0.97490256
0.96919104
0.96790397
0.96790397
0.96059405
0.95911648
0.95595556
0.9545797
0.9545797
0.95180218
0.95180218
0.95180218
0.95180218
0.94898618
0.94898618
0.94491856
0.94491856
0.93498698
0.91055201
0.88043198
0.77136085
0.77136085
0.77136085
0.7401348
0.72600269
0.69987519
0.67059756
0.6586993
0.6586993
0.6586993
0.71257432
0.71257432
0.71257432
0.64355392
0.64355392
0.64355392
0.6720105
0.70505712
0.70512949
0.71623558
0.71623558
0.71623558
0.71323778
0.71323778
0.71323778
0.71323778
0.71323778
0.71323778
0.71323778
0.71118238
0.71118238
0.71118238
0.71118238
0.70715951
0.70322873
0.70322873
0.69500324
0.69500324
0.69500324
0.7172582
0.71735826
0.72042161
0.73011704
0.73011704
0.73011704
0.72865606
0.72863256
0.72863256
0.72863256
0.73590518
0.7376721
0.74748002
0.74748002
0.74748002
0.74668294
0.73893362
0.73893362
0.73893362
0.72999409
0.72999409
0.72999409
0.7336479
0.7336479
0.7336479
0.7336479
0.72549215
0.72549215
0.72549215
0.73529597
0.73765852
0.73960096
0.73960096
0.73960096
0.73960096
0.73960096
0.74041053
0.74041053
0.74670866
0.74670866
0.74670866
0.74670866
0.74670866
0.74670866
0.73763386
0.73763386
0.73763386
0.73987629
0.74469838
0.7488845
0.7488845
0.7488845
0.75137731
0.75137731
0.75137731
0.74748736
0.74748736
0.74651527
0.74569331
0.74569331
0.74144531
0.73084094
0.73084094
0.73084094
0.73084094
0.73084094
0.75510506
0.75510506
0.75510506
0.75510506
0.75205581
0.75205581
0.74732152
0.74732152
0.74732152
0.75148324
0.75148324
0.75907862
0.75916949
0.76058648
0.76058648
0.76058648
0.759381
0.75893165
0.75491782
0.74733308
0.74727146
0.74639588
0.73825152
0.73825152
0.73825152
0.73825152
0.73794188
0.73794188
0.73794188
0.73794188
0.73155898
0.72922311
0.72922311
0.72922311
0.72919452
0.72919452
0.72919452
0.72919452
0.71989766
0.71989766
0.71989766
0.7203356
0.72232943
0.72232943
0.72232943
0.72232943
0.7330375
0.7330375
0.73580706
0.73580706
0.74101966
0.74101966
0.74101966
0.73811859
0.72884269
0.71599295
0.70800634
0.70800634
0.70800634
0.70857942
0.71174249
0.71394648
0.71782726
0.71782726
0.71782726
0.71839755
0.71839755
0.71839755
0.72505549
0.72904634
0.72904634
0.7344692
0.73741128
0.73741128
0.73741128
0.73741128
0.73741128
0.74515048
0.94140638
0.94140638
0.94140638
0.94140638
0.93718055
0.93697949
0.93697949
0.93697949
0.93697949
0.93697949
0.93697949
0.93453166
0.92811354
0.91954166
0.91221265
0.91049068
0.91049068
0.90792075
0.90395693
0.90395693
0.90070571
0.89650716
0.89313371
0.89313371
0.89313371
0.88643062
0.87964655
0.87400205
0.87267402
0.87267402
0.863936
0.863936
0.863936
0.87263674
0.87511123
0.87790709
0.87790709
0.87790709
0.8903428
0.89777704
0.91152771
0.91363193
0.91363193
0.91363193
0.90749681
0.8933158
0.89127913
0.88760203
0.88760203
0.88760203
0.88260102
0.87559902
0.86035702
0.85302312
0.84166919
0.84166919
0.84166919
0.85427361
0.8554929
0.85763151
0.85763151
0.85763151
0.85975416
0.86195676
0.87182234
0.87182234
0.87182234
0.8709698
0.8709698
0.8709698
0.87571865
0.8915633
0.89437067
0.89446148
0.89446148
0.89446148
0.89446148
0.89327065
0.89327065
0.89327065
0.89327065
0.89327065
0.89327065
0.88525173
0.88525173
0.88525173
0.88581901
0.88899023
0.88899023
0.88899023
0.88899023
0.88899023
0.88899023
0.88551813
0.87909063
0.87512762
0.87512762
0.87512762
0.89412693
0.89505991
0.90347292
0.90430342
0.91510568
0.91964227
0.91964227
0.92022311
0.92022311
0.92022311
0.91901497
0.91901497
0.91446996
0.90480445
0.89031109
0.8769939
0.8769939
0.86245568
0.86245568
0.86245568
0.87296363
0.90600406
0.90600406
0.90600406
0.90600406
0.91498932
0.91498932
0.91498932
0.91498932
0.91498932
0.91498932
0.88982555
0.87227239
0.8647069
0.8647069
0.8647069
0.8682818
0.8682818
0.8682818
0.85391475
0.85391475
0.85391475
0.86352711
0.87614783
0.88534506
0.92424569
0.93430248
0.93682632
0.93938675
0.9401387
0.94354046
0.9484279
0.9484279
0.9484279
0.95191428
0.95331909
0.96088217
0.97101361
0.97822187
0.97897769
0.97897769
0.97897769
0.97898812
0.98128801
0.98552173
0.98552173
0.98552173
0.98541019
0.98298098
0.97818227
0.97392679
0.97392679
0.97392679
0.97658013
0.97658013
0.97658013
0.9638593
0.96255826
0.96255826
0.960886
0.95758328
0.94745774
0.93517416
0.91880143
0.89555577
0.87253624
0.83169401
0.7923699
0.76663379
0.76484555
0.73927494
0.72936759
0.68417155
0.64851105
0.64851105
0.64851105
0.7314342
0.78731288
0.8168465
0.8168465
0.8168465
0.68483981
0.68483981
0.68483981
0.6713551
0.65137942
0.64755222
0.64755222
0.64755222
0.64755222
0.64292927
0.64263394
0.63269298
0.63269298
0.63269298
0.62917053
0.62917053
0.62917053
0.63948417
0.63948417
0.63948417
0.63344891
0.63344891
0.63344891
0.6611998
0.66482104
0.66482104
0.66482104
0.66482104
0.83666978
0.83666978
0.83666978
0.64147586
0.62506159
0.60785677
0.60785677
0.60785677
0.63899502
0.67713232
0.69659839
0.95587213
0.95587213
0.95587213
0.95557702
0.95404591
0.95146827
0.94113758
0.69205104
0.68539376
0.68539376
0.68539376
0.68539376
0.68296341
0.67707966
0.67536387
0.67536387
0.67536387
0.67717544
0.67717544
0.67717544
0.67717544
0.67717544
0.67717544
0.67717544
0.6790869
0.6790869
0.6790869
0.68234255
0.68234255
0.68234255
0.68234255
0.67878519
0.67878519
0.67878519
0.67878519
0.68126493
0.69315429
0.69444015
0.69444015
0.69977729
0.70043492
0.70043492
0.70043492
0.70043492
0.70688309
0.72769334
0.72769334
0.72769334
0.71373598
0.71373598
0.71373598
0.71879591
0.72854135
0.7367086
0.74314448
0.74349629
0.96781498
0.96781498
0.96781498
0.96781498
0.72492696
0.72492696
0.72492696
0.72492696
0.7231455
0.72130763
0.72130763
0.70565006
0.70153505
0.70153505
0.70153505
0.70153505
0.70153505
0.69403956
0.68293959
0.67720984
0.67720984
0.67720984
0.69172719
0.69172719
0.69172719
0.69172719
0.69172719
0.69263994
0.69263994
0.69263994
0.68436618
0.67216548
0.67216548
0.67216548
0.68436471
0.69928213
0.87780659
0.87780659
0.87780659
0.87780659
0.87780659
0.87780659
0.89828998
0.89828998
0.89828998
0.70153898
0.69794777
0.69794777
0.69794777
0.93636813
0.93808777
0.94112126
0.94112126
0.94112126
0.94112126
0.94284666
0.94284666
0.94718293
0.94718293
0.94718293
0.94621526
0.94311478
0.94085553
0.93987601
0.93987601
0.93987601
0.9489932
0.9489932
0.9489932
0.93916671
0.92635458
0.92331744
0.9221222
0.9221222
0.9221222
0.9221222
0.91425863
0.89266734
0.89266734
0.89266734
0.92905499
0.94174344
0.94174344
0.94184805
0.94780179
0.94780179
0.94780179
0.94012715
0.93934559
0.93306215
0.93306215
0.93306215
0.93306215
0.93289926
0.93289926
0.93154438
0.93154438
0.93154438
0.93265759
0.93265759
0.93265759
0.93593169
0.93593169
0.93642074
0.93642074
0.93642074
0.93629219
0.93629219
0.93629219
0.93629219
0.93629219
0.93629219
0.93629219
0.9386978
0.9386978
0.94010536
0.94114027
0.9412328
0.95718997
0.95718997
0.95873149
0.95873149
0.96121195
0.9623792
0.9623792
0.9623792
0.96542702
0.96660424
0.9717854
0.9717854
0.9717854
0.9717854
0.97167521
0.96612589
0.9649813
0.9649813
0.9649813
0.96260569
0.96260569
0.95787165
0.95787165
0.95787165
0.95265538
0.95265538
0.95122987
0.94334735
0.94334735
0.94334735
0.94416297
0.94416297
0.94908998
0.94908998
0.94908998
0.94815432
0.9452237
0.9452237
0.93709916
0.93709916
0.93709916
0.93778181
0.93855349
0.93855349
0.93855349
0.93782661
0.93782661
0.93782661
0.93763301
0.93435742
0.93270892
0.93246693
0.92663141
0.92406867
0.92406867
0.92406867
0.92406867
0.92406867
0.92406867
0.92573689
0.92989096
0.92989096
0.93063512
0.93063512
0.93531767
0.9359877
0.9359877
0.9359877
0.9359877
0.9359877
0.9359877
0.93486813
0.93429347
0.93015015
0.93015015
0.93015015
0.92329283
0.92329283
0.91831962
0.91831962
0.91468549
0.91039507
0.90887218
0.90253136
0.89258808
0.87501108
0.86241684
0.84631064
0.84152999
0.81600913
0.75879101
0.75879101
0.75879101
0.76211775
0.76211775
0.76211775
0.66887044
0.66887044
0.66887044
0.74113371
0.74113371
0.74113371
0.69942638
0.69942638
0.69942638
0.66501486
0.59523507
0.45767111
0.34824159
0.29880894
0.26795515
0.26795515
0.26795515
0.26795515
0.26795515
0.39548566
0.46593287
0.54670355
0.64321367
0.66025676
0.70451609
0.74475428
0.76259196
0.78415637
0.81247847
0.81884438
0.83595787
0.83595787
0.84434562
0.84475469
0.84525673
0.84525673
0.85169995
0.85169995
0.85521792
0.85631842
0.85631842
0.85631842
0.85631842
0.85631842
0.85504696
0.8412138
0.83674027
0.83674027
0.83674027
0.80481584
0.77305939
0.72967486
0.70236025
0.67546688
0.65632325
0.65632325
0.64426811
0.64426811
0.64059357
0.64059357
0.64059357
0.65021672
0.66170011
0.71353357
0.77270683
0.8184524
0.85380133
0.88507615
0.88864753
0.90946315
0.91462821
0.91462821
0.91462821
0.90888721
0.90357512
0.90357512
0.85962563
0.85962563
0.84779235
0.79941803
0.5907168
0.5907168
0.5907168
0.5907168
0.5907168
0.5907168
0.5907168
0.6456625
0.6456625
0.7175417
0.7175417
0.7175417
0.7175417
0.7169533
0.7169533
0.71562111
0.71309428
0.70334587
0.70299979
0.70292898
0.69784135
0.69784135
0.69784135
0.70529355
0.70529355
0.71561732
0.72472082
0.7347956
0.7347956
0.7347956
0.7347956
0.7347956
0.7347956
0.73067626
0.72822437
0.71604766
0.71478703
0.68520962
0.67195536
0.66626549
0.66626549
0.66626549
0.66626549
0.66888061
0.66895651
0.67248561
0.67831132
0.68738699
0.68738699
0.68812228
0.69329314
0.69369914
0.69369914
0.69369914
0.69369914
0.69369914
0.68860409
0.68860409
0.68860409
0.68860409
0.68865447
0.68865447
0.69343465
0.69343465
0.70735088
0.71520237
0.72016611
0.72016611
0.72239727
0.72239727
0.72655919
0.72655919
0.72666185
0.73005825
0.73421266
0.73421266
0.73421266
0.73264356
0.73140195
0.73140195
0.73140195
0.73408555
0.73408555
0.73408555
0.73408555
0.7362193
0.73748981
0.73748981
0.73748981
0.73748981
0.73748981
0.73748981
0.73748981
0.73748981
0.73748981
0.73568633
0.73418188
0.72431965
0.72212714
0.72212714
0.72212714
0.72212714
0.72212714
0.72212714
0.72212714
0.72212714
0.72212714
0.72212714
0.71523526
0.71390506
0.71157116
0.70832285
0.70770104
0.70247156
0.69560551
0.68988336
0.68672199
0.68173828
0.68173828
0.68173828
0.68173828
0.68173828
0.68173828
0.68717675
0.68717675
0.68717675
0.6829006
0.66092551
0.66092551
0.66092551
0.67413215
0.69791797
0.71295216
0.72581526
0.73030381
0.73030381
0.73030381
0.73030381
0.73030381
0.72703109
0.72703109
0.72703109
0.72492098
0.70838667
0.70838667
0.70363709
0.70363709
0.70363709
0.71058132
0.72110985
0.72110985
0.72110985
0.72110985
0.72213876
0.72213876
0.72658642
0.72658642
0.72986591
0.72986591
0.72986591
0.7290681
0.7290681
0.72891414
0.72785097
0.72671677
0.72480065
0.72480065
0.71734141
0.71335854
0.71113929
0.71113929
0.71113929
0.71113929
0.71113929
0.71231422
0.71231422
0.71299413
0.72237241
0.72492864
0.72492864
0.72492864
0.72492864
0.72404906
0.72404906
0.72404906
0.71885207
0.69702071
0.67944218
0.65830061
0.65830061
0.65830061
0.68789903
0.68789903
0.69925768
0.7153724
0.7153724
0.7153724
0.68339687
0.68339687
0.68339687
0.68339687
0.68339687
0.68339687
0.68339687
0.90667842
0.90667842
0.90667842
0.90667842
0.90667842
0.90263041
0.90036072
0.90036072
0.90036072
0.90036072
0.8958211
0.89493575
0.89133009
0.89133009
0.89133009
0.89610122
0.89881075
0.89881075
0.89881075
0.89886763
0.89954384
0.91293736
0.91959132
0.92027305
0.92935655
0.94231167
0.95844246
0.95844246
0.96533862
0.96533862
0.96533862
0.96456373
0.95964278
0.93691993
0.91977257
0.88033481
0.81684884
0.74786007
0.74786007
0.74786007
0.77734811
0.77734811
0.8004283
0.81644316
0.82179846
0.82714511
0.82810988
0.83824074
0.85034487
0.86016947
0.87072054
0.88016697
0.89149197
0.9031428
0.90556497
0.91381534
0.91381534
0.91381534
0.91166679
0.90872986
0.90872986
0.89599547
0.89099562
0.88977326
0.88393368
0.87574686
0.85745728
0.84624572
0.83346194
0.8256897
0.82169967
0.82169967
0.82169967
0.83251618
0.83304166
0.83304166
0.83304166
0.80475821
0.80475821
0.80475821
0.80475821
0.80475821
0.80475821
0.80475821
0.80475821
0.62745856
0.62745856
0.62745856
0.63879194
0.65450203
0.66226545
0.93368787
0.93368787
0.93368787
0.93368787
0.93368787
0.93368787
0.93368787
0.93368787
0.93368787
0.93368787
0.93611028
0.93611028
0.93611028
0.93813759
0.93813759
0.93813759
0.93813759
0.93813759
0.93813759
0.93813759
0.95474497
0.95474497
0.95474497
0.94555258
0.92898247
0.91114293
0.88354467
0.88354467
0.86746423
0.85985492
0.85186718
0.83256702
0.83256702
0.82381125
0.81660034
0.81660034
0.80271541
0.80271541
0.80271541
0.80271541
0.7967679
0.78555611
0.78555611
0.78555611
0.77570307
0.77242422
0.77242422
0.75344759
0.75344759
0.7344427
0.70907063
0.70269787
0.70269787
0.70269787
0.70269787
0.70269787
0.70269787
0.70269787
0.70269787
0.70269787
0.70269787
0.70269787
0.70269787
0.57079199
0.57079199
0.57079199
0.57796712
0.8189689
0.8189689
0.8189689
0.8189689
0.82903949
0.83116145
0.83116145
0.83116145
0.83116145
0.83116145
0.82281292
0.82017987
0.82017987
0.80571712
0.79955324
0.79955324
0.77940489
0.76702083
0.75608492
0.74395015
0.71366797
0.71366797
0.71366797
0.71366797
0.71366797
0.71366797
