0.85441207
0.83477887
0.88250546
0.88250546
0.88250546
0.88250546
0.88250546
0.88250546
0.88250546
0.88250546
0.88250546
0.90076998
0.90076998
0.90076998
0.90076998
0.90076998
0.89608851
0.89608851
0.89608851
0.93039291
0.93039291
0.93039291
0.91598265
0.91598265
0.91598265
0.91490957
0.90402811
0.89759773
0.89759773
0.89759773
0.89185049
0.89185049
0.89185049
0.89185049
0.88028575
0.88028575
0.88028575
0.88028575
0.88028575
0.88028575
0.88028575
0.88028575
0.88028575
0.88028575
0.88028575
0.88028575
0.88028575
0.87762902
0.87762902
0.87762902
0.87762902
0.87762902
0.87762902
0.8867284
0.90014418
0.90014418
0.90014418
0.90014418
0.90014418
0.90912233
0.90912233
0.90912233
0.89058799
0.89058799
0.89058799
0.89058799
0.89058799
0.85884701
0.85884701
0.85884701
0.85884701
0.85884701
0.85884701
0.85884701
0.85739658
0.85739658
0.85739658
0.85255923
0.85255923
0.85255923
0.8611033
0.8611033
0.8611033
0.87559304
0.87559304
0.87559304
0.87559304
0.87559304
0.88502937
0.88502937
0.88502937
0.88502937
0.88502937
0.88502937
0.87944836
0.87944836
0.87944836
0.88076347
0.88076347
0.88076347
0.86814055
0.86814055
0.86814055
0.86814055
0.86814055
0.86814055
0.86814055
0.86814055
0.86710905
0.86527331
0.84253013
0.84253013
0.84253013
0.86535699
0.86535699
0.86535699
0.85357284
0.83701881
0.83701881
0.83701881
0.84002233
0.84002233
0.86317742
0.86317742
0.86317742
0.83943292
0.83943292
0.83943292
0.83943292
0.83943292
0.83940761
0.83940761
0.83940761
0.83940761
0.83940761
0.83940761
0.84135852
0.84135852
0.84135852
0.84135852
0.85066842
0.8568197
0.8568197
0.88493347
0.88493347
0.88493347
0.90208444
0.90208444
0.90208444
0.90208444
0.90208444
0.90208444
0.90208444
0.90208444
0.90208444
0.85553129
0.85553129
0.85553129
0.86956654
0.86956654
0.86956654
0.85699016
0.79845546
0.79845546
0.79845546
0.83494211
0.83494211
0.83494211
0.83494211
0.83494211
0.83494211
0.81212552
0.81212552
0.81212552
0.81212552
0.81212552
0.81212552
0.81212552
0.81212552
0.81212552
0.81019096
0.81019096
0.81019096
0.80406088
0.79076559
0.79076559
0.79076559
0.79076559
0.79076559
0.78964085
0.77367674
0.77367674
0.77367674
0.79685521
0.79685521
0.79685521
0.79685521
0.79878282
0.82155407
0.82155407
0.83219763
0.83219763
0.83219763
0.83219763
0.83219763
0.83219763
0.82786394
0.82786394
0.82786394
0.82786394
0.82786394
0.82786394
0.81721555
0.81721555
0.79500205
0.79500205
0.79500205
0.79500205
0.79500205
0.79500205
0.79500205
0.79500205
0.77720545
0.77720545
0.77015103
0.76276528
0.76276528
0.76276528
0.76735738
0.76735738
0.76735738
0.76735738
0.76735738
0.76735738
0.76735738
0.76735738
0.79001078
0.79001078
0.79001078
0.75201356
0.75201356
0.75201356
0.7614757
0.7614757
0.7614757
0.8344228
0.8344228
0.8344228
0.8344228
0.85708137
0.85708137
0.85708137
0.85708137
0.85708137
0.85708137
0.85030211
0.85030211
0.85030211
0.85030211
0.86697445
0.86697445
0.86697445
0.86237563
0.86237563
0.86237563
0.86151929
0.86092091
0.86092091
0.86092091
0.86092091
0.84575454
0.84575454
0.84575454
0.84575454
0.85969187
0.86053433
0.86053433
0.86053433
0.85930551
0.85930551
0.85930551
0.85930551
0.83325524
0.83325524
0.83325524
0.83556497
0.83556497
0.84398953
0.84398953
0.84398953
0.83772035
0.83772035
0.83772035
0.83772035
0.8039027
0.8039027
0.8039027
0.8039027
0.83335442
0.83335442
0.83335442
0.83335442
0.83335442
0.83335442
0.83335442
0.83335442
0.82997539
0.81351058
0.81351058
0.81351058
0.81351058
0.81351058
0.81351058
0.81351058
0.81351058
0.81351058
0.81351058
0.81351058
0.81351058
0.8010276
0.8010276
0.8010276
0.81209657
0.81209657
0.81209657
0.81209657
0.81209657
0.81209657
0.81209657
0.81209657
0.81209657
0.81209657
0.81209657
0.81171163
0.81171163
0.81171163
0.83026262
0.83026262
0.83026262
0.83026262
0.83293077
0.83293077
0.83293077
0.83293077
0.80785384
0.80785384
0.79871539
0.79871539
0.79871539
0.79871539
0.7704803
0.75869628
0.75869628
0.75869628
0.78460599
0.78460599
0.78460599
0.78460599
0.79939973
0.79939973
0.79939973
0.788175
0.788175
0.788175
0.788175
0.78699923
0.78699923
0.78699923
0.78699923
0.78699923
0.78699923
0.78699923
0.78699923
0.78699923
0.78699923
0.78529142
0.78529142
0.78529142
0.78529142
0.78529142
0.78529142
0.78529142
0.7906759
0.7906759
0.7906759
0.76191345
0.76191345
0.76191345
0.76191345
0.76191345
0.76191345
0.76191345
0.76191345
0.74824081
0.74824081
0.74824081
0.79401627
0.79401627
0.79401627
0.79368831
0.79368831
0.79368831
0.79368831
0.7959613
0.7959613
0.7959613
0.7959613
0.7959613
0.76364598
0.75866025
0.75866025
0.75866025
0.75866025
0.75866025
0.75866025
0.75866025
0.75866025
0.75866025
0.75866025
0.80540788
0.80540788
0.80540788
0.80540788
0.80540788
0.80540788
0.80540788
0.80540788
0.80540788
0.79897565
0.79897565
0.78696585
0.78696585
0.78696585
0.78696585
0.78696585
0.78696585
0.8015935
0.81993029
0.81993029
0.81993029
0.81993029
0.81993029
0.81993029
0.81993029
0.81993029
0.81993029
0.83628193
0.83628193
0.83628193
0.83628193
0.83628193
0.83628193
0.83628193
0.83628193
0.83628193
0.83628193
0.83628193
0.84482833
0.84482833
0.84482833
0.84482833
0.84482833
0.84482833
0.82243328
0.82243328
0.82243328
0.82243328
0.82243328
0.82243328
0.82243328
0.82243328
0.82243328
0.82243328
0.8260235
0.8260235
0.82770151
0.82770151
0.82928848
0.82928848
0.85029941
0.85029941
0.85029941
0.85029941
0.85029941
0.85029941
0.85968009
0.85968009
0.85968009
0.85968009
0.85968009
0.85968009
0.85968009
0.85968009
0.85968009
0.85968009
0.85968009
0.85968009
0.85968009
0.85968009
0.85146819
0.85146819
0.85146819
0.85146819
0.85146819
0.85146819
0.85146819
0.85146819
0.85146819
0.85146819
0.85146819
0.85146819
0.85146819
0.8561154
0.8561154
0.85694426
0.85694426
0.85694426
0.79605339
0.79605339
0.77895751
0.77895751
0.77895751
0.77895751
0.77895751
0.77895751
0.77895751
0.77895751
0.77895751
0.77895751
0.80094332
0.81099644
0.81099644
0.81099644
0.81099644
0.84565574
0.84565574
0.84565574
0.84565574
0.84565574
0.84565574
0.84565574
0.84565574
0.84565574
0.8276741
0.82475989
0.82475989
0.82475989
0.82475989
0.82475989
0.82475989
0.82475989
0.80453957
0.80453957
0.80453957
0.80453957
0.80453957
0.80453957
0.82656376
0.82656376
0.82656376
0.80562925
0.80562925
0.798326
0.798326
0.798326
0.798326
0.798326
0.798326
0.798326
0.798326
0.798326
0.80733843
0.80733843
0.80733843
0.80733843
0.80733843
0.79460316
0.79460316
0.79460316
0.81739672
0.81739672
0.83142262
0.83142262
0.83142262
0.83142262
0.83142262
0.80230037
0.80230037
0.80230037
0.81548154
0.81548154
0.81548154
0.81548154
0.81548154
0.81548154
0.81548154
0.81548154
0.81548154
0.81548154
0.81548154
0.7920379
0.7920379
0.7920379
0.7920379
0.78451277
0.78451277
0.78451277
0.78451277
0.78451277
0.78451277
0.78451277
0.78451277
0.78451277
0.78451277
0.78451277
0.7783233
0.7783233
0.7783233
0.7783233
0.78221632
0.78221632
0.78221632
0.78221632
0.78221632
0.78221632
0.78221632
0.80686677
0.81395955
0.82633891
0.82633891
0.82633891
0.82633891
0.82633891
0.82633891
0.82633891
0.82633891
0.82633891
0.85008537
0.85008537
0.85008537
0.8173442
0.79415244
0.79415244
0.79415244
0.79415244
0.82144442
0.84106852
0.84606421
0.84606421
0.84606421
0.84606421
0.84606421
0.84095763
0.84095763
0.80848462
0.80848462
0.80848462
0.80848462
0.80848462
0.80848462
0.80848462
0.80848462
0.80848462
0.82721537
0.82721537
0.82721537
0.82721537
0.82721537
0.83110039
0.83110039
0.83110039
0.8195321
0.81437436
0.80769179
0.80769179
0.80769179
0.80769179
0.80769179
0.80769179
0.81505774
0.83375325
0.83375325
0.83375325
0.83375325
0.83375325
0.83375325
0.83375325
0.83375325
0.82960159
0.82960159
0.82960159
0.82960159
0.82960159
0.82960159
0.82960159
0.82960159
0.82960159
0.83592742
0.83592742
0.83592742
0.82092169
0.82092169
0.82092169
0.8348602
0.8348602
0.8348602
0.83895614
0.83895614
0.83895614
0.83895614
0.83895614
0.83895614
0.83868403
0.82673053
0.8223307
0.8223307
0.8223307
0.82251254
0.82251254
0.84473535
0.84473535
0.84473535
0.83388354
0.83388354
0.83388354
0.83388354
0.83388354
0.82661575
0.82661575
0.82661575
0.837338
0.83902433
0.83902433
0.83902433
0.84067203
0.84067203
0.84067203
0.84067203
0.84067203
0.84067203
0.84199888
0.84199888
0.84199888
0.84199888
0.84199888
0.84199888
0.84199888
0.84199888
0.84199888
0.82981326
0.82179322
0.8085665
0.8085665
0.8085665
0.8085665
0.8085665
0.8085665
0.82402958
0.84685891
0.84685891
0.84685891
0.80748747
0.80748747
0.80748747
0.80748747
0.80748747
0.80748747
0.80748747
0.8119351
0.8119351
0.8119351
0.84289351
0.84289351
0.84289351
0.84289351
0.79708929
0.79459355
0.78089862
0.78089862
0.78089862
0.78089862
0.78089862
0.81212216
0.81678248
0.81678248
0.84329023
0.84356163
0.8487212
0.8487212
0.8487212
0.84366036
0.84366036
0.84366036
0.84366036
0.84366036
0.84366036
0.84366036
0.84366036
0.84277799
0.84277799
0.83687282
0.83687282
0.80874862
0.80874862
0.80874862
0.82533461
0.8309082
0.8309082
0.8309082
0.8309082
0.82916396
0.82916396
0.82916396
0.82688463
0.82688463
0.82688463
0.82688463
0.82688463
0.82688463
0.83209661
0.83209661
0.83209661
0.83209661
0.84685888
0.84685888
0.84685888
0.84685888
0.84685888
0.84685888
0.8442988
0.8442988
0.8442988
0.8442988
0.8442988
0.8442988
0.82996442
0.82996442
0.82996442
0.81155718
0.8063027
0.8063027
0.8063027
0.82372357
0.82372357
0.82372357
0.82372357
0.82372357
0.82372357
0.82372357
0.82372357
0.78395514
0.78395514
0.78395514
0.78395514
0.78395514
0.79684557
0.79684557
0.79684557
0.79684557
0.82691274
0.82691274
0.82691274
0.81857162
0.80065746
0.80065746
0.80065746
0.81507258
0.81507258
0.81507258
0.81615616
0.81615616
0.81615616
0.81615616
0.81615616
0.81615616
0.79926169
0.79926169
0.79926169
0.79926169
0.79396746
0.79396746
0.79396746
0.79396746
0.81182374
0.81182374
0.81182374
0.81182374
0.82418972
0.82418972
0.82418972
0.82418972
0.82418972
0.82418972
0.82418972
0.81046678
0.81046678
0.81046678
0.81046678
0.81046678
0.8211108
0.8211108
0.8211108
0.80656563
0.78398679
0.78398679
0.78398679
0.80562319
0.80562319
0.80562319
0.80562319
0.80562319
0.80562319
0.80562319
0.80562319
0.80562319
0.82051113
0.82051113
0.82051113
0.82051113
0.82051113
0.80677262
0.80677262
0.80677262
0.80677262
0.80677262
0.82632932
0.82632932
0.82632932
0.81684774
0.80880715
0.80564671
0.80564671
0.80564671
0.80564671
0.80564671
0.79764844
0.78113485
0.78113485
0.78113485
0.78113485
0.78113485
0.78113485
0.82199143
0.82199143
0.82199143
0.82199143
0.82199143
0.82199143
0.82199143
0.82199143
0.81586304
0.81586304
0.77735355
0.77735355
0.77735355
0.81533499
0.82672518
0.82672518
0.82672518
0.82672518
0.81967096
0.80965138
0.79609376
0.79609376
0.79609376
0.79609376
0.79609376
0.76061051
0.76061051
0.76061051
0.79079395
0.79079395
0.79079395
0.79079395
0.79079395
0.79079395
0.79079395
0.79298772
0.79298772
0.79982759
0.79982759
0.79982759
0.79982759
0.79982759
0.79982759
0.79982759
0.79982759
0.79982759
0.79982759
0.79982759
0.79408664
0.79408664
0.79408664
0.79408664
0.79408664
0.79408664
0.78841975
0.73279561
0.73279561
0.73279561
0.77523205
0.77523205
0.77523205
0.77523205
0.77523205
0.77850104
0.77850104
0.80004977
0.80004977
0.80004977
0.77622362
0.77622362
0.77622362
0.77622362
0.77622362
0.77622362
0.77622362
0.70895414
0.70895414
0.70895414
0.70895414
0.75513267
0.7551852
0.77926139
0.77926139
0.77926139
0.77926139
0.77926139
0.74503883
0.74503883
0.74503883
0.74503883
0.74503883
0.74503883
0.74503883
0.74397039
0.74397039
0.74397039
0.74576227
0.74576227
0.74576227
0.74576227
0.74576227
0.74576227
0.74576227
0.74576227
0.74576227
0.74576227
0.68596718
0.68596718
0.68596718
0.68596718
0.68596718
0.68596718
0.67986661
0.67986661
0.67986661
0.67986661
0.67986661
0.67986661
0.67986661
0.67986661
0.68012408
0.76632162
0.7692271
0.7692271
0.7692271
0.74186066
0.74186066
0.74186066
0.76085805
0.76085805
0.76085805
0.79845228
0.79845228
0.79845228
0.7103166
0.7103166
0.7103166
0.70693221
0.70693221
0.70693221
0.70693221
0.70693221
0.70693221
0.78829358
0.78829358
0.78829358
0.78829358
0.78829358
0.78829358
0.78829358
0.78505946
0.78505946
0.78505946
0.78505946
0.7670754
0.7670754
0.7670754
0.7670754
0.7670754
0.7670754
0.73022199
0.69783231
0.69783231
0.68085341
0.68085341
0.68085341
0.68085341
0.72520285
0.76972673
0.79292845
0.79292845
0.79292845
0.7015501
0.7015501
0.7015501
0.7015501
0.7015501
0.7015501
0.75844507
0.75844507
0.75844507
0.75844507
0.75844507
0.75844507
0.75844507
0.75844507
0.75844507
0.75844507
0.74867538
0.74802248
0.74802248
0.73091851
0.70883839
0.70883839
0.70883839
0.70883839
0.74986055
0.74986055
0.74986055
0.74953986
0.74953986
0.74953986
0.76137531
0.76137531
0.7670216
0.76844185
0.77149434
0.77149434
0.77667194
0.77667194
0.77667194
0.77667194
0.78382653
0.78382653
0.78382653
0.78382653
0.78382653
0.75628136
0.75628136
0.75628136
0.75628136
0.75628136
0.75628136
0.75628136
0.76893576
0.78767021
0.7893719
0.7893719
0.7893719
0.7893719
0.7893719
0.7893719
0.7893719
0.7893719
0.77157491
0.76120866
0.72077419
0.72077419
0.72077419
0.72288354
0.73959815
0.73959815
0.73959815
0.7952461
0.7952461
0.7952461
0.79837354
0.79837354
0.79837354
0.79201551
0.77953931
0.77953931
0.77953931
0.77953931
0.75221476
0.75221476
0.74015222
0.74015222
0.74015222
0.74015222
0.74015222
0.74015222
0.76511423
0.76511423
0.76511423
0.75709957
0.75709957
0.75709957
0.75709957
0.75709957
0.75709957
0.75709957
0.75709957
0.76115444
0.76115444
0.79434717
0.79434717
0.79434717
0.79434717
0.79434717
0.79434717
0.8283019
0.8283019
0.8283019
0.8283019
0.8283019
0.82950896
0.87249118
0.87249118
0.87249118
0.86579394
0.86579394
0.84938622
0.84938622
0.84938622
0.84938622
0.84938622
0.87236662
0.87236662
0.89605898
0.89605898
0.89605898
0.88669689
0.88669689
0.88669689
0.88669689
0.88669689
0.88669689
0.89149467
0.89149467
0.89149467
0.88588253
0.88588253
0.88588253
0.88588253
0.88588253
0.88588253
0.88588253
0.88588253
0.88604449
0.90307211
0.90503674
0.91614944
0.92390618
0.92390618
0.92440942
0.92440942
0.92440942
0.92440942
0.92171456
0.91699577
0.91383893
0.91383893
0.91383893
0.9089775
0.9089775
0.9089775
0.90920781
0.90920781
0.90920781
0.90920781
0.90920781
0.90920781
0.90920781
0.90920781
0.90920781
0.90920781
0.90920781
0.90494361
0.89554311
0.89554311
0.8861844
0.8861844
0.8861844
0.89314069
0.89314069
0.89314069
0.90907489
0.91707353
0.91707353
0.91707353
0.91707353
0.91707353
0.91707353
0.91707353
0.91707353
0.91707353
0.91707353
0.9137902
0.9137902
0.9137902
0.9137902
0.9137902
0.9137902
0.91538098
0.91538098
0.91538098
0.9124594
0.89788658
0.89788658
0.89788658
0.90296342
0.91228375
0.91228375
0.91228375
0.91228375
0.91490295
0.91490295
0.91490295
0.91490295
0.91490295
0.91490295
0.91308049
0.91308049
0.90907137
0.90907137
0.90149431
0.89428327
0.89428327
0.89428327
0.90868728
0.91680575
0.91680575
0.93123551
0.93123551
0.93123551
0.93123551
0.93136527
0.93136527
0.93136527
0.93136527
0.93136527
0.93136527
0.93136527
0.93136527
0.92464219
0.92464219
0.92464219
0.92464219
0.92464219
0.920154
0.920154
0.920154
0.920154
0.920154
0.920154
0.92622336
0.92622336
0.92622336
0.90998262
0.90998262
0.90998262
0.88983513
0.88983513
0.88983513
0.89102174
0.89134151
0.90462965
0.90462965
0.91865894
0.91865894
0.93524044
0.93524044
0.93524044
0.93524044
0.93524044
0.93524044
0.91473061
0.91473061
0.91473061
0.91521534
0.91521534
0.91521534
0.93759705
0.93759705
0.93759705
0.9315173
0.9315173
0.9315173
0.9315173
0.9315173
0.9315173
0.9315173
0.9315173
0.9313794
0.93026893
0.90629701
0.90149122
0.89428357
0.89428357
0.89428357
0.89428357
0.88668402
0.86254098
0.86254098
0.86254098
0.86254098
0.88421959
0.88421959
0.88421959
0.88382573
0.87445824
0.86766986
0.86766986
0.86766986
0.86766986
0.86766986
0.86865829
0.86865829
0.88265348
0.88265348
0.90271478
0.91491047
0.91491047
0.91491047
0.91491047
0.9163817
0.93040988
0.93040988
0.93583696
0.93923973
0.94214235
0.94214235
0.94214235
0.94214235
0.94214235
0.93807748
0.93807748
0.93807748
0.93807748
0.93807748
0.94293649
0.94558034
0.94781084
0.94781084
0.94781084
0.94781084
0.94694301
0.93852728
0.92406774
0.91898799
0.91898799
0.91898799
0.9293935
0.9293935
0.93344027
0.93344027
0.93344027
0.93344027
0.93344027
0.9342444
0.9342444
0.9342444
0.9342444
0.9353475
0.93591951
0.93756024
0.93756024
0.93756024
0.93756024
0.93756024
0.93756024
0.93756024
0.93950817
0.93950817
0.94313378
0.94313378
0.94518909
0.94936528
0.95126725
0.95126725
0.95126725
0.94696849
0.94650238
0.94473244
0.94473244
0.94139857
0.94139857
0.94139857
0.94139857
0.94139857
0.94139857
0.94139857
0.94323959
0.94460417
0.94460417
0.94460417
0.94460417
0.94831288
0.94831288
0.95062111
0.95062111
0.95062111
0.94776438
0.94776438
0.94776438
0.94691305
0.94637961
0.94637961
0.94637961
0.95061281
0.95061281
0.95061281
0.95061281
0.95061281
0.95058938
0.9450137
0.9450137
0.94414653
0.94414653
0.94414653
0.94576626
0.94634625
0.94634625
0.94634625
0.94634625
0.94634625
0.94634625
0.94634625
0.94634625
0.94634625
0.94634625
0.94634625
0.94634625
0.94436436
0.94436436
0.94436436
0.94279409
0.94279409
0.94279409
0.94018162
0.94018162
0.94018162
0.94137741
0.94725731
0.94725731
0.94725731
0.94725731
0.94774677
0.94774677
0.94776568
0.94930818
0.94930818
0.94930818
0.94930818
0.94930818
0.94930818
0.94930818
0.94930818
0.94930818
0.94683624
0.94683624
0.94683624
0.94681846
0.94681846
0.94681846
0.94134751
0.94134751
0.93976734
0.93976734
0.93976734
0.93976734
0.93976734
0.94428392
0.9452521
0.9452521
0.9452521
0.9452521
0.94401098
0.94391271
0.94391271
0.94391271
0.94391271
0.94391271
0.94150688
0.94150688
0.94150688
0.93558411
0.93497794
0.93497794
0.93497794
0.9273896
0.9273896
0.9273896
0.92552239
0.92552239
0.92552239
0.92552239
0.92641352
0.92703772
0.92703772
0.92703772
0.92703772
0.92703772
0.9191989
0.9191989
0.9191989
0.9191989
0.9191989
0.9191989
0.9191989
0.9191989
0.9191989
0.9191989
0.9191989
0.93140253
0.93140253
0.93140253
0.92872354
0.9180749
0.9180749
0.91561938
0.91561938
0.91561938
0.91561938
0.90516662
0.90246601
0.90246601
0.90246601
0.91030588
0.92579361
0.9347236
0.93780435
0.93846034
0.94741387
0.94741387
0.94741387
0.94741387
0.94741387
0.95256862
0.95256862
0.95931021
0.96425916
0.96425916
0.96425916
0.96425916
0.96319461
0.96319461
0.96319461
0.96319461
0.96319461
0.96146636
0.96010222
0.96010222
0.96010222
0.96010222
0.96010222
0.9628174
0.96345668
0.96345668
0.96345668
0.96602946
0.96602946
0.96602946
0.96688251
0.96688251
0.96688251
0.97013674
0.97013674
0.97013674
0.97013674
0.97013674
0.96652119
0.96652119
0.96375267
0.95969799
0.95873126
0.95873126
0.95873126
0.95873126
0.95873126
0.95873126
0.95710367
0.95710367
0.95589579
0.95589579
0.95589579
0.95589579
0.95295128
0.95295128
0.95295128
0.95295128
0.95295128
0.95295128
0.95295128
0.95051889
0.95051889
0.95051889
0.95582356
0.95582356
0.95582356
0.95546083
0.95546083
0.95277675
0.95277675
0.95192914
0.94683819
0.94683819
0.94683819
0.94683819
0.94683819
0.94683819
0.94683819
0.94683819
0.94683819
0.94683819
0.94683819
0.94683819
0.94288778
0.93989362
0.93989362
0.93989362
0.93989362
0.93913735
0.93913735
0.93913735
0.93913735
0.92925085
0.92876587
0.92876587
0.92876587
0.93258334
0.93258334
0.93258334
0.93258334
0.93258334
0.93258334
0.93258334
0.93189487
0.92690392
0.92690392
0.92539468
0.92539468
0.92487331
0.92487331
0.92487331
0.92487331
0.92487331
0.92666811
0.92666811
0.92666811
0.92666811
0.92666811
0.92666811
0.92576836
0.92576836
0.91845457
0.91845457
0.91845457
0.91832114
0.91584901
0.91584901
0.91584901
0.91599046
0.91827112
0.91827112
0.91827112
0.91761195
0.91761195
0.915922
0.915922
0.90759249
0.90759249
0.90759249
0.9099715
0.91159781
0.91956256
0.91956256
0.91956256
0.91956256
0.91956256
0.91956256
0.91951627
0.91951627
0.91951627
0.91951627
0.91951627
0.9147003
0.90797301
0.90797301
0.90797301
0.90797301
0.91207961
0.91207961
0.91207961
0.91207961
0.91735196
0.91735196
0.91735196
0.91735196
0.91735196
0.92281019
0.9236846
0.9236846
0.92376513
0.93164513
0.93203654
0.93203654
0.93203654
0.93250157
0.93250157
0.93250157
0.93250157
0.93308155
0.93308155
0.93308155
0.93308155
0.93495609
0.93495609
0.93495609
0.9347561
0.9347561
0.9347561
0.9347561
0.93614863
0.93635548
0.93635548
0.93635548
0.93606304
0.93606304
0.93606304
0.93606304
0.93512723
0.93161763
0.93055723
0.93055723
0.92832392
0.92832392
0.92832392
0.92832392
0.92832392
0.92832392
0.92832392
0.92832392
0.92832392
0.92832392
0.92813136
0.92813136
0.92813136
0.92813136
0.93414656
0.93414656
0.93414656
0.93277152
0.93277152
0.93277152
0.9331473
0.9331473
0.9331473
0.9331473
0.9331473
0.9331473
0.94054949
0.9439518
0.9439518
0.9439518
0.95375085
0.95633538
0.95633538
0.95633538
0.95867539
0.95966058
0.95966058
0.95966058
0.96186934
0.96600137
0.96600137
0.96600137
0.96936327
0.96936327
0.96970633
0.96970633
0.96970633
0.96970633
0.96970633
0.96970633
0.96970633
0.96970633
0.97040101
0.97040101
0.97040101
0.96893747
0.96893747
0.96893747
0.96893747
0.96694175
0.96694175
0.9650425
0.9650425
0.9650425
0.9633416
0.9633416
0.9633416
0.9633416
0.9633416
0.96568601
0.96581221
0.96632876
0.96760563
0.96760563
0.96760563
0.97248507
0.97395036
0.97395036
0.97395036
0.97603265
0.97603265
0.97723426
0.97723426
0.97723426
0.97723426
0.97723426
0.97723426
0.97723426
0.98191975
0.982257
0.982257
0.982257
0.98071768
0.98071768
0.98071768
0.97973678
0.97973678
0.97973678
0.97973678
0.97973678
0.97973678
0.97973678
0.97973678
0.97973678
0.97896668
0.97570497
0.97570497
0.97570497
0.97570497
0.97634051
0.97770938
0.97770938
0.97770938
0.97494989
0.97241207
0.96810599
0.96810599
0.96810599
0.97336
0.97336
0.97336
0.97114158
0.97114158
0.97114158
0.97114158
0.97114158
0.97127315
0.97189476
0.97189476
0.97189476
0.97189476
0.97189476
0.96947413
0.96947413
0.96947413
0.96947413
0.96947413
0.96947413
0.96947413
0.96947413
0.96947413
0.96947413
0.96947413
0.96947413
0.96947413
0.96947413
0.96947413
0.96947413
0.96947413
0.97025603
0.97025603
0.97025603
0.97025603
0.97025603
0.97025603
0.97025603
0.97109373
0.97115751
0.97115751
0.97115751
0.97070421
0.97070421
0.97070421
0.97070421
0.97070421
0.97070421
0.97042567
0.96913157
0.96913157
0.96913157
0.96913157
0.96643479
0.96643479
0.96553505
0.96553505
0.96553505
0.96553505
0.96553505
0.96553505
0.96553505
0.96553505
0.96553505
0.96553505
0.96553505
0.96553505
0.96553505
0.96553505
0.96553505
0.96553505
0.96553505
0.96553505
0.96704842
0.96877844
0.97016549
0.97016549
0.97016549
0.97016549
0.97016549
0.97016549
0.96891746
0.96842715
0.96842715
0.96842715
0.96842715
0.96731772
0.96731772
0.96731772
0.96731772
0.96731772
0.96731772
0.96731772
0.96890756
0.96890756
0.96890756
0.96890756
0.96890756
0.96890756
0.96890756
0.9687146
0.9687146
0.9687146
0.9687146
0.96965098
0.96965098
0.96965098
0.96965098
0.96965098
0.96965098
0.96965098
0.96915366
0.96915366
0.96915366
0.96741482
0.96627512
0.96627512
0.96627512
0.9668135
0.96737007
0.96737007
0.96737007
0.9700846
0.97043908
0.97043908
0.97043908
0.97043908
0.97043908
0.96916048
0.96916048
0.96585308
0.96585308
0.96585308
0.96585308
0.96585308
0.9674959
0.9674959
0.9674959
0.9674959
0.97067913
0.97067913
0.97359549
0.97359549
0.97359549
0.96953498
0.96953498
0.96953498
0.97330859
0.97330859
0.97365908
0.97365908
0.97424585
0.97554213
0.97554213
0.97554213
0.97465231
0.97465231
0.97465231
0.97474905
0.97474905
0.97634893
0.97678117
0.97714648
0.97714648
0.97714648
0.97714648
0.97714648
0.97714648
0.97501822
0.97501822
0.97501822
0.97501822
0.97501822
0.97501822
0.9786205
0.9786205
0.9786205
0.97655168
0.97516451
0.97469002
0.97469002
0.97469002
0.97469002
0.97469002
0.97469002
0.97469002
0.97469002
0.97711489
0.97711489
0.97711489
0.98042608
0.98042608
0.98042608
0.98042608
0.98185896
0.98185896
0.98309175
0.98309175
0.98388344
0.98569815
0.98569815
0.98569815
0.98569815
0.98569286
0.98569286
0.98569286
0.98569286
0.9835616
0.9835616
0.9835616
0.9835616
0.98118719
0.98118719
0.98118719
0.98118719
0.98118719
0.98118719
0.97870146
0.97617026
0.97617026
0.97617026
0.97481643
0.97481643
0.97411311
0.97196827
0.97196827
0.9690624
0.9690624
0.9690624
0.96568891
0.96568891
0.96568891
0.96408462
0.96408462
0.96408462
0.96251745
0.96251745
0.96251745
0.96251745
0.9585854
0.95774613
0.95728036
0.95728036
0.95327979
0.95327979
0.95327979
0.95327979
0.95117294
0.94955077
0.94926708
0.94926708
0.9487078
0.9487078
0.9487078
0.9487078
0.9487078
0.94518187
0.94518187
0.94518187
0.94518187
0.94518187
0.94518187
0.94518187
0.94518187
0.94518187
0.94518187
0.93988447
0.93988447
0.93988447
0.93988447
0.93988447
0.93988447
0.93988447
0.94113893
0.94113893
0.94113893
0.94113893
0.94113893
0.94166622
0.94166622
0.94166622
0.94166622
0.94166622
0.94715872
0.94715872
0.94715872
0.94141021
0.94141021
0.94141021
0.94216893
0.94694836
0.949257
0.949257
0.949257
0.949257
0.949257
0.949257
0.95250168
0.95250168
0.95250168
0.95250168
0.95250168
0.95250168
0.94805563
0.94805563
0.94805563
0.94805563
0.94805563
0.94757265
0.94757265
0.94757265
0.94462919
0.94462919
0.94462919
0.94462919
0.94255289
0.94016204
0.94016204
0.94016204
0.94016204
0.94016204
0.94016204
0.94016204
0.94016204
0.94016204
0.9436558
0.9436558
0.9436558
0.9436558
0.9436558
0.94691371
0.94691371
0.94691371
0.94197787
0.94197787
0.94197787
0.94420949
0.94420949
0.94420949
0.94420949
0.94420949
0.94420949
0.94420949
0.94420949
0.93957125
0.93957125
0.93957125
0.93957125
0.93957125
0.93957125
0.93957125
0.93957125
0.93957125
0.93957125
0.93957125
0.94391893
0.94557105
0.94557105
0.94557105
0.94557105
0.94557105
0.94506615
0.94506615
0.94506615
0.94506615
0.94506615
0.94506615
0.94986924
0.94986924
0.94986924
0.94986924
0.95116759
0.95116759
0.95116759
0.95116759
0.95116759
0.95116759
0.94882822
0.94882822
0.94694903
0.94694903
0.94694903
0.94694903
0.94694903
0.94413565
0.93779453
0.93779453
0.93779453
0.93779453
0.94186977
0.94186977
0.94186977
0.94073924
0.94073924
0.94073924
0.94073924
0.94073924
0.94073924
0.94522056
0.94522056
0.94522056
0.94522056
0.94522056
0.94522056
0.94361081
0.94361081
0.94361081
0.94354317
0.94354317
0.94354317
0.94560468
0.94737544
0.94737544
0.94737544
0.95014016
0.95227726
0.95227726
0.95227726
0.94595612
0.94595612
0.94595612
0.95232464
0.95232464
0.95232464
0.95232464
0.95232464
0.95232464
0.95232464
0.95232464
0.95232464
0.95869443
0.95869443
0.95869443
0.95753456
0.95753456
0.95753456
0.95783679
0.95946916
0.9628893
0.9628893
0.96481727
0.96752396
0.96820081
0.96820081
0.96826846
0.96826846
0.96826846
0.96826846
0.96826846
0.96826846
0.96826846
0.96718053
0.96718053
0.96718053
0.96718053
0.96718053
0.96634352
0.96634352
0.96634352
0.96652238
0.96652238
0.96652238
0.96156263
0.9602836
0.95836129
0.95696064
0.95696064
0.95696064
0.95550288
0.95550288
0.95550288
0.95716655
0.95716655
0.95716655
0.95716655
0.95684961
0.95684961
0.95684961
0.95684961
0.95204583
0.95137309
0.95137309
0.95137309
0.94766971
0.94766971
0.94766971
0.94766971
0.94766971
0.94674895
0.94674895
0.94674895
0.94693759
0.94693759
0.94693759
0.9468592
0.94534232
0.94534232
0.94534232
0.94269601
0.94269601
0.935715
0.935715
0.93343718
0.93343718
0.93343718
0.93398398
0.93576879
0.93576879
0.93576879
0.93182333
0.93182333
0.92359892
0.92359892
0.92359892
0.92359892
0.92359892
0.91924388
0.91924388
0.91924388
0.91924388
0.91924388
0.920046
0.920046
0.92170631
0.92170631
0.92170631
0.92170631
0.92084125
0.92049241
0.92049241
0.92049241
0.92049241
0.92049241
0.92157829
0.92344193
0.92626886
0.92727368
0.92727368
0.92727368
0.92727368
0.92727368
0.92727368
0.92727368
0.92727368
0.92727368
0.92044011
0.91113696
0.91113696
0.91113696
0.91113696
0.91113696
0.91113696
0.9121558
0.91445564
0.91830588
0.91830588
0.92342374
0.92510214
0.92510214
0.92510214
0.92510214
0.92510214
0.92510214
0.92882362
0.92882362
0.92882362
0.92882362
0.92882362
0.92882362
0.92554955
0.92356041
0.92356041
0.92356041
0.92380226
0.92380226
0.92380226
0.922248
0.91847666
0.91847666
0.91847666
0.91847666
0.91847666
0.91847666
0.91847666
0.91847666
0.91847666
0.91847666
0.91847666
0.91847666
0.91847666
0.91847666
0.91847666
0.91847666
0.92199536
0.92199536
0.92199536
0.92082731
0.92082731
0.92082731
0.92248327
0.92248327
0.92531494
0.92531494
0.92531494
0.92416294
0.92416294
0.92416294
0.92416294
0.92512906
0.92512906
0.92512906
0.92512906
0.92132199
0.92125009
0.92125009
0.92125009
0.92122692
0.92122692
0.92083954
0.92083954
0.92083954
0.92083954
0.91950071
0.91950071
0.91950071
0.91950071
0.92105283
0.92105283
0.92105283
0.92105283
0.92105283
0.92105283
0.92105283
0.92105283
0.92105283
0.92105283
0.92640268
0.92640268
0.92640268
0.92640268
0.92640268
0.92587549
0.92587549
0.92231571
0.92231571
0.91876549
0.91876549
0.91876549
0.91876549
0.91876549
0.91876549
0.91876549
0.91872344
0.91872344
0.91872344
0.91872344
0.91872344
0.91659124
0.91659124
0.91659124
0.91659124
0.91659124
0.91659124
0.91659124
0.91659124
0.91659124
0.91659124
0.91659124
0.91659124
0.91384142
0.91384142
0.91384142
0.91621076
0.91621076
0.91621076
0.91516753
0.91516753
0.91516753
0.91516753
0.91402974
0.91402974
0.91402974
0.91402974
0.91402974
0.91402974
0.91402974
0.91402974
0.91402974
0.91402974
0.91896729
0.91896729
0.91993366
0.91993366
0.91993366
0.91993366
0.92291049
0.92291049
0.92766579
0.92766579
0.92766579
0.92766579
0.92766579
0.92766579
0.92766579
0.92766579
0.92766579
0.92766579
0.92766579
0.92644068
0.92644068
0.92644068
0.92686383
0.92686383
0.92789337
0.92789337
0.92793399
0.92793399
0.92793399
0.93375079
0.93375079
0.93375079
0.93375079
0.9357048
0.9357048
0.9357048
0.9357048
0.9357048
0.9357048
0.9357048
0.9357048
0.92989457
0.92989457
0.92989457
0.92989457
0.92586913
0.92492346
0.92398101
0.9202016
0.91958193
0.91958193
0.91958193
0.91958193
0.91958193
0.91958193
0.91958193
0.91958193
0.91969585
0.9201061
0.9201061
0.92108951
0.92679147
0.92679147
0.92679147
0.92031675
0.91763113
0.91763113
0.91763113
0.91855546
0.91855546
0.92169351
0.92169351
0.92169351
0.92169351
0.92169351
0.92169351
0.91749846
0.91749846
0.91630827
0.91630827
0.91630827
0.91767382
0.91873768
0.91873768
0.91873768
0.91873768
0.91873768
0.91873768
0.91784684
0.91784684
0.91784684
0.91121446
0.91121446
0.91121446
0.91121446
0.91121446
0.91103959
0.91103959
0.91103959
0.91103959
0.91671759
0.91702846
0.91702846
0.91702846
0.91223667
0.91223667
0.91223667
0.91126506
0.91126506
0.91126506
0.91126506
0.91126506
0.91126506
0.91141689
0.91269591
0.91324949
0.91324949
0.91324949
0.91324949
0.91324949
0.91324949
0.91232031
0.90637226
0.90637226
0.90637226
0.90729768
0.90729768
0.91265316
0.91265316
0.91265316
0.91265316
0.91265316
0.91372789
0.91372789
0.91372789
0.91240761
0.91240761
0.91240761
0.91240761
0.91240761
0.91240761
0.91288077
0.9142864
0.91618425
0.91618425
0.9173894
0.9173894
0.91770135
0.91770135
0.91770135
0.91770135
0.91974383
0.91974383
0.91974383
0.91974383
0.91974383
0.91974383
0.91974383
0.91974383
0.91947427
0.91947427
0.91947427
0.91947427
0.91281006
0.91138079
0.91126795
0.90650469
0.9052666
0.90434728
0.90434728
0.90434728
0.90434728
0.90434728
0.9069927
0.90735787
0.9118426
0.9118426
0.9118426
0.9118426
0.9118426
0.9118426
0.90884672
0.90884672
0.90884672
0.90906752
0.90906752
0.90906752
0.90906752
0.90906752
0.91210601
0.91210601
0.91210601
0.91210601
0.91210601
0.91335653
0.91511234
0.91511234
0.91511234
0.91511234
0.91511234
0.91511234
0.91511234
0.91457588
0.91457588
0.91457588
0.91457588
0.91457588
0.91457588
0.91345939
0.91247374
0.91098654
0.91098654
0.91098654
0.91098654
0.91098654
0.90867327
0.90867327
0.90867327
0.90867327
0.90978807
0.90978807
0.90978807
0.90978807
0.90978807
0.90951547
0.90951547
0.90907298
0.90488512
0.90395337
0.90395337
0.90331544
0.90331544
0.90331544
0.90331544
0.90331544
0.90128159
0.90128159
0.90098967
0.90098967
0.90098967
0.90098967
0.90098967
0.90098967
0.89263062
0.88977531
0.88977531
0.88815866
0.88815866
0.8858496
0.8858496
0.87965551
0.8791694
0.87560055
0.87560055
0.87560055
0.87106352
0.87106352
0.86272223
0.86272223
0.86272223
0.86272223
0.86272223
0.86272223
0.86416524
0.86416524
0.86428092
0.86428092
0.86428092
0.86428092
0.86428092
0.86428092
0.86317615
0.8620397
0.8620397
0.8620397
0.87139333
0.87139333
0.87279273
0.87393545
0.87776427
0.87776427
0.87776427
0.87746297
0.87472898
0.87412643
0.86879524
0.86879524
0.8672615
0.8672615
0.8609352
0.8609352
0.8609352
0.8609352
0.8609352
0.8617997
0.8617997
0.86331694
0.86331694
0.86331694
0.86508213
0.86508213
0.86508213
0.86149254
0.86149254
0.86149254
0.85870664
0.85251654
0.85251654
0.85251654
0.85251654
0.85251654
0.85251654
0.85251654
0.85371298
0.85371298
0.85371298
0.84923869
0.84923869
0.84923869
0.84923869
0.84923869
0.84529323
0.84529323
0.83697227
0.83697227
0.83697227
0.83697227
0.82770389
0.82770389
0.82770389
0.82770389
0.82770389
0.82770389
0.81752621
0.81574886
0.81574886
0.81299922
0.79993812
0.79993812
0.79993812
0.79993812
0.79614869
0.79614869
0.79614869
0.79614869
0.79614869
0.79795748
0.79934692
0.79934692
0.79934692
0.79043656
0.79043656
0.79043656
0.79433372
0.79433372
0.79861476
0.79861476
0.80461851
0.80553974
0.80632671
0.81222866
0.81222866
0.81222866
0.81222866
0.81222866
0.81222866
0.81222866
0.81222866
0.81222866
0.81222866
0.81222866
0.81222866
0.81114753
0.81071073
0.80227597
0.80227597
0.80227597
0.80227597
0.80227597
0.79837718
0.79837718
0.79837718
0.78953873
0.78953873
0.78953873
0.79263478
0.79263478
0.79263478
0.79263478
0.79263478
0.79263478
0.79263478
0.79087028
0.79087028
0.79087028
0.79087028
0.79999527
0.79999527
0.79999527
0.79999527
0.79999527
0.79139136
0.79139136
0.79139136
0.79139136
0.80181024
0.8037505
0.8037505
0.8037505
0.8037505
0.79520745
0.79520745
0.79480902
0.79480902
0.79480902
0.79480902
0.78689163
0.78689163
0.78689163
0.78689163
0.78689163
0.78689163
0.78689163
0.78689163
0.7947359
0.7947359
0.7947359
0.7947359
0.7947359
0.7947359
0.79764618
0.79764618
0.79764618
0.79764618
0.79764618
0.79241034
0.79241034
0.79241034
0.77507081
0.77266478
0.7591482
0.7591482
0.7591482
0.7591482
0.76062994
0.76062994
0.76062994
0.7130419
0.7130419
0.7130419
0.7130419
0.7130419
0.71057332
0.71057332
0.70194557
0.70194557
0.70194557
0.70194557
0.67591654
0.67050454
0.67050454
0.67050454
0.67050454
0.6432262
0.63879411
0.63879411
0.61438296
0.60066878
0.60066878
0.55533
0.55533
0.55533
0.58230581
0.58904703
0.58904703
0.58904703
0.58904703
0.58904703
0.58904703
0.58904703
0.58904703
0.58904703
0.58904703
0.60351269
0.60505105
0.60505105
0.6119769
0.6119769
0.64731523
0.6496748
0.6496748
0.6496748
0.65896654
0.68254299
0.70538558
0.70903817
0.77221658
0.81304809
0.82354078
0.83798618
0.83798618
0.84325053
0.84521114
0.84521114
0.85200069
0.85200069
0.85200069
0.85200069
0.85421184
0.85421184
0.85421184
0.84886275
0.84886275
0.84886275
0.84886275
0.84886275
0.8498038
0.85481252
0.85481252
0.85481252
0.85481252
0.86236889
0.86236889
0.86236889
0.86236889
0.86236889
0.86091555
0.86065481
0.85690723
0.85690723
0.85690723
0.85346359
0.85346359
0.85346359
0.85431014
0.86142963
0.86162256
0.86162256
0.86162256
0.86162256
0.86162256
0.86162256
0.86122553
0.86122553
0.86122553
0.86122553
0.86122553
0.86122553
0.86122553
0.85876455
0.85876455
0.85863571
0.85863571
0.85863571
0.85863571
0.85863571
0.85717917
0.85717917
0.85717917
0.85653901
0.85653901
0.85653901
0.85421271
0.85138912
0.85138912
0.85067246
0.85067246
0.85067246
0.85067246
0.85067246
0.85067246
0.85783953
0.86219784
0.86219784
0.86219784
0.86219784
0.86228072
0.86720654
0.86720654
0.86720654
0.86624167
0.86624167
0.86510816
0.86510816
0.86510816
0.86510816
0.86384605
0.86384605
0.86384605
0.86384605
0.86384605
0.86384605
0.86384605
0.86384605
0.86384605
0.86384605
0.86175117
0.86175117
0.86166754
0.86166754
0.86166754
0.86166754
0.85770739
0.85770739
0.85518745
0.84777373
0.84521059
0.84080173
0.84044694
0.84044694
0.84044694
0.84044694
0.84044694
0.84044694
0.84586411
0.84586411
0.85135424
0.85140064
0.85140064
0.85140064
0.85140064
0.84352854
0.82798262
0.82203367
0.80013751
0.79699335
0.77111332
0.75317973
0.73521732
0.73521732
0.73271204
0.73271204
0.73026625
0.72107644
0.71167488
0.68103169
0.64632715
0.64632715
0.64632715
0.67107221
0.68751936
0.68751936
0.68751936
0.62413421
0.62413421
0.58736995
0.55679567
0.52024575
0.52024575
0.48806973
0.41565091
0.36084985
0.36084985
0.36084985
0.36084985
0.33427644
0.33427644
0.33427644
0.33427644
0.33427644
0.37058797
0.40918238
0.41016562
0.41016562
0.41016562
0.38000655
0.38000655
0.38000655
0.36951621
0.27781297
0.26624706
0.23539871
0.20169511
0.19900092
0.19900092
0.15395924
0.14747616
0.14747616
0.14747616
0.14747616
0.14747616
0.14747616
0.14747616
0.1584293
0.1584293
0.1584293
0.1584293
0.1584293
0.1584293
0.1584293
0.1584293
0.1584293
0.1584293
0.1668934
0.20554956
0.23950261
0.23950261
0.23950261
0.23950261
0.23950261
0.23950261
0.29865059
0.32168766
0.32168766
0.32168766
0.33934358
0.33934358
0.33934358
0.31417741
0.29828316
0.25994759
0.22919581
0.22919581
0.22919581
0.25886291
0.25886291
0.25886291
0.25886291
0.11541124
0.11541124
0.11541124
0.11791616
0.23330847
0.3090618
0.32573773
0.32573773
0.32573773
0.32573773
0.32573773
0.40369137
0.40369137
0.41823425
0.41823425
0.44194436
0.44922608
0.49005867
0.49005867
0.49005867
0.55721661
0.57680516
0.57680516
0.57680516
0.5993616
0.5993616
0.5993616
0.5993616
0.59375261
0.59375261
0.59375261
0.59375261
0.59375261
0.6005023
0.6005023
0.6005023
0.6005023
0.61757271
0.63094805
0.64864406
0.6526119
0.65702063
0.65702063
0.65702063
0.65702063
0.66303703
0.66303703
0.66303703
0.65382363
0.64422511
0.64422511
0.64421452
0.64421452
0.64421452
0.64421452
0.65281539
0.65281539
0.65281539
0.64850121
0.61867022
0.61867022
0.61867022
0.623506
0.623506
0.623506
0.623506
0.623506
0.623506
0.623506
0.63945404
0.64955174
0.64955174
0.64955174
0.64955174
0.64955174
0.64955174
0.63151056
0.63151056
0.63151056
0.60406863
0.58557342
0.57976924
0.57607949
0.57272001
0.55737319
0.54929923
0.54929923
0.54929923
0.54929923
0.54929923
0.54126584
0.54126584
0.54126584
0.54126584
0.54126584
0.54126584
0.54126584
0.54126584
0.52641188
0.52641188
0.52641188
0.52641188
0.53166454
0.53166454
0.53166454
0.5906773
0.62564605
0.62564605
0.62651173
0.62800378
0.66147818
0.66474296
0.66474296
0.67049554
0.67049554
0.67049554
0.67049554
0.67049554
0.6824556
0.68738121
0.68738121
0.68738121
0.65036514
0.62544305
0.60844883
0.60844883
0.60844883
0.57154935
0.57154935
0.57154935
0.57154935
0.57154935
0.59151871
0.59909891
0.65793057
0.65793057
0.65793057
0.65793057
0.65793057
0.65793057
0.66719988
0.67717762
0.67717762
0.67717762
0.67717762
0.65990863
0.6068702
0.60202519
0.60202519
0.60202519
0.60202519
0.59214993
0.55727517
0.50483249
0.50483249
0.50483249
0.50483249
0.50483249
0.50483249
0.51235889
0.51235889
0.51235889
0.51773542
0.51773542
0.51773542
0.58955412
0.61900285
0.64819649
0.68110993
0.69140391
0.69140391
0.71420902
0.72671701
0.72671701
0.72671701
0.72671701
0.72790741
0.72790741
0.72790741
0.72275814
0.71665997
0.71665997
0.69235623
0.69235623
0.66978545
0.60830778
0.55477675
0.55477675
0.55477675
0.48916134
0.47046454
0.47046454
0.44620276
0.42895009
0.42697903
0.42697903
0.42697903
0.46319949
0.50245423
0.50245423
0.50245423
0.50245423
0.46328201
0.46179062
0.37970885
0.36286401
0.36286401
0.36286401
0.37489638
0.37959483
0.42539093
0.42539093
0.42539093
0.45567144
0.47353816
0.49382157
0.49382157
0.49382157
0.49343246
0.41489607
0.41489607
0.36776196
0.34192897
0.2835376
0.2835376
0.2835376
0.37710495
0.40156701
0.40156701
0.40156701
0.38634954
0.32983224
0.31806351
0.31806351
0.31806351
0.29375242
0.29375242
0.29375242
0.29375242
0.1957514
0.1957514
0.1957514
0.1957514
0.1957514
0.1957514
0.22786987
0.2480435
0.2480435
0.2480435
0.2480435
0.2480435
0.2480435
0.2480435
0.2480435
0.2480435
0.2480435
0.2480435
0.24710923
0.23508462
0.15677472
0.13648863
0.13648863
0.13648863
0.14467439
0.14467439
0.187617
0.187617
0.20965615
0.20965615
0.23196805
0.27075138
0.27075138
0.28216914
0.28216914
0.32642984
0.33884617
0.35514493
0.39247042
0.39292531
0.42742239
0.42742239
0.42742239
0.42272317
0.42272317
0.42272317
0.42272317
0.42272317
0.42272317
0.42272317
0.42272317
0.42272317
0.42272317
0.42272317
0.42272317
0.42272317
0.42272317
0.42272317
0.41332761
0.41332761
0.41332761
0.41332761
0.41332761
0.38397284
0.38397284
0.38397284
0.38397284
0.33393452
0.33393452
0.33393452
0.33393452
0.33393452
0.33393452
0.33393452
0.33393452
0.33393452
0.33393452
0.35225146
0.38213565
0.38434648
0.4071536
0.43280878
0.43280878
0.43280878
0.43280878
0.43280878
0.43280878
0.43280878
0.43280878
0.43280878
0.43280878
0.44522624
0.45913529
0.45913529
0.50127121
0.50127121
0.50127121
0.50127121
0.50127121
0.49562909
0.49562909
0.49562909
0.49562909
0.49562909
0.49562909
0.49562909
0.49562909
0.49562909
0.49562909
0.460514
0.460514
0.460514
0.460514
0.50243946
0.50243946
0.50382806
0.53611015
0.55799342
0.55799342
0.55799342
0.55799342
0.55799342
0.55799342
0.55799342
0.55799342
0.5729743
0.5729743
0.58637633
0.59385275
0.6022958
0.6022958
0.65094892
0.65094892
0.65094892
0.68202958
0.68737259
0.69964025
0.69964025
0.70639482
0.70639482
0.71466553
0.73213992
0.73213992
0.73213992
0.73213992
0.73213992
0.73213992
0.73213992
0.73213992
0.73213992
0.73213992
0.73213992
0.73213992
0.73903144
0.73903144
0.73903144
0.72304433
0.72115129
0.72004775
0.71258666
0.71211461
0.70638623
0.70638623
0.70638623
0.70638623
0.70638623
0.70638623
0.70638623
0.70638623
0.71511978
0.71511978
0.71511978
0.71511978
0.71511978
0.71084166
0.70855828
0.70855828
0.70855828
0.70855828
0.70855828
0.70855828
0.7139529
0.7139529
0.7139529
0.71479463
0.71528452
0.71528452
0.71528452
0.71528452
0.71528452
0.71528452
0.71528452
0.71528452
0.73274019
0.73274019
0.73274019
0.73274019
0.73274019
0.73274019
0.73274019
0.73274019
0.73274019
0.73274019
0.73274019
0.75444982
0.76083491
0.76083491
0.76083491
0.76083491
0.76083491
0.76083491
0.76083491
0.76083491
0.76083491
0.76083491
0.7278084
0.70721825
0.70532928
0.66026874
0.66026874
0.64259046
0.61709526
0.61709526
0.61709526
0.61709526
0.61709526
0.61709526
0.61709526
0.61709526
0.6110694
0.59034859
0.52721335
0.52045934
0.52045934
0.52045934
0.48804734
0.48804734
0.48804734
0.5465499
0.5465499
0.5465499
0.53580482
0.52869272
0.52869272
0.52869272
0.52869272
0.4611491
0.4611491
0.4611491
0.4447662
0.35521423
0.35521423
0.35521423
0.35521423
0.35521423
0.35521423
0.35521423
0.29326808
0.2881399
0.21222423
0.21222423
0.21222423
0.28207956
0.31400899
0.31400899
0.31400899
0.31400899
0.31400899
0.27024867
0.25672795
0.25672795
0.25672795
0.1943917
0.1943917
0.1943917
0.1943917
0.1943917
0.21530067
0.2180212
0.22272615
0.24233745
0.26382705
0.27704251
0.30498383
0.33075182
0.33390414
0.33390414
0.391485
0.39191855
0.39949789
0.39949789
0.39949789
0.36719405
0.3625348
0.3625348
0.33971934
0.33971934
0.33971934
0.3915466
0.3915466
0.3915466
0.41709842
0.41709842
0.46443825
0.46443825
0.47394401
0.47394401
0.52269843
0.56384677
0.56384677
0.56384677
0.56384677
0.56384677
0.56384677
0.56384677
0.56384677
0.55662761
0.55048754
0.54521168
0.54521168
0.54521168
0.54521168
0.52931591
0.50433077
0.50433077
0.50433077
0.50433077
0.50433077
0.50093833
0.49229267
0.49229267
0.48913626
0.47418646
0.46608724
0.45204615
0.45204615
0.45204615
0.45079298
0.45079298
0.45079298
0.45079298
0.45079298
0.45079298
0.45079298
0.45079298
0.45079298
0.40160678
0.40160678
0.40160678
0.4451
0.4451
0.4451
0.39914862
0.36265052
0.3614059
0.3614059
0.28458413
0.28458413
0.28458413
0.28458413
0.28458413
0.28458413
0.28458413
0.28881583
0.29287268
0.2950691
0.2950691
0.36278277
0.36278277
0.36278277
0.36278277
0.36424427
0.36424427
0.37514096
0.37514096
0.39405605
0.44257656
0.47679948
0.47679948
0.47679948
0.47071943
0.47071943
0.41198564
0.41198564
0.41198564
0.41198564
0.42077196
0.42077196
0.43296208
0.45617619
0.45617619
0.45617619
0.43258999
0.43258999
0.43258999
0.43258999
0.43258999
0.41292451
0.41292451
0.41292451
0.41292451
0.41292451
0.42451783
0.42451783
0.42451783
0.42451783
0.42451783
0.42591942
0.42591942
0.42591942
0.42591942
0.42591942
0.43920525
0.49572488
0.49572488
0.52362049
0.52362049
0.52362049
0.52362049
0.58094417
0.58094417
0.58094417
0.58094417
0.58094417
0.57453018
0.57453018
0.57435021
0.57435021
0.55769325
0.55769325
0.55769325
0.55769325
0.58286903
0.58286903
0.58286903
0.56368224
0.56368224
0.48177549
0.48177549
0.48177549
0.46829659
0.42467558
0.41137089
0.39256247
0.39256247
0.39256247
0.35637471
0.35637471
0.34328754
0.34328754
0.34328754
0.34328754
0.34328754
0.34328754
0.34328754
0.34328754
0.34328754
0.34328754
0.34328754
0.35526107
0.35802088
0.35802088
0.35802088
0.35802088
0.36835396
0.36835396
0.4598748
0.51120875
0.53378325
0.57314561
0.57314561
0.57314561
0.5817315
0.59191422
0.61006193
0.67511271
0.70507577
0.70602849
0.70730582
0.70730582
0.70730582
0.71672627
0.71672627
0.71672627
0.71672627
0.71943833
0.71943833
0.71943833
0.65220371
0.65220371
0.64828465
0.64828465
0.64828465
0.64828465
0.66656302
0.67444536
0.67584272
0.68387083
0.72846706
0.73324015
0.75053376
0.75053376
0.7527843
0.77136223
0.78488532
0.7850702
0.7850702
0.7850702
0.7850702
0.78985211
0.80873766
0.80873766
0.80873766
0.79246502
0.79246502
0.79246502
0.79246502
0.75990653
0.75990653
0.75990653
0.77375957
0.77375957
0.77375957
0.77375957
0.77375957
0.79265389
0.79265389
0.79792389
0.79792389
0.80090344
0.80090344
0.80090344
0.80090344
0.80090344
0.80090344
0.78227097
0.78227097
0.78227097
0.78227097
0.78227097
0.78227097
0.78227097
0.7828878
0.79400144
0.79400144
0.81337899
0.81337899
0.81337899
0.81297531
0.81297531
0.81297531
0.81297531
0.81297531
0.81297531
0.81297531
0.81354237
0.81609615
0.81609615
0.81609615
0.814353
0.814353
0.814353
0.814353
0.814353
0.814353
0.81429545
0.81429545
0.81429545
0.81791223
0.81791223
0.81791223
0.81791223
0.81791223
0.81791223
0.81791223
0.80594494
0.80594494
0.80594494
0.81483162
0.81483162
0.81483162
0.81483162
0.80433403
0.79794695
0.78866083
0.78866083
0.78866083
0.78866083
0.78866083
0.7864399
0.7864399
0.7864399
0.76769432
0.76624913
0.76624913
0.76217868
0.76217868
0.76217868
0.76217868
0.76089344
0.72151614
0.72151614
0.72151614
0.72151614
0.72151614
0.72151614
0.72200772
0.73237422
0.73237422
0.73237422
0.73237422
0.73237422
0.73237422
0.73453637
0.73453637
0.73453637
0.73453637
0.73453637
0.74894372
0.75600821
0.76244339
0.76244339
0.76244339
0.76244339
0.76244339
0.77181609
0.7876967
0.7876967
0.7876967
0.77637353
0.77637353
0.77637353
0.77835343
0.79931195
0.79931195
0.79931195
0.79931195
0.80406734
0.80826677
0.8177936
0.8177936
0.81871831
0.82644733
0.82644733
0.82644733
0.82644733
0.82677726
0.82899989
0.82899989
0.82899989
0.82899989
0.82899989
0.82899989
0.83581177
0.83581177
0.83581177
0.83094651
0.83094651
0.83094651
0.83469023
0.83469023
0.83469023
0.83469023
0.83469023
0.83469023
0.83469023
0.83596323
0.84421462
0.84421462
0.85303273
0.85542277
0.85542277
0.85542277
0.85542277
0.8669312
0.8669312
0.8669312
0.8669312
0.8669312
0.87096817
0.87096817
0.87096817
0.87096817
0.87096817
0.87096817
0.87353627
0.87353627
0.87353627
0.87353627
0.87861878
0.87861878
0.88395347
0.88395347
0.89546885
0.89546885
0.89793571
0.90063534
0.90063534
0.90164356
0.90164356
0.90164356
0.90432333
0.90627532
0.90627532
0.91637051
0.92259305
0.92259305
0.92259305
0.92259305
0.93339228
0.93575039
0.93702214
0.93966554
0.94731661
0.94731661
0.94731661
0.94731661
0.95120494
0.95120494
0.95120494
0.94825589
0.94825589
0.94825589
0.94825589
0.94825589
0.94962525
0.95351181
0.95351181
0.95351181
0.95351181
0.95419006
0.95419006
0.95419006
0.95419006
0.95419006
0.95419006
0.95419006
0.95419006
0.95419006
0.95419006
0.95944085
0.95944085
0.95944085
0.95944085
0.96045812
0.96045812
0.96045812
0.96045812
0.96045812
0.96185243
0.96787674
0.96787674
0.96787674
0.96461682
0.96147305
0.96147305
0.96147305
0.96201691
0.96213945
0.96213945
0.96333618
0.96333618
0.96333618
0.96504005
0.96582805
0.96582805
0.9666157
0.9666157
0.9666157
0.9666157
0.9666157
0.9666157
0.96494689
0.96494689
0.96494689
0.96494689
0.96468951
0.96468951
0.96468951
0.96589637
0.96675122
0.96675122
0.96675122
0.96675122
0.96675122
0.96885025
0.96885025
0.96885025
0.96885025
0.96885025
0.96885025
0.96885025
0.96885025
0.96885025
0.96885025
0.96885025
0.96885025
0.96885025
0.96885025
0.96885025
0.96885025
0.96885025
0.9679875
0.96776886
0.96776886
0.96776886
0.96776886
0.96776886
0.96516945
0.96442318
0.96442318
0.96442318
0.96442318
0.96442318
0.96442318
0.96594586
0.96594586
0.96717806
0.96717806
0.96774914
0.96829351
0.96829351
0.96829351
0.96829351
0.96728517
0.96728517
0.96707124
0.96707124
0.96707124
0.96707124
0.96707124
0.96707124
0.96482293
0.96482293
0.96482293
0.96622935
0.96622935
0.96732576
0.96732576
0.96732576
0.96732576
0.96732576
0.96732576
0.96732576
0.96712718
0.96499155
0.96130756
0.96130756
0.95980677
0.95980677
0.95899993
0.95899993
0.95899993
0.95899993
0.95899993
0.95899993
0.95899993
0.95899993
0.95899993
0.95899993
0.95899993
0.95899993
0.95899993
0.95899993
0.95899993
0.96263191
0.96263191
0.96263191
0.96263191
0.96263191
0.96065742
0.96065742
0.96065742
0.96065742
0.95965285
0.95866441
0.95866441
0.95866441
0.95866441
0.95866441
0.95866441
0.95866441
0.95736969
0.95736969
0.95629171
0.95629171
0.95629171
0.95629171
0.95759966
0.95759966
0.95759966
0.95759966
0.96110034
0.96110034
0.96110034
0.96110034
0.96110034
0.96110034
0.96110034
0.96110034
0.96151234
0.96151234
0.96362021
0.96362021
0.96362021
0.96362021
0.96362021
0.96362021
0.96362021
0.96362021
0.96678779
0.96678779
0.96783579
0.96783579
0.96783579
0.96839539
0.96839539
0.96839539
0.96723382
0.96723382
0.96723382
0.96723382
0.96723382
0.96723382
0.96723382
0.96731378
0.96731378
0.96731378
0.96731378
0.96747719
0.96747719
0.96747719
0.96668084
0.96668084
0.96530559
0.96530559
0.96530559
0.96530559
0.96530559
0.96530559
0.96530559
0.96397648
0.96397648
0.96397648
0.96397648
0.96397648
0.9652046
0.96535433
0.96535433
0.96655326
0.96655326
0.96720619
0.96966326
0.96966326
0.96966326
0.9695999
0.9695999
0.9695999
0.9695999
0.96859605
0.96859605
0.96859605
0.96896257
0.96896257
0.97319017
0.97540939
0.97540939
0.97540939
0.97540939
0.97540939
0.97540939
0.97540939
0.98033916
0.98480682
0.98480682
0.98810914
0.98810914
0.98810914
0.98769273
0.98769273
0.98546602
0.98546602
0.98546602
0.98576844
0.98576844
0.98578988
0.98578988
0.98836438
0.99139441
0.99139441
0.99139441
0.99139441
0.99139441
0.99219951
0.99219951
0.99365508
0.99365508
0.99365508
0.99365508
0.99365508
0.99365508
0.99365508
0.99366694
0.99366694
0.99366694
0.99366694
0.99366694
0.98992417
0.98939938
0.98939938
0.98939938
0.98939938
0.98939938
0.98939938
0.98939938
0.98939938
0.98939938
0.99029847
0.99029847
0.99029847
0.99029847
0.99029847
0.98933819
0.98933819
0.98933819
0.98933819
0.98921632
0.98896607
0.98896607
0.98896607
0.99142209
0.99142209
0.99142209
0.99085008
0.99085008
0.99085008
0.99085008
0.99085008
0.99085008
0.99085008
0.99085008
0.99085008
0.99085008
0.98830694
0.98830694
0.98830694
0.98830694
0.98663963
0.98663963
0.98663963
0.98663963
0.98663963
0.9832932
0.9832932
0.9832932
0.9832932
0.98135717
0.98135717
0.98010373
0.98010373
0.98010373
0.98010373
0.97939109
0.97939109
0.97719836
0.97719836
0.97595039
0.97260519
0.97260519
0.97260519
0.97260519
0.97260519
0.97211263
0.97211263
0.97115777
0.97115777
0.97115777
0.97211386
0.97211386
0.97211386
0.97211386
0.97211386
0.97116587
0.97116587
0.97116587
0.97116587
0.97268546
0.97362124
0.97362124
0.97362124
0.97362124
0.97362124
0.97362124
0.97362124
0.975829
0.975829
0.975829
0.975829
0.975829
0.975829
0.975829
0.975829
0.975829
0.975829
0.97563808
0.97563808
0.97563808
0.97563808
0.97563808
0.97563808
0.97563808
0.97563808
0.97563808
0.97563808
0.97703463
0.97703463
0.97882155
0.97882155
0.97969242
0.97969242
0.97969242
0.98287636
0.98287636
0.98287636
0.98287636
0.98287636
0.98287636
0.98287636
0.98264014
0.98264014
0.98264014
0.97918175
0.97918175
0.97918175
0.97994527
0.97994527
0.97994527
0.97903281
0.97903281
0.97903281
0.97903281
0.97271934
0.97271934
0.97271934
0.97271934
0.97271934
0.97271934
0.97388081
0.97388081
0.97388081
0.97388081
0.97388081
0.97388081
0.97388081
0.97388081
0.97725993
0.97725993
0.97725993
0.97725993
0.97744265
0.98007404
0.98183668
0.98209547
0.98209547
0.98209547
0.98209547
0.98209547
0.98210235
0.98210235
0.98267799
0.9852272
0.9852272
0.9852272
0.98299789
0.98299789
0.98299789
0.98299789
0.98299789
0.98299789
0.98299789
0.98299789
0.98299789
0.98299789
0.98153793
0.98153793
0.98153793
0.98053467
0.98004443
0.98004443
0.98004443
0.97538847
0.97538847
0.97459274
0.97459274
0.97459274
0.97481349
0.97481349
0.97481349
0.97481349
0.97481349
0.97503918
0.97503918
0.97675486
0.97675486
0.97675486
0.97675486
0.97675486
0.97675486
0.97675486
0.976628
0.97635522
0.97635522
0.97626039
0.97573357
0.97573357
0.97573357
0.97607383
0.97694566
0.97694566
0.97694566
0.975947
0.975947
0.97542993
0.97542993
0.97542993
0.97542993
0.97542993
0.97732189
0.97732189
0.97732189
0.9770419
0.9770419
0.9770419
0.97658035
0.97658035
0.97658035
0.97669807
0.97757723
0.97757723
0.97801584
0.97801584
0.97801584
0.97801584
0.97801584
0.97801584
0.97850126
0.97850126
0.97850126
0.97850126
0.97850126
0.97850126
0.97823253
0.97744108
0.97744108
0.97744108
0.97503711
0.97503711
0.97503711
0.97503711
0.97503711
0.97503711
0.97611566
0.97785803
0.97785803
0.97785803
0.97785803
0.97811155
0.97811155
0.97811155
0.97532144
0.97532144
0.97532144
0.97532144
0.97532144
0.97532144
0.97532144
0.97532144
0.97532144
0.97532144
0.97532144
0.97532144
0.97532144
0.97532144
0.97665674
0.97665674
0.97665674
0.97626617
0.97547451
0.97487122
0.97487122
0.97487122
0.97569735
0.97569735
0.97640754
0.97640754
0.97640754
0.97494329
0.97494329
0.97494329
0.97566468
0.97566468
0.97566468
0.97566468
0.97566468
0.97566468
0.97566468
0.97566468
0.97566468
0.97514933
0.97514933
0.97514933
0.97514933
0.97514933
0.97514933
0.97514933
0.9750125
0.9750125
0.9750125
0.97740891
0.97740891
0.97740891
0.97740891
0.97740891
0.97898113
0.97898113
0.98132034
0.98132034
0.98132034
0.97615762
0.97615762
0.97521164
0.97521164
0.97521164
0.97524443
0.97524443
0.97524443
0.97524443
0.97524443
0.97446421
0.97446421
0.97446421
0.97446421
0.97446421
0.97678144
0.97678144
0.97678144
0.97678144
0.97901301
0.97901301
0.97901301
0.97901301
0.98244497
0.98266114
0.98266114
0.9829141
0.9829141
0.9829141
0.9829141
0.9829141
0.9829141
0.9829141
0.9829141
0.98149756
0.98149756
0.98149756
0.98149756
0.98149756
0.98149756
0.98149756
0.98149756
0.98149756
0.98149756
0.98149756
0.98149756
0.98149756
0.98149756
0.98149756
0.98149756
0.98298319
0.98415855
0.98415855
0.98415855
0.98415855
0.9848331
0.98530252
0.98530252
0.98530252
0.98405462
0.98405462
0.98405462
0.98567774
0.98567774
0.98567774
0.98567774
0.98567774
0.98567774
0.98567774
0.98567774
0.98942537
0.9929925
0.9929925
0.9929925
0.99263672
0.99263672
0.99263672
0.99172771
0.99172771
0.99172771
0.99345943
0.99502371
0.99502371
0.99502371
0.99502371
0.99625691
0.9972555
0.9972555
0.9972555
0.99702353
0.99702353
0.99702353
0.99742093
0.99742093
0.99742093
0.99694578
0.99694578
0.99694578
0.99694578
0.99694578
0.99694578
0.99694578
0.99694578
0.99694578
0.99694578
0.99694578
0.99694578
0.99694578
0.99694578
0.99694578
0.99694578
0.99694578
0.99694578
0.99769984
0.99769984
0.99841092
0.99841092
0.99841092
0.99841092
0.99654558
0.99654558
0.99630641
0.99630641
0.98981478
0.98981478
0.98981478
0.98981478
0.98977939
0.98977939
0.98475457
0.98057406
0.97831585
0.97831585
0.97831585
0.97831585
0.97496608
0.97496608
0.97346006
0.97346006
0.97346006
0.97346006
0.97346006
0.97346006
0.97346006
0.97346006
0.96997444
0.96879879
0.96694942
0.96694942
0.96694942
0.96694942
0.96440822
0.96440822
0.96440822
0.95981404
0.9571326
0.95631909
0.95631909
0.95631909
0.95631909
0.96471629
0.96471629
0.96471629
0.96356781
0.96356781
0.96356781
0.96026457
0.96026457
0.96026457
0.96026457
0.96026457
0.96026457
0.96026457
0.96026457
0.96026457
0.96026457
0.96026457
0.96026457
0.96026457
0.96026457
0.96451763
0.96451763
0.96451763
