0.84188448
0.83900233
0.84065405
0.84065405
0.84065405
0.84065405
0.84065405
0.83668292
0.8363218
0.83617158
0.83617158
0.83376682
0.83376682
0.83376682
0.83376682
0.83376682
0.83376682
0.83579718
0.83579718
0.83579718
0.83579718
0.83579718
0.83579718
0.83579718
0.83579718
0.83733693
0.83733693
0.83733693
0.83733693
0.83733693
0.82991539
0.82547673
0.82547673
0.82547673
0.82547673
0.8241289
0.8241289
0.8241289
0.82663986
0.82823694
0.82823694
0.82823694
0.82823694
0.82823694
0.83086916
0.83132272
0.83188929
0.83188929
0.83188929
0.83144507
0.82887776
0.82885885
0.82885885
0.82885885
0.82947677
0.82947677
0.82998683
0.83100527
0.83100527
0.83100527
0.83371365
0.8378393
0.8378393
0.8378393
0.83569515
0.83511572
0.83511572
0.83511572
0.83511572
0.83511572
0.83511572
0.83511572
0.83511572
0.83578508
0.83578508
0.83578508
0.83578508
0.83829005
0.83829005
0.83829005
0.83827143
0.83827143
0.83827143
0.83827143
0.83827143
0.83872559
0.83872559
0.83872559
0.83771904
0.83771904
0.83771904
0.83771904
0.8374636
0.8374636
0.8374636
0.8374636
0.83675789
0.83582826
0.83582826
0.83582826
0.83679148
0.83867365
0.83867365
0.83867365
0.83764246
0.83764246
0.83754311
0.83747964
0.83713502
0.83713502
0.83713502
0.83713502
0.83713502
0.83713502
0.83713502
0.83713502
0.83594112
0.83519048
0.83519048
0.83519048
0.83519048
0.83412901
0.83412901
0.8325627
0.8325627
0.8325627
0.83253386
0.83253386
0.83253386
0.8346499
0.83590122
0.83590122
0.83590122
0.83794499
0.83794499
0.83808796
0.83808796
0.83808796
0.83808796
0.83808796
0.8379872
0.8379872
0.8379872
0.83785523
0.83785523
0.83785523
0.83655974
0.83457757
0.83457757
0.83457757
0.83457757
0.83653653
0.83804079
0.83804079
0.83804079
0.83804079
0.83818554
0.83818554
0.83818554
0.83797247
0.83791568
0.83649353
0.83543742
0.83543742
0.83543742
0.83543742
0.83543742
0.83543742
0.83543742
0.83543742
0.83702564
0.83761015
0.83969378
0.84022127
0.84022127
0.84261815
0.84261815
0.84261815
0.84162792
0.8400918
0.8400918
0.8400918
0.8400918
0.8400918
0.83931214
0.83931214
0.83931214
0.83931214
0.83931214
0.83931214
0.83931214
0.83940948
0.83940948
0.84064922
0.84215489
0.84215489
0.8441726
0.8441726
0.8441726
0.8441726
0.8441726
0.8441726
0.84498465
0.84498465
0.84498465
0.85009015
0.85009015
0.85009015
0.85009015
0.85009015
0.8486668
0.8486668
0.8486668
0.85038159
0.85038159
0.85038159
0.84996058
0.84996058
0.84996058
0.84996058
0.84996058
0.85009171
0.85009171
0.85009171
0.85009171
0.85009171
0.85009171
0.85009171
0.85009171
0.85009171
0.85009171
0.85009171
0.85039594
0.85192032
0.85229451
0.85229451
0.85229451
0.85138817
0.85138817
0.85030652
0.85011208
0.84994209
0.84955158
0.84955158
0.84955158
0.84955158
0.84955158
0.84955158
0.85041763
0.85041763
0.95986699
0.95986699
0.95986699
0.95986699
0.95986699
0.9596472
0.9596472
0.9596472
0.95960733
0.95960733
0.95960733
0.95960733
0.95960733
0.95960733
0.95960733
0.95960733
0.96002338
0.96002338
0.96002338
0.96200118
0.96238829
0.96238829
0.96238829
0.96322183
0.96322183
0.96322183
0.96322183
0.96322183
0.9639266
0.96438583
0.96438583
0.96438583
0.96474916
0.96474916
0.96474916
0.96474916
0.96474916
0.96474916
0.96387238
0.96387238
0.96387238
0.96524358
0.96524358
0.96524358
0.96468836
0.96468836
0.96468836
0.96481042
0.96494085
0.96600112
0.96600112
0.96713837
0.96795113
0.96795113
0.96795113
0.96795113
0.96795113
0.96795113
0.96795113
0.86925588
0.86925588
0.86925588
0.97326661
0.97394386
0.97394386
0.97394386
0.97196265
0.97196265
0.97196265
0.97196265
0.87366195
0.87366195
0.87366195
0.87490912
0.87490912
0.97715994
0.97715994
0.97813392
0.9812907
0.98136299
0.98160722
0.98160722
0.98160722
0.98160722
0.98160722
0.98160722
0.98160722
0.98160722
0.98160722
0.98160722
0.98160722
0.9830976
0.9830976
0.98335841
0.98353318
0.98353318
0.98353318
0.88061629
0.88061629
0.88061629
0.88061629
0.88107634
0.88107634
0.88107634
0.88107634
0.88141413
0.88141413
0.88141413
0.88141413
0.88141413
0.88141413
0.88141413
0.88241473
0.88249536
0.88249536
0.88249536
0.88249536
0.88320198
0.88320198
0.88320198
0.88317137
0.88317137
0.88317137
0.88330185
0.88532217
0.88532217
0.88534642
0.88534642
0.88534642
0.88534642
0.88521529
0.88521529
0.88521529
0.88504418
0.88476123
0.88476123
0.88444439
0.88444439
0.88444439
0.88444439
0.88444439
0.88444439
0.88603441
0.88902075
0.88902075
0.88950748
0.88950748
0.98811741
0.98811741
0.98811741
0.98811741
0.98877873
0.98877873
0.98877873
0.98877873
0.98877873
0.98974399
0.98974399
0.98974399
0.98974399
0.98974399
0.99043337
0.99043337
0.99043337
0.99043337
0.99057799
0.99057799
0.99057799
0.99057799
0.99166482
0.99166482
0.99166482
0.99262692
0.99531278
0.99531278
0.99531278
0.99531278
0.99577929
0.99577929
0.99577929
0.99623055
0.99623055
0.99623055
0.99623055
0.99623055
0.99623055
0.99623055
0.99623055
0.99623055
0.99624873
0.99624873
0.99624873
0.99624873
0.99624873
0.99624873
0.99624873
0.89524779
0.89524779
0.89524779
0.89524779
0.99645317
0.99645317
0.99645317
0.99591036
0.99575237
0.99575237
0.99575237
0.99575237
0.99575237
0.99575237
0.99612803
0.99612803
0.99612803
0.9961291
0.9961291
0.9961291
0.9961291
0.9961291
0.9961291
0.9961291
0.9961291
0.9961291
0.9961291
0.9961291
0.9961291
0.99495606
0.99495606
0.99495606
0.99618666
0.99618666
0.99618666
0.99538615
0.99538615
0.99538615
0.99821278
0.99821278
0.99821278
0.99821278
0.99821278
0.99876264
0.99876264
0.99876264
0.99708686
0.99708686
0.99708686
0.99708686
0.9950923
0.9950923
0.9950923
0.9950923
0.89037614
0.89037614
0.88939306
0.88939306
0.88939306
0.88939306
0.88939306
0.88939306
0.88939306
0.88939306
0.88939306
0.88770628
0.88770628
0.88770628
0.88793032
0.88793032
0.88793032
0.88957249
0.88992355
0.89032175
0.89032175
0.89032175
0.89032175
0.89032175
0.89032175
0.88964375
0.88716281
0.8869281
0.8869281
0.8869281
0.88800062
0.88800062
0.88800062
0.88993445
0.88993445
0.88993445
0.88993445
0.89022558
0.89022558
0.89022558
0.88936177
0.88936177
0.88936177
0.99613336
0.99613336
0.99613336
0.99613336
0.99613336
0.88803882
0.88803882
0.88778607
0.88713371
0.88713371
0.88713371
0.88713371
0.88695326
0.88695326
0.88695326
0.88567219
0.88455487
0.88455487
0.88455487
0.88455487
0.88455487
0.88455487
0.8854143
0.8854143
0.8854143
0.8854143
0.8854143
0.8854143
0.8854143
0.8854143
0.88659052
0.88659052
0.88659052
0.88659052
0.88659052
0.88659052
0.88659052
0.88563448
0.88563448
0.8841101
0.88253017
0.88253017
0.88253017
0.88253017
0.88253017
0.88253017
0.88253017
0.88253017
0.88253017
0.88253017
0.88253017
0.88288475
0.88288475
0.88288475
0.88230761
0.88230761
0.88170597
0.8806401
0.8806401
0.8806401
0.8806401
0.8806401
0.87853983
0.87853983
0.87853983
0.87853983
0.87853983
0.87853983
0.87853983
0.87853983
0.87609658
0.87609658
0.87609658
0.87609658
0.87609658
0.87609658
0.87609658
0.87609658
0.87609658
0.87609658
0.87263647
0.87251248
0.87251248
0.87251248
0.87366268
0.87366268
0.87366268
0.87366268
0.87358064
0.87358064
0.87358064
0.87358064
0.87358064
0.87274066
0.87019776
0.87019776
0.87019776
0.87113732
0.87113732
0.87113732
0.87113732
0.87113732
0.87188494
0.87188494
0.87304038
0.87500396
0.87500396
0.87500396
0.87500396
0.87500396
0.87513322
0.87513322
0.87513322
0.8753862
0.87722944
0.87722944
0.87722944
0.87714123
0.87714123
0.87687088
0.87687088
0.87503778
0.87503778
0.87503778
0.87589025
0.87589025
0.87670196
0.87670196
0.87670196
0.87610866
0.87610866
0.87548764
0.87548764
0.87548764
0.87548764
0.87548764
0.87548764
0.87548764
0.87548764
0.87475238
0.87475238
0.87475238
0.87506591
0.87506591
0.87506591
0.87506591
0.87506591
0.87463715
0.87463715
0.87463715
0.87463715
0.87236653
0.87236653
0.87236653
0.87236653
0.87178694
0.86955737
0.86955737
0.86955737
0.86955737
0.8694255
0.8694255
0.8694255
0.8694255
0.8694255
0.8694255
0.86953682
0.86953682
0.86953682
0.86953682
0.86953682
0.86953682
0.86953682
0.86953682
0.86953682
0.87042444
0.87042444
0.87042444
0.87044058
0.87044058
0.87044058
0.87044058
0.87157617
0.87157617
0.87198765
0.87198765
0.87202137
0.8720918
0.87214481
0.87234765
0.87234765
0.87234765
0.87234765
0.87234765
0.87234765
0.87234765
0.87234765
0.87187211
0.87187211
0.87187211
0.87217086
0.87284823
0.8731561
0.8731561
0.8731561
0.8731561
0.87387981
0.88526272
0.88526272
0.88526272
0.88526272
0.8852374
0.8852374
0.88497385
0.88497385
0.88497385
0.88524371
0.88524371
0.88524371
0.8849247
0.8849247
0.8849247
0.8849247
0.8849247
0.88531573
0.88531573
0.88531573
0.88531573
0.88531573
0.88488616
0.88488616
0.88488616
0.88346819
0.88237888
0.88237888
0.88237888
0.88089608
0.88040119
0.88040119
0.88040119
0.88040119
0.88040119
0.88029063
0.87997485
0.87997485
0.87922611
0.87913761
0.87913761
0.87913761
0.87913761
0.87913761
0.87913761
0.87913761
0.87935993
0.87935993
0.87935993
0.87916695
0.87916695
0.87916695
0.87916695
0.87916695
0.87916695
0.87916695
0.87916695
0.87916695
0.87916695
0.87916695
0.87916695
0.87916695
0.87916695
0.87916695
0.87916695
0.87916695
0.87916695
0.87916695
0.8792869
0.8792869
0.88045584
0.88045584
0.88122586
0.88122586
0.88122586
0.88068862
0.88068862
0.87880176
0.87880176
0.87880176
0.8785459
0.87763583
0.87763583
0.87763583
0.87783839
0.87783839
0.87783839
0.87783839
0.87783839
0.87773359
0.87773359
0.87773359
0.87834314
0.87834314
0.87941665
0.87941665
0.87941665
0.87941665
0.87941665
0.87817969
0.87817969
0.87817969
0.87889474
0.87889474
0.87889474
0.87889474
0.87889474
0.87889474
0.87889474
0.87721508
0.87656284
0.87652683
0.87586493
0.87586493
0.87586493
0.87586493
0.87545457
0.87525895
0.87525895
0.87525895
0.87525895
0.87525895
0.87525895
0.87525895
0.87525895
0.87525895
0.87525895
0.87525895
0.87525895
0.87289055
0.87289055
0.8724446
0.8724446
0.8724446
0.8724446
0.8724446
0.8724446
0.87102783
0.87095795
0.8701823
0.8701823
0.87008928
0.87008928
0.87008928
0.87008928
0.87008928
0.86998595
0.86998595
0.86998595
0.86927564
0.86879288
0.86847423
0.86847423
0.86847423
0.86847423
0.86847423
0.86847423
0.86847423
0.86877118
0.86877118
0.86877118
0.86877298
0.86878897
0.86878897
0.86904467
0.86904467
0.86904467
0.86904467
0.86904467
0.86904467
0.86904467
0.86904467
0.86904467
0.86904467
0.86904467
0.86904467
0.86856323
0.86856323
0.86856323
0.86856323
0.86856323
0.86856323
0.86856323
0.86856323
0.86997184
0.87008081
0.87008081
0.87008081
0.87008081
0.87058983
0.87082572
0.87082572
0.87082572
0.87082741
0.87098097
0.87098097
0.87098097
0.87098097
0.87098097
0.87098097
0.87040039
0.87040039
0.87040039
0.87040039
0.87040039
0.87040039
0.87147192
0.87147192
0.87147192
0.87147192
0.87147192
0.87185018
0.87185018
0.87185018
0.87185018
0.87185018
0.87185018
0.87185018
0.87185018
0.87185018
0.87185018
0.87185018
0.87185018
0.87223573
0.87223573
0.87223573
0.87223573
0.87223573
0.87228687
0.87262718
0.8743425
0.87484198
0.87484198
0.87484198
0.87442304
0.87442304
0.87442304
0.87442304
0.87442304
0.87442304
0.87449582
0.87449582
0.87449582
0.87306815
0.87274679
0.87274679
0.87274679
0.87443765
0.87497637
0.87545502
0.87867
0.87867
0.87867
0.87810392
0.87810392
0.87810392
0.87810392
0.87810392
0.87810392
0.8785999
0.8785999
0.8785999
0.87930139
0.87930139
0.87930139
0.87930139
0.87934374
0.8798378
0.87996463
0.87996463
0.87996463
0.87867594
0.87867594
0.87867594
0.87934815
0.87934815
0.87934815
0.87934815
0.88091326
0.88091326
0.88091326
0.88091326
0.88091326
0.88082721
0.88082721
0.88082721
0.88082721
0.88082721
0.88082721
0.88082721
0.88082721
0.87916397
0.87894739
0.87894739
0.87894739
0.87925553
0.87977149
0.87977149
0.8809219
0.8809219
0.8809219
0.8809219
0.88136158
0.88136158
0.88136158
0.88026351
0.88026351
0.88026351
0.88026351
0.88019467
0.88019467
0.88019467
0.8807304
0.8807304
0.8807304
0.8807304
0.88117308
0.88117308
0.88385891
0.88385891
0.88385891
0.88313173
0.88189442
0.88119194
0.88119194
0.88119194
0.88119194
0.88119194
0.88122182
0.88122182
0.88122182
0.88122182
0.88122182
0.88122182
0.88122182
0.87992606
0.87908366
0.87908366
0.87908366
0.87908366
0.87908366
0.87886504
0.87886504
0.87886504
0.87728608
0.87584344
0.87489048
0.87489048
0.87489048
0.87601184
0.87601184
0.87601184
0.87592777
0.87592777
0.87592777
0.87592777
0.87592777
0.87592777
0.87619374
0.87619374
0.87619374
0.87619374
0.87619374
0.87595494
0.87595494
0.87595494
0.87528579
0.87320486
0.87320486
0.87320486
0.87320486
0.87349417
0.87501236
0.87501236
0.87501236
0.87501236
0.87588691
0.87588691
0.87588691
0.87580211
0.87580211
0.87580211
0.87586177
0.87586177
0.87586177
0.87586177
0.87586177
0.87586177
0.87511165
0.87511165
0.87511165
0.87511165
0.87511165
0.87455209
0.87408883
0.87408883
0.87408883
0.87408883
0.87408883
0.87408883
0.87461548
0.87461548
0.87502756
0.87671515
0.87671515
0.87671515
0.87699979
0.87699979
0.87699979
0.87675935
0.87406015
0.87406015
0.87406015
0.87406015
0.87406015
0.87414184
0.87532579
0.87569895
0.87569895
0.87592456
0.87592456
0.87592456
0.87641309
0.87673919
0.87673919
0.87673919
0.87673919
0.87673919
0.87749857
0.87768428
0.87768428
0.87768428
0.87814572
0.87814572
0.87814572
0.87814572
0.87869795
0.87869795
0.87869795
0.87840569
0.87840569
0.87726788
0.87703226
0.87703226
0.87703226
0.87666391
0.87666391
0.87666391
0.87761106
0.87942828
0.87959965
0.87959965
0.87959965
0.87959965
0.87872197
0.87872197
0.87872197
0.87844661
0.87844661
0.8780174
0.8780174
0.8780174
0.8780174
0.8780174
0.87791406
0.87791406
0.87791406
0.87840973
0.87930327
0.87930327
0.87930327
0.87892499
0.87892499
0.87872736
0.87872736
0.87872736
0.87872736
0.87872736
0.87872736
0.87826259
0.8775405
0.8775405
0.8775405
0.8775405
0.87484388
0.87484388
0.87259289
0.87259289
0.87259289
0.87336374
0.87336374
0.87336374
0.87336374
0.87336374
0.87336374
0.87336374
0.87336374
0.87336374
0.87336374
0.87336374
0.87662816
0.87662816
0.87662816
0.87659852
0.87659852
0.87659852
0.87659852
0.87659852
0.87659852
0.87670206
0.87670206
0.87670206
0.87670206
0.87670206
0.87670206
0.87670206
0.87657984
0.87498453
0.8737366
0.8737366
0.8737366
0.87391412
0.87391412
0.87391412
0.87391412
0.87446878
0.87446878
0.87457879
0.87457879
0.87457879
0.87457879
0.87467924
0.87467924
0.87467924
0.87467924
0.87467924
0.87467924
0.87467924
0.87458297
0.87376278
0.87376278
0.87376278
0.87376278
0.87365225
0.87095941
0.87095941
0.87095941
0.87110204
0.87110204
0.87215023
0.87215023
0.87215023
0.87079307
0.87079307
0.87079307
0.87079307
0.87250922
0.87250922
0.87250922
0.87250922
0.87257602
0.87298411
0.87298411
0.87298411
0.87298411
0.87268489
0.87268489
0.87268489
0.8731154
0.87429306
0.87429306
0.87429306
0.87410865
0.8730984
0.8730984
0.8730984
0.8730984
0.87338612
0.87338612
0.87338612
0.87338612
0.8747487
0.8747487
0.98524581
0.98524581
0.98524581
0.87548161
0.87433118
0.87433118
0.87433118
0.87433118
0.87433118
0.87433118
0.87433118
0.87433118
0.87433118
0.87433118
0.87433118
0.87433118
0.87433118
0.98685093
0.98685093
0.98726618
0.98726618
0.98726618
0.98648933
0.98644518
0.98644518
0.98644518
0.98644518
0.98644518
0.98644518
0.98644518
0.98690125
0.98690125
0.98717484
0.98717484
0.98717484
0.98717484
0.98717484
0.98677176
0.98677176
0.98611241
0.98611241
0.9853662
0.9853662
0.98506023
0.98506023
0.98506023
0.98517581
0.98570537
0.98570537
0.98570537
0.98570537
0.98609493
0.98609493
0.98708837
0.98789827
0.98789827
0.98789827
0.98789827
0.98789827
0.98784834
0.98773356
0.98773356
0.98773356
0.98837512
0.98837512
0.98837512
0.98837512
0.98837512
0.98859799
0.98859799
0.98859799
0.98859799
0.98859799
0.98859799
0.98859799
0.98859799
0.98859799
0.87463992
0.87463992
0.87463992
0.87463992
0.87233206
0.87233206
0.87233206
0.87233206
0.87233206
0.87274181
0.87274181
0.87274181
0.87274181
0.87274181
0.87274181
0.87473488
0.87473488
0.87473488
0.87396312
0.87396312
0.87396312
0.87345316
0.87187383
0.87187383
0.87187383
0.87191701
0.87191701
0.87191701
0.87191701
0.87311788
0.87393381
0.87393381
0.87393381
0.87393381
0.87393381
0.87394907
0.98668635
0.98668635
0.98693998
0.98693998
0.98693998
0.98693998
0.98693998
0.98656508
0.98656508
0.98656508
0.98656508
0.98625593
0.98625593
0.98625593
0.98625593
0.98625593
0.98625593
0.98625593
0.98625593
0.98625593
0.98712213
0.98712213
0.98712213
0.98712213
0.98718012
0.98718012
0.98718012
0.98718012
0.98718012
0.98718012
0.98718012
0.98718012
0.9873427
0.9873427
0.9873427
0.9873427
0.98700116
0.98700116
0.98700116
0.98700116
0.98700116
0.98652482
0.98652482
0.98652482
0.98652482
0.98731875
0.98765781
0.98765781
0.98765781
0.98751888
0.98751888
0.98751888
0.98751888
0.98751888
0.87786877
0.87786877
0.87786877
0.87786877
0.87911806
0.87911806
0.87911806
0.87911806
0.87911806
0.87911806
0.87911806
0.87874155
0.87874155
0.87874155
0.8787798
0.8787798
0.8787798
0.8787798
0.8787798
0.8787798
0.87895172
0.8799361
0.8799361
0.8799361
0.87892416
0.87800128
0.87800128
0.87800128
0.87800128
0.87800128
0.8777556
0.8777556
0.87569001
0.87569001
0.87510701
0.87510701
0.87510701
0.87510701
0.87510701
0.87505491
0.87505491
0.87505491
0.87438604
0.87438604
0.87438604
0.87438604
0.87438604
0.87438604
0.87472143
0.87597682
0.87597682
0.87687698
0.87687698
0.87687698
0.87687698
0.87590748
0.87590748
0.87590748
0.87590748
0.87590748
0.87590748
0.87707674
0.87707674
0.87707674
0.87546529
0.87460052
0.87460052
0.87460052
0.87460052
0.87460052
0.87450534
0.87450534
0.87450534
0.87450534
0.87361689
0.87361689
0.87361689
0.87361689
0.87361689
0.87361689
0.87401736
0.87421543
0.87421543
0.87421543
0.87421543
0.87421543
0.87421543
0.87421543
0.87310249
0.87310249
0.87310249
0.87328669
0.87328669
0.87328669
0.87328669
0.87346155
0.87346155
0.87346155
0.87467277
0.87467277
0.87467277
0.87467277
0.8749614
0.8749614
0.8749614
0.87449676
0.87449676
0.87449676
0.87449676
0.87557108
0.87557108
0.87557108
0.87448328
0.87349118
0.87349118
0.87349118
0.87349118
0.87453752
0.87501507
0.87501507
0.87501507
0.87494586
0.87494586
0.87494586
0.87536127
0.87586829
0.87586829
0.87586829
0.87440675
0.87373094
0.87373094
0.87373094
0.87373094
0.87373094
0.87397212
0.87397212
0.87397212
0.87397212
0.87397212
0.87441488
0.87441488
0.87487585
0.87489405
0.87489405
0.87489405
0.87459621
0.87459621
0.8736535
0.8736535
0.8736535
0.8736535
0.8733325
0.8733325
0.8733325
0.87391863
0.87391863
0.87391863
0.87391863
0.87391863
0.87391863
0.87391863
0.87391863
0.87440667
0.87440667
0.87440667
0.87440667
0.87440667
0.87440667
0.87440667
0.87472484
0.87518302
0.87577525
0.87577525
0.87577525
0.87566302
0.8753691
0.8753691
0.8753691
0.8753691
0.8753691
0.8753691
0.8753691
0.8753691
0.8753691
0.87472164
0.87402967
0.87402967
0.87402967
0.87402967
0.87409631
0.87550722
0.87550722
0.87550722
0.8749432
0.8749432
0.87441235
0.87408954
0.87408954
0.87408954
0.87408954
0.87408954
0.87408954
0.87408954
0.87418442
0.87418442
0.87418442
0.87418442
0.87418442
0.87450591
0.87474839
0.87623977
0.87623977
0.87623977
0.87604905
0.87565168
0.87565168
0.87565168
0.87576806
0.87576806
0.87576806
0.87657773
0.87657773
0.87690243
0.87690243
0.87739993
0.87739993
0.87739993
0.87739993
0.87721985
0.87721985
0.87721985
0.87569736
0.87519001
0.87414826
0.87414826
0.87414826
0.87414826
0.87414826
0.87414826
0.87414826
0.87363118
0.87363118
0.87249949
0.87249949
0.87249949
0.87249949
0.87249949
0.87249949
0.87330494
0.87330494
0.87606386
0.87606386
0.87606386
0.87606386
0.87606386
0.87780525
0.87933261
0.87933261
0.87933261
0.87894562
0.87814934
0.87814934
0.87814934
0.87814934
0.87814934
0.87814934
0.87814934
0.87800869
0.87800869
0.87800869
0.87862739
0.87862739
0.87919368
0.87919368
0.87919368
0.87919368
0.87991454
0.88003089
0.88003089
0.88005063
0.88005063
0.88005063
0.88005063
0.88005063
0.88005063
0.8798337
0.8798337
0.8798337
0.87893347
0.87893347
0.87893347
0.87893347
0.87893347
0.87893347
0.87893347
0.87893347
0.87893347
0.87893347
0.87893347
0.87725596
0.87707067
0.87707067
0.87667134
0.87656196
0.87370888
0.87370888
0.87370888
0.87370888
0.87339227
0.87289701
0.87289701
0.87289701
0.87289701
0.87136866
0.87136866
0.87047179
0.87047179
0.87047179
0.87095862
0.87140128
0.87306682
0.87306682
0.87306682
0.87306682
0.87306682
0.87306682
0.87288265
0.87204572
0.87204572
0.87204572
0.87407931
0.87407931
0.8742583
0.8742583
0.87462135
0.87462135
0.87660219
0.87669447
0.87669447
0.87669447
0.87776553
0.87776553
0.87776553
0.87741724
0.87741724
0.87741724
0.87696816
0.87696816
0.87696816
0.87696816
0.87696816
0.87586044
0.87583927
0.87583927
0.87583927
0.87583927
0.87580876
0.87580876
0.87580876
0.87580876
0.87580876
0.87580876
0.87656524
0.87656524
0.87656524
0.87656524
0.87656524
0.87656524
0.87656524
0.87656524
0.87656524
0.87586029
0.87586029
0.87586029
0.87586029
0.87586029
0.87586029
0.87586029
0.87586029
0.87569358
0.87569358
0.87528396
0.87513196
0.87513196
0.87513196
0.87513196
0.87513196
0.8756648
0.8756648
0.8766284
0.87767205
0.87767205
0.87767205
0.87622224
0.87592169
0.87592169
0.87592169
0.87592169
0.87592169
0.87592169
0.87598764
0.87621369
0.87621369
0.87621369
0.87382995
0.87304246
0.87304246
0.87304246
0.87304246
0.87304246
0.87358382
0.87358382
0.87437871
0.87531215
0.87531215
0.87585244
0.87585244
0.87585244
0.87585244
0.87585244
0.87585244
0.87585244
0.87585244
0.87585244
0.87585244
0.87585244
0.87585244
0.87632149
0.87685197
0.87685197
0.87685197
0.87685197
0.87685197
0.87685197
0.87685197
0.87685197
0.87685197
0.87666644
0.87556313
0.87510878
0.87510878
0.87486284
0.87486284
0.87486284
0.87486284
0.87486284
0.87476565
0.87476565
0.87476565
0.87645027
0.87645027
0.87645027
0.87713674
0.87713674
0.87713674
0.87713674
0.87713674
0.87740016
0.87740016
0.87740016
0.87722746
0.87722746
0.87722746
0.87722746
0.87698102
0.87698102
0.87520977
0.87452244
0.87364651
0.87307639
0.87210695
0.87210695
0.87210695
0.87223232
0.87223232
0.87223232
0.87223232
0.87223232
0.87433997
0.87433997
0.87461882
0.87461882
0.87461882
0.87388382
0.87388382
0.87388382
0.87424685
0.87424685
0.87424685
0.87344294
0.87344294
0.87344294
0.87344294
0.87344294
0.87479426
0.87479426
0.87479426
0.87479426
0.87576949
0.87576949
0.87690243
0.98397032
0.98397032
0.98397032
0.98276437
0.97992166
0.87376896
0.87376896
0.87376896
0.98199992
0.98278772
0.98278772
0.98278772
0.98254785
0.98254785
0.98254785
0.98254785
0.98254785
0.98254785
0.98254785
0.98347146
0.98347146
0.98347146
0.98347146
0.98347146
0.98347146
0.98347146
0.98347146
0.9823947
0.98049309
0.98003788
0.97999134
0.97999134
0.97999134
0.97999134
0.97999134
0.98030557
0.98030557
0.98030557
0.98030557
0.87316447
0.87316447
0.87093031
0.87093031
0.87093031
0.87093031
0.87093031
0.87093031
0.87121964
0.87273381
0.87273381
0.87273381
0.8705479
0.8705479
0.8705479
0.87020092
0.87020092
0.87020092
0.87052251
0.87151526
0.87151526
0.8727373
0.87293065
0.87308711
0.87308711
0.87308711
0.87308711
0.87308711
0.87261149
0.87261149
0.87261149
0.98135976
0.98182778
0.98182778
0.98297939
0.98297939
0.98297939
0.98209322
0.98209322
0.98156205
0.98156205
0.98156205
0.98156205
0.98156205
0.8756129
0.8756129
0.87422802
0.87422802
0.87368432
0.87368432
0.87368432
0.873379
0.873379
0.873379
0.873379
0.873379
0.873379
0.87445624
0.87445624
0.87445624
0.87365767
0.87365767
0.87365767
0.87427175
0.87427175
0.87427175
0.87411926
0.87411926
0.87411926
0.87484925
0.87484925
0.8768496
0.8768496
0.8768496
0.8768496
0.8768496
0.87757878
0.87757878
0.87757878
0.87757878
0.87944025
0.87944025
0.87944025
0.8814013
0.8814013
0.882708
0.882708
0.88397171
0.88397171
0.88397171
0.88393408
0.88393408
0.88393408
0.88393408
0.88323711
0.88323711
0.88323711
0.88323711
0.8825007
0.8825007
0.88207715
0.88085582
0.88026565
0.88026565
0.87960744
0.87960744
0.87936379
0.87936379
0.87936379
0.87936379
0.87936379
0.87924142
0.87858595
0.87814311
0.87814311
0.87814311
0.87825226
0.87893125
0.87893125
0.87947516
0.87947516
0.87947516
0.87804019
0.87804019
0.87804019
0.87804019
0.87804019
0.87935146
0.87935146
0.87935146
0.87935146
0.88029824
0.88029824
0.88029824
0.87994557
0.87994557
0.87994557
0.87872559
0.87872559
0.87872559
0.87872559
0.87872559
0.87872559
0.87872559
0.87872559
0.87872559
0.87913156
0.87913999
0.87913999
0.87913999
0.87913999
0.87913999
0.87945514
0.87945514
0.87945514
0.87903227
0.87903227
0.87840775
0.87771651
0.87683341
0.87683341
0.87592519
0.87592519
0.87560662
0.87560662
0.87480281
0.87339983
0.87339983
0.87339983
0.87339983
0.87339983
0.87339983
0.87339983
0.87339983
0.87339983
0.87339983
0.87339983
0.87339983
0.87342051
0.87342051
0.87342051
0.87438948
0.87438948
0.87504558
0.87504558
0.87504558
0.87504558
0.87431167
0.87350155
0.87270919
0.87270919
0.87270919
0.87292635
0.87292635
0.8730446
0.8730446
0.8730446
0.873267
0.873267
0.87385491
0.87385491
0.87385491
0.87385491
0.87385491
0.87385491
0.87404716
0.87420513
0.87546227
0.8756491
0.8756491
0.88910086
0.88910086
0.88910086
0.88910086
0.88910086
0.88910086
0.88910086
0.88910086
0.88910086
0.88910086
0.88910086
0.88910086
0.88910086
0.88891577
0.15270766
0.15270766
0.15270766
0.19939614
0.22903244
0.28416012
0.36535371
0.42706659
0.47096976
0.52556669
0.53704986
0.53704986
0.53704986
0.53704986
0.53704986
0.53704986
0.53704986
0.57123122
0.65899303
0.72149799
0.73060629
0.73660629
0.73660629
0.73660629
0.73660629
0.73660629
0.73660629
0.73660629
0.69709184
0.69709184
0.69709184
0.73433181
0.75222695
0.75222695
0.75222695
0.73062603
0.71637148
0.70392668
0.67589228
0.67589228
0.67589228
0.70750698
0.74402355
0.8127373
0.8127373
0.8127373
0.80680841
0.75539851
0.70919891
0.67084027
0.67084027
0.67084027
0.67084027
0.65074981
0.64496862
0.64496862
0.64496862
0.62599566
0.62599566
0.62599566
0.66046766
0.72081762
0.72397263
0.72397263
0.74495847
0.8141136
0.84772273
0.84772273
0.84997617
0.85769729
0.85769729
0.86191877
0.86191877
0.86191877
0.86191877
0.87502208
0.87502208
0.87502208
0.87757933
0.87908246
0.87908246
0.87982434
0.87982434
0.88481143
0.88481143
0.88481143
0.88481143
0.88481143
0.88481143
0.88297948
0.88297948
0.87886181
0.87863375
0.87725651
0.87725651
0.87509556
0.86993014
0.86993014
0.86993014
0.87044112
0.87044112
0.87044112
0.87044112
0.87044112
0.87044112
0.87044112
0.87044112
0.86752422
0.86752422
0.86752422
0.86870813
0.86870813
0.86870813
0.86612711
0.86612711
0.86524389
0.86160709
0.85994844
0.84919113
0.84919113
0.84919113
0.84919113
0.84919113
0.85041354
0.85322393
0.85384883
0.85788162
0.85975031
0.85975031
0.87032743
0.87032743
0.87032743
0.87032743
0.87032743
0.87032743
0.87032743
0.87032743
0.87032743
0.86809572
0.86809572
0.86507028
0.86507028
0.86507028
0.86507028
0.86507028
0.86507028
0.86507028
0.86044122
0.85957621
0.85957621
0.85957621
0.85957621
0.85957621
0.86057204
0.86057204
0.86057204
0.85997592
0.85997592
0.85997592
0.85264353
0.85181618
0.85181618
0.85181618
0.85181618
0.84826946
0.84786161
0.84647639
0.84647639
0.84459075
0.84313586
0.84313586
0.83771015
0.83771015
0.83771015
0.83771015
0.83771015
0.83271117
0.83271117
0.83271117
0.83271117
0.83271117
0.83192447
0.83192447
0.83192447
0.83192447
0.83141391
0.83141391
0.83141391
0.83141391
0.83055385
0.83055385
0.83055385
0.83424526
0.83501311
0.83501311
0.83713424
0.83856801
0.83856801
0.83856801
0.83813842
0.83813842
0.83813842
0.83813842
0.83813842
0.83813842
0.83813842
0.83958179
0.83958179
0.83958179
0.8400821
0.84103608
0.84103608
0.8415673
0.8415673
0.8415673
0.8415673
0.8415673
0.8415673
0.84095994
0.83849206
0.83763203
0.83763203
0.83763203
0.83763203
0.83450007
0.83450007
0.83450007
0.83601189
0.83601189
0.83601189
0.83424617
0.83424617
0.83424617
0.83424617
0.83424617
0.83424617
0.83424617
0.8365927
0.8365927
0.83697328
0.84074732
0.84103869
0.84103869
0.84103869
0.84153092
0.84227895
0.84416843
0.84614387
0.84614387
0.84614387
0.84467299
0.84467299
0.84467299
0.8449276
0.85134749
0.85134749
0.85134749
0.85134749
0.85134749
0.85335537
0.85335537
0.85355848
0.854668
0.85540772
0.8585682
0.86129282
0.86308954
0.86308954
0.86308954
0.86148662
0.86148662
0.86148662
0.86286722
0.86286722
0.86356874
0.86424426
0.86424426
0.86424426
0.86424426
0.86424426
0.86408658
0.86408658
0.86251802
0.86251802
0.86103016
0.86102622
0.86085444
0.86085444
0.86085444
0.86043639
0.857604
0.857604
0.857604
0.857604
0.85715669
0.85586816
0.85586816
0.85586816
0.85467308
0.85070394
0.85070394
0.85000973
0.84798453
0.84784922
0.84784922
0.84784922
0.84730351
0.84665011
0.84665011
0.84665011
0.84665011
0.84665011
0.84587574
0.84587574
0.84587574
0.84587574
0.84587574
0.84587574
0.8457034
0.84469109
0.84469109
0.84469109
0.84519988
0.84519988
0.84519988
0.84519988
0.84531858
0.84531858
0.84531858
0.84531858
0.85118746
0.85466883
0.85766952
0.85766952
0.86335948
0.86463419
0.86605039
0.86605039
0.86605039
0.86605039
0.86652898
0.86652898
0.86750529
0.86791235
0.86791235
0.86791235
0.86787478
0.86687994
0.86687994
0.86687994
0.86687994
0.86687994
0.86687994
0.86687994
0.86950634
0.87219558
0.87219558
0.87219558
0.87096436
0.87096436
0.87096436
0.87096436
0.87096436
0.87237341
0.87463679
0.87812835
0.87812835
0.87812835
0.87531762
0.87531762
0.87531762
0.87531762
0.87531762
0.87531762
0.87531762
0.87531762
0.87531762
0.87531762
0.87531762
0.87262583
0.86919494
0.86919494
0.86741637
0.85547564
0.85506226
0.83745643
0.81668454
0.81668454
0.81320786
0.80579195
0.80579195
0.80579195
0.80953296
0.80953296
0.81475976
0.81475976
0.81947042
0.82606984
0.8283897
0.8283897
0.8283897
0.8283897
0.8283897
0.8283897
0.82789126
0.82789126
0.82134351
0.82134351
0.82134351
0.82103978
0.82103978
0.81600644
0.8128075
0.79879819
0.7971077
0.79012066
0.78835228
0.77994651
0.77994651
0.77994651
0.78339933
0.78609488
0.78609488
0.78609488
0.78609488
0.78609488
0.78543193
0.77973676
0.77420716
0.77201936
0.76949108
0.76949108
0.76949108
0.78228211
0.78832208
0.80631334
0.80631334
0.80997056
0.80997056
0.81662709
0.81662709
0.82324983
0.82324983
0.82324983
0.82116959
0.82116959
0.82057746
0.81938413
0.81808496
0.8115919
0.8115919
0.8115919
0.8115919
0.8115919
0.8115919
0.81644738
0.819873
0.82048609
0.82254323
0.82907238
0.82907238
0.83124204
0.83208502
0.83267005
0.83267005
0.83267005
0.83194189
0.8297715
0.82910615
0.82910615
0.82910615
0.82910615
0.82990172
0.82990172
0.82990172
0.82804093
0.82622265
0.82622265
0.82622265
0.83131221
0.83131221
0.83131221
0.83131221
0.83131221
0.83131221
0.83507843
0.83507843
0.83507843
0.83998533
0.83998533
0.84417393
0.84417393
0.84417393
0.84306112
0.84033957
0.84026208
0.84026208
0.84026208
0.83969292
0.83508597
0.83508597
0.83315832
0.83315832
0.8317841
0.83086715
0.83086715
0.83086715
0.83086715
0.82779071
0.82779071
0.82779071
0.82779071
0.82779071
0.82779071
0.83072058
0.83072058
0.83072058
0.82945932
0.82945932
0.82945932
0.8247173
0.8247173
0.8244913
0.82318991
0.82318991
0.82318991
0.82354196
0.82480773
0.83071463
0.83071463
0.83089351
0.83089351
0.83089351
0.82847637
0.82847637
0.82847637
0.82847637
0.82847637
0.83428297
0.83428297
0.83428297
0.83332646
0.83332646
0.83332646
0.83871117
0.84034429
0.84250287
0.84348715
0.84491276
0.84491276
0.84761603
0.84761603
0.85360964
0.85360964
0.85360964
0.85398294
0.85398294
0.85398294
0.85398294
0.85883229
0.85883229
0.85883229
0.86399748
0.86399748
0.87177349
0.87177349
0.87177349
0.86653412
0.86285351
0.85232045
0.84910941
0.84861622
0.83967115
0.83967115
0.83005599
0.81795547
0.80861624
0.80265625
0.79539288
0.77687734
0.76913056
0.76465826
0.76075752
0.74098975
0.72368431
0.71844731
0.71844731
0.71509384
0.71509384
0.71509384
0.71509384
0.71509384
0.70261481
0.697081
0.69517403
0.68017183
0.64816691
0.62007804
0.62007804
0.62007804
0.62990321
0.63067771
0.63067771
0.63540863
0.64019952
0.66491148
0.67021273
0.67568743
0.68518009
0.68518009
0.68697598
0.68697598
0.68697598
0.6848629
0.68056636
0.68056636
0.68056636
0.69008556
0.7124616
0.72652471
0.73320523
0.73320523
0.73527632
0.74230209
0.7452246
0.7452246
0.7452246
0.7452246
0.74817867
0.74817867
0.74817867
0.74817867
0.75125756
0.75125756
0.75125756
0.74176745
0.7379938
0.73232124
0.73232124
0.73232124
0.73232124
0.72725819
0.72553516
0.72553516
0.72553516
0.72553516
0.72553516
0.71678196
0.71265957
0.71167858
0.71167858
0.70974584
0.70792125
0.70792125
0.70792125
0.7253469
0.7253469
0.7253469
0.7253469
0.72820769
0.72820769
0.72820769
0.72820769
0.72820769
0.73144259
0.73144259
0.73175422
0.73175422
0.7357678
0.7357678
0.7357678
0.7350691
0.72522158
0.71867143
0.71773023
0.70831875
0.70831875
0.68167217
0.68167217
0.68167217
0.68167217
0.68533785
0.68789854
0.69844137
0.7118142
0.7179423
0.7179423
0.7179423
0.7179423
0.74315403
0.75070903
0.76388225
0.76534147
0.76671285
0.76671285
0.76671285
0.76671285
0.77803263
0.79115354
0.80144886
0.81187002
0.82697266
0.83214489
0.8365126
0.8365126
0.84831447
0.85044123
0.85044123
0.85044123
0.85044123
0.85014457
0.85014457
0.85014457
0.84902506
0.84838164
0.84838164
0.84838164
0.84230271
0.84095285
0.83336025
0.82922894
0.82473868
0.81703262
0.81703262
0.811227
0.80793986
0.8028739
0.79243785
0.78112505
0.77101568
0.76233671
0.73822204
0.67819023
0.62121775
0.57841561
0.56141486
0.5297968
0.52642396
0.51554016
0.47881303
0.46274564
0.46274564
0.46274564
0.4481557
0.4481557
0.4481557
0.4481557
0.4481557
0.4481557
0.47601369
0.59110671
0.59291678
0.5993359
0.5993359
0.5993359
0.59286421
0.59286421
0.59286421
0.60022153
0.61014277
0.61500881
0.61500881
0.61500881
0.62330897
0.63439632
0.63439632
0.63439632
0.6330965
0.6133796
0.6033054
0.6033054
0.6033054
0.59062942
0.58534596
0.58465224
0.58465224
0.58465224
0.58465224
0.58465224
0.58465224
0.58225515
0.58225515
0.57583286
0.57583286
0.5682188
0.5682188
0.5682188
0.57200807
0.57200807
0.57200807
0.57200807
0.5902436
0.5902436
0.5902436
0.58001212
0.57384698
0.57384698
0.57384698
0.61772204
0.63121216
0.66012137
0.66513532
0.7185374
0.745721
0.75714824
0.7608255
0.77773664
0.78037955
0.78037955
0.78037955
0.79958982
0.79958982
0.80496932
0.80496932
0.80496932
0.80496932
0.80496932
0.80146362
0.80146362
0.79455129
0.78944832
0.78944832
0.78944832
0.78944832
0.78944832
0.79107033
0.80222386
0.80234787
0.8089891
0.81127245
0.81127245
0.81127245
0.80504126
0.80303367
0.8013759
0.8013759
0.8013759
0.8013759
0.80631803
0.81729912
0.81729912
0.81729912
0.81729912
0.81729912
0.81729912
0.81729912
0.81018329
0.80738612
0.80738612
0.80738612
0.80823713
0.80823713
0.80823713
0.80823713
