0.91532276
0.9217642
0.91879516
0.91879516
0.91879516
0.91813043
0.91790109
0.91790109
0.91790109
0.91737389
0.91737389
0.9168702
0.9168702
0.9122187
0.9122187
0.9122187
0.9122187
0.91178789
0.91178789
0.91139208
0.91133371
0.91133371
0.91133371
0.91133371
0.91133371
0.9079616
0.90667723
0.9059218
0.9059218
0.9059218
0.90883599
0.90883599
0.91282054
0.91282054
0.91282054
0.91135957
0.90709673
0.90709673
0.90709673
0.90614872
0.90614872
0.90614872
0.90614872
0.90614872
0.90784227
0.90836516
0.90836516
0.90836516
0.9084056
0.9084056
0.9084056
0.90828432
0.90828432
0.90828432
0.90593062
0.90405138
0.90400456
0.90353702
0.90353702
0.90353702
0.9105779
0.9105779
0.9105779
0.9105779
0.91115464
0.91115464
0.91115464
0.91115464
0.9112517
0.9112517
0.9112517
0.9112517
0.9112517
0.90514758
0.90514758
0.90514758
0.9070004
0.9070004
0.90927284
0.90927284
0.90927284
0.90927284
0.90969634
0.90969634
0.90969634
0.90661159
0.90633856
0.90633856
0.90633856
0.90633856
0.90716202
0.90716202
0.90716202
0.90693943
0.90693943
0.90479893
0.90479893
0.90479893
0.90479893
0.90479893
0.90479893
0.90479893
0.90611243
0.90611243
0.90611243
0.90588372
0.90588372
0.90588372
0.90588407
0.90588407
0.90594307
0.90594307
0.90594307
0.90594307
0.90594307
0.90594307
0.90594307
0.90594307
0.90594307
0.90808422
0.90903408
0.90903408
0.91134084
0.91134084
0.91134084
0.91134084
0.91123707
0.91123707
0.91123707
0.91123707
0.90875847
0.90875847
0.90875847
0.9079641
0.90761751
0.90761751
0.90761751
0.90761751
0.9072088
0.9072088
0.9072088
0.9072088
0.90666562
0.90666562
0.90607314
0.90607314
0.90607314
0.91014887
0.91014887
0.91014887
0.91014887
0.91014887
0.91014887
0.91014887
0.91014887
0.91014887
0.91014887
0.90866253
0.90866253
0.90866253
0.90864148
0.90864148
0.90864148
0.90864148
0.90864148
0.90864148
0.90864148
0.90864148
0.90834317
0.90834317
0.90834317
0.90834317
0.9082081
0.9082081
0.9082081
0.9082081
0.9082081
0.9082081
0.9082081
0.90922324
0.91038925
0.91038925
0.91038925
0.90903797
0.908306
0.908306
0.908306
0.908306
0.908306
0.908306
0.908306
0.908306
0.908306
0.90558226
0.90558226
0.90558226
0.90558226
0.90819738
0.90819738
0.90819738
0.90819738
0.90819738
0.90819738
0.90896672
0.90896672
0.90896672
0.90754101
0.90754101
0.90754101
0.90754101
0.90714446
0.90714446
0.90714446
0.90684492
0.90676994
0.90676994
0.90676994
0.90356779
0.90356779
0.90356779
0.90356779
0.90356779
0.90429825
0.90429825
0.90429825
0.90429825
0.90484626
0.90484626
0.90723443
0.90723443
0.90723443
0.90723443
0.90723443
0.90723443
0.90723443
0.90723443
0.90813911
0.90813911
0.90813911
0.90813911
0.90840355
0.90840355
0.90840355
0.90840355
0.91029508
0.91161781
0.91161781
0.91161781
0.91161781
0.91161781
0.90890055
0.90890055
0.90417176
0.90417176
0.90417176
0.90492109
0.90829473
0.90829473
0.90829473
0.90970843
0.90993045
0.90993045
0.90993045
0.90993045
0.90993045
0.90993045
0.90993045
0.90993045
0.90993045
0.90993045
0.90993045
0.90993045
0.90288698
0.90288698
0.90288698
0.90420858
0.90420858
0.90420858
0.90575942
0.91080058
0.91150129
0.91150129
0.91150129
0.91150129
0.91150129
0.91068632
0.91068632
0.90587034
0.90587034
0.90587034
0.90758882
0.90758882
0.91048099
0.91048099
0.91048099
0.90968435
0.90884192
0.90766362
0.90766362
0.90493024
0.90493024
0.90493024
0.90493024
0.90493024
0.90690852
0.90954129
0.91246212
0.91246212
0.91246212
0.91195895
0.90779142
0.90779142
0.90779142
0.90779142
0.90779142
0.9058081
0.9058081
0.9058081
0.9058081
0.90621099
0.9074748
0.9074748
0.9074748
0.9074748
0.9074748
0.9074748
0.9074748
0.90432891
0.90432891
0.90432891
0.90710786
0.90710786
0.90710786
0.90710786
0.90797054
0.90797054
0.90797054
0.90797054
0.90797054
0.90603962
0.90603962
0.90265383
0.90265383
0.90265383
0.90265383
0.90265383
0.90265383
0.90265383
0.90200798
0.90200798
0.90200798
0.90556339
0.90556339
0.90556339
0.90556339
0.90515053
0.90515053
0.90515053
0.90515053
0.90515053
0.90873383
0.90873383
0.90873383
0.90873383
0.90855623
0.90817334
0.90817334
0.90817334
0.90735517
0.90735517
0.90735517
0.90760653
0.90760653
0.90760653
0.90697694
0.90697694
0.90697694
0.90697694
0.90891003
0.90891003
0.90974829
0.91085328
0.91085328
0.91164404
0.91164404
0.91164404
0.90961634
0.90961634
0.90961634
0.91091576
0.91091576
0.91091576
0.90782872
0.90782872
0.90782872
0.90782872
0.9088934
0.90918133
0.90948724
0.90948724
0.90948724
0.90948724
0.90948724
0.90948724
0.90772658
0.90772658
0.90772658
0.90772658
0.90772658
0.90772658
0.9070103
0.9070103
0.90651796
0.90627499
0.90627499
0.90627499
0.90412581
0.90412581
0.90412581
0.90626278
0.91176496
0.91176496
0.91176496
0.91176496
0.90964141
0.90964141
0.90964141
0.91038288
0.91241334
0.9126583
0.9126583
0.9126583
0.91042871
0.91042871
0.90884908
0.90853379
0.90813313
0.90813313
0.90813313
0.90809163
0.90809163
0.90809163
0.90909565
0.91183581
0.91183581
0.91183581
0.91183581
0.91183581
0.91183581
0.91066182
0.91066182
0.91066182
0.91066182
0.91066182
0.91066182
0.91091113
0.91091113
0.91091113
0.91091113
0.91091113
0.91154799
0.91154799
0.91154799
0.91154799
0.91154799
0.90888439
0.90888439
0.90888439
0.90888439
0.90888439
0.9091738
0.9091738
0.9091738
0.9091738
0.9091738
0.9091738
0.9091738
0.9091738
0.9091738
0.9104188
0.9104188
0.9104188
0.9104188
0.9104188
0.9104188
0.9104188
0.9104188
0.9104188
0.91250494
0.91250494
0.91250494
0.91250494
0.91250494
0.91240101
0.91240101
0.91067623
0.91067623
0.91067623
0.91067623
0.91067623
0.91067623
0.91067623
0.91067623
0.90992781
0.90992781
0.90992781
0.90992781
0.90992781
0.90870688
0.90870688
0.90870688
0.90870688
0.90870688
0.90870688
0.90870688
0.9113919
0.9113919
0.9113919
0.9113919
0.9113919
0.9113919
0.9115537
0.9115537
0.9115537
0.90769287
0.90769287
0.90769287
0.91061519
0.91061519
0.91061519
0.90898268
0.90898268
0.90898268
0.91056494
0.91056494
0.91056494
0.91056494
0.91056494
0.91297563
0.91297563
0.91360735
0.91360735
0.91360735
0.9117067
0.9117067
0.9117067
0.9117067
0.9117067
0.91130606
0.91130606
0.91130606
0.91130606
0.91130606
0.91130606
0.91026283
0.91012026
0.91012026
0.91012026
0.90762694
0.90762694
0.90762694
0.90762694
0.90762694
0.90762694
0.90710333
0.90710333
0.90710333
0.90710333
0.90710333
0.90785769
0.90785769
0.90785769
0.90785769
0.90785769
0.90934185
0.90934185
0.90934185
0.90972217
0.91047345
0.91047345
0.91047345
0.91169838
0.91182642
0.91182642
0.91182642
0.91182642
0.91182642
0.91182642
0.91182642
0.91182642
0.91182642
0.91119059
0.91119059
0.91119059
0.91119059
0.91119059
0.90988195
0.90988195
0.90988195
0.90988195
0.91172004
0.91172004
0.91172004
0.91045214
0.91045214
0.91045214
0.91045214
0.90799247
0.90799247
0.90799247
0.90655821
0.90595192
0.90595192
0.90595192
0.90734084
0.90734084
0.90765777
0.90765777
0.90765777
0.90643246
0.90643246
0.90446893
0.90446893
0.90446893
0.90446893
0.90446893
0.90538754
0.90538754
0.90538754
0.90575511
0.91028949
0.91028949
0.91028949
0.90951371
0.90951371
0.90940168
0.90820605
0.90820605
0.90820605
0.90820605
0.90820605
0.90820605
0.90820605
0.90521132
0.90521132
0.90521132
0.90639089
0.90894358
0.90963666
0.90963666
0.90963666
0.90963666
0.90963666
0.90873668
0.90873668
0.90873668
0.90873668
0.90819296
0.90819296
0.90819296
0.90858536
0.90858536
0.90858536
0.90803859
0.90759776
0.90759776
0.90759776
0.9096492
0.9096492
0.9096492
0.9092056
0.9092056
0.90800537
0.90750903
0.90750903
0.90750903
0.90750903
0.90750903
0.90756022
0.90756022
0.90756022
0.90750348
0.90750348
0.90750348
0.90750348
0.90750348
0.90730793
0.90730793
0.90730793
0.90716149
0.90716149
0.90716149
0.90695851
0.90695851
0.90695851
0.90544355
0.90544355
0.90544355
0.90649417
0.90649417
0.90649417
0.90649417
0.90649417
0.90649417
0.90649417
0.90649417
0.90649417
0.90649417
0.90649417
0.90649417
0.90649417
0.90649417
0.90649417
0.90803119
0.90905172
0.90905172
0.90905172
0.90905172
0.90905172
0.90905172
0.91532463
0.91532463
0.91532463
0.91173043
0.91173043
0.91173043
0.91224451
0.91224451
0.91224451
0.91007666
0.9098831
0.9098831
0.90888651
0.90888651
0.90888651
0.90888651
0.90888651
0.90918616
0.91089709
0.91173742
0.91173742
0.91173742
0.91139546
0.91139546
0.91139546
0.91161006
0.91252239
0.91252239
0.91252239
0.91252239
0.91252239
0.91252239
0.90914032
0.90847711
0.90847711
0.90708167
0.90619685
0.90619685
0.90619685
0.90619685
0.90619685
0.90619685
0.90619685
0.90675214
0.90675214
0.90675214
0.90675214
0.90870109
0.90884266
0.90934492
0.90934492
0.91048136
0.91048136
0.91048136
0.91048136
0.90885842
0.90885842
0.90885842
0.90885842
0.90936834
0.90936834
0.90936834
0.90827378
0.90827378
0.90827378
0.90827378
0.90827378
0.90827378
0.90933
0.90933
0.90933
0.90933
0.90933
0.90507601
0.90507601
0.90507601
0.90507601
0.90807699
0.90894654
0.90981899
0.90981899
0.90981899
0.90694573
0.90694573
0.90694573
0.90694573
0.90694573
0.90694573
0.91000734
0.91000734
0.91000734
0.91000734
0.91000734
0.91000734
0.91000734
0.91000734
0.91000734
0.90864935
0.90864935
0.90864935
0.90864935
0.90864935
0.90864935
0.90864935
0.90864935
0.90864935
0.90762506
0.90762506
0.90762506
0.90762506
0.90762506
0.90762506
0.90790142
0.90790142
0.90790142
0.90790142
0.90827824
0.90827824
0.90827824
0.90827824
0.91026716
0.91026716
0.91026716
0.90909791
0.90909791
0.90909791
0.91089241
0.91157926
0.91157926
0.91209772
0.91209772
0.91209772
0.91209772
0.91209772
0.91209772
0.91098235
0.91098235
0.91098235
0.91098235
0.91098235
0.91098235
0.91098235
0.91098235
0.91098235
0.91098235
0.91098235
0.91237567
0.91237567
0.91237567
0.91237567
0.91237567
0.91141066
0.91141066
0.91141066
0.91141066
0.90810689
0.90810689
0.90810689
0.90810689
0.90810689
0.90810689
0.90810689
0.90810689
0.90724195
0.90611303
0.90611303
0.90611303
0.90611303
0.90611303
0.91044649
0.91086491
0.9108861
0.9108861
0.9108861
0.9108861
0.90921341
0.90921341
0.90921341
0.90921341
0.90916309
0.90916309
0.90916309
0.90916309
0.90916309
0.90916309
0.90910197
0.90910197
0.90910197
0.90861288
0.9071841
0.9071841
0.9071841
0.9071841
0.90496077
0.90496077
0.90496077
0.90577767
0.90577767
0.90663985
0.90663985
0.90663985
0.90663985
0.90868897
0.90868897
0.90868897
0.90868897
0.90868897
0.90868897
0.90868897
0.90868897
0.90981436
0.90981436
0.90981436
0.90917695
0.90917695
0.90917695
0.90950755
0.90950755
0.90950755
0.90950755
0.90950755
0.90950755
0.90950755
0.90803308
0.90803308
0.90803308
0.90799741
0.90538586
0.90538586
0.90050163
0.90050163
0.90050163
0.90570077
0.90570077
0.90736204
0.90736204
0.90736204
0.90736204
0.90736204
0.90773892
0.90983347
0.90987539
0.90987539
0.90987539
0.90987539
0.9138343
0.9138343
0.9138343
0.9138343
0.9138343
0.9138343
0.91159692
0.90851318
0.90851318
0.90851318
0.90851318
0.90851318
0.90851318
0.90851318
0.90851318
0.90851318
0.90851318
0.9093067
0.9093067
0.9093067
0.9093067
0.9093067
0.90911319
0.90832684
0.90832684
0.90832684
0.90955769
0.91056403
0.91056403
0.91056403
0.91056403
0.91056403
0.91056403
0.91056403
0.90890049
0.90890049
0.90890049
0.90890049
0.90890049
0.90890049
0.90890049
0.90784577
0.90784577
0.90784577
0.90798068
0.90798068
0.90798068
0.90877918
0.90877918
0.90877918
0.90877918
0.90877918
0.90877918
0.90877918
0.90877918
0.90877918
0.90877918
0.90877918
0.90831134
0.90831134
0.90831134
0.90816351
0.90816351
0.90816351
0.90816351
0.90816351
0.90816351
0.90697698
0.90697698
0.90697698
0.90697698
0.90697698
0.90697698
0.90697698
0.90697698
0.90697698
0.90859301
0.90859301
0.90859301
0.90859301
0.90859301
0.90859301
0.90919925
0.90919925
0.90953511
0.90953511
0.90953511
0.90953511
0.90953511
0.90953511
0.90888722
0.90888722
0.90638561
0.90490081
0.90490081
0.90490081
0.90713763
0.90713763
0.90713763
0.90713763
0.90946248
0.90946248
0.90946248
0.90946248
0.90946248
0.90946248
0.90946248
0.90946248
0.90946248
0.90946248
0.90946248
0.90946248
0.90946248
0.90946248
0.90946248
0.90946248
0.90943786
0.90862151
0.9063362
0.90052493
0.11279862
0.11279862
0.11279862
0.13301042
0.13301042
0.13301042
0.13301042
0.13301042
0.13301042
0.57960094
0.76769423
0.86128172
0.86128172
0.86128172
0.8553036
0.71275609
0.71275609
0.71275609
0.71848063
0.75924039
0.75924039
0.75924039
0.82787374
0.88926312
0.90931255
0.91169023
0.91773526
0.92055368
0.92286699
0.92286699
0.93301431
0.93383526
0.93844699
0.9393487
0.9393487
0.9393487
0.9393487
0.9393487
0.9393487
0.94061543
0.94061543
0.94061543
0.94061543
0.93452093
0.93303809
0.93303809
0.93303809
0.93303809
0.93303809
0.93303809
0.93353811
0.93353811
0.93353811
0.93353811
0.93353811
0.93353811
0.93353811
0.93353811
0.93279597
0.93279597
0.93253638
0.93218317
0.93218317
0.92977121
0.92977121
0.92977121
0.93133625
0.9321871
0.93219939
0.93219939
0.93219939
0.93219939
0.93219939
0.93219939
0.93219939
0.93219939
0.93219939
0.93219939
0.93219939
0.93219939
0.93218365
0.9311742
0.9311742
0.9311742
0.93169379
0.9393338
0.9393338
0.9393338
0.93760397
0.93760397
0.93760397
0.93454341
0.93453134
0.93453134
0.93453134
0.93453134
0.93453134
0.93445423
0.93445423
0.93359694
0.93291981
0.9328606
0.9328606
0.9328606
0.9328606
0.9328606
0.9328606
0.93181382
0.93181382
0.93181382
0.93181382
0.93181382
0.93181382
0.93181382
0.93181382
0.93388526
0.93388526
0.9346932
0.9346932
0.9346932
0.93225185
0.93225185
0.93225185
0.93386002
0.93386002
0.93386002
0.93386002
0.93386002
0.93386002
0.93386002
0.93386002
0.93386002
0.9331968
0.9331968
0.9331968
0.9331968
0.93278042
0.93278042
0.93134923
0.93134923
0.93134923
0.93358703
0.93358703
0.93358703
0.93358703
0.93823649
0.93823649
0.93823649
0.9336469
0.9336469
0.9336469
0.9336469
0.93282275
0.93282275
0.93282275
0.93282275
0.93282275
0.93282275
0.93282275
0.93282275
0.93282275
0.93386325
0.93386325
0.93386325
0.93238495
0.93238495
0.93238495
0.93238495
0.93259869
0.93296437
0.93296437
0.93296437
0.93296437
0.93296437
0.93296437
0.93710123
0.93710123
0.93710123
0.93367912
0.93367912
0.93367912
0.93367912
0.93367912
0.93300844
0.93183484
0.93183484
0.93183484
0.93183484
0.93183484
0.93317951
0.93317951
0.93317951
0.93200742
0.93200742
0.9314782
0.9314782
0.9314782
0.9314782
0.9314782
0.9314782
0.9314782
0.9314782
0.9314782
0.9314782
0.9314782
0.9314782
0.9314782
0.93131341
0.93117466
0.93117466
0.92860962
0.92860962
0.92860962
0.92860962
0.92860962
0.92860962
0.92860962
0.92752825
0.92752825
0.92752825
0.92758747
0.92758747
0.92758747
0.92758747
0.92758747
0.92758747
0.93005854
0.93005854
0.9306632
0.93120443
0.93204505
0.93204505
0.93204505
0.93249823
0.93249823
0.93876031
0.93876031
0.93876031
0.93876031
0.93876031
0.93876031
0.93876031
0.93735598
0.93735598
0.93472836
0.93472836
0.93472836
0.93472836
0.93472836
0.93472836
0.93261354
0.93261354
0.93261354
0.93261354
0.93261354
0.93147997
0.92914204
0.92914204
0.92914204
0.92914204
0.92945813
0.93014871
0.93014871
0.93084106
0.93123697
0.93887883
0.93887883
0.93887883
0.93587905
0.93587905
0.93587905
0.93517522
0.93517522
0.93517522
0.93517522
0.93517522
0.93473273
0.93321072
0.93241115
0.93241115
0.93071241
0.92976161
0.92976161
0.92956188
0.92956188
0.92956188
0.9298983
0.9298983
0.9298983
0.9298983
0.9298983
0.9298983
0.9298983
0.9298983
0.9298983
0.9298983
0.92868109
0.92868109
0.92868109
0.92868109
0.92868109
0.92868109
0.92868109
0.92868109
0.92868109
0.92868109
0.92959134
0.92998764
0.93068864
0.93068864
0.93068864
0.93068864
0.93068864
0.93068864
0.93068864
0.93068864
0.93068864
0.93068864
0.93068864
0.93148254
0.93148254
0.93148254
0.93098423
0.93098423
0.93098423
0.93838793
0.93838793
0.93838793
0.93838793
0.93815249
0.9360383
0.9360383
0.9360383
0.9360383
0.93569472
0.93569472
0.93407131
0.93407131
0.93407131
0.93407131
0.93407131
0.93407131
0.93407131
0.93407131
0.93407131
0.9335459
0.9335459
0.9333588
0.9333588
0.9333588
0.9333588
0.9333588
0.9333588
0.9333588
0.93786316
0.93786316
0.93786316
0.93786316
0.93786316
0.93786316
0.93786316
0.93786316
0.93786316
0.93721392
0.93721392
0.93721392
0.93612887
0.93612887
0.93506525
0.93423847
0.93423847
0.93423847
0.93423847
0.93423847
0.93423847
0.9346856
0.9346856
0.9346856
0.9346856
0.93561834
0.93561834
0.93561834
0.93561834
0.93836999
0.93836999
0.93836999
0.93836999
0.93415778
0.93415778
0.933179
0.93305842
0.93305842
0.93274762
0.93274762
0.93274762
0.93274762
0.93274762
0.93099698
0.93048413
0.93048413
0.93048413
0.93208417
0.93208417
0.93208417
0.93194709
0.93194709
0.93194709
0.93194709
0.93194709
0.93252073
0.93252073
0.93252073
0.9321568
0.9321568
0.9321568
0.94052328
0.94052328
0.94052328
0.94052328
0.94052328
0.93959649
0.93959649
0.93738124
0.93738124
0.93738124
0.93738124
0.93738124
0.93682737
0.93682737
0.93682737
0.93682737
0.93682737
0.93682737
0.93682737
0.93682737
0.93682737
0.93578608
0.93578608
0.93444861
0.93444861
0.93397341
0.93397341
0.93315356
0.93315356
0.93315356
0.9398618
0.9398618
0.9398618
0.93905517
0.93905517
0.93905517
0.93905517
0.93905517
0.93905517
0.93905517
0.93905517
0.93838263
0.93796887
0.93796887
0.93796887
0.93796887
0.93796887
0.93565978
0.93474808
0.93257377
0.93257377
0.93257377
0.93280135
0.93280135
0.93280135
0.93280135
0.93280135
0.93280135
0.93280135
0.93280135
0.93348993
0.93348993
0.9362438
0.9362438
0.9362438
0.93452211
0.93452211
0.93452211
0.93359077
0.93303641
0.93294285
0.93285007
0.93285007
0.93285007
0.93285007
0.9327345
0.9327345
0.9327345
0.93285691
0.93285691
0.93388368
0.93581291
0.93581291
0.93581291
0.93675508
0.93675508
0.93675508
0.93477912
0.93477912
0.93477912
0.93477912
0.93416819
0.9323172
0.9323172
0.9323172
0.9323172
0.9323172
0.9323172
0.9311251
0.92998582
0.92998582
0.92998582
0.93101544
0.93134487
0.93134487
0.93134487
0.93121325
0.93121325
0.93121325
0.93121325
0.93121325
0.93121325
0.93121325
0.93121325
0.93121325
0.93121325
0.93121325
0.9299899
0.9299899
0.9299899
0.9299899
0.9299899
0.9299899
0.9299899
0.9299899
0.9299899
0.93019319
0.93039584
0.93039584
0.93039584
0.92556974
0.92556974
0.92556974
0.92714246
0.92714246
0.92714246
0.92726868
0.92866497
0.92976572
0.93021458
0.93075562
0.93122539
0.93122539
0.93122539
0.93122539
0.93122539
0.93122539
0.94042479
0.94042479
0.94042479
0.94042479
0.94042479
0.94923634
0.96871232
0.96871232
0.96871232
0.96871232
0.92956731
0.87792704
0.85588793
0.77242723
0.71173545
0.66045586
0.58934354
0.58934354
0.58934354
0.57506332
0.57506332
0.57506332
0.62661616
0.62661616
0.63428007
0.76798772
0.77233282
0.77233282
0.77395298
0.82366876
0.83929696
0.8716607
0.90281806
0.91096002
0.91096002
0.93531865
0.93531865
0.93531865
0.93531865
0.93531865
0.93157009
0.93074689
0.93074689
0.92975735
0.92732583
0.92732583
0.92732583
0.91908996
0.91908996
0.91908996
0.93012073
0.93012073
0.93012073
0.93012073
0.93012073
0.95860768
0.97384883
0.97384883
0.97384883
0.97324087
0.97324087
0.97324087
0.97662531
0.97662531
0.97662531
0.97493527
0.96681218
0.96681218
0.96681218
0.96681218
0.96681218
0.96681218
0.96681218
0.96681218
0.96681218
0.96681218
0.96680725
0.96680725
0.96680725
0.96680725
0.96521447
0.96378111
0.96378111
0.96378111
0.97179581
0.97843662
0.97843662
0.97843662
0.97567473
0.97057896
0.97057896
0.97057896
0.97057896
0.97057896
0.97057896
0.96861725
0.96861725
0.96861725
0.96260877
0.96260877
0.96260877
0.96837282
0.96837282
0.96837282
0.96571957
0.94600519
0.94600519
0.94600519
0.94702805
0.98115485
0.98115485
0.98115485
0.98115485
0.98115485
0.98115485
0.98115485
0.98285427
0.98285427
0.98285427
0.98285427
0.98285427
0.9804806
0.97718076
0.96927506
0.96641843
0.96641843
0.96641843
0.96641843
0.96641843
0.9589935
0.9589935
0.9589935
0.9589935
0.96320692
0.96320692
0.96795756
0.96795756
0.96795756
0.96021657
0.96021657
0.96021657
0.94999974
0.94999974
0.94999974
0.94999974
0.96230088
0.96230088
0.96230088
0.96230088
0.96230088
0.96230088
0.96230088
0.96230088
0.96230088
0.98343648
0.98343648
0.98343648
0.97940998
0.97940998
0.97865936
0.97865936
0.97865936
0.97865936
0.97865936
0.97865936
0.97865936
0.96766779
0.94990486
0.94990486
0.94990486
0.94990486
0.94990486
0.94990486
0.94990486
0.94990486
0.95591688
0.96113327
0.97401133
0.97401133
0.97401133
0.97401133
0.97401133
0.97711895
0.97711895
0.97711895
0.97697018
0.97697018
0.97697018
0.97697018
0.97935718
0.97935718
0.97935718
0.96852279
0.9528469
0.9528469
0.9528469
0.95328056
0.96033251
0.96033251
0.96033251
0.9344325
0.9344325
0.9344325
0.9344325
0.94912272
0.94912272
0.94912272
0.93737341
0.93737341
0.93737341
0.94262678
0.96104977
0.96104977
0.96104977
0.96104977
0.96104977
0.96104977
0.96104977
0.96441163
0.96441163
0.96441163
0.96441163
0.96441163
0.97062415
0.98343324
0.99090152
0.99090152
0.99090152
0.98853419
0.98853419
0.98853419
0.98911194
0.99432314
0.99432314
0.99432314
0.98242145
0.97874327
0.97874327
0.97085107
0.97085107
0.97085107
0.97085107
0.97085107
0.96282952
0.96191245
0.94518833
0.94518833
0.94518833
0.95327176
0.95327176
0.95571486
0.95571486
0.95571486
0.94927468
0.91133421
0.89296797
0.89296797
0.89296797
0.88975274
0.88975274
0.88975274
0.88975274
0.88206094
0.88206094
0.88206094
0.88206094
0.92484562
0.92484562
0.92835119
0.92835119
0.92835119
0.92835119
0.92146848
0.92146848
0.92146848
0.92146848
0.92146848
0.95327486
0.95327486
0.95327486
0.95327486
0.95783777
0.95783777
0.95783777
0.95783777
0.95783777
0.95927235
0.9610813
0.96839229
0.96839229
0.96839229
0.96839229
0.96839229
0.97296024
0.97905107
0.98823862
0.98823862
0.98823862
0.98490704
0.98135995
0.97546928
0.97546928
0.97546928
0.9769365
0.9769365
0.9769365
0.9769365
0.9769365
0.9769365
0.9769365
0.9769365
0.9769365
0.9769365
0.97491906
0.97447925
0.97447925
0.97447925
0.97447925
0.97447925
0.97549574
0.97549574
0.97549574
0.97549574
0.97549574
0.97549574
0.9753486
0.9753486
0.9753486
0.9753486
0.97344401
0.97332167
0.97322667
0.97322667
0.97246852
0.97225134
0.97225134
0.97183694
0.97183694
0.97183694
0.97183694
0.97183694
0.97216673
0.97216673
0.97216673
0.97216673
0.97216673
0.97216673
0.97216673
0.9717923
0.9717923
0.9717923
0.9717923
0.9717923
0.97235467
0.97235467
0.97235467
0.97254557
0.97254557
0.97254557
0.97132919
0.97132919
0.97132919
0.97141616
0.97141616
0.97141616
0.97222535
0.97295822
0.97295822
0.97295822
0.97295822
0.97441836
0.97441836
0.97441836
0.97441836
0.97311189
0.97311189
0.97311189
0.97311189
0.97311189
0.97311189
0.9725571
0.97199873
0.97199873
0.97167193
0.97167193
0.97167193
0.97167193
0.97280238
0.97303988
0.97303988
0.97303988
0.97303988
0.97303988
0.9735745
0.9735745
0.9735745
0.9735745
0.9735745
0.97247141
0.97247141
0.97247141
0.97247141
0.97190441
0.97116944
0.97116944
0.97116944
0.97116944
0.97116944
0.97215604
0.97215604
0.97215604
0.97215604
0.97215604
0.97302952
0.97302952
0.97302952
0.97222667
0.97222667
0.97222667
0.97255543
0.97255543
0.97255543
0.97255543
0.97420033
0.97420033
0.97420033
0.97420033
0.97420033
0.97259929
0.97259929
0.97259929
0.97259929
0.97259929
0.97259929
0.97259929
0.97294354
0.97352723
0.97352723
0.97352723
0.97262571
0.97151021
0.97093316
0.97093316
0.97093316
0.97157288
0.97157288
0.97217086
0.97217086
0.97227136
0.97227136
0.97227136
0.97227136
0.97227136
0.97227136
0.97227136
0.97227136
0.97257375
0.97257375
0.97257375
0.97257375
0.97257375
0.97257375
0.97257375
0.97257375
0.97257375
0.97257375
0.97309072
0.97309072
0.97309072
0.97105341
0.96987327
0.96987327
0.96987327
0.97282774
0.97282774
0.97282774
0.97282774
0.97282774
0.97282774
0.97282774
0.97282774
0.97282774
0.97282774
0.97348873
0.97384004
0.97388356
0.97388356
0.97388356
0.97430269
0.97430269
0.97430269
0.97379955
0.97283431
0.97283431
0.97283431
0.97316204
0.97397624
0.97397624
0.97397624
0.97314646
0.97314646
0.97314646
0.97314646
0.97218171
0.97218171
0.97218171
0.97207851
0.97207851
0.97207851
0.97254775
0.97254775
0.97254775
0.97287717
0.97287717
0.97287717
0.97410328
0.97410328
0.97410328
0.97410328
0.97364344
0.97364344
0.97364344
0.97364344
0.97230656
0.97230656
0.97230656
0.97230656
0.97230656
0.97114481
0.97114481
0.97114481
0.97114481
0.97183876
0.97374352
0.97374352
0.97374352
0.97374352
0.97374352
0.97351334
0.97351334
0.97351334
0.97351334
0.97351334
0.97351334
0.97351334
0.97351334
0.97351334
0.97346169
0.97346169
0.97346169
0.97346169
0.97346169
0.97511726
0.97511726
0.97511726
0.97426203
0.97426203
0.97426203
0.97426203
0.97426203
0.97449558
0.97449558
0.97449558
0.97352745
0.9718938
0.9718938
0.9718938
0.9718938
0.9718938
0.9718938
0.9718938
0.9718938
0.9718938
0.9718938
0.9718938
0.9718938
0.9718938
0.9718938
0.9718938
0.9718938
0.9718938
0.9718938
0.97235086
0.97266577
0.97266577
0.97266577
0.97266577
0.97266577
0.97266577
0.97266577
0.97266577
0.97266577
0.97266577
0.97266577
0.9717335
0.9717335
0.9717335
0.9717335
0.9717335
0.97038514
0.97038514
0.97038514
0.97038514
0.97038514
0.97038514
0.97124524
0.97124524
0.97124524
0.97124524
0.97124524
0.97187842
0.97187842
0.97187842
0.97187842
0.97187842
0.97187842
0.97187842
0.97187842
0.97187842
0.97187842
0.97187842
0.97187842
0.97187842
0.97187842
0.97140132
0.97140132
0.97140132
0.97140132
0.97140132
0.97140132
0.97043422
0.97043422
0.97043422
0.97043422
0.97043422
0.97115785
0.97138588
0.97234989
0.97234989
0.97234989
0.97234989
0.97253743
0.97253743
0.97253743
0.97253743
0.97253743
0.97357561
0.97357561
0.97430528
0.97430528
0.97430528
0.97430528
0.97430528
0.97430528
0.97430528
0.97474424
0.97474424
0.97474424
0.9732518
0.97275881
0.97275881
0.97275881
0.97275881
0.97275881
0.97275881
0.97275881
0.97279309
0.97279309
0.97279309
0.97279309
0.97279309
0.97279309
0.97279309
0.97279309
0.97164526
0.97164526
0.97164526
0.97256494
0.97256494
0.97256494
0.97256494
0.97256494
0.97256494
0.97256494
0.97256494
0.97276499
0.97276499
0.97276499
0.97276499
0.97364123
0.97364123
0.97364123
0.97342283
0.97342283
0.97342283
0.97192793
0.97192793
0.97192793
0.97198368
0.97198368
0.97198368
0.97301822
0.9730224
0.9730224
0.9730224
0.97228519
0.97195192
0.97070031
0.97070031
0.97070031
0.97217427
0.97217427
0.97217427
0.97217427
0.97096401
0.97096401
0.96957434
0.96957434
0.96957434
0.97047602
0.97086387
0.97086387
0.97086387
0.97086387
0.97086387
0.97062453
0.97062453
0.97062453
0.97193094
0.97193094
0.97193094
0.97124065
0.97124065
0.97124065
0.97124065
0.97124065
0.97124065
0.97124065
0.97124065
0.97124065
0.97124065
0.97124065
0.97124065
0.97124065
0.97124065
0.97124065
0.97124065
0.97124065
0.97124065
0.97124065
0.97115878
0.97115878
0.97115878
0.97366106
0.97366106
0.97366106
0.97310973
0.97310973
0.97310973
0.97294023
0.97148553
0.97148553
0.97148553
0.97148553
0.97148553
0.97148553
0.97148553
0.96923983
0.96923983
0.96923983
0.97077831
0.97077831
0.97077831
0.97077831
0.97077831
0.97145058
0.97145058
0.97145058
0.97145058
0.97145058
0.97209062
0.97209062
0.97209062
0.97254123
0.97337158
0.97337158
0.97337158
0.97337158
0.97207794
0.97204706
0.97204706
0.97204706
0.97204706
0.97204706
0.97204706
0.97204706
0.97204706
0.97204706
0.97204706
0.97204706
0.97204706
0.97204706
0.97204706
0.97204706
0.97204706
0.97204706
0.97204706
0.97204706
0.97204706
0.97204706
0.97204706
0.97378925
0.97378925
0.97450576
0.97450576
0.97450576
0.97450576
0.97450576
0.97450576
0.97396775
0.97396775
0.97178301
0.97178301
0.97178301
0.97178301
0.97178301
0.97178301
0.97313033
0.97313033
0.97313033
0.97257614
0.97257614
0.97257614
0.97257614
0.97257614
0.97257614
0.97257614
0.97257614
0.97257614
0.9733611
0.9733611
0.9733611
0.9733611
0.9733611
0.97329958
0.97329958
0.97329958
0.97329958
0.97329958
0.97329958
0.97329958
0.97222952
0.97058958
0.97058958
0.97058958
0.97256089
0.97256089
0.97256089
0.97226609
0.97219282
0.97219282
0.97062938
0.97062938
0.97062938
0.96988004
0.96988004
0.96988004
0.97013603
0.97013603
0.97013603
0.97013603
0.97013603
0.97081848
0.97081848
0.97081848
0.97044395
0.97044395
0.97044395
0.97044395
0.97044395
0.97106942
0.97106942
0.9728542
0.9728542
0.9728542
0.9728542
0.9728542
0.9728542
0.9728542
0.97248086
0.97203189
0.97203189
0.97158158
0.97158158
0.97158158
0.97158158
0.97158158
0.97158158
0.97158158
0.97158158
0.97158158
0.97158158
0.97158158
0.96994217
0.96985461
0.96985461
0.96985461
0.97138094
0.97138094
0.97138094
0.97138094
0.97138094
0.97138094
0.97138094
0.97291504
0.97291504
0.97291504
0.97201299
0.96925138
0.96685065
0.96685065
0.96685065
0.96685065
0.96794401
0.97249683
0.97752877
0.97941776
0.97941776
0.97941776
0.96654128
0.93904785
0.93904785
0.93904785
0.92217008
0.89883038
0.88085206
0.88007503
0.8780803
0.8780803
0.8780803
0.89630034
0.94468055
0.96877818
0.97122244
0.97122244
0.97122244
0.97122244
0.97122244
0.97596642
0.97596642
0.97718888
0.98133728
0.98545665
0.98691706
0.98691706
0.98691706
0.98455289
0.98380266
0.97474955
0.97244387
0.97244387
0.97244387
0.97294288
0.98244415
0.98244415
0.98244415
0.98265498
0.98265498
0.98265498
0.98420865
0.98420865
0.98420865
0.98121825
0.98121825
0.98121825
0.98121825
0.98121825
0.98050548
0.98050548
0.98050548
0.97786032
0.97752861
0.97752861
0.97752861
0.97740415
0.97740415
0.97703406
0.97530069
0.97496091
0.97373179
0.97308127
0.97308127
0.97308127
0.97591573
0.97591573
0.97591573
0.97591573
0.97591573
0.97527385
0.97527385
0.97527385
0.97527385
0.97527385
0.97501486
0.97448355
0.97448355
0.97448355
0.97213073
0.97213073
0.97213073
0.97213073
0.97213073
0.97230788
0.97230788
0.97230788
0.97217403
0.97217403
0.97217403
0.97217403
0.97217403
0.97217403
0.97217403
0.97217403
0.97217403
0.97250532
0.97250532
0.97250532
0.97250532
0.97245265
0.97243776
0.97243776
0.97208847
0.97208847
0.97208847
0.97223443
0.97223443
0.97223443
0.97223443
0.97223443
0.97223443
0.97256623
0.97256623
0.97256623
0.97348714
0.97348714
0.97348714
0.97348714
0.97305588
0.97250334
0.97250334
0.97250334
0.97250334
0.97250334
0.97250334
0.97250334
0.97250334
0.97250334
0.97250334
0.97250334
0.97297359
0.97297359
0.97360178
0.97360178
0.97360178
0.97360178
0.975634
0.975634
0.975634
0.97560249
0.97560249
0.97560249
0.97560249
0.97560249
0.97560249
0.97504336
0.97504336
0.97504336
0.97432616
0.97396302
0.97396302
0.97396302
0.97396302
0.97396302
0.97345779
0.97345779
0.97345779
0.97345779
0.97345779
0.97427679
0.97427679
0.97427679
0.97427679
0.97427679
0.97427679
0.97385027
0.97366935
0.97366935
0.97366935
0.97366935
0.97366935
0.97319417
0.97303506
0.97303506
0.97303506
0.97198761
0.97198761
0.97198761
0.97198761
0.9715903
0.97139514
0.97139514
0.97139514
0.97139514
0.9733072
0.9733072
0.97343241
0.97343241
0.97343241
0.97343241
0.97343241
0.97343241
0.97343241
0.97343241
0.97343241
0.97343241
0.97343241
0.97343241
0.97343241
0.97343241
0.97343241
0.97268086
0.97268086
0.97268086
0.97268086
0.97268086
0.97268086
0.9732597
0.9732597
0.9732597
0.9732597
0.97428415
0.97428415
0.97428415
0.97428415
0.97428415
0.97411656
0.97411656
0.97371286
0.97371286
0.97371286
0.97371286
0.97371286
0.97371286
0.97313358
0.97313358
0.97313358
0.97313358
0.97313358
0.97313358
0.97277421
0.97277421
0.97277421
0.97277421
0.97277421
0.97277421
0.97277421
0.97277421
0.97277421
0.97277421
0.97277421
0.97442415
0.97442415
0.97442415
0.97287422
0.97287422
0.97287422
0.97296996
0.97296996
0.97296996
0.97296996
0.97332881
0.97332881
0.97332881
0.97326237
0.97324327
0.97324327
0.97324327
0.97324327
0.97324327
0.97324327
0.97324327
0.97416166
0.97416166
0.97416166
0.97368849
0.97131089
0.97131089
0.97131089
0.97131089
0.97131089
0.97222952
0.97222952
0.97222952
0.97222952
0.97222952
0.9712429
0.97109941
0.97109941
0.97109941
0.97109941
0.97109941
0.97109941
0.97109941
0.97109941
0.97109941
0.97109941
0.9715416
0.9715416
0.9715416
0.9715416
0.97295193
0.97295193
0.97295193
0.97256933
0.97256933
0.97256933
0.97284698
0.97342412
0.97342412
0.97342412
0.97335882
0.97307343
0.97307343
0.97307343
0.97307343
0.97307343
0.97307343
0.97394139
0.9743581
0.9743581
0.9743581
0.97302058
0.97278212
0.97278212
0.97278212
0.97295221
0.97295221
0.97295221
0.97112138
0.97112138
0.97112138
0.97112138
0.97112138
0.97112138
0.97112138
0.97112138
0.97128577
0.97128577
0.97128577
0.97128577
0.97128577
0.97128577
0.97128577
0.97128577
0.97159759
0.97194278
0.97194278
0.97194278
0.97194278
0.97228697
0.97228697
0.97228697
0.97228697
0.97141678
0.97141678
0.97141678
0.97141678
0.97141678
0.97141678
0.97141678
0.97134739
0.97134739
0.97080606
0.96990974
0.96990974
0.96990974
0.97099328
0.97099328
0.97099328
0.97144308
0.97173958
0.97173958
0.97255338
0.97255338
0.97255338
0.97255338
0.97263628
0.97263628
0.97263628
0.97166737
0.97166737
0.97026926
0.96961686
0.96961686
0.96961686
0.96961686
0.96961686
0.96961686
0.96961686
0.96961686
0.96961686
0.97003104
0.97003104
0.97003104
0.97003104
0.97165538
0.97243456
0.97243456
0.97243456
0.97243456
0.97243456
0.97243456
0.97143677
0.97141064
0.97141064
0.97127266
0.97127266
0.97127266
0.97057948
0.97057948
0.97057948
0.97057948
0.97057948
0.97057948
0.97015124
0.97015124
0.97015124
0.97042269
0.97042269
0.97042269
0.96989185
0.9691427
0.9691427
0.9691427
0.97022366
0.97022366
0.97022366
0.97022366
0.97022366
0.97022366
0.97022366
0.97022366
0.97060758
0.97599877
0.97599877
0.97599877
0.97413628
0.97413628
0.97413628
0.97413628
0.97413628
0.97413628
0.9741915
0.9741915
0.9741915
0.9741915
0.97442559
0.97448673
0.97448673
0.97448673
0.97448673
0.97297085
0.97297085
0.97297085
0.97297085
0.97297085
0.97297085
0.97297085
0.97297085
0.97321189
0.97321189
0.97321189
0.97321189
0.97321189
0.97320005
0.97240254
0.97240254
0.97238328
0.97238328
0.97238328
0.97238328
0.97238328
0.97238328
0.9724116
0.97307845
0.97369038
0.97423869
0.97423869
0.97466262
0.97466262
0.97466262
0.97464524
0.97464524
0.97415496
0.97403542
0.97351657
0.97351657
0.97351657
0.9749392
0.9749392
0.9749392
0.97397698
0.97355821
0.97355821
0.97355821
0.97357676
0.97357676
0.97368284
0.97418026
0.97418026
0.97418026
0.97413839
0.97413839
0.97413839
0.97413839
0.97413839
0.97413839
0.97406553
0.97406553
0.97394445
0.97394445
0.97331437
0.97331437
0.97331437
0.97331437
0.97331437
0.97331437
0.97287441
0.97287441
0.97287441
0.97287441
0.97287441
0.97287441
0.97287441
0.97220649
0.97220649
0.97220649
0.97368858
0.97368858
0.97368858
0.97368858
0.97340292
0.97198503
0.97198503
0.97198503
0.9720542
0.9720542
0.9720542
0.9720542
0.9720542
0.97216324
0.97216324
0.97216324
0.97216324
0.97142243
0.97142243
0.97142243
0.97142243
0.97142243
0.97142243
0.97169384
0.97169384
0.97169384
0.97169384
0.9717506
0.9717506
0.97339307
0.97339307
0.97339307
0.97339307
0.97339307
0.97339307
0.9730709
0.9730709
0.9730709
0.97269031
0.97269031
0.97269031
0.9727546
0.9727546
0.9727546
0.9727546
0.9727546
0.97316292
0.97316292
0.97456036
0.97456036
0.97456036
0.97456036
0.97456036
0.97456036
0.97359192
0.97359192
0.97359192
0.97359192
0.97359192
0.97359192
0.97359192
0.97359192
0.97359192
0.9737416
0.97498324
0.97498324
0.97498324
0.97442139
0.97442139
0.97442139
0.97442139
0.97442139
0.97442139
0.97314058
0.97314058
0.97145443
0.97137895
0.97137895
0.97137895
0.97161308
0.97234913
0.97234913
0.97234913
0.97234913
0.97234913
0.97280749
0.97280749
0.97280749
0.97280749
0.97280749
0.97260826
0.97260826
0.97260826
0.97282179
0.97282179
0.97359373
0.97359373
0.97359373
0.97186213
0.9717059
0.9717059
0.9717059
0.97185591
0.97185591
0.97185591
0.97163781
0.97163781
0.97163781
0.97163781
0.97259454
0.97259454
0.97259454
0.97259454
0.97259454
0.97259454
0.97259454
0.97259454
0.97259454
0.97129866
0.97068025
0.97068025
0.97068025
0.97160329
0.97194196
0.97211795
0.97211795
0.97211795
0.97077941
0.97031254
0.97031254
0.97031254
0.97086853
0.97086853
0.97086853
0.97080387
0.97080387
0.97080387
0.97080387
0.97080387
0.97080387
0.97080387
0.97181137
0.97181137
0.97181137
0.97082116
0.97082116
0.97082116
0.97243795
0.97243795
0.97243795
0.97243795
0.97243795
0.97200067
0.97180698
0.97134955
0.97134955
0.97134955
0.97134955
0.97134955
0.97153146
0.97153146
0.97317081
0.97317081
0.97317081
0.97417371
0.97417371
0.97417371
0.97362656
0.97362656
0.97362656
0.97362656
0.97362656
0.97362656
0.97362656
0.97362656
0.97362656
0.97370368
0.97405285
0.97405285
0.97405285
0.97405285
0.97312143
0.97312143
0.97312143
0.97312143
0.97312143
0.97312143
0.97312143
0.97312143
0.97312143
0.97312143
0.97312143
0.97312143
0.97310849
0.97310849
0.97310849
0.97407705
0.97407705
0.97413007
0.97413007
0.97413007
0.97413007
0.97493463
0.97493463
0.97493463
0.97493463
0.97493463
0.97357536
0.97357536
0.97357536
0.97359764
0.97359764
0.97359764
0.97359764
0.97359764
0.97433268
0.97464623
0.97464623
0.97464623
0.97464623
0.97504642
0.97518929
0.97545807
0.97770944
0.97770944
0.97770944
0.97680504
0.97680504
0.97680504
0.97683669
0.97683669
0.97683669
0.9770679
0.97749444
0.97896529
0.97906666
0.97906666
0.97906666
0.97906666
0.98291604
0.98392408
0.98392408
0.98392408
0.98392408
0.98118851
0.97151324
0.95721185
0.95435236
0.95030903
0.94871579
0.90777652
0.90777652
0.90777652
0.93267394
0.93267394
0.93267394
0.93267394
0.93267394
0.90566721
0.90566721
0.90566721
0.92184514
0.93618442
0.93618442
0.93618442
0.93380741
0.84306538
0.78097518
0.5795475
0.54567943
0.54567943
0.44967343
0.33630457
0.33630457
0.33630457
0.38732581
0.38732581
0.38732581
0.36915854
0.36915854
0.36915854
0.38338602
0.38338602
0.38338602
0.38338602
0.37989736
0.37989736
0.37989736
0.37989736
0.37989736
0.38666079
0.38666079
0.38666079
0.42215376
0.43119626
0.44182168
0.44182168
0.44182168
0.42951733
0.42951733
0.42951733
0.44764187
0.44764187
0.44764187
0.44764187
0.44764187
0.44764187
0.49219702
0.51927471
0.51927471
0.51927471
0.51927471
0.53203677
0.53203677
0.53203677
0.49024005
0.49024005
0.49024005
0.49024005
0.49024005
0.49024005
0.49024005
0.49024005
0.49024005
0.49024005
0.49024005
0.54435239
0.54435239
0.54435239
0.54435239
0.54435239
0.52384632
0.52384632
0.52384632
0.56523104
0.56967683
0.5714018
0.5714018
0.5714018
0.55467539
0.55467539
0.54273112
0.54273112
0.50716158
0.50716158
0.50716158
0.51526098
0.51526098
0.51526098
0.49155026
0.47844487
0.47844487
0.47844487
0.49913774
0.49913774
0.53649953
0.61633657
0.61633657
0.61633657
0.61633657
0.61633657
0.61633657
0.61431986
0.60152134
0.60152134
0.58959882
0.58959882
0.58959882
0.58959882
0.58959882
0.58959882
0.60853788
0.60853788
0.60853788
0.60853788
0.60085522
0.60085522
0.60085522
0.60085522
0.60085522
0.61413605
0.61654526
0.61654526
0.61654526
0.61654526
0.61654526
0.61654526
0.60176534
0.58081173
0.58081173
0.58081173
0.58081173
0.58081173
0.57135489
0.56997252
0.56997252
0.56997252
0.56997252
0.56997252
0.56997252
0.63361133
0.63361133
0.63361133
0.62596775
0.62596775
0.61700095
0.61700095
0.61700095
0.61700095
0.61700095
0.61136976
0.60881086
0.60881086
0.60881086
0.60881086
0.59372955
0.5478777
0.54544403
0.54544403
0.54544403
0.55487231
0.56943052
0.56943052
0.56943052
0.56943052
0.56568769
0.56568769
0.56568769
0.57100847
0.57100847
0.57100847
0.57100847
0.57100847
0.57100847
0.57100847
0.57100847
0.57100847
0.57100847
0.57100847
0.57100847
0.57100847
0.57100847
0.57100847
0.57100847
0.57100847
0.59117608
0.60916271
0.60916271
0.60916271
0.58905272
0.56263407
0.56263407
0.56263407
0.60160687
0.60160687
0.60160687
0.60160687
0.60160687
0.60160687
0.60160687
0.60160687
0.60160687
0.60172455
0.60172455
0.60172455
0.60172455
0.60172455
0.59848156
0.59848156
0.59848156
0.62110105
0.62110105
0.62110105
0.59453519
0.59091262
0.59091262
0.59091262
0.59577067
0.60811255
0.60811255
0.60811255
0.60811255
0.60811255
0.60811255
0.60811255
0.62199903
0.62199903
0.62199903
0.6216396
0.6216396
0.6216396
0.6216396
0.6216396
0.6216396
0.6216396
0.6216396
0.62134974
0.62134974
0.62134974
0.6082449
0.6082449
0.6082449
0.6082449
0.6082449
0.6082449
0.6082449
0.6082449
0.6082449
0.6011763
0.6011763
0.6011763
0.57075163
0.57075163
0.57075163
0.57075163
0.57075163
0.57075163
0.57075163
0.57075163
0.57075163
0.57075163
0.57075163
0.57075163
0.57075163
0.57075163
0.57075163
0.57075163
0.57075163
0.60407628
0.60407628
0.60407628
0.60407628
0.60407628
0.60407628
0.5594721
0.5594721
0.5594721
0.5594721
0.5594721
0.5594721
0.57099247
0.57099247
0.57099247
0.57099247
0.57099247
0.57099247
0.56290493
0.56290493
0.56290493
0.56787249
0.57756768
0.59372688
0.59372688
0.59372688
0.59372688
0.59372688
0.59372688
0.59116959
0.59116959
0.59116959
0.59116959
0.59116959
0.59116959
0.57557318
0.57557318
0.56048772
0.54300649
0.54300649
0.54300649
0.54300649
0.54300649
0.56632466
0.56632466
0.57143675
0.57143675
0.57143675
0.57143675
0.58059683
0.58059683
0.60378762
0.60378762
0.60378762
0.60378762
0.60378762
0.58567457
0.58567457
0.58567457
0.59401223
0.59401223
0.59401223
0.59401223
0.60447678
0.60447678
0.61430519
0.61430519
0.61430519
0.60720091
0.60720091
0.60720091
0.60720091
0.60720091
0.60006608
0.58398175
0.58398175
0.58398175
0.58398175
0.58398175
0.58398175
0.58398175
0.58398175
0.58398175
0.59408686
0.59408686
0.59866951
0.59866951
0.59866951
0.59866951
0.59866951
0.59866951
0.59866951
0.59866951
0.59866951
0.59866951
0.59866951
0.59866951
0.58655665
0.58655665
0.58655665
0.55394737
0.55394737
0.55394737
0.55394737
0.55394737
0.55394737
0.60733928
0.61244295
0.62265885
0.62265885
0.62265885
0.62265885
0.593455
0.593455
0.593455
0.60357576
0.60357576
0.60357576
0.60357576
0.57539921
0.57539921
0.57539921
0.57539921
0.58145155
0.58145155
0.58145155
0.55626479
0.55626479
0.55626093
0.55626093
0.55626093
0.55626093
0.55351068
0.55351068
0.55351068
0.58132081
0.6253329
0.6253329
0.6253329
0.6253329
0.6253329
0.6253329
0.6253329
0.60954766
0.60954766
0.56189019
0.56189019
0.56189019
0.56189019
0.56751889
0.56751889
0.56751889
0.56751889
0.56751889
0.56751889
0.5731722
0.5731722
0.5731722
0.5731722
0.5731722
0.5731722
0.5731722
0.5831813
0.59067638
0.59067638
0.59067638
0.59067638
0.57430495
0.57430495
0.57430495
0.57430495
0.57430495
0.58927203
0.58927203
0.60158931
0.60158931
0.60158931
0.60158931
0.60930522
0.60930522
0.60930522
0.56505275
0.56505275
0.56505275
0.56505275
0.56505275
0.57748403
0.57748403
0.57748403
0.57748403
0.57748403
0.59405523
0.59405523
0.59405523
0.59405523
0.59405523
0.58072123
0.58072123
0.55791807
0.55791807
0.55791807
0.56346331
0.56346331
0.56346331
0.56346331
0.56346331
0.56346331
0.56346331
0.57726766
0.57726766
0.57726766
0.59155639
0.59155639
0.59155639
0.61047324
0.61047324
0.61047324
0.56893078
0.56893078
0.56893078
0.58655379
0.58655379
0.58655379
0.58655379
0.58655379
0.58655379
0.58655379
0.58655379
0.58655379
0.58655379
0.58655379
0.57352244
0.57352244
0.57352244
0.57352244
0.57352244
0.57352244
0.57666905
0.57666905
0.57666905
0.57666905
0.58556586
0.58556586
0.59465416
0.59465416
0.59465416
0.59465416
0.59465416
0.586136
0.586136
0.57253712
0.57253712
0.57253712
0.55547074
0.55547074
0.55547074
0.56876666
0.56876666
0.56876666
0.56876666
0.56876666
0.56876666
0.57472803
0.57472803
0.61458769
0.61458769
0.61458769
0.61458769
0.61458769
0.61919535
0.61919535
0.61919535
0.60195099
0.60195099
0.60093008
0.60093008
0.60093008
0.60093008
0.60093008
0.60093008
0.59001417
0.59001417
0.59001417
0.58189964
0.58189964
0.58189964
0.58189964
0.58189964
0.58189964
0.58189964
0.58189964
0.59336298
0.62305659
0.62305659
0.62305659
0.60370659
0.60370659
0.60370659
0.60370659
0.61587114
0.61587114
0.61587114
0.58912534
0.58912534
0.58912534
0.60667923
0.60667923
0.60667923
0.60667923
0.60667923
0.60667923
0.62504396
0.62504396
0.62504396
0.61415794
0.60371721
0.60371721
0.60371721
0.60371721
0.60371721
0.60371721
0.59128635
0.59128635
0.59128635
0.59859294
0.60625252
0.60625252
0.60625252
0.60625252
0.60625252
0.58910529
0.58424001
0.58424001
0.58424001
0.58424001
0.58424001
0.58424001
0.54542448
0.54331285
0.54331285
0.54331285
0.57108021
0.58066168
0.58066168
0.58066168
0.58837644
0.60321954
0.60321954
0.60321954
0.58714716
0.58714716
0.58714716
0.58714716
0.59371345
0.59429808
0.59429808
0.59429808
0.59429808
0.58495782
0.58495782
0.58495782
0.58495782
0.58495782
0.58495782
0.58495782
0.57326486
0.57326486
0.57326486
0.59527576
0.59527576
0.59527576
0.59527576
0.59527576
0.59334146
0.59334146
0.59334146
0.59334146
0.59334146
0.59334146
0.59334146
0.59334146
0.59841543
0.59841543
0.59841543
0.59841543
0.59841543
0.59841543
0.59841543
0.59841543
0.60562259
0.60832308
0.60832308
0.60832308
0.59702046
0.59702046
0.59702046
0.5718401
0.5718401
0.5718401
0.5718401
0.5718401
0.5718401
0.5718401
0.5718401
0.5718401
0.57360314
0.57360314
0.5916296
0.59901763
0.59901763
0.59901763
0.58632059
0.58632059
0.58632059
0.58632059
0.58632059
0.58632059
0.58632059
0.57389249
0.57389249
0.57389249
0.57389249
0.61342583
0.61342583
0.61342583
0.56701313
0.56701313
0.56701313
0.56701313
0.56701313
0.56701313
0.52660374
0.52660374
0.52660374
0.52660374
0.54576341
0.55931681
0.55931681
0.55931681
0.55931681
0.55931681
0.55931681
0.59593411
0.59593411
0.59593411
0.59593411
0.59593411
0.59593411
0.57208673
0.57208673
0.56635519
0.56635519
0.56635519
0.60198778
0.60198778
0.60198778
0.59387174
0.59387174
0.59387174
0.60649574
0.60649574
0.60649574
0.5767251
0.56277746
0.56277746
0.56277746
0.56864833
0.5727906
0.5727906
0.57290382
0.57290382
0.57290382
0.55496833
0.55496833
0.55496833
0.55496833
0.55496833
0.5108134
0.5108134
0.5108134
0.56094736
0.57867449
0.57867449
0.63132886
0.63132886
0.63132886
0.6017916
0.6017916
0.56117546
0.56117546
0.56117546
0.56058246
0.56058246
0.56058246
0.56058246
0.56058246
0.56058246
0.56058246
0.56667407
0.56667407
0.56667407
0.58063634
0.58063634
0.58063634
0.58063634
0.58063634
0.58063634
0.56113021
0.56113021
0.56113021
0.57778335
0.57778335
0.57778335
0.57778335
0.57396051
0.57396051
0.57396051
0.57396051
0.56658646
0.56658646
0.56658646
0.56064675
0.56064675
0.56064675
0.5607842
0.5607842
0.5607842
0.5607842
0.5607842
0.5607842
0.57324882
0.57324882
0.57324882
0.56329035
0.56329035
0.56329035
0.56329035
0.56329035
0.56329035
0.58842509
0.58842509
0.58842509
0.58842509
0.57757025
0.57757025
0.57757025
0.57757025
0.57757025
0.57757025
0.57757025
0.56320077
0.56320077
0.56320077
0.58470222
0.58470222
0.58470222
0.57854848
0.57854848
0.57854848
0.57296319
0.57296319
0.57296319
0.57296319
0.57296319
0.57296319
0.57296319
0.58126144
0.58126144
0.58126144
0.570328
0.55871442
0.55871442
0.52821889
0.52821889
0.52821889
0.5583892
0.5583892
0.56894932
0.56894932
0.62459853
0.6530264
0.6530264
0.6530264
0.6655966
0.6655966
0.6655966
0.6655966
0.71206118
0.71206118
0.80153763
0.86942685
0.86942685
0.86942685
0.8578122
0.8578122
0.8578122
0.8578122
0.8578122
0.8578122
0.8578122
0.8578122
0.81914625
0.6860396
0.6860396
0.6860396
0.80104074
0.83513369
0.83513369
0.84694035
0.84694035
0.84694035
0.8519448
0.8519448
0.8519448
0.8519448
0.8519448
0.8519448
0.84093377
0.84093377
0.84093377
0.84093377
0.84093377
0.84093377
0.86841482
0.87970147
0.87970147
0.87970147
0.87970147
0.88777655
0.88852983
0.90443109
0.91891978
0.91891978
0.91891978
0.91891978
0.91148409
0.91148409
0.91148409
0.91148409
0.90253737
0.87917922
0.87917922
0.85195922
0.85012335
0.82574484
0.82574484
0.82574484
0.82574484
0.82574484
0.82574484
0.82574484
0.8328206
0.8328206
0.8328206
0.93879696
0.94464041
0.94887446
0.94887446
0.94887446
0.94804714
0.92778898
0.92778898
0.92778898
0.93133448
0.93133448
0.93133448
0.93133448
0.93133448
0.93133448
0.91290501
0.91290501
0.91290501
0.91290501
0.91290501
0.91290501
0.91290501
0.91290501
0.91290501
0.91387663
0.91387663
0.91387663
0.92733171
0.92733171
0.94625292
0.95799734
0.95799734
0.95799734
0.95799734
0.95799734
0.95799734
0.95799734
0.95799734
0.95799734
0.96057611
0.96057611
0.96057611
0.96057611
0.96057611
0.96057611
0.96057611
0.96672187
0.96672187
0.96672187
0.96672187
0.97864658
0.97864658
0.97864658
0.97864658
0.97864658
0.97864658
0.96770918
0.96770918
0.96063226
0.95418457
0.90192841
0.87221595
0.86692641
0.82492503
0.82492503
0.82492503
0.79493856
0.77412679
0.77412679
0.77412679
0.77412679
0.77338226
0.77338226
0.77338226
0.77338226
0.77338226
0.77338226
0.77338226
0.77338226
0.77338226
0.77338226
0.77338226
0.77338226
0.77338226
0.77338226
0.77338226
0.76709585
0.76709585
0.76709585
0.78002516
0.78002516
0.78002516
0.78002516
0.78002516
0.78002516
0.78002516
