0.30836718
0.32526402
0.32462463
0.32526402
0.33874066
0.33973323
0.33973323
0.33973323
0.33973323
0.33973323
0.34662578
0.34662578
0.34662578
0.34662578
0.34662578
0.34902147
0.34902147
0.34902147
0.340631
0.338943
0.338943
0.338943
0.338943
0.338943
0.338943
0.338943
0.338943
0.30644957
0.30644957
0.29864372
0.29864372
0.29864372
0.30211416
0.30211416
0.3099572
0.31500525
0.31500525
0.31500525
0.31500525
0.31500525
0.31500525
0.30248504
0.30248504
0.27878172
0.27878172
0.26353774
0.26353774
0.26353774
0.26633045
0.27517122
0.27517122
0.27517122
0.27517122
0.27517122
0.27517122
0.28500825
0.28500825
0.28500825
0.28500825
0.28500825
0.28500825
0.28500825
0.29200126
0.29200126
0.29200126
0.29200126
0.29200126
0.30821953
0.33069529
0.33493307
0.33493307
0.33493307
0.33493307
0.33493307
0.33493307
0.33493307
0.3444291
0.3444291
0.3444291
0.32848472
0.32848472
0.32848472
0.32243518
0.31965848
0.31827151
0.31827151
0.31827151
0.31827151
0.31827151
0.31827151
0.32278573
0.32278573
0.32278573
0.32278573
0.32278573
0.32278573
0.31486809
0.30049956
0.30049956
0.2969784
0.2969784
0.2969784
0.29752108
0.29752108
0.29752108
0.29481112
0.27243469
0.26867945
0.26808143
0.26808143
0.26808143
0.2752702
0.28693691
0.29274898
0.29274898
0.29274898
0.28516786
0.28516786
0.28516786
0.28516786
0.25999079
0.25999079
0.25999079
0.25999079
0.25999079
0.25999079
0.26105314
0.26105314
0.27211716
0.27950677
0.29283081
0.29283081
0.29283081
0.28224012
0.27242166
0.27088867
0.27088867
0.27088867
0.27251624
0.27321748
0.27321748
0.27321748
0.27321748
0.27321748
0.2750459
0.2750459
0.2750459
0.2750459
0.2750459
0.2750459
0.26531862
0.25513692
0.25513692
0.25513692
0.25734699
0.25734699
0.25734699
0.25734699
0.26290656
0.27683081
0.27683081
0.27683081
0.2758493
0.2758493
0.2758493
0.2758493
0.26965622
0.26965622
0.21658955
0.2151131
0.21275255
0.21275255
0.20023702
0.20023702
0.20023702
0.20023702
0.20023702
0.22696486
0.23078472
0.24023803
0.24023803
0.37345515
0.37345515
0.38494369
0.38494369
0.38494369
0.38494369
0.38639215
0.38639215
0.38639215
0.38639215
0.38639215
0.38639215
0.38448056
0.37721372
0.37355264
0.36344448
0.33782582
0.33782582
0.33694462
0.33694462
0.22193395
0.22193395
0.22193395
0.22193395
0.22193395
0.22193395
0.22193395
0.22193395
0.18597674
0.18597674
0.18597674
0.18597674
0.18597674
0.18597674
0.18597674
0.18597674
0.18636059
0.20359041
0.20359041
0.20359041
0.19435984
0.19435984
0.18910406
0.17817862
0.17817862
0.17817862
0.17817862
0.21198896
0.21198896
0.21215609
0.21215609
0.21215609
0.19358046
0.19358046
0.19358046
0.19358046
0.19358046
0.19358046
0.205624
0.205624
0.205624
0.205624
0.205624
0.205624
0.205624
0.22800227
0.22800227
0.22800227
0.21774393
0.21774393
0.21774393
0.33963135
0.33963135
0.36635728
0.38488722
0.38488722
0.38488722
0.38488722
0.40547788
0.40547788
0.40547788
0.30041638
0.30041638
0.30041638
0.30041638
0.29089895
0.29089895
0.27259573
0.27259573
0.26612917
0.25347896
0.25347896
0.25347896
0.28268652
0.29805562
0.30018769
0.30018769
0.30018769
0.30476461
0.30476461
0.44000519
0.44000519
0.44091465
0.44091465
0.44091465
0.44091465
0.4486612
0.45563275
0.45563275
0.45563275
0.41972463
0.41972463
0.41972463
0.42321518
0.42321518
0.43629671
0.44040753
0.44040753
0.44040753
0.44040753
0.32207924
0.32207924
0.30125805
0.30125805
0.30125805
0.30125805
0.41262577
0.41262577
0.41358865
0.42724701
0.42877815
0.42877815
0.43500149
0.4398511
0.4398511
0.4398511
0.4398511
0.4398511
0.4398511
0.4398511
0.4398511
0.4398511
0.4398511
0.31169854
0.31169854
0.31169854
0.43643515
0.43752576
0.43752576
0.43752576
0.41921907
0.41921907
0.41921907
0.41921907
0.42382596
0.42382596
0.42748527
0.43898316
0.44520139
0.44520139
0.44830958
0.44830958
0.44830958
0.44830958
0.44830958
0.44830958
0.44830958
0.44830958
0.44830958
0.30674939
0.30674939
0.30327952
0.30160017
0.30160017
0.30160017
0.30160017
0.30053335
0.30037869
0.30037869
0.30037869
0.41623436
0.41623436
0.41623436
0.41623436
0.29011829
0.28521221
0.28521221
0.27504816
0.27504816
0.2661935
0.26299902
0.26299902
0.25937059
0.25937059
0.25937059
0.25937059
0.25937059
0.25937059
0.25937059
0.25937059
0.25937059
0.24391832
0.24391832
0.24391832
0.24860342
0.24860342
0.24860342
0.24860342
0.24860342
0.24860342
0.24860342
0.24860342
0.24843828
0.24843828
0.24843828
0.24843828
0.24194268
0.23574931
0.23574931
0.23574931
0.23222227
0.23222227
0.23222227
0.23222227
0.23222227
0.23046668
0.22370647
0.22370647
0.22370647
0.22370647
0.22370647
0.22370647
0.22370647
0.21034135
0.21034135
0.21034135
0.20494968
0.20494968
0.15933356
0.14317302
0.14317302
0.14165648
0.14165648
0.14165648
0.14165648
0.14165648
0.14165648
0.14165648
0.14874768
0.14874768
0.14874768
0.1925101
0.1925101
0.1925101
0.19040892
0.19040892
0.18903655
0.18903655
0.18903655
0.19550813
0.19550813
0.20636329
0.20636329
0.20636329
0.24330939
0.24330939
0.24330939
0.24300432
0.24300432
0.24300432
0.24300432
0.24300432
0.24300432
0.25028122
0.25028122
0.25028122
0.25028122
0.25028122
0.25028122
0.25028122
0.25028122
0.25028122
0.24529558
0.2158283
0.2158283
0.21056976
0.21056976
0.21056976
0.21056976
0.21056976
0.21947953
0.21947953
0.22138957
0.22138957
0.22138957
0.22138957
0.21224862
0.20371879
0.17662856
0.17662856
0.17662856
0.17662856
0.17662856
0.17662856
0.17662856
0.17662856
0.1567344
0.1567344
0.1567344
0.12419243
0.12419243
0.12419243
0.12419243
0.12419243
0.12419243
0.12419243
0.12419243
0.11736534
0.11230616
0.11230616
0.11230616
0.11230616
0.11230616
0.11230616
0.10434446
0.10434446
0.10434446
0.09441165
0.09441165
0.09441165
0.09006859
0.09006859
0.09006859
0.09348249
0.09348249
0.09348249
0.09348249
0.09348249
0.09348249
0.09348249
0.09348249
0.09906891
0.09906891
0.09906891
0.09906891
0.136938
0.136938
0.136938
0.136938
0.136938
0.136938
0.136938
0.15745604
0.15745604
0.15745604
0.15745604
0.15745604
0.15745604
0.15745604
0.15745604
0.15745604
0.15745604
0.15745604
0.15745604
0.15745604
0.15745604
0.09364176
0.09364176
0.07506719
0.07506719
0.07506719
0.07506719
0.07506719
0.07506719
0.07506719
0.06988424
0.06988424
0.06988424
0.06988424
0.10220793
0.10220793
0.13692872
0.24854313
0.26240603
0.27570258
0.27939873
0.31005744
0.31005744
0.31005744
0.34616507
0.34616507
0.34616507
0.33887322
0.33887322
0.25315718
0.24848022
0.229027
0.22370711
0.22370711
0.22370711
0.22370711
0.22370711
0.2631366
0.26591968
0.27431681
0.2785893
0.30151784
0.32967325
0.34326672
0.34741573
0.34741573
0.35058584
0.39011735
0.41131043
0.42794981
0.47467143
0.47690552
0.47690552
0.47690552
0.49856873
0.49856873
0.49856873
0.49757624
0.49757624
0.49757624
0.51609562
0.51940197
0.51940197
0.53117439
0.53870244
0.55891726
0.55893915
0.57018008
0.57676827
0.57702708
0.57702708
0.57702708
0.57702708
0.57702708
0.57702708
0.59362162
0.59362162
0.6035591
0.6035591
0.6035591
0.6035591
0.6035591
0.6035591
0.6035591
0.5816142
0.57649225
0.57649225
0.57649225
0.57649225
0.57649225
0.57649225
0.57649225
0.57649225
0.57649225
0.57649225
0.57649225
0.57806229
0.57806229
0.57806229
0.57806229
0.59910226
0.60090893
0.60345354
0.60345354
0.62836855
0.62836855
0.62836855
0.62661693
0.62661693
0.62661693
0.627853
0.627853
0.627853
0.627853
0.63182029
0.63182029
0.63182029
0.62951684
0.60625142
0.60555344
0.60555344
0.60555344
0.60555344
0.60555344
0.60348797
0.59823099
0.59823099
0.59823099
0.59823099
0.5957427
0.59190974
0.58877349
0.58877349
0.58877349
0.58877349
0.59154396
0.59154396
0.59154396
0.59154396
0.59641036
0.59641036
0.59920145
0.59920145
0.59920145
0.59920145
0.59920145
0.59920145
0.59920145
0.60521656
0.60521656
0.60521656
0.60521656
0.59732727
0.59732727
0.59732727
0.59732727
0.59732727
0.59732727
0.59732727
0.59732727
0.59732727
0.59665585
0.59665585
0.59665585
0.58226791
0.58226791
0.58226791
0.58994339
0.60197319
0.60197319
0.602423
0.602423
0.60653014
0.6125534
0.6125534
0.6125534
0.6125534
0.61154666
0.61137273
0.61137273
0.6039873
0.6039873
0.6039873
0.6039873
0.6039873
0.60204454
0.60204454
0.57988022
0.57988022
0.57781525
0.57781525
0.57781525
0.57781525
0.57781525
0.57728524
0.57728524
0.57728524
0.58009163
0.58009163
0.58009163
0.55835148
0.55835148
0.54390863
0.54390863
0.54390863
0.54390863
0.54390863
0.54390863
0.54390863
0.54390863
0.54390863
0.5444963
0.5444963
0.5444963
0.5444963
0.5444963
0.5444963
0.5444963
0.5444963
0.52037343
0.52037343
0.52037343
0.52037343
0.5295413
0.54059533
0.54059533
0.54059533
0.53228924
0.53228924
0.52101041
0.52101041
0.52101041
0.52680703
0.52680703
0.52680703
0.52680703
0.52680703
0.52680703
0.52680703
0.52680703
0.52919528
0.52919528
0.52919528
0.52919528
0.52919528
0.52919528
0.50336762
0.50336762
0.50336762
0.50336762
0.50336762
0.50336762
0.5001263
0.49925496
0.49925496
0.49925496
0.49925496
0.49115021
0.49115021
0.49115021
0.49292507
0.49934614
0.49934614
0.49934614
0.49815385
0.48682855
0.47510643
0.47510643
0.47510643
0.47529552
0.47529552
0.47529552
0.48642288
0.48642288
0.49024004
0.49024004
0.49024004
0.49024004
0.49024004
0.49024004
0.49024004
0.49024004
0.49024004
0.49024004
0.49024004
0.49024004
0.48845597
0.48472043
0.48472043
0.48472043
0.45864728
0.45864728
0.45864728
0.49202305
0.49202305
0.49202305
0.49202305
0.49202305
0.49202305
0.49202305
0.49202305
0.48093869
0.48083604
0.48083604
0.47418351
0.47418351
0.47418351
0.47758863
0.47758863
0.47820181
0.47976171
0.48141273
0.48981021
0.49722023
0.50403216
0.50968008
0.50968008
0.50968008
0.50968008
0.50968008
0.52181984
0.52181984
0.53289902
0.53289902
0.53289902
0.53289902
0.53289902
0.53289902
0.53289902
0.53289902
0.53800517
0.55318079
0.55759299
0.56958843
0.57019538
0.61102473
0.61102473
0.61102473
0.60259466
0.57943474
0.57558591
0.56250126
0.54484756
0.54421008
0.53133649
0.5235937
0.5235937
0.5235937
0.5235937
0.52048083
0.52048083
0.52048083
0.52048083
0.52048083
0.50281714
0.50281714
0.50281714
0.49330821
0.48361536
0.45564918
0.45564918
0.43338533
0.42994224
0.42450424
0.42450424
0.41110412
0.35367774
0.33331152
0.31941108
0.31941108
0.31941108
0.31941108
0.30221299
0.30221299
0.30221299
0.32143106
0.32143106
0.32143106
0.31298944
0.31298944
0.30093987
0.30093987
0.29330484
0.28997391
0.28997391
0.28997391
0.29494013
0.29787319
0.31498974
0.31498974
0.31498974
0.36515338
0.36515338
0.38168204
0.39457249
0.40408425
0.40408425
0.41798314
0.41798314
0.41798314
0.39781827
0.39781827
0.3959307
0.39093882
0.39093882
0.39093882
0.39093882
0.39282647
0.39282647
0.40251089
0.4158272
0.4158272
0.4158272
0.41487395
0.40951686
0.40665642
0.40665642
0.40665642
0.40665642
0.43404413
0.43820844
0.43981518
0.44694961
0.44694961
0.44694961
0.44694961
0.45649233
0.45649233
0.4769238
0.49264586
0.4953464
0.50274395
0.50757026
0.52447043
0.52447043
0.52447043
0.51613409
0.51613409
0.51613409
0.51613409
0.51613409
0.51613409
0.51613409
0.52985926
0.53852341
0.53852341
0.53852341
0.53852341
0.53852341
0.53852341
0.53852341
0.53852341
0.53852341
0.53852341
0.53852341
0.53852341
0.53852341
0.53852341
0.53962069
0.54087851
0.54087851
0.5466402
0.55360169
0.55360169
0.55360169
0.55360169
0.55360169
0.55360169
0.55360169
0.55360169
0.55360169
0.55360169
0.54836894
0.54836894
0.54836894
0.54836894
0.54836894
0.54836894
0.54092371
0.54092371
0.54092371
0.54226037
0.54226037
0.55459574
0.55553411
0.56722845
0.56722845
0.57251037
0.57251037
0.57251037
0.57251037
0.57251037
0.57251037
0.56886735
0.56886735
0.56886735
0.58680742
0.58714118
0.58714118
0.58714118
0.58387811
0.58387811
0.58387811
0.5924236
0.5924236
0.5924236
0.5924236
0.5924236
0.56209453
0.56209453
0.56209453
0.56209453
0.56209453
0.56209453
0.56209453
0.56249283
0.58197396
0.59137003
0.59719691
0.59719691
0.59719691
0.59719691
0.59719691
0.57674631
0.57498017
0.57133424
0.57133424
0.57133424
0.57971423
0.57971423
0.59323749
0.59323749
0.59323749
0.59323749
0.56157678
0.56157678
0.56157678
0.56237289
0.56568647
0.56568647
0.56568647
0.55431441
0.55431441
0.55431441
0.56577786
0.56577786
0.56577786
0.56009601
0.56009601
0.56009601
0.56009601
0.56009601
0.56009601
0.56009601
0.55464498
0.55464498
0.55464498
0.55464498
0.5549837
0.55922332
0.55922332
0.55922332
0.55922332
0.55922332
0.56368363
0.56368363
0.56368363
0.55659745
0.55659745
0.55659745
0.56122694
0.56122694
0.56122694
0.56792792
0.56792792
0.56792792
0.56792792
0.56792792
0.56903441
0.57085298
0.57085298
0.57744033
0.57744033
0.57744033
0.58461846
0.58461846
0.58461846
0.58461846
0.71189953
0.71189953
0.71189953
0.71189953
0.71189953
0.71189953
0.71189953
0.71189953
0.61501568
0.61501568
0.61501568
0.61796426
0.62470386
0.72179926
0.72179926
0.73629896
0.73629896
0.73629896
0.72157127
0.72087414
0.72087414
0.72087414
0.7276041
0.74019689
0.74019689
0.74019689
0.73088381
0.73088381
0.73088381
0.72121519
0.72121519
0.72121519
0.72121519
0.72121519
0.72121519
0.69574403
0.69481987
0.69283205
0.69283205
0.69283205
0.56977795
0.56977795
0.56977795
0.55669125
0.53333529
0.52804473
0.52804473
0.52804473
0.52804473
0.52743587
0.52743587
0.52743587
0.50867044
0.50867044
0.50867044
0.50867044
0.48573963
0.48573963
0.48573963
0.48671456
0.48671456
0.48671456
0.48671456
0.48760716
0.48760716
0.48760716
0.48118021
0.48118021
0.48118021
0.48118021
0.48118021
0.47671544
0.47671544
0.47671544
0.47842001
0.47842001
0.47842001
0.47842001
0.47842001
0.47842001
0.47842001
0.47842001
0.47842001
0.48102754
0.49271621
0.49271621
0.49271621
0.48220799
0.48220799
0.48220799
0.47518947
0.47518947
0.47518947
0.47518947
0.47156076
0.46762791
0.46762791
0.46762791
0.46762791
0.46762791
0.47443367
0.47443367
0.47443367
0.47085987
0.44743838
0.44743838
0.44743838
0.44743838
0.44743838
0.44743838
0.44743838
0.44743838
0.44000994
0.44000994
0.41753872
0.40734597
0.40734597
0.40734597
0.40734597
0.40734597
0.39478354
0.37665099
0.37665099
0.34905016
0.33725302
0.31830041
0.30347818
0.28076055
0.28076055
0.28076055
0.22525016
0.22525016
0.22525016
0.22525016
0.22525016
0.22525016
0.2376405
0.2376405
0.2702553
0.2702553
0.2702553
0.23349163
0.23349163
0.23349163
0.2340373
0.24676657
0.26722674
0.26722674
0.26722674
0.26722674
0.27057198
0.27057198
0.27057198
0.27057198
0.27057198
0.28430459
0.28430459
0.28430459
0.28430459
0.28648533
0.30686976
0.30686976
0.30686976
0.30708187
0.30708187
0.30708187
0.30279202
0.29527928
0.2920787
0.2920787
0.28747698
0.28710652
0.26086164
0.26086164
0.26086164
0.26086164
0.26899692
0.27828502
0.27828502
0.27828502
0.27934907
0.27934907
0.27934907
0.27934907
0.25049843
0.25049843
0.2299009
0.2299009
0.2299009
0.23006116
0.25176723
0.25176723
0.258181
0.26012717
0.26012717
0.26012717
0.26012717
0.28084521
0.28084521
0.28084521
0.28084521
0.29090115
0.32067669
0.32067669
0.32067669
0.32067669
0.32067669
0.32067669
0.31960052
0.31362253
0.31362253
0.31362253
0.31362253
0.31362253
0.31362253
0.30985149
0.30913388
0.30913388
0.30913388
0.30913388
0.30913388
0.33480172
0.33480172
0.33480172
0.33480172
0.33480172
0.33594915
0.34690301
0.34690301
0.36869403
0.37900962
0.37900962
0.37900962
0.38769184
0.38769184
0.39327748
0.39327748
0.40125675
0.40125675
0.40125675
0.40125675
0.40125675
0.40125675
0.4123552
0.41799278
0.41799278
0.41799278
0.41032509
0.41032509
0.41032509
0.41038516
0.41038516
0.41038516
0.41136058
0.41136058
0.41136058
0.41136058
0.41136058
0.40867322
0.40867322
0.39258686
0.39136291
0.39136291
0.37779941
0.37068738
0.37068738
0.37068738
0.37068738
0.34931187
0.34931187
0.34931187
0.35076048
0.35076048
0.35221787
0.35626082
0.35626082
0.35626082
0.34844775
0.34844775
0.34844775
0.35902555
0.37083332
0.37494747
0.37494747
0.37494747
0.37494747
0.37494747
0.38235097
0.38294595
0.38294595
0.38294595
0.38294595
0.38294595
0.38294595
0.38293631
0.38293631
0.38293631
0.38293631
0.39539587
0.39539587
0.39539587
0.39035037
0.39035037
0.38731054
0.38186978
0.37144586
0.36109577
0.36109577
0.36109577
0.35337303
0.35289325
0.34512298
0.34064595
0.31884678
0.29607
0.29607
0.29051206
0.29051206
0.29051206
0.29636295
0.29636295
0.29666044
0.29666044
0.29666044
0.31313482
0.32568705
0.32890471
0.32890471
0.32890471
0.32890471
0.32993496
0.32993496
0.32993496
0.32936875
0.32936875
0.31313418
0.31313418
0.31313418
0.31313418
0.31313418
0.30597758
0.30597758
0.30597758
0.30597758
0.30182482
0.30182482
0.30182482
0.30182482
0.30182482
0.28103381
0.27355868
0.25632205
0.25632205
0.25632205
0.2683233
0.2683233
0.27089526
0.27276838
0.27276838
0.27276838
0.25786439
0.24325398
0.24325398
0.23669505
0.23669505
0.23669505
0.23669505
0.22628091
0.22628091
0.22628091
0.22628091
0.23467612
0.25327259
0.28484558
0.28484558
0.28484558
0.28484558
0.2723394
0.25379395
0.25379395
0.25379395
0.25515109
0.26886075
0.28771892
0.28771892
0.28771892
0.28771892
0.29150753
0.29150753
0.29150753
0.29150753
0.29053317
0.29053317
0.29053317
0.29053317
0.29053317
0.29053317
0.29053317
0.29053317
0.29053317
0.30222773
0.30378516
0.30733777
0.3271822
0.3271822
0.3271822
0.3271822
0.3271822
0.3271822
0.33110117
0.33110117
0.33110117
0.33110117
0.34295017
0.34841658
0.34841658
0.36598413
0.36598413
0.36788843
0.36788843
0.36788843
0.36788843
0.36788843
0.37976598
0.39126167
0.40186342
0.40654264
0.41063922
0.4130466
0.4130466
0.41464328
0.41464328
0.41464328
0.40665961
0.40648107
0.40648107
0.40648107
0.40648107
0.40648107
0.40648107
0.40648107
0.40648107
0.40648107
0.40648107
0.40648107
0.40648107
0.40514682
0.39614026
0.39614026
0.39614026
0.39957896
0.39957896
0.39957896
0.40807711
0.40807711
0.40807711
0.39782132
0.39782132
0.39782132
0.39650526
0.39650526
0.39650526
0.39650526
0.35552848
0.35552848
0.35552848
0.36056442
0.37756696
0.37756696
0.37756696
0.37390397
0.37390397
0.37390397
0.37390397
0.37390397
0.37390397
0.37390397
0.37390397
0.37390397
0.37390397
0.37390397
0.37390397
0.37390397
0.37390397
0.37789428
0.37789428
0.37789428
0.37789428
0.37789428
0.37789428
0.37789428
0.37789428
0.37789428
0.36470875
0.3541002
0.3541002
0.3541002
0.36164178
0.36164178
0.36164178
0.36668828
0.36668828
0.36668828
0.36931613
0.37621457
0.40025356
0.40025356
0.40025356
0.40025356
0.39211871
0.39211871
0.39211871
0.3844654
0.3844654
0.3844654
0.3844654
0.3844654
0.3844654
0.38119546
0.38119546
0.38119546
0.38119546
0.38062656
0.38062656
0.38062656
0.39312615
0.39312615
0.39312615
0.39312615
0.39312615
0.39603945
0.42509674
0.42853097
0.42853097
0.42853097
0.44651617
0.44651617
0.44651617
0.44651617
0.44083686
0.44083686
0.44083686
0.44083686
0.44083686
0.44083686
0.44083686
0.43756735
0.43756735
0.43756735
0.45146078
0.45587922
0.46294783
0.46584759
0.46584759
0.46584759
0.46276724
0.46276724
0.46276724
0.46276724
0.46611497
0.46611497
0.46611497
0.46714997
0.48751754
0.48751754
0.48751754
0.48751754
0.4974247
0.4974247
0.4974247
0.4924985
0.4924985
0.4924985
0.4924985
0.4924985
0.4924985
0.4924985
0.4924985
0.4924985
0.4924985
0.4924985
0.4924985
0.49340158
0.50412164
0.50412164
0.50412164
0.50412164
0.52120021
0.52120021
0.52120021
0.52120021
0.48901007
0.48901007
0.48901007
0.48901007
0.48729175
0.48597307
0.48597307
0.48597307
0.48540878
0.48540878
0.47859642
0.47859642
0.47859642
0.48103802
0.48218404
0.49486224
0.49486224
0.49486224
0.50171426
0.51188342
0.52600632
0.52600632
0.53441599
0.53441599
0.53441599
0.53441599
0.53441599
0.53441599
0.53347132
0.53347132
0.53347132
0.53563243
0.53563243
0.53563243
0.53563243
0.53563243
0.53563243
0.53563243
0.52023853
0.52023853
0.52023853
0.52384436
0.52384436
0.52384436
0.51756251
0.51684731
0.51684731
0.51684731
0.5210549
0.53519474
0.53519474
0.53519474
0.51739183
0.51634309
0.51634309
0.51352055
0.51352055
0.51352055
0.51352055
0.51352055
0.51352055
0.51352055
0.51352055
0.51352055
0.50094373
0.50094373
0.50094373
0.50094373
0.50094373
0.50094373
0.50094373
0.50210917
0.50210917
0.50210917
0.50210917
0.50210917
0.50210917
0.50210917
0.50233517
0.50233517
0.53019146
0.5468322
0.54729086
0.55951493
0.55951493
0.55951493
0.55951493
0.57714312
0.58772538
0.59148941
0.61075842
0.61075842
0.64193907
0.65596169
0.65596169
0.65596169
0.67623722
0.67623722
0.67623722
0.67623722
0.68603942
0.68603942
0.68603942
0.68917029
0.71446416
0.71446416
0.71446416
0.71446416
0.73032334
0.73032334
0.73032334
0.71768273
0.71768273
0.71768273
0.71768273
0.72006662
0.72006662
0.72349533
0.7307039
0.74414125
0.74865321
0.75392231
0.75392231
0.75392231
0.74603981
0.74228606
0.74228606
0.74228606
0.74228606
0.74228606
0.74228606
0.74228606
0.75424916
0.75424916
0.75424916
0.74120561
0.74120561
0.74120561
0.74120561
0.74120561
0.74327848
0.75274132
0.75681212
0.76405791
0.76557188
0.76747128
0.77859548
0.77859548
0.77859548
0.76391147
0.76391147
0.76391147
0.76391147
0.76208079
0.76208079
0.76208079
0.76208079
0.76208079
0.76208079
0.74523917
0.74523917
0.74119895
0.74119895
0.74119895
0.74119895
0.74119895
0.74119895
0.74936203
0.74936203
0.74936203
0.74936203
0.74936203
0.74479053
0.74479053
0.74479053
0.75079009
0.75079009
0.75771106
0.75771106
0.75771106
0.75771106
0.75771106
0.75771106
0.75771106
0.75771106
0.75771106
0.75771106
0.75771106
0.75771106
0.75771106
0.75771106
0.75593057
0.75299549
0.75299549
0.75299549
0.7368426
0.7368426
0.72909989
0.72909989
0.72909989
0.72909989
0.72468414
0.72468414
0.72468414
0.73237468
0.73237468
0.73237468
0.72990007
0.72981856
0.72981856
0.72744749
0.72744749
0.72744749
0.72744749
0.72744749
0.73040616
0.73040616
0.74173001
0.74173001
0.74173001
0.73938116
0.73938116
0.73938116
0.74557654
0.74557654
0.74557654
0.74336342
0.74336342
0.74336342
0.74381894
0.74381894
0.74381894
0.74381894
0.74381894
0.74322396
0.74159735
0.74159735
0.74159735
0.74365436
0.74365436
0.74365436
0.74365436
0.74365436
0.74566177
0.74919749
0.75124008
0.75124008
0.75124008
0.75080136
0.75080136
0.75080136
0.75080136
0.74891187
0.74891187
0.74891187
0.74891187
0.74891187
0.74891187
0.74651448
0.74651448
0.74651448
0.74651448
0.74651448
0.74633935
0.74257019
0.73916213
0.73916213
0.73518578
0.73518578
0.73518578
0.73992154
0.73992154
0.73992154
0.73517508
0.72973691
0.72634189
0.72400277
0.72400277
0.72400277
0.72400277
0.72400277
0.72400277
0.72400277
0.72400277
0.72400277
0.73038041
0.73038041
0.73038041
0.72705787
0.72705787
0.72705787
0.72705787
0.72988849
0.72988849
0.72988849
0.72937732
0.72937732
0.72297308
0.72211297
0.72211297
0.71595166
0.71595166
0.71595166
0.71818798
0.72560459
0.72560459
0.72560459
0.72560459
0.72560459
0.72691238
0.72778476
0.72778476
0.72778476
0.72778476
0.72778476
0.70426358
0.70426358
0.70426358
0.70666544
0.70666544
0.70666544
0.70666544
0.70666544
0.70666544
0.70455158
0.70455158
0.70455158
0.70691662
0.71055458
0.71055458
0.71161172
0.71161172
0.71161172
0.71161172
0.71161172
0.70976747
0.70976747
0.70976747
0.71129174
0.71511924
0.71511924
0.71678121
0.71736874
0.71736874
0.71736874
0.71736874
0.71736874
0.71736874
0.71736874
0.71736874
0.71449228
0.71449228
0.71449228
0.71964636
0.71964636
0.71964636
0.71964636
0.71250294
0.71250294
0.71250294
0.71958933
0.72286834
0.72286834
0.72286834
0.72286834
0.72286834
0.72286834
0.72286834
0.72286834
0.72286834
0.72426193
0.72426193
0.72426193
0.72426193
0.70863604
0.70643476
0.70469192
0.70469192
0.70469192
0.70469192
0.70469192
0.7041769
0.70408842
0.70408842
0.70408842
0.70408842
0.70408842
0.70408842
0.70408842
0.68892445
0.68892445
0.68370406
0.68370406
0.68370406
0.69009711
0.69704269
0.72317595
0.74242747
0.74242747
0.74242747
0.74242747
0.755978
0.76217016
0.78442856
0.80479354
0.82400984
0.85304531
0.86147241
0.86147241
0.86147241
0.82049505
0.82049505
0.81371093
0.81371093
0.81371093
0.81371093
0.82101851
0.83201586
0.83634939
0.83634939
0.83833905
0.83833905
0.83833905
0.82279928
0.81694722
0.79949405
0.79949405
0.79949405
0.79949405
0.79949405
0.79949405
0.79949405
0.81633687
0.82133073
0.82133073
0.83277658
0.84066017
0.84066017
0.84066017
0.84066017
0.84066017
0.84066017
0.84066017
0.83972967
0.83972967
0.83972967
0.83972967
0.83972967
0.84221728
0.84221728
0.84221728
0.84221728
0.84221728
0.84221728
0.84221728
0.84221728
0.84221728
0.84221728
0.84221728
0.84221728
0.84335129
0.85066347
0.85066347
0.85066347
0.85066347
0.85066347
0.85066347
0.85066347
0.85066347
0.85066347
0.8622926
0.8622926
0.8622926
0.8622926
0.8622926
0.8622926
0.86584263
0.87086596
0.87477204
0.87477204
0.87477204
0.87477204
0.87194415
0.86853351
0.86853351
0.86853351
0.86853351
0.86853351
0.86853351
0.86853351
0.86853351
0.86853351
0.85232444
0.85232444
0.85232444
0.85232444
0.85232444
0.85725684
0.85725684
0.85725684
0.85678436
0.85678436
0.84401927
0.84040091
0.83617581
0.83617581
0.83617581
0.83617581
0.83617581
0.83617581
0.84340092
0.84340092
0.84437808
0.84437808
0.84495962
0.84495962
0.84495962
0.85000378
0.85653976
0.85704171
0.85704171
0.85704171
0.85704171
0.85665691
0.85665691
0.85665691
0.8600662
0.8600662
0.86119784
0.86119784
0.86119784
0.85989404
0.85982745
0.85982745
0.85982745
0.85982745
0.83537999
0.83299904
0.82191075
0.81739685
0.81739685
0.81739685
0.81739685
0.81739685
0.81739685
0.81739685
0.81739685
0.81739685
0.83103481
0.83608824
0.83831578
0.84082351
0.84082351
0.84082351
0.84082351
0.84082351
0.84082351
0.84082351
0.83952439
0.83952439
0.83952439
0.83952439
0.83952439
0.83952439
0.8433413
0.8433413
0.84559278
0.84559278
0.84559278
0.84559278
0.84559278
0.84573589
0.84573589
0.84573589
0.84573589
0.8458247
0.8458247
0.8458247
0.8458247
0.8458247
0.84456912
0.84363851
0.84363851
0.8419171
0.8311534
0.82947671
0.82947671
0.82947671
0.83874036
0.83874036
0.83874036
0.83557804
0.8321234
0.82918159
0.82918159
0.82918159
0.83838786
0.83838786
0.83838786
0.84334924
0.84334924
0.84334924
0.8390398
0.8390398
0.8390398
0.84412423
0.84412423
0.84412423
0.83716239
0.82303534
0.82303534
0.82303534
0.82303534
0.83586469
0.84156489
0.84871143
0.84871143
0.84871143
0.84055599
0.84055599
0.84055599
0.84055599
0.83529037
0.83099134
0.81747726
0.80967645
0.80858211
0.80858211
0.80858211
0.81262602
0.8158312
0.82140243
0.82140243
0.83199113
0.83199113
0.83199113
0.82277218
0.81560686
0.81227122
0.81227122
0.81227122
0.81722317
0.82476787
0.82607304
0.83085847
0.83085847
0.83085847
0.83582597
0.83582597
0.83582597
0.8339549
0.8339549
0.8339549
0.8339549
0.83454417
0.8392641
0.8392641
0.84343029
0.84343029
0.84343029
0.84123336
0.84123336
0.84123336
0.84123336
0.84123336
0.84114037
0.84114037
0.83905917
0.83905917
0.83905917
0.83917044
0.84207268
0.84814841
0.84814841
0.84814841
0.84814841
0.84814841
0.84985068
0.84985068
0.84985068
0.84681252
0.84388838
0.84388838
0.84388838
0.84644298
0.85739152
0.85739152
0.85739152
0.85739152
0.85739152
0.85739152
0.84626384
0.84626384
0.84626384
0.84839538
0.84839538
0.84839538
0.86529761
0.86529761
0.86529761
0.86529761
0.86529761
0.85907973
0.85907973
0.85907973
0.85907973
0.84809077
0.84809077
0.84809077
0.85225338
0.85225338
0.85434865
0.85434865
0.86513827
0.86513827
0.86513827
0.86220401
0.86220401
0.86091629
0.86091629
0.86091629
0.86271067
0.86271067
0.86271067
0.8584058
0.8584058
0.8584058
0.85334733
0.85334733
0.85334733
0.85525371
0.85730898
0.85730898
0.85730898
0.85296387
0.8479918
0.8479918
0.8479918
0.8479918
0.8479918
0.85070155
0.85070155
0.85070155
0.85137442
0.85137442
0.85137442
0.84659102
0.84659102
0.84659102
0.84659102
0.84659102
0.84659102
0.84702456
0.84762697
0.85496579
0.85496579
0.85496579
0.85330107
0.85330107
0.85330107
0.85330107
0.85330107
0.85330107
0.8545722
0.85515432
0.85515432
0.85515432
0.85515432
0.85870874
0.85870874
0.85870874
0.85870874
0.85870874
0.85870874
0.85870874
0.85870874
0.85870874
0.84315363
0.83869162
0.81868948
0.81868948
0.81868948
0.81868948
0.81741693
0.81741693
0.81741693
0.81208836
0.81208836
0.81208836
0.81208836
0.82194936
0.82194936
0.82194936
0.82194936
0.82194936
0.82194936
0.82194936
0.82194936
0.82194936
0.80224071
0.79910899
0.7974357
0.7974357
0.7974357
0.7974357
0.79215006
0.79038763
0.79038763
0.79038763
0.79038763
0.79038763
0.79038763
0.79038763
0.77613086
0.77613086
0.77613086
0.77613086
0.77613086
0.77437404
0.75761938
0.75224734
0.75224734
0.74220522
0.74220522
0.74220522
0.73016071
0.70555583
0.70326124
0.69718874
0.68057564
0.67567813
0.6634242
0.65948774
0.65948774
0.65948774
0.65948774
0.65948774
0.65948774
0.65948774
0.65948774
0.65948774
0.62874638
0.6165447
0.6165447
0.6165447
0.61355043
0.61355043
0.60341967
0.47303615
0.43395246
0.43388147
0.37404169
0.37404169
0.37404169
0.37404169
0.37404169
0.37404169
0.37404169
0.42379705
0.44152698
0.45166043
0.45681277
0.45681277
0.45681277
0.45681277
0.45681277
0.45681277
0.46538929
0.47543828
0.47599981
0.47599981
0.47599981
0.47599981
0.47599981
0.48180536
0.48180536
0.50332469
0.50332469
0.50332469
0.50697011
0.51449108
0.51449108
0.51449108
0.51191119
0.51191119
0.51191119
0.51191119
0.51198452
0.51198452
0.51198452
0.51198452
0.51198452
0.51198452
0.50429954
0.48112013
0.47123175
0.47123175
0.43495615
0.42603964
0.41600538
0.41600538
0.41600538
0.43074649
0.43074649
0.43074649
0.41452432
0.41452432
0.41452432
0.3995599
0.38461892
0.38461892
0.36635863
0.35353364
0.35353364
0.35353364
0.3461555
0.3461555
0.31513483
0.3061282
0.28463077
0.28463077
0.28463077
0.27756549
0.27756549
0.27756549
0.27756549
0.27493389
0.27493389
0.27493389
0.27493389
0.27493389
0.27493389
0.27493389
0.27493389
0.27493389
0.27493389
0.252144
0.252144
0.252144
0.252144
0.252144
0.252144
0.252144
0.252144
0.252144
0.252144
0.252144
0.252144
0.252144
0.29460226
0.29460226
0.29460226
0.30547358
0.30547358
0.30547358
0.30547358
0.30547358
0.30547358
0.30547358
0.30547358
0.32909968
0.32909968
0.33937814
0.34493601
0.34493601
0.35396453
0.37389384
0.38193985
0.38193985
0.38193985
0.38193985
0.38193985
0.37570178
0.37570178
0.37570178
0.37747033
0.38920924
0.38920924
0.39985172
0.39985172
0.39985172
0.39985172
0.39985172
0.39985172
0.39985172
0.39453196
0.39453196
0.39453196
0.39453196
0.39453196
0.35640584
0.35640584
0.35640584
0.36340672
0.36940498
0.36940498
0.36940498
0.36940498
0.374118
0.39671639
0.41111333
0.41111333
0.41111333
0.40172307
0.38745351
0.38745351
0.3735418
0.3735418
0.37054611
0.37054611
0.37054611
0.37054611
0.37054611
0.37054611
0.37054611
0.37525126
0.37525126
0.37525126
0.32555329
0.32283986
0.32283986
0.32283986
0.32325311
0.32325311
0.35298316
0.35562511
0.35562511
0.35562511
0.3412276
0.3412276
0.3412276
0.34381026
0.34381026
0.34381026
0.34381026
0.35690468
0.359702
0.359702
0.359702
0.359702
0.36356174
0.36356174
0.36356174
0.36356174
0.36356174
0.36356174
0.36356174
0.39204949
0.39204949
0.39204949
0.39204949
0.39204949
0.39011239
0.39011239
0.39011239
0.39011239
0.39011239
0.39011239
0.39011239
0.39011239
0.39011239
0.38825415
0.38825415
0.38825415
0.38825415
0.38825415
0.38825415
0.37850179
0.37680834
0.37278359
0.37278359
0.37278359
0.37795266
0.37795266
0.37795266
0.37795266
0.37475774
0.37475774
0.37082291
0.37082291
0.37082291
0.37082291
0.37082291
0.37082291
0.37082291
0.38206291
0.38541347
0.38541347
0.38541347
0.38541347
0.38541347
0.38541347
0.38811756
0.38811756
0.38811756
0.38759556
0.38759556
0.38200843
0.38200843
0.38200843
0.38200843
0.37187073
0.37187073
0.37187073
0.37187073
0.37062949
0.37062949
0.36463485
0.36463485
0.36463485
0.36463485
0.36463485
0.36463485
0.36463485
0.36463485
0.36463485
0.36463485
0.36463485
0.37012839
0.37290396
0.38244251
0.38244251
0.38244251
0.37083984
0.37083984
0.37083984
0.37083984
0.37083984
0.37083984
0.37083984
0.37083984
0.37083984
0.37083984
0.37083984
0.37083984
0.37602612
0.37602612
0.37602612
0.37271147
0.37271147
0.37271147
0.37271147
0.37368236
0.37368236
0.37368236
0.36808928
0.36808928
0.36808928
0.37326323
0.38441736
0.38441736
0.38441736
0.38441736
0.38441736
0.38441736
0.36005942
0.36005942
0.36005942
0.37041575
0.37105606
0.37105606
0.37105606
0.36083767
0.35349963
0.34590527
0.34590527
0.34590527
0.34590527
0.34590527
0.35108113
0.36463181
0.36463181
0.36463181
0.36871719
0.36871719
0.36871719
0.36871719
0.36871719
0.37000087
0.37000087
0.3711843
0.3711843
0.38178994
0.389908
0.40032186
0.40032186
0.40032186
0.38643473
0.38643473
0.38558939
0.38558939
0.38558939
0.39047237
0.39047237
0.39047237
0.38065554
0.37971235
0.37603625
0.37603625
0.37589342
0.37589342
0.36970622
0.36970622
0.36970622
0.38882496
0.3915005
0.39170857
0.39170857
0.39170857
0.38953662
0.38953662
0.38872578
0.38872578
0.38872578
0.39197574
0.39197574
0.39197574
0.38963148
0.38963148
0.37806665
0.37806665
0.37760366
0.37760366
0.37760366
0.37760366
0.37760366
0.37994104
0.37994104
0.37994104
0.37251948
0.37000342
0.36871301
0.36871301
0.36871301
0.36871301
0.37363794
0.37363794
0.37363794
0.37363794
0.37363794
0.37363794
0.35728158
0.35728158
0.35728158
0.35728158
0.35385273
0.35385273
0.35385273
0.35385273
0.35385273
0.35385273
0.35385273
0.35385273
0.35385273
0.35764248
0.36218468
0.36218468
0.36218468
0.36039587
0.36039587
0.36039587
0.35977107
0.35977107
0.35977107
0.35977107
0.35977107
0.35977107
0.35977107
0.35977107
0.37011047
0.37011047
0.37052386
0.37489724
0.37489724
0.37489724
0.3741661
0.3741661
0.3741661
0.36181295
0.36181295
0.36181295
0.37028497
0.3712946
0.3712946
0.3712946
0.3712946
0.3712946
0.3712946
0.3712946
0.3712946
0.35884156
0.35167327
0.33632471
0.33632471
0.33632471
0.33632471
0.33632471
0.33632471
0.33632471
0.31907144
0.29520255
0.29520255
0.29163356
0.29163356
0.29163356
0.23437708
0.23117359
0.23084005
0.23084005
0.23084005
0.23084005
0.23084005
0.23084005
0.28413003
0.28413003
0.28413003
0.24518371
0.24518371
0.22484264
0.22484264
0.20966157
0.20966157
0.20966157
0.20966157
0.22194083
0.22194083
0.22194083
0.22194083
0.22194083
0.22194083
0.22194083
0.22194083
0.22738109
0.24195819
0.24195819
0.24702984
0.24814249
0.25580848
0.25580848
0.25580848
0.25580848
0.25580848
0.25566204
0.25566204
0.25566204
0.25566204
0.25566204
0.25566204
0.25566204
0.25566204
0.25566204
0.25566204
0.25566204
0.25566204
0.25566204
0.25566204
0.25566204
0.26559648
0.26559648
0.26559648
0.26559648
0.26559648
0.26697962
0.26697962
0.26697962
0.26616708
0.24634737
0.24632718
0.24632718
0.24632718
0.24632718
0.24632718
0.23482965
0.23397439
0.23397439
0.23397439
0.273041
0.273041
0.273041
0.25811271
0.23804985
0.23804985
0.23432125
0.23432125
0.23432125
0.23432125
0.23432125
0.23183778
0.23183778
0.23183778
0.23183778
0.23183778
0.23183778
0.2412583
0.2412583
0.2412583
0.2412583
0.24938338
0.24938338
0.24938338
0.25412927
0.25412927
0.25524844
0.25916074
0.25916074
0.25916074
0.25916074
0.28309928
0.28309928
0.30045436
0.30229645
0.30229645
0.34303066
0.34938655
0.36611159
0.38445038
0.38445038
0.38821986
0.41586666
0.42851574
0.44246231
0.46461004
0.49446315
0.51742598
0.52186723
0.52186723
0.52186723
0.51739098
0.50662211
0.50066368
0.47202481
0.47162403
0.47162403
0.47162403
0.44987197
0.44987197
0.44987197
0.45878246
0.46291226
0.47096678
0.52571953
0.53304652
0.53808126
0.54935187
0.54935187
0.54935187
0.54935187
0.56619324
0.56619324
0.57101437
0.57939223
0.58414747
0.58467082
0.59071782
0.59071782
0.59351436
0.59781299
0.59781299
0.60565659
0.61338542
0.61338542
0.61338542
0.60683761
0.60421812
0.60421812
0.60421812
0.60421812
0.60421812
0.59374532
0.59307758
0.59307758
0.59307758
0.61482971
0.61482971
0.62634361
0.62795233
0.63868422
0.66199901
0.66199901
0.68300537
0.68483109
0.7062683
0.7062683
0.7062683
0.7062683
0.7062683
0.70599512
0.70599512
0.70599512
0.70599512
0.6898851
0.66468326
0.65399296
0.64475431
0.63990512
0.63990512
0.63159563
0.51671709
0.5147423
0.5147423
0.5147423
0.52847045
0.52847045
0.52847045
0.52847045
0.52847045
0.52847045
0.52847045
0.52847045
0.56553146
0.57520596
0.57520596
0.57520596
0.57801468
0.57801468
0.57801468
0.5959009
0.5959009
0.5959009
0.57346865
0.57346865
0.57346865
0.61324316
0.62426914
0.62426914
0.64744288
0.65560494
0.65560494
0.65560494
0.65560494
0.67727963
0.69160423
0.72609541
0.75272329
0.77537131
0.79008622
0.81823362
0.81823362
0.81823362
0.77385236
0.76786523
0.70719636
0.67694236
0.65630391
0.6208512
0.60018112
0.57760179
0.54559613
0.49722406
0.40190429
0.3544171
0.32036574
0.32036574
0.32036574
0.32036574
0.32036574
0.39419906
0.44270446
0.4644235
0.49742987
0.5388311
0.5388311
0.5388311
0.52365428
0.49689356
0.42622837
0.34135761
0.31866931
0.21573173
0.17241586
0.17241586
0.17241586
0.21311217
0.21311217
0.21311217
0.19372746
0.19372746
0.19372746
0.19372746
0.21448816
0.21881556
0.21881556
0.21921102
0.21921102
0.27880199
0.28581661
0.29476939
0.32186217
0.3512596
0.3512596
0.3512596
0.54689716
0.54689716
0.55618052
0.55618052
0.55618052
0.55618052
0.55618052
0.55265539
0.55265539
0.55265539
0.55265539
0.55265539
0.55265539
0.5389091
0.5389091
0.442996
0.442996
0.442996
0.47764878
0.51227385
0.53521444
0.56808896
0.56808896
0.60519347
0.60519347
0.62528955
0.63672906
0.63672906
0.63672906
0.63138181
0.63138181
0.63138181
0.63138181
0.63138181
0.63138181
0.63138181
0.6304314
0.6304314
0.6304314
0.6304314
0.62440035
0.62263846
0.61889483
0.61889483
0.61889483
0.61889483
0.61889483
0.61889483
0.61889483
0.61889483
0.61889483
0.61889483
0.60852625
0.60852625
0.60110695
0.60110695
0.60110695
0.58374861
0.58374861
0.58374861
0.58374861
0.57815276
0.57815276
0.57372341
0.57372341
0.57372341
0.57401573
0.58422888
0.59120276
0.59120276
0.59120276
0.58266238
0.58266238
0.58266238
0.55841864
0.55841864
0.54666946
0.54666946
0.54666946
0.54666946
0.54666946
0.54992353
0.55699951
0.55979796
0.55979796
0.55979796
0.55537123
0.55537123
0.55190462
0.54615412
0.54122813
0.54122813
0.54122813
0.54525004
0.54525004
0.54525004
0.54493548
0.54493548
0.54493548
0.53306012
0.53306012
0.53184042
0.53184042
0.53184042
0.53863117
0.53863117
0.53863117
0.5173489
0.50970884
0.50970884
0.50043534
0.4862593
0.4862593
0.46428726
0.46428726
0.46428726
0.46428726
0.46428726
0.46428726
0.46428726
0.46428726
0.44128639
0.44128639
0.44128639
0.44128639
0.41918145
0.41643429
0.41643429
0.41643429
0.42414293
0.42802045
0.4316007
0.4316007
0.4316007
0.4316007
0.4316007
0.4316007
0.431207
0.431207
0.42264721
0.42264721
0.42264721
0.42264721
0.41248174
0.41248174
0.41248174
0.41248174
0.35230055
0.35230055
0.35230055
0.33220482
0.33220482
0.33220482
0.33220482
0.32538907
0.32538907
0.32538907
0.32538907
0.32538907
0.3243659
0.3243659
0.3243659
0.33726407
0.33726407
0.33726407
0.33726407
0.33726407
0.33726407
0.33726407
0.33753442
0.33753442
0.35208893
0.35634534
0.35634534
0.35634534
0.35634534
0.35729384
0.35729384
0.35731871
0.35731871
0.35731871
0.35731871
0.35731871
0.35731871
0.50406369
0.50406369
0.50406369
0.50406369
0.50406369
0.50406369
0.50406369
0.48628778
0.48628778
0.48628778
0.50006112
0.50006112
0.50543309
0.50543309
0.50543309
0.50543309
0.50543309
0.35392925
0.35392925
0.35392925
0.35392925
0.35377183
0.35377183
0.35377183
0.38145632
0.38145632
0.38145632
0.3772942
0.3772942
0.3772942
0.38376239
0.38376239
0.38376239
0.39673417
0.39673417
0.40683056
0.40683056
0.40683056
0.40683056
0.40683056
0.40443367
0.40443367
0.38873846
0.38711026
0.38657543
0.37839807
0.37812198
0.37812198
0.37812198
0.37812198
0.35815286
0.35815286
0.35815286
0.35815286
0.35815286
0.5192646
0.52396799
0.52396799
0.52396799
0.52396799
0.35044953
0.35044953
0.35044953
0.35688236
0.35688236
0.37863442
0.37863442
0.37863442
0.37863442
0.37863442
0.37863442
0.37863442
0.37863442
0.37863442
0.37863442
0.37863442
0.37863442
0.56371501
0.60212346
0.63269319
0.63269319
0.63269319
0.63269319
0.63269319
0.63269319
0.63269319
0.63770674
0.63770674
0.63770674
0.40622638
0.40622638
0.40622638
0.40622638
0.41869317
0.42171762
0.42171762
0.42171762
0.41603747
0.41603747
0.41603747
0.40130783
0.40130783
0.40130783
0.40734257
0.41414706
0.41558299
0.41558299
0.41558299
0.41558299
0.41558299
0.40910305
0.40910305
0.40910305
0.40910305
0.40597069
0.40597069
0.40597069
0.40597069
0.39569605
0.39569605
0.39233557
0.39233557
0.39121321
0.39121321
0.38407865
0.38407865
0.38407865
0.38407865
0.38407865
0.38623643
0.38623643
0.38623643
0.38623643
0.39433707
0.40453739
0.40453739
0.40453739
0.40453739
0.40453739
0.40936525
0.40936525
0.40936525
0.40936525
0.40936525
0.41630669
0.41630669
0.41707899
0.42319669
0.43627595
0.43627595
0.44128164
0.44128164
0.44128164
0.41862374
0.41862374
0.41862374
0.42056254
0.42056254
0.42056254
0.4138675
0.4138675
0.4138675
0.4138675
0.4138675
0.4138675
0.4138675
0.4138675
0.4138675
0.4138675
0.4138675
0.41988566
0.42153165
0.42153165
0.42153165
0.42153165
0.42950377
0.42950377
0.42950377
0.42950377
0.42950377
0.42950377
0.42950377
0.42950377
0.42950377
0.42239882
0.42239882
0.42239882
0.42239882
0.42239882
0.42239882
0.42888832
0.42980706
0.42980706
0.42980706
0.43183456
0.44481733
0.45278619
0.45278619
0.45278619
0.45167453
0.45167453
0.44766658
0.44766658
0.35919806
0.35569808
0.35569808
0.35563425
0.35563425
0.35563425
0.35727967
0.35727967
0.35727967
0.35727967
0.35727967
0.35727967
0.35727967
0.36870451
0.37743037
0.37743037
0.37743037
0.37743037
0.37743037
0.39604327
0.39604327
0.39604327
0.39457178
0.39457178
0.39457178
0.39898073
0.39898073
0.40310402
0.40310402
0.40310402
0.40310402
0.41982488
0.42925262
0.42925262
0.42925262
0.42925262
0.42925262
0.42925262
0.42925262
0.42925262
0.43065121
0.43270187
0.43270187
0.43270187
0.43060728
0.42780656
0.42780656
0.42780656
0.42780656
0.42826841
0.43214197
0.43214197
0.43214197
0.43214197
0.43214197
0.43214197
0.43475119
0.43475119
0.43475119
0.43475119
0.43673936
0.43673936
0.45593222
0.45593222
0.45593222
0.4581928
0.4581928
0.46390313
0.46390313
0.46390313
0.46390313
0.47187688
0.48330023
0.50314473
0.66995512
0.66995512
0.66995512
0.65980952
0.65980952
0.65980952
0.66639616
0.66826996
0.66975211
0.67737205
0.68607577
0.68696461
0.68696461
0.68696461
0.68696461
0.68696461
0.68696461
0.68696461
0.68696461
0.68696461
0.68696461
0.68696461
0.68696461
0.68802144
0.69862045
0.69862045
0.69862045
0.6863289
0.67143189
0.67143189
0.67143189
0.67143189
0.53552772
0.53552772
0.53552772
0.53552772
0.67448156
0.6880694
0.69294689
0.69294689
0.69294689
0.70148908
0.70565158
0.70565158
0.70565158
0.70565158
0.68541703
0.68541703
0.66010049
0.65547419
0.53337837
0.52961165
0.52961165
0.52961165
0.52961165
0.52961165
0.52961165
0.52961165
0.52961165
0.52958537
0.50758698
0.50320092
0.50067813
0.49603914
0.49603914
0.49603914
0.50427559
0.50427559
0.50427559
0.50427559
0.50846668
0.50846668
0.50846668
0.49902385
0.49902385
0.49902385
0.49902385
0.49902385
0.49817447
0.49817447
0.49817447
0.49817447
0.49238514
0.49238514
0.49238514
0.49941741
0.49941741
0.50403266
0.50536848
0.50536848
0.50536848
0.49631105
0.49631105
0.49631105
0.4980575
0.4980575
0.4980575
0.4980575
0.4980575
0.4980575
0.4980575
0.4980575
0.4980575
0.50361913
0.50436089
0.50436089
0.50436089
0.49764949
0.49764949
0.49764949
0.49764949
0.49764949
0.49764949
0.65048891
0.65048891
0.65048891
0.65048891
0.65048891
0.65124477
0.65124477
0.65124477
0.65124477
0.65124477
0.64361509
0.63551113
0.63551113
0.63294477
0.63294477
0.63294477
0.63294477
0.63294477
0.63294477
0.63294477
0.63666444
0.63666444
0.63666444
0.64261863
0.64261863
0.64261863
0.64575364
0.64575364
0.65367737
0.66525011
0.66525011
0.66525011
0.66525011
0.66525011
0.66525011
0.66496254
0.66238314
0.66238314
0.66010524
0.66010524
0.66010524
0.66010524
0.67208056
0.6917619
0.70378459
0.70532218
0.70532218
0.73539152
0.73539152
0.76176052
0.76176052
0.76176052
0.76176052
0.76176052
0.80431993
0.81252963
0.81252963
0.81252963
0.81252963
0.81252963
0.65384149
0.65384149
0.65384149
0.65384149
0.65384149
0.65384149
0.65384149
0.65967084
0.65967084
0.65967084
0.65967084
0.65967084
0.66763751
0.67525249
0.67707662
0.67707662
0.68009377
0.68009377
0.68009377
0.68009377
0.68009377
0.68009377
0.68009377
0.68820865
0.68820865
0.69592926
0.69592926
0.69592926
0.70152248
0.70152248
0.70152248
0.69746189
0.69746189
0.69746189
0.69746189
0.69746189
0.69746189
0.69746189
0.69778637
0.71138076
0.71708524
0.71708524
0.71708524
0.71708524
0.71708524
0.71128497
0.71128497
0.71128497
0.71128497
0.70876704
0.70876704
0.70876704
0.70876704
0.70876704
0.70876704
0.70876704
0.72235764
0.72235764
0.72875511
0.73481745
0.73546853
0.73670488
0.73725058
0.73725058
0.73725058
0.73725058
0.73725058
0.73725058
0.73725058
0.73725058
0.73725058
0.72993149
0.71949712
0.71949712
0.71149454
0.70812988
0.69271625
0.69271625
0.69271625
0.69271625
0.69271625
0.68184475
0.68184475
0.68184475
0.68184475
0.67993756
0.67993756
0.67993756
0.67993756
0.68026728
0.68026728
0.6864621
0.69359889
0.69359889
0.69359889
0.69285645
0.69285645
0.69285645
0.69285645
0.69285645
0.69285645
0.69285645
0.69285645
0.68405188
0.68405188
0.68405188
0.68254412
0.68254412
0.68254412
0.68254412
0.68234826
0.68234826
0.68234826
0.7164829
0.7164829
0.7164829
0.7164829
0.71272844
0.70895206
0.7003076
0.69229195
0.69229195
0.69229195
0.69229195
0.67517838
0.67517838
0.67517838
0.6527542
0.63938709
0.61003833
0.58511177
0.57484577
0.55089179
0.5147083
0.47552542
0.44001199
0.42100242
0.32741742
0.17648212
0.07560739
0.05029195
0.04659757
0.03539752
0.03539752
0.03539752
0.03678513
0.10650805
0.14906189
0.22046459
0.22922431
0.26741186
0.33500271
0.41928524
0.41928524
0.41928524
0.41928524
0.51047831
0.55338575
0.63012952
0.64663558
0.68187989
0.68187989
0.68187989
0.68187989
0.68187989
0.70167912
0.70975394
0.70975394
0.70975394
0.70975394
0.70975394
0.71308533
0.75993423
0.75993423
0.75993423
0.74945406
0.74945406
0.74945406
0.76737975
0.76737975
0.76737975
0.76723107
0.73958817
0.73958817
0.73958817
0.73958817
0.73958817
0.73319891
0.73319891
0.70672831
0.70672831
0.70672831
0.64417804
0.64417804
0.64417804
0.70309759
0.72041827
0.72041827
0.72041827
0.7157936
0.67948091
0.67459258
0.64920746
0.6304331
0.6304331
0.6304331
0.6304331
0.6304331
0.63537297
0.64548828
0.67578022
0.67578022
0.67578022
0.67578022
0.67578022
0.67578022
0.67578022
0.67578022
0.68538816
0.68538816
0.72521967
0.73761891
0.78305303
0.78305303
0.78305303
0.78305303
0.78305303
0.78305303
0.78305303
0.78305303
0.79303313
0.79303313
0.79303313
0.78632177
0.78632177
0.78632177
0.78632177
0.78632177
0.78339728
0.7823898
0.7823898
0.7823898
0.7823898
0.7823898
0.7823898
0.7823898
0.7823898
0.77474712
0.77474712
0.77302628
0.76943997
0.76943997
0.76943997
0.76750433
0.76750433
0.7617805
0.75845647
0.75845647
0.75354165
0.75354165
0.75354165
0.74084507
0.73685072
0.73685072
0.73685072
0.73461674
0.73461674
0.73461674
0.73461674
0.73036773
0.72734526
0.71972858
0.71972858
0.71972858
0.71972858
0.71972858
0.71972858
0.71972858
0.71972858
0.71972858
0.72089546
0.72089546
0.72089546
0.72089546
0.72089546
0.72089546
0.72089546
0.72089546
0.72306146
0.72306146
0.72306146
0.73196157
0.73196157
0.73196157
0.73196157
0.73006638
0.73006638
0.73006638
0.73006638
0.73006638
0.73006638
0.73521596
0.73521596
0.73521596
0.73521596
0.73521596
0.71679601
0.69397481
0.68265613
0.68076345
0.67739518
0.67739518
0.67739518
0.67739518
0.67739518
0.67739518
0.67739518
0.68132431
0.68685363
0.68685363
0.68685363
0.68393445
0.66808983
0.66083638
0.66083638
0.66083638
0.66083638
0.66084853
0.66084853
0.66084853
0.66084853
0.64143343
0.63576476
0.59989263
0.59487532
0.59487532
0.59487532
0.59487532
0.59454454
0.59454454
0.58270156
0.58270156
0.58270156
0.5663462
0.5663462
0.52838394
0.52838394
0.52838394
0.52838394
0.52502941
0.51300358
0.51300358
0.48534183
0.48154939
0.48154939
0.48154939
0.48154939
0.48154939
0.48091128
0.48091128
0.47483559
0.46201045
0.46201045
0.46201045
0.47559889
0.47559889
0.48737407
0.48901807
0.48901807
0.48901807
0.48901807
0.49364268
0.49364268
0.49364268
0.49364268
0.49767982
0.49767982
0.5026809
0.51257247
0.51257247
0.51257247
0.51257247
0.51257247
0.52117974
0.52117974
0.53111028
0.53111028
0.53111028
0.53111028
0.53064028
0.51647996
0.50906832
0.50906832
0.50906832
0.51073471
0.52017796
0.52865748
0.52865748
0.52865748
0.52865748
0.53050128
0.53050128
0.53050128
0.53050128
0.52726825
0.51809896
0.51809896
0.51721578
0.50584018
0.48617754
0.47559287
0.47559287
0.47405606
0.47405606
0.46257022
0.46076022
0.46076022
0.46076022
0.46565872
0.47135559
0.47135559
0.47135559
0.45280057
0.43821015
0.43363081
0.4246876
0.4246876
0.41146147
0.41146147
0.39619637
0.39619637
0.37070778
0.34117645
0.32372565
0.32372565
0.29245496
0.2699632
0.2699632
0.2699632
0.29279014
0.30071515
0.30071515
0.30071515
0.2972214
0.2972214
0.28823816
0.28823816
0.28823816
0.29667461
0.29667461
0.29667461
0.29667461
0.29667461
0.29667461
0.33409899
0.33409899
0.33409899
0.33409899
0.33409899
0.31571315
0.31571315
0.31571315
0.32186649
0.32186649
0.32186649
0.30881465
0.29379078
0.29379078
0.29379078
0.29379078
0.30857285
0.30857285
0.30857285
0.254901
0.254901
0.254901
0.254901
0.254901
0.254901
0.254901
0.254901
0.254901
0.254901
0.22992541
0.22992541
0.13251184
0.13251184
0.1064321
0.1064321
0.1064321
0.1064321
0.1064321
0.1064321
0.1064321
0.12711217
0.12721653
0.13576534
0.13576534
0.13576534
0.12615794
0.11696739
0.11106591
0.10487177
0.10487177
0.10487177
0.11124856
0.11124856
0.11124856
0.11124856
0.12085469
0.12462474
0.14648299
0.17847327
0.17847327
0.17847327
0.17652073
0.1678597
0.15131036
0.15131036
0.15131036
0.16501137
0.16501137
0.16501137
0.16501137
0.1702082
0.17290343
0.19914158
0.19914158
0.19914158
0.16879516
0.16879516
0.16879516
0.15809841
0.15809841
0.15809841
0.17720313
0.21390424
0.21390424
0.21390424
0.20960936
0.20960936
0.20960936
0.21986119
0.21986119
0.21986119
0.23684276
0.25975366
0.28433251
0.29838428
0.30616207
0.30616207
0.31991579
0.31991579
0.31991579
0.31878295
0.3056835
0.29004199
0.23810363
0.23810363
0.23810363
0.25652241
0.26826613
0.26826613
0.26826613
0.26826613
0.26826613
0.2729139
0.2729139
0.2729139
0.2729139
0.2729139
0.2729139
0.2371897
0.2371897
0.2371897
0.2371897
0.22755573
0.22755573
0.22755573
0.22755573
0.22755573
0.22755573
0.22875276
0.23687493
0.23687493
0.23687493
0.23687493
0.24608474
0.32045905
0.32779142
0.32779142
0.32779142
0.32779142
0.32338701
0.32338701
0.32338701
0.32338701
0.32338701
0.35894592
0.35894592
0.35894592
0.41148244
0.41684095
0.41684095
0.41684095
0.41206891
0.41206891
0.41206891
0.41206891
0.30141044
0.30141044
0.28726281
0.28726281
0.25961523
0.25961523
0.25961523
0.26165349
0.26165349
0.26165349
0.27384532
0.27384532
0.27384532
0.27384532
0.27384532
0.27384532
0.27384532
0.27384532
0.27384532
0.29006225
0.29006225
0.29006225
0.29006225
0.29569274
0.29569274
0.29569274
0.29569274
0.29659143
0.31455984
0.31455984
0.31455984
0.31455984
0.32811894
0.32811894
0.32811894
0.32811894
0.32811894
0.32811894
0.37323624
0.37766757
0.37766757
0.37766757
0.39294322
0.40429006
0.40429006
0.40429006
0.394536
0.394536
0.36282046
0.36282046
0.36137122
0.36137122
0.36137122
0.36137122
0.36137122
0.36137122
0.36137122
0.36371583
0.36371583
0.36371583
0.37242773
0.37654061
0.37654061
0.37654061
0.37654061
0.37654061
0.37654061
0.37654061
0.37654061
0.37654061
0.37654061
0.40430487
0.40430487
0.40430487
0.40430487
0.40430487
0.40932529
0.40932529
0.40932529
0.39404227
0.39404227
0.39404227
0.39404227
0.38357244
0.38357244
0.38357244
0.40968626
0.40968626
0.40968626
0.39757845
0.39757845
0.39757845
0.39757845
0.39757845
0.40311422
0.40311422
0.41683641
0.41683641
0.41683641
0.42715378
0.42715378
0.42715378
0.42715378
0.4140641
0.40351386
0.40351386
0.37350191
0.37350191
0.37350191
0.37350191
0.37228476
0.37228476
0.37228476
0.39211977
0.39211977
0.40498741
0.41734899
0.41734899
0.41734899
0.3570276
0.31395211
0.31395211
0.31395211
0.31395211
0.31395211
0.30912099
0.30912099
0.30912099
0.31108848
0.31108848
0.31108848
0.30968422
0.30968422
0.30968422
0.31088982
0.31088982
0.31088982
0.31088982
0.31088982
0.31088982
0.31088982
0.2773961
0.2773961
0.2773961
0.2773961
0.26034722
0.26034722
0.26034722
0.26034722
0.26034722
0.26034722
0.26208778
0.26208778
0.26208778
0.2451976
0.2451976
0.2451976
0.2451976
0.2451976
0.2451976
0.2451976
0.2451976
0.2451976
0.2451976
0.2451976
0.2472749
0.2472749
0.2472749
0.2472749
0.2472749
0.2472749
0.32532042
0.32532042
0.39660799
0.39660799
0.40775866
0.41438731
0.42440329
0.42440329
0.42440329
0.42440329
0.42440329
0.42440329
0.42440329
0.42440329
0.42440329
0.42885793
0.42885793
0.43890593
0.43890593
0.46305332
0.46305332
0.46305332
0.49306641
0.49306641
0.49306641
0.39582953
0.39582953
0.39582953
0.39582953
0.38756658
0.38756658
0.38756658
0.41999115
0.42162085
0.43179921
0.43928043
0.43928043
0.43928043
0.45085015
0.45085015
0.45085015
0.42106753
0.42106753
0.42106753
0.41193785
0.39230291
0.37524156
0.37524156
0.37524156
0.37524156
0.37524156
0.33879302
0.31221289
0.26475786
0.26475786
0.23600351
0.23600351
0.23600351
0.23740571
0.23740571
0.23740571
0.24020282
0.24020282
0.25813113
0.25813113
0.25813113
0.28011393
0.28515688
0.28515688
0.34908963
0.34908963
0.34908963
0.34908963
0.34629535
0.34614657
0.34614657
0.34614657
0.34614657
0.33271244
0.30613175
0.30613175
0.30613175
0.30613175
0.30613175
0.30613175
0.30613175
0.30613175
0.34716202
0.37411027
0.37455597
0.37455597
0.37455597
0.37455597
0.39856407
0.39856407
0.39856407
0.39113925
0.37275866
0.37275866
0.37275866
0.37275866
0.37275866
0.34003114
0.29915793
0.29915793
0.29915793
0.30700118
0.30700118
0.30883477
0.30883477
0.30883477
0.32211431
0.32793793
0.32793793
0.32793793
0.30751744
0.30490638
0.30490638
0.30490638
0.30490638
0.30490638
0.2897642
0.2897642
0.2897642
0.2897642
0.25684667
0.25468003
0.25468003
0.25468003
0.25468003
0.25468003
0.25468003
0.26088495
0.26659152
0.29624867
0.29624867
0.29624867
0.30370807
0.30370807
0.30370807
0.29125935
0.29125935
0.29125935
0.30759913
0.34534742
0.34534742
0.34534742
0.33181892
0.29738874
0.29738874
0.29738874
0.29738874
0.29738874
0.2960542
0.2960542
0.28827046
0.28817482
0.28817482
0.28817482
0.28817482
0.29177611
0.29177611
0.29460368
0.29635027
0.35047185
0.35937468
0.38600384
0.39577802
0.39577802
0.39577802
0.39577802
0.41820192
0.42373931
0.44522363
0.44551134
0.44551134
0.44551134
0.43947703
0.40908307
0.4040105
0.39744824
0.39744824
0.39744824
0.40494235
0.42084068
0.42084068
0.42956774
0.45481283
0.45481283
0.45481283
0.45481283
0.45481283
0.45481283
0.45481283
0.45538769
0.45538769
0.45538769
0.44284927
0.36270102
0.3424918
0.28502553
0.26963851
0.26963851
0.26963851
0.26995505
0.29620617
0.29842176
0.29842176
0.29842176
0.29842176
0.30670228
0.31120715
0.31120715
0.31120715
0.31336224
0.3622595
0.3622595
0.3622595
0.3622595
0.3744271
0.40423452
0.40423452
0.40423452
0.40112838
0.40112838
0.40112838
0.38909914
0.38765564
0.38765564
0.38765564
0.38765564
0.38765564
0.38765564
0.38765564
0.38765564
0.3903566
0.3903566
0.3903566
0.3903566
0.3903566
0.3903566
0.38365201
0.38365201
0.37512409
0.37512409
0.37512409
0.38769389
0.38769389
0.38769389
0.38769389
0.38769389
0.34839086
0.34558887
0.34558887
0.32668323
0.32668323
0.32668323
0.34644151
0.34644151
0.3470814
0.3470814
0.3600981
0.3600981
0.3600981
0.3600981
0.35997617
0.34973214
0.34973214
0.34973214
0.34973214
0.36169294
0.37919963
0.37919963
0.37919963
0.37340804
0.35231075
0.34719192
0.34719192
0.34515606
0.34515606
0.34515606
0.34515606
0.34407799
0.34407799
0.34407799
0.34407799
0.33489949
0.3251506
0.3251506
0.3251506
0.3251506
0.30930122
0.30075305
0.30045067
0.28953253
0.28117847
0.28117847
0.28117847
0.28117847
0.27618533
0.27618533
0.27618533
0.29666695
0.29666695
0.29666695
0.27777067
0.27777067
0.27777067
0.29600971
0.29600971
0.30302058
0.30302058
0.30302058
0.29034408
0.28373251
0.2729224
0.2729224
0.2729224
0.29264852
0.29495777
0.31255494
0.31255494
0.31255494
0.30432189
0.30432189
0.30432189
0.30432189
0.30299195
0.30299195
0.30299195
0.30299195
0.30299195
0.30418112
0.32420302
0.32420302
0.32420302
0.31095252
0.31095252
0.31095252
0.31095252
0.33962299
0.33962299
0.33962299
0.33662539
0.33662539
0.33662539
0.34770322
0.34770322
0.34770322
0.34870139
0.34870139
0.36051567
0.36051567
0.36051567
0.36051567
0.36051567
0.36051567
0.36051567
0.36051567
0.36051567
0.36051567
0.36051567
0.36040069
0.36040069
0.36040069
0.37968975
0.39821657
0.39821657
0.40196565
0.40196565
0.40196565
0.40167291
0.40167291
0.40167291
0.39948997
0.39627891
0.3875923
0.37276354
0.37276354
0.37276354
0.37276354
0.37276354
0.37276354
0.36606079
0.36606079
0.36490903
0.36490903
0.36490903
0.37933389
0.37933389
0.38213305
0.38213305
0.38213305
0.38213305
0.38213305
0.38344839
0.38344839
0.38876524
0.39956018
0.40267242
0.40448185
0.40448185
0.40448185
0.40716836
0.41311993
0.41311993
0.41311993
0.42764163
0.43613773
0.43920866
0.43920866
0.43920866
0.43920866
0.43920866
0.43920866
0.43920866
0.43920866
0.43920866
0.43920866
0.43920866
0.42604686
0.42604686
0.42604686
0.43005921
0.43005921
0.43005921
0.42114823
0.42096998
0.42096998
0.42096998
0.41917153
0.41917153
0.39768012
0.39768012
0.39768012
0.40389715
0.40389715
0.40389715
0.40389715
0.40389715
0.40389715
0.39644774
0.39644774
0.39644774
0.39644774
0.39644774
0.39095753
0.39095753
0.39095753
0.39095753
0.39095753
0.38476359
0.38476359
0.38476359
0.39897229
0.39897229
0.39897229
0.39858753
0.39858753
0.39858753
0.39858753
0.39858753
0.39809252
0.39151545
0.39151545
0.36953271
0.36493787
0.3576971
0.34283802
0.32925476
0.32925476
0.32925476
0.32925476
0.32925476
0.3376086
0.34738385
0.34778392
0.34778392
0.34778392
0.34778392
0.33139164
0.30697638
0.30697638
0.30697638
0.30697638
0.30697638
0.31548255
0.31548255
0.31548255
0.31548255
0.33989412
0.33989412
0.33989412
0.34613276
0.34613276
0.35997887
0.36569586
0.36569586
0.36569586
0.38287581
0.38287581
0.38287581
0.36430145
0.3610918
0.3560966
0.3560966
0.3560966
0.3560966
0.36692491
0.36692491
0.36692491
0.37551616
0.37551616
0.38402572
0.38704111
0.38704111
0.39374925
0.40883709
0.40883709
0.41014691
0.44113626
0.4815382
0.482955
0.482955
0.48928885
0.48928885
0.51555513
0.56187136
0.56187136
0.59665911
0.61341957
0.61341957
0.61341957
0.61341957
0.61341957
0.62623209
0.65537111
0.67079384
0.67079384
0.6931753
0.6931753
0.6931753
0.68185775
0.68185775
0.68185775
0.69407357
0.69407357
0.69407357
0.69771804
0.69771804
0.69771804
0.69771804
0.69771804
0.69655973
0.69655973
0.69655973
0.69655973
0.69655973
0.70460694
0.70460694
0.70460694
0.70143265
0.70095117
0.70095117
0.70095117
0.70190304
0.70407255
0.70407255
0.70407255
0.70407255
0.70407255
0.70407255
0.70407255
0.70407255
0.70407255
0.7116826
0.7116826
0.7116826
0.7116826
0.7116826
0.71262497
0.71268105
0.71268105
0.72010913
0.72400295
0.72400295
0.72726804
0.72726804
0.72726804
0.73439559
0.74680644
0.74680644
0.74680644
0.74680644
0.74680644
0.73804151
0.73804151
0.73804151
0.73804151
0.73804151
0.73804151
0.73804151
0.73989933
0.73989933
0.73989933
0.73989933
0.73989933
0.73989933
0.73989933
0.73989933
0.73989933
0.73989933
0.73702628
0.73506073
0.73395354
0.73395354
0.73395354
0.7349562
0.7349562
0.743498
0.74486138
0.74486138
0.74486138
0.74021223
0.74021223
0.72345948
0.71872138
0.71168469
0.71168469
0.71059942
0.71059942
0.71059942
0.7019375
0.6884236
0.67499857
0.6574228
0.65673388
0.65673388
0.65673388
0.65673388
0.66110386
0.66110386
0.66110386
0.66110386
0.65813814
0.64431952
0.63373344
0.62902438
0.62902438
0.62902438
0.62902438
0.62804436
0.60767361
0.59796241
0.59553243
0.59553243
0.59553243
0.59553243
0.59553243
0.59553243
0.59553243
0.59553243
0.59553243
0.59003287
0.59003287
0.59003287
0.59003287
0.59480561
0.6017491
0.61085406
0.61085406
0.61586096
0.61847556
0.61847556
0.61847556
0.60952299
0.59859004
0.59859004
0.59859004
0.60429251
0.60429251
0.60429251
0.60703605
0.60703605
0.60703605
0.60703605
0.60521146
0.60521146
0.60521146
0.62696281
0.63036254
0.63036254
0.63212727
0.63212727
0.63212727
0.63212727
0.63212727
0.63394321
0.64703714
0.64954165
0.65318286
0.65318286
0.65318286
0.65318286
0.65318286
0.65318286
0.64676707
0.64043173
0.63848358
0.63848358
0.63848358
0.63848358
0.63383397
0.63383397
0.63383397
0.6380388
0.65632772
0.65955784
0.65955784
0.65955784
0.64397428
0.64397428
0.64397428
0.64397428
0.64397428
0.63068964
0.63068964
0.63068964
0.6439242
0.67046773
0.67425322
0.67425322
0.67425322
0.67425322
0.67425322
0.67425322
0.67363101
0.66954917
0.66954917
0.66954917
0.68163119
0.68163119
0.68898835
0.68898835
0.68898835
0.69155712
0.69162938
0.69162938
0.69162938
0.69162938
0.69754864
0.69754864
0.69754864
0.69754864
0.69754864
0.69754864
0.69754864
0.69737255
0.69737255
0.69737255
0.69737255
0.69737255
0.69737255
0.69737255
0.69720351
0.69720351
0.69685881
0.69685881
0.69685881
0.69685881
0.70014635
0.70014635
0.70014635
0.70014635
0.70014635
0.7005291
0.70504092
0.70761326
0.70803916
0.7088438
0.71168246
0.71168246
0.71776254
0.71776254
0.71776254
0.71776254
0.71776254
0.71776254
0.71843013
0.7313062
0.74291358
0.74349307
0.74349307
0.74349307
0.74349307
0.74349307
0.74771314
0.75115942
0.75508221
0.75508221
0.75508221
0.75508221
0.75508221
0.75508221
0.74903224
0.74903224
0.74903224
0.7502331
0.7502331
0.76490294
0.76490294
0.76490294
0.76490294
0.76490294
0.76490294
0.76490294
0.76639455
0.76639455
0.76639455
0.76639455
0.76639455
0.77099928
0.77916077
0.78853339
0.78872018
0.80412325
0.80434164
0.80434164
0.80434164
0.80434164
0.81214706
0.81754109
0.82256842
0.83382121
0.84390011
0.84390011
0.84390011
0.84390011
0.83444346
0.82933806
0.82757365
0.82410467
0.82035247
0.82035247
0.82035247
0.82035247
0.82035247
0.82035247
0.81947185
0.81947185
0.81947185
0.82834546
0.83492122
0.83492122
0.85045986
0.85612138
0.85952072
0.86399512
0.86804569
0.8711852
0.87306009
0.87905339
0.88460977
0.88460977
0.88815534
0.88815534
0.88979403
0.88979403
0.88979403
0.89435968
0.89806749
0.89840168
0.89840168
0.89840168
0.89840168
0.89528615
0.89338947
0.89338947
0.89338947
0.89338947
0.89338947
0.89338947
0.89338947
0.89338947
0.89443506
0.89443506
0.89443506
0.89443042
0.89443042
0.89348915
0.89348915
0.87933851
0.87562181
0.8715468
0.85945908
0.85945908
0.85945908
0.85260638
0.85260638
0.85233071
0.85233071
0.85233071
0.85233071
0.85233071
0.85764572
0.85764572
0.85764572
0.85764572
0.85764572
0.85980963
0.85980963
0.86708596
0.86708596
0.86708596
0.86708596
0.86708596
0.87461129
0.87461129
0.87461129
0.87461129
0.8740765
0.87074007
0.86545032
0.86545032
0.86545032
0.86545032
0.86545032
0.86740849
0.86740849
0.86740849
0.86740849
0.87751792
0.87751792
0.87751792
0.87751792
0.87751792
0.89629954
0.89629954
0.90049708
0.90049708
0.90049708
0.90049708
0.90049708
0.90049708
0.90159545
0.90644507
0.90935893
0.90935893
0.90935893
0.903669
0.903669
0.90281438
0.90281438
0.90281438
0.90281438
0.89780869
0.89780869
0.89780869
0.90156102
0.90156102
0.90156102
0.90156102
0.90156102
0.90133371
0.90117487
0.90091203
0.90091203
0.90091203
0.90038075
0.90038075
0.90038075
0.90038075
0.90038075
0.90038075
0.89701361
0.89458214
0.89458214
0.89458214
0.89458214
0.89312457
0.89312457
0.89147196
0.89147196
0.89147196
0.89289875
0.89289875
0.89289875
0.89289875
0.89289875
0.89484877
0.89484877
0.89490602
0.89864387
0.89864387
0.89864387
0.89544477
0.89544477
0.89544477
0.89544477
0.89544477
0.89544477
0.89544477
0.89722842
0.90045337
0.90045337
0.90045337
0.90747741
0.90747741
0.90747741
0.90741567
0.90741567
0.90741567
0.9044198
0.9044198
0.9044198
0.9044198
0.9044198
0.9044198
0.9044198
0.9044198
0.90560316
0.90560316
0.907349
0.907349
0.907349
0.90254147
0.90225422
0.90168355
0.90168355
0.90168355
0.90613564
0.90613564
0.90613564
0.90613564
0.90613564
0.90140254
0.90085801
0.89702994
0.89702994
0.89702994
0.89878921
0.89878921
0.89878921
0.89835247
0.89835247
0.89835247
0.9020504
0.9020504
0.9020504
0.9020504
0.9020504
0.8990631
0.89894865
0.89894865
0.89894865
0.89780249
0.89780249
0.89780249
0.89178968
0.89178968
0.89178968
0.89178968
0.89178968
0.88981369
0.88981369
0.88957621
0.88074163
0.88074163
0.88074163
0.88001095
0.88001095
0.86984049
0.86984049
0.8694916
0.85161824
0.85161824
0.85161824
0.85559417
0.85559417
0.86239675
0.86239675
0.86239675
0.86611511
0.86990673
0.86990673
0.86990673
0.87000099
0.87079625
0.87303062
0.87503364
0.87503364
0.87503364
0.87503364
0.8654291
0.8654291
0.8654291
0.85897445
0.8575533
0.8575533
0.8575533
0.8575533
0.8575533
0.85545772
0.85545772
0.85545772
0.85545772
0.85398711
0.85108009
0.84826109
0.84814582
0.84624422
0.83788269
0.8360462
0.83212723
0.83212723
0.83212723
0.83269787
0.83269787
0.83269787
0.82588151
0.82588151
0.82588151
0.813259
0.813259
0.813259
0.780033
0.71742138
0.71742138
0.71742138
0.71777101
0.71777101
0.71777101
0.71777101
0.40977914
0.40945905
0.40945905
0.40945905
0.40945905
0.4130974
0.44316674
0.47841449
0.47841449
0.47841449
0.47841449
0.47841449
0.51752078
0.55075067
0.58693275
0.58693275
0.58693275
0.58693275
0.62616769
0.64530752
0.66925235
0.69179007
0.69839031
0.70436762
0.70436762
0.70436762
0.70436762
0.71602406
0.73431124
0.73431124
0.74839203
0.75164901
0.75200147
0.75573149
0.75573149
0.75573149
0.7660361
0.7660361
0.7660361
0.77196173
0.7770518
0.78851465
0.78851465
0.78851465
0.79266855
0.79830148
0.79927687
0.79973142
0.80117765
0.80544682
0.80932661
0.80932661
0.80932661
0.80932661
0.79944832
0.79944832
0.79944832
0.79944832
0.79944832
0.79944832
0.79944832
0.79944832
0.79551273
0.79551273
0.79472708
0.79249568
0.78439792
0.78439792
0.78439792
0.78359855
0.78359855
0.78359855
0.78359855
0.78463731
0.78658716
0.78986521
0.78986521
0.78986521
0.78986521
0.78986521
0.78986521
0.78986521
0.78986521
0.78986521
0.78934186
0.78934186
0.78934186
0.78934186
0.78934186
0.78215476
0.78215476
0.73552421
0.73552421
0.73552421
0.73552421
0.73124871
0.73124871
0.71882461
0.6969141
0.6969141
0.67682766
0.67682766
0.67682766
0.6815789
0.6815789
0.6815789
0.67158446
0.66011969
0.65310766
0.65186171
0.65186171
0.65186171
0.65186171
0.65186171
0.65186171
0.65186171
0.65186171
0.65186171
0.64271973
0.62873944
0.62600446
0.62600446
0.62600446
0.61120851
0.61117068
0.6102632
0.6102632
0.57933343
0.57933343
0.57933343
0.66957152
0.66977258
0.67403654
0.69140402
0.69140402
0.69976218
0.70770391
0.70770391
0.70770391
0.70384463
0.69679508
0.68853415
0.68853415
0.68627024
0.68471969
0.68471969
0.67528281
0.67065006
0.67065006
0.67065006
0.67065006
0.67065006
0.67065006
0.67065006
0.67065006
0.67065006
0.67065006
0.66983613
0.66875416
0.6649178
0.6649178
0.6649178
0.66605061
0.66605061
0.66605061
0.66605061
0.66605061
0.66605061
0.6584199
0.65603059
0.65603059
0.65603059
0.65391701
0.65391701
0.65019284
0.64652523
0.63243205
0.61738495
0.61655363
0.61655363
0.61655363
0.62095145
0.62275989
0.62275989
0.62520035
0.62520035
0.62520035
0.62520035
0.62520035
0.62520035
0.62041493
0.60413154
0.60413154
0.60413154
0.61092569
0.61092569
0.61092569
0.62057298
0.62057298
0.62057298
0.62057298
0.62640361
0.62640361
0.62640361
0.62640361
0.63589462
0.63589462
0.63589462
0.63323085
0.63323085
0.63323085
0.63397835
0.63559388
0.63892106
0.64356436
0.64590547
0.64590547
0.64590547
0.64225717
0.63507152
0.6306907
0.6306907
0.6306907
0.6306907
0.6306907
0.6306907
0.6306907
0.64326794
0.65196118
0.65196118
0.65208725
0.65208725
0.65208725
0.65208725
0.66174722
0.66864931
0.66864931
0.66864931
0.64878628
0.61295786
0.60715479
0.60662585
0.60662585
0.60662585
0.59762319
0.58505793
0.58505793
0.58505793
0.58505793
0.57443861
0.57443861
0.57443861
0.58026372
0.58026372
0.58026372
0.57687121
0.57687121
0.57343847
0.57343847
0.55190313
0.55190313
0.55190313
0.55190313
0.55126487
0.55126487
0.55126487
0.53941183
0.53941183
0.53941183
0.54714704
0.54714704
0.56279337
0.56968975
0.57141806
0.57141806
0.57141806
0.57141806
0.57141806
0.57141806
0.58530207
0.58530207
0.58530207
0.57112978
0.57112978
0.57112978
0.56934373
0.56934373
0.56906325
0.56906325
0.56906325
0.56906325
0.56906325
0.56906325
0.56716752
0.56716752
0.56716752
0.56716752
0.56716752
0.56716752
0.56716752
0.57146992
0.57146992
0.57146992
0.57146992
0.57146992
0.57155642
0.57155642
0.57155642
0.57083747
0.57083747
0.57083747
0.57331987
0.57331987
0.57831387
0.57831387
0.57831387
0.57831387
0.57733866
0.57733866
0.57733866
0.58895635
0.58895635
0.59042458
0.59042458
0.59042458
0.59042458
0.59042458
0.59193227
0.59193227
0.59222813
0.59222813
0.59222813
0.59753874
0.59753874
0.59753874
0.59753874
0.59753874
0.59753874
0.60251149
0.60251149
0.60251149
0.60251149
0.60251149
0.60109313
0.59687484
0.59687484
0.59687484
0.60840616
0.61327122
0.62208691
0.62265433
0.62265433
0.62265433
0.62111008
0.62111008
0.62111008
0.62111008
0.62111008
0.62111008
0.62111008
0.6017146
0.6017146
0.6017146
0.6017146
0.6017146
0.6006548
0.6006548
0.6006548
0.6016835
0.6016835
0.6016835
0.6016835
0.59586031
0.59586031
0.59586031
0.59586031
0.59586031
0.59586031
0.59586031
0.58812787
0.57942694
0.57927413
0.56527095
0.56527095
0.56527095
0.56527095
0.56874359
0.56874359
0.57476996
0.57476996
0.57795305
0.57795305
0.69578062
0.70133346
0.70133346
0.70133346
0.70133346
0.71528244
0.71528244
0.71528244
0.69900246
0.59342332
0.57806201
0.57806201
0.57806201
0.57806201
0.58830817
0.59173985
0.59173985
0.59173985
0.59173985
0.59173985
0.58716187
0.58716187
0.58716187
0.58716187
0.58859057
0.58859057
0.58859057
0.61012151
0.61012151
0.61012151
0.59397684
0.59397684
0.59397684
0.58213485
0.58213485
0.58213485
0.58213485
0.58213485
0.58213485
0.58213485
0.58213485
0.58197417
0.57781496
0.5772715
0.5772715
0.5772715
0.5772715
0.5772715
0.5772715
0.56610248
0.56610248
0.56233314
0.53859561
0.53370511
0.53370511
0.53370511
0.54560924
0.54560924
0.54560924
0.54560924
0.54560924
0.5454584
0.5454584
0.5454584
0.5454584
0.54420328
0.54420328
0.54420328
0.54420328
0.54393605
0.54393605
0.53533247
0.53533247
0.53533247
0.54156714
0.54562624
0.54562624
0.54562624
0.54600449
0.54600449
0.54600449
0.54600449
0.5641809
0.57280191
0.57280191
0.57280191
0.57280191
0.57280191
0.56245911
0.56245911
0.56245911
0.56245911
0.56245911
0.56245911
0.55825392
0.55825392
0.55825392
0.55825392
0.55825392
0.55825392
0.54818247
0.53797194
0.53797194
0.53797194
0.52410989
0.52410989
0.52410989
0.52410989
0.52410989
0.52084243
0.52084243
0.52084243
0.5176539
0.51464028
0.51464028
0.51464028
0.51464028
0.51513749
0.51513749
0.51513749
0.50884097
0.50607085
0.50607085
0.50607085
0.5064999
0.5064999
0.5064999
0.5064999
0.5064999
0.50907653
0.50907653
0.51193209
0.51193209
0.52345817
0.52747462
0.5340823
0.53864924
0.53864924
0.53864924
0.53864924
0.54601073
0.55445171
0.5562542
0.5562542
0.5562542
0.55963147
0.56454378
0.56454378
0.57820788
0.57820788
0.57820788
0.57820788
0.57374941
0.57374941
0.56857568
0.56857568
0.56857568
0.56857568
0.56857568
0.56857568
0.56857568
0.56857568
0.56857568
0.55966356
0.55966356
0.55966356
0.55487417
0.55487417
0.55487417
0.55487417
0.55487417
0.55609316
0.55808842
0.55947603
0.55947603
0.56796391
0.56796391
0.56796391
0.56796391
0.57771139
0.57771139
0.57771139
0.5772088
0.5772088
0.5772088
0.5772088
0.5772088
0.5772088
0.57821468
0.57821468
0.57821468
0.57821468
0.57821468
0.57821468
0.58228533
0.58654536
0.58654536
0.59673513
0.59673513
0.59673513
0.59673513
0.59673513
0.59673513
0.59556438
0.59556438
0.59556438
0.59556438
0.59556438
0.59556438
0.59069571
0.58754366
0.58754366
0.58754366
0.59351712
0.59351712
0.59351712
0.59351712
0.59351712
0.60179693
0.60179693
0.60179693
0.60179693
0.60179693
0.60179693
0.72036723
0.72056755
0.73227702
0.73227702
0.73227702
0.73269487
0.73269487
0.73269487
0.62804988
0.62804988
0.62792895
0.6223455
0.6223455
0.6223455
0.62333233
0.62333233
0.62333233
0.62254848
0.62254848
0.61720939
0.61720939
0.61720939
0.61720939
0.61720939
0.61720939
0.58850824
0.58850824
0.58850824
0.58850824
0.58850824
0.58850824
0.58850824
0.58622478
0.58622478
0.58622478
0.58622478
0.58622478
0.58622478
0.58622478
0.564778
0.564778
0.564778
0.564778
0.564778
0.564778
0.564778
0.564778
0.56955521
0.57002818
0.57189953
0.57189953
0.58127732
0.59738416
0.59738416
0.59738416
0.59738416
0.59738416
0.59738416
0.59738416
0.59572166
0.58192741
0.58192741
0.58138466
0.58138466
0.58138466
0.58138466
0.58138466
0.58138466
0.59010825
0.59010825
0.59010825
0.59010825
0.59010825
0.59354609
0.59354609
0.59354609
0.59354609
0.59354609
0.59354609
0.59354609
0.58967452
0.58129064
0.58129064
0.58129064
0.58129064
0.57872067
0.57872067
0.57872067
0.58617107
0.62027847
0.62027847
0.62605526
0.62605526
0.62605526
0.62543004
0.62543004
0.62476408
0.62476408
0.62476408
0.62476408
0.62463131
0.6060036
0.59442297
0.58273379
0.58210205
0.58210205
0.58210205
0.58210205
0.58210205
0.58210205
0.59583551
0.59583551
0.59583551
0.58892978
0.58892978
0.58892978
0.58728975
0.58728975
0.58728975
0.58728975
0.58728975
0.58728975
0.57890757
0.57871366
0.57871366
0.57871366
0.58023084
0.58023084
0.58023084
0.57545527
0.57545527
0.56560252
0.56346138
0.55886221
0.55821212
0.55821212
0.55821212
0.57204611
0.57204611
0.58426968
0.74171946
0.74223115
0.74223115
0.74223115
0.74223115
0.74223115
0.74710078
0.74710078
0.74710078
0.74501419
0.73291861
0.60894389
0.59607129
0.59607129
0.59607129
0.59607129
0.59607129
0.59607129
0.5996169
0.60446863
0.60446863
0.60446863
0.60446863
0.60446863
0.59937701
0.59693371
0.59121417
0.59121417
0.59121417
0.6090943
0.6090943
0.6090943
0.6090943
0.6090943
0.6090943
0.5931823
0.58431078
0.58431078
0.58431078
0.58476037
0.58476037
0.58476037
0.58476037
0.58476037
0.59089104
0.59089104
0.59089104
0.59089104
0.59580434
0.60048994
0.60048994
0.60048994
0.60048994
0.60048994
0.60048994
0.60048994
0.60048994
0.60048994
0.60048994
0.60048994
0.60953801
0.61610212
0.61610212
0.61610212
0.61610212
0.61610212
0.6067798
0.6067798
0.6067798
0.6067798
0.6067798
0.61404628
0.61404628
0.61404628
0.61404628
0.61404628
0.61404628
0.61404628
0.60899015
0.60608663
0.60421082
0.60421082
0.60421082
0.60421082
0.59620413
0.59620413
0.59620413
0.60392878
0.60878753
0.60878753
0.60878753
0.60878753
0.60878753
0.60767481
0.60767481
0.60767481
0.60451171
0.60451171
0.60451171
0.60451171
0.60451171
0.60932554
0.60932554
0.60932554
0.60932554
0.60932554
0.60790138
0.60790138
0.60790138
0.59454284
0.59454284
0.59454284
0.594889
0.5976385
0.5976385
0.5976385
0.5976385
0.58032443
0.58032443
0.57466476
0.57466476
0.57466476
0.57466476
0.57466476
0.58551893
0.58551893
0.58551893
0.58551893
0.58551893
0.59509424
0.60373841
0.60373841
0.62571229
0.62571229
0.62571229
0.62466971
0.62466971
0.61255956
0.60170787
0.60170787
0.60170787
0.61283331
0.61495971
0.62022045
0.62022045
0.62091447
0.62091447
0.62091447
0.6133619
0.6133619
0.6133619
0.6133619
0.6133619
0.6133619
0.6133619
0.6133619
0.61640676
0.61640676
0.61640676
0.61243948
0.61190607
0.61190607
0.61190607
0.61190607
0.61190607
0.61190607
0.61190607
0.61190607
0.61190607
0.60363306
0.60363306
0.60283908
0.60130114
0.60130114
0.60130114
0.60130114
0.60130114
0.60130114
0.60130114
0.60130114
0.60130114
0.60130114
0.6209071
0.6209071
0.6209071
0.6209071
0.6209071
0.6209071
0.6209071
0.61847074
0.61776872
0.60982841
0.60982841
0.60982841
0.60982841
0.61244359
0.61244359
0.61950079
0.61950079
0.61950079
0.61624452
0.61624452
0.61624452
0.61423892
0.60724215
0.60724215
0.60724215
0.61328475
0.62443308
0.63461966
0.63871624
0.63871624
0.64204583
0.64204583
0.64204583
0.64791667
0.64791667
0.64791667
0.64791667
0.64791667
0.64791667
0.64791667
0.64791667
0.64791667
0.64791667
0.65587097
0.65587097
0.65762822
0.6604633
0.6604633
0.6604633
0.6604633
0.6604633
0.6604633
0.6604633
0.6604633
0.66099005
0.66099005
0.66099005
0.65997017
0.65594139
0.65594139
0.65043049
0.65043049
0.65043049
0.65043049
0.65043049
0.65043049
0.66047991
0.66579255
0.67131318
0.67131318
0.67131318
0.67131318
0.67131318
0.67533676
0.67694558
0.67694558
0.68231284
0.68231284
0.68231284
0.68231284
0.67650782
0.67650782
0.67650782
0.67650782
0.68620641
0.68836405
0.68836405
0.68836405
0.69349967
0.69349967
0.69350467
0.69750908
0.69750908
0.69850919
0.69850919
0.69850919
0.7037497
0.7037497
0.72099844
0.72470543
0.72470543
0.72470543
0.71549916
0.71536402
0.71536402
0.71536402
0.71536402
0.71536402
0.71197254
0.7046735
0.69678268
0.69678268
0.69678268
0.69678268
0.68121606
0.68121606
0.68121606
0.68121606
0.68121606
0.68121606
0.68121606
0.68121606
0.68121606
0.68121606
0.68121606
0.68121606
0.66504295
0.66504295
0.66487678
0.66487678
0.66487678
0.67454848
0.67454848
0.67454848
0.67454848
0.67454848
0.67454848
0.67368195
0.67368195
0.67368195
0.67368195
0.67368195
0.6360723
0.63566975
0.63566975
0.63566975
0.63908826
0.63908826
0.64356606
0.64356606
0.64356606
0.64356606
0.64356606
0.66086929
0.66334014
0.66334014
0.66334014
0.64896796
0.64896796
0.64896796
0.64896796
0.64896796
0.65346462
0.65346462
0.65346462
0.65346462
0.65346462
0.65346462
0.65346462
0.64755634
0.64755634
0.64755634
0.64891816
0.64973796
0.64973796
0.64973796
0.64973796
0.66422835
0.66422835
0.6656516
0.6656516
0.6670521
0.66726117
0.66726117
0.67407016
0.68095162
0.68095162
0.68095162
0.68134284
0.68134284
0.68134284
0.68134284
0.67829068
0.67113717
0.67113717
0.67113717
0.67113717
0.67113717
0.6730337
0.67578207
0.67578207
0.67578207
0.68681045
0.68681045
0.68681045
0.68681045
0.68681045
0.68681045
0.69044429
0.69044429
0.69044429
0.69044429
0.69044429
0.69044429
0.69044429
0.69044429
0.69307785
0.6975428
0.7018454
0.70701932
0.71460245
0.72087322
0.72706864
0.72706864
0.72706864
0.72706864
0.73306569
0.74549942
0.7507885
0.7507885
0.7507885
0.75310059
0.75310059
0.75310059
0.75310059
0.75310059
0.74241691
0.74241691
0.74241376
0.74241376
0.74241376
0.74241376
0.73634522
0.73634522
0.73634522
0.7380396
0.7380396
0.7380396
0.7380396
0.7380396
0.7380396
0.7380396
0.73192873
0.73192873
0.73192873
0.73192873
0.73192873
0.73035749
0.72480345
0.72480345
0.70997282
0.69871716
0.64182741
0.64182741
0.63930944
0.63930944
0.63930944
0.63930944
0.62282577
0.59794852
0.58765758
0.58765758
0.58765758
0.58690739
0.58690739
0.58690739
0.62133834
0.66237018
0.66237018
0.66237018
0.65859064
0.6475974
0.6475974
0.47885586
0.47885586
0.47885586
0.5536058
0.61367285
0.6709118
0.68228748
0.68228748
0.68228748
0.68228748
0.68228748
0.68228748
0.68835799
0.73235594
0.75075796
0.78160297
0.80338397
0.80758342
0.80758342
0.80758342
0.80758342
0.78509792
0.70167544
0.65857551
0.59617246
0.5760581
0.52271463
0.47442453
0.44638892
0.44638892
0.44638892
0.44638892
0.44814267
0.44814267
0.44814267
0.44661188
0.44661188
0.44229596
0.44229596
0.44229596
0.44003502
0.44003502
0.4348124
0.4348124
0.4348124
0.4348124
0.4348124
0.4490223
0.4490223
0.4490223
0.4490223
0.4490223
0.47159427
0.49362985
0.49362985
0.50654191
0.51617539
0.51617539
0.52533732
0.53204581
0.53204581
0.53204581
0.53204581
0.53204581
0.53380968
0.53380968
0.53380968
0.53229462
0.51941643
0.50169443
0.47544211
0.43554205
0.43096414
0.42565232
0.42565232
0.42565232
0.43551081
0.43551081
0.43551081
0.43551081
0.46451872
0.47204252
0.47691934
0.50910275
0.50910275
0.50910275
0.50910275
0.50910275
0.50910275
0.50910275
0.49950157
0.49906587
0.45647993
0.45647993
0.45647993
0.45647993
0.47875108
0.47875108
0.47875108
0.4466794
0.4466794
0.4466794
0.44998079
0.45973181
0.47954506
0.47954506
0.47954506
0.47954506
0.47954506
0.47954506
0.47954506
0.47029713
0.47029713
0.46835557
0.42967408
0.42967408
0.42967408
0.42996952
0.43057653
0.43057653
0.43057653
0.48224816
0.48224816
0.48224816
0.46915019
0.46915019
0.46915019
0.43874957
0.43874957
0.43874957
0.44274647
0.44274647
0.44790229
0.47960677
0.47960677
0.51391049
0.57247077
0.59298754
0.6122229
0.61407406
0.61811488
0.61811488
0.61811488
0.6111512
0.6111512
0.6111512
0.65105334
0.66130323
0.66130323
0.66130323
0.66130323
0.66130323
0.66130323
0.66130323
0.66941594
0.66998084
0.66998084
0.66998084
0.69108836
0.69249113
0.69249113
0.69249113
0.69249113
0.69249113
0.69249113
0.68970522
0.68733132
0.68570056
0.68570056
0.68570056
0.68570056
0.6873797
0.6873797
0.6873797
0.6873797
0.6873797
0.68650166
0.68328603
0.68328603
0.6831177
0.6831177
0.67717222
0.67717222
0.67466609
0.67404869
0.66814052
0.66814052
0.66814052
0.68414685
0.6853905
0.6853905
0.6853905
0.68384894
0.68384894
0.68384894
0.67772387
0.67772387
0.67772387
0.67928732
0.67928732
0.67928732
0.67928732
0.67928732
0.67928732
0.67928732
0.67928732
0.6869587
0.68811857
0.68811857
0.68811857
0.68811857
0.69478037
0.69478037
0.69478037
0.69518491
0.69518491
0.69518491
0.69518491
0.69960919
0.69960919
0.70480638
0.712052
0.712052
0.712052
0.70975287
0.70975287
0.70975287
0.70975287
0.70975287
0.70975287
0.70975287
0.70975287
0.70975287
0.70975287
0.71230768
0.72238881
0.72729552
0.72729552
0.72729552
0.73230653
0.74208326
0.74297586
0.74297586
0.7594247
0.76630333
0.76731843
0.76731843
0.77263092
0.78259841
0.78259841
0.78259841
0.78259841
0.78259841
0.78285795
0.78285795
0.78285795
0.78070538
0.77803973
0.77803973
0.77803973
0.78032078
0.78110215
0.78110215
0.78110215
0.78110215
0.78110215
0.78110215
0.78110215
0.78110215
0.78318998
0.78415771
0.79477936
0.79477936
0.79477936
0.79477936
0.79477936
0.79893981
0.79893981
0.80869235
0.80869235
0.81572932
0.81572932
0.81572932
0.81173147
0.81173147
0.81173147
0.81594643
0.81719844
0.81719844
0.81719844
0.81719844
0.82736979
0.83361009
0.83361009
0.83361009
0.83361009
0.83955188
0.83955188
0.83955188
0.84633979
0.84633979
0.84633979
0.84633979
0.84406263
0.84119528
0.84119528
0.83929531
0.83385012
0.83385012
0.83385012
0.83385012
0.83385012
0.83385012
0.83385012
0.83057295
0.82883186
0.82883186
0.82883186
0.82883186
0.82883186
0.82883186
0.83115153
0.83115153
0.83115153
0.82894298
0.82894298
0.82036657
0.82036657
0.82036657
0.82961139
0.83186311
0.83186311
0.83186311
0.83186311
0.83186311
0.83186311
0.83133916
0.83133916
0.83133916
0.83140803
0.83140803
0.83184434
0.83184434
0.83184434
0.83827763
0.83827763
0.83827763
0.83827763
0.83827763
0.84830193
0.85172968
0.85648103
0.85648103
0.85648103
0.85648103
0.84231934
0.84231934
0.84231934
0.84880689
0.84880689
0.84880689
0.86020779
0.88073731
0.88073731
0.88073731
0.88073731
0.88073731
0.88373785
0.88373785
0.88373785
0.88239495
0.87454093
0.87201567
0.87201567
0.87201567
0.86853772
0.86853772
0.86563339
0.86028119
0.86028119
0.86028119
0.86073773
0.86073773
0.86073773
0.86151389
0.87692819
0.87692819
0.87692819
0.87389722
0.86833744
0.85233617
0.84849276
0.84763197
0.84763197
0.84763197
0.84763197
0.84763197
0.84849814
0.84849814
0.84849814
0.84221381
0.84221381
0.84221381
0.84371948
0.84371948
0.84371948
0.84371948
0.84371948
0.83696327
0.82923058
0.82049385
0.80997794
0.80255849
0.80255849
0.80255849
0.80255849
0.80255849
0.80255849
0.79987588
0.7990515
0.7978527
0.7845779
0.77880222
0.77880222
0.77880222
0.77880222
0.76990664
0.76990664
0.76990664
0.76990664
0.76990664
0.76276078
0.75937057
0.74079189
0.74079189
0.74079189
0.74079189
0.74079189
0.74079189
0.74079189
0.74079189
0.74079189
0.72782068
0.72597713
0.72597713
0.72597713
0.72597713
0.72597713
0.72227839
0.71549505
0.71549505
0.71549505
0.72381315
0.7424179
0.7424179
0.7424179
0.73578536
0.73578536
0.73578536
0.77393652
0.77393652
0.77393652
0.76082584
0.76082584
0.76082584
0.76082584
0.7551012
0.74866465
0.74866465
0.74866465
0.7475814
0.7475814
0.7475814
0.7412824
0.73435414
0.73435414
0.73435414
0.73435414
0.72976479
0.72976479
0.72514323
0.72514323
0.72514323
0.70955652
0.70955652
0.70955652
0.70955652
0.70955652
0.69578208
0.69578208
0.69339149
0.69339149
0.69339149
0.69339149
0.69339149
0.69339149
0.6930663
0.68880447
0.68166427
0.68166427
0.68166427
0.7141061
0.72765047
0.72765047
0.73454876
0.73454876
0.73454876
0.73454876
0.73454876
0.73454876
0.76040767
0.76040767
0.76040767
0.76040767
0.76040767
0.76040026
0.76040026
0.76040026
0.76040026
0.76140324
0.77041681
0.77041681
0.77041681
0.75357739
0.74022342
0.72960733
0.7115606
0.70895634
0.70895634
0.70434899
0.68737251
0.67076072
0.67076072
0.66953727
0.66953727
0.66953727
0.66953727
0.68278769
0.68278769
0.70502515
0.70897161
0.70897161
0.70897161
0.70897161
0.70897161
0.70897161
0.70772594
0.69997295
0.69997295
0.69997295
0.69997295
0.69039474
0.67709107
0.67709107
0.65949808
0.65157552
0.64732662
0.63117685
0.63114937
0.59875533
0.59875533
0.57765457
0.56799495
0.56799495
0.56799495
0.56799495
0.56799495
0.56799495
0.56799495
0.56799495
0.56799495
0.56989407
0.57128416
0.57128416
0.57128416
0.56870533
0.56164423
0.56164423
0.50763034
0.4575578
0.4575578
0.4575578
0.56127469
0.66958367
0.74920369
0.7875861
0.84511648
0.85762655
0.85762655
0.85762655
0.85379462
0.81184489
0.78369072
0.78369072
0.78369072
0.78369072
0.78369072
0.78369072
0.77596703
0.75040065
0.74089749
0.6924024
0.67604307
0.67604307
0.67604307
0.67604307
0.69303233
0.71881667
0.75198787
0.77477992
0.7762354
0.78340734
0.78340734
0.7921225
0.80255818
0.80460122
0.80460122
0.80460122
0.80460122
0.80851378
0.81218344
0.82077242
0.82077242
0.82481416
0.82481416
0.8350903
0.8350903
0.8350903
0.8350903
0.8350903
0.84140881
0.84140881
0.84140881
0.84140881
0.84140881
0.8417804
0.8417804
0.8417804
0.8417804
0.8417804
0.8417804
0.84905716
0.85143783
0.85143783
0.85143783
0.84732007
0.84732007
0.84732007
0.84732007
0.84732007
0.84732007
0.84732007
0.84732007
0.84732007
0.8322883
0.83142549
0.81553418
0.81163551
0.81106661
0.81106661
0.81036494
0.80433587
0.80433587
0.78899935
0.78849482
0.78343167
0.78343167
0.7557509
0.7539036
0.74494685
0.74494685
0.74494685
0.74494685
0.74359424
0.74359424
0.74359424
0.7438099
0.7438099
0.7438099
0.74564342
0.74594615
0.7510873
0.7510873
0.7510873
0.74617902
0.74617902
0.74617902
0.74962225
0.74962225
0.74962225
0.74962225
0.74962225
0.74962225
0.75590145
0.75590145
0.75590145
0.75590145
0.75590145
0.7553425
0.71361977
0.71361977
0.71361977
0.71361977
0.71361977
0.71361977
0.71361977
0.72561305
0.72561305
0.72561305
0.73420657
0.73680548
0.73680548
0.73680548
0.73064378
0.73064378
0.73064378
0.73064378
0.73064378
0.73064378
0.73064378
0.72086355
0.71952801
0.71952801
0.71952801
0.71952801
0.71952801
0.72452332
0.72452332
0.72452332
0.72452332
0.72452332
0.72452332
0.72452332
0.72968955
0.7354776
0.7354776
0.73762684
0.73762684
0.73762684
0.73762684
0.73762684
0.73762684
0.73762684
0.73762684
0.73762684
0.73762684
0.73762684
0.73381025
0.72774877
0.72774877
0.72774877
0.75093196
0.75093196
0.75093196
0.74940688
0.74940688
0.74940688
0.74940688
0.74940688
0.74940688
0.74940688
0.74940688
0.75510842
0.76345384
0.76345384
0.76345384
0.76696409
0.76696409
0.76696409
0.76696409
0.76696409
0.76696409
0.76696409
0.76696409
0.76696409
0.76734829
0.7766592
0.7766592
0.78122419
0.78678298
0.78678298
0.79503484
0.8038155
0.8038155
0.8038155
0.80624749
0.80624749
0.80624749
0.80582195
0.80527707
0.80527707
0.80527707
0.81113235
0.82200051
0.82200051
0.82200051
0.82218684
0.82218684
0.82218684
0.82083459
0.82083459
0.82083459
0.83043842
0.83043842
0.83043842
0.83043842
0.83043842
0.83043842
0.83043842
0.83043842
0.82389677
0.82379422
0.82379422
0.82379422
0.82083112
0.80877637
0.80877637
0.80877637
0.81603131
0.81603131
0.81603131
0.81603131
0.81347271
0.8089389
0.8089389
0.8089389
0.81063706
0.81063706
0.81063706
0.81063706
0.81063706
0.8110648
0.81552691
0.82213038
0.83370191
0.83370191
0.83370191
0.83251838
0.82250339
0.81498522
0.80233784
0.78700859
0.78321212
0.77958982
0.77958982
0.77958982
0.78341704
0.78971639
0.78971639
0.79051941
0.79051941
0.79051941
0.79540094
0.79540094
0.8011321
0.80673304
0.80739755
0.80739755
0.80739755
0.80739755
0.80739755
0.80739755
0.80739755
0.80739755
0.8124274
0.8124274
0.82398366
0.82398366
0.82398366
0.82837982
0.82906565
0.82906565
0.83078798
0.83966881
0.84095351
0.84095351
0.84095351
0.83736537
0.83736537
0.83462855
0.83065407
0.83065407
0.82348734
0.82039459
0.82039459
0.82039459
0.81765919
0.81476811
0.81413661
0.81413661
0.81413661
0.81413661
0.81413661
0.81413661
0.80630959
0.79381386
0.79381386
0.79381386
0.80075239
0.80075239
0.80075239
0.79639265
0.79639265
0.79639265
0.79803106
0.79803106
0.79803106
0.79803106
0.79803106
0.78546317
0.78546317
0.78546317
0.78915791
0.78915791
0.78915791
0.78915791
0.78915791
0.78915791
0.78915791
0.78915791
0.78915791
0.78915791
0.79418942
0.79452368
0.79452368
0.79452368
0.79452368
0.79452368
0.79452368
0.79452368
0.79452368
0.78953903
0.78953903
0.78953903
0.78953903
0.78879379
0.778846
0.778846
0.778846
0.76684893
0.76684893
0.76684893
0.76679632
0.7613946
0.7613946
0.7613946
0.7613946
0.75940678
0.75940678
0.75940678
0.76071599
0.76900416
0.76900416
0.77271594
0.77271594
0.77271594
0.76543875
0.76543875
0.76543875
0.76543875
0.76543875
0.76583624
0.77191005
0.77191005
0.77923743
0.77923743
0.79811498
0.79811498
0.80956263
0.81793202
0.81793202
0.82941709
0.83624772
0.83624772
0.84257913
0.84257913
0.84257913
0.84292299
0.84292299
0.8526006
0.85625985
0.85625985
0.85625985
0.8584289
0.85995079
0.85995079
0.86187574
0.86296444
0.86296444
0.86296444
0.86606183
0.87597973
0.87597973
0.87989459
0.88669026
0.88669026
0.89163388
0.89163388
0.89163388
0.89109973
0.89109973
0.89109973
0.88982977
0.88982977
0.88982977
0.89539848
0.89563595
0.89563595
0.89563595
0.89291274
0.8882332
0.8837177
0.8837177
0.8837177
0.8837177
0.88202428
0.88202428
0.88202428
0.88202428
0.87526294
0.87526294
0.86777725
0.85387
0.85226755
0.85116649
0.85116649
0.85116649
0.85116649
0.85116649
0.85116649
0.85116649
0.85116649
0.84769516
0.84769516
0.84769516
0.84769516
0.84769516
0.84769516
0.84769516
0.84769516
0.84769516
0.83610964
0.83006994
0.83006994
0.83006994
0.83006994
0.83006994
0.82627322
0.82584842
0.82191217
0.81816164
0.80932522
0.80475354
0.80475354
0.80475354
0.80475354
0.80475354
0.80475354
0.80475354
0.78180945
0.78180945
0.78180945
0.78180945
0.78390132
0.78390132
0.78390132
0.78390132
0.78390132
0.77971777
0.77046442
0.77046442
0.77046442
0.77335639
0.77364364
0.78707979
0.78707979
0.78707979
0.78698068
0.78698068
0.78466802
0.78466802
0.78466802
0.78466802
0.78466802
0.80043723
0.80166182
0.80166182
0.80166182
0.79708653
0.79708653
0.79708653
0.79527157
0.79527157
0.79527157
0.79527157
0.79527157
0.78868954
0.78864838
0.78403058
0.78403058
0.78403058
0.78403058
0.78403058
0.78403058
0.78403058
0.78783785
0.78783785
0.78783785
0.78783785
0.77658379
0.77658379
0.77658379
0.77658379
0.78457567
0.78457567
0.78457567
0.78456721
0.78456721
0.78028171
0.78028171
0.77690756
0.77690756
0.77690756
0.77690756
0.7791923
0.7791923
0.7791923
0.77475845
0.77462391
0.77462391
0.77462391
0.77462391
0.77462391
0.77392462
0.7732933
0.7732933
0.77028681
0.76881234
0.76749264
0.76482242
0.76375409
0.76375409
0.76375409
0.76375409
0.76375409
0.76375409
0.76375409
0.76375409
0.76375409
0.76375409
0.75404406
0.75404406
0.75404406
0.75336672
0.75230636
0.75230636
0.75230636
0.75230636
0.75129768
0.75129768
0.75129768
0.75129768
0.75129768
0.746016
0.74154156
0.74154156
0.74154156
0.7579343
0.7579343
0.75961981
0.75961981
0.75961981
0.75961981
0.75662076
0.75662076
0.75459294
0.75459294
0.75459294
0.76472203
0.76472203
0.76583185
0.77788298
0.77803866
0.77803866
0.78252207
0.78252207
0.78252207
0.78252207
0.7993899
0.8024287
0.80415379
0.80415379
0.80805377
0.80805377
0.80805377
0.80805377
0.80805377
0.80683666
0.80683666
0.80683666
0.80683666
0.81043083
0.81043083
0.81043083
0.81043083
0.81043083
0.80528093
0.80528093
0.80528093
0.80528093
0.80528093
0.80760481
0.81116476
0.81116476
0.81116476
0.80402517
0.80179696
0.79412513
0.78258587
0.77061922
0.77061922
0.77061922
0.77061922
0.78586076
0.80059433
0.80059433
0.81207872
0.81779653
0.81779653
0.81786532
0.81786532
0.81786532
0.8142353
0.8142353
0.8142353
0.8142353
0.8142353
0.81386743
0.81184518
0.80361578
0.80361578
0.80361578
0.80487267
0.81106197
0.81106197
0.81166856
0.81166856
0.81821495
0.81821495
0.81821495
0.81821495
0.81821495
0.81821495
0.81821495
0.81910196
0.81910196
0.81910196
0.81910196
0.81910196
0.81910196
0.81780978
0.8083447
0.8083447
0.8083447
0.81134571
0.81666769
0.81666769
0.81666769
0.81666769
0.81654693
0.80938155
0.8086695
0.8086695
0.8086695
0.8086695
0.8086695
0.8086695
0.8086695
0.8086695
0.8086695
0.8086695
0.81382326
0.81607339
0.81728494
0.81890061
0.81890061
0.81890061
0.81890061
0.81890061
0.82094511
0.82094511
0.82094511
0.82094511
0.81091028
0.80507547
0.80507547
0.80507547
0.79447447
0.79447447
0.77044565
0.76549026
0.76549026
0.76549026
0.7712583
0.7712583
0.7712583
0.7712583
0.7712583
0.76944653
0.76871804
0.7666033
0.75976069
0.75976069
0.75976069
0.76859516
0.77379415
0.77379415
0.77379415
0.77379415
0.77154466
0.77154466
0.75986817
0.75986817
0.75986817
0.75986817
0.76294516
0.76519068
0.76519068
0.77311665
0.77311665
0.77311665
0.77311665
0.77311665
0.77311665
0.76935354
0.76211104
0.75976052
0.75976052
0.75976052
0.76637517
0.7701584
0.7701584
0.7701584
0.7701584
0.7701584
0.7701584
0.7701584
0.7701584
0.76965648
0.76067703
0.76067703
0.75811697
0.75811697
0.75811697
0.75811697
0.76337403
0.76337403
0.76337403
0.76427343
0.76841741
0.77107119
0.77627089
0.78602371
0.78602371
0.78602371
0.78402498
0.7811684
0.7811684
0.7811684
0.77466465
0.77466465
0.77466465
0.77466465
0.77466465
0.77466465
0.76960122
0.75874613
0.75874613
0.75653007
0.75653007
0.75653007
0.75653007
0.75653007
0.75653007
0.75653007
0.76101904
0.77341374
0.77341374
0.77341374
0.77341374
0.76415643
0.75831758
0.75831758
0.75831758
0.75831758
0.75888807
0.76601102
0.76998567
0.76998567
0.76998567
0.76998567
0.76998567
0.76998567
0.76998567
0.76998567
0.78018692
0.78368626
0.78368626
0.78368626
0.7726904
0.7726904
0.7726904
0.7747412
0.7747412
0.77709941
0.77709941
0.77785999
0.77785999
0.77785999
0.77746197
0.77746197
0.76881415
0.76881415
0.76881415
0.76881415
0.76881415
0.76185418
0.76062896
0.76062896
0.75937373
0.75674045
0.7550577
0.75390286
0.75390286
0.75390286
0.75390286
0.75390286
0.75390286
0.75390286
0.75372843
0.75372843
0.75372843
0.75876607
0.75876607
0.75876607
0.75876607
0.75876607
0.75309719
0.75309719
0.7508653
0.7508653
0.7508653
0.7508653
0.7508653
0.74144362
0.74144362
0.74144362
0.73399601
0.73189565
0.73189565
0.73189565
0.73189565
0.73189565
0.72152735
0.72152735
0.7199481
0.70800777
0.70800777
0.69183966
0.68818651
0.68818651
0.68818651
0.68956788
0.68956788
0.68956788
0.68956788
0.68956788
0.68956788
0.68956788
0.6852345
0.68494753
0.68494753
0.66064577
0.66064577
0.66064577
0.68252542
0.68960972
0.70012584
0.72222604
0.72222604
0.74375787
0.75558537
0.7598134
0.7598134
0.765704
0.765704
0.765704
0.77135961
0.77135961
0.77135961
0.76088879
0.75970437
0.75621725
0.75621725
0.75621725
0.75686352
0.76746685
0.77633072
0.77633072
0.77633072
0.76908524
0.76908524
0.76343414
0.75806274
0.75806274
0.75806274
0.74561756
0.73548716
0.73548716
0.72865518
0.71678539
0.71678539
0.71678539
0.71990616
0.71990616
0.71990616
0.71990616
0.72928802
0.72928802
0.72928802
0.7308977
0.7308977
0.7308977
0.7308977
0.7308977
0.75725548
0.75725548
0.75725548
0.7503552
0.7503552
0.7503552
0.75280565
0.75280565
0.75603935
0.75603935
0.75603935
0.74461051
0.73669794
0.73245654
0.73245654
0.73245654
0.73245654
0.73041013
0.72636201
0.72636201
0.72636201
0.73585659
0.73585659
0.73585659
0.73585659
0.73585659
0.73585659
0.73585659
0.73585659
0.73585659
0.73047584
0.73047584
0.73047584
0.74682561
0.74682561
0.74908587
0.74965977
0.74965977
0.74965977
0.7393441
0.73589432
0.72549091
0.71117948
0.70665435
0.70665435
0.70665435
0.70665435
0.70665435
0.70665435
0.70869382
0.70869382
0.70869382
0.71493302
0.71493302
0.72504404
0.73476948
0.73476948
0.73476948
0.73476948
0.73476948
0.72148912
0.72148912
0.70979584
0.70729682
0.70729682
0.70729682
0.71251852
0.71251852
0.71251852
0.72932043
0.72932043
0.72932043
0.72932043
0.72932043
0.70623685
0.70623685
0.70623685
0.70623685
0.71028295
0.71028295
0.71028295
0.71028295
0.71028295
0.71028295
0.71028295
0.71028295
0.71028295
0.69500797
0.66534019
0.66534019
0.66534019
0.66534019
0.67455464
0.67455464
0.68883603
0.69596125
0.69596125
0.69596125
0.69121684
0.68405174
0.68405174
0.68405174
0.68405174
0.68405174
0.68405174
0.68019105
0.68019105
0.68019105
0.68019105
0.68019105
0.68589904
0.69971295
0.69971295
0.69971295
0.68842555
0.68842555
0.68842555
0.68842555
0.68842555
0.6985004
0.70258986
0.70258986
0.70258986
0.69213948
0.68472546
0.68472546
0.68472546
0.68472546
0.69593546
0.70286928
0.70826247
0.70826247
0.70826247
0.69860582
0.69860582
0.69049831
0.69049831
0.67728285
0.67728285
0.67728285
0.678148
0.68454933
0.68454933
0.68454933
0.68454933
0.68540042
0.68949108
0.68949108
0.68949108
0.68949108
0.69255514
0.69598165
0.6982868
0.6982868
0.6982868
0.6982868
0.6982868
0.6982868
0.6982868
0.6982868
0.69998114
0.69998114
0.69998114
0.69998114
0.69998114
0.69998114
0.70448201
0.70448201
0.70448201
0.70448201
0.70448201
0.69801397
0.69801397
0.69167434
0.69167434
0.68372599
0.68372599
0.68372599
0.68372599
0.68372599
0.6779695
0.6779695
0.6779695
0.68151868
0.69859569
0.70433875
0.70433875
0.70433875
0.70433875
0.70433875
0.70433875
0.70433875
0.70433875
0.70433875
0.70243701
0.68675491
0.68675491
0.68675491
0.68675491
0.68675491
0.69397654
0.70250166
0.70250166
0.70250166
0.70250166
0.70534411
0.70922754
0.72334251
0.74333707
0.86201389
0.88070756
0.88070756
0.88070756
0.88070756
0.88070756
0.88070756
0.88070756
0.88070756
0.88070756
0.88070756
0.80586453
0.80586453
0.79994166
0.79994166
0.79994166
0.80793482
0.81549893
0.81549893
0.81549893
0.80808661
0.80808661
0.80808661
0.81105017
0.81105017
0.81105017
0.82397987
0.82397987
0.82397987
0.82397987
0.82397987
0.82397987
0.82356099
0.81475139
0.81475139
0.78629644
0.78629644
0.78629644
0.78971186
0.78971186
0.78971186
0.79313175
0.79313175
0.79313175
0.79313175
0.78172869
0.78172869
0.78172869
0.78172869
0.77582388
0.77095489
0.7613788
0.7613788
0.7535906
0.74460849
0.74460849
0.74460849
0.74460849
0.74460849
0.74460849
0.74460849
0.74460849
0.74397611
0.74397611
0.74234383
0.74234383
0.74234383
0.74234383
0.74272318
0.74272318
0.74272318
0.74272318
0.74272318
0.74272318
0.74272318
0.73726326
0.71149815
0.71149815
0.71149815
0.73802022
0.73840067
0.73840067
0.73840067
0.73840067
0.73165155
0.73165155
0.7315418
0.7315418
0.72399462
0.7121346
0.7121346
0.7121346
0.70038829
0.70038829
0.70038829
0.71140963
0.71140963
0.71140963
0.71140963
0.71460185
0.71460185
0.71460185
0.71460185
0.71460185
0.71460185
0.71460185
0.71460185
0.71460185
0.71460185
0.69918985
0.69918985
0.69918985
0.69918985
0.71535814
0.71535814
0.71535814
0.71535814
0.71535814
0.71535814
0.71535814
0.67371628
0.67019791
0.67019791
0.67019791
0.67504359
0.69072573
0.71052507
0.71052507
0.71052507
0.70274743
0.70274743
0.70274743
0.70274743
0.70274743
0.7003251
0.7003251
0.7003251
0.7003251
0.7003251
0.7003251
0.7003251
0.7003251
0.7003251
0.7003251
0.7003251
0.7003251
0.7003251
0.7003251
0.71949744
0.7384938
0.7384938
0.7384938
0.73676492
0.70816243
0.70428523
0.64859127
0.64859127
0.64859127
0.66778299
0.66778299
0.67927949
0.67927949
0.67927949
0.69004507
0.69987444
0.71580607
0.72094502
0.72094502
0.72094502
0.72094502
0.72397716
0.72397716
0.72397716
0.71183761
0.70877072
0.70877072
0.70877072
0.70877072
0.70636388
0.69781659
0.69781659
0.69781659
0.69781659
0.69781659
0.69781659
0.71995522
0.7212034
0.7212034
0.72706063
0.72706063
0.72706063
0.72706063
0.72968569
0.73060662
0.7375047
0.7404332
0.7556967
0.75733086
0.75733086
0.75733086
0.75212705
0.75191812
0.74504618
0.73486038
0.73486038
0.73486038
0.73486038
0.73486038
