0.92012444
0.94195067
0.91657958
0.91657958
0.91657958
0.91657958
0.91657958
0.91089819
0.91089819
0.91089819
0.91089819
0.91089819
0.90617558
0.90248832
0.90248832
0.90248832
0.92722585
0.92722585
0.92722585
0.93715427
0.94337095
0.94337095
0.94337095
0.93781848
0.91053235
0.91053235
0.91053235
0.91890528
0.91993241
0.91993241
0.91993241
0.91188693
0.90248027
0.90248027
0.90248027
0.90248027
0.90248027
0.90023314
0.90023314
0.87474149
0.87474149
0.87162838
0.84778265
0.84778265
0.84778265
0.87447071
0.90472419
0.90472419
0.90472419
0.90472419
0.90472419
0.89913206
0.89913206
0.89525192
0.89525192
0.89525192
0.89749786
0.89749786
0.91490539
0.91490539
0.91490539
0.91490539
0.91490539
0.91490539
0.91490539
0.89644045
0.89644045
0.89644045
0.89644045
0.89354616
0.89114605
0.89114605
0.89114605
0.89114605
0.89114605
0.89114605
0.89114605
0.89114605
0.89114605
0.89114605
0.89114605
0.8780001
0.8780001
0.86065623
0.86065623
0.86065623
0.86065623
0.85258973
0.85258973
0.85258973
0.83868511
0.83868511
0.83868511
0.83868511
0.83868511
0.83868511
0.83919517
0.83919517
0.83919517
0.83919517
0.83919517
0.83919517
0.83919517
0.83919517
0.83346943
0.83346943
0.83346943
0.83346943
0.83346943
0.83346943
0.83346943
0.83346943
0.82196505
0.79949887
0.79949887
0.79949887
0.79949887
0.79949887
0.79949887
0.84239775
0.84239775
0.84239775
0.84239775
0.85238994
0.86178064
0.86178064
0.86178064
0.86178064
0.86178064
0.86485217
0.87319878
0.87319878
0.87319878
0.87263363
0.83767254
0.83767254
0.83767254
0.83767254
0.83767254
0.84165906
0.84165906
0.84165906
0.84165906
0.8804424
0.8804424
0.8804424
0.83602086
0.83437724
0.81824497
0.81824497
0.81824497
0.86886372
0.87432686
0.87432686
0.87432686
0.87432686
0.87223582
0.8673511
0.8673511
0.85656334
0.84172692
0.79860714
0.79860714
0.79860714
0.83857543
0.84461279
0.84712692
0.85314187
0.86215031
0.86215031
0.86215031
0.86215031
0.86215031
0.85816356
0.85816356
0.85816356
0.864273
0.864273
0.864273
0.86841687
0.86841687
0.86841687
0.86841687
0.87124344
0.87124344
0.87124344
0.88908109
0.88908109
0.9265802
0.9265802
0.93430509
0.93430509
0.94509117
0.94761585
0.94761585
0.94761585
0.94761585
0.94761585
0.92775862
0.92620722
0.90948962
0.90948962
0.89189593
0.89189593
0.89189593
0.89189593
0.89189593
0.89189593
0.89189593
0.89189593
0.91050034
0.91291254
0.91338479
0.91338479
0.91338479
0.91338479
0.90047623
0.90047623
0.90047623
0.90279179
0.90279179
0.91876669
0.92949181
0.92949181
0.94241803
0.94241803
0.9479893
0.9479893
0.9479893
0.9479893
0.9479893
0.9479893
0.93939263
0.93939263
0.93939263
0.93939263
0.93847387
0.92928259
0.92728603
0.91389296
0.90425554
0.90425554
0.90425554
0.92190423
0.92253115
0.92827077
0.92827077
0.92827077
0.92827077
0.89759171
0.89759171
0.89464559
0.89464559
0.89464559
0.90236924
0.90236924
0.90236924
0.91693093
0.91693093
0.91693093
0.92058196
0.92058196
0.92058196
0.92058196
0.92058196
0.92058196
0.92058196
0.90226121
0.89113527
0.89113527
0.89113527
0.89113527
0.89394161
0.90656083
0.91900401
0.91900401
0.91900401
0.91900401
0.91630967
0.91630967
0.90882018
0.90882018
0.90882018
0.90882018
0.90882018
0.90882018
0.92484705
0.92484705
0.93839223
0.93839223
0.93839223
0.93431591
0.93431591
0.93431591
0.93431591
0.92342147
0.90938011
0.90938011
0.90938011
0.90938011
0.90938011
0.90499416
0.90499416
0.90499416
0.91433714
0.91433714
0.91433714
0.90072025
0.90072025
0.90072025
0.90072025
0.90072025
0.90072025
0.90072025
0.90072025
0.90072025
0.91003772
0.91394707
0.91394707
0.91394707
0.91077799
0.90681274
0.89046897
0.88642106
0.88642106
0.87888877
0.87888877
0.87888877
0.88189958
0.89123852
0.89123852
0.89123852
0.88984656
0.87495907
0.87495907
0.87495907
0.87495907
0.87495907
0.87495907
0.87378732
0.87378732
0.87378732
0.87378732
0.87378732
0.87378732
0.87378732
0.87829279
0.87829279
0.87829279
0.88016144
0.88585624
0.88585624
0.88585624
0.89023023
0.89168533
0.89168533
0.89168533
0.89103041
0.89103041
0.89103041
0.90833482
0.92250483
0.92250483
0.92250483
0.92250483
0.92250483
0.88882382
0.86627704
0.86627704
0.84880303
0.84880303
0.84880303
0.8646971
0.8646971
0.91009147
0.91009147
0.91009147
0.91009147
0.91009147
0.91009147
0.91009147
0.91009147
0.9150643
0.91761658
0.93395792
0.93756317
0.93756317
0.93756317
0.9318345
0.8951912
0.89112216
0.88469123
0.87206939
0.86985064
0.86985064
0.84473915
0.80904527
0.80904527
0.75501123
0.75501123
0.73112476
0.71772565
0.71772565
0.69267148
0.64504376
0.64504376
0.64504376
0.64561639
0.6796654
0.6796654
0.72457471
0.72457471
0.72457471
0.67138567
0.67138567
0.67138567
0.65353254
0.63692335
0.63692335
0.63692335
0.64270047
0.71508334
0.73728285
0.78346049
0.80408218
0.87136538
0.9035302
0.91295725
0.91295725
0.91295725
0.91295725
0.93175225
0.93175225
0.93175225
0.91642748
0.91642748
0.91642748
0.91642748
0.93285886
0.93285886
0.93285886
0.93730418
0.94481126
0.94481126
0.94481126
0.94481126
0.94481126
0.94481126
0.94481126
0.94667994
0.94667994
0.94667994
0.9391857
0.9391857
0.93752752
0.92898192
0.92898192
0.92898192
0.92973587
0.92973587
0.93289785
0.93289785
0.93388976
0.93388976
0.93388976
0.93486681
0.93486681
0.93486681
0.93486681
0.93486681
0.93001097
0.93001097
0.93001097
0.91127599
0.87648547
0.86418482
0.86418482
0.86418482
0.87684285
0.87684285
0.88334845
0.88334845
0.88334845
0.8762005
0.8762005
0.8762005
0.8762005
0.86903388
0.86457906
0.86457906
0.86457906
0.85397814
0.85397814
0.85397814
0.85397814
0.79954706
0.79954706
0.79265311
0.75883304
0.74207295
0.74207295
0.72072096
0.70558118
0.70558118
0.70558118
0.70558118
0.70558118
0.70558118
0.70558118
0.70558118
0.70558118
0.72700245
0.72700245
0.72700245
0.72700245
0.72700245
0.72700245
0.72700245
0.72700245
0.72700245
0.72700245
0.72700245
0.72700245
0.72700245
0.73837137
0.74256916
0.74256916
0.7474158
0.7474158
0.7474158
0.76766303
0.7825015
0.80182144
0.80182144
0.80182144
0.80182144
0.80182144
0.80182144
0.81291314
0.82216413
0.83124563
0.83124563
0.83124563
0.82598681
0.82598681
0.82598681
0.82598681
0.82827747
0.82827747
0.82827747
0.82019898
0.82019898
0.82019898
0.82019898
0.82019898
0.82640225
0.82640225
0.82640225
0.82640225
0.82425157
0.82425157
0.82425157
0.82425157
0.82425157
0.82425157
0.82425157
0.82425157
0.82425157
0.79497187
0.78628691
0.78628691
0.78628691
0.78628691
0.78819559
0.78819559
0.78819559
0.78819559
0.78819559
0.78819559
0.78819559
0.78819559
0.78819559
0.78819559
0.78819559
0.78819559
0.78819559
0.80058584
0.80058584
0.80058584
0.77975857
0.77975857
0.77975857
0.77975857
0.76157078
0.75811868
0.75811868
0.75791057
0.75791057
0.75791057
0.76312349
0.76380125
0.76380125
0.76380125
0.79319521
0.7966095
0.7966095
0.7966095
0.78658519
0.78406897
0.78406897
0.78406897
0.78518215
0.78518215
0.79747731
0.80971444
0.80971444
0.80971444
0.80971444
0.80971444
0.80994806
0.80994806
0.80994806
0.81406191
0.81406191
0.81406191
0.81406191
0.81406191
0.81406191
0.81406191
0.81406191
0.80672213
0.80672213
0.80672213
0.81150856
0.81150856
0.81150856
0.82125882
0.82125882
0.83306511
0.83306511
0.83306511
0.83306511
0.83293808
0.83293808
0.83293808
0.83293808
0.83293808
0.83293808
0.83293808
0.83408735
0.83408735
0.83408735
0.84001799
0.84001799
0.85141892
0.85141892
0.85141892
0.85141892
0.87496372
0.87496372
0.87496372
0.87496372
0.87496372
0.87496372
0.86728903
0.86645196
0.86645196
0.85666635
0.85666635
0.85666635
0.88417798
0.88417798
0.88590005
0.88994021
0.88994021
0.88994021
0.88994021
0.88994021
0.88994021
0.88060909
0.86686844
0.84587798
0.84587798
0.84587798
0.84496232
0.80265704
0.80265704
0.80265704
0.80844333
0.83294964
0.85490374
0.85490374
0.85490374
0.86149944
0.86149944
0.86656025
0.86656025
0.86656025
0.86656025
0.86656025
0.86656025
0.86656025
0.86775451
0.86775451
0.86775451
0.85907191
0.85907191
0.85907191
0.85907191
0.86101991
0.87534469
0.87544422
0.87544422
0.87544422
0.88519021
0.88519021
0.89253073
0.90238016
0.90238016
0.90238016
0.88072436
0.87412657
0.87412657
0.87412657
0.87412657
0.87412657
0.87412657
0.87412657
0.87412657
0.87412657
0.88143552
0.88143552
0.88143552
0.86056623
0.86056623
0.85306747
0.85306747
0.85306747
0.85306747
0.85306747
0.87192517
0.87192517
0.8788391
0.8788391
0.8788391
0.86278899
0.85898416
0.85898416
0.85898416
0.85898416
0.85898416
0.85848145
0.85848145
0.85848145
0.85848145
0.87815308
0.89345447
0.89345447
0.89345447
0.89345447
0.89345447
0.89210969
0.89210969
0.89210969
0.8920082
0.8920082
0.8920082
0.8920082
0.91182014
0.91673822
0.92032678
0.92032678
0.92032678
0.92032678
0.92032678
0.93478055
0.93478055
0.93478055
0.93514298
0.93514298
0.93649777
0.94193769
0.94193769
0.94193769
0.94193769
0.94193769
0.94193769
0.94193769
0.94193769
0.94193769
0.94250972
0.94250972
0.94250972
0.94250972
0.94250972
0.9101567
0.9101567
0.9101567
0.9101567
0.9101567
0.87858554
0.8505686
0.8505686
0.83244864
0.83244864
0.83244864
0.83244864
0.83244864
0.83244864
0.8489708
0.864648
0.864648
0.864648
0.85095035
0.85095035
0.85095035
0.85095035
0.85095035
0.82404926
0.82404926
0.82404926
0.84854192
0.84854192
0.84854192
0.84364972
0.84364972
0.84364972
0.84364972
0.84364972
0.84364972
0.84364972
0.84364972
0.84364972
0.84364972
0.84364972
0.84364972
0.85047621
0.85047621
0.85047621
0.85047621
0.84926265
0.84926265
0.84926265
0.84926265
0.84926265
0.84926265
0.84926265
0.84926265
0.85865219
0.86681766
0.86681766
0.86681766
0.86681766
0.86681766
0.86681766
0.88299794
0.88299794
0.88299794
0.87768747
0.87768747
0.87768747
0.86836876
0.86836876
0.86836876
0.86836876
0.86836876
0.85627982
0.85627982
0.85627982
0.85639823
0.85639823
0.85723915
0.85723915
0.85723915
0.84204225
0.82534214
0.79689639
0.79689639
0.79689639
0.81054054
0.81251762
0.81251762
0.81251762
0.83091948
0.83317395
0.83317395
0.83317395
0.81631813
0.79431096
0.79052372
0.76706526
0.76706526
0.76706526
0.76706526
0.76046871
0.76046871
0.76046871
0.7669829
0.7669829
0.7669829
0.7613812
0.7613812
0.7613812
0.78422775
0.78422775
0.78422775
0.78422775
0.78731336
0.78820712
0.78820712
0.78820712
0.78767647
0.7748599
0.7748599
0.7748599
0.7748599
0.80719286
0.81790053
0.81790053
0.81790053
0.81557897
0.81557897
0.81557897
0.81557897
0.81557897
0.81557897
0.81557897
0.81557897
0.81557897
0.81557897
0.81556253
0.81556253
0.79396807
0.79396807
0.79396807
0.82539336
0.82666987
0.84442985
0.84442985
0.84442985
0.84442985
0.84442985
0.84442985
0.84442985
0.84442985
0.84442985
0.84442985
0.84442985
0.84442985
0.8699927
0.8699927
0.87821306
0.87821306
0.89253649
0.89253649
0.89253649
0.89253649
0.89253649
0.88512743
0.88512743
0.88512743
0.89155162
0.89155162
0.89155162
0.89394296
0.89644351
0.89644351
0.89644351
0.89644351
0.89644351
0.89644351
0.89031807
0.85790057
0.85790057
0.85790057
0.85790057
0.85790057
0.85790057
0.85790057
0.85790057
0.88509687
0.88509687
0.88509687
0.85366568
0.84370445
0.84370445
0.84370445
0.84370445
0.83849035
0.83849035
0.83849035
0.83849035
0.84205378
0.85321954
0.85321954
0.85321954
0.86259241
0.87426779
0.87426779
0.87426779
0.63407812
0.43048672
0.27622274
0.13758726
0.10448734
0.10448734
0.10448734
0.18338629
0.20787861
0.24514276
0.25411973
0.28662202
0.28662202
0.32603874
0.38504461
0.38504461
0.38504461
0.4364481
0.44464703
0.48133201
0.48133201
0.5413652
0.61760087
0.6477906
0.67332885
0.72868954
0.74075759
0.74075759
0.78483239
0.79910463
0.81627412
0.83588702
0.87136649
0.87153204
0.87153204
0.90620961
0.90620961
0.90775822
0.91728935
0.91728935
0.91728935
0.91728935
0.91728935
0.91728935
0.91728935
0.94677133
0.94677133
0.94677133
0.94677133
0.9534266
0.97012072
0.97012072
0.97012072
0.9364947
0.9364947
0.9364947
0.9364947
0.9364947
0.90185116
0.85864067
0.84485008
0.84485008
0.84485008
0.88108434
0.91784958
0.91784958
0.91784958
0.91784958
0.91784958
0.91784958
0.91784958
0.91784958
0.91784958
0.88271927
0.87495074
0.87495074
0.85569873
0.85569873
0.85569873
0.85569873
0.86021215
0.86021215
0.86021215
0.86021215
0.88200707
0.88200707
0.88200707
0.88200707
0.88200707
0.89636652
0.89636652
0.89636652
0.89636652
0.89636652
0.89636652
0.93227224
0.93227224
0.94152424
0.94152424
0.96661117
0.96661117
0.96724061
0.96724061
0.96724061
0.98220756
0.98220756
0.98220756
0.98220756
0.98220756
0.98220756
0.98220756
0.97256631
0.96651689
0.96651689
0.9627408
0.94665053
0.93969303
0.91840867
0.90657019
0.89098758
0.89098758
0.88139603
0.88139603
0.88139603
0.87347974
0.87347974
0.87347974
0.87347974
0.90749748
0.90749748
0.90749748
0.90749748
0.90760685
0.90953835
0.91324097
0.91324097
0.91324097
0.91324097
0.92955513
0.939514
0.939514
0.94408225
0.94408225
0.94408225
0.96981179
0.96981179
0.96981179
0.96981179
0.96981179
0.96981179
0.96981179
0.96981179
0.96981179
0.96981179
0.97321001
0.98602644
0.98602644
0.98602644
0.98602644
0.98602644
0.98389301
0.96783383
0.91836834
0.89833663
0.89833663
0.89186402
0.89186402
0.87985639
0.87985639
0.87985639
0.87811312
0.87557847
0.86626241
0.86626241
0.86626241
0.86626241
0.86626241
0.86626241
0.89282927
0.89477768
0.89477768
0.93509395
0.93509395
0.93509395
0.93509395
0.93509395
0.93509395
0.9629637
0.9629637
0.9629637
0.95678273
0.95678273
0.95678273
0.95678273
0.95678273
0.95678273
0.95678273
0.95678273
0.95678273
0.95678273
0.95678273
0.95678273
0.95678273
0.95678273
0.94534659
0.94534659
0.94534659
0.94744346
0.9658055
0.9658055
0.9658055
0.95346498
0.94528115
0.93427355
0.93427355
0.93427355
0.93427355
0.94361677
0.95442957
0.95442957
0.95442957
0.94847193
0.90364066
0.87667356
0.87667356
0.87667356
0.87667356
0.87667356
0.87667356
0.8859144
0.8859144
0.8859144
0.8859144
0.8859144
0.92582167
0.92582167
0.92582167
0.9319833
0.9319833
0.93652617
0.93652617
0.95877431
0.95877431
0.95877431
0.95877431
0.95625559
0.93445241
0.93445241
0.93445241
0.94581982
0.96279236
0.96279236
0.96279236
0.93881599
0.93881599
0.93881599
0.91306104
0.86070374
0.86070374
0.86070374
0.86070374
0.86070374
0.86070374
0.87984389
0.87984389
0.87984389
0.88285894
0.88285894
0.88285894
0.89933046
0.89933046
0.89933046
0.88326124
0.88326124
0.88326124
0.89432929
0.89432929
