0.79457451
0.80534012
0.79948041
0.79955763
0.79955763
0.80187279
0.80187279
0.80187279
0.80187279
0.80354236
0.80354236
0.80354236
0.80354236
0.80354236
0.80354236
0.80354236
0.80354236
0.80349907
0.8033808
0.80003518
0.79463006
0.78381747
0.77954195
0.77954195
0.77954195
0.80793215
0.80793215
0.81205999
0.81205999
0.81770082
0.83023847
0.85016134
0.85016134
0.85016134
0.85079317
0.85079317
0.85079317
0.84580891
0.84219084
0.82820656
0.8188497
0.81278884
0.80512342
0.80512342
0.80512342
0.80370142
0.80370142
0.80370142
0.81727399
0.85079094
0.85247068
0.85649335
0.86646281
0.87724289
0.8780909
0.8780909
0.8797973
0.8797973
0.8797973
0.8797973
0.8797973
0.88059368
0.88480638
0.88480638
0.88480638
0.88480638
0.88370032
0.88134937
0.88134937
0.88134937
0.88134937
0.88134937
0.88134937
0.88134937
0.88565254
0.89268753
0.89268753
0.89268753
0.88902833
0.88902833
0.88902833
0.88902833
0.88528988
0.88528988
0.88488638
0.88488638
0.88488638
0.88488638
0.88488638
0.88488638
0.88488638
0.88488638
0.92533555
0.92533555
0.92533555
0.92533555
0.9247006
0.79069838
0.79069838
0.79069838
0.79069838
0.79069838
0.79069838
0.90535469
0.90535469
0.90535469
0.89342009
0.89342009
0.89342009
0.89352833
0.89352833
0.89352833
0.89247871
0.89160137
0.89130717
0.88245484
0.87707411
0.85724878
0.85724878
0.85724878
0.85724878
0.85724878
0.85724878
0.81342842
0.78111361
0.76842428
0.76842428
0.76842428
0.76842428
0.7529915
0.75184573
0.74118291
0.74118291
0.74118291
0.74118291
0.74118291
0.71483746
0.71483746
0.71483746
0.71483746
0.66767285
0.64490452
0.64490452
0.64490452
0.67003811
0.67003811
0.67003811
0.64361658
0.64361658
0.62094657
0.62094657
0.62094657
0.62094657
0.60790939
0.60383715
0.60383715
0.60383715
0.54345183
0.50826979
0.50826979
0.50826979
0.54294804
0.5871567
0.61838348
0.61838348
0.66341193
0.66341193
0.6873875
0.73703782
0.74183693
0.74183693
0.74183693
0.7345335
0.68903155
0.68903155
0.68903155
0.69828713
0.69828713
0.69828713
0.69828713
0.69828713
0.69828713
0.73595608
0.76248169
0.79555326
0.80184011
0.80184011
0.81343268
0.81343268
0.81343268
0.82153059
0.84969802
0.86619244
0.91436183
0.91436183
0.91436183
0.91436183
0.91843859
0.93579236
0.93579236
0.93579236
0.93579236
0.93579236
0.93579236
0.93579236
0.93484617
0.93484617
0.93484617
0.93484617
0.93130652
0.93130652
0.93130652
0.93130652
0.93130652
0.93130652
0.8518423
0.8518423
0.8518423
0.8518423
0.8518423
0.8518423
0.85245418
0.85245418
0.85261863
0.85261863
0.86293581
0.86293581
0.86293581
0.86820442
0.86820442
0.86925867
0.8698565
0.87273548
0.87273548
0.87408944
0.87408944
0.87408944
0.87408944
0.87802025
0.87814801
0.87814801
0.87814801
0.87814801
0.87814801
0.87814801
0.87513849
0.87513849
0.87513849
0.88175194
0.88175194
0.88175194
0.88175194
0.88175194
0.88175194
0.88175194
0.88175194
0.88015669
0.87563919
0.87563919
0.87563919
0.87753348
0.87753348
0.87952828
0.88078174
0.88078174
0.88078174
0.88078174
0.88061174
0.88061174
0.88061174
0.87848128
0.87750708
0.87547138
0.86935977
0.86935977
0.86935977
0.87637316
0.87637316
0.87637316
0.88114009
0.88114009
0.88114009
0.88114009
0.88114009
0.88237307
0.88549496
0.88549496
0.88549496
0.88086899
0.87725427
0.87725427
0.87725427
0.87725427
0.87725427
0.87725427
0.88107201
0.88107201
0.88107201
0.88107201
0.8815809
0.8815809
0.88643832
0.88724748
0.88724748
0.88754329
0.88754329
0.88754329
0.88754329
0.88677352
0.88677352
0.88677352
0.88677352
0.88677352
0.87647808
0.87647808
0.87647808
0.87058431
0.83357427
0.83240897
0.83240897
0.40027302
0.40027302
0.40027302
0.40027302
0.40027302
0.40334931
0.40901789
0.40901789
0.40901789
0.40901789
0.41195107
0.41195107
0.41195107
0.40869384
0.40691739
0.40462015
0.40462015
0.40462015
0.38991892
0.38991892
0.38991892
0.38991892
0.41114708
0.41435796
0.41435796
0.41435796
0.41435796
0.41435796
0.41435796
0.41811882
0.42560808
0.42560808
0.43250494
0.43250494
0.43250494
0.43250494
0.43250494
0.43250494
0.43116572
0.41945862
0.41379414
0.40954388
0.40587904
0.40221503
0.40221503
0.40221503
0.41761804
0.43115236
0.43503826
0.43676306
0.43676306
0.44063425
0.44063425
0.44063425
0.42309987
0.42309987
0.418281
0.418281
0.418281
0.42189434
0.42189434
0.42371258
0.43132826
0.43132826
0.43132826
0.42746056
0.42643644
0.42643644
0.42643644
0.42814363
0.4299033
0.43057727
0.43345807
0.438817
0.438817
0.438817
0.43862006
0.43862006
0.43862006
0.43862006
0.4300223
0.4300223
0.4300223
0.43353119
0.43550214
0.43550214
0.43550214
0.43428103
0.43428103
0.43428103
0.43428103
0.43428103
0.43428103
0.43647169
0.43647169
0.44599816
0.44599816
0.45711011
0.45711011
0.45711011
0.45711011
0.45711011
0.45779511
0.45779511
0.45779511
0.45779511
0.45779511
0.45779511
0.45779511
0.45559047
0.45559047
0.45559047
0.45559047
0.43291744
0.4154808
0.41531649
0.41531649
0.41531649
0.41531649
0.41531649
0.41743185
0.44207101
0.44207101
0.44207101
0.43314925
0.4264379
0.4264379
0.4264379
0.429853
0.429853
0.429853
0.429853
0.429853
0.42912181
0.4222451
0.41626827
0.40835743
0.40651955
0.40308356
0.3935055
0.3935055
0.3935055
0.41426515
0.41426515
0.41426515
0.40968065
0.40968065
0.40968065
0.41030734
0.41485692
0.41624764
0.41624764
0.41624764
0.42024193
0.42024193
0.42024193
0.42024193
0.42729266
0.42729266
0.42729266
0.42681246
0.42681246
0.42681246
0.43042533
0.43044461
0.43372995
0.43372995
0.43477007
0.43477007
0.43477007
0.43546457
0.43927434
0.43927434
0.43927434
0.4426674
0.4426674
0.4426674
0.44392624
0.44392624
0.44392624
0.44392624
0.44392624
0.42994144
0.41496344
0.41496344
0.41496344
0.41496344
0.41496344
0.41561892
0.42137553
0.43211215
0.44644921
0.44644921
0.44644921
0.44644921
0.44644921
0.44644921
0.44989356
0.45941587
0.45941587
0.45941587
0.45941587
0.45941587
0.45621617
0.45621617
0.45621617
0.45621617
0.45621617
0.44848959
0.44215332
0.44215332
0.44215332
0.44633993
0.44633993
0.44633993
0.44633993
0.46037493
0.46439343
0.46439343
0.46439343
0.46383565
0.46383565
0.45293353
0.44555761
0.44555761
0.44555761
0.44874146
0.44874146
0.44874146
0.44874146
0.44427892
0.44409902
0.44409902
0.44409902
0.44409902
0.44409902
0.44409902
0.44409902
0.44409902
0.44762678
0.44762678
0.44762678
0.43362545
0.43362545
0.43362545
0.43837801
0.43837801
0.43837801
0.44774421
0.44774421
0.47129477
0.47342738
0.47342738
0.47342738
0.47342738
0.47276151
0.47013248
0.47013248
0.47013248
0.46769312
0.46458155
0.46458155
0.46458155
0.46458155
0.46458155
0.46458155
0.46458155
0.46570642
0.46570642
0.46619935
0.46619935
0.81507158
0.81835937
0.81835937
0.81835937
0.81835937
0.81924047
0.81924047
0.81924047
0.81734045
0.8160904
0.8160904
0.8160904
0.81655303
0.81655303
0.81655303
0.81655303
0.81655303
0.8180257
0.8180257
0.8180257
0.8180257
0.8240279
0.82864763
0.82864763
0.82864763
0.8326108
0.8326108
0.8326108
0.8326108
0.83137612
0.82663017
0.82453148
0.82453148
0.82156447
0.82156447
0.82156447
0.82156447
0.82156447
0.82156447
0.82120415
0.81641205
0.81641205
0.81641205
0.81641205
0.81641205
0.81641205
0.81641205
0.81765353
0.82834011
0.82834011
0.82834011
0.81550455
0.81070699
0.81070699
0.80374273
0.79876642
0.79876642
0.79876642
0.81104393
0.81228089
0.8219369
0.82340516
0.82340516
0.82340516
0.82194059
0.80877428
0.80528862
0.80040808
0.79234207
0.79153303
0.79153303
0.79153303
0.79238795
0.79238795
0.79238795
0.78961934
0.78961934
0.78901957
0.78901957
0.78901957
0.79225913
0.79561031
0.80626066
0.8113726
0.81425761
0.81425761
0.81631363
0.81631363
0.81631363
0.81025231
0.8092958
0.80570319
0.80367305
0.79944409
0.79944409
0.79944409
0.78956738
0.78956738
0.78956738
0.8002342
0.8004206
0.8004206
0.8004206
0.8004206
0.80416551
0.80416551
0.80416551
0.80416551
0.80416551
0.80416551
0.80572023
0.80572023
0.80572023
0.80335684
0.80335684
0.79724459
0.79724459
0.79724459
0.80677199
0.80683118
0.80878925
0.81185494
0.81461341
0.81814475
0.82031957
0.82031957
0.82600472
0.82870599
0.82870599
0.8390208
0.84008966
0.84008966
0.84472176
0.84472176
0.84617733
0.84617733
0.84617733
0.84617733
0.84617733
0.84510656
0.84026925
0.8379823
0.8379148
0.83230015
0.83123229
0.83106314
0.8194594
0.81252647
0.81252647
0.81046832
0.81018771
0.81018771
0.80836122
0.80477516
0.80477516
0.80477516
0.79042069
0.79042069
0.79042069
0.79042069
0.78812282
0.78812282
0.78812282
0.78812282
0.78812282
0.78812282
0.78396765
0.78396765
0.77820205
0.76669345
0.76546642
0.75711653
0.75604804
0.75604804
0.75604804
0.75604804
0.75062769
0.7494522
0.7494522
0.74066805
0.73165728
0.73165728
0.73097519
0.73097519
0.73097519
0.7196308
0.70696792
0.70119391
0.70119391
0.70119391
0.71453295
0.71453295
0.73356011
0.73356011
0.73356011
0.72835037
0.66740835
0.63481907
0.63481907
0.63481907
0.64048651
0.64048651
0.64151696
0.66464525
0.66464525
0.66464525
0.66464525
0.65252847
0.64446547
0.64446547
0.64446547
0.64446547
0.64446547
0.64446547
0.64446547
0.64446547
0.64852467
0.64852467
0.64852467
0.60971515
0.60776716
0.60776716
0.60776716
0.58917058
0.58917058
0.57059338
0.55749587
0.5088983
0.47814019
0.47814019
0.47814019
0.43314436
0.43314436
0.43314436
0.43314436
0.3814849
0.3814849
0.3814849
0.3814849
0.3814849
0.44804244
0.44804244
0.44804244
0.45098773
0.45098773
0.45098773
0.44863452
0.43814349
0.43814349
0.43814349
0.65949782
0.65949782
0.65949782
0.65949782
0.65949782
0.65949782
0.65949782
0.66068464
0.66068464
0.66068464
0.66068464
0.66068464
0.65448014
0.64881676
0.58849837
0.58849837
0.58849837
0.58849837
0.58849837
0.58849837
0.58849837
0.55186148
0.53317302
0.49981363
0.49981363
0.49981363
0.49981363
0.49981363
0.50423678
0.50763878
0.50763878
0.50763878
0.50763878
0.50763878
0.50763878
0.50763878
0.50763878
0.50763878
0.57122209
0.57122209
0.57122209
0.57122209
0.57122209
0.61676931
0.61676931
0.61676931
0.5238831
0.5238831
0.51187648
0.51187648
0.51187648
0.43113833
0.41877799
0.4156632
0.4156632
0.40896021
0.40896021
0.40896021
0.40896021
0.40896021
0.40896021
0.41438643
0.41438643
0.41438643
0.41438643
0.41438643
0.41438643
0.41438643
0.41432532
0.40511308
0.40511308
0.40511308
0.41210946
0.4169065
0.4169065
0.4169065
0.4169065
0.41528136
0.41528136
0.41528136
0.41548028
0.42118877
0.42118877
0.42118877
0.42118877
0.42118877
0.42118877
0.42118877
0.42118877
0.41593845
0.40943714
0.40943714
0.40943714
0.40943714
0.40841864
0.40841864
0.40841864
0.41296167
0.42591181
0.43264582
0.44366902
0.44830553
0.44830553
0.44830553
0.44381415
0.42893572
0.4265425
0.4265425
0.4265425
0.43090953
0.43180052
0.43180052
0.43319321
0.43625563
0.43625563
0.43625563
0.43225967
0.42714939
0.42092433
0.42092433
0.42092433
0.42092433
0.42092433
0.43941204
0.44117109
0.44430761
0.44430761
0.44430761
0.44430761
0.44430761
0.44430761
0.44250268
0.44077995
0.44077995
0.44077995
0.44077995
0.44077995
0.44077995
0.43686345
0.43686345
0.43686345
0.44344713
0.44344713
0.45192698
0.45192698
0.45192698
0.45742465
0.46732085
0.46732085
0.46732085
0.46732085
0.46732085
0.46732085
0.46732085
0.46732085
0.46496011
0.46178399
0.46178399
0.45809728
0.45809728
0.45809728
0.45809728
0.45809728
0.44923819
0.42520993
0.40983041
0.40983041
0.40983041
0.41435816
0.41802092
0.41841772
0.42991764
0.44179575
0.44179575
0.44179575
0.43537057
0.43537057
0.43537057
0.4332168
0.4332168
0.4332168
0.4332168
0.4332168
0.4230332
0.4230332
0.4230332
0.4230332
0.41026784
0.40611901
0.39792122
0.39792122
0.39792122
0.40468157
0.41599572
0.41599572
0.41599572
0.41562214
0.41291501
0.41291501
0.41291501
0.41551021
0.41686388
0.41686388
0.42594216
0.42594216
0.42594216
0.42594216
0.42594216
0.42594216
0.4339151
0.4339151
0.4339151
0.4339151
0.4339151
0.43351497
0.43351497
0.43351497
0.44165254
0.44165254
0.44165254
0.44165254
0.44165254
0.44165254
0.44113794
0.44113794
0.44113794
0.44113794
0.44113794
0.44113794
0.44317369
0.44317369
0.44317369
0.44025054
0.44025054
0.43332047
0.42661619
0.42661619
0.42209768
0.42209768
0.42209768
0.43068235
0.45114606
0.45114606
0.45114606
0.45114606
0.45114606
0.45114606
0.45114606
0.45114606
0.45523555
0.45528092
0.45528092
0.45914545
0.45914545
0.45914545
0.4418791
0.4418791
0.4418791
0.4418791
0.43741438
0.43741438
0.43741438
0.43333575
0.43333575
0.43333575
0.43398619
0.44335603
0.45831033
0.45831033
0.45831033
0.46346572
0.46346572
0.46346572
0.46346572
0.46346572
0.44947754
0.44947754
0.44947754
0.44947754
0.44947754
0.4517198
0.4517198
0.4517198
0.4517198
0.4517198
0.4517198
0.4517198
0.44603958
0.44287833
0.44287833
0.44287833
0.44287833
0.44287833
0.4360393
0.4360393
0.4360393
0.45101558
0.45101558
0.45101558
0.46706274
0.46715071
0.47121734
0.47915281
0.47915281
0.47915281
0.47915281
0.48016737
0.48016737
0.48016737
0.48016737
0.47867968
0.47726095
0.47726095
0.47726095
0.47726095
0.47726095
0.47511415
0.47511415
0.47511415
0.47511415
0.47511415
0.47511415
0.89892626
0.89892626
0.89892626
0.89324279
0.89324279
0.89324279
0.89324279
0.89324279
0.89324279
0.89324279
0.89324279
0.88954813
0.88954813
0.88954813
0.88971535
0.89367425
0.89435488
0.89746141
0.89746141
0.89746141
0.89676545
0.87817747
0.87512246
0.87386511
0.82951429
0.80975963
0.79496834
0.78874213
0.78874213
0.78131399
0.77004063
0.76838198
0.76838198
0.76838198
0.76838198
0.76838198
0.76838198
0.76699609
0.76699609
0.76576651
0.7572494
0.75291724
0.74375083
0.7433677
0.7433677
0.73153365
0.73153365
0.73153365
0.72768897
0.72768897
0.72768897
0.74796369
0.76465967
0.79428049
0.82613292
0.82613292
0.82699652
0.83543984
0.83543984
0.85032024
0.85032024
0.85032024
0.84556244
0.84082184
0.84082184
0.84082184
0.84082184
0.84082184
0.83903967
0.829012
0.81273688
0.80484526
0.74679563
0.74679563
0.74679563
0.73576506
0.73576506
0.73576506
0.78040227
0.78040227
0.78040227
0.78040227
0.78040227
0.78040227
0.77313703
0.73402617
0.72313658
0.69285555
0.69285555
0.69285555
0.67053593
0.64136263
0.64136263
0.64136263
0.64136263
0.64136263
0.64945789
0.64945789
0.64945789
0.57318349
0.57318349
0.57318349
0.60578909
0.60578909
0.60578909
0.60578909
0.5988969
0.58890587
0.56318519
0.54602853
0.54602853
0.54602853
0.60044201
0.60044201
0.60044201
0.60044201
0.60370402
0.60370402
0.60370402
0.60370402
0.73860782
0.73860782
0.73860782
0.73773648
0.73773648
0.73773648
0.73525316
0.73525316
0.73525316
0.71458247
0.68664618
0.68664618
0.68664618
0.68286115
0.68286115
0.68286115
0.67347924
0.67347924
0.67347924
0.67412002
0.67412002
0.67412002
0.67412002
0.77876321
0.82835897
0.86710782
0.86710782
0.88213591
0.88213591
0.94413828
0.95001108
0.96679159
0.96679159
0.96679159
0.96679159
0.92350659
0.91903077
0.91903077
0.90953146
0.90735503
0.89484225
0.89484225
0.89251191
0.88687152
0.88176667
0.87710602
0.86807394
0.85696375
0.83246924
0.81690488
0.81690488
0.81690488
0.82446798
0.82446798
0.82446798
0.81839579
0.80779283
0.80015631
0.79715817
0.7948626
0.7948626
0.7948626
0.79708116
0.79708116
0.80701675
0.80701675
0.80886855
0.81112915
0.81397633
0.82244356
0.82244356
0.82808304
0.82808304
0.82808304
0.82113613
0.804554
0.77903842
0.76850405
0.76274894
0.76274894
0.76274894
0.76651459
0.76765292
0.7829504
0.79578512
0.80098509
0.81969313
0.82347131
0.82347131
0.82347131
0.82648934
0.830168
0.830168
0.830168
0.8264393
0.82478788
0.79065317
0.79065317
0.79065317
0.81394884
0.82781797
0.82781797
0.82781797
0.82472614
0.82472614
0.82472614
0.84985023
0.87030175
0.87570802
0.88002511
0.8818958
0.88617681
0.89053592
0.8976099
0.8976099
0.8976099
0.89792803
0.89792803
0.89792803
0.8916017
0.88764449
0.88764449
0.88764449
0.88776983
0.8922795
0.89466469
0.89466469
0.89466469
0.89466469
0.89466469
0.89466469
0.89466469
0.89632752
0.89632752
0.89632752
0.85062527
0.77230498
0.74524413
0.74524413
0.74524413
0.74524413
0.74524413
0.74524413
0.74524413
0.74975521
0.74975521
0.74975521
0.74244648
0.74244648
0.74244648
0.74244648
0.74244648
0.74244648
0.74244648
0.74244648
0.74244648
0.74244648
0.74244648
0.74244648
0.74244648
0.74244648
0.74244648
0.74244648
0.74244648
0.68973624
0.68973624
0.68739493
0.68311717
0.68311717
0.67383115
0.67383115
0.67383115
0.66468875
0.66468875
0.66468875
0.66468875
0.64118049
0.64118049
0.64118049
0.64118049
0.64118049
0.63200702
0.63200702
0.62009955
0.61803864
0.61374254
0.61374254
0.61374254
0.6306865
0.6306865
0.6306865
0.57988258
0.56618415
0.49765862
0.49765862
0.49765862
0.50911904
0.55760136
0.59982223
0.74943745
0.74943745
0.74943745
0.6780294
0.6780294
0.6780294
0.69206341
0.69622024
0.69622024
0.69622024
0.67689891
0.66945611
0.66945611
0.66945611
0.66247631
0.66247631
0.66247631
0.6645353
0.6645353
0.6645353
0.6645353
0.69096405
0.71143795
0.71143795
0.7717764
0.7717764
0.7717764
0.75426374
0.71799601
0.71799601
0.71799601
0.71805992
0.71805992
0.71805992
0.73709747
0.77319503
0.77319503
0.77635394
0.77635394
0.77635394
0.79137288
0.79374879
0.80141702
0.80484323
0.80943324
0.80943324
0.80943324
0.80943324
0.81446589
0.81446589
0.81857341
0.81969682
0.82565282
0.83741147
0.84418959
0.84418959
0.85234664
0.85234664
0.85234664
0.85008895
0.85008895
0.85008895
0.85008895
0.85008895
0.85008895
0.85008895
0.85008895
0.85008895
0.84272067
0.83286953
0.83286953
0.83286953
0.83896131
0.83896131
0.83896131
0.83896131
0.83896131
0.83896131
0.84979473
0.85053865
0.85157846
0.85157846
0.85157846
0.85157846
0.85157846
0.84928116
0.84928116
0.83708269
0.83708269
0.83708269
0.83576009
0.83576009
0.83576009
0.84375392
0.84375392
0.84375392
0.83417503
0.83417503
0.81380256
0.81156752
0.81156752
0.81156752
0.81624909
0.82223897
0.83529288
0.8474303
0.8474303
0.8474303
0.8474303
0.8474303
0.8474303
0.8474303
0.8474303
0.8474303
0.83619841
0.83619841
0.83619841
0.85458501
0.86080353
0.86226339
0.9309999
0.9309999
0.9309999
0.9309999
0.9309999
0.9309999
0.9309999
0.9309999
0.84046739
0.83424242
0.83424242
0.83424242
0.83481045
0.83481045
0.83481045
0.83304839
0.82633491
0.82633491
0.82633491
0.82685008
0.82778284
0.82825899
0.82862638
0.82862638
0.82862638
0.82862638
0.8187411
0.8187411
0.8187411
0.82403346
0.8267555
0.83284053
0.83284053
0.83284053
0.82744554
0.82744554
0.8262792
0.8262792
0.8262792
0.8262792
0.8262792
0.8262792
0.8262792
0.8262792
0.82403299
0.82403299
0.82403299
0.82370743
0.81113918
0.81113918
0.81113918
0.81113918
0.81083197
0.81083197
0.81083197
0.8131343
0.81318626
0.81578178
0.81612422
0.81838228
0.81890754
0.81890754
0.81890754
0.81890754
0.81890754
0.81890754
0.81890754
0.81890754
0.81856551
0.81856551
0.81856551
0.81856551
0.81856551
0.81856551
0.82015484
0.8271006
0.8271006
0.8271006
0.82092968
0.81873356
0.81631228
0.81631228
0.81631228
0.80401253
0.80401253
0.80133845
0.79850603
0.79850603
0.79850603
0.79439617
0.79439617
0.79308474
0.79308474
0.79308474
0.78977586
0.77859635
0.77859635
0.77859635
0.77859635
0.78987506
0.78987506
0.78987506
0.80357307
0.80357307
0.80357307
0.80357307
0.80357307
0.80369186
0.80369186
0.80477885
0.80873256
0.80873256
0.80873256
0.80873256
0.80970309
0.81217462
0.81704275
0.83086209
0.83184468
0.83184468
0.83184468
0.83338912
0.83492113
0.86629364
0.86629364
0.86629364
0.85628105
0.85628105
0.85628105
0.85628105
0.85628105
0.85628105
0.85536741
0.84638545
0.82459789
0.80173296
0.7884608
0.74652349
0.74652349
0.74652349
0.76539985
0.77586937
0.7857017
0.78922992
0.7934025
0.7934025
0.7934025
0.80782193
0.81844085
0.81844085
0.82434478
0.82434478
0.82434478
0.83755473
0.83889957
0.83889957
0.83889957
0.8406225
0.85112304
0.85112304
0.85112304
0.85112304
0.85112304
0.81602752
0.81602752
0.81602752
0.81602752
0.81602752
0.80909454
0.80909454
0.80909454
0.84047045
0.84047045
0.84047045
0.83585789
0.80163641
0.79452504
0.77387389
0.77387389
0.77387389
0.77387389
0.77387389
0.77387389
0.77387389
0.7842996
0.7842996
0.7842996
0.7842996
0.7842996
0.7842996
0.7842996
0.7842996
0.78119462
0.78119462
0.78119462
0.787281
0.78811336
0.78841772
0.80177022
0.80598692
0.81513061
0.82741135
0.83842888
0.8417732
0.84760687
0.84760687
0.84760687
0.85527707
0.85527707
0.86155631
0.86261961
0.87301871
0.87603342
0.98295164
0.98295164
0.98295164
0.98128977
0.96983576
0.96839209
0.96348325
0.96000996
0.95815395
0.95397783
0.95397783
0.94949812
0.94949812
0.94949812
0.94949812
0.94462872
0.94462872
0.9434853
0.93862271
0.93859524
0.93473073
0.92752133
0.92752133
0.92752133
0.92752133
0.92752133
0.92752133
0.92958712
0.93884493
0.93884493
0.93884493
0.93858986
0.93052009
0.93052009
0.91903197
0.91903197
0.90640606
0.89713718
0.89713718
0.88700538
0.88700538
0.87033654
0.85952482
0.85534065
0.85017994
0.85017994
0.84559565
0.82785819
0.8222001
0.81183103
0.79799506
0.79799506
0.79799506
0.79799506
0.79799506
0.79596762
0.79596762
0.79596762
0.79596762
0.79596762
0.79596762
0.74764702
0.74764702
0.74764702
0.74373051
0.74373051
0.74373051
0.74373051
0.74251502
0.73926693
0.73926693
0.73926693
0.74069486
0.75251654
0.75251654
0.7629488
0.7629488
0.7629488
0.7629488
0.77185258
0.77554652
0.77554652
0.78027522
0.78599218
0.78599218
0.78871324
0.8029206
0.8029206
0.8029206
0.80622185
0.80690211
0.80690211
0.80690211
0.79807098
0.79807098
0.79807098
0.82761021
0.82791467
0.82827661
0.82827661
0.82827661
0.82668743
0.82668743
0.80999841
0.80224621
0.7942952
0.79033713
0.78309236
0.78309236
0.78309236
0.76165728
0.76165728
0.75167508
0.7469165
0.74536776
0.74536776
0.74536776
0.74558117
0.74558117
0.74558117
0.74343354
0.743139
0.743139
0.743139
0.743139
0.73779962
0.73652909
0.73652909
0.72564994
0.72537884
0.71912498
0.7142501
0.71163671
0.71163671
0.71163671
0.71020125
0.69868886
0.69727366
0.68794684
0.68288583
0.68288583
0.68288583
0.68579292
0.70303823
0.72955147
0.74463345
0.77805437
0.7871394
0.79435834
0.79562065
0.80772414
0.80772414
0.80772414
0.80772414
0.80772414
0.80244788
0.80244788
0.80244788
0.83196446
0.83196446
0.83196446
0.83153898
0.8265847
0.8265847
0.8265847
0.81654789
0.81096728
0.80634848
0.80634848
0.80634848
0.80634848
0.80634848
0.80634848
0.80634848
0.79916031
0.79833511
0.79833511
0.79833511
0.79833511
0.79868613
0.80083216
0.80590299
0.83087425
0.83087425
0.83087425
0.83087425
0.83087425
0.80851415
0.80851415
0.80851415
0.78820446
0.78820446
0.74471342
0.73598819
0.73598819
0.73598819
0.73598819
0.69140699
0.643375
0.58739891
0.58256498
0.53672972
0.52897742
0.52897742
0.52897742
0.52897742
0.52897742
0.49251602
0.49251602
0.43719218
0.43367513
0.43367513
0.43367513
0.42769585
0.39591103
0.38610162
0.38610162
0.38610162
0.38610162
0.38610162
0.50326739
0.50326739
0.52783379
0.52783379
0.52783379
0.52783379
0.52783379
0.42111846
0.42111846
0.42111846
0.46960988
0.46960988
0.46960988
0.46960988
0.46960988
0.4062589
0.40433944
0.4038754
0.4038754
0.4038754
0.40394732
0.40394732
0.41117441
0.41117441
0.41117441
0.41117441
0.41117441
0.41117441
0.41117441
0.41117441
0.4085763
0.39884753
0.39670536
0.39103542
0.39103542
0.39103542
0.3962198
0.40651404
0.40990939
0.40990939
0.41869901
0.41869901
0.42078246
0.42173606
0.42483802
0.42750005
0.42750005
0.42750005
0.42726793
0.42726793
0.42726793
0.42786058
0.42786058
0.42786058
0.41479331
0.41479331
0.41479331
0.41479331
0.41035015
0.41035015
0.41035015
0.41137905
0.42187091
0.4436501
0.4436501
0.4436501
0.4436501
0.4436501
0.43995221
0.43375656
0.4192556
0.4192556
0.4192556
0.4192556
0.42053932
0.42053932
0.42990413
0.42990413
0.42990413
0.42969175
0.42400228
0.42400228
0.42400228
0.42400228
0.42400228
0.42653648
0.42653648
0.43738336
0.44023791
0.44899157
0.44899157
0.44899157
0.44899157
0.44899157
0.44327642
0.44138279
0.44138279
0.44138279
0.44138279
0.44138279
0.44138279
0.44138279
0.43747362
0.43747362
0.43747362
0.44324951
0.44324951
0.44324951
0.44324951
0.44788156
0.45705243
0.45987836
0.45987836
0.45987836
0.4584299
0.4584299
0.4584299
0.46152651
0.46244332
0.46244332
0.46244332
0.45716748
0.45716748
0.45716748
0.45942694
0.45942694
0.45942694
0.45942694
0.44007132
0.4253507
0.42420728
0.42420728
0.42420728
0.41488259
0.41488259
0.41488259
0.43034266
0.43034266
0.43034266
0.4268044
0.4268044
0.42500571
0.41348714
0.41348714
0.41348714
0.41913452
0.41913452
0.41913452
0.41913452
0.41913452
0.41913452
0.40975308
0.40975308
0.40975308
0.40660197
0.40660197
0.40660197
0.41842136
0.41842136
0.41842136
0.40011235
0.40011235
0.40011235
0.40229589
0.40230639
0.42467464
0.42777343
0.42777343
0.42777343
0.4222993
0.4222993
0.4222993
0.43380561
0.43380561
0.43380561
0.43380561
0.43165621
0.43165621
0.43165621
0.43165621
0.44138617
0.44138617
0.44138617
0.44138617
0.44138617
0.44138617
0.44138617
0.44138617
0.44138617
0.44138617
0.44138617
0.44138617
0.44138617
0.43524357
0.43524357
0.43524357
0.43524357
0.43524357
0.41557288
0.41341823
0.41341823
0.41341823
0.41341823
0.4174093
0.43063163
0.43223618
0.44625705
0.44886166
0.44886166
0.44886166
0.43567752
0.43567752
0.43567752
0.44704394
0.44946922
0.45328044
0.45330591
0.45330591
0.45330591
0.45276304
0.45276304
0.45276304
0.45276304
0.43255213
0.4301852
0.4301852
0.4301852
0.4301852
0.4301852
0.43123234
0.44018205
0.4431727
0.4431727
0.4431727
0.4431727
0.4431727
0.44941149
0.44941149
0.44941149
0.44941149
0.44941149
0.45068228
0.45300155
0.45300155
0.45300155
0.44614408
0.44614408
0.44614408
0.45703331
0.45703331
0.45703331
0.45703331
0.45703331
0.45703331
0.45009976
0.45009976
0.43064987
0.41931286
0.41931286
0.41931286
0.42461468
0.42461468
0.42461468
0.43705068
0.44364059
0.46942722
0.46942722
0.46942722
0.46942722
0.46942722
0.46942722
0.46832688
0.46832688
0.46832688
0.4628106
0.46079703
0.46079703
0.46079703
0.46079703
0.46079703
0.46079703
0.46602059
0.46869956
0.46869956
0.47078739
0.48087278
0.48087278
0.48087278
0.48087278
0.48727131
0.52551067
0.59597676
0.64979125
0.64979125
0.64979125
0.64596968
0.64596968
0.64596968
0.67522514
0.71979137
0.77709822
0.82510792
0.84159896
0.85363232
0.86523115
0.86931646
0.87714798
0.88435819
0.88435819
0.88435819
0.88415506
0.87164267
0.87164267
0.86361314
0.86242554
0.86242554
0.86242554
0.86765526
0.87557455
0.87599117
0.88087535
0.88895381
0.88895381
0.89804209
0.89891576
0.90084458
0.90375362
0.90375362
0.90375362
0.91030474
0.91030474
0.91030474
0.90852582
0.90852582
0.90852582
0.91177967
0.91177967
0.91177967
0.91640203
0.9199726
0.92445834
0.92445834
0.92445834
0.92445834
0.92177371
0.9182663
0.9182663
0.85355326
0.82127514
0.77098015
0.76663047
0.68712207
0.63448894
0.63448894
0.63448894
0.59158734
0.55210389
0.54876799
0.51056422
0.45744539
0.45744539
0.43368526
0.37955473
0.31364659
0.29646489
0.24368492
0.19457591
0.12377345
0.10497036
0.10497036
0.10497036
0.03064192
0.03064192
0.03064192
0.04909976
0.07159606
0.07159606
0.09531871
0.16721045
0.16721045
0.16721045
0.24955668
0.24955668
0.24955668
0.21761461
0.20061115
0.17623073
0.17623073
0.17623073
0.23401155
0.30199816
0.3541052
0.36599339
0.37241161
0.40610508
0.42079244
0.42079244
0.42494153
0.43385259
0.51302899
0.61420087
0.68297303
0.75993305
0.81940016
0.85009285
0.8693591
0.8693591
0.87297709
0.87516115
0.87516115
0.87516115
0.8594271
0.84298142
0.84298142
0.84298142
0.86550929
0.86550929
0.86550929
0.85340033
0.85052831
0.85052831
0.83368822
0.83032878
0.83032878
0.83032878
0.83032878
0.83678733
0.83709334
0.84992718
0.85415144
0.85901107
0.85901107
0.85901107
0.85901107
0.85901107
0.87356582
0.88201132
0.89335238
0.89466615
0.89504307
0.89513902
0.89513902
0.89513902
0.89513902
0.89513902
0.89795019
0.90363987
0.90363987
0.90363987
0.90363987
0.90363987
0.90363987
0.90313802
0.90289057
0.90289057
0.89607357
0.89575303
0.89575303
0.89575303
0.8876367
0.8792423
0.86909086
0.86875145
0.85942302
0.85880644
0.85122557
0.84099093
0.84099093
0.84099093
0.84099093
0.83871281
0.83871281
0.83871281
0.83293058
0.83293058
0.82638999
0.82638999
0.82521824
0.82423258
0.82423258
0.82423258
0.82657477
0.82657477
0.82657477
0.83190689
0.83190689
0.83359609
0.83359609
0.83359609
0.83670283
0.83735997
0.83735997
0.83735997
0.83698983
0.83439567
0.83439567
0.83439567
0.82767408
0.82767408
0.82767408
0.82767408
0.82727458
0.82174432
0.82174432
0.82174432
0.82818811
0.83008304
0.83008304
0.83008304
0.82039419
0.82039419
0.80571099
0.80355478
0.79165811
0.76405107
0.76405107
0.76405107
0.76405107
0.74993844
0.7400121
0.73806204
0.73806204
0.73806204
0.74897076
0.74897076
0.76345415
0.77600146
0.77600146
0.77600146
0.76905222
0.76905222
0.76905222
0.77826181
0.77826181
0.77946286
0.77946286
0.77946286
0.77946286
0.77946286
0.77946286
0.76243607
0.73707414
0.72864443
0.72864443
0.72864443
0.72864443
0.72864443
0.72864443
0.73787907
0.7637227
0.77094325
0.77775064
0.80037009
0.81092155
0.82877583
0.83660639
0.84625107
0.85928968
0.87631502
0.88424509
0.88424509
0.88552289
0.88847556
0.88847556
0.88847556
0.88647901
0.88647901
0.88206547
0.88206547
0.88206547
0.88253951
0.88253951
0.88253951
0.89436753
0.89436753
0.89436753
0.89436753
0.89436753
0.89436753
0.89436753
0.89436753
0.89767569
0.89767569
0.89767569
0.8897664
0.87897411
0.8677191
0.85700436
0.85583093
0.85121756
0.85121756
0.8397152
0.83861034
0.82770458
0.82753617
0.81764496
0.81338259
0.81338259
0.81338259
0.81338259
0.81739777
0.82380445
0.8272553
0.8272553
0.8272553
0.78790629
0.78501764
0.77722289
0.77722289
0.76799849
0.76799849
0.76799849
0.76799849
0.7657303
0.73882882
0.73180719
0.73180719
0.73180719
0.75598703
0.76424463
0.76424463
0.76424463
0.75844396
0.75844396
0.7540008
0.73161794
0.71170879
0.70250673
0.68165266
0.6577778
0.64363768
0.6347022
0.62382861
0.62382861
0.62382861
0.62382861
0.6277341
0.64010779
0.65687565
0.66406715
0.67204352
0.69625891
0.72628941
0.74044424
0.74071508
0.74071508
0.75756301
0.77721836
0.79548653
0.8084044
0.81682517
0.81682517
0.81828646
0.83209354
0.83308642
0.83308642
0.83308642
0.82926206
0.82926206
0.82926206
0.82931168
0.83000167
0.83000167
0.83000167
0.82717309
0.82239845
0.82239845
0.81979665
0.81979665
0.81979665
0.81540114
0.81540114
0.81540114
0.81540114
0.81540114
0.81735765
0.82033017
0.82047431
0.82047431
0.82187418
0.82187418
0.82187418
0.83030638
0.83030638
0.83030638
0.82745957
0.82745957
0.82745957
0.83054126
0.83054126
0.83064841
0.83802111
0.83802111
0.84032501
0.84032501
0.84032501
0.83673728
0.83673728
0.83673728
0.83673728
0.83673728
0.83673728
0.83673728
0.83608207
0.76030719
0.7602518
0.7602518
0.7602518
0.7602518
0.7602518
0.7602518
0.7602518
0.7602518
0.7603947
0.7603947
0.7603947
0.7603947
0.7603947
0.76408677
0.76408677
0.76408677
0.76408677
0.76408677
0.77770906
0.79175617
0.81087666
0.8135616
0.8135616
0.81556452
0.81556452
0.83188605
0.84732777
0.8567063
0.86409737
0.86852231
0.86852231
0.87949825
0.88502104
0.88664633
0.89362616
0.89584124
0.89584124
0.89899485
0.89917748
0.89917748
0.89917748
0.89917748
0.89917748
0.89917748
0.89917748
0.893319
0.89234209
0.87953325
0.87538322
0.87538322
0.87538322
0.87538322
0.87538322
0.87526248
0.87526248
0.86824425
0.85429557
0.85429557
0.85114154
0.84467177
0.84411258
0.84411258
0.83769639
0.83769639
0.83769639
0.83769639
0.83769639
0.83769639
0.83557495
0.83557495
0.8347338
0.81440239
0.81440239
0.81440239
0.81664938
0.81769859
0.83403623
0.83403623
0.83403623
0.82811318
0.82811318
0.82811318
0.8212649
0.8212649
0.81998507
0.81998507
0.81998507
0.81998507
0.81675403
0.81675403
0.81675403
0.82245987
0.82245987
0.82245987
0.82245987
0.81438061
0.81438061
0.81438061
0.81438061
0.8167175
0.82177093
0.83655712
0.83655712
0.83740206
0.84391299
0.84391299
0.84697041
0.85623677
0.85623677
0.86158455
0.86158455
0.86818465
0.86961899
0.86961899
0.86961899
0.86961899
0.86961899
0.86961899
0.86961899
0.86961899
0.86961899
0.88230404
0.88230404
0.88230404
0.88463017
0.88463017
0.88463017
0.88463017
0.88463017
0.8886903
0.8886903
0.8886903
0.88690901
0.88429838
0.88429838
0.88429838
0.8877095
0.8877095
0.8877095
0.8877095
0.88625676
0.88625676
0.88513596
0.88440205
0.88440205
0.88440205
0.88440205
0.88440205
0.88440205
0.88440205
0.88440205
0.88440205
0.88440205
0.88747496
0.88769295
0.88769295
0.89216786
0.89279364
0.89279364
0.89279364
0.89279364
0.89279364
0.89815176
0.89858254
0.9017737
0.90210799
0.90318708
0.90355485
0.90355485
0.90420794
0.90420794
0.90608463
0.91342587
0.91342587
0.91342587
0.91342587
0.91342587
0.91342587
0.91367865
0.91417803
0.9155126
0.9155126
0.91809531
0.91809531
0.91809531
0.91417107
0.91401715
0.91335572
0.90795392
0.90171236
0.90053903
0.89147205
0.89067043
0.88907993
0.88423215
0.88311076
0.88311076
0.88311076
0.88311076
0.88232555
0.88096523
0.8775969
0.8775969
0.8775969
0.87618173
0.87285476
0.87285476
0.87128848
0.869916
0.86472915
0.85732262
0.85732262
0.85732262
0.85902905
0.85921288
0.86111238
0.8667078
0.8667078
0.8667078
0.8667078
0.8667078
0.85995534
0.85961477
0.85831446
0.85426644
0.85426644
0.85426644
0.84716845
0.84716845
0.84224317
0.83717373
0.83565092
0.8231709
0.8231709
0.8166592
0.81063944
0.8037935
0.79545468
0.78667681
0.76135583
0.76135583
0.76135583
0.76135583
0.76135583
0.76135583
0.76135583
0.7592254
0.7592254
0.75074887
0.74882801
0.74786381
0.74786381
0.74786381
0.74326876
0.74121066
0.73986754
0.73329192
0.72132313
0.71497225
0.71184483
0.71102322
0.70334461
0.69034396
0.68664613
0.67718352
0.67718352
0.67718352
0.67768539
0.67956214
0.68171325
0.68171325
0.68171325
0.68171325
0.68171325
0.54639878
0.54469539
0.54251574
0.5361868
0.53021937
0.52980443
0.52632651
0.52632651
0.52632651
0.52632651
0.52730474
0.52730474
0.52730474
0.52208181
0.52088522
0.52004974
0.52004974
0.52004974
0.52257417
0.52320237
0.53369937
0.5353799
0.5353799
0.5353799
0.49919931
0.49919931
0.4986977
0.49714568
0.49714568
0.49580785
0.49580785
0.48079037
0.48079037
0.47472764
0.47472764
0.47472764
0.47472764
0.47472764
0.47721096
0.49441511
0.49822472
0.50872032
0.52219815
0.54472584
0.56522141
0.59797781
0.61398277
0.62350737
0.63639785
0.65033417
0.65994633
0.6697943
0.68006417
0.69001191
0.7021832
0.70260037
0.70894283
0.72705038
0.73550607
0.74629683
0.74921899
0.75015352
0.75654362
0.76568233
0.77784038
0.78400662
0.78802435
0.78846121
0.79034877
0.79562918
0.79562918
0.79684639
0.79699527
0.80227271
0.80227271
0.80227271
0.80227271
0.80596213
0.80596213
0.80596213
0.80638954
0.80638954
0.81086673
0.81373667
0.81568741
0.8175705
0.81919921
0.82130445
0.82130445
0.82488375
0.82797584
0.82797584
0.82797584
0.82797584
0.82797584
0.82797584
0.77517741
0.75423812
0.73567755
0.73567755
0.69418698
0.6936889
0.68409114
0.67784004
0.67784004
0.67784004
0.67784004
0.67784004
0.67784004
0.67784004
0.67468274
0.67411638
0.66516781
0.66516781
0.66516781
0.66516781
0.66516781
0.66536886
0.66536886
0.66536886
0.59687944
0.55225942
0.54380446
0.54380446
0.54380446
0.54380446
0.54380446
0.54034545
0.50149416
0.50149416
0.50149416
0.51283667
0.52733919
0.53100897
0.53100897
0.53100897
0.50944049
0.48439669
0.48312611
0.37475707
0.36837793
0.36837793
0.36837793
0.36837793
0.59885081
0.59885081
0.59885081
0.5966179
0.5966179
0.5966179
0.5966179
0.5966179
0.5966179
0.62801808
0.62801808
0.62801808
0.62801808
0.62801808
0.64812937
0.64812937
0.64812937
0.65096195
0.68371357
0.68371357
0.68371357
0.68371357
0.68371357
0.68371357
0.77861912
0.77861912
0.77861912
0.77122345
0.74817747
0.73222208
0.72745824
0.7080705
0.69537156
0.69537156
0.69537156
0.69531175
0.69531175
0.69109069
0.69109069
0.67300959
0.67300959
0.67300959
0.68693157
0.68693157
0.68693157
0.68693157
0.68693157
0.68869659
0.68869659
0.68869659
0.68869659
0.68869659
0.67634908
0.67634908
0.67634908
0.67634908
0.67634908
0.67634908
0.67634908
0.7001554
0.7001554
0.7001554
0.72864345
0.73904182
0.75735863
0.77996645
0.78234719
0.78234719
0.78234719
0.78234719
0.78234719
0.80334682
0.85130419
0.85130419
0.85130419
0.84523543
0.82917242
0.82917242
0.82917242
0.81479929
0.81479929
0.81479929
0.81479929
0.81479929
0.81479929
0.81479929
0.81479929
0.81479929
0.81479929
0.81479929
0.81479929
0.81479929
0.82641062
0.82641062
0.82641062
0.82641062
0.85409208
0.85409208
0.85409208
0.85969193
0.85989028
0.85989028
0.85989028
0.85989028
0.85989028
0.86026635
0.86496296
0.86496296
0.86496296
0.86407281
0.85759473
0.85759473
0.85759473
0.85759473
0.85759473
0.85601541
0.85601541
0.85459067
0.85459067
0.85459067
0.89525391
0.89525391
0.89525391
0.89525391
0.89525391
0.83940882
0.83334458
0.83334458
0.83334458
0.83745876
0.83853587
0.83928369
0.84885625
0.84885625
0.84885625
0.84885625
0.84885625
0.84885625
0.84885625
0.84885625
0.84326624
0.84326624
0.84326624
0.84702243
0.84702243
0.84702243
0.84509861
0.84509861
0.8430933
0.8430933
0.8430933
0.8336069
0.8336069
0.8336069
0.81480656
0.80542014
0.79115582
0.79115582
0.79115582
0.80748837
0.8101211
0.82459831
0.82459831
0.82459831
0.83329059
0.83911237
0.84433213
0.85499763
0.85499763
0.85566743
0.85566743
0.85661702
0.85661702
0.86041741
0.86041741
0.86041741
0.86041741
0.85522157
0.85213814
0.84024987
0.81656353
0.78823439
0.74166145
0.71842783
0.71524948
0.71524948
0.71524948
0.7200182
0.72513216
0.72513216
0.73091408
0.74039581
0.74097084
0.76528912
0.82052877
0.82241097
0.82479146
0.82479146
0.82479146
0.82479146
0.82902136
0.8301401
0.83046264
0.83194279
0.83567337
0.83567337
0.83567337
0.83567337
0.83567337
0.83739276
0.83739276
0.83739276
0.83119575
0.83119575
0.83000089
0.82432633
0.79444979
0.79444979
0.79444979
0.79720125
0.79720125
0.79720125
0.79720125
0.79720125
0.79720125
0.79720125
0.79720125
0.79720125
0.80399606
0.82599106
0.86054425
0.87950116
0.88215033
0.88215033
0.9139293
0.9431905
0.9441323
0.96937372
0.96937372
0.96937372
0.96038737
0.96038737
0.96038737
0.95938298
0.95938298
0.95938298
0.95938298
0.95770729
0.95168724
0.95168724
0.95168724
0.95438775
0.95438775
0.95438775
0.95438775
0.95683849
0.95683849
0.95763345
0.95763345
0.95763345
0.95398815
0.95398815
0.95398815
0.95429227
0.96377275
0.96377275
0.96377275
0.96221875
0.96221875
0.96221875
0.96319082
0.96319082
0.96319082
0.96319082
0.96319082
0.96576787
0.96576787
0.96576787
0.96492768
0.96492768
0.96492768
0.96492768
0.96492768
0.96492768
0.96492768
0.96492768
0.96600693
0.96600693
0.96715464
0.96715464
0.96715464
0.96622222
0.96568301
0.96568301
0.96568301
0.96568301
0.96568301
0.96159427
0.96119363
0.95903347
0.94999573
0.94999573
0.94999573
0.94797418
0.94797418
0.94797418
0.94797418
0.93599682
0.93599682
0.93599682
0.93605949
0.93605949
0.93605949
0.93605949
0.93605949
0.93605949
0.93605949
0.9388394
0.9388394
0.94001397
0.94001397
0.94001397
0.9371829
0.9365321
0.9365321
0.9365321
0.93819603
0.93819603
0.93819603
0.93819603
0.93819603
0.93595883
0.93595883
0.93595883
0.93595883
0.93595883
0.93483825
0.93483825
0.93483825
0.93483825
0.93483825
0.93454267
0.93454267
0.93454267
0.9351446
0.93715806
0.93715806
0.93884852
0.93884852
0.94036304
0.94036304
0.94230981
0.94230981
0.94230981
0.94212393
0.94212393
0.94212393
0.94300831
0.9444524
0.9456175
0.9456175
0.9456175
0.9456175
0.94565356
0.94565356
0.94565356
0.94565356
0.94565356
0.94564007
0.94564007
0.94564007
0.94564007
0.94972738
0.95040723
0.95040723
0.95040723
0.95188343
0.95188343
0.95188343
0.94678862
0.94678862
0.94557598
0.94557598
0.94557598
0.94557598
0.94389745
0.94369385
0.94369385
0.94369385
0.94369385
0.94261814
0.9419232
0.9419232
0.94004741
0.94004741
0.94004741
0.94004741
0.94004741
0.94004741
0.93687096
0.93687096
0.93687096
0.93687096
0.93484716
0.93484716
0.93484716
0.93484716
0.93484716
0.93330722
0.93330722
0.93097257
0.92945084
0.92859416
0.92512312
0.92387497
0.92387497
0.92008092
0.92008092
0.91837584
0.91837584
0.91837584
0.91820942
0.91606332
0.9131661
0.9131661
0.91178294
0.91042587
0.90955567
0.90955567
0.90955567
0.90955567
0.90955567
0.90955567
0.90955567
0.90955567
0.90796554
0.90796554
0.90796554
0.90796554
0.90796554
0.90796554
0.90796554
0.90448642
0.90448642
0.90448642
0.90268957
0.90268957
0.90225676
0.89706321
0.89685795
0.89685795
0.89009988
0.89009988
0.89009988
0.89009988
0.89009988
0.88939891
0.88411892
0.8830291
0.8830291
0.8830291
0.8830291
0.8830291
0.88561211
0.88561211
0.88561211
0.88940709
0.90080719
0.90748188
0.91034202
0.91034202
0.91034202
0.91456865
0.91456865
0.91456865
0.91272677
0.91142475
0.91142475
0.91142475
0.91170642
0.91170642
0.91170642
0.91005863
0.90733152
0.90659469
0.90659469
0.90659469
0.90310638
0.90155971
0.90155971
0.90155971
0.90155971
0.90155971
0.90155971
0.90036687
0.90036687
0.90036687
0.90036687
0.89711187
0.89711187
0.89711187
0.89711187
0.89711187
0.89711187
0.89711187
0.89711187
0.89711187
0.89401844
0.89401844
0.89401844
0.88624969
0.8857018
0.8841007
0.87545152
0.87503264
0.87503264
0.87503264
0.87503264
0.87503264
0.87503264
0.8760837
0.8760837
0.8760837
0.8760837
0.8760837
0.87794451
0.87794451
0.87862779
0.88014323
0.88014323
0.88014323
0.88014323
0.87785371
0.87785371
0.87785371
0.88466727
0.88602138
0.88705714
0.88705714
0.88870412
0.89297964
0.89363387
0.89363387
0.89964171
0.90370999
0.90370999
0.90949492
0.91391662
0.91391662
0.91391662
0.91391662
0.9143657
0.91543811
0.91543811
0.9156599
0.9156599
0.9156599
0.9156599
0.9156599
0.92545175
0.92894331
0.92894331
0.93177077
0.93898277
0.93898277
0.93898277
0.93898277
0.93898277
0.93898277
0.93898277
0.93898277
0.93393422
0.92986861
0.92797438
0.92797438
0.92797438
0.92797438
0.92797438
0.92904472
0.93260355
0.93260355
0.93260355
0.93260355
0.93260355
0.93363878
0.93714003
0.9375354
0.9375354
0.9375354
0.9375354
0.9375354
0.9375354
0.93651441
0.93470735
0.93470735
0.93470735
0.93470735
0.93470735
0.93470735
0.93470735
0.93629304
0.93629304
0.93629304
0.93629304
0.93629304
0.93629304
0.93599531
0.93585581
0.93585581
0.93585581
0.93585581
0.93585581
0.93300757
0.93300757
0.92867252
0.92839745
0.92705451
0.92705451
0.92705451
0.92705451
0.92438055
0.92438055
0.92092573
0.91649985
0.91113944
0.91034714
0.90878197
0.90878197
0.90878197
0.90082569
0.90082569
0.89579466
0.89399708
0.89399708
0.89399708
0.89874472
0.89874472
0.89874472
0.89874472
0.89874472
0.89923306
0.90083543
0.90180987
0.9088421
0.9088421
0.9088421
0.9088421
0.9088421
0.9088421
0.90257644
0.89954035
0.89462252
0.89462252
0.89462252
0.90024719
0.9017446
0.9017446
0.9017446
0.89828889
0.89828889
0.89828889
0.89913607
0.89913607
0.89913607
0.89450454
0.88954922
0.88940063
0.87841253
0.87841253
0.87658588
0.87658588
0.87473491
0.87473491
0.87473491
0.87473491
0.87269528
0.87269528
0.87163599
0.86665435
0.86665435
0.86403158
0.86403158
0.86403158
0.86403158
0.86083868
0.86083868
0.85884411
0.8570806
0.85567377
0.85567377
0.85567377
0.85705066
0.86530837
0.86530837
0.86530837
0.8702586
0.8702586
0.8702586
0.87513446
0.87578649
0.8761895
0.8761895
0.87807396
0.87871107
0.88134732
0.88134732
0.88134732
0.88257973
0.88352681
0.88352681
0.88352681
0.88649605
0.88649605
0.88649605
0.88649605
0.88983479
0.89003165
0.89003165
0.89003165
0.89003165
0.89003165
0.89003165
0.89003165
0.89003165
0.89284817
0.89419098
0.89419098
0.89647448
0.89711925
0.89711925
0.89711925
0.89711925
0.89973088
0.89973088
0.89973088
0.89770289
0.89341019
0.89341019
0.89341019
0.89341019
0.88855717
0.88485725
0.88485725
0.88485725
0.88485725
0.88455433
0.74424236
0.74424236
0.73274234
0.73269734
0.72966179
0.72966179
0.72966179
0.72544748
0.72544748
0.72324181
0.72324181
0.72324181
0.71583159
0.70501214
0.70501214
0.70422332
0.70422332
0.69737364
0.69737364
0.67271558
0.65754843
0.65754843
0.65754843
0.65754843
0.666911
0.666911
0.666911
0.666911
0.66119877
0.66119877
0.66119877
0.66119877
0.66119877
0.67851142
0.67851142
0.67851142
0.67851142
0.67851142
0.69630838
0.70014641
0.70906609
0.70906609
0.70906609
0.70906609
0.70906609
0.7229016
0.72477538
0.74046575
0.76375908
0.76375908
0.76375908
0.75988285
0.74796473
0.74190028
0.74190028
0.74190028
0.75130484
0.75130484
0.75130484
0.7596541
0.77262654
0.79187953
0.79607009
0.81116236
0.8291852
0.83487483
0.85355708
0.86065624
0.8634747
0.86738232
0.87008174
0.87008174
0.88998738
0.88998738
0.88998738
0.88998738
0.88998738
0.90004908
0.90333299
0.90333299
0.90333299
0.91042083
0.91370596
0.91757574
0.91757574
0.91757574
0.91757574
0.91757574
0.9266198
0.9266198
0.9266198
0.9266198
0.93018136
0.93018136
0.93018136
0.93017073
0.93017073
0.93017073
0.93017073
0.93017073
0.93017073
0.93128201
0.93128201
0.93500232
0.93500232
0.93500232
0.93500232
0.93663853
0.93663853
0.93663853
0.93289403
0.93289403
0.93289403
0.93289403
0.92966621
0.92966621
0.92966621
0.92966621
0.92966621
0.92966621
0.92966621
0.92966621
0.92926299
0.92834089
0.92834089
0.92834089
0.92834089
0.9286925
0.9286925
0.9286925
0.92839719
0.92839719
0.92839719
0.92839719
0.91988644
0.91879236
0.91587194
0.91587194
0.909618
0.90706863
0.90706863
0.90100115
0.90100115
0.89534184
0.89534184
0.89016915
0.89016915
0.89016915
0.89016915
0.89043425
0.89329265
0.90096461
0.90134902
0.9027069
0.9050184
0.9050184
0.90881747
0.90881747
0.90881747
0.91141475
0.91677409
0.92710988
0.93224141
0.93224141
0.93224141
0.93224141
0.93018939
0.93018939
0.92639129
0.92639129
0.92639129
0.92639129
0.92639129
0.92639129
0.92639129
0.92255671
0.91809204
0.91004564
0.90747432
0.90172979
0.90172979
0.89988035
0.89988035
0.88623363
0.88623363
0.88623363
0.88546414
0.88196692
0.88196692
0.88005297
0.88005297
0.88005297
0.85882067
0.85865566
0.85741135
0.85552497
0.85339752
0.85339752
0.85339752
0.85901224
0.85901224
0.86293526
0.86293526
0.86293526
0.86293526
0.86293526
0.85752668
0.85752668
0.85752668
0.85499399
0.85499399
0.85499399
0.86578356
0.8663467
0.8663467
0.86828037
0.87062653
0.87586524
0.87942978
0.87942978
0.87987782
0.87987782
0.87987782
0.8704346
0.8704346
0.8704346
0.8704346
0.8704346
0.8704346
0.86739801
0.86739801
0.86702013
0.86702013
0.86079789
0.86079789
0.86079789
0.86079789
0.86205504
0.8644851
0.8664223
0.87068967
0.87071994
0.87071994
0.87071994
0.87071994
0.87071994
0.86912856
0.8683056
0.86829723
0.86556466
0.86556466
0.85915444
0.85915444
0.85915444
0.85739165
0.85585419
0.85585419
0.84621729
0.84621729
0.84621729
0.84621729
0.85512533
0.86088966
0.86309524
0.86309524
0.86309524
0.86497081
0.86497081
0.86497081
0.85413102
0.85343148
0.4103593
0.4103593
0.4103593
0.4103593
0.40349512
0.40157857
0.40157857
0.40157857
0.40537987
0.41529976
0.41529976
0.41529976
0.4080419
0.4080419
0.39963822
0.39646497
0.39646497
0.3938468
0.39317189
0.39317189
0.39317189
0.3986351
0.40336937
0.40336937
0.41239848
0.41239848
0.41239848
0.41239848
0.41285224
0.41344629
0.41957689
0.41957689
0.41957689
0.42282445
0.42600259
0.42600259
0.42600259
0.42597095
0.4252687
0.41263918
0.41263918
0.41263918
0.41263918
0.40466338
0.40466338
0.40466338
0.41508307
0.42820806
0.44270154
0.44270154
0.44270154
0.44515966
0.44515966
0.44515966
0.43093214
0.42423908
0.42423908
0.42380705
0.42344049
0.42344049
0.42344049
0.43201445
0.43623494
0.43623494
0.43623494
0.43623494
0.4265068
0.4265068
0.4265068
0.4265068
0.4265068
0.4265068
0.43023124
0.43023124
0.43023124
0.43023124
0.43053466
0.43053466
0.43053466
0.43053466
0.43053466
0.43053466
0.43071581
0.43071581
0.43183554
0.43183554
0.43183554
0.43183554
0.43183554
0.43767929
0.43767929
0.43767929
0.43934433
0.44394172
0.44394172
0.46030743
0.46030743
0.46039057
0.46039057
0.46039057
0.46039057
0.46039057
0.46039057
0.46512665
0.46512665
0.46512665
0.4613531
0.4613531
0.45366566
0.45366566
0.45366566
0.45366566
0.44463955
0.43014685
0.40889193
0.40889193
0.40889193
0.40889193
0.40889193
0.40889193
0.4183061
0.43552703
0.43849176
0.43849176
0.43849176
0.43100941
0.43100941
0.42539856
0.42308329
0.42308329
0.42308329
0.42308329
0.42308329
0.42106203
0.41463222
0.41216163
0.4030687
0.40282281
0.4001006
0.38836311
0.38836311
0.38836311
0.41642312
0.41642312
0.41642312
0.41642312
0.41642312
0.41642312
0.4205598
0.42692397
0.42692397
0.42692397
0.42692397
0.42692397
0.42692397
0.42692397
0.42692397
0.43495522
0.43551534
0.43551534
0.43551534
0.43075042
0.43075042
0.43075042
0.43075042
0.44649671
0.44649671
0.44649671
0.44344936
0.44344936
0.44344936
0.44344936
0.44344936
0.44015862
0.44015862
0.44015862
0.44613337
0.44737454
0.44737454
0.44737454
0.44737454
0.44737454
0.43955557
0.42290017
0.4172769
0.4172769
0.4172769
0.4172769
0.4172769
0.43019939
0.44111237
0.44489304
0.45133474
0.45133474
0.45133474
0.44874151
0.44874151
0.44874151
0.45623181
0.45891052
0.45891052
0.45891052
0.45891052
0.45891052
0.45048419
0.45048419
0.4418009
0.4418009
0.44053146
0.44053146
0.44053146
0.44053146
0.44053146
0.43810452
0.43810452
0.43810452
0.45395697
0.45395697
0.45395697
0.45395697
0.45395697
0.45395697
0.45395697
0.45395697
0.45395697
0.45630404
0.45755986
0.45755986
0.45755986
0.45755986
0.45755986
0.45755986
0.45837191
0.45837191
0.45837191
0.45837191
0.46342965
0.46342965
0.46342965
0.46342965
0.46342965
0.45150991
0.43159765
0.43159765
0.43159765
0.43433528
0.43433528
0.43433528
0.44990276
0.45309685
0.48469913
0.48548701
0.48548701
0.48548701
0.47749718
0.47732819
0.47732819
0.47732819
0.47732819
0.47612787
0.47612787
0.47612787
0.47624375
0.47624375
0.47624375
0.47338165
0.47338165
0.47338165
0.47338165
0.47338165
0.47338165
0.70651511
0.70651511
0.70651511
0.70651511
0.70651511
0.77152338
0.77152338
0.77152338
0.79128776
0.79128776
0.79128776
0.78955434
0.78009527
0.78009527
0.78009527
0.78009527
0.76504509
0.7512721
0.64842905
0.64842905
0.64842905
0.65705737
0.65705737
0.65705737
0.69128228
0.69128228
0.70929021
0.73515546
0.74443016
0.86817254
0.86817254
0.86905162
0.86961026
0.86961026
0.86961026
0.86961026
0.86961026
0.86961026
0.86961026
0.86961026
0.87158231
0.87158231
0.87158231
0.87158231
0.87158231
0.87158231
0.86706567
0.86706567
0.86702374
0.86702374
0.86702374
0.86702374
0.86702374
0.8676185
0.87484845
0.87484845
0.87484845
0.87744953
0.87835961
0.87900066
0.87900066
0.87900066
0.87900066
0.87900066
0.87909534
0.87909534
0.87909534
0.87373041
0.87163269
0.86763027
0.86051869
0.85995072
0.85995072
0.85995072
0.85995072
0.85995072
0.85511019
0.84571319
0.84103702
0.83300567
0.81977955
0.81977955
0.81076971
0.80067616
0.80049974
0.80049974
0.7914767
0.7914767
0.7914767
0.7914767
0.77200618
0.77200618
0.77200618
0.78702528
0.80431138
0.80431138
0.80431138
0.79914732
0.79914732
0.79914732
0.7875839
0.7875839
0.7875839
0.76606531
0.76606531
0.76606531
0.78218174
0.78218174
0.78218174
0.77757484
0.77757484
0.76650347
0.76650347
0.76650347
0.76650347
0.78727799
0.81770233
0.84198786
0.86127474
0.8830397
0.89726473
0.89726473
0.90928891
0.90993738
0.90993738
0.90993738
0.91691842
0.91691842
0.9178701
0.9178701
0.91794656
0.91794656
0.9326434
0.93400396
0.93400396
0.93400396
0.93400396
0.9252324
0.9252324
0.92506529
0.92506529
0.92320689
0.91977139
0.91977139
0.91923814
0.91218275
0.91131547
0.91036289
0.90688395
0.90688395
0.90688395
0.90942199
0.90942199
0.90942199
0.9135094
0.91395193
0.91395193
0.91395193
0.90832962
0.90594987
0.90559326
0.90559326
0.90559326
0.90559326
0.91120078
0.91120078
0.91120078
0.90570618
0.89187561
0.87962031
0.87118964
0.87118964
0.87118964
0.87118964
0.86863695
0.86863695
0.86863695
0.8624549
0.85431487
0.85431487
0.85431487
0.85431487
0.84868721
0.84352913
0.83574128
0.82813339
0.8255373
0.8255373
0.82382861
0.82173632
0.82060142
0.82060142
0.81632449
0.81548517
0.81548517
0.81548517
0.81548517
0.81548517
0.81039755
0.808665
0.808665
0.80845891
0.80764536
0.80764536
0.80764536
0.80764536
0.80764536
0.80764536
0.81201026
0.81756655
0.82376932
0.89407635
0.89931113
0.90019601
0.90019601
0.90019601
0.90019601
0.90019601
0.90057306
0.90057306
0.90057306
0.90057306
0.90057306
0.90057306
0.90057306
0.90521145
0.90639798
0.90671774
0.90671774
0.91000306
0.91000306
0.91000306
0.91009098
0.91630095
0.91688615
0.92091547
0.92180478
0.92180478
0.92180478
0.92180478
0.92297538
0.92891291
0.93057634
0.93089031
0.93089031
0.93097366
0.9312207
0.93514037
0.93761834
0.94230207
0.94230207
0.94230207
0.94230207
0.94230207
0.94230207
0.94220692
0.9420973
0.9420973
0.9420973
0.9415232
0.94082984
0.94082984
0.94082984
0.9405
0.9405
0.9405
0.9405
0.9405
0.9405
0.93673032
0.93673032
0.93673032
0.93673032
0.93508404
0.93439083
0.92468745
0.9240664
0.92339578
0.92339578
0.92339578
0.92339578
0.92339578
0.92171982
0.91521064
0.91521064
0.91521064
0.91521064
0.91521064
0.91521064
0.91376034
0.91376034
0.91376034
0.92258747
0.93099502
0.93460004
0.93460004
0.93460004
0.93460004
0.93460004
0.93460004
0.93460004
0.93460004
0.93460004
0.93460004
0.93460004
0.93318001
0.93072763
0.92544704
0.92544704
0.92544704
0.92013049
0.92013049
0.92013049
0.92013049
0.92013049
0.92013049
0.92068095
0.92068095
0.92163104
0.92214499
0.92375202
0.92375202
0.92375202
0.92586933
0.92651164
0.92678442
0.92678442
0.92678442
0.9298241
0.93069388
0.93069388
0.93069388
0.92996028
0.92996028
0.92996028
0.93072361
0.93072361
0.93072361
0.9331328
0.9331328
0.9331328
0.9345375
0.9345375
0.93812985
0.93812985
0.93812985
0.93812985
0.93812985
0.93580806
0.93580806
0.93580806
0.93580806
0.93484882
0.93484882
0.93484882
0.9380167
0.93989947
0.93989947
0.93989947
0.93815381
0.93512582
0.93400684
0.93400684
0.93253578
0.93253578
0.93017598
0.93017598
0.93017598
0.92845575
0.9280383
0.9272943
0.92544463
0.92544463
0.92538326
0.83629034
0.83629034
0.83629034
0.83629034
0.82860829
0.82860829
0.82860829
0.82860829
0.82860829
0.82750286
0.81763436
0.81763436
0.81763436
0.81763436
0.81763436
0.81763436
0.81763436
0.81763436
0.81763436
0.82296102
0.82296102
0.82296102
0.81993602
0.81993602
0.81993602
0.82762424
0.82762424
0.82762424
0.82762424
0.82762424
0.82762424
0.82762424
0.83317487
0.83317487
0.83401248
0.83401248
0.83401248
0.83401248
0.83401248
0.83401248
0.82657269
0.82657269
0.82657269
0.82657269
0.82657269
0.82657269
0.83076201
0.83076201
0.83404449
0.83404449
0.83404449
0.84390888
0.84390888
0.84390888
0.83931383
0.83593916
0.83593916
0.83365855
0.83365855
0.82500327
0.82500327
0.82500327
0.83392284
0.83616801
0.83616801
0.83616801
0.83798833
0.83798833
0.83798833
0.83798833
0.83798833
0.83798833
0.83798833
0.83798833
0.84453355
0.85069356
0.85069356
0.85069356
0.84710978
0.84710978
0.84710978
0.84710978
0.84710978
0.84710978
0.84710978
0.84710978
0.84710978
0.84048267
0.84048267
0.83544176
0.83129459
0.83084068
0.83084068
0.83084068
0.83844634
0.84579202
0.84579202
0.84579202
0.84579202
0.84685271
0.84808365
0.84808365
0.84808365
0.84773606
0.84773606
0.84773606
0.84492993
0.84030703
0.84030703
0.84030703
0.84030703
0.84030703
0.84030703
0.84030703
0.84284891
0.84284891
0.84284891
0.84284891
0.84284891
0.84284891
0.84284891
0.83798396
0.83798396
0.83798396
0.83393038
0.82678746
0.81463576
0.81463576
0.81463576
0.82306022
0.82306022
0.82306022
0.82260116
0.82260116
0.82260116
0.825569
0.825569
0.825569
0.825569
0.82448991
0.82448991
