0.30866521
0.34825756
0.32816984
0.32816984
0.32816984
0.33241727
0.34608603
0.34608603
0.34608603
0.33527406
0.33527406
0.33527406
0.33527406
0.33527406
0.33527406
0.33527406
0.36994313
0.36994313
0.38646783
0.38646783
0.40719258
0.40719258
0.40719258
0.40719258
0.40719258
0.40196815
0.40196815
0.40196815
0.40196815
0.40196815
0.40196815
0.40196815
0.40196815
0.38401144
0.38401144
0.38401144
0.38472552
0.38472552
0.3918096
0.3918096
0.3918096
0.37160947
0.37160947
0.37160947
0.40395626
0.40395626
0.42060892
0.42690668
0.42690668
0.42690668
0.42690668
0.42690668
0.42690668
0.41442777
0.41442777
0.41442777
0.42571521
0.42571521
0.42571521
0.4235447
0.36820853
0.35615811
0.35615811
0.35615811
0.36399245
0.37968007
0.38103309
0.38103309
0.386751
0.386751
0.386751
0.386751
0.386751
0.386751
0.386751
0.36493157
0.35539568
0.34797186
0.34797186
0.34797186
0.34797186
0.3396562
0.3396562
0.3396562
0.3396562
0.33196984
0.33196984
0.33196984
0.3373631
0.3373631
0.3373631
0.3373631
0.3373631
0.32341757
0.32341757
0.32341757
0.35911633
0.35911633
0.35911633
0.35911633
0.35911633
0.35911633
0.35911633
0.35911633
0.35911633
0.35911633
0.35911633
0.35911633
0.335197
0.335197
0.335197
0.335197
0.335197
0.31497226
0.31497226
0.29770068
0.29770068
0.29770068
0.29770068
0.29770068
0.34268823
0.34878073
0.34878073
0.34878073
0.34878073
0.34878073
0.34878073
0.37264338
0.37264338
0.37264338
0.37264338
0.41069892
0.41069892
0.41069892
0.41069892
0.42183036
0.4338338
0.4338338
0.4338338
0.4204724
0.4204724
0.4204724
0.4204724
0.4204724
0.41657989
0.41657989
0.41383888
0.41383888
0.41383888
0.3995512
0.3995512
0.3995512
0.3995512
0.39241055
0.39241055
0.39241055
0.40539719
0.40539719
0.40539719
0.4213649
0.4213649
0.4213649
0.4213649
0.4213649
0.4213649
0.40964993
0.40964993
0.40964993
0.45941387
0.45941387
0.45941387
0.50446075
0.50446075
0.50446075
0.50154987
0.50154987
0.50154987
0.41666793
0.41139659
0.40056762
0.40056762
0.40056762
0.40056762
0.40056762
0.40056762
0.40056762
0.40056762
0.40056762
0.40056762
0.39693754
0.39693754
0.39693754
0.39693754
0.39693754
0.39693754
0.39693754
0.39693754
0.39693754
0.39693754
0.39693754
0.38916
0.38289588
0.38289588
0.38289588
0.38289588
0.38289588
0.39324306
0.40463813
0.42151445
0.42151445
0.42151445
0.42151445
0.42151445
0.42151445
0.42369491
0.4296322
0.44982027
0.46140673
0.46563149
0.4744796
0.48783763
0.48783763
0.51356037
0.51356037
0.51356037
0.49553009
0.49553009
0.47779184
0.47779184
0.47779184
0.47779184
0.43754752
0.42356984
0.40074936
0.40074936
0.40074936
0.40074936
0.31616693
0.31616693
0.29623165
0.29623165
0.29623165
0.31017393
0.31017393
0.31017393
0.21524794
0.19242957
0.19242957
0.19242957
0.16425943
0.16425943
0.16425943
0.31143143
0.44159295
0.50901077
0.50901077
0.50901077
0.50901077
0.50901077
0.51425437
0.51425437
0.51425437
0.51425437
0.54612803
0.56432649
0.56432649
0.56432649
0.26781246
0.24247848
0.24247848
0.24247848
0.26228401
0.40293224
0.40293224
0.40293224
0.44990342
0.44990342
0.44990342
0.44990342
0.44990342
0.44990342
0.44990342
0.44990342
0.56962424
0.56962424
0.56962424
0.56962424
0.56962424
0.59437174
0.59437174
0.59437174
0.59437174
0.59437174
0.59437174
0.59437174
0.59437174
0.59437174
0.59437174
0.59437174
0.59437174
0.61696778
0.61696778
0.61696778
0.60063163
0.60063163
0.60063163
0.60063163
0.60063163
0.60063163
0.60063163
0.60063163
0.59510348
0.59510348
0.59510348
0.59510348
0.60918445
0.60918445
0.60918445
0.57173288
0.55587299
0.53826005
0.53826005
0.53826005
0.58021044
0.61405823
0.66448842
0.66448842
0.78500297
0.8358657
0.92050451
0.92050451
0.92050451
0.90925825
0.90925825
0.90925825
0.90925825
0.90925825
0.90925825
0.80702121
0.80702121
0.79003618
0.79003618
0.7546034
0.7546034
0.7546034
0.7546034
0.80151386
0.84660748
0.84660748
0.84660748
0.90760361
0.90760361
0.90760361
0.90760361
0.90760361
0.90760361
0.90760361
0.90760361
0.90760361
0.85412017
0.82277335
0.82277335
0.82277335
0.82277335
0.82277335
0.82277335
0.82277335
0.82277335
0.82852938
0.83646345
0.85316043
0.85316043
0.85316043
0.85316043
0.85903694
0.85903694
0.85903694
0.85903694
0.85903694
0.85903694
0.86336488
0.87608957
0.88619416
0.88619416
0.93341559
0.93341559
0.93341559
0.91042886
0.91042886
0.91042886
0.89976077
0.89976077
0.89976077
0.91373887
0.92157773
0.92157773
0.92157773
0.86395323
0.86395323
0.86395323
0.86395323
0.86395323
0.85809608
0.85809608
0.8524715
0.8524715
0.8524715
0.86384396
0.9018509
0.90904184
0.92040103
0.92040103
0.92040103
0.92040103
0.92040103
0.88134083
0.88134083
0.88134083
0.88134083
0.91351865
0.91351865
0.93428582
0.93428582
0.93428582
0.90367517
0.87292218
0.87292218
0.87292218
0.87292218
0.86099019
0.78836827
0.78836827
0.78836827
0.78836827
0.86566757
0.8685208
0.87122997
0.88979361
0.88979361
0.88979361
0.88979361
0.88979361
0.88979361
0.86586945
0.86586945
0.7652888
0.7652888
0.7652888
0.79624814
0.79624814
0.79624814
0.79624814
0.75980726
0.75980726
0.75980726
0.80695289
0.80695289
0.80695289
0.80695289
0.80695289
0.80695289
0.80695289
0.80303114
0.80303114
0.80303114
0.84741339
0.84741339
0.84741339
0.84741339
0.84741339
0.84741339
0.84741339
0.84741339
0.84741339
0.84741339
0.84741339
0.84741339
0.83544866
0.79732908
0.74558042
0.74558042
0.74558042
0.74558042
0.69097751
0.64471407
0.64471407
0.64471407
0.67076876
0.70235365
0.70235365
0.70235365
0.7549072
0.7549072
0.7549072
0.7549072
0.74534248
0.74534248
0.60856661
0.60856661
0.60856661
0.60856661
0.60856661
0.60856661
0.69333736
0.78233492
0.85020343
0.85020343
0.85020343
0.85020343
0.85268485
0.91138577
0.92140292
0.92140292
0.92140292
0.85808709
0.85808709
0.85808709
0.8761433
0.8761433
0.90545722
0.90545722
0.90545722
0.90545722
0.90545722
0.88873751
0.88873751
0.88873751
0.88873751
0.88873751
0.88873751
0.88266967
0.88266967
0.88266967
0.82689837
0.82689837
0.82689837
0.82689837
0.82689837
0.82689837
0.89099033
0.89099033
0.89099033
0.6391914
0.6391914
0.6391914
0.78628658
0.78628658
0.78628658
0.82490026
0.82490026
0.82490026
0.82315849
0.82315849
0.82315849
0.82315849
0.82315849
0.82315849
0.86536492
0.87697991
0.87697991
0.87697991
0.87697991
0.87697991
0.87697991
0.88580317
0.88580317
0.88580317
0.83657483
0.83657483
0.83657483
0.83657483
0.83657483
0.83657483
0.86748918
0.86748918
0.86748918
0.86748918
0.86748918
0.86748918
0.85346501
0.81320073
0.81320073
0.81320073
0.81320073
0.81320073
0.81320073
0.81320073
0.85675108
0.87817862
0.91037435
0.91037435
0.91037435
0.8563423
0.82039571
0.82039571
0.82039571
0.82039571
0.79377377
0.77556705
0.77556705
0.77556705
0.77556705
0.77556705
0.77556705
0.77556705
0.77556705
0.77556705
0.75555283
0.74760211
0.68124546
0.59893738
0.59893738
0.57716003
0.48320735
0.48320735
0.48320735
0.48320735
0.49044737
0.58159283
0.60733944
0.64122943
0.64122943
0.64122943
0.64122943
0.64122943
0.72157667
0.73168126
0.75359174
0.81415058
0.81415058
0.81415058
0.81415058
0.88236991
0.88236991
0.88236991
0.86083238
0.86083238
0.86083238
0.86083238
0.88059576
0.88059576
0.88059576
0.88059576
0.88626188
0.88626188
0.88626188
0.88626188
0.88626188
0.88626188
0.93128066
0.93128066
0.93128066
0.93438784
0.94913022
0.95412707
0.95412707
0.95412707
0.95412707
0.96324984
0.96324984
0.97153137
0.97153137
0.97153137
0.97153137
0.97153137
0.97153137
0.97153137
0.97153137
0.97153137
0.97153137
0.97137483
0.97137483
0.97137483
0.97137483
0.95460054
0.94883499
0.94883499
0.93104072
0.93104072
0.93104072
0.95334358
0.95460862
0.95460862
0.95460862
0.9301083
0.9301083
0.9301083
0.95500015
0.95946955
0.97976936
0.97976936
0.97976936
0.97976936
0.97976936
0.97976936
0.9024445
0.9024445
0.9024445
0.92789262
0.92789262
0.92789262
0.92789262
0.92789262
0.92789262
0.92789262
0.92789262
0.92789262
0.9271825
0.9271825
0.9271825
0.9271825
0.9271825
0.9271825
0.9271825
0.96680208
0.96680208
0.96680208
0.93185846
0.93185846
0.93185846
0.90973372
0.88086862
0.88086862
0.88086862
0.9215793
0.9215793
0.9215793
0.86601242
0.85222005
0.85222005
0.85222005
0.85222005
0.89146158
0.89146158
0.89146158
0.89146158
0.89146158
0.89146158
0.87343829
0.85857022
0.85857022
0.85857022
0.85857022
0.85857022
0.85857022
0.83604654
0.83604654
0.83604654
0.85687029
0.85687029
0.85687029
0.85144827
0.85144827
0.85144827
0.85144827
0.85479982
0.85479982
0.85479982
0.90303098
0.90641093
0.90641093
0.90641093
0.90641093
0.90641093
0.90641093
0.88879304
0.88879304
0.88879304
0.88879304
0.8883455
0.83669464
0.83669464
0.82908812
0.82908812
0.82908812
0.84490447
0.86486244
0.86486244
0.86486244
0.91097868
0.91097868
0.91097868
0.91097868
0.91097868
0.89065452
0.88513752
0.88513752
0.86014303
0.86014303
0.86014303
0.86014303
0.83096473
0.83096473
0.79824649
0.79824649
0.79824649
0.88801819
0.88801819
0.88801819
0.87052005
0.87052005
0.85278042
0.85278042
0.85278042
0.85278042
0.81440975
0.81440975
0.81440975
0.81440975
0.81440975
0.81440975
0.81882518
0.81882518
0.81882518
0.81882518
0.83302863
0.83302863
0.83302863
0.83302863
0.85306208
0.85306208
0.85306208
0.85306208
0.85306208
0.84565003
0.84565003
0.81536334
0.81536334
0.81536334
0.87183906
0.87183906
0.88072185
0.88072185
0.88072185
0.90403389
0.90403389
0.90403389
0.89937437
0.81870688
0.81870688
0.81870688
0.82479257
0.82479257
0.82479257
0.82479257
0.86294314
0.86294314
0.86294314
0.84095679
0.84095679
0.84095679
0.84095679
0.84095679
0.81925006
0.81925006
0.81925006
0.81925006
0.81925006
0.81925006
0.82470513
0.82470513
0.82470513
0.8264466
0.8264466
0.83838673
0.84168842
0.89151277
0.89151277
0.89151277
0.89151277
0.89151277
0.89151277
0.89151277
0.81553665
0.81134402
0.81134402
0.81134402
0.81134402
0.85375554
0.85375554
0.85375554
0.85375554
0.85375554
0.85375554
0.82112968
0.82112968
0.82112968
0.82112968
0.85954648
0.85954648
0.85954648
0.85453408
0.85453408
0.85453408
0.85453408
0.85453408
0.85453408
0.84827611
0.83912885
0.83912885
0.83912885
0.85137597
0.85137597
0.85137597
0.85137597
0.85137597
0.84786842
0.84786842
0.82076233
0.82076233
0.82076233
0.86945509
0.86945509
0.86945509
0.86945509
0.85298303
0.84348307
0.84348307
0.84348307
0.84348307
0.84348307
0.84348307
0.84348307
0.84348307
0.84348307
0.85019957
0.85373847
0.85373847
0.85373847
0.83467615
0.83467615
0.83467615
0.83467615
0.86858104
0.86858104
0.86858104
0.86484495
0.86051508
0.84021697
0.84021697
0.84021697
0.88053491
0.88053491
0.88053491
0.88040014
0.88040014
0.80349063
0.80349063
0.80349063
0.80349063
0.80349063
0.80349063
0.80349063
0.82429521
0.82429521
0.82429521
0.85738676
0.86573142
0.86573142
0.88647866
0.88647866
0.90799834
0.90799834
0.90799834
0.90799834
0.90799834
0.92224001
0.92224001
0.92224001
0.88130935
0.88130935
0.87809082
0.87809082
0.86616227
0.86616227
0.86616227
0.86616227
0.86616227
0.8842142
0.8842142
0.8842142
0.8842142
0.8842142
0.8842142
0.8842142
0.8842142
0.8842142
0.8842142
0.87615928
0.87615928
0.83640116
0.78636877
0.78636877
0.78636877
0.82372163
0.84542065
0.84542065
0.84542065
0.85624003
0.85624003
0.85624003
0.85624003
0.85624003
0.85624003
0.85624003
0.85624003
0.82009969
0.82009969
0.82009969
0.84132155
0.84132155
0.84132155
0.82099033
0.78657681
0.78657681
0.78657681
0.82107264
0.82107264
0.86336427
0.86336427
0.86336427
0.86336427
0.86336427
0.86336427
0.86336427
0.86336427
0.83669066
0.83669066
0.83669066
0.82686617
0.82686617
0.76469822
0.76469822
0.76469822
0.76469822
0.76469822
0.76469822
0.76469822
0.78591537
0.78591537
0.78591537
0.78591537
0.78591537
0.78056728
0.78056728
0.78056728
0.71539082
0.71539082
0.71539082
0.71539082
0.71539082
0.71539082
0.71539082
0.71539082
0.71539082
0.76486688
0.79793576
0.79793576
0.79793576
0.79793576
0.79793576
0.85344065
0.85344065
0.85344065
0.84854758
0.84854758
0.80292182
0.80292182
0.80292182
0.80292182
0.80292182
0.78735492
0.77935753
0.77935753
0.77935753
0.78282969
0.78282969
0.78282969
0.78282969
0.78282969
0.80655805
0.80655805
0.80655805
0.77739681
0.77739681
0.77739681
0.79685657
0.79685657
0.79685657
0.79685657
0.79685657
0.79685657
0.79685657
0.79685657
0.79685657
0.79685657
0.79685657
0.79685657
0.79685657
0.76597207
0.69987874
0.69987874
0.69987874
0.69987874
0.69987874
0.69987874
0.69987874
0.69987874
0.69987874
0.69987874
0.69987874
0.63581241
0.63581241
0.63581241
0.63581241
0.43267375
0.43267375
0.43267375
0.49685772
0.49685772
0.49685772
0.49887489
0.49887489
0.49887489
0.50676518
0.59180336
0.64577716
0.64577716
0.64577716
0.64577716
0.64577716
0.59685092
0.59685092
0.59685092
0.62744393
0.66276413
0.66276413
0.66276413
0.59556116
0.59556116
0.59556116
0.63387931
0.63387931
0.65980399
0.65980399
0.65980399
0.58074869
0.58074869
0.58074869
0.58074869
0.58074869
0.57979739
0.57979739
0.57979739
0.57772559
0.57772559
0.57772559
0.57465292
0.52341127
0.52341127
0.52341127
0.52341127
0.52341127
0.51639828
0.51639828
0.51639828
0.62663953
0.62663953
0.62663953
0.62663953
0.62663953
0.62663953
0.62663953
0.51046509
0.49632653
0.49632653
0.45990827
0.43611943
0.43611943
0.43611943
0.43611943
0.43611943
0.43611943
0.43611943
0.43611943
0.43611943
0.44730218
0.44730218
0.44730218
0.53450002
0.53450002
0.53450002
0.53450002
0.53450002
0.50773403
0.2713732
0.2713732
0.2713732
0.33063757
0.33063757
0.39232782
0.4604204
0.56528298
0.56528298
0.56528298
0.50442342
0.38609313
0.38609313
0.38609313
0.18030197
0.18030197
0.18030197
0.23261045
0.24624291
0.24624291
0.27807678
0.29246034
0.29246034
0.29246034
0.29246034
0.29246034
0.29246034
0.29246034
0.29246034
0.2343904
0.2343904
0.2343904
0.35695589
0.35695589
0.35695589
0.35695589
0.35695589
0.35695589
0.36200544
0.36200544
0.36200544
0.36200544
0.36200544
0.35291154
0.3284161
0.3284161
0.3284161
0.44639913
0.44639913
0.44639913
0.44639913
0.44318247
0.44318247
0.44318247
0.44318247
0.41910527
0.41910527
0.41910527
0.41910527
0.32556257
0.28211377
0.28211377
0.28211377
0.28211377
0.20033193
0.20033193
0.20033193
0.41607807
0.41607807
0.41607807
0.37113455
0.37113455
0.26049815
0.26049815
0.26049815
0.26049815
0.21557139
0.19728821
0.19728821
0.19728821
0.30790193
0.32977165
0.32977165
0.32977165
0.32977165
0.32977165
0.32977165
0.32977165
0.32977165
0.36766535
0.36766535
0.49992393
0.49992393
0.49992393
0.36877125
0.36877125
0.36877125
0.36877125
0.36877125
0.31136052
0.31136052
0.28876851
0.28876851
0.28876851
0.37615202
0.37615202
0.46152607
0.46152607
0.46152607
0.46152607
0.46152607
0.46152607
0.46152607
0.46152607
0.44718333
0.44718333
0.44421004
0.44421004
0.44421004
0.44421004
0.44421004
0.49846304
0.49846304
0.49846304
0.49494403
0.49494403
0.49494403
0.49494403
0.49494403
0.49494403
0.49494403
0.49494403
0.51296816
0.51296816
0.51296816
0.45535083
0.45535083
0.42228207
0.42228207
0.42228207
0.42228207
0.45751736
0.61748769
0.62318366
0.62318366
0.62318366
0.69831395
0.7001469
0.7001469
0.7001469
0.8423364
0.91982161
0.91982161
0.91982161
0.82098894
0.76534187
0.76534187
0.76534187
0.76534187
0.76534187
0.75894515
0.75894515
0.73798005
0.73798005
0.73798005
0.68906002
0.68906002
0.66655467
0.66655467
0.66655467
0.66655467
0.65076322
0.64811091
0.63867065
0.63867065
0.63867065
0.63867065
0.62917449
0.61765484
0.61765484
0.61765484
0.64949203
0.64949203
0.64949203
0.64949203
0.64949203
0.70717249
0.70717249
0.70717249
0.70717249
0.70717249
0.75842825
0.75842825
0.75842825
0.71146774
0.71146774
0.71146774
0.71146774
0.71146774
0.68519772
0.68519772
0.68519772
0.68519772
0.67972625
0.67972625
0.67972625
0.68588587
0.71896802
0.71896802
0.71896802
0.70085832
0.66736619
0.66736619
0.66736619
0.70392936
0.72074555
0.72096239
0.72096239
0.72096239
0.71787604
0.71787604
0.71787604
0.69752287
0.69752287
0.69713544
0.69713544
0.69713544
0.65298125
0.61703953
0.61703953
0.61703953
0.61703953
0.57748758
0.57748758
0.57748758
0.59897199
0.59897199
0.59897199
0.59897199
0.59897199
0.59897199
0.5916022
0.5916022
0.5916022
0.5916022
0.5916022
0.62254755
0.62254755
0.62254755
0.6248398
0.6248398
0.6248398
0.6248398
0.6248398
0.6248398
0.6248398
0.55479735
0.55479735
0.55479735
0.55479735
0.55479735
0.55479735
0.58168219
0.58168219
0.58168219
0.60489903
0.63628065
0.63628065
0.63628065
0.63628065
0.63628065
0.63763608
0.63763608
0.63763608
0.63763608
0.63763608
0.63763608
0.6317571
0.6317571
0.6317571
0.6317571
0.6317571
0.63981195
0.63981195
0.63981195
0.63981195
0.63981195
0.63383282
0.63383282
0.63383282
0.63383282
0.63383282
0.62091461
0.62091461
0.62091461
0.62091461
0.62091461
0.62091461
0.62091461
0.62091461
0.62091461
0.62091461
0.62091461
0.62091461
0.62091461
0.62091461
0.61066483
0.61066483
0.61066483
0.62570807
0.62570807
0.62570807
0.57785312
0.57785312
0.57785312
0.57785312
0.57785312
0.57785312
0.57785312
0.58253804
0.58253804
0.63064576
0.64055757
0.64055757
0.64055757
0.64055757
0.63120649
0.63120649
0.63120649
0.67134444
0.67134444
0.71357795
0.74957713
0.74957713
0.74957713
0.74957713
0.74957713
0.74957713
0.74957713
0.71910225
0.71910225
0.71910225
0.71910225
0.71910225
0.71910225
0.72676841
0.72676841
0.72676841
0.72676841
0.72676841
0.72676841
0.72676841
0.72676841
0.72412834
0.69692384
0.68618954
0.65628637
0.61645203
0.61645203
0.61645203
0.61645203
0.61645203
0.61645203
0.61645203
0.61645203
0.61645203
0.66641833
0.66641833
0.66641833
0.66164471
0.65770089
0.63967194
0.63967194
0.63967194
0.6963935
0.6963935
0.6963935
0.65454586
0.65454586
0.65454586
0.65454586
0.6270114
0.6270114
0.6270114
0.65645575
0.65645575
0.65645575
0.69351067
0.69351067
0.69351067
0.69059346
0.69059346
0.69059346
0.69059346
0.69059346
0.69094579
0.69094579
0.69094579
0.69094579
0.69094579
0.69094579
0.6719053
0.6719053
0.6719053
0.6719053
0.6719053
0.6719053
