0.58591661
0.57955784
0.57778603
0.57778603
0.55139444
0.55139444
0.55139444
0.55139444
0.54223179
0.54223179
0.52834403
0.52834403
0.52834403
0.51484838
0.51484838
0.51484838
0.51687446
0.52299716
0.52299716
0.53276162
0.53276162
0.53276162
0.53276162
0.53276162
0.55981972
0.55981972
0.59437568
0.59437568
0.59437568
0.58665132
0.58665132
0.57086244
0.57086244
0.56653474
0.56653474
0.56653474
0.56653474
0.56653474
0.53048428
0.52724464
0.52724464
0.52724464
0.53788071
0.55489594
0.55752803
0.55752803
0.55752803
0.57855094
0.57855094
0.58469731
0.58469731
0.58469731
0.58469731
0.58469731
0.58469731
0.58469731
0.58469731
0.56929489
0.56929489
0.56929489
0.58234323
0.59656667
0.59656667
0.59656667
0.59656667
0.59656667
0.59656667
0.59656667
0.59656667
0.59656667
0.59168216
0.59168216
0.59168216
0.59168216
0.59168216
0.56837727
0.56837727
0.56837727
0.57168594
0.57168594
0.57168594
0.57605751
0.57605751
0.57605751
0.57605751
0.57605751
0.54965083
0.54965083
0.54965083
0.5655937
0.5655937
0.5655937
0.5655937
0.5655937
0.5655937
0.5655937
0.5655937
0.5655937
0.54679008
0.54679008
0.54679008
0.54679008
0.54679008
0.54679008
0.56033318
0.560929
0.560929
0.560929
0.560929
0.560929
0.560929
0.560929
0.560929
0.57984786
0.57984786
0.60567259
0.60567259
0.6271533
0.73669014
0.81086238
0.83098706
0.86073345
0.8778197
0.8778197
0.8778197
0.8778197
0.8778197
0.8778197
0.8778197
0.8778197
0.87577376
0.87368581
0.87368581
0.87368581
0.85151845
0.84076705
0.84076705
0.84076705
0.84076705
0.8249449
0.81728815
0.81728815
0.81728815
0.81728815
0.8067408
0.78919583
0.78919583
0.78919583
0.78481169
0.78481169
0.74256384
0.74256384
0.74256384
0.74256384
0.74256384
0.73980116
0.73980116
0.73980116
0.73980116
0.78073676
0.78388556
0.78388556
0.78388556
0.81572516
0.8444542
0.8444542
0.85530481
0.87164051
0.87518332
0.8850412
0.8850412
0.90124429
0.90140088
0.90578085
0.9127591
0.91320097
0.91320097
0.91320097
0.92592595
0.92592595
0.92592595
0.93896826
0.93896826
0.93896826
0.93896826
0.93896826
0.93686059
0.93686059
0.93686059
0.94135591
0.94145917
0.94145917
0.94145917
0.94145917
0.94195981
0.94514856
0.94514856
0.94514856
0.94514856
0.94514856
0.94514856
0.94338299
0.94139605
0.94139605
0.93698692
0.93444246
0.93444246
0.93444246
0.94348431
0.94396033
0.94458945
0.94458945
0.94458945
0.94458945
0.94458945
0.94458945
0.94458945
0.94458945
0.94458945
0.94458945
0.94458945
0.94458945
0.94458945
0.94458945
0.94458945
0.94458945
0.94243431
0.94243431
0.94243431
0.94243431
0.94243431
0.94243431
0.94243431
0.94243431
0.94243431
0.94397563
0.94397563
0.94397563
0.94397563
0.94538055
0.94538055
0.94538055
0.94538055
0.94486358
0.94254321
0.94254321
0.94254321
0.94657755
0.94808607
0.94936102
0.96971354
0.96971354
0.96971354
0.96861914
0.96745271
0.96745271
0.96522479
0.96522479
0.96522479
0.96522479
0.96522479
0.96522479
0.95831658
0.95831658
0.95831658
0.95831658
0.95831658
0.94744786
0.94744786
0.94744786
0.94270141
0.94220753
0.94220753
0.94220753
0.94220753
0.93862525
0.93862525
0.93781916
0.93781916
0.93781916
0.93549562
0.93549562
0.93549562
0.93549562
0.93494998
0.93494998
0.93494998
0.93413678
0.92926942
0.92926942
0.92926942
0.92926942
0.92310666
0.92310666
0.92310666
0.92148558
0.92148558
0.91594709
0.91594709
0.91594709
0.91220418
0.91104398
0.91104398
0.90982999
0.90982999
0.90863593
0.90620023
0.90564972
0.90287731
0.89993862
0.89883662
0.89883662
0.88936134
0.88653332
0.88653332
0.87594174
0.87594174
0.87342238
0.84523213
0.82066564
0.81616827
0.79006889
0.7666149
0.72949822
0.72949822
0.72949822
0.72164762
0.69513998
0.67992618
0.65520858
0.64158429
0.62916911
0.58765913
0.58765913
0.58765913
0.58765913
0.58765913
0.58765913
0.58765913
0.58765913
0.58856306
0.58856306
0.58856306
0.58856306
0.58856306
0.58856306
0.59183835
0.60291526
0.62349704
0.64075385
0.65662535
0.65918186
0.68442812
0.6966046
0.72965832
0.74209447
0.75432902
0.77251501
0.79362675
0.81098774
0.83225327
0.85755773
0.87920459
0.8891588
0.90400448
0.9090346
0.92298961
0.9338478
0.93723714
0.93723714
0.93723714
0.93872123
0.93872123
0.93872123
0.93872123
0.93872123
0.93872123
0.93667682
0.93601039
0.93219392
0.93219392
0.9306241
0.9306241
0.9306241
0.9306241
0.9306241
0.92924876
0.92924876
0.92924876
0.92924876
0.92924876
0.92924876
0.92924876
0.92924876
0.92924876
0.92924876
0.93422614
0.94063111
0.94181883
0.94181883
0.94181883
0.94166608
0.94166608
0.94166608
0.93500239
0.93500239
0.93320957
0.93320957
0.93320957
0.93320957
0.93320957
0.93436858
0.93436858
0.93436858
0.92798928
0.92798928
0.92798928
0.92798928
0.92798928
0.92798928
0.92798928
0.92798928
0.92798928
0.92798928
0.92798928
0.92798928
0.92798928
0.92798928
0.9198706
0.9198706
0.91260165
0.89731864
0.89731864
0.89731864
0.89731864
0.88829439
0.88829439
0.87671346
0.87671346
0.87460104
0.86492265
0.86492265
0.86492265
0.8755604
0.87558791
0.87558791
0.87558791
0.87127562
0.87127562
0.86022987
0.8470441
0.8470441
0.8470441
0.8470441
0.8470441
0.83989002
0.83989002
0.83989002
0.84053449
0.84053449
0.84053449
0.84053449
0.83356966
0.83356966
0.83356966
0.82215838
0.82215838
0.82215838
0.83030105
0.83030105
0.83398051
0.83398051
0.83398051
0.83155188
0.83155188
0.79682402
0.79682402
0.79682402
0.77641447
0.77641447
0.77641447
0.77641447
0.76582406
0.76582406
0.7606181
0.7606181
0.7606181
0.74247782
0.74247782
0.74247782
0.74247782
0.74247782
0.74247782
0.73424624
0.73424624
0.73424624
0.73424624
0.73424624
0.73424624
0.73424624
0.78124558
0.78124558
0.78124558
0.78124558
0.77913257
0.76984398
0.75446501
0.74885328
0.74885328
0.74490152
0.74475713
0.73252385
0.73252385
0.73252385
0.73252385
0.73252385
0.73252385
0.73252385
0.72384346
0.71280929
0.71280929
0.71280929
0.71280929
0.6953579
0.68805238
0.6837241
0.6837241
0.64958173
0.64958173
0.64958173
0.64958173
0.64958173
0.64958173
0.65281786
0.65281786
0.66210594
0.66210594
0.66210594
0.66210594
0.66210594
0.65340423
0.65340423
0.65340423
0.65848325
0.65848325
0.65848325
0.66118152
0.68203159
0.68203159
0.68203159
0.68203159
0.68203159
0.68203159
0.68203159
0.6837295
0.6837295
0.6837295
0.73946329
0.73946329
0.73946329
0.73946329
0.73946329
0.73946329
0.74889525
0.74889525
0.76083032
0.76092876
0.77919715
0.79363384
0.80085655
0.81004637
0.81004637
0.81004637
0.79506474
0.79506474
0.79506474
0.79506474
0.79506474
0.79506474
0.79506474
0.79506474
0.79506474
0.81861707
0.82008705
0.83935071
0.83935071
0.83935071
0.83935071
0.85134205
0.85950706
0.8667363
0.86876643
0.86948738
0.87914637
0.89215078
0.89215078
0.89215078
0.88946161
0.88946161
0.88681476
0.87568879
0.8554532
0.84924689
0.84664135
0.84029681
0.84029681
0.84029681
0.84029681
0.84029681
0.84004546
0.83711075
0.82502329
0.80753259
0.80753259
0.80753259
0.81097982
0.81097982
0.81097982
0.81003607
0.81003607
0.81003607
0.83328577
0.84050519
0.84050519
0.84050519
0.8349408
0.8349408
0.8349408
0.8349408
0.8349408
0.83913514
0.83913514
0.86795911
0.86795911
0.86795911
0.86795911
0.86795911
0.86061963
0.85667274
0.85666021
0.85666021
0.85666021
0.85666021
0.85666021
0.85666021
0.85531188
0.85109723
0.85109723
0.85109723
0.85109723
0.82911335
0.82911335
0.82911335
0.82911335
0.82243708
0.82243708
0.82243708
0.82243708
0.83820891
0.83952379
0.83952379
0.83952379
0.83952379
0.83384901
0.83262305
0.83262305
0.82820467
0.8184577
0.8184577
0.8184577
0.8184577
0.8184577
0.81480242
0.81480242
0.81480242
0.81891783
0.82128572
0.82128572
0.82128572
0.83455594
0.83455594
0.83455594
0.83921638
0.83921638
0.8428809
0.8428809
0.8428809
0.8428809
0.8428809
0.8428809
0.8428809
0.83448975
0.83346318
0.83245504
0.83245504
0.82588423
0.82588423
0.82588423
0.82588423
0.82588423
0.82588423
0.82588423
0.82588423
0.83246998
0.83246998
0.83246998
0.83246998
0.83246998
0.87048931
0.87048931
0.88048636
0.89211669
0.89677828
0.89677828
0.89677828
0.89677828
0.89677828
0.89677828
0.89677828
0.89677828
0.89677828
0.89677828
0.89938016
0.90322406
0.90322406
0.90322406
0.90322406
0.90322406
0.90322406
0.90322406
0.89880541
0.89880541
0.89059764
0.89059764
0.89059764
0.88445507
0.87750827
0.87750827
0.87750827
0.89725132
0.89725132
0.90727704
0.90727704
0.90994637
0.9187981
0.9187981
0.9187981
0.9187981
0.9187981
0.9187981
0.97497598
0.97497598
0.97497598
0.97296198
0.97296198
0.97296198
0.97296198
0.97778121
0.97778121
0.97778121
0.97593077
0.9721209
0.9721209
0.95263834
0.94634761
0.9453863
0.94420831
0.93772691
0.93772691
0.93447255
0.92349925
0.92349925
0.91810457
0.91717518
0.91717518
0.91717518
0.91717518
0.91165334
0.91165334
0.89845974
0.89845974
0.89707259
0.88320182
0.87642731
0.87047388
0.86622854
0.86622854
0.83828715
0.83828715
0.82530265
0.82530265
0.82070246
0.82070246
0.82070246
0.82070246
0.82070246
0.79754835
0.79754835
0.79754835
0.81390792
0.81541016
0.81541016
0.8292451
0.8300111
0.83871565
0.83871565
0.83871565
0.83871565
0.83871565
0.83871565
0.83871565
0.83871565
0.83871565
0.83202812
0.83055645
0.82990386
0.82990386
0.82990386
0.82990386
0.82990386
0.82990386
0.82990386
0.82990386
0.82990386
0.82990386
0.82990386
0.81253458
0.81253458
0.81253458
0.81253458
0.82058842
0.82058842
0.82312349
0.82312349
0.82312349
0.82095709
0.82095709
0.82095709
0.82095709
0.81683262
0.81683262
0.81683262
0.81903146
0.81903146
0.81903146
0.81903146
0.81903146
0.81903146
0.81903146
0.82956204
0.83849183
0.83849183
0.84130442
0.84130442
0.84130442
0.83916816
0.83655741
0.83655741
0.83655741
0.83655741
0.83655741
0.84095522
0.84095522
0.84095522
0.85628996
0.86020713
0.86020713
0.86739311
0.86739311
0.86754022
0.86754022
0.86754022
0.88290827
0.89426998
0.89426998
0.89426998
0.89426998
0.89426998
0.89220413
0.89220413
0.88311667
0.88311667
0.88311667
0.88311667
0.87213641
0.86502504
0.86502504
0.86180292
0.86180292
0.86180292
0.86180292
0.86047135
0.84547036
0.84547036
0.84436416
0.84436416
0.84436416
0.84436416
0.84179247
0.84179247
0.84179247
0.84179247
0.84179247
0.84179247
0.843701
0.84579599
0.84579599
0.84579599
0.84579599
0.84745561
0.84745561
0.84745561
0.84962099
0.85717126
0.85717126
0.85717126
0.85717126
0.85505173
0.85505173
0.85505173
0.85505173
0.85721261
0.87740455
0.89099577
0.90646363
0.90646363
0.95648003
0.97173956
0.98471068
0.98471068
0.98471068
0.9719185
0.91165696
0.84282536
0.82528687
0.74430266
0.50168711
0.26911822
0.26911822
0.26911822
