0.19822474
0.18084706
0.18675408
0.18675408
0.19044916
0.19044916
0.19044916
0.1948569
0.1948569
0.1948569
0.21589621
0.21589621
0.21589621
0.21589621
0.21589621
0.21589621
0.21589621
0.21589621
0.21589621
0.21589621
0.21589621
0.20142325
0.20142325
0.19874053
0.19149298
0.19149298
0.19149298
0.17624412
0.17624412
0.17624412
0.17321161
0.167035
0.167035
0.167035
0.167035
0.167035
0.167035
0.167035
0.167035
0.167035
0.167035
0.167035
0.167035
0.167035
0.17775273
0.17775273
0.17985725
0.17985725
0.17985725
0.17936933
0.17936933
0.17936933
0.17936933
0.17936933
0.17936933
0.17936933
0.17936933
0.18195936
0.18195936
0.18195936
0.15774858
0.14635065
0.11827905
0.0903598
0.07861348
0.07861348
0.07861348
0.09907717
0.10581958
0.10581958
0.17327252
0.18440119
0.20107303
0.20107303
0.20107303
0.20107303
0.19308229
0.19308229
0.1756809
0.1756809
0.1756809
0.17801957
0.17801957
0.17801957
0.17801957
0.17801957
0.17801957
0.17801957
0.18490143
0.18490143
0.18490143
0.18490143
0.18384438
0.18384438
0.18384438
0.18894331
0.18894331
0.18894331
0.18894331
0.18894331
0.18894331
0.18894331
0.18925533
0.20459197
0.20459197
0.20459197
0.19184353
0.19184353
0.19184353
0.19741273
0.19741273
0.19741273
0.19741273
0.19741273
0.19832092
0.20247713
0.20247713
0.20247713
0.20247713
0.20247713
0.45372298
0.45372298
0.45372298
0.43157629
0.43107269
0.41720775
0.3992684
0.39676474
0.39676474
0.38188931
0.36979511
0.36002477
0.36002477
0.35534262
0.33344821
0.33344821
0.33344821
0.33344821
0.33344821
0.33344821
0.33344821
0.33344821
0.33344821
0.33344821
0.337116
0.337116
0.337116
0.33069393
0.29551948
0.29551948
0.29551948
0.29551948
0.29551948
0.29551948
0.29551948
0.29551948
0.29551948
0.29551948
0.29551948
0.29551948
0.29551948
0.29551948
0.2731205
0.2731205
0.2731205
0.28028659
0.28230566
0.28230566
0.28230566
0.28084324
0.28084324
0.27173488
0.26917764
0.26917764
0.25563366
0.25563366
0.2548735
0.2548735
0.2548735
0.25804081
0.25804081
0.25804081
0.25804081
0.25804081
0.25804081
0.24337048
0.24337048
0.24243158
0.24243158
0.24243158
0.24243158
0.24243158
0.24243158
0.24243158
0.23953594
0.22846401
0.22846401
0.22239041
0.22239041
0.22239041
0.22239041
0.21854323
0.21854323
0.21854323
0.21854323
0.21854323
0.21854323
0.21854323
0.21854323
0.21777142
0.20286628
0.20286628
0.20246124
0.20246124
0.20246124
0.20246124
0.20246124
0.19859142
0.19785023
0.18725481
0.18725481
0.18725481
0.18725481
0.18725481
0.18725481
0.18725481
0.18725481
0.18725481
0.18893965
0.18893965
0.19163019
0.19163019
0.19163019
0.19163019
0.19163019
0.19677271
0.19677271
0.21604681
0.23012555
0.23012555
0.36045336
0.36045336
0.36045336
0.36045336
0.33507363
0.33381498
0.33381498
0.31390727
0.30955045
0.30955045
0.27229918
0.27229918
0.27229918
0.25301551
0.25301551
0.25301551
0.19488702
0.17499928
0.16842761
0.16842761
0.1622679
0.13197346
0.0954628
0.09045615
0.07406529
0.07406529
0.07406529
0.06161098
0.06161098
0.06161098
0.06161098
0.06161098
0.0394613
0.0394613
0.0394613
0.04437501
0.08850631
0.08850631
0.08850631
0.08064961
0.08064961
0.08064961
0.08927887
0.08927887
0.08927887
0.0837699
0.0837699
0.0837699
0.0837699
0.07756401
0.07756401
0.07756401
0.06767218
0.06767218
0.06767218
0.06767218
0.06767218
0.06767218
0.06767218
0.06767218
0.06898833
0.06898833
0.07156837
0.08258464
0.08258464
0.08258464
0.08258464
0.08258464
0.09437264
0.09437264
0.09437264
0.09118153
0.09005576
0.08992688
0.08992688
0.08992688
0.09739309
0.09739309
0.09739309
0.09739309
0.09739309
0.09739309
0.09239143
0.09239143
0.09239143
0.09239143
0.09239143
0.09239143
0.09239143
0.09239143
0.09239143
0.09239143
0.09239143
0.09239143
0.09239143
0.10755117
0.12003619
0.13226251
0.13226251
0.14765132
0.14765132
0.14894309
0.14894309
0.14894309
0.14823518
0.14823518
0.14823518
0.14823518
0.14823518
0.14186303
0.13463129
0.13463129
0.13463129
0.13463129
0.13711157
0.13711157
0.13711157
0.15415468
0.15589967
0.16224002
0.30598384
0.30598384
0.30598384
0.29517051
0.29517051
0.29517051
0.29517051
0.29517051
0.29506442
0.29506442
0.29506442
0.2975492
0.2975492
0.2975492
0.28491641
0.28491641
0.28491641
0.27794402
0.26855443
0.26855443
0.26855443
0.26028403
0.24242992
0.24242992
0.24242992
0.24242992
0.24242992
0.24694516
0.24694516
0.28537146
0.29986073
0.30204996
0.30204996
0.30204996
0.30204996
0.30204996
0.30204996
0.30204996
0.30204996
0.30316841
0.30316841
0.30316841
0.30316841
0.31904247
0.31904247
0.32162385
0.32162385
0.32162385
0.32162385
0.32162385
0.32162385
0.31638447
0.31229757
0.31229757
0.30758172
0.27764623
0.27764623
0.27764623
0.27861441
0.27861441
0.29444171
0.29444171
0.29444171
0.31582333
0.31582333
0.31582333
0.32280869
0.32280869
0.32280869
0.32280869
0.35555063
0.35555063
0.35555063
0.35147988
0.35147988
0.34047584
0.32466518
0.32466518
0.32466518
0.32466518
0.32466518
0.32466518
0.32466518
0.32466518
0.32466518
0.32464588
0.31432779
0.31432779
0.31432779
0.31856512
0.35541226
0.36923206
0.36923206
0.36923206
0.36923206
0.37862715
0.37862715
0.37862715
0.37862715
0.37862715
0.37862715
0.37862715
0.38201295
0.38201295
0.38201295
0.37351474
0.3672853
0.36689165
0.36689165
0.36689165
0.36689165
0.36689165
0.39092919
0.39092919
0.39092919
0.36451654
0.35953169
0.35953169
0.35953169
0.37312617
0.40711569
0.40711569
0.40711569
0.39829439
0.36388027
0.33604847
0.31882081
0.30037811
0.28916331
0.28916331
0.28916331
0.28916331
0.28757017
0.26495803
0.26495803
0.26495803
0.23506414
0.21901925
0.21901925
0.21901925
0.2265358
0.23140159
0.23140159
0.23140159
0.25812875
0.30289316
0.30289316
0.30289316
0.30289316
0.30289316
0.2757766
0.2757766
0.2757766
0.26771754
0.26771754
0.26771754
0.29732171
0.47582458
0.47582458
0.47582458
0.62302105
0.62302105
0.62302105
0.62302105
0.62302105
0.58076417
0.58076417
0.56483103
0.55726335
0.53902387
0.53902387
0.53902387
0.53902387
0.51981746
0.51981746
0.51981746
0.50713958
0.50713958
0.50713958
0.49571365
0.49571365
0.4886742
0.4886742
0.4886742
0.52835445
0.52835445
0.54670575
0.54670575
0.65143971
0.65143971
0.65143971
0.60822542
0.60471955
0.59802906
0.59802906
0.59802906
0.61686225
0.61686225
0.61686225
0.65457939
0.65457939
0.66432411
0.66432411
0.66432411
0.66432411
0.66432411
0.66432411
0.66321984
0.63230901
0.63230901
0.63230901
0.5988372
0.58803785
0.57959393
0.57959393
0.57959393
0.63036799
0.63036799
0.63036799
0.63036799
0.63036799
0.66013566
0.66013566
0.66013566
0.63463719
0.56477907
0.56477907
0.55613783
0.55613783
0.55613783
0.55613783
0.55613783
0.55613783
0.5626572
0.64983172
0.66641665
0.66641665
0.66641665
0.65272586
0.619523
0.56729825
0.56729825
0.54551982
0.54460914
0.53550623
0.5270581
0.52671305
0.52671305
0.52671305
0.56090976
0.56090976
0.56104139
0.58821886
0.59512302
0.59811547
0.65196432
0.65196432
0.65196432
0.63661682
0.61404428
0.600567
0.57525217
0.57516044
0.57516044
0.57516044
0.63638039
0.63638039
0.63638039
0.63638039
0.63638039
0.63744597
0.63744597
0.63744597
0.63744597
0.63744597
0.63744597
0.61509629
0.61248988
0.59291557
0.59291557
0.59291557
0.59291557
0.56045017
0.56045017
0.56045017
0.56045017
0.56045017
0.56045017
0.63076064
0.63263739
0.63263739
0.63894762
0.64021476
0.67604421
0.67604421
0.67604421
0.67604421
0.67604421
0.71090311
0.71090311
0.71090311
0.6740444
0.6545221
0.62705345
0.62705345
0.62078806
0.62078806
0.62078806
0.62897858
0.62997871
0.62997871
0.62997871
0.62997871
0.62997871
0.67820248
0.67820248
0.67820248
0.67607346
0.67607346
0.66413727
0.66413727
0.66413727
0.69866285
0.70720383
0.70720383
0.70720383
0.65767793
0.65573678
0.65573678
0.65573678
0.69724577
0.69724577
0.72958008
0.73235395
0.73235395
0.73235395
0.73235395
0.73163643
0.73163643
0.73163643
0.70049828
0.6861879
0.6861879
0.6861879
0.6861879
0.69971348
0.72976455
0.72976455
0.72976455
0.712466
0.712466
0.6187031
0.6187031
0.6187031
0.6187031
0.6187031
0.6187031
0.70942883
0.71100874
0.71100874
0.71100874
0.71100874
0.72558858
0.72558858
0.72558858
0.71557744
0.71557744
0.71186842
0.71186842
0.7048781
0.70364383
0.70364383
0.70364383
0.70305016
0.70305016
0.70305016
0.70305016
0.70794831
0.70794831
0.70794831
0.70794831
0.70501951
0.70083659
0.69616306
0.69616306
0.69616306
0.69616306
0.72050376
0.72629005
0.72629005
0.74655641
0.74655641
0.74655641
0.7345111
0.70584013
0.70042947
0.70042947
0.70042947
0.70042947
0.70042947
0.70042947
0.69903606
0.6554337
0.6554337
0.6554337
0.66479422
0.69752093
0.69752093
0.69752093
0.71184354
0.71551017
0.73147942
0.73249727
0.74375883
0.74375883
0.74375883
0.71837598
0.71837598
0.71837598
0.71837598
0.71837598
0.71837598
0.71837598
0.71837598
0.71837598
0.71345906
0.71345906
0.71345906
0.7293164
0.7293164
0.74951234
0.74951234
0.74951234
0.72437432
0.70020569
0.70002409
0.70002409
0.70002409
0.71237011
0.71237011
0.71237011
0.71656484
0.71793133
0.71793133
0.71793133
0.72669542
0.74136288
0.74666296
0.74666296
0.74666296
0.74319915
0.72073116
0.72073116
0.72073116
0.70562762
0.70562762
0.70562762
0.71577418
0.72564828
0.72564828
0.73111593
0.75481703
0.75481703
0.75481703
0.75051675
0.75051675
0.75051675
0.75101611
0.75101611
0.75101611
0.74631062
0.73877464
0.71952093
0.71875103
0.71875103
0.71875103
0.73660713
0.73812972
0.73812972
0.73812972
0.73812972
0.73812972
0.73812972
0.73812972
0.73812972
0.73812972
0.73812972
0.73812972
0.73812972
0.73812972
0.73812972
0.73812972
0.73812972
0.89271238
0.89271238
0.89271238
0.7015247
0.7015247
0.70135334
0.68320065
0.68320065
0.6773257
0.6773257
0.6773257
0.67640304
0.67640304
0.67348356
0.66960268
0.66803329
0.66803329
0.66803329
0.66621725
0.66621725
0.66122927
0.63232927
0.59243972
0.56387774
0.55126555
0.55040999
0.55040999
0.55040999
0.58345238
0.5963518
0.5963518
0.5963518
0.5963518
0.5963518
0.5963518
0.59572073
0.59572073
0.59572073
0.59572073
0.58854623
0.58854623
0.58854623
0.59108484
0.72811495
0.72811495
0.72811495
0.72811495
0.73518049
0.73518049
0.73518049
0.7447434
0.7447434
0.7447434
0.7447434
0.7447434
0.76294791
0.76294791
0.76294791
0.76363615
0.76363615
0.76363615
0.76275864
0.76275864
0.7602554
0.7602554
0.7602554
0.7602554
0.7602554
0.7602554
0.77239623
0.77239623
0.77239623
0.77239623
0.77882595
0.77882595
0.78043486
0.78043486
0.78043486
0.77557015
0.77557015
0.77555472
0.77555472
0.77555472
0.77032757
0.77017206
0.77017206
0.77017206
0.77017206
0.77017206
0.77017206
0.76865135
0.76865135
0.76865135
0.76865135
0.76865135
0.76865135
0.76865135
0.76976202
0.76976202
0.7700175
0.7700175
0.7700175
0.77203008
0.77203008
0.77584475
0.77584475
0.77789005
0.78592989
0.78592989
0.78592989
0.78706558
0.78980155
0.78980155
0.78980155
0.78800585
0.78800585
0.78800585
0.78800585
0.78800585
0.78800585
0.78316099
0.77743577
0.77456143
0.77456143
0.77456143
0.77288469
0.77288469
0.77288469
0.77288469
0.77288469
0.77225206
0.77225206
0.76877832
0.76877832
0.7561717
0.7561717
0.7561717
0.75861171
0.75861171
0.75861171
0.75615565
0.75589355
0.75512747
0.75248278
0.74529385
0.74529385
0.74529385
0.74529385
0.74529385
0.74709122
0.749978
0.749978
0.749978
0.749978
0.74905916
0.74632389
0.74632389
0.74081202
0.73990025
0.73768569
0.73000223
0.72819554
0.72819554
0.72706968
0.72706968
0.72706968
0.72706968
0.72706968
0.72706968
0.72706968
0.73519218
0.73519218
0.73519218
0.73519218
0.73519218
0.73519218
0.73519218
0.70692376
0.70567763
0.70567763
0.70567763
0.6983341
0.6983341
0.6983341
0.6983341
0.69521172
0.69034452
0.689492
0.68901211
0.68901211
0.68901211
0.69077603
0.70196187
0.70196187
0.70196187
0.70196187
0.70613388
0.70613388
0.70613388
0.70613388
0.70613388
0.70744001
0.70744001
0.71190395
0.71190395
0.71190395
0.71190395
0.72009979
0.72009979
0.72009979
0.71924743
0.71924743
0.71330243
0.71330243
0.71330243
0.71330243
0.71394889
0.71394889
0.71394889
0.71394889
0.71394889
0.71394889
0.71394889
0.71394889
0.71253569
0.71253569
0.71253569
0.71769228
0.71769228
0.72475486
0.72475486
0.72475486
0.72475486
0.72475486
0.72475486
0.72475486
0.72146915
0.72146915
0.72146915
0.72146915
0.72146915
0.71444218
0.71444218
0.70787559
0.70787559
0.70787559
0.70787559
0.70941993
0.70941993
0.70941993
0.70941993
0.70941993
0.70941993
0.70138796
0.70138796
0.69815121
0.69771409
0.69767881
0.69767881
0.69239197
0.6871228
0.68331056
0.68270108
0.68270108
0.68270108
0.68270108
0.68270108
0.68270108
0.68270108
0.68270108
0.68270108
0.68270108
0.68270108
0.68270108
0.69559713
0.69559713
0.70061127
0.70061127
0.70061127
0.70061127
0.70061127
0.70061127
0.70265734
0.70265734
0.70265734
0.70265734
0.70265734
0.70265734
0.70265734
0.69479798
0.66543257
0.66543257
0.65055918
0.65055918
0.65055918
0.65922992
0.65922992
0.65924024
0.66096955
0.66096955
0.66096955
0.66096955
0.66096955
0.66096955
0.66096955
0.66096955
0.66096955
0.66096955
0.66096955
0.66323041
0.66609543
0.67135416
0.67135416
0.6727989
0.6727989
0.67484426
0.67484426
0.67484426
0.67322083
0.67322083
0.67322083
0.68069861
0.68069861
0.68335807
0.68477378
0.68477378
0.68635801
0.68635801
0.68635801
0.68635801
0.68635801
0.68635801
0.68106667
0.68106667
0.68106667
0.68106667
0.68106667
0.68106667
0.67970089
0.67970089
0.67970089
0.67970089
0.67970089
0.67970089
0.68083777
0.68083777
0.68228306
0.6965889
0.6965889
0.6965889
0.6965889
0.6975758
0.70331733
0.70331733
0.70331733
0.70331733
0.69909576
0.69909576
0.69909576
0.70016026
0.70016026
0.70016026
0.7030844
0.7030844
0.7030844
0.7030844
0.7030844
0.7030844
0.70118061
0.70116996
0.70116996
0.70116996
0.70116996
0.70116996
0.70116996
0.70116996
0.70116996
0.70116996
0.70116996
0.70094439
0.69243269
0.69243269
0.69243269
0.67802971
0.67802971
0.67802971
0.6689273
0.6689273
0.6689273
0.66015005
0.66015005
0.66015005
0.66438639
0.66965909
0.67125726
0.67125726
0.67125726
0.6614444
0.66104651
0.66104651
0.66104651
0.66162412
0.66162412
0.66684786
0.67253106
0.67253106
0.67253106
0.67253106
0.67253106
0.67253106
0.67253106
0.67253106
0.67153467
0.67058671
0.66040732
0.65920122
0.65920122
0.65920122
0.65377679
0.65377679
0.65377679
0.6644458
0.6644458
0.6644458
0.6644458
0.6644458
0.6644458
0.6644458
0.6644458
0.66048263
0.65704673
0.64612715
0.64612715
0.64612715
0.7072614
0.71021084
0.71021084
0.71021084
0.68475235
0.68475235
0.68475235
0.68475235
0.68475235
0.68475235
0.70042676
0.71528397
0.71542388
0.72517284
0.72928803
0.72928803
0.86962988
0.88803716
0.88803716
0.88803716
0.88803716
0.90069967
0.90069967
0.90069967
0.90069967
0.90069967
0.90069967
0.90069967
0.76203791
0.76203791
0.76203791
0.76203791
0.76203791
0.91859594
0.91859594
0.91859594
0.91859594
0.91299007
0.91299007
0.91299007
0.91239689
0.91214457
0.90446481
0.90446481
0.90087247
0.90014854
0.89976548
0.88699012
0.88699012
0.88699012
0.88699012
0.88699012
0.88459315
0.88459315
0.88459315
0.88459315
0.88459315
0.88354547
0.88163122
0.88163122
0.87786364
0.87578914
0.87578914
0.87578914
0.87578914
0.87578914
0.87578914
0.87578914
0.87578914
0.87964537
0.87964537
0.87964537
0.87964537
0.87964537
0.87964537
0.87480356
0.87480356
0.87480356
0.87480356
0.87480356
0.87039214
0.87020576
0.87003819
0.87003819
0.86691885
0.86480492
0.86480492
0.86480492
0.86480492
0.86480492
0.86554439
0.86955926
0.86955926
0.86955926
0.86955926
0.86955926
0.86955926
0.86538558
0.8652596
0.8652596
0.86372548
0.86372548
0.86372548
0.86372548
0.86342242
0.84784555
0.84661156
0.84661156
0.84166478
0.84166478
0.77500937
0.77500937
0.77500937
0.77500937
0.74754581
0.74754581
0.74593965
0.73039279
0.71693927
0.71693927
0.71693927
0.75341585
0.75341585
0.75341585
0.75341585
0.80426942
0.80426942
0.80426942
0.80426942
0.80426942
0.8063599
0.81994651
0.82985207
0.82985207
0.82985207
0.82985207
0.82985207
0.79040712
0.76581079
0.76581079
0.76581079
0.76581079
0.74431776
0.74431776
0.74431776
0.77392434
0.78578217
0.78578217
0.82925796
0.82925796
0.82925796
0.82925796
0.80736721
0.74597048
0.73972444
0.72675296
0.72675296
0.72675296
0.73046581
0.73046581
0.73046581
0.73046581
0.75716917
0.75716917
0.75716917
0.75716917
0.77853983
0.8303093
0.8303093
0.8303093
0.8303093
0.8303093
0.8303093
0.8303093
0.8303093
0.8303093
0.8303093
0.81930496
0.81930496
0.81930496
0.83459862
0.83459862
0.83459862
0.83459862
0.83459862
0.83459862
0.82512661
0.81948052
0.81948052
0.81815414
0.81815414
0.81815414
0.81815414
0.81815414
0.80287768
0.78388935
0.77287285
0.7414267
0.7414267
0.7414267
0.77225245
0.77225245
0.78793477
0.79621055
0.81475313
0.81475313
0.81475313
0.82695707
0.82695707
0.82695707
0.82695707
0.82695707
0.82695707
0.82695707
0.82695707
0.82695707
0.82695707
0.80605863
0.80605863
0.80605863
0.82389138
0.83697427
0.83697427
0.83697427
0.83697427
0.83697427
0.83697427
0.83697427
0.79373287
0.78844401
0.769195
0.76569008
0.76569008
0.76569008
0.76569008
0.76569008
0.76569008
0.75978753
0.75978753
0.75978753
0.7757924
0.78778926
0.79483512
0.81650059
0.82217162
0.8240778
0.8240778
0.8240778
0.82207916
0.81237975
0.81237975
0.81237975
0.78722427
0.78722427
0.78722427
0.78722427
0.78722427
0.78722427
0.81831647
0.82492901
0.83065764
0.83065764
0.83065764
0.82601048
0.79072495
0.76051629
0.76051629
0.75570346
0.73999227
0.73999227
0.73473659
0.73175079
0.73175079
0.73175079
0.74338994
0.75340012
0.76448799
0.76448799
0.76448799
0.76448799
0.76448799
0.76034326
0.76034326
0.76034326
0.76034326
0.76034326
0.723302
0.70362765
0.70362765
0.70362765
0.72497531
0.72885149
0.72885149
0.7382291
0.74896505
0.75981482
0.81136484
0.8294511
0.84477014
0.85128874
0.8513946
0.85152544
0.85152544
0.85373942
0.85373942
0.85373942
0.85373942
0.85373942
0.85158816
0.84952245
0.84794001
0.84470788
0.84470788
0.84211369
0.84211369
0.84211369
0.84216004
0.84216004
0.84216004
0.84216004
0.84216004
0.84216004
0.84216004
0.84216004
0.84205401
0.8416731
0.8416731
0.8416731
0.8416731
0.8416731
0.8416731
0.8416731
0.8416731
0.84716694
0.84859163
0.8504182
0.8504182
0.850755
0.85116027
0.85146485
0.85146485
0.85146485
0.84982095
0.83976255
0.8384235
0.8384235
0.8384235
0.8384235
0.8384235
0.8384235
0.83660304
0.83604675
0.83604675
0.83604675
0.83604675
0.82953747
0.82953747
0.82953747
0.82953747
0.94847967
0.95801291
0.95801291
0.95801291
0.95165813
0.82806479
0.82806479
0.82806479
0.83184807
0.83267698
0.83267698
0.83267698
0.83267698
0.83366802
0.84148141
0.84477933
0.84800382
0.84873657
0.84873657
0.84873657
0.84873657
0.84873657
0.85081068
0.85081068
0.85081068
0.84949805
0.84949805
0.84949805
0.84977421
0.84977421
0.84977421
0.84596649
0.84596649
0.84596649
0.84433682
0.84433682
0.84403716
0.84257216
0.84257216
0.84257216
0.84129451
0.84018773
0.84018773
0.83899806
0.83899806
0.83899806
0.83673906
0.83673906
0.83427561
0.83427561
0.83427561
0.83427561
0.83427561
0.83427561
0.83427561
0.83427561
0.83283281
0.83283281
0.83283281
0.83380848
0.83380848
0.83380848
0.99662241
0.99816026
0.99816026
0.99816026
0.99816026
0.99816026
0.99813824
0.99813824
0.99677173
0.99677173
0.99677173
0.99265451
0.99221868
0.8207462
0.8207462
0.8207462
0.82213719
0.82347146
0.82444829
0.82795864
0.82795864
0.82795864
0.82795864
0.82795864
0.82681801
0.82462854
0.82391081
0.82391081
0.82391081
0.82463609
0.82943789
0.8303846
0.8303846
0.8303846
0.83392975
0.83431387
0.83431387
0.83431387
0.83956111
0.84046258
0.84046258
0.84303461
0.84328795
0.84328795
0.84757477
0.8496629
0.85006242
0.85006242
0.8502707
0.8502707
0.85098646
0.85098646
0.85098646
0.84365025
0.84365025
0.84322965
0.84187479
0.84187479
0.84187479
0.83945126
0.8371147
0.8371147
0.83367
0.82938114
0.82938114
0.82823914
0.82823914
0.82823914
0.82748162
0.81706489
0.81532982
0.81354849
0.8122027
0.80873673
0.80873673
0.80873673
0.80873673
0.80342072
0.80342072
0.80342072
0.80496891
0.80496891
0.80496891
0.8044103
0.8044103
0.79632076
0.79632076
0.79632076
0.79765708
0.79765708
0.79765708
0.79185656
0.79185656
0.79185656
0.7923584
0.79281256
0.79281256
0.79664341
0.79664341
0.79895742
0.79895742
0.80564142
0.805774
0.805774
0.805774
0.8005875
0.8005875
0.8005875
0.8005875
0.80387097
0.80387097
0.80387097
0.80387097
0.80497677
0.80979454
0.81400334
0.81743622
0.81743622
0.82547526
0.82547526
0.82547526
0.82275346
0.82269698
0.81383815
0.8107749
0.8012736
0.79943051
0.7970824
0.79410942
0.78988328
0.78661334
0.76606257
0.76478801
0.76024
0.76024
0.76024
0.76149254
0.76438918
0.76438918
0.76438918
0.76697777
0.77193257
0.77348758
0.77348758
0.78264933
0.7883946
0.79376624
0.7947795
0.79867931
0.80033608
0.80060789
0.80060789
0.80060789
0.80246803
0.80467145
0.80480052
0.80616332
0.80616332
0.80661494
0.80661494
0.80661494
0.80164523
0.79542625
0.78779492
0.77969576
0.76316034
0.76316034
0.7538689
0.7538689
0.75340245
0.75091319
0.74777642
0.74515481
0.74515481
0.74515481
0.74515481
0.74406361
0.74406361
0.73862579
0.73862579
0.73391206
0.73153596
0.73153596
0.73153596
0.73153596
0.71888977
0.71888977
0.70551608
0.70551608
0.70551608
0.70025998
0.69549221
0.68028558
0.66978506
0.66659188
0.6584272
0.6584272
0.6584272
0.6584272
0.6584272
0.65544161
0.65016708
0.63118728
0.62893303
0.62263877
0.61061854
0.5992635
0.5992635
0.5992635
0.5992635
0.58912389
0.58912389
0.58912389
0.58912389
0.58912389
0.5699632
0.55690478
0.55491953
0.55491953
0.5367378
0.5367378
0.52889408
0.52889408
0.52889408
0.52023994
0.52023994
0.50566671
0.50021641
0.50021641
0.48375866
0.48375866
0.48375866
0.48375866
0.48375866
0.48375866
0.4896512
0.50425704
0.50425704
0.5058756
0.5058756
0.5058756
0.52087488
0.52110977
0.53790343
0.53790343
0.53790343
0.52479745
0.52479745
0.52479745
0.52479745
0.52479745
0.52479745
0.53049541
0.53049541
0.53522674
0.53522674
0.53522674
0.53522674
0.53522674
0.53522674
0.53522674
0.53254789
0.52986264
0.52986264
0.52986264
0.53170177
0.53293713
0.54112594
0.54409584
0.54551213
0.54760408
0.54868085
0.54868085
0.54868085
0.54868085
0.54868085
0.54207107
0.54207107
0.53995474
0.53995474
0.53995474
0.54657109
0.54657109
0.54657109
0.54147495
0.54147495
0.54147495
0.54147495
0.54147495
0.54147495
0.5523877
0.5523877
0.55402752
0.55402752
0.55402752
0.55443764
0.55443764
0.55443764
0.55142697
0.55142697
0.55142697
0.56761925
0.56761925
0.56761925
0.56761925
0.56761925
0.56761925
0.568059
0.59279634
0.59279634
0.59279634
0.58292723
0.58116635
0.58116635
0.58116635
0.58578218
0.61111128
0.61528218
0.62206348
0.64490573
0.64490573
0.64904039
0.64904039
0.64904039
0.64904039
0.66848768
0.67179007
0.6938174
0.6938174
0.70341813
0.70690287
0.70690287
0.7352674
0.73579126
0.73579126
0.73579126
0.73038235
0.72904715
0.72904715
0.72318514
0.72318514
0.72318514
0.72826061
0.73037332
0.73037332
0.73037332
0.73037332
0.73037332
0.73525766
0.73525766
0.73684602
0.73684602
0.74003829
0.74003829
0.74003829
0.75175074
0.75772445
0.76910994
0.77721948
0.7790931
0.78810705
0.79384285
0.8053814
0.80602167
0.81197576
0.81197576
0.81197576
0.81197576
0.81197576
0.81333692
0.81333692
0.81333692
0.81333692
0.81333692
0.81333692
0.81037361
0.81037361
0.81037361
0.81037361
0.81037361
0.81037361
0.81037361
0.81368225
0.81368225
0.81368225
0.81368225
0.81368225
0.81615649
0.81725543
0.81725543
0.81725543
0.8152826
0.8152826
0.81355112
0.81101422
0.81101422
0.81101422
0.80470489
0.80140406
0.80097337
0.80002576
0.79679836
0.79636721
0.79636721
0.79285116
0.79043298
0.78463104
0.77957
0.77395977
0.77395977
0.77395977
0.77130867
0.77130867
0.77130867
0.77130867
0.77130867
0.77336882
0.77336882
0.77336882
0.77336882
0.77421725
0.77421725
0.77421725
0.77421725
0.7766502
0.7766502
0.7766502
0.7766502
0.7766502
0.77799283
0.78100427
0.78100427
0.78100427
0.78100427
0.78100427
0.78100427
0.78103105
0.79495144
0.79662885
0.79950822
0.80073351
0.80435354
0.80435354
0.80435354
0.80435354
0.80765801
0.80961617
0.81163501
0.81163501
0.81163501
0.81163501
0.81193385
0.82383975
0.82383975
0.82383975
0.82383975
0.82383975
0.82383975
0.82152343
0.82152343
0.82152343
0.82152343
0.81517026
0.81517026
0.8139873
0.8139873
0.8139873
0.8139873
0.8139873
0.8139873
0.81314605
0.81314605
0.81144275
0.81144275
0.81144275
0.81144275
0.81144275
0.81352592
0.81352592
0.81352592
0.81352592
0.81352592
0.81352592
0.81352592
0.81352592
0.81387865
0.81387865
0.81387865
0.81387865
0.81664899
0.81664899
0.81664899
0.81664899
0.81664899
0.81664899
0.8178525
0.8178525
0.8178525
0.8178525
0.8178525
0.8178525
0.81793246
0.81793246
0.8204232
0.8204232
0.82246808
0.82246808
0.82246808
0.82246808
0.82246808
0.82246808
0.82246808
0.82131895
0.82131895
0.82131895
0.81893034
0.81893034
0.81893034
0.81893034
0.81893034
0.81893034
0.81893034
0.81893034
0.81893034
0.81893034
0.82164181
0.82164181
0.82164181
0.82164181
0.82190316
0.82190316
0.82190316
0.81855292
0.81855292
0.81703508
0.81703508
0.81703508
0.81703508
0.81636536
0.81636536
0.81636536
0.81636536
0.81636536
0.81636536
0.81636536
0.81636536
0.81636536
0.81636536
0.81384154
0.81384154
0.81282309
0.81282309
0.81282309
0.81282309
0.81282309
0.81282309
0.81282309
0.81282309
0.81235119
0.81235119
0.81033915
0.81033915
0.81033915
0.81033915
0.80960846
0.80960846
0.80775299
0.80775299
0.80775299
0.80956887
0.81243069
0.81252804
0.81587894
0.81888514
0.81888514
0.81888514
0.81888514
0.81888514
0.81888514
0.81888514
0.81888514
0.81888514
0.81783548
0.81783548
0.81783548
0.81783548
0.81783548
0.81783548
0.81783548
0.81934953
0.81934953
0.81934953
0.81934953
0.82106068
0.82308382
0.82308382
0.82308382
0.825617
0.82919239
0.82919239
0.82919239
0.83166404
0.83166404
0.83166404
0.83166404
0.83728308
0.83841476
0.83841476
0.8402927
0.84271013
0.84832219
0.84904329
0.84904329
0.84904329
0.8526814
0.8526814
0.85534504
0.85609836
0.85609836
0.85609836
0.85609836
0.85609836
0.85609836
0.85574308
0.8541739
0.8541739
0.8541739
0.85538899
0.85538899
0.85753146
0.85753146
0.85753146
0.85552079
0.8535104
0.84773118
0.84474988
0.84474988
0.84474988
0.84307726
0.84307726
0.84307726
0.84307726
0.84307726
0.84307726
0.84307726
0.84307726
0.84307726
0.84307726
0.84307726
0.84307726
0.84259922
0.84259922
0.84148994
0.84148994
0.83978004
0.83937976
0.83510118
0.83510118
0.83510118
0.83510118
0.83510118
0.83510118
0.83510118
0.83192828
0.83192828
0.83192828
0.83192828
0.83192828
0.8237709
0.8206434
0.8206434
0.8206434
0.8206434
0.81965875
0.81504312
0.81421801
0.81421801
0.80943634
0.80943634
0.80605497
0.80458691
0.80356889
0.80328626
0.80132475
0.79779622
0.79779622
0.77715281
0.7676206
0.76699002
0.7510749
0.7510749
0.7510749
0.74883687
0.74883687
0.74883687
0.77039266
0.77039266
0.77039266
0.75481154
0.74499106
0.73462077
0.72697429
0.72264464
0.72264464
0.71449768
0.70792147
0.70792147
0.70792147
0.70792147
0.70158698
0.70158698
0.68542324
0.68542324
0.68542324
0.68542324
0.68542324
0.68034515
0.66735562
0.64840162
0.64190205
0.63929917
0.63929917
0.63929917
0.63929917
0.63929917
0.62225169
0.62225169
0.62225169
0.63285305
0.65478607
0.6572609
0.6572609
0.65758815
0.65797564
0.65797564
0.65797564
0.65797564
0.65281751
0.64205136
0.63021165
0.60510362
0.60002005
0.60002005
0.57557126
0.56694
0.56694
0.56694
0.55610242
0.55599954
0.54597941
0.54597941
0.52367076
0.52046539
0.52046539
0.50358661
0.50358661
0.50358661
0.50358661
0.50358661
0.50164139
0.50164139
0.50164139
0.49659301
0.49659301
0.49659301
0.49659301
0.49659301
0.50378061
0.51838928
0.52130372
0.57839252
0.57839252
0.57839252
0.57309614
0.57309614
0.57309614
0.57309614
0.57309614
0.57309614
0.57309614
0.57031895
0.57031895
0.52876607
0.52876607
0.52302359
0.52302359
0.52111564
0.52111564
0.51293369
0.51293369
0.51293369
0.51293369
0.51293369
0.51293369
0.51643686
0.51733123
0.51733123
0.51733123
0.51035119
0.51035119
0.51035119
0.51035119
0.49846884
0.49382288
0.49011029
0.49011029
0.49011029
0.49011029
0.49011029
0.49011029
0.49011029
0.49011029
0.55833346
0.55833346
0.55833346
0.55198058
0.55198058
0.55198058
0.53007086
0.52612774
0.51886101
0.51886101
0.51886101
0.50568198
0.50143878
0.49538524
0.49282728
0.49282728
0.49282728
0.49282728
0.49282728
0.49282728
0.49282728
0.49282728
0.49282728
0.49282728
0.49282728
0.4801088
0.47344735
0.47344735
0.47344735
0.46998911
0.46998911
0.46988352
0.46988352
0.46988352
0.46988352
0.46988352
0.46988352
0.46988352
0.46988352
0.46988352
0.46988352
0.46741094
0.46741094
0.46741094
0.48554779
0.49193212
0.49193212
0.49193212
0.50839989
0.50839989
0.51955095
0.52047059
0.53409215
0.53409215
0.53409215
0.53409215
0.53838951
0.53838951
0.54218165
0.56596716
0.56786762
0.56786762
0.56786762
0.56786762
0.57018428
0.5721268
0.5721268
0.5721268
0.5721268
0.56979766
0.56824987
0.56645363
0.56645363
0.56362101
0.56362101
0.56362101
0.56362101
0.56362101
0.56362101
0.56362101
0.56362101
0.56362101
0.56325208
0.56325208
0.55789496
0.55789496
0.55789496
0.55698686
0.54797843
0.54797843
0.54238214
0.54238214
0.54238214
0.54238214
0.54238214
0.54238214
0.54238214
0.54121501
0.53227581
0.53227581
0.53227581
0.53227581
0.53227581
0.52690001
0.52540647
0.52540647
0.52540647
0.5274815
0.5274815
0.5274815
0.51928857
0.51592572
0.5128945
0.5128945
0.5128945
0.51926618
0.51926618
0.51926618
0.51926618
0.5231761
0.62025035
0.62025035
0.62025035
0.62025035
0.61705425
0.61519261
0.61519261
0.60581466
0.60183298
0.60088867
0.59569577
0.58615586
0.58615586
0.58615586
0.57338503
0.57338503
0.57338503
0.57338503
0.57420436
0.57420436
0.57420436
0.56649257
0.56649257
0.56649257
0.56649257
0.56185988
0.55501126
0.55501126
0.55501126
0.55501126
0.55501126
0.55501126
0.55798915
0.55798915
0.55798915
0.54262289
0.54262289
0.54262289
0.54262289
0.54300564
0.54300564
0.54300564
0.54300564
0.54300564
0.5436613
0.5436613
0.55309603
0.55309603
0.55309603
0.54446523
0.54017315
0.54017315
0.54017315
0.54017315
0.54017315
0.5346354
0.53374019
0.53374019
0.53374019
0.54272582
0.54272582
0.54272582
0.53995881
0.53995881
0.53995881
0.55099605
0.55099605
0.55099605
0.55099605
0.55099605
0.55248173
0.5572693
0.5576057
0.5576057
0.56500635
0.56500635
0.56634508
0.56634508
0.56634508
0.56857554
0.56857554
0.56857554
0.56857554
0.56857554
0.56893752
0.56936749
0.56936749
0.56936749
0.56936749
0.56936749
0.56678166
0.56613528
0.56262662
0.56262662
0.56262662
0.56677326
0.56677326
0.56677326
0.5649798
0.5649798
0.5649798
0.54405328
0.53867433
0.53867433
0.53867433
0.55247511
0.55247511
0.55247511
0.55247511
0.55541793
0.5623981
0.5623981
0.5623981
0.54757875
0.54757875
0.54757875
0.56067154
0.5878317
0.59122429
0.59122429
0.65648031
0.65648031
0.65648031
0.65648031
0.65648031
0.65648031
0.65648031
0.6503047
0.63693629
0.63215837
0.62828053
0.62675275
0.61398359
0.61398359
0.61398359
0.61398359
0.61151337
0.60860954
0.60860954
0.60562029
0.60562029
0.59409788
0.58890656
0.58890656
0.58890656
0.59586663
0.59586663
0.59586663
0.58966468
0.58869688
0.58869688
0.58869688
0.57223838
0.57136326
0.56880922
0.56730436
0.56730436
0.56730436
0.56730436
0.56626541
0.56538839
0.56199988
0.54794901
0.54076928
0.54076928
0.54076928
0.54076928
0.53739812
0.53739812
0.53739812
0.53739812
0.53739812
0.53739812
0.53566848
0.53566848
0.51678869
0.51650712
0.51650712
0.51650712
0.52439868
0.52439868
0.52439868
0.52439868
0.52487737
0.52487737
0.52487737
0.52487737
0.52487737
0.52331522
0.52331522
0.52331522
0.5226782
0.52178432
0.52178432
0.52178432
0.52178432
0.52178432
0.52178432
0.52217535
0.52217535
0.52217535
0.52217535
0.54263055
0.54263055
0.54263055
0.54263055
0.57577062
0.57577062
0.57577062
0.57577062
0.50307656
0.40495734
0.40495734
0.40495734
0.40495734
0.43303364
0.43525303
0.45783168
0.48179646
0.48319535
0.48319535
0.48319535
0.48152791
0.44195953
0.44195953
0.44195953
0.51136697
0.51136697
0.51136697
0.6310551
0.65125998
0.65125998
0.65125998
0.64050773
0.63213045
0.63213045
0.61467028
0.58696212
0.57254274
0.5323556
0.3626123
0.3626123
0.3626123
0.36777688
0.38748614
0.41497705
0.44199169
0.46538085
0.46538085
0.46538085
0.46538085
0.46538085
0.72207264
0.72207264
0.72207264
0.72207264
0.72207264
0.72207264
0.71056488
0.67914229
0.65107294
0.62620105
0.60721185
0.58022479
0.58022479
0.58022479
0.62641909
0.62641909
0.62641909
0.62641909
0.62641909
0.62641909
0.62641909
0.62641909
0.62641909
0.62641909
0.63937684
0.69265519
0.69265519
0.69265519
0.6304299
0.6304299
0.6304299
0.6304299
0.55926894
0.55926894
0.55926894
0.64927644
0.64927644
0.64927644
0.62980169
0.62980169
0.62980169
0.62889371
0.62889371
0.62889371
0.62889371
0.6042796
0.6042796
0.6042796
0.72372169
0.73017808
0.73017808
0.73017808
0.73017808
0.69767345
0.69767345
0.69767345
0.69767345
0.61370738
0.58641796
0.57868553
0.57868553
0.57868553
0.59851045
0.60562998
0.60562998
0.60562998
0.63468337
0.63468337
0.66370048
0.75171546
0.75171546
0.75171546
0.74500567
0.74500567
0.74500567
0.7393139
0.59914972
0.59869308
0.59146318
0.58799891
0.58799891
0.58799891
0.58799891
0.58799891
0.56337135
0.54555677
0.52689752
0.52689752
0.52689752
0.51971895
0.51971895
0.51971895
0.51971895
0.50097337
0.47719839
0.47719839
0.47719839
0.47719839
0.47719839
0.468952
0.46301514
0.46301514
0.46301514
0.46301514
0.44671636
0.44671636
0.44671636
0.45115155
0.45115155
0.45115155
0.45115155
0.45586823
0.45586823
0.45586823
0.45586823
0.45586823
0.45586823
0.53628582
0.53628582
0.53628582
0.53220338
0.52028678
0.50621096
0.50523758
0.50523758
0.50523758
0.50523758
0.50523758
0.3643087
0.3643087
0.3643087
0.50883955
0.50883955
0.50883955
0.50883955
0.50883955
0.50883955
0.50883955
0.50883955
0.50883955
0.50883955
0.50883955
0.50883955
0.50883955
0.50883955
0.50883955
0.50883955
0.50883955
0.50883955
0.49360393
0.49360393
0.49360393
0.49360393
0.51034375
0.51034375
0.51034375
0.51034375
0.51034375
0.51034375
0.51034375
0.51034375
0.51034375
0.50145056
0.50145056
0.50145056
0.50145056
0.49001814
0.49001814
0.49001814
0.4934906
0.4934906
0.4934906
0.4934906
0.4934906
0.48336131
0.48336131
0.48336131
0.48336131
0.48336131
0.48336131
0.48336131
0.48336131
0.48336131
0.48336131
0.48336131
0.48016155
0.44575866
0.32525561
0.32525561
0.32525561
0.32525561
0.32525561
0.32525561
0.32525561
0.32525561
0.32525561
0.32525561
0.33291802
0.33291802
0.33291802
0.33291802
0.34814607
0.34814607
0.34814607
0.34814607
0.3420664
0.3420664
0.3420664
0.3420664
0.3420664
0.3420664
0.3420664
0.3420664
0.3420664
0.3420664
0.3420664
0.3420664
0.36146814
0.37434488
0.40206219
0.63966702
0.63966702
0.69512565
0.69512565
0.69512565
0.69986463
0.69986463
0.69986463
0.64651851
0.64651851
0.64651851
0.64651851
0.65884106
0.67288502
0.68489725
0.68489725
0.68489725
0.68471807
0.65456758
0.64456093
0.64456093
0.63035717
0.63035717
0.63035717
0.62986709
0.61664504
0.61482937
0.61482937
0.61327563
0.59301746
0.59293105
0.58713336
0.58713336
0.58451288
0.58451288
0.57808786
0.57414063
0.57414063
0.57414063
0.57414063
0.57414063
0.57414063
0.57414063
0.57414063
0.57414063
0.56937685
0.56937685
0.56834543
0.56834543
0.56834543
0.55670812
0.54986329
0.54986329
0.54986329
0.54986329
0.54986329
0.54599472
0.54277241
0.54277241
0.54277241
0.54277241
0.54277241
0.54277241
0.56922433
0.56922433
