0.92529819
0.92892102
0.9269892
0.9269892
0.9269892
0.9269892
0.91531735
0.9143872
0.91160534
0.91160534
0.91072242
0.91072242
0.91072242
0.91072242
0.89852543
0.89852543
0.89852543
0.89852543
0.90179993
0.90179993
0.90229158
0.90229158
0.90229158
0.92241481
0.92241481
0.92241481
0.92241481
0.92946001
0.92946001
0.92946001
0.92946001
0.93309397
0.93309397
0.93309397
0.93309397
0.93309397
0.93145705
0.93145705
0.93145705
0.92899535
0.92899535
0.92525887
0.92019996
0.92019996
0.90555504
0.90373022
0.90373022
0.90373022
0.89107719
0.89107719
0.86950832
0.86950832
0.86950832
0.86950832
0.8788689
0.8788689
0.8788689
0.86941742
0.76555583
0.76555583
0.76555583
0.76555583
0.76555583
0.76555583
0.76555583
0.76555583
0.76841579
0.76852791
0.76852791
0.76852791
0.76184818
0.76184818
0.75863737
0.74055223
0.74055223
0.73956419
0.73956419
0.73956419
0.73956419
0.73956419
0.72487898
0.72487898
0.72487898
0.72487898
0.72487898
0.72487898
0.73358632
0.73358632
0.73358632
0.88039842
0.88039842
0.88039842
0.87722571
0.80663539
0.7601574
0.7601574
0.7601574
0.7601574
0.7601574
0.7601574
0.91791168
0.91791168
0.91791168
0.89616543
0.89604451
0.89604451
0.88417135
0.88417135
0.88417135
0.88417135
0.88417135
0.88417135
0.88417135
0.88417135
0.88417135
0.88417135
0.88825945
0.88825945
0.88825945
0.89379345
0.89379345
0.89379345
0.76939301
0.75382317
0.75382317
0.75382317
0.77502771
0.78724402
0.78724402
0.78724402
0.78724402
0.78724402
0.78636405
0.78636405
0.77903437
0.76348964
0.76348964
0.76348964
0.76348964
0.75074562
0.75074562
0.75074562
0.72579257
0.72548704
0.72548704
0.72548704
0.72548704
0.72548704
0.72548704
0.72308598
0.72111324
0.72111324
0.72111324
0.71964207
0.71726103
0.71510736
0.70869837
0.70652914
0.69677025
0.69677025
0.68295624
0.67818708
0.67601575
0.67164799
0.65215705
0.65215705
0.65215705
0.63731808
0.62634251
0.62634251
0.62378729
0.60451509
0.60451509
0.60451509
0.60451509
0.60298785
0.60298785
0.58473643
0.58186639
0.58186639
0.57579876
0.56781471
0.56781471
0.56458044
0.5624048
0.5624048
0.5624048
0.56632611
0.56632611
0.56632611
0.57362698
0.57856954
0.57856954
0.57856954
0.57856954
0.57856954
0.57856954
0.57856954
0.57856954
0.57904615
0.57904615
0.59215393
0.59397598
0.59397598
0.61367113
0.61367113
0.62908568
0.62908568
0.6340554
0.64459444
0.6539079
0.66336071
0.66751932
0.67588258
0.68334646
0.68427854
0.69400407
0.69400407
0.7036193
0.70425849
0.70636796
0.71555072
0.71934105
0.72269595
0.73175187
0.73329904
0.73555362
0.74031387
0.74293566
0.74293566
0.74848694
0.75107623
0.75126111
0.75126111
0.75670806
0.75670806
0.76055708
0.76055708
0.77031499
0.77181736
0.82136266
0.82136266
0.82136266
0.82257287
0.82257287
0.82257287
0.82111507
0.82111507
0.82111507
0.82111507
0.82101604
0.82101604
0.81214525
0.81054592
0.81054592
0.80604171
0.80142545
0.79875969
0.79875969
0.79475012
0.79420818
0.79420818
0.78803234
0.78803234
0.77851112
0.77851112
0.77851112
0.92466525
0.92466525
0.92466525
0.9287048
0.9287048
0.9287048
0.9287048
0.9287048
0.92623727
0.92623727
0.92623727
0.92890903
0.92890903
0.93070812
0.93070812
0.93070812
0.93070812
0.93070812
0.93070812
0.92883166
0.92883166
0.9259288
0.9259288
0.9259288
0.92483737
0.92152936
0.92152936
0.92152936
0.92151793
0.92134513
0.92134513
0.9198091
0.9198091
0.9198091
0.91846827
0.91197668
0.91197668
0.91197668
0.90911008
0.90911008
0.90911008
0.90911008
0.90363518
0.89775223
0.89775223
0.89775223
0.88510107
0.8846385
0.8846385
0.8846385
0.87507978
0.87304597
0.86354464
0.8620172
0.86041341
0.85979141
0.84533519
0.84533519
0.84438563
0.84438563
0.84438563
0.84230767
0.84115458
0.83846371
0.83846371
0.83846371
0.83846371
0.83846371
0.83846371
0.75083983
0.75083983
0.75083983
0.75083983
0.75064751
0.75064751
0.74988808
0.74988808
0.74856774
0.74856774
0.74856774
0.74856774
0.74742888
0.74742888
0.74742888
0.74742888
0.74742888
0.74742888
0.74742888
0.74302259
0.73917541
0.73555569
0.73555569
0.73555569
0.73555569
0.73555569
0.73507733
0.73507733
0.7312704
0.7312704
0.7312704
0.7312704
0.73275181
0.73275181
0.73735991
0.73735991
0.73811793
0.73811793
0.73918309
0.73918309
0.74265762
0.74265762
0.74265762
0.74265762
0.74265762
0.74265762
0.74265762
0.74265762
0.74528269
0.74528269
0.74528269
0.74265624
0.73975413
0.73565602
0.73510186
0.73510186
0.73510186
0.73743695
0.73816497
0.73973423
0.73973423
0.73973423
0.73973423
0.73973423
0.73973423
0.73973423
0.73973423
0.73973423
0.73973423
0.73973423
0.73973423
0.73973423
0.74688516
0.74688516
0.74688516
0.74081796
0.74081796
0.74081796
0.74081796
0.74081796
0.74081796
0.73590361
0.73421407
0.73371233
0.7280845
0.7280845
0.7280845
0.7280845
0.7280845
0.7280845
0.7280845
0.72807211
0.72807211
0.72570946
0.72570946
0.71877697
0.71125264
0.70907059
0.7000882
0.7000882
0.69724749
0.68533435
0.66847909
0.66847909
0.66544329
0.65163874
0.64984378
0.64984378
0.64984378
0.64911745
0.64911745
0.64911745
0.64911745
0.64911745
0.64544522
0.64544522
0.64544522
0.64544522
0.64544522
0.64544522
0.64436704
0.64436704
0.63306906
0.63306906
0.63306906
0.63306906
0.63306906
0.63306906
0.63306906
0.63306906
0.63306906
0.6443725
0.6443725
0.6443725
0.64396221
0.64396221
0.62626096
0.62626096
0.62626096
0.62626096
0.62626096
0.62539793
0.62539793
0.62539793
0.62539793
0.62539793
0.61636295
0.61636295
0.61636295
0.61636295
0.6135239
0.6135239
0.6135239
0.61414049
0.61414049
0.61414049
0.61414049
0.61414049
0.61414049
0.61414049
0.59777572
0.58856113
0.58856113
0.58856113
0.58912878
0.58912878
0.58912878
0.58912878
0.58912878
0.5631336
0.5631336
0.5631336
0.55794735
0.55794735
0.55794735
0.56139954
0.57586312
0.57586312
0.57586312
0.55331524
0.55331524
0.55331524
0.55331524
0.5512667
0.5512667
0.5512667
0.5512667
0.5512667
0.5512667
0.5512667
0.5512667
0.56730268
0.57525682
0.57525682
0.57525682
0.56378487
0.56378487
0.56378487
0.56378487
0.56378487
0.57776368
0.57776368
0.57776368
0.57776368
0.57776368
0.58919998
0.58919998
0.58919998
0.58919998
0.58919998
0.58832314
0.58832314
0.58832314
0.59538073
0.60338324
0.60338324
0.60338324
0.60338324
0.61257276
0.61257276
0.62623157
0.62623157
0.62623157
0.62623157
0.62830553
0.63004338
0.63004338
0.63319806
0.64518302
0.65702139
0.65702139
0.65702139
0.6558685
0.6558685
0.6558685
0.6558685
0.6558685
0.64485768
0.64485768
0.64485768
0.64485768
0.64485768
0.64485768
0.64243525
0.64243525
0.64243525
0.63946554
0.63946554
0.63946554
0.63946554
0.63315849
0.63310374
0.63094805
0.63094805
0.62689107
0.62353619
0.62353619
0.62353619
0.62447451
0.62447451
0.62447451
0.63186325
0.63186325
0.64197889
0.64404255
0.64404255
0.64404255
0.64404255
0.6365286
0.6365286
0.6365286
0.64071914
0.64071914
0.64071914
0.63984035
0.63984035
0.63898686
0.63898686
0.63898686
0.63898686
0.6341477
0.6314617
0.6314617
0.6314617
0.6314617
0.63250037
0.63898755
0.63898755
0.63898755
0.63898755
0.63898755
0.63898755
0.63898755
0.63295967
0.62490292
0.62490292
0.62490292
0.62490292
0.62490292
0.62556696
0.62556696
0.62657187
0.62657187
0.62657187
0.62657187
0.62665969
0.62665969
0.63519696
0.63519696
0.63519696
0.63519696
0.63519696
0.63519696
0.63519696
0.63519696
0.64245475
0.64245475
0.64245475
0.64245475
0.64245475
0.6432892
0.6432892
0.6432892
0.6432892
0.6432892
0.64357181
0.64357181
0.64388451
0.64388451
0.64388451
0.64388451
0.64915547
0.64915547
0.64915547
0.64430958
0.64430958
0.64430958
0.64430958
0.64430958
0.64430958
0.65207958
0.65207958
0.65207958
0.64906604
0.64906604
0.64906604
0.6509406
0.6509406
0.6509406
0.6509406
0.6509406
0.6509406
0.6509406
0.6509406
0.6509406
0.6509406
0.75746561
0.75746561
0.75984441
0.75984441
0.75984441
0.75984441
0.75737635
0.73367937
0.73367937
0.73367937
0.72303677
0.72045863
0.71962154
0.71689806
0.71210658
0.70996657
0.70996657
0.70996657
0.70996657
0.70996657
0.70996657
0.70996657
0.70602901
0.70523853
0.70272135
0.69775699
0.69775699
0.69607205
0.6927968
0.69143071
0.69143071
0.69143071
0.69050461
0.69050461
0.69050461
0.69050461
0.69050461
0.69476099
0.69591099
0.69591099
0.69591099
0.69591099
0.70111612
0.70612678
0.70672586
0.70672586
0.70672586
0.70672586
0.70716028
0.716946
0.72017763
0.72017763
0.72330122
0.72330122
0.72330122
0.72356531
0.72871837
0.72871837
0.72871837
0.72821186
0.72556019
0.72556019
0.72556019
0.72148977
0.72148977
0.72148977
0.72148977
0.72148977
0.72383142
0.72387821
0.73116021
0.73116021
0.73346407
0.73346407
0.73346407
0.72923852
0.72923852
0.71557812
0.71557812
0.71557812
0.71557812
0.71530155
0.70915806
0.70915806
0.70375943
0.70375943
0.70375943
0.69551449
0.69551449
0.69551449
0.70179086
0.70835999
0.70916082
0.70916082
0.70916082
0.70916082
0.71113934
0.71113934
0.71113934
0.71366767
0.71366767
0.71366767
0.71366767
0.71366767
0.72132641
0.72132641
0.72132641
0.71961656
0.71961656
0.71961656
0.72262717
0.72262717
0.72674239
0.72674239
0.72674239
0.73230327
0.73230327
0.73230327
0.71958838
0.71958838
0.71958838
0.71958838
0.71958838
0.71958838
0.71958838
0.71958838
0.72006171
0.72006171
0.72006171
0.71980716
0.71980716
0.71980716
0.71980716
0.71980716
0.71980716
0.71604096
0.70117073
0.70117073
0.69640979
0.6932238
0.6932238
0.67838256
0.67838256
0.67838256
0.67838256
0.67898607
0.68423454
0.68712544
0.6938265
0.6938265
0.6938265
0.69279292
0.69279292
0.69242904
0.69242904
0.69242904
0.69877079
0.70396515
0.70396515
0.70396515
0.70396515
0.70296722
0.70296722
0.70296722
0.70411942
0.70838144
0.70838144
0.70838144
0.71106115
0.71935465
0.71956728
0.71956728
0.71956728
0.71765493
0.71765493
0.71765493
0.72318145
0.72318145
0.72318145
0.72318145
0.72318145
0.72328405
0.72645092
0.73110106
0.73110106
0.73110106
0.72808893
0.72808893
0.72808893
0.7390586
0.7390586
0.7390586
0.73554007
0.73554007
0.73554007
0.73554007
0.73554007
0.73554007
0.73554007
0.73554007
0.73554007
0.73554007
0.73554007
0.73554007
0.73804316
0.73965515
0.73965515
0.73965515
0.73965515
0.73965515
0.74037469
0.74037469
0.74498494
0.74498494
0.74498494
0.74498494
0.7516423
0.7516423
0.7516423
0.7516423
0.75013093
0.74768185
0.74585942
0.74585942
0.74585942
0.74696559
0.74696559
0.74903052
0.74903052
0.74903052
0.747572
0.747572
0.747572
0.74480979
0.74480979
0.74480979
0.74480979
0.74480979
0.74471055
0.73940048
0.73940048
0.73554902
0.73453176
0.73347632
0.73064798
0.73064798
0.73064798
0.72307148
0.72307148
0.72307148
0.72649762
0.72649762
0.72649762
0.7264244
0.7264244
0.7264244
0.7264244
0.71736596
0.71736596
0.70805121
0.70556762
0.70556762
0.70556762
0.69003407
0.69003407
0.69003407
0.69003407
0.68617895
0.68617895
0.68023035
0.67248193
0.66339165
0.66149793
0.65698884
0.65698884
0.65615566
0.65615566
0.65615566
0.65451897
0.65451897
0.65451897
0.65451897
0.65451897
0.65338361
0.65338361
0.65338361
0.65338361
0.65169114
0.65169114
0.65120941
0.65120941
0.65120941
0.65120941
0.64695429
0.64695429
0.64695429
0.64695429
0.64695429
0.64695429
0.64695429
0.64695429
0.6513758
0.6513758
0.6513758
0.64776424
0.64776424
0.64776424
0.65363011
0.65363011
0.65363011
0.65363011
0.65363011
0.65363011
0.65363011
0.65363011
0.65363011
0.65363011
0.65363011
0.65354591
0.65354591
0.6439009
0.63995077
0.63995077
0.63995077
0.63995077
0.63995077
0.62563413
0.62230502
0.62230502
0.62230502
0.62230502
0.62230502
0.62230502
0.62230502
0.62012144
0.62012144
0.61794753
0.61794753
0.60997929
0.60997929
0.60997929
0.60997929
0.60997929
0.60997929
0.62023589
0.62023589
0.62023589
0.61970937
0.59355459
0.5785275
0.56327882
0.56327882
0.56327882
0.56327882
0.56112279
0.54653636
0.54653636
0.54653636
0.56901448
0.57010348
0.57010348
0.64440505
0.65872497
0.66934718
0.66934718
0.69204477
0.69204477
0.70568638
0.70721035
0.70721035
0.70721035
0.68581602
0.68504093
0.68504093
0.68504093
0.65860345
0.65860345
0.6534574
0.6534574
0.6534574
0.65415612
0.65415612
0.7713055
0.7713055
0.7713055
0.7713055
0.82119614
0.82119614
0.82119614
0.79698893
0.79698893
0.79698893
0.79674586
0.79674586
0.79668291
0.79668291
0.79668291
0.79668291
0.79668291
0.79668291
0.80571306
0.80571306
0.81066845
0.81765484
0.81765484
0.81854401
0.83071664
0.83761839
0.83761839
0.83761839
0.82221632
0.82221632
0.82221632
0.82221632
0.82221632
0.82221632
0.82221632
0.82221632
0.81639603
0.81639603
0.71596303
0.70958768
0.69379343
0.68314462
0.68314462
0.68314462
0.66562365
0.66562365
0.66562365
0.66562365
0.66695943
0.66695943
0.66695943
0.66807167
0.67235172
0.67235172
0.67872355
0.67872355
0.67872355
0.67872355
0.67872355
0.67872355
0.67872355
0.67872355
0.67872355
0.67872355
0.68660259
0.68660259
0.68675839
0.69532065
0.69532065
0.69532065
0.68384403
0.68384403
0.68384403
0.68384403
0.68384403
0.68384403
0.68181097
0.68181097
0.68181097
0.66460188
0.6628803
0.65732052
0.65732052
0.65681326
0.65254888
0.65254888
0.63707515
0.63707515
0.63707515
0.63707515
0.63707515
0.74708846
0.74708846
0.74708846
0.74169212
0.72656643
0.72656643
0.72656643
0.72656643
0.72656643
0.72656643
0.72656643
0.72656643
0.72656643
0.72655944
0.72655944
0.72655944
0.7258326
0.7258326
0.7258326
0.7258326
0.72517253
0.72517253
0.72517253
0.72517253
0.72517253
0.72517253
0.73775448
0.73775448
0.74258748
0.74258748
0.75187592
0.75324845
0.76225801
0.7668471
0.7668471
0.7668471
0.78000653
0.78851229
0.79018147
0.79157738
0.7964145
0.80329181
0.80329181
0.80617753
0.80759976
0.80911446
0.80911446
0.81709478
0.81709478
0.81902671
0.82158691
0.82158691
0.82158691
0.82432853
0.82757749
0.828572
0.828572
0.83469981
0.8359828
0.8359828
0.83682495
0.83739016
0.84061008
0.84061008
0.84061008
0.84450954
0.84450954
0.84526928
0.84526928
0.84731707
0.84954389
0.84954389
0.85163223
0.85163223
0.85163223
0.85163223
0.85163223
0.85163223
0.85062245
0.85062245
0.85062245
0.85093705
0.85345854
0.85345854
0.85345854
0.85345854
0.85854759
0.85854759
0.85854759
0.86457544
0.86788957
0.86788957
0.86788957
0.85576278
0.85225313
0.84746401
0.8445454
0.8445454
0.83565912
0.81841406
0.80335893
0.78481429
0.78098074
0.77188411
0.76022175
0.75946564
0.75946564
0.75946564
0.75946564
0.75946564
0.75946564
0.75946564
0.75011762
0.74775109
0.74601491
0.72879852
0.72600249
0.72600249
0.72600249
0.72600249
0.73277956
0.73277956
0.73277956
0.74122432
0.74122432
0.74122432
0.74105092
0.73197683
0.73197683
0.73197683
0.72875003
0.72795156
0.72795156
0.72494443
0.72494443
0.71524711
0.71524711
0.71524711
0.71524711
0.71524711
0.71524711
0.71524711
0.71524711
0.71524711
0.71524711
0.71524711
0.71524711
0.71672711
0.71672711
0.72127568
0.72300437
0.72300437
0.72300437
0.72300437
0.72398369
0.72566797
0.72566797
0.72566797
0.72566797
0.7298696
0.7298696
0.73002629
0.73157272
0.73157272
0.73157272
0.73157272
0.73157272
0.73157272
0.73052248
0.73052248
0.73052248
0.7407698
0.74327073
0.7513443
0.76329312
0.76821064
0.77242892
0.77497615
0.77691464
0.77691464
0.77691464
0.77691464
0.77691464
0.77691464
0.77691464
0.77691464
0.77691464
0.77691464
0.77520447
0.77520447
0.76305545
0.76305545
0.76305545
0.76673682
0.76673682
0.76673682
0.77106639
0.77106639
0.77106639
0.77106639
0.77106639
0.77106639
0.77106639
0.76597602
0.76597602
0.76597602
0.76597602
0.76404645
0.76404645
0.76404645
0.76616179
0.77208083
0.77324436
0.77324436
0.77717767
0.78415917
0.78415917
0.78415917
0.78415917
0.78415917
0.78415917
0.78415917
0.78862814
0.78862814
0.78862814
0.78375393
0.78255871
0.77797292
0.777603
0.777603
0.77079396
0.76751457
0.76386658
0.76187665
0.76187665
0.76187665
0.76187665
0.76187665
0.86028541
0.86028541
0.86028541
0.87175173
0.87175173
0.87175173
0.86026247
0.83870966
0.83026091
0.83026091
0.83026091
0.8346157
0.8346157
0.8346157
0.82913919
0.82174921
0.82174921
0.82174921
0.82174921
0.82174921
0.82174921
0.82174921
0.82174921
0.8200772
0.8200772
0.8200772
0.8200772
0.8200772
0.80641353
0.80641353
0.80621989
0.80621989
0.80292675
0.80292675
0.80292675
0.79283001
0.79283001
0.79283001
0.79283001
0.79090015
0.79090015
0.79090015
0.79756216
0.79756216
0.79756216
0.79720613
0.79439118
0.79439118
0.79439118
0.79439118
0.79439118
0.79439118
0.79439118
0.79439118
0.79439118
0.79439118
0.8028391
0.8028391
0.8028391
0.8028391
0.81682574
0.81682574
0.81682574
0.81682574
0.81682574
0.81682574
0.81527853
0.81527853
0.81527853
0.81527853
0.81527853
0.81527853
0.79984776
0.79748463
0.79748463
0.79748463
0.79748463
0.79748463
0.79440099
0.77123634
0.77123634
0.77123634
0.78089594
0.78308854
0.78308854
0.78481012
0.78481435
0.78481435
0.78481435
0.78481435
0.78721699
0.78721699
0.78721699
0.78721699
0.78229291
0.78229291
0.78229291
0.78229291
0.78229291
0.78229291
0.78229291
0.78229291
0.78229291
0.78229291
0.78229291
0.78229291
0.77620548
0.77620548
0.77620548
0.77620548
0.77620548
0.77620548
0.77620548
0.77589166
0.77589166
0.77483996
0.77483996
0.77483996
0.77483996
0.77865815
0.77865815
0.77865815
0.77865815
0.77865815
0.77865815
0.77865815
0.77865815
0.77865815
0.76640222
0.76640222
0.76640222
0.77232643
0.77232643
0.77232643
0.77232643
0.77232643
0.76601441
0.76601441
0.76601441
0.76601441
0.76601441
0.77502489
0.77502489
0.78296759
0.78296759
0.78296759
0.76747747
0.76336219
0.75476951
0.75476951
0.75220684
0.72055088
0.61263315
0.61263315
0.61263315
0.61827713
0.61827713
0.61827713
0.63783391
0.63850853
0.63850853
0.63850853
0.63850853
0.63850853
0.64633615
0.65320492
0.65320492
0.66482699
0.66610215
0.68304947
0.68349516
0.68349516
0.6879468
0.6879468
0.6879468
0.69925928
0.70278258
0.70278258
0.70524713
0.70524713
0.70524713
0.70621644
0.70621644
0.70621644
0.70455459
0.69793111
0.69793111
0.69793111
0.69793111
0.69793111
0.69793111
0.7064645
0.7064645
0.7064645
0.70013608
0.70013608
0.69619619
0.6799205
0.6799205
0.66911598
0.66911598
0.66859325
0.66859325
0.66159829
0.66159829
0.66159829
0.66159829
0.67829422
0.67829422
0.67829422
0.67829422
0.67829422
0.67829422
0.67092938
0.66319277
0.66319277
0.66319277
0.66319277
0.67300549
0.67300549
0.67300549
0.65635787
0.65635787
0.65635787
0.65635787
0.66854034
0.66854034
0.66854034
0.66854034
0.66854034
0.65534065
0.64494659
0.64026899
0.61666529
0.59977813
0.59977813
0.59977813
0.59977813
0.60088847
0.60821907
0.60821907
0.60821907
0.60821907
0.60821907
0.61272074
0.62317657
0.6610299
0.69141682
0.69141682
0.69141682
0.69141682
0.69141682
0.69141682
0.71653691
0.7245304
0.7245304
0.7245304
0.72778745
0.73024565
0.73024565
0.73024565
0.73024565
0.73146566
0.73146566
0.73146566
0.73146566
0.73146566
0.72105866
0.72105866
0.72105866
0.72105866
0.72105866
0.72105866
0.72105866
0.72105866
0.72105866
0.67757808
0.67757808
0.6700547
0.6700547
0.6700547
0.66487645
0.63514434
0.63514434
0.63514434
0.63514434
0.63392547
0.63392547
0.63392547
0.63392547
0.63392547
0.72063868
0.72063868
0.72063868
0.56213242
0.55822278
0.55001172
0.55001172
0.55001172
0.55001172
0.53454782
0.53454782
0.53454782
0.51638849
0.51638849
0.51638849
0.52663117
0.52663117
0.52663117
0.52663117
0.52663117
0.52663117
0.52663117
0.52663117
0.52663117
0.50353646
0.49602487
0.47908503
0.47908503
0.47908503
0.48970897
0.48970897
0.48970897
0.50375852
0.50375852
0.50998217
0.51774072
0.5244591
0.54896781
0.54896781
0.56982707
0.58282414
0.58282414
0.58282414
0.58677473
0.59132121
0.59132121
0.59268167
0.59268167
0.59621811
0.59819596
0.59819596
0.59889675
0.59889675
0.60850502
0.60850502
0.61041892
0.62105821
0.62105821
0.62105821
0.61867823
0.61867823
0.61867823
0.62563195
0.62563195
0.62563195
0.62399744
0.62399744
0.62399744
0.63245373
0.64352011
0.64352011
0.64352011
0.65027742
0.65027742
0.65027742
0.65027742
0.65027742
0.65139621
0.65139621
0.65139621
0.64823625
0.64801419
0.64801419
0.64801419
0.64801419
0.64801419
0.64801419
0.64801419
0.65067184
0.65067184
0.65067184
0.64690581
0.64690581
0.64690581
0.64690581
0.64690581
0.64475444
0.64475444
0.64475444
0.64839533
0.64839533
0.64839533
0.64589693
0.64589693
0.64589693
0.64589693
0.64589693
0.64589693
0.64718532
0.64718532
0.64718532
0.64718532
0.64718532
0.64871452
0.64871452
0.64871452
0.64871452
0.64871452
0.64871452
0.64871452
0.64871452
0.65274229
0.65421248
0.65421248
0.65421248
0.65421248
0.65727382
0.65727382
0.65727382
0.65727382
0.65727382
0.65967686
0.65967686
0.65967686
0.65967686
0.65796149
0.65796149
0.65402068
0.65402068
0.65402068
0.65306482
0.65306482
0.65306482
0.65306482
0.65306482
0.65306482
0.65306482
0.79341206
0.79341206
0.79341206
0.79341206
0.79341206
0.67839378
0.6699973
0.6699973
0.6699973
0.68056781
0.68056781
0.75076216
0.75750323
0.75750323
0.75750323
0.75750323
0.75750323
0.7790539
0.7790539
0.7790539
0.7790539
0.7790539
0.7790539
0.77423637
0.77423637
0.77423637
0.77423637
0.77004356
0.77004356
0.77004356
0.77004356
0.77004356
0.65765144
0.65765144
0.65765144
0.66144629
0.66181937
0.66181937
0.66181937
0.66181937
0.66181937
0.66181937
0.66181937
0.66248657
0.66248657
0.6797394
0.6797394
0.6797394
0.6797394
0.6797394
0.6803823
0.6803823
0.6803823
0.6803823
0.68614919
0.68982709
0.68982709
0.68982709
0.68638899
0.68638899
0.68638899
0.68638899
0.68318474
0.68318474
0.68318474
0.68318474
0.68318474
0.68318474
0.69992398
0.69992398
0.7018679
0.7018679
0.7018679
0.69975664
0.69975664
0.69975664
0.69975664
0.69975664
0.69975664
0.69975664
0.69975664
0.69975664
0.69975664
0.70505553
0.70505553
0.70505553
0.70505553
0.71105695
0.71105695
0.71105695
0.71105695
0.71105695
0.71105695
0.71040522
0.69706474
0.69706474
0.68702703
0.68702703
0.68220165
0.68220165
0.68220165
0.68220165
0.69139951
0.69139951
0.69139951
0.68275086
0.67392598
0.67392598
0.67392598
0.66193072
0.65582634
0.64868065
0.64868065
0.64868065
0.64868065
0.64868065
0.64868065
0.65146638
0.65146638
0.65146638
0.65146638
0.65146638
0.64242116
0.63215869
0.63215869
0.63215869
0.63215869
0.61123364
0.61123364
0.60720293
0.58762724
0.58762724
0.5688734
0.56702598
0.56702598
0.56702598
0.5685098
0.5685098
0.57673702
0.57673702
0.57673702
0.61356496
0.61356496
0.61356496
0.61356496
0.61356496
0.64473633
0.64577316
0.65879025
0.67660241
0.67834187
0.69094211
0.69831912
0.70209631
0.71590787
0.72197788
0.72197788
0.72197788
0.7318721
0.7318721
0.74156977
0.74156977
0.74321853
0.74321853
0.743696
0.74564266
0.74564266
0.75858964
0.76111587
0.76111587
0.76111587
0.76104389
0.76104389
0.76045865
0.76045865
0.76045865
0.76383003
0.77221975
0.77221975
0.77221975
0.77221975
0.77221975
0.78315011
0.78315011
0.78627272
0.78787812
0.78787812
0.78787812
0.78885112
0.78913342
0.78913342
0.79290888
0.79674131
0.79674131
0.79674131
0.79255694
0.79255694
0.79255694
0.79255694
0.79255694
0.78673892
0.78673892
0.7729518
0.74719357
0.73894429
0.73894429
0.73894429
0.74962931
0.75157688
0.75157688
0.76851094
0.76851094
0.76851094
0.75845172
0.75829465
0.75829465
0.75829465
0.76401091
0.76401091
0.76401091
0.76401091
0.76401091
0.76401091
0.76401091
0.76401091
0.75658193
0.74686322
0.74686322
0.74686322
0.7495743
0.7495743
0.7495743
0.74189362
0.74189362
0.72702725
0.72702725
0.72702725
0.72606886
0.72606886
0.72606886
0.73627327
0.73627327
0.73627327
0.7389097
0.7389097
0.74877916
0.76566045
0.76851258
0.7754106
0.77982836
0.79138391
0.79449951
0.8046353
0.8046353
0.80923084
0.81303377
0.81807128
0.81959884
0.81959884
0.81959884
0.81959884
0.81209717
0.79934355
0.79934355
0.79291331
0.79291331
0.79291331
0.79291331
0.80714702
0.80714702
0.80714702
0.80714702
0.82170098
0.8322863
0.8322863
0.8322863
0.83106729
0.83106729
0.83106729
0.85297239
0.85410737
0.85410737
0.85410737
0.71926603
0.71926603
0.71926603
0.74554719
0.74554719
0.74554719
0.74554719
0.74554719
0.74554719
0.74554719
0.74554719
0.74554719
0.7417964
0.73670001
0.73670001
0.73670001
0.744692
0.744692
0.87340142
0.87340142
0.881147
0.88330872
0.88330872
0.88330872
0.88330872
0.88330872
0.88330872
0.88281423
0.88281423
0.88281423
0.87974171
0.87584835
0.87584835
0.87301428
0.87301428
0.87301428
0.86729621
0.85692924
0.85692924
0.85692924
0.85692924
0.85692924
0.85692924
0.85692924
0.86272662
0.86272662
0.86272662
0.85515766
0.85515766
0.85515766
0.85515766
0.85515766
0.85515766
0.85514239
0.85514239
0.85514239
0.85514239
0.85514239
0.85514239
0.84919919
0.84919919
0.84919919
0.85875823
0.85875823
0.85875823
0.85875823
0.85875823
0.85875823
0.85875823
0.85831414
0.85831414
0.85831414
0.85831414
0.85831414
0.85831414
0.85831414
0.85831414
0.85831414
0.85831414
0.85831414
0.85589457
0.85589457
0.85589457
0.85589457
0.85589457
0.85589457
0.85589457
0.85589457
0.85589457
0.85589457
0.85589457
0.85589457
0.85723294
0.85723294
0.85723294
0.86100075
0.86100075
0.86100075
0.86100075
0.86100075
0.86100075
0.86100075
0.86100075
0.86100075
0.85810543
0.85810543
0.85810543
0.84582079
0.84582079
0.84582079
0.84582079
0.84582079
0.84582079
0.84582079
0.85504502
0.85504502
0.87061621
0.87061621
0.87061621
0.87061621
0.87689953
0.87689953
0.87689953
0.87075136
0.87075136
0.87075136
0.87034794
0.87034794
0.87034794
0.87034794
0.87034794
0.87034794
0.87034794
0.87034794
0.87034794
0.86085594
0.84995701
0.84995701
0.84995701
0.84995701
0.84995701
0.84995701
0.84995701
0.84995701
0.84995701
0.83917158
0.83917158
0.83435243
0.83435243
0.82260916
0.81027351
0.81027351
0.81027351
0.8140947
0.81546942
0.81546942
0.81546942
0.80385969
0.79083467
0.79083467
0.79083467
0.79083467
0.78206511
0.78206511
0.78206511
0.77377661
0.77377661
0.77377661
0.76513231
0.75055997
0.75055997
0.75055997
0.77844723
0.77844723
0.77844723
0.77844723
0.77844723
0.77844723
0.80933773
0.8101523
0.8101523
0.81557205
0.8242162
0.83003112
0.8303925
0.83810414
0.85816476
0.85816476
0.85816476
0.85816476
0.86390131
0.86390131
0.86390131
0.86390131
0.86390131
0.86390131
0.86390131
0.86390131
0.86082117
0.84962847
0.84962847
0.84962847
0.84962847
0.84962847
0.84962847
0.82755693
0.82755693
0.82755693
0.82755693
0.79401508
0.78610386
0.78610386
0.78610386
0.82549577
0.82549577
0.82549577
0.82549577
0.84451647
0.84578563
0.84578563
0.84949176
0.87894588
0.87894588
0.87894588
0.87841337
0.87841337
0.86228437
0.86228437
0.86228437
0.86228437
0.86228437
0.86228437
0.86497958
0.86497958
0.86497958
0.8801669
0.8801669
0.8801669
0.8801669
0.8801669
0.8801669
0.8801669
0.8801669
0.88707444
0.88707444
0.88707444
0.88513382
0.88513382
0.88513382
0.87804069
0.87804069
0.87804069
0.88325771
0.88325771
0.88325771
0.88325771
0.88633684
0.90009572
0.90019096
0.90637338
0.90637338
0.90637338
0.90083447
0.90083447
0.90083447
0.90083447
0.8961129
0.89584083
0.89577357
0.89577357
0.89577357
0.89577357
0.89577357
0.89808037
0.89808037
0.90042012
0.90042012
0.90303533
0.90303533
0.904158
0.904158
0.904158
0.904158
0.89570824
0.89570824
0.87216476
0.85280514
0.84009603
0.81847887
0.76854913
0.76854913
0.76854913
0.76854913
0.64538633
0.62037145
0.62037145
0.62037145
0.70361823
0.70361823
0.70361823
0.61341727
0.61341727
0.61341727
0.61341727
0.61341727
0.61341727
0.61341727
0.66479771
0.66479771
0.66479771
0.64983653
0.64983653
0.64632879
0.64632879
0.62920065
0.56635142
0.49980183
0.49980183
0.49980183
0.49980183
0.49980183
0.49980183
0.6350407
0.6350407
0.6350407
0.62858406
0.62858406
0.62858406
0.62858406
0.64782302
0.65627827
0.65627827
0.65627827
0.65850844
0.65850844
0.66449543
0.73802021
0.76339337
0.76339337
0.76339337
0.76339337
0.76339337
0.76530948
0.80340327
0.80340327
0.80340327
0.80334127
0.79054158
0.79054158
0.79054158
0.82428493
0.82428493
0.82428493
0.82428493
0.82428493
0.82428493
0.82428493
0.83564543
0.83564543
0.83564543
0.82596985
0.82596985
0.82367671
0.82367671
0.82367671
0.8115789
0.80090312
0.79613341
0.79613341
0.77175761
0.77175761
0.77175761
0.77601577
0.77601577
0.77601577
0.77601577
0.77985361
0.7802011
0.7802011
0.7802011
0.79731049
0.79731049
0.79731049
0.79378839
0.78450666
0.77036209
0.77036209
0.77036209
0.78662366
0.78662366
0.78662366
0.77762696
0.77750799
0.77750799
0.77750799
0.77750799
0.77750799
0.77750799
0.77750799
0.77750799
0.77750799
0.77750799
0.77750799
0.77750799
0.77750799
0.77360977
0.76916244
0.76916244
0.76916244
0.76916244
0.76916244
0.80178663
0.83109337
0.83109337
0.83109337
0.83109337
0.83109337
0.83109337
0.82532973
0.82532973
0.82532973
0.82293652
0.82105083
0.82105083
0.82105083
0.82105083
0.82105083
0.82105083
0.82105083
0.82105083
0.82105083
0.82105083
0.63406529
0.63406529
0.62413098
0.62413098
0.62413098
0.62413098
0.66246081
0.69076825
0.69266883
0.71222239
0.71222239
0.71222239
0.70775485
0.70775485
0.70775485
0.70787257
0.72005685
0.72353929
0.72444655
0.72444655
0.72444655
0.72837563
0.73088789
0.74194624
0.74194624
0.74194624
0.74138049
0.73727732
0.73727732
0.73727732
0.73727732
0.7382672
0.7382672
0.7382672
0.7382672
0.7382672
0.7382672
0.7351508
0.7351508
0.7351508
0.73288366
0.73288366
0.73288366
0.72793537
0.72793537
0.72793537
0.72694299
0.72694299
0.72694299
0.72587838
0.71343627
0.71343627
0.71343627
0.71343627
0.71039809
0.71039809
0.71039809
0.71039809
0.70898742
0.70898742
0.70898742
0.71349448
0.72080494
0.72080494
0.72798682
0.74352163
0.74898315
0.74898315
0.75039293
0.75039293
0.75272638
0.75272638
0.75514711
0.75616649
0.75620928
0.75620928
0.75620928
0.77156943
0.77156943
0.77156943
0.78078914
0.78078914
0.78078914
0.77230035
0.76888362
0.75823323
0.74755869
0.74755869
0.74697324
0.74697324
0.73285116
0.71956003
0.70887743
0.70742438
0.69634325
0.69634325
0.6780077
0.66162348
0.65366134
0.62570579
0.62026678
0.60429378
0.59827688
0.59827688
0.57854706
0.57854706
0.57854706
0.59877575
0.63489617
0.636697
0.64381647
0.6632531
0.676445
0.69571846
0.69942626
0.70463252
0.71259604
0.71259604
0.71259604
0.7249233
0.73733107
0.73733107
0.73733107
0.74405209
0.74405209
0.74405209
0.74405209
0.74405209
0.74684386
0.74684386
0.74684386
0.76569254
0.77364111
0.77397851
0.78199448
0.78199448
0.78199448
0.78122888
0.77474107
0.77474107
0.77474107
0.78908614
0.78908614
0.81060473
0.81085465
0.82261396
0.82281865
0.83349127
0.83349127
0.84219135
0.84219135
0.84796115
0.84819641
0.84819641
0.85114743
0.85114743
0.85114743
0.85114743
0.85114743
0.84951436
0.84648877
0.84648877
0.8427703
0.84197698
0.84197698
0.84197698
0.85055465
0.85307401
0.85494486
0.85494486
0.85494486
0.98548732
0.98901457
0.99103575
0.99131907
0.99131907
0.99289067
0.99289067
0.99289067
0.98960712
0.98620566
0.98620566
0.98406257
0.98406257
0.97445989
0.96965166
0.96458028
0.96051597
0.95945822
0.95945822
0.95782735
0.94796515
0.94796515
0.94457373
0.94457373
0.94172021
0.94123417
0.93730585
0.93730585
0.92959413
0.81583301
0.81042667
0.80059963
0.79499886
0.78416299
0.77050616
0.76338011
0.75700376
0.75355494
0.74636199
0.73639482
0.73434666
0.71830703
0.70681314
0.70681314
0.68975462
0.67937025
0.66609956
0.59886989
0.57744937
0.54926228
0.54868721
0.53669902
0.51962242
0.51808568
0.50002947
0.48539789
0.48526607
0.48526607
0.48526607
0.48526607
0.48526607
0.48526607
0.4751253
0.4751253
0.46833503
0.46833503
0.46833503
0.46938153
0.46938153
0.51189119
0.51189119
0.51189119
0.51189119
0.52563218
0.52669168
0.5386989
0.54200518
0.55833441
0.55833441
0.56381449
0.58853122
0.59107109
0.59387729
0.59387729
0.60260941
0.60581734
0.60581734
0.62262623
0.62293536
0.63804343
0.63804343
0.63804343
0.64039241
0.64039241
0.64423217
0.65562223
0.66567167
0.66567167
0.66567167
0.66567167
0.67393849
0.68568688
0.68568688
0.68568688
0.6980608
0.6980608
0.6980608
0.6980608
0.6980608
0.6980608
0.70218887
0.70218887
0.70732209
0.71020134
0.71020134
0.71020134
0.71020134
0.71020134
0.71020134
0.71020134
0.71020134
0.71020134
0.71020134
0.71020134
0.71338897
0.71823949
0.71823949
0.71823949
0.71823949
0.71823949
0.71982007
0.73165692
0.73165692
0.74378509
0.74423536
0.74423536
0.74423536
0.74423536
0.75027201
0.75027201
0.75027201
0.75027201
0.76743569
0.76743569
0.76743569
0.76743569
0.76743569
0.76743569
0.74219372
0.74219372
0.74219372
0.73202321
0.73202321
0.73202321
0.73943088
0.73943088
0.7526161
0.75827245
0.75827245
0.78115828
0.78115828
0.78273996
0.79796409
0.79796409
0.79796409
0.80727401
0.81726335
0.81726335
0.81726335
0.84220007
0.84337303
0.85912093
0.86051032
0.86822699
0.86822699
0.86822699
0.87794844
0.88362947
0.88976697
0.89218848
0.89218848
0.89218848
0.8885871
0.8885871
0.8885871
0.89612288
0.89612288
0.89612288
0.89445763
0.89445763
0.89445763
0.89445763
0.89445763
0.89007575
0.89007575
0.8785644
0.8785644
0.8785644
0.8899249
0.8899249
0.8899249
0.8899249
0.8899249
0.8899249
0.8899249
0.68526123
0.68526123
0.68526123
0.70517857
0.71549511
0.71549511
0.71549511
0.70362876
0.70362876
0.70362876
0.71241396
0.71241396
0.71241396
0.70531356
0.70531356
0.70531356
0.71425249
0.71999149
0.71999149
0.71999149
0.70614291
0.70614291
0.70614291
0.72002893
0.72751944
0.72751944
0.72751944
0.70487235
0.70487235
0.70487235
0.71579834
0.72102579
0.72102579
0.72102579
0.70880192
0.70880192
0.70880192
0.7095545
0.71335987
0.71335987
0.71335987
0.71151633
0.71151633
0.71151633
0.71949691
0.71949691
0.71949691
0.71352841
0.71352841
0.71352841
0.7254577
0.7254577
0.7254577
0.7254577
0.7254577
0.7254577
0.7254577
0.7254577
0.91103083
0.91103083
0.91103083
0.91103083
0.92972326
0.92972326
0.92972326
0.93356186
0.93356186
0.93356186
0.93356186
0.94003428
0.94003428
0.94003428
0.94803453
0.94803453
0.94803453
0.94803453
0.94803453
0.94803453
0.94803453
0.94803453
0.94803453
0.94855006
0.94855006
0.94855006
0.94840836
0.94840836
0.94840836
0.94491893
0.94491893
0.94088599
0.94088599
0.93744854
0.92939555
0.92939555
0.92939555
0.92939555
0.92739206
0.92339985
0.92224763
0.92224763
0.91807951
0.91807951
0.90545859
0.90545859
0.90279176
0.90096652
0.90057175
0.90057175
0.90057175
0.88652597
0.88652597
0.88652597
0.88652597
0.87945616
0.87606408
0.87320527
0.87320527
0.86864885
0.86864885
0.86864885
0.86864885
0.86788042
0.85947069
0.85947069
0.85137127
0.85137127
0.84227636
0.83226433
0.83158657
0.83158657
0.83158657
0.81457933
0.81403828
0.81403828
0.80730167
0.80438895
0.80438895
0.79612544
0.78642703
0.77813235
0.77813235
0.77244836
0.77244836
0.77244836
0.77244836
0.77168307
0.77168307
0.77168307
0.76963057
0.76008907
0.76008907
0.75076854
0.74423734
0.74423734
0.74423734
0.74423734
0.73084234
0.73084234
0.73084234
0.73084234
0.72312393
0.72233935
0.72233935
0.70485679
0.69964366
0.69964366
0.69931463
0.69931463
0.69868493
0.69719397
0.69639458
0.68627621
0.68627621
0.68569576
0.68569576
0.68262209
0.68157916
0.68157916
0.68157916
0.68157916
0.68157916
0.68157916
0.68410054
0.68410054
0.68410054
0.68410054
0.68920908
0.68920908
0.68920908
0.68920908
0.6953216
0.6953216
0.6953216
0.6953216
0.6953216
0.70424745
0.70692819
0.70722116
0.70722116
0.71024065
0.71024065
0.71024065
0.71024065
0.71024065
0.712096
0.71533858
0.71533858
0.71533858
0.71533858
0.71533858
0.71533858
0.71533858
0.71533858
0.71533858
0.71533858
0.71533858
0.71533858
0.71570577
0.71570577
0.71570577
0.71570577
0.71570577
0.71815782
0.72373883
0.72840108
0.72840108
0.72840108
0.72840108
0.7288977
0.7288977
0.72904504
0.72904504
0.72904504
0.72904504
0.72904504
0.72904504
0.72904504
0.72904504
0.73473444
0.73651364
0.73651364
0.73651364
0.73651364
0.73651364
0.74170811
0.74170811
0.74170811
0.74170811
0.74170811
0.74340614
0.74340614
0.74340614
0.74340614
0.74340614
0.74551015
0.74567489
0.74698937
0.74698937
0.74698937
0.74698937
0.74734661
0.74734661
0.74734661
0.74734661
0.74734661
0.74825795
0.74981358
0.75145941
0.75790391
0.76079987
0.76567405
0.76567405
0.76567405
0.75890529
0.75890529
0.75890529
0.75908772
0.75908772
0.75908772
0.76468728
0.76468728
0.76732659
0.77395248
0.77395248
0.77395248
0.77233638
0.76694186
0.76694186
0.76345617
0.76341257
0.76341257
0.76341257
0.76394675
0.76394675
0.76394675
0.76162279
0.75783812
0.75783812
0.75522035
0.75522035
0.75522035
0.76043817
0.76145407
0.76208783
0.76553832
0.76553832
0.76553832
0.76553832
0.76464029
0.76464029
0.76464029
0.76464029
0.76464029
0.76304565
0.76304565
0.76304565
0.76560507
0.76560507
0.76560507
0.76354244
0.76354244
0.76354244
0.75909031
0.75909031
0.75909031
0.76454382
0.76454382
0.76454382
0.76197931
0.76197931
0.76098
0.76098
0.76098
0.95698635
0.95698635
0.95842518
0.95842518
0.95842518
0.95842518
0.95426573
0.95293008
0.95293008
0.95293008
0.95193994
0.95086654
0.95059145
0.95059145
0.95059145
0.82466198
0.82466198
0.82466198
0.94191927
0.94191927
0.94191927
0.94191927
0.9423793
0.9423793
0.9423793
0.82010421
0.81267351
0.81267351
0.81267351
0.81267351
0.80984424
0.80830753
0.80830753
0.80830753
0.80830753
0.80901163
0.80901163
0.80901163
0.80901163
0.80901163
0.81050675
0.81050675
0.81050675
0.80817083
0.80817083
0.80817083
0.80817083
0.80817083
0.81191713
0.81247296
0.81247296
0.81247296
0.81247296
0.81247296
0.81247296
0.81247296
0.80549066
0.80172736
0.80172736
0.80153438
0.80153438
0.80153438
0.80454294
0.80454294
0.80454294
0.80454294
0.80483056
0.80483056
0.80558803
0.80625327
0.80625327
0.80625327
0.80625327
0.80625327
0.80815843
0.80815843
0.80843852
0.81099932
0.81099932
0.81099932
0.80962399
0.80746529
0.80746529
0.80746529
0.80746529
0.80496937
0.80496937
0.80496937
0.81209614
0.81662913
0.81662913
0.81662913
0.8139039
0.81189536
0.81048697
0.81048697
0.80701787
0.80701787
0.80701787
0.91831887
0.91831887
0.91831887
0.91050143
0.91050143
0.89866312
0.89866312
0.89866312
0.88444034
0.87958482
0.87388093
0.86356851
0.86356851
0.86356851
0.86356851
0.86253452
0.83926227
0.83806693
0.83806693
0.83806693
0.84241002
0.85707006
0.85707006
0.85707006
0.85187234
0.85187234
0.85187234
0.85187234
0.85187234
0.85779814
0.85779814
0.86240506
0.86240506
0.86240506
0.83828982
0.83828982
0.83828982
0.83282065
0.83109406
0.83109406
0.82031459
0.80781989
0.80781989
0.80571499
0.80571499
0.79740446
0.79740446
0.78872511
0.75340857
0.75340857
0.75340857
0.75340857
0.73835741
0.73835741
0.70738622
0.69630052
0.69630052
0.68978102
0.67641328
0.67641328
0.65941489
0.64020233
0.60933492
0.56767777
0.56767777
0.54922725
0.5483767
0.5483767
0.5483767
0.5483767
0.58748455
0.58748455
0.58748455
0.58748455
0.577321
0.577321
0.577321
0.577321
0.577321
0.577321
0.577321
0.577321
0.577321
0.577321
0.54397619
0.54397619
0.54397619
0.54397619
0.54397619
0.54397619
0.58568717
0.71402566
0.7299356
0.7299356
0.7299356
0.7299356
0.7299356
0.74589931
0.74589931
0.74589931
0.71303268
0.71303268
0.71303268
0.71303268
0.71303268
0.71352447
0.71352447
0.71352447
0.68870165
0.68870165
0.68870165
0.69060931
0.76963453
0.77146884
0.77402265
0.77402265
0.77402265
0.77402265
0.76481927
0.7514249
0.7514249
0.7514249
0.7514249
0.74699388
0.74699388
0.74699388
0.74699388
0.74586647
0.74586647
0.7448051
0.7448051
0.7448051
0.74435216
0.74435216
0.74435216
0.74435216
0.74435216
0.74255634
0.74255634
0.74255634
0.74138461
0.74138461
0.73761239
0.73726021
0.73726021
0.73133956
0.73133956
0.73133956
0.73330525
0.73330525
0.73330525
0.73330525
0.73313277
0.73313277
0.73313277
0.73930222
0.73930222
0.73930222
0.73930222
0.73930222
0.73809762
0.72059781
0.72059781
0.72059781
0.72059781
0.72227818
0.72627136
0.72627136
0.72627136
0.73277073
0.73496046
0.73612978
0.73612978
0.73612978
0.73612978
0.74263717
0.74276154
0.74276154
0.74276154
0.7490036
0.7521868
0.77427306
0.79009371
0.79009371
0.79009371
0.79009371
0.78417251
0.7795894
0.77362095
0.77362095
0.76961121
0.76102123
0.76102123
0.74969113
0.74969113
0.74480113
0.74480113
0.74001414
0.73899329
0.73899329
0.73899329
0.73777501
0.73777501
0.73777501
0.72978399
0.72960691
0.71860377
0.71860377
0.70695275
0.70695275
0.70695275
0.70695275
0.70445929
0.69768893
0.69578334
0.6955423
0.69524761
0.68099786
0.68099786
0.68099786
0.68099786
0.67774872
0.67774872
0.67774872
0.67774872
0.67428385
0.67428385
0.67428385
0.67242513
0.66056341
0.66056341
0.66056341
0.66056341
0.66056341
0.66056341
0.66056341
0.66056341
0.65720307
0.65585303
0.65585303
0.65585303
0.66354003
0.6690729
0.6690729
0.6690729
0.6690729
0.66927506
0.66927506
0.66927506
0.66606155
0.66527604
0.66527604
0.6652294
0.6652294
0.6652294
0.6652294
0.66278961
0.65757507
0.65757507
0.65757507
0.65868327
0.65918749
0.65918749
0.66123758
0.66123758
0.66123758
0.66064537
0.66064537
0.66064537
0.66064537
0.66064537
0.66064537
0.66064537
0.66064537
0.67965273
0.67965273
0.67965273
0.67978633
0.67978633
0.67978633
0.68622258
0.68622258
0.68622258
0.66808967
0.66105975
0.52690459
0.5234126
0.49086854
0.48210519
0.47261051
0.45577678
0.44248846
0.44248846
0.41007627
0.38700825
0.38700825
0.38184299
0.36194931
0.34503737
0.34503737
0.34503737
0.35014948
0.35729
0.35729
0.44231334
0.79548329
0.79548329
0.79548329
0.79233689
0.78479537
0.69486322
0.39971103
0.35366746
0.35366746
0.35366746
0.35366746
0.34447725
0.34447725
0.34231254
0.34231254
0.34231254
0.34231254
0.34231254
0.31598137
0.31598137
0.30907666
0.30907666
0.30907666
0.32053027
0.32689258
0.33915246
0.33915246
0.33915246
0.33915246
0.33915246
0.34836504
0.37153963
0.37153963
0.37187798
0.45954022
0.45954022
0.45954022
0.45954022
0.45954022
0.46861063
0.46861063
0.47524556
0.50966085
0.51078045
0.53884303
0.55628495
0.55628495
0.55628495
0.59935961
0.59948488
0.60650036
0.66362319
0.66362319
0.66362319
0.66362319
0.68931451
0.68931451
0.70637834
0.72434139
0.72434139
0.7325764
0.7325764
0.73722706
0.74500358
0.74500358
0.74500358
0.74384266
0.73829587
0.73829587
0.73829587
0.73829587
0.77063525
0.77063525
0.77063525
0.76828572
0.76001255
0.76001255
0.76001255
0.78096794
0.78096794
0.78096794
0.78096794
0.75937439
0.75937439
0.75937439
0.78655551
0.78655551
0.78655551
0.80932404
0.80932404
0.80932404
0.79816946
0.78876781
0.76331127
0.69547924
0.65946556
0.65923856
0.65923856
0.65923856
0.65923856
0.77701557
0.78404242
0.78404242
0.78404242
0.77957145
0.7743949
0.75905284
0.74356022
0.70306764
0.6720293
0.66189799
0.64098714
0.62009654
0.6086653
0.36359308
0.34774448
0.34106164
0.31989619
0.31989619
0.31989619
0.31340832
0.31340832
0.31340832
0.25386215
0.25386215
0.25386215
0.25386215
0.25386215
0.19536868
0.17671445
0.17671445
0.16135666
0.12672978
0.12672978
0.12672978
0.04780138
0.04780138
0.04780138
0.04780138
0.04780138
0.04780138
0.04780138
0.04780138
0.04780138
0.18990373
0.7674059
0.7674059
0.7674059
0.76983686
0.77431329
0.77686121
0.77686121
0.78243934
0.78350488
0.78350488
0.79025609
0.79025609
0.79708823
0.80891863
0.81091368
0.81091368
0.81091368
0.81367891
0.81367891
0.81367891
0.81367891
0.81367891
0.81230031
0.79952121
0.79383291
0.77987805
0.77987805
0.76999321
0.76999321
0.76322531
0.76322531
0.75036716
0.72213406
0.72213406
0.72213406
0.72213406
0.72213406
0.72200483
0.70055072
0.70055072
0.70055072
0.70822159
0.75571266
0.75571266
0.75942564
0.75942564
0.75942564
0.75942564
0.75942564
0.76499244
0.76499244
0.76499244
0.75855565
0.7413683
0.7413683
0.7413683
0.74189373
0.74189373
0.7450074
0.75195707
0.75195707
0.75195707
0.75160782
0.73003236
0.73003236
0.73003236
0.73037775
0.74140712
0.74616884
0.74665206
0.74665206
0.74665206
0.74665206
0.74665206
0.75338691
0.75338691
0.75338691
0.75338691
0.75338691
0.75100365
0.72087968
0.72087968
0.72087968
0.72087968
0.79620331
0.79620331
0.79620331
0.77073903
0.77073903
0.77073903
0.80987682
0.83416563
0.83416563
0.83416563
0.83163071
0.8312086
0.8312086
0.8312086
0.82138328
0.82138328
0.82138328
0.80714201
0.80714201
0.80714201
0.80714201
0.7740891
0.77396525
0.77396525
0.77396525
0.77543032
0.77543032
0.77543032
0.76251771
0.76188522
0.75999182
0.75999182
0.75999182
0.75999182
0.75928045
0.75490334
0.74231841
0.74231841
0.73729938
0.73364435
0.73364435
0.73364435
0.73364435
0.73364435
0.73073108
0.73029887
0.73029887
0.73029887
0.73029887
0.73029887
0.73029887
0.73029887
0.73029887
0.73027141
0.73027141
0.72587519
0.70810006
0.70810006
0.70810006
0.70810006
0.70810006
0.72177084
0.72177084
0.72177084
0.69837522
0.68818712
0.68818712
0.68818712
0.68818712
0.68818712
0.69880941
0.69880941
0.69880941
0.69880941
0.70588871
0.70588871
0.70588871
0.6944112
0.6944112
0.6944112
0.6944112
0.6944112
0.6944112
0.6944112
0.69270211
0.68918732
0.68918732
0.68000119
0.68000119
0.68000119
0.70614665
0.70614665
0.70614665
0.69191019
0.68508717
0.68508717
0.68508717
0.68650378
0.68650378
0.68650378
0.68650378
0.69038915
0.69038915
0.69225149
0.69225149
0.69225149
0.69225149
0.69225149
0.69225149
0.69225149
0.69225149
0.69225149
0.69225149
0.69225149
0.69225149
0.69225149
0.69225149
0.69225149
0.52154638
0.52154638
0.52154638
0.52399325
0.54391735
0.62607968
0.64679498
0.64679498
0.64679498
0.66524102
0.66524102
0.66524102
0.66277109
0.66277109
0.66277109
0.73038373
0.73038373
0.73038373
0.73038373
0.73038373
0.70395037
0.68180455
0.6722038
0.6722038
0.6722038
0.64931041
0.64931041
0.60417519
0.5851645
0.52528895
0.52528895
0.52528895
0.49068358
0.49068358
0.49068358
0.50409249
0.66798891
0.66798891
0.67030384
0.67030384
0.6920592
0.6920592
0.6920592
0.45195956
0.45195956
0.45195956
0.43043339
0.43043339
0.43043339
0.43043339
0.43043339
0.53898238
0.53898238
0.53898238
0.53647955
0.53647955
0.4655118
0.4655118
0.44379802
0.38537725
0.38537725
0.35040179
0.29720556
0.29720556
0.29720556
0.29720556
0.23868782
0.23868782
0.23868782
0.23868782
0.23868782
0.19466818
0.19466818
0.19466818
0.49665383
0.49665383
0.49665383
0.49665383
0.49665383
0.49665383
0.42820162
0.42820162
0.39571449
0.39571449
0.39571449
0.39571449
0.36958904
0.3561685
0.3561685
0.3561685
0.53476603
0.53476603
0.53476603
0.53476603
0.53476603
0.53476603
0.53476603
0.49136711
0.49136711
0.49136711
0.91720731
0.91720731
0.92111392
0.92111392
0.92869836
0.92869836
0.92869836
0.91681158
0.91681158
0.91681158
0.91681158
0.91710709
0.91710709
0.91710709
0.91462799
0.91462799
0.89266741
0.89266741
0.89266741
0.89266741
0.87160114
0.86369915
0.86369915
0.83156308
0.83156308
0.81828376
0.81828376
0.81062161
0.81062161
0.81062161
0.80379499
0.80379499
0.80379499
0.80379499
0.80379499
0.80081395
0.80081395
0.80081395
0.80081395
0.7852358
0.78137792
0.7739974
0.75499522
0.73944232
0.73214106
0.712771
0.712771
0.712771
0.73833219
0.73833219
0.73833219
0.73833219
0.73833219
0.72589132
0.66760208
0.66760208
0.66760208
0.66760208
0.66760208
0.66760208
0.66760208
0.66760208
0.66760208
0.69231231
0.70410663
0.91441499
0.91441499
0.91441499
0.91441499
0.89902176
0.89902176
0.89902176
0.90532665
0.93315628
0.93315628
0.94412799
0.94412799
0.94412799
0.94082012
0.94082012
0.94082012
0.94267553
0.94267553
0.94267553
0.94267553
0.94267553
0.94267553
0.94267553
0.94267553
0.94267553
0.93905646
0.92572892
0.9223675
0.9223675
0.9223675
0.9223675
0.93550896
0.93550896
0.93896549
0.93896549
0.93896549
0.92246362
0.92246362
0.92246362
0.92246362
0.92246362
0.92246362
0.92246362
0.92246362
0.9276025
0.9276025
0.9276025
0.93048419
0.93048419
0.93048419
0.93048419
0.93048419
0.93048419
0.93048419
0.93048419
0.94813588
0.94813588
0.94813588
0.99082501
0.99318704
0.99318704
0.99318704
0.99318704
0.99318704
0.99318704
0.99333893
0.99333893
0.99333893
0.99333893
0.99321377
0.99321377
0.99321377
0.99169642
0.99169642
0.99078424
0.99078424
0.98867847
0.98867847
0.98565964
0.98565964
0.98565964
0.98565964
0.98733374
0.98733374
0.98733374
0.98587364
0.98587364
0.98399507
0.98399507
0.98113316
0.98053853
0.97953234
0.97953234
0.97953234
0.97953234
0.96585411
0.96242579
0.95611999
0.95611999
0.95611999
0.95611999
0.95502132
0.92501552
0.91739017
0.9156373
0.9156373
0.9156373
0.93312553
0.93312553
0.93312553
0.93312553
0.93312553
0.93312553
0.93312553
0.94602312
0.94602312
0.94602312
0.94602312
0.94773283
0.94773283
0.94881129
0.95432701
0.95432701
0.95432701
0.95432701
0.95432701
0.95432701
0.95432701
0.95432701
0.95432701
0.95001414
0.95001414
0.94430522
0.94430522
0.94430522
0.94430522
0.94430522
0.94430522
0.94430522
0.92838316
0.92410793
0.91978858
0.91978858
0.91978858
0.92164668
0.92192248
0.92192248
0.92192248
0.92192248
0.92192248
0.92192248
0.92192248
0.92192248
0.92192248
0.92192248
0.92189051
0.91810251
0.91810251
0.91810251
0.9173237
0.91576467
0.91576467
0.9143628
0.9143628
0.9143628
0.90384263
0.89271431
0.89271431
0.88509742
0.88509742
0.88509742
0.88509742
0.87544294
0.87544294
0.87303021
0.86848264
0.86848264
0.86848264
0.95579328
0.95579328
0.95579328
0.96112627
0.96112627
0.96112627
0.95782287
0.95155311
0.94484811
0.94484811
0.94484811
0.94484811
0.94255258
0.94153177
0.9370181
0.93321359
0.93189991
0.91768906
0.89882421
0.89882421
0.89882421
0.91612063
0.94937073
0.94937073
0.95397964
0.95397964
0.95397964
0.95397964
0.95397964
0.95397964
0.94635449
0.94635449
0.94635449
0.94635449
0.95442092
0.95535788
0.95684118
0.95918374
0.97007378
0.97007378
0.97007378
0.97428305
0.97428305
0.97428305
0.97300753
0.96935358
0.96732125
0.96732125
0.96732125
0.97084276
0.97675093
0.97705261
0.97731629
0.98161703
0.98161703
0.98161703
0.97697771
0.97675673
0.97675673
0.97475126
0.97475126
0.97387365
0.97387365
0.97387365
0.97024461
0.96912844
0.96755206
0.96456902
0.96036904
0.9505033
0.9505033
0.9505033
0.9505033
0.93083015
0.93083015
0.92365687
0.92362876
0.92362876
0.91462726
0.91462726
0.8926547
0.87725942
0.87725942
0.87725942
0.87725942
0.87671509
0.85562759
0.85562759
0.85562759
0.85562759
0.85562759
0.88493909
0.89095043
0.89095043
0.89095043
0.8896043
0.8896043
0.88599205
0.88599205
0.88469512
0.88469512
0.88469512
0.88469512
0.88469512
0.88603067
0.88603067
0.88603067
0.88603067
0.88603067
0.88805793
0.88822949
0.88822949
0.88822949
0.88822949
0.90008261
0.90272965
0.90720705
0.91015419
0.91015419
0.91015419
0.91739221
0.91739221
0.91739221
0.93029678
0.93029678
0.93029678
0.93029678
0.93822279
0.93822279
0.94611636
0.95208824
0.95208824
0.95208824
0.95208824
0.95208824
0.95208824
0.95208824
0.95208824
0.95208824
0.95208824
0.95254532
0.95254532
0.95411466
0.96163791
0.96163791
0.96163791
0.96163791
0.9608597
0.9608597
0.9608597
0.96167905
0.96167905
0.96167905
0.96167905
0.96286717
0.96286717
0.96310045
0.96310045
0.96310045
0.95681052
0.95277537
0.94835595
0.94023506
0.94023506
0.94023506
0.94023506
0.94023506
0.92496935
0.92496935
0.92496935
0.91587329
0.91545462
0.89312104
0.85574282
0.85574282
0.8424124
0.84190187
0.84190187
0.83863182
0.82137284
0.82137284
0.82137284
0.80263519
0.80263519
0.80084446
0.80084446
0.78665294
0.78665294
0.78665294
0.78665294
0.78567537
0.78055897
0.78055897
0.78055897
0.78055897
0.78055897
0.77930178
0.77930178
0.77930178
0.78696411
0.78696411
0.79345936
0.79345936
0.79345936
0.8439565
0.84420961
0.84874093
0.84874093
0.86762843
0.8820274
0.88419677
0.98957628
0.98957628
0.98957628
0.99528664
0.99528664
0.99528664
0.98716349
0.98716349
0.98716349
0.98545084
0.98503177
0.98503177
0.98503177
0.98503177
0.98503177
0.98503177
0.98503177
0.96958651
0.96958651
0.96958651
0.96958651
0.96958651
0.96958651
0.96626334
0.95996953
0.95975609
0.95975609
0.95975609
