0.89819447
0.89912297
0.89819447
0.8985922
0.8985922
0.8985922
0.89803585
0.89803585
0.89803585
0.89748134
0.89748134
0.89638356
0.89638356
0.89638356
0.89638356
0.89625432
0.89625432
0.89625432
0.89575635
0.89559309
0.89559309
0.89559309
0.89559309
0.89559309
0.8947926
0.89412948
0.89412948
0.89412948
0.89412948
0.89412948
0.89412948
0.89445068
0.89445068
0.89445068
0.89395026
0.89395026
0.89395026
0.89395026
0.89395026
0.89395026
0.89392712
0.89392712
0.89392712
0.89392712
0.893496
0.893496
0.893496
0.893496
0.893496
0.893496
0.893496
0.893496
0.8931123
0.8930402
0.8930402
0.8930402
0.89252619
0.89252619
0.89252619
0.89264273
0.89264273
0.89396382
0.89415711
0.89415711
0.89415711
0.89415711
0.89400376
0.89400376
0.89400376
0.89400376
0.89400376
0.89400376
0.89400376
0.89400376
0.89402368
0.89402368
0.89402368
0.89402368
0.89402368
0.89269046
0.89269046
0.89269046
0.89269046
0.89269046
0.89269046
0.89269046
0.89269046
0.89269046
0.89269046
0.89287201
0.89287201
0.89287201
0.89287201
0.89287201
0.89209979
0.89209979
0.89209979
0.89209979
0.89249158
0.89249158
0.89249158
0.89297884
0.89297884
0.89297884
0.89297884
0.89297884
0.89297884
0.89264552
0.89264552
0.89264552
0.89264552
0.89264552
0.89264552
0.89264552
0.8927435
0.8927435
0.8927435
0.89370274
0.89370274
0.89370274
0.89370274
0.89370274
0.89370274
0.89370274
0.89418987
0.89515462
0.89515462
0.89515462
0.89492085
0.89492085
0.89492085
0.89492085
0.89492085
0.89492085
0.89492085
0.89492085
0.89492085
0.89492085
0.89492085
0.89492085
0.89492085
0.89492085
0.89492085
0.89492085
0.89459481
0.89459481
0.89459481
0.89459481
0.89459481
0.89459481
0.89459481
0.89459481
0.89459481
0.89488923
0.89488923
0.89488923
0.89488923
0.89556218
0.89560323
0.89560323
0.89560323
0.89560323
0.89560323
0.89560323
0.89509672
0.89509672
0.89509672
0.89509672
0.89509672
0.89368408
0.89368408
0.89368408
0.89368603
0.89368603
0.89368603
0.89368603
0.89368603
0.89368603
0.89368603
0.89368603
0.89368603
0.89368603
0.89368603
0.89368603
0.89368603
0.89368603
0.89368603
0.89428352
0.89428352
0.89428352
0.89495717
0.89495717
0.89495717
0.89431217
0.89431217
0.89431217
0.89431217
0.89431217
0.89431217
0.89431217
0.89357407
0.89357407
0.89357407
0.89357407
0.89422092
0.89422092
0.89422092
0.89422092
0.89422092
0.89422092
0.89422092
0.89422092
0.89422092
0.89422092
0.89422092
0.89437353
0.89437353
0.89437353
0.89376754
0.89376754
0.89326332
0.89326332
0.89310805
0.89310805
0.89310805
0.89310805
0.89310805
0.89310805
0.8937757
0.8937757
0.8937757
0.89352282
0.89352282
0.89352282
0.8936799
0.8936799
0.8936799
0.8936799
0.8936799
0.89355168
0.89355168
0.89307721
0.89307721
0.89307721
0.89323993
0.89323993
0.89323993
0.89304398
0.89304398
0.89304398
0.90398865
0.90398865
0.90398865
0.90398865
0.90398865
0.90398865
0.90398865
0.90431954
0.90431954
0.90431954
0.9037248
0.9037248
0.90271655
0.90271655
0.90271655
0.90271655
0.90271655
0.90296597
0.90296597
0.90296597
0.90340187
0.9035084
0.9035179
0.90404388
0.90404388
0.90404388
0.90391624
0.90391624
0.90357438
0.90357438
0.90357438
0.90456356
0.90456356
0.90456356
0.90377811
0.90377811
0.90377811
0.90377811
0.90322353
0.90322353
0.90322353
0.90322353
0.90269842
0.90269842
0.90269842
0.90269842
0.90269842
0.90269842
0.90269842
0.90269842
0.90269842
0.90269842
0.90269842
0.90269842
0.90269842
0.90269842
0.90269842
0.90269842
0.90268317
0.90268317
0.90268317
0.90268317
0.90268317
0.90268317
0.90117139
0.90117139
0.90117139
0.90117139
0.90117139
0.90144102
0.90163287
0.90178208
0.90178208
0.90233588
0.90233588
0.90270376
0.90270376
0.90270376
0.90255267
0.90255267
0.90120456
0.90120456
0.90120456
0.90120456
0.90205392
0.90244181
0.90244181
0.90244181
0.90223435
0.90122856
0.9006839
0.90021508
0.90021508
0.90005989
0.90005989
0.90005989
0.90005989
0.90005989
0.90005989
0.90005989
0.89964274
0.89964274
0.89915832
0.89915832
0.89915832
0.89915832
0.89915832
0.89915832
0.89920273
0.89979579
0.89979579
0.89979579
0.90068209
0.90068209
0.90068209
0.90154061
0.90154061
0.90154061
0.89984712
0.89838357
0.89780255
0.89780255
0.89780255
0.89780255
0.89780255
0.89585085
0.89465693
0.89465693
0.89465693
0.89392165
0.89392165
0.89369687
0.89369687
0.89321728
0.89321728
0.89296796
0.89296796
0.8917416
0.8917416
0.8917416
0.8917416
0.89200109
0.89200109
0.89200109
0.89200109
0.89200109
0.89200109
0.89200109
0.89200109
0.89148917
0.89148917
0.89148917
0.89148917
0.89148917
0.89148917
0.89148917
0.89148917
0.89148917
0.89148917
0.89070825
0.89070825
0.89070825
0.88964568
0.8895198
0.8895198
0.8895198
0.89016154
0.89056611
0.89056611
0.89056611
0.88959674
0.8891109
0.8891109
0.88763989
0.88763989
0.88763989
0.88790488
0.88790488
0.88807166
0.88807166
0.88807166
0.88807166
0.88807166
0.88807166
0.88807166
0.88807166
0.88807166
0.88807166
0.88807166
0.88807166
0.88807166
0.88706397
0.88706397
0.88706397
0.88706397
0.88786107
0.88838526
0.88838526
0.88838526
0.88802808
0.88802808
0.88802808
0.88802808
0.88802808
0.88802808
0.88763295
0.88763295
0.88763295
0.88788947
0.88788947
0.88788947
0.88763331
0.88763331
0.88763331
0.88839566
0.88839566
0.88839566
0.888181
0.888181
0.88750876
0.88750876
0.88750876
0.88762053
0.88762053
0.88762053
0.88691764
0.88691764
0.88691764
0.8877502
0.8883441
0.8883441
0.8883441
0.8883441
0.8883441
0.8883441
0.8883441
0.8883441
0.8883441
0.8883441
0.88826105
0.88826105
0.88826105
0.88826105
0.88826105
0.8887985
0.8887985
0.8887985
0.8887985
0.8887985
0.89024593
0.91021
0.91021
0.91021
0.91021
0.91021
0.91021
0.91021
0.90917011
0.90917011
0.90917011
0.90919825
0.90935713
0.90935713
0.91098581
0.91098581
0.91098581
0.91035542
0.91035542
0.91035542
0.91004331
0.91004331
0.91004331
0.91004331
0.91004331
0.91004331
0.91004331
0.90989148
0.90989148
0.90922756
0.90922756
0.90922756
0.90922756
0.90922756
0.90922756
0.90922756
0.90922756
0.90764365
0.90737624
0.90732364
0.90732364
0.90732364
0.90732364
0.90732364
0.90732364
0.90732364
0.90732364
0.90747945
0.90806176
0.90806176
0.90806176
0.90806176
0.90823259
0.90823259
0.90823259
0.90823259
0.90823259
0.90823259
0.90831396
0.90831396
0.90831396
0.90831396
0.9083418
0.90841757
0.90905255
0.90905255
0.90905255
0.90891771
0.90891771
0.90811459
0.90811459
0.90811459
0.90835807
0.90835807
0.90835807
0.90835807
0.90835807
0.90835807
0.90835807
0.90835807
0.90835807
0.90835807
0.90835807
0.90835807
0.90835807
0.90835807
0.90888518
0.90888518
0.90888518
0.90827648
0.90762225
0.90762225
0.90762225
0.90778361
0.90778361
0.90778361
0.90778361
0.90813901
0.90818885
0.90818885
0.90818885
0.90783511
0.90783511
0.90783511
0.90783511
0.90783511
0.90711381
0.90711381
0.90711381
0.90711381
0.90711381
0.90711381
0.90711381
0.90711381
0.90711381
0.90711381
0.90711381
0.90681279
0.90669778
0.90669778
0.90669778
0.90669778
0.90633903
0.90633903
0.90633903
0.90673618
0.90675938
0.90675938
0.90675938
0.90675938
0.90675938
0.90706341
0.90733629
0.90733629
0.90733629
0.90733629
0.90733629
0.90733629
0.90733629
0.90733629
0.90733629
0.90733629
0.90742349
0.90742349
0.90742349
0.90742349
0.90742349
0.90708621
0.90708621
0.90708621
0.90708621
0.90610971
0.90610971
0.90610971
0.90610971
0.90610971
0.90610971
0.90610971
0.90610971
0.90610971
0.90570527
0.90570527
0.90570527
0.90671961
0.90671961
0.90671961
0.90671961
0.90671961
0.90666035
0.90630509
0.90630509
0.90630509
0.90630509
0.9065109
0.9065109
0.9065109
0.9065109
0.9065109
0.9065109
0.9065109
0.9065109
0.9062844
0.9062844
0.9062844
0.90607863
0.90607863
0.90607863
0.90607863
0.90607863
0.90605345
0.90460809
0.90430152
0.90430152
0.90430152
0.90524383
0.90524383
0.90524383
0.90497138
0.90497138
0.90497138
0.90495144
0.90495144
0.90495144
0.90495144
0.90495144
0.90495144
0.90512882
0.90512882
0.90512882
0.90451146
0.90451146
0.90411906
0.90411906
0.90411906
0.90411906
0.90411906
0.90411906
0.90411906
0.90451326
0.90451326
0.90451326
0.90451326
0.90451326
0.90422488
0.90422488
0.90422488
0.90435962
0.90469678
0.90469678
0.90469678
0.90469678
0.90458001
0.90458001
0.90458001
0.90498518
0.90498518
0.90498518
0.90498518
0.90549012
0.90549012
0.90549012
0.90549012
0.90549012
0.90549012
0.90549012
0.90532654
0.90532654
0.90532654
0.90532654
0.90532654
0.90543522
0.91110876
0.91110876
0.91110876
0.91110876
0.91110876
0.91110876
0.91083283
0.91083283
0.91083283
0.91083283
0.91063283
0.91063283
0.91054369
0.91054369
0.91054369
0.91054369
0.90979048
0.90931996
0.9092804
0.90919959
0.90919959
0.90919959
0.90989992
0.90989992
0.90989992
0.90989992
0.90989992
0.90993515
0.91014697
0.91014697
0.91014697
0.90956295
0.90684467
0.90402262
0.90267502
0.90262806
0.90262806
0.89993148
0.89993148
0.89858523
0.89802865
0.89751943
0.89642336
0.89642336
0.89642336
0.89642336
0.89642336
0.89642336
0.89642336
0.89642336
0.89642336
0.89525552
0.89525552
0.89525552
0.89525552
0.89525552
0.89525552
0.89525552
0.89525552
0.89525552
0.89483874
0.89483874
0.89483874
0.89607504
0.89607504
0.89607504
0.89448699
0.89448699
0.89396905
0.89396905
0.89380912
0.89380912
0.89380912
0.89380912
0.89334179
0.89334179
0.89334179
0.89351126
0.89351126
0.89351126
0.89351126
0.89415875
0.89477909
0.89477909
0.89477909
0.89467739
0.89467739
0.89467739
0.89396241
0.89396241
0.89396241
0.89396241
0.89396241
0.89396241
0.89396241
0.89396241
0.89396241
0.89396241
0.89396241
0.8933597
0.8933597
0.8933597
0.89397586
0.89445276
0.89445276
0.89445276
0.89341269
0.89341269
0.89341269
0.89341269
0.89341269
0.89341269
0.89341269
0.89341269
0.89405241
0.89405241
0.89405241
0.89370926
0.89345656
0.89345656
0.89345656
0.89345132
0.89345132
0.89345132
0.89345132
0.89345132
0.89345132
0.89345132
0.89345132
0.89321708
0.89321708
0.89159013
0.89159013
0.89159013
0.89159013
0.89216636
0.89216636
0.89216636
0.89266378
0.89280645
0.89280645
0.89280645
0.89210757
0.89210757
0.89210757
0.89210757
0.89210757
0.89210757
0.89300249
0.89300249
0.89300249
0.89300249
0.89300249
0.89300249
0.89298588
0.89298588
0.89298588
0.89271749
0.89265513
0.89265513
0.89265513
0.89265513
0.89273347
0.89273347
0.89411329
0.89411329
0.89411329
0.8934772
0.8934772
0.8934772
0.8934772
0.8934772
0.8934772
0.8934772
0.89336071
0.89336071
0.89336071
0.89336071
0.89336071
0.893819
0.893819
0.893819
0.893819
0.893819
0.893819
0.893819
0.893819
0.89349896
0.89349896
0.89349896
0.89349896
0.89349896
0.89290454
0.89290454
0.89262682
0.89262682
0.89262682
0.89262682
0.89262682
0.89262682
0.89262682
0.89262682
0.89262682
0.89188804
0.89154674
0.89154674
0.89154674
0.89154674
0.89154674
0.89154674
0.89166974
0.89166974
0.89166974
0.89166974
0.89166974
0.89216331
0.89216331
0.89216331
0.8914979
0.8914979
0.8914979
0.8914979
0.8914979
0.8914979
0.8914979
0.8914979
0.8914979
0.8914979
0.8914979
0.8914979
0.8914979
0.89115525
0.88993554
0.88993554
0.88993554
0.88993554
0.88993554
0.88993554
0.89065669
0.89136043
0.89136043
0.89136043
0.89136043
0.89096326
0.89088297
0.89088297
0.89088297
0.89098072
0.89098072
0.89098072
0.90798997
0.90798997
0.90798997
0.90729683
0.90729683
0.90729683
0.90729683
0.90723331
0.90723331
0.90723331
0.90723331
0.9072096
0.9072096
0.90692139
0.90692139
0.90676422
0.90676422
0.90676422
0.90676422
0.90676422
0.90676422
0.90562552
0.90562552
0.90562552
0.90562552
0.90562552
0.90487893
0.90487893
0.90487893
0.90487893
0.90515699
0.90515699
0.90552117
0.90579879
0.90579879
0.90579879
0.90579879
0.90579879
0.90579879
0.90579879
0.90579961
0.90579961
0.90579961
0.90611234
0.90611234
0.90611234
0.90611234
0.90611234
0.90611234
0.90611234
0.90630325
0.90630325
0.90630325
0.90630325
0.90630325
0.90584852
0.90584852
0.90584852
0.90663149
0.90663149
0.90663149
0.90543722
0.90543722
0.90543722
0.90567527
0.90567527
0.90587845
0.90587845
0.90587845
0.90587845
0.90587845
0.90587845
0.90560238
0.90538201
0.90538201
0.90538201
0.90538201
0.90538201
0.90538201
0.90538201
0.90602795
0.90602795
0.90602795
0.90602795
0.90602795
0.90602795
0.90602795
0.90602795
0.90602795
0.90667503
0.90667503
0.90667503
0.90667503
0.90667503
0.90667503
0.90667503
0.90667503
0.90667503
0.90623888
0.90623888
0.90623888
0.90662647
0.90662647
0.90671125
0.90671125
0.90671125
0.90651033
0.90651033
0.90651033
0.90651033
0.90651033
0.90695676
0.90695676
0.90695676
0.90668931
0.90668931
0.90668931
0.90668931
0.90668931
0.90597359
0.90597359
0.9058506
0.9058506
0.9058506
0.9058506
0.9058506
0.9058506
0.9058506
0.9058506
0.9058506
0.90582394
0.90582394
0.90565669
0.90565669
0.90565669
0.90565669
0.90565669
0.9046998
0.9046998
0.9046998
0.9046998
0.9046998
0.9046998
0.90437637
0.90437637
0.90437637
0.90437637
0.90437637
0.90437637
0.90437637
0.9037917
0.9037917
0.9037917
0.9037917
0.9037917
0.9034513
0.9034513
0.902967
0.90279334
0.90279334
0.90279334
0.90279334
0.90279334
0.90363551
0.90363551
0.90363551
0.9034163
0.90286295
0.90286295
0.90286295
0.90286295
0.90304192
0.90304192
0.90304192
0.90318322
0.90324697
0.90334302
0.90334302
0.90334302
0.90450377
0.90450377
0.90450377
0.90446029
0.90446029
0.90446029
0.90446029
0.90446029
0.90446029
0.90446029
0.90447776
0.90447776
0.90447776
0.90447776
0.90362196
0.90362196
0.90362196
0.90362196
0.90362196
0.90362196
0.90408498
0.90434297
0.90434297
0.90434297
0.90434297
0.90434297
0.90434297
0.90409607
0.90385021
0.90319562
0.90318645
0.90318645
0.90318645
0.90345889
0.90345889
0.90345889
0.90345889
0.90384614
0.90401791
0.90401791
0.90401791
0.90344838
0.90344838
0.90344838
0.90344838
0.90350511
0.90368568
0.90368568
0.90368568
0.90348077
0.90348077
0.90348077
0.90348077
0.90348077
0.90348077
0.90447499
0.90447499
0.90447499
0.90447499
0.90458259
0.90458259
0.90458259
0.90458259
0.90458259
0.90458259
0.90458259
0.90473614
0.90474879
0.90474879
0.90474879
0.90474879
0.90797616
0.90797616
0.90797616
0.90810225
0.90810225
0.90810225
0.91031459
0.91031459
0.91031459
0.91031459
0.91031459
0.91031459
0.91031459
0.91009193
0.90968531
0.90968531
0.90968531
0.90968531
0.90968531
0.9094386
0.90888448
0.90800889
0.90800889
0.90784263
0.90784263
0.90784263
0.90789604
0.90789604
0.90789604
0.90789604
0.90789604
0.90751677
0.90717711
0.90717711
0.90717711
0.90717711
0.90717711
0.90717711
0.90717711
0.90649567
0.90649567
0.90649567
0.90649567
0.90649567
0.90649567
0.90649567
0.90649567
0.90649567
0.90649567
0.90649567
0.90649567
0.90725551
0.90725551
0.90725551
0.90713754
0.90705747
0.90705747
0.90705747
0.90611992
0.90611992
0.90611992
0.90616782
0.90616782
0.90616782
0.90616782
0.90616782
0.90708517
0.90708517
0.90708517
0.90708517
0.90807644
0.90807644
0.90807644
0.90807644
0.90807644
0.90798298
0.90754786
0.90684224
0.90684224
0.90684224
0.90684224
0.90684224
0.9066574
0.9066574
0.90639998
0.90639998
0.90639998
0.90641188
0.90641188
0.90670801
0.90670801
0.90670801
0.90670801
0.90670801
0.90669252
0.90669252
0.90669252
0.90669252
0.90669252
0.90627179
0.90627179
0.90627179
0.90644028
0.90644028
0.90697551
0.90697551
0.90697551
0.90733028
0.90733028
0.90733028
0.90733028
0.9071523
0.9071523
0.9071523
0.90703048
0.90703048
0.90703048
0.90703048
0.90703048
0.90659854
0.90659854
0.90659854
0.90659854
0.90659854
0.90658851
0.90658851
0.90658851
0.90641853
0.90641853
0.90641853
0.90731726
0.90731726
0.90731726
0.90731726
0.90731726
0.90730176
0.90589772
0.90589772
0.90587239
0.90587239
0.90587239
0.90630788
0.90643885
0.90643885
0.90643885
0.90643885
0.90643885
0.90643885
0.90643885
0.90643885
0.90643885
0.90643885
0.90547079
0.90547079
0.90547079
0.90547079
0.90547079
0.90547079
0.90593073
0.90593073
0.90593073
0.90553649
0.90529422
0.90529422
0.90529422
0.90571868
0.90571868
0.90571868
0.90571868
0.90571868
0.90571868
0.90571868
0.90571868
0.90503375
0.90503375
0.90503375
0.90503375
0.90503375
0.90478495
0.90478495
0.90478495
0.90478495
0.90445
0.90445
0.90445
0.90405256
0.90365473
0.90365473
0.90351334
0.90351334
0.90351334
0.90351334
0.90351334
0.90351334
0.90354435
0.90354435
0.90365407
0.90365407
0.90365407
0.90429033
0.90429033
0.90429033
0.90429033
0.90429033
0.90429033
0.90429033
0.90429033
0.90429033
0.90429033
0.90429033
0.90432508
0.90432508
0.90432508
0.90432508
0.90442585
0.90478025
0.90478025
0.90478025
0.90478025
0.90478025
0.90478025
0.90478025
0.90478025
0.90478025
0.90419497
0.90419497
0.90419497
0.90419497
0.90419497
0.90403396
0.90403396
0.90341353
0.9028669
0.9028669
0.9028669
0.90418604
0.90418604
0.90418604
0.90418604
0.90418604
0.90418604
0.90418604
0.90418604
0.90418604
0.90418604
0.90418604
0.90512181
0.90512181
0.90512181
0.90512181
0.90907635
0.90907635
0.90907635
0.90804279
0.90804279
0.90804279
0.90804279
0.90804279
0.90804279
0.90747695
0.90747695
0.90632057
0.90632057
0.90624276
0.90624276
0.90624276
0.90739098
0.90739098
0.90739098
0.90739098
0.90739098
0.90739098
0.90737458
0.90737458
0.90707707
0.90707707
0.90707707
0.90707707
0.90707707
0.90707707
0.90707707
0.90555506
0.90555506
0.90555506
0.90547899
0.90547899
0.90547899
0.9056887
0.9056887
0.9056887
0.90561836
0.90561836
0.90561836
0.90561836
0.90561836
0.90560769
0.90548213
0.90548213
0.90548213
0.90553826
0.90553826
0.90553826
0.90553826
0.90553826
0.90553826
0.90553826
0.90553826
0.90553826
0.90553826
0.90645683
0.90645683
0.90645683
0.90645683
0.90645683
0.90645683
0.90576177
0.90576177
0.90576177
0.90576177
0.90576177
0.90675551
0.90675551
0.90675551
0.90628289
0.90628289
0.90628289
0.90628289
0.90621372
0.90555821
0.90555821
0.90555821
0.90555821
0.90555821
0.90555821
0.90555821
0.90555821
0.90555821
0.90520423
0.90520423
0.90520423
0.90584005
0.90594327
0.90594327
0.90594327
0.90432125
0.90432125
0.90432125
0.90432125
0.90432125
0.90451565
0.90451565
0.90489197
0.90489197
0.90489197
0.90485392
0.90441512
0.90441512
0.90438302
0.90438302
0.90438302
0.90505928
0.90505928
0.90505928
0.90495817
0.90495817
0.90495817
0.90495817
0.90495817
0.90495817
0.90495817
0.90495817
0.90495817
0.90495817
0.90495817
0.90495817
0.90491234
0.90491234
0.90491234
0.90491234
0.90491234
0.90414269
0.90414269
0.90414269
0.90422276
0.90422276
0.90422276
0.90422276
0.90422276
0.90422276
0.90422276
0.90422276
0.90422276
0.90311212
0.90311212
0.90311212
0.90311212
0.9027684
0.9027684
0.9027684
0.9027684
0.9027684
0.90323528
0.90323528
0.90332029
0.90332029
0.9038484
0.90405935
0.90405935
0.90405935
0.90405935
0.90405935
0.9040675
0.90421451
0.90421451
0.90421451
0.90421451
0.90421451
0.90421451
0.90421451
0.90421451
0.90421451
0.90396431
0.90396431
0.90396431
0.90396431
0.90396431
0.90396431
0.90335472
0.90335472
0.90335472
0.90335472
0.90366122
0.90420558
0.90464905
0.90464905
0.90464905
0.90464905
0.90464905
0.90464905
0.90360381
0.90357324
0.90357324
0.90357324
0.90357324
0.90253906
0.90253906
0.90253906
0.90253906
0.90159472
0.90159472
0.90159472
0.90290027
0.90290027
0.90290027
0.90290027
0.90290027
0.90270848
0.90270848
0.90270848
0.90270848
0.90270848
0.90270848
0.90270848
0.90270848
0.90270848
0.90270848
0.90248639
0.90218018
0.90218018
0.90218018
0.90218018
0.90218018
0.90218018
0.90218018
0.90218018
0.90231904
0.90231904
0.90231904
0.90231904
0.90231904
0.90155428
0.9015139
0.9015139
0.90044589
0.90018307
0.90018307
0.90018307
0.90190022
0.90190022
0.90190732
0.90190732
0.90190732
0.90190732
0.90220093
0.90220093
0.90220093
0.90235699
0.90251705
0.90251705
0.90251705
0.90879713
0.90879713
0.90879713
0.90879713
0.90873399
0.90873399
0.90849779
0.90849779
0.90849779
0.90849779
0.90714733
0.90714733
0.90714733
0.90714733
0.90714733
0.90714733
0.90728229
0.90728229
0.90728229
0.90728229
0.90714348
0.90714348
0.90697049
0.90626762
0.90576591
0.90576591
0.90576591
0.90676274
0.90676274
0.90676274
0.90609811
0.90609811
0.90601642
0.90601642
0.90601642
0.90671046
0.90671046
0.90671046
0.90671046
0.90671046
0.90625231
0.9058086
0.9058086
0.9058086
0.9058086
0.90633944
0.90638629
0.90638629
0.90638629
0.90638183
0.90638183
0.90633097
0.90604542
0.90604542
0.90604542
0.90629197
0.90629197
0.90629197
0.90629197
0.90629197
0.90629197
0.90629197
0.90629197
0.90629197
0.90629197
0.90629197
0.90629197
0.90629197
0.90629197
0.90629197
0.90629197
0.90629197
0.90646454
0.90646454
0.90646454
0.90646454
0.90650401
0.90650401
0.90650401
0.90650401
0.90627297
0.90627297
0.90627297
0.90646391
0.90646391
0.90646391
0.9059327
0.90590877
0.90590877
0.90590877
0.90469602
0.90469602
0.90469602
0.90469602
0.90469602
0.90464062
0.90464062
0.90464062
0.90464062
0.90464062
0.90418923
0.90418923
0.90418923
0.90525263
0.90525263
0.90525954
0.90525954
0.90525954
0.90481952
0.90481952
0.90481952
0.90536827
0.90536827
0.90536827
0.90536827
0.90536827
0.90536827
0.90536827
0.90536827
0.90536827
0.90507764
0.90507764
0.90507764
0.90485473
0.90485473
0.90485473
0.90485473
0.90485473
0.90485473
0.90385927
0.90385927
0.90385927
0.90385927
0.90399429
0.90417549
0.90425445
0.90425445
0.90425445
0.90541678
0.90541678
0.90541678
0.90541678
0.90541678
0.90541678
0.905415
0.9052992
0.90503113
0.90446534
0.90446534
0.90409037
0.90409037
0.90409037
0.90409037
0.90409037
0.90409037
0.90409037
0.90409037
0.90409037
0.9043857
0.9043857
0.90488267
0.90488267
0.90488267
0.90488267
0.90488267
0.90488267
0.90466973
0.90464862
0.90464862
0.90464597
0.90464597
0.90464597
0.90427099
0.90427099
0.90427099
0.90423622
0.90423622
0.90423622
0.90423622
0.90423622
0.90423622
0.90423622
0.90423622
0.90423622
0.90423622
0.90438068
0.90438068
0.90438068
0.90367793
0.90367793
0.90322203
0.90322203
0.90322203
0.90322203
0.9029299
0.9029299
0.9029299
0.90357658
0.90357658
0.90357658
0.90357658
0.90357658
0.90357658
0.90357658
0.90357658
0.90357658
0.90249015
0.90249015
0.90249015
0.90249015
0.90249015
0.90249015
0.90266788
0.90266788
0.90283058
0.90283058
0.90283058
0.90283058
0.90301372
0.90301372
0.90301372
0.90301372
0.90301372
0.90301372
0.90301372
0.90301372
0.9030583
0.9030583
0.9030583
0.9030583
0.9030583
0.9030583
0.90374174
0.90374174
0.90374174
0.90374174
0.90374174
0.90374174
0.90374174
0.90369889
0.90362634
0.90362634
0.90362634
0.90362634
0.9031811
0.9031811
0.9031811
0.9031811
0.9031811
0.9031811
0.90618326
0.90618326
0.90874641
0.90874641
0.90874641
0.90943571
0.90970309
0.90970309
0.90970309
0.90970309
0.90970309
0.90970309
0.90856601
0.90786046
0.90786046
0.90786046
0.90791477
0.90791477
0.90791477
0.90791923
0.90791923
0.90791923
0.90810617
0.90810617
0.90810617
0.90810617
0.90743203
0.90743203
0.90743203
0.90743203
0.90743203
0.90764853
0.90764853
0.90814555
0.90876715
0.90876715
0.90876715
0.90876715
0.90876715
0.90876715
0.90876715
0.90846049
0.90800318
0.90800318
0.90800318
0.90800318
0.90800318
0.90800318
0.90850733
0.90850733
0.90850733
0.90850733
0.90850733
0.90850733
0.90850733
0.90850733
0.90850733
0.90850733
0.90850733
0.90850733
0.90850733
0.90850733
0.90826079
0.90728104
0.90728104
0.90728104
0.90728104
0.90728104
0.90783469
0.90783469
0.90794091
0.90794091
0.90794091
0.90794091
0.90794091
0.90794091
0.90794091
0.90794091
0.90794091
0.90794091
0.90794091
0.90823582
0.90823582
0.90823582
0.90823582
0.90904128
0.90936424
0.90936424
0.90936424
0.90936305
0.90926451
0.90926451
0.90926451
0.90926451
0.90922481
0.90922481
0.90922481
0.90922481
0.90913624
0.90913624
0.90913624
0.90913624
0.90913624
0.90903625
0.90837947
0.90831413
0.90831413
0.90831413
0.90831413
0.90831413
0.90831413
0.90831413
0.90831413
0.90831413
0.90831413
0.90764536
0.90764536
0.90764536
0.90764536
0.90764536
0.90764536
0.90764536
0.90764536
0.90764536
0.90728471
0.90664417
0.90664417
0.90577101
0.90577101
0.90577101
0.90577101
0.90577101
0.90577101
0.90577101
0.90577101
0.90609159
0.90609159
0.90609159
0.9058901
0.9058901
0.9058901
0.90628452
0.90628452
0.90633423
0.90633423
0.90633423
0.90637383
0.90637383
0.90637383
0.90643234
0.90643234
0.90643234
0.90649428
0.90649428
0.90680292
0.90680292
0.90680292
0.90680292
0.90744029
0.90744029
0.90744029
0.90728399
0.90657062
0.90657062
0.90657062
0.90657062
0.90657062
0.90657062
0.90657062
0.90635481
0.90635481
0.90635481
0.90635481
0.90629072
0.90585151
0.90585151
0.90585151
0.90585151
0.90585151
0.90585151
0.90585151
0.90597721
0.90602912
0.90649331
0.90649331
0.90649331
0.90649331
0.90649331
0.90649331
0.90649331
0.90649331
0.90649331
0.90649331
0.90649331
0.90649331
0.90649331
0.90649331
0.90649331
0.90701851
0.90701851
0.90701851
0.90701851
0.90701851
0.90658676
0.90632167
0.90632167
0.90632167
0.90632167
0.90632167
0.90632167
0.90632167
0.90632167
0.90632167
0.90632167
0.90681891
0.90681891
0.90681891
0.90681891
0.90669027
0.90669027
0.90610311
0.90610311
0.90590766
0.90590766
0.90590766
0.90590766
0.90590766
0.90590766
0.90590766
0.90572556
0.90572556
0.90572556
0.90620965
0.90620965
0.90620965
0.90597081
0.90597081
0.90597081
0.90597081
0.90562007
0.90562007
0.90562007
0.90565369
0.90591529
0.90591529
0.90591529
0.90591529
0.90591529
0.90591529
0.90595932
0.91277672
0.91277672
0.91277672
0.91198262
0.91198262
0.91198262
0.91108328
0.91108328
0.91032311
0.91032311
0.91032311
0.91032311
0.91032311
0.91032311
0.91032311
0.91032311
0.90939198
0.90939198
0.90939198
0.90877092
0.90877092
0.90877092
0.90877092
0.90901898
0.90901898
0.90901898
0.90737825
0.90737825
0.90737825
0.90737825
0.90737825
0.90737825
0.90737825
0.90737825
0.90737825
0.90737825
0.90737825
0.90754858
0.90754858
0.90754858
0.90754858
0.90775004
0.90803317
0.90803317
0.90803317
0.90803317
0.90803317
0.90803317
0.91000723
0.91000723
0.91000723
0.9095193
0.90844105
0.90844105
0.90844105
0.90844105
0.90798559
0.90798559
0.90798559
0.90785999
0.90785999
0.90785999
0.90811312
0.90811312
0.90811312
0.90811312
0.90823119
0.90823119
0.90823119
0.90823119
0.90823119
0.9074723
0.9074723
0.90646997
0.90624802
0.90624802
0.90624802
0.90628234
0.90628234
0.90628234
0.90628234
0.90678886
0.90685343
0.90685343
0.90685343
0.90685343
0.90685343
0.90685343
0.90569544
0.90569544
0.90569544
0.90601344
0.90601344
0.90601344
0.90601344
0.90601344
0.90604416
0.90610858
0.90610858
0.90610858
0.90610858
0.90610858
0.90610858
0.90610858
0.90627508
0.906345
0.906345
0.90637357
0.90715282
0.90715282
0.90715282
0.90715282
0.90715282
0.90715282
0.90698509
0.90698509
0.90586225
0.90586225
0.90586225
0.90617216
0.90617216
0.90816461
0.90986658
0.90986658
0.90986658
0.90986658
0.90944193
0.90893172
0.90893172
0.90893172
0.90893172
0.90893172
0.9083981
0.9083981
0.9083981
0.9083981
0.9083981
0.90857711
0.90857711
0.90857711
0.90745782
0.90745782
0.90745782
0.90745782
0.90745782
0.90745782
0.90745782
0.90753242
0.90753242
0.90753242
0.90642483
0.90572381
0.90572381
0.90572381
0.90572381
0.90572381
0.90432451
0.90432451
0.90432451
0.90546405
0.90546405
0.90546405
0.90558184
0.90558184
0.90558184
0.90558184
0.90778889
0.90778889
0.90778889
0.90678426
0.90678426
0.90678426
0.90828698
0.90828698
0.90828698
0.90429503
0.90429503
0.90429503
0.94555372
0.94555372
0.96146991
0.96146991
0.96146991
0.92209062
0.8737077
0.8737077
0.8737077
0.8737077
0.8737077
0.8737077
0.8737077
0.8737077
0.8737077
0.8737077
0.8737077
0.8737077
0.8737077
0.8737077
0.8737077
0.8737077
0.86748181
0.86748181
0.86748181
0.86748181
0.86748181
0.91069002
0.91069002
0.91069002
0.88262459
0.88262459
0.88262459
0.88262459
0.88262459
0.78175992
0.78175992
0.78175992
0.81721716
0.84358238
0.8679078
0.90686958
0.92305688
0.92989147
0.92989147
0.92989147
0.9480281
0.9480281
0.9480281
0.9466637
0.94626797
0.94551544
0.94167389
0.93511848
0.93258142
0.93128711
0.93128711
0.92785942
0.92680437
0.92680437
0.92680437
0.92093171
0.91767323
0.91767323
0.91767323
0.91767323
0.91767323
0.91767323
0.91732183
0.91663939
0.91536429
0.91383939
0.91383939
0.91383939
0.91383939
0.91323461
0.91245412
0.81941696
0.81941696
0.81806024
0.81577566
0.81577566
0.81577566
0.81577566
0.81577566
0.81577566
0.81577566
0.81577566
0.81577566
0.81577566
0.81577566
0.81577566
0.81694542
0.81971172
0.81971172
0.81971172
0.81868725
0.81622453
0.81547832
0.81547832
0.81547832
0.81547832
0.81547832
0.81547832
0.81596452
0.81782906
0.81782906
0.81782906
0.81782906
0.81782906
0.8199277
0.8199277
0.8199277
0.81691085
0.81691085
0.81691085
0.81993102
0.81993102
0.81993102
0.82113143
0.82113143
0.82113143
0.82113143
0.82113143
0.82113143
0.82113143
0.82113143
0.82113143
0.82113143
0.82113143
0.82113143
0.82113143
0.82113143
0.82113143
0.82310509
0.82354354
0.82957489
0.82957489
0.82957489
0.82957489
0.82957489
0.82957489
0.82957489
0.82957489
0.83008497
0.83008497
0.83008497
0.82955588
0.82732443
0.82717603
0.82717603
0.82717603
0.82717603
0.82717603
0.82914292
0.82914292
0.82914292
0.82914292
0.82914292
0.82914292
0.82914292
0.83006837
0.83006837
0.83006837
0.83006837
0.83006837
0.83109871
0.83109871
0.83109871
0.83109871
0.83109871
0.90123812
0.90300036
0.90300036
0.90300036
0.90162296
0.90162296
0.90162296
0.9027784
0.9027784
0.9027784
0.9027784
0.90054896
0.90054896
0.90054896
0.90054896
0.90054896
0.90066973
0.90066973
0.90081014
0.90124725
0.90124725
0.90184166
0.90184166
0.90184166
0.90184166
0.90184166
0.90257612
0.90257612
0.90257612
0.83069501
0.83069501
0.83069501
0.83069501
0.83069501
0.83069501
0.83069501
0.83069501
0.83069501
0.83069501
0.8323424
0.90080796
0.90080796
0.90080796
0.90080796
0.90080796
0.90080796
0.90080796
0.90080796
0.90230297
0.90230297
0.90230297
0.83833386
0.83533233
0.83533233
0.83533233
0.83533233
0.83533233
0.83464964
0.83464964
0.83464964
0.83464964
0.8338434
0.8338434
0.83371659
0.83371659
0.83371659
0.83371659
0.83371659
0.8349998
0.8349998
0.8349998
0.8349998
0.83585538
0.83610695
0.83610695
0.83610695
0.8360696
0.83590244
0.83590244
0.83590244
0.83590244
0.83590244
0.83590244
0.83709266
0.83709266
0.90449198
0.90449198
0.90449198
0.83796045
0.83796045
0.83796045
0.83796045
0.83796045
0.83796045
0.83862064
0.83862064
0.83862064
0.83862064
0.83862064
0.83862064
0.83862064
0.83945166
0.83945166
0.83945166
0.9050775
0.9050775
0.9050775
0.90575517
0.90949446
0.90949446
0.90949446
0.90650391
0.90650391
0.83387747
0.8331598
0.8331598
0.83261327
0.83261327
0.83261327
0.83261327
0.83261327
0.83164824
0.83164824
0.83164824
0.83054144
0.83054144
0.83054144
0.83310261
0.83310261
0.83310261
0.83285688
0.83285688
0.83285688
0.83285688
0.83299877
0.83454282
0.83454282
0.83495984
0.83495984
0.83495984
0.90131452
0.90131452
0.90131452
0.83503816
0.83461901
0.83461901
0.83142884
0.83142884
0.83142884
0.83142884
0.83142884
0.9005806
0.9005806
0.9005806
0.9005806
0.9005806
0.9005806
0.9005806
0.9005806
0.9005806
0.9005806
0.90130374
0.90130374
0.90130374
0.83121745
0.83121745
0.83121745
0.83121745
0.83121745
0.83121745
0.83121745
0.83121745
0.83121745
0.83121745
0.83247624
0.83247624
0.83247624
0.83247624
0.83247624
0.83247624
0.83247624
0.83229656
0.8322903
0.8322903
0.8322903
0.8322903
0.8322903
0.8346624
0.8346624
0.8346624
0.8346624
0.8346624
0.83321535
0.83321535
0.83321535
0.83321535
0.83321535
0.83421686
0.83732358
0.83732358
0.83732358
0.83732358
0.83682522
0.83682522
0.836666
0.8364772
0.8364772
0.8364772
0.83264972
0.83264972
0.83264972
0.83466824
0.83466824
0.83466824
0.83466824
0.83570811
0.83570811
0.8361947
0.8361947
0.8361947
0.8361947
0.8361947
0.8361947
0.8361947
0.8361947
0.83664817
0.83664817
0.83664817
0.83664817
0.83664817
0.83664817
0.83664817
0.83395552
0.83395552
0.83395552
0.83395552
0.83395552
0.83581308
0.83581308
0.83581308
0.83581308
0.83673471
0.83673471
0.83673471
0.83673471
0.83769932
0.83769932
0.83945033
0.83945033
0.83945033
0.83951018
0.83951018
0.83951018
0.83951018
0.83951018
0.84159637
0.84159637
0.84159637
0.84159637
0.84191394
0.84191394
0.84287649
0.84287649
0.84287649
0.84287649
0.84287649
0.84287649
0.84299712
0.84299712
0.84318744
0.84318744
0.84318744
0.84318744
0.8420696
0.84206727
0.84206727
0.84206727
0.84316805
0.8439523
0.8439523
0.8439523
0.8439523
0.8439523
0.84307007
0.84307007
0.84307007
0.84307007
0.84307007
0.84307007
0.84307007
0.84362261
0.84362261
0.84362261
0.84362261
0.84569506
0.84569506
0.84569506
0.84569506
0.84569506
0.84569506
0.84569506
0.84569506
0.84569506
0.84569506
0.84564524
0.84564524
0.84564524
0.84633517
0.84633517
0.84633517
0.84633517
0.84633517
0.84633517
0.84633517
0.84633517
0.84633517
0.84633517
0.84633517
0.84633517
0.84633517
0.84633517
0.84726486
0.84839894
0.84839894
0.84839894
0.84839894
0.84839894
0.84839894
0.84770838
0.84770838
0.84770838
0.84770838
0.84629071
0.84629071
0.84629071
0.84724506
0.8475703
0.84865751
0.84865751
0.84995372
0.84995372
0.84995372
0.84825293
0.84825293
0.84365687
0.84365687
0.84365687
0.84464197
0.84513638
0.84513661
0.84513661
0.84513661
0.84817364
0.84817364
0.84817364
0.84817364
0.84919441
0.84919441
0.84919441
0.84919441
0.84919441
0.84049719
0.83930749
0.83930749
0.83930749
0.84247264
0.90831319
0.90831319
0.90831319
0.90867796
0.9099361
0.9109658
0.9109658
0.9109658
0.9109658
0.9109658
0.9109658
0.91075351
0.91075351
0.91075351
0.91075351
0.91075351
0.91034282
0.91034282
0.91034282
0.91034282
0.91034282
0.91034282
0.91034282
0.84636572
0.84530663
0.84530663
0.84530663
0.9141154
0.9141154
0.9141154
0.9141154
0.91373985
0.91373985
0.91373985
0.91373985
0.91373985
0.8442628
0.8442628
0.8442628
0.8442628
0.8442628
0.8442628
0.8442628
0.8442628
0.8442628
0.84428923
0.84474519
0.84474519
0.84474519
0.84440302
0.84440302
0.84440302
0.84440302
0.84681155
0.84681155
0.84681155
0.84350197
0.84350197
0.84350197
0.84350197
0.84350197
0.84350197
0.84350197
0.84326717
0.84326717
0.84326717
0.84365083
0.84365083
0.84378895
0.84378895
0.84378895
0.84378895
0.84600189
0.84600189
0.84600189
0.84546415
0.84546415
0.84546415
0.84546415
0.84546415
0.84539577
0.84539577
0.84539577
0.84539577
0.84539577
0.84539577
0.84539577
0.84539577
0.84539577
0.84539577
0.84539577
0.84539577
0.84539577
0.84539577
0.84539577
0.84539577
0.84522924
0.84522924
0.8451197
0.84448342
0.84448342
0.84448342
0.84650933
0.84650933
0.84650933
0.84650933
0.84650933
0.84650933
0.84347068
0.84347068
0.84347068
0.84347068
0.84347068
0.84549153
0.84549153
0.84549153
0.84549153
0.84644541
0.84644541
0.84742647
0.84742647
0.84742647
0.84742647
0.84742647
0.84742647
0.84742647
0.84751288
0.84751288
0.84751288
0.84751288
0.84751288
0.84752094
0.84752094
0.84806378
0.84806378
0.84806378
0.84806378
0.84806378
0.84806378
0.84806378
0.84806378
0.84806378
0.84806378
0.84806378
0.84806378
0.84806378
0.84806378
0.84654451
0.84654451
0.84654451
0.84654451
0.84654451
0.84654451
0.84654451
0.84654451
0.84654451
0.84654451
0.84654451
0.84654451
0.84654451
0.84654451
0.84654451
0.84671526
0.84671526
0.84671526
0.84820157
0.84820157
0.84820157
0.8466971
0.8466971
0.8466971
0.84975137
0.84975137
0.84975137
0.84873787
0.84873787
0.84873787
0.84896822
0.84896822
0.84896822
0.84896822
0.84896822
0.84896822
0.84896822
0.84896822
0.84896822
0.84896822
0.84896822
0.8453493
0.8453493
0.8453493
0.8453493
0.8453493
0.84746551
0.84746551
0.84746551
0.84699177
0.84699177
0.84699177
0.84794302
0.84794302
0.84794302
0.84794302
0.84794302
0.84794302
0.84794302
0.84779065
0.84779065
0.84779065
0.84779065
0.84779065
0.84727506
0.8469745
0.8469745
0.8469745
0.84652211
0.84652211
0.84652211
0.84612674
0.84612674
0.84612674
0.84612674
0.84612674
0.84612674
0.8455852
0.8455852
0.8455852
0.8455852
0.8455852
0.8455852
0.8455852
0.8455852
0.84533669
0.84533669
0.84533669
0.84533669
0.84533669
0.84533669
0.84632406
0.84632406
0.84632406
0.84768142
0.84768142
0.84768142
0.84768142
0.91437011
0.91437011
0.91437011
0.91437011
0.91437011
0.91437011
0.91437011
0.91437011
0.91437011
0.91437011
0.91437011
0.91531597
0.91550255
0.91550255
0.91550255
0.91395517
0.91395517
0.91395517
0.91395517
0.91395517
0.91395517
0.91412788
0.91412788
0.91412788
0.91412788
0.9142171
0.9142171
0.9142171
0.9142171
0.91477691
0.9149577
0.9149577
0.9149577
0.9149577
0.9149577
0.91565064
0.91565064
0.91565064
0.91565064
0.91565064
0.91565064
0.91565064
0.91556509
0.91556509
0.91556509
0.91578593
0.91578593
0.91578593
0.91578593
0.91578593
0.91578593
0.91578593
0.91578593
0.91578593
0.84599661
0.84599661
0.84599661
0.84873866
0.91221359
0.91548394
0.91548394
0.91548394
0.91337661
0.91337661
0.91337661
0.91337661
0.91337661
0.91337661
0.91337661
0.91337661
0.91337661
0.91337661
0.91374859
0.91374859
0.91374859
0.91374859
0.91374859
0.91374859
0.84781963
0.84624519
0.84624519
0.84624519
0.84624519
0.84624519
0.8459998
0.8459998
0.84560788
0.84511925
0.84494036
0.84494036
0.84494036
0.84715006
0.84715006
0.84783066
0.84783066
0.84783066
0.84783066
0.85048154
0.85048154
0.85048154
0.85048154
0.85048154
0.8485885
0.8485885
0.84802662
0.84802662
0.84802662
0.84802662
0.84802662
0.84802662
0.8468424
0.8468424
0.8468424
0.8468424
0.8468424
0.84823229
0.84823229
0.84823229
0.84632113
0.84632113
0.84632113
0.84632113
0.84632113
0.84632113
0.84632113
0.84828057
0.91288746
0.91288746
0.91288746
0.85011897
0.84516042
0.84516042
0.84516042
0.84516042
0.84371698
0.84371698
0.84371698
0.84371698
0.84371698
0.84371698
0.84371698
0.84371698
0.84308596
0.84308596
0.84308596
0.84308596
0.84238307
0.84238307
0.84238307
0.84297117
0.84297117
0.84297117
0.84297117
0.84297117
0.84252346
0.84252346
0.84252346
0.84252346
0.84252346
0.84252346
0.84252346
0.84279842
0.84279842
0.84283894
0.84283894
0.84283894
0.84283894
0.84283894
0.84283894
0.84283894
0.84012601
0.84012601
0.84012601
0.84408103
0.84408103
0.84408103
0.842586
0.842586
0.842586
0.84358007
0.84358007
0.84818967
0.84818967
0.84818967
0.84818967
0.84818967
0.84661286
0.84661286
0.84661286
0.84661286
0.84661286
0.84661286
0.84661286
0.84817052
0.84817052
0.84817052
0.84868005
0.84944713
0.84944713
0.84995483
0.84995483
0.84995483
0.84729826
0.84729826
0.84729826
0.84729826
0.84729826
0.84729826
0.84729826
0.84729826
0.84729826
0.8478006
0.8478006
0.8478006
0.84672451
0.84672451
0.84672451
0.84672451
0.84537855
0.84537855
0.84537855
0.84537855
0.845111
0.845111
0.845111
0.845111
0.845111
0.845111
0.845111
0.845111
0.845111
0.84601729
0.84601729
0.84601729
0.84601729
0.84601729
0.84601729
0.84601729
0.84601729
0.84601729
0.84682471
0.84682471
0.84682471
0.84320716
0.84320716
0.84320716
0.84320716
0.84320716
0.84320716
0.84320716
0.83805651
0.83784031
0.83784031
0.83784031
0.8392717
0.8392717
0.83961243
0.83961243
0.84190329
0.84201385
0.84201385
0.84201385
0.84201385
0.8424826
0.84276931
0.84276931
0.84349571
0.84349571
0.84349571
0.84349571
0.84349571
0.84349571
0.84349571
0.84349571
0.84349571
0.84409791
0.84409791
0.84409791
0.84409791
0.84409791
0.84409791
0.84656791
0.84656791
0.84656791
0.84407929
0.84407929
0.84407929
0.84407929
0.84392688
0.84392688
0.84392688
0.84392688
0.84277315
0.84277315
0.84277315
0.84277315
0.84082011
0.84082011
0.84082011
0.84129667
0.84265683
0.84265683
0.84489468
0.84493143
0.84493143
0.84493143
0.84493143
0.84493143
0.84493143
0.84493143
0.84493143
0.84493143
0.84493143
0.84493143
0.8449799
0.8449799
0.8449799
0.8449799
0.8449799
0.8449799
0.8449799
0.84559889
0.84559889
0.84559889
0.84559889
0.84559889
0.84559889
0.84559889
0.84530631
0.84530631
0.84530631
0.84530631
0.84530631
0.84530631
0.84530631
0.84530631
0.84530631
0.84530631
0.84530631
0.84530631
0.8439248
0.8439248
0.8439248
0.84527801
0.84527801
0.84527801
0.84527801
0.84527801
0.84403443
0.84403443
0.84403443
0.84500993
0.84500993
0.84500993
0.84500993
0.84500993
0.84423766
0.84423766
0.84423766
0.8455938
0.8455938
0.84614786
0.84614786
0.84614786
0.84539292
0.84413906
0.84413906
0.84413906
0.84257398
0.84257398
0.84257398
0.84263273
0.84263273
0.84343905
0.84343905
0.84343905
0.84343905
0.8434521
0.84521824
0.84521824
0.84521824
0.84439682
0.84439682
0.84439682
0.84439682
0.84439682
0.84439682
0.84439682
0.84428922
0.84428922
0.84428922
0.84428922
0.84428922
0.84428922
0.84428922
0.84575916
0.84575916
0.84575916
0.84575916
0.84575916
0.84575916
0.84575916
0.84575916
0.84575916
0.84366443
0.84366443
0.84366443
0.84488404
0.84488404
0.84488404
0.84488404
0.84488404
0.84488404
0.84488404
0.84488404
0.84488404
0.84392708
0.84392708
0.84392708
0.84477041
0.84477041
0.84477041
0.84477041
0.84477041
0.84477041
0.84477041
0.84390637
0.84390637
0.84051491
0.84051491
0.84051491
0.84051491
0.84051491
0.84051491
0.84051491
0.84051491
0.84051491
0.84051491
0.84147348
0.84147348
0.84147348
0.84147348
0.84147348
0.84226574
0.84226574
0.84250241
0.84250241
0.8439789
0.8439789
0.8439789
0.8439789
0.8439789
0.84348413
0.84348413
0.84348413
0.84348413
0.84348413
0.84348413
0.84348413
0.84348413
0.84348413
0.84369605
0.84369605
0.84510817
0.84591591
0.84591591
0.84591591
0.84591591
0.84336079
0.84336079
0.84336079
0.84336079
0.84336079
0.84336079
0.84336079
0.84336079
0.84336079
0.84336079
0.84336079
0.84410563
0.84410563
0.84410563
0.84410563
0.84410563
0.84255898
0.84255898
0.84255898
0.84255898
0.84112643
0.84112643
0.84112643
0.8415534
0.8415534
0.84543144
0.84543144
0.84543144
0.84543144
0.84543144
0.84443706
0.84429893
0.84374684
0.84009636
0.84009636
0.83810307
0.83810307
0.83762185
0.83762185
0.83762185
0.83972556
0.83972556
0.83972556
0.83998993
0.83998993
0.83998993
0.83998993
0.83998993
0.83998993
0.83998993
0.84021174
0.84021174
0.84021174
0.84021174
0.84021174
0.84065308
0.84065308
0.84065308
0.83739471
0.83739471
0.83739471
0.83739471
0.83739471
0.83739471
0.83739471
0.84061071
0.84061071
0.84061071
0.84031963
0.84031963
0.84031963
0.84031963
0.84051619
0.84051619
0.84051619
0.84051619
0.84051619
0.84051619
0.84051619
0.84061675
0.84061675
0.84061675
0.84061675
0.84061675
0.84061675
0.84061675
0.83711069
0.83711069
0.83711069
0.84075479
0.84075479
0.84075479
0.84048614
0.84048614
0.84048614
0.84048614
0.84048614
0.84048614
0.83927487
0.83927487
0.83927487
0.83963731
0.83963731
0.83974291
0.84305949
0.84305949
0.84305949
0.84305949
0.84305949
0.84305949
0.84223106
0.84223106
0.84223106
0.84223106
0.84013101
0.84013101
0.84013101
0.84069938
0.84069938
0.84069938
0.84069938
0.84069938
0.84069938
0.84069938
0.84069938
0.84078987
0.84078987
0.84087468
0.84087468
0.84087468
0.83939053
0.83936099
0.83936099
0.83936099
0.84074965
0.84168893
0.84168893
0.84168893
0.84168893
0.84168893
0.84168893
0.84168893
0.84100731
0.84100731
0.84100731
0.84100731
0.84100731
0.84121337
0.84186745
0.84186745
0.84186745
0.84186745
0.84186745
0.84186745
0.84098984
0.84098984
0.84098984
0.84098984
0.84098984
0.84098984
0.84098984
0.84260693
0.84260693
0.84260693
0.84228905
0.84228905
0.84176067
0.84176067
0.84176067
0.84176067
0.83846131
0.83846131
0.83846131
0.84095816
0.84095816
0.84152571
0.84152571
0.84152571
0.84152571
0.84152571
0.84152571
0.84152571
0.83834889
0.83834889
0.83834889
0.83834889
0.83834889
0.83834889
0.83834889
0.83834889
0.83816128
0.83816128
0.83816128
0.83816128
0.83816128
0.8405709
0.8405709
0.84159814
0.84201415
0.84201415
0.84206902
0.84206902
0.84206902
0.84206902
0.84206902
0.8428575
0.8428575
0.84530685
0.84530685
0.84530685
0.84284226
0.84284226
0.84284226
0.84284226
0.84284226
0.84284226
0.84284226
0.84284226
0.84284226
0.84588234
0.84588234
0.84588234
0.84588234
0.84588234
0.84588234
0.84588234
0.84559828
0.84157278
0.84157278
0.84157278
0.84157278
0.84157278
0.84157278
0.84157278
0.84157278
0.84179983
0.84179983
0.84179983
0.84179983
0.84324965
0.84470944
0.84470944
0.84470944
0.84470944
0.84470944
0.84470944
0.84470944
0.84470944
0.84470944
0.84470944
0.84470944
0.84688032
0.84688032
0.84688032
0.84493123
0.84493123
0.84493123
0.84493123
0.84493123
0.84493123
0.84429603
0.84429603
0.84429603
0.84429603
0.84496998
0.84496998
0.84496998
0.84496998
0.84496998
0.84496998
0.84463978
0.84463978
0.84463978
0.84644399
0.84644399
0.84644399
0.84644399
0.84644399
0.84644399
0.84644399
0.84644399
0.84644399
0.84644399
0.84644399
0.84400304
0.84400304
0.84400304
0.84400304
0.84400304
0.84400304
0.84400304
0.84400304
0.84400304
0.84400304
0.84375731
0.84375731
0.84375731
0.84375731
0.84375731
0.84129405
0.84129405
0.84129405
0.84221341
0.84444768
0.84444768
0.84444768
0.84444768
0.84347382
0.84312146
0.84312146
0.84312146
0.84312146
0.84018251
0.84018251
0.84018251
0.84466351
0.84466351
0.84466351
0.84466351
0.84466351
0.84395379
0.84395379
0.84395379
0.84395379
0.84395379
0.84395379
0.84395379
0.84395379
0.84395379
0.84395379
0.84395379
0.84289445
0.84289445
0.84289445
0.84289445
0.84289445
0.84289445
0.84369756
0.84369756
0.84444056
0.84444056
0.84444056
0.84444056
0.84444056
0.84444056
0.8467826
0.8467826
0.8467826
0.84677021
0.84663631
0.8454963
0.8454963
0.8454963
0.8454963
0.8454963
0.8454963
0.8451819
0.8451819
0.8451819
0.84611008
0.84611008
0.84611008
0.84611008
0.84611008
0.84611008
0.84611008
0.84611008
0.84507263
0.84507263
0.84507263
0.84681924
0.84681924
0.84681924
0.84634491
0.84634491
0.84613671
0.84613671
0.84613671
0.84613671
0.84652294
0.84652294
0.84652294
0.8468348
0.8468348
0.8468348
0.8468348
0.8468348
0.8468348
0.84643372
0.84643372
0.84643372
0.84609786
0.84418036
0.84418036
0.84418036
0.84418036
0.84418036
0.8444882
0.8444882
0.8444882
0.8444882
0.8444882
0.8444882
0.84574382
0.84574382
0.84574382
0.84574382
0.84574382
0.84567916
0.84500921
0.84500921
0.84500921
0.84500921
0.84500921
0.84500921
0.84662202
0.84662202
0.84662202
0.84662202
0.84722331
0.84722331
0.84722331
0.84722331
0.84722331
0.84626872
0.84626872
0.84626872
0.84626872
0.84626872
0.84626872
0.84626872
0.84626872
0.84537203
0.84537203
0.84537203
0.84538837
0.84538837
0.84538837
0.84538837
0.84538837
0.84538837
0.84538837
0.84538837
0.84538837
0.84538837
0.84538837
0.84538837
0.84861875
0.84861875
0.84861875
0.84861875
0.84861875
0.84382708
0.84382708
0.84382708
0.84382708
0.84382708
0.84530344
0.84742916
0.84742916
0.84742916
0.84742916
0.84742916
0.84742916
0.84577247
0.84577247
0.84577247
0.84577247
0.84577247
0.84577247
0.84577247
0.84577247
0.84577247
0.84577247
0.84577247
0.84577247
0.84577247
0.84577247
0.84577247
0.84577247
0.84577247
0.84577247
0.84577247
0.84577247
0.84577247
0.84577247
0.84577247
0.84577247
0.84577247
0.8462326
0.8462326
0.8462326
0.84416172
0.84416172
0.84416172
0.84479678
0.84479678
0.84479678
0.84479678
0.84479678
0.84479678
0.84479678
0.84479678
0.84479678
0.84479678
0.84479678
0.84479678
0.84468887
0.8434658
0.8434658
0.8434658
0.8434658
0.8434658
0.8434658
0.8453185
0.8453185
0.8453185
0.84689204
0.84689204
0.84689204
0.84689204
0.84689204
0.84689204
0.84689204
0.84689204
0.84885664
0.84885664
0.84885664
0.84788805
0.845976
0.84562441
0.84562441
0.84557918
0.84557918
0.84557918
0.84557918
0.84429417
0.84429417
0.84429417
0.84429417
0.84429417
0.84429417
0.8434463
0.840944
0.840944
0.840944
0.840944
0.84049689
0.84017673
0.84017673
0.84017673
0.84017673
0.84017673
0.84017673
0.84017673
0.84017673
0.84017673
0.84024509
0.84024509
0.84024509
0.83995552
0.83995552
0.83995552
0.84262611
0.84262611
0.84262611
0.84262611
0.84262611
0.84332014
0.84332014
0.84332014
0.84332014
0.84332014
0.84332014
0.84332014
0.84332014
0.84332014
0.84332014
0.84308738
0.84308738
0.84308738
0.84308738
0.84308738
0.84412957
0.84412957
0.84412957
0.84472374
0.8450297
0.8450297
0.8450297
0.84357121
0.84357121
0.84357121
0.84357121
0.84357121
0.84419573
0.84419573
0.84419573
0.84316911
0.84316911
0.84316911
0.84316911
0.84020816
0.84020816
0.84020816
0.84344248
0.84344248
0.84344248
0.84344248
0.84344248
0.84344248
0.84344248
0.84344248
0.8440875
0.8440875
0.84470679
0.84470679
0.84470679
0.84470679
0.8455681
0.8455681
0.8455681
0.8455681
0.8455681
0.8455681
0.84595617
0.84595617
0.84595617
0.84595617
0.8462753
0.8462753
0.8462753
0.8462753
0.8462753
0.8462753
0.8462753
0.8462753
0.8462753
0.8462753
0.8462753
0.8462753
0.8462753
0.84400046
0.84400046
0.84400046
0.91491183
0.91602098
0.91602098
0.91602098
0.91602098
0.91525622
0.91525622
0.91525622
0.91525622
0.91512916
0.91512916
0.91512916
0.91512916
0.91512916
0.91512916
0.91512916
0.91512916
0.91512916
0.91671426
0.91671426
0.91671426
0.91671426
0.91671426
0.91671426
0.91671426
0.91308854
0.91308854
0.91308854
0.91351877
0.91351877
0.91485814
0.91485814
0.91485814
0.91485814
0.91485814
0.91485814
0.91485814
0.8478547
0.8478547
0.8478547
0.8478547
0.8478547
0.8478547
0.8478547
0.8478547
0.8478547
0.8478547
0.8478547
0.84997711
0.84997711
0.84997711
0.84997711
0.84997711
0.84997711
0.84997711
0.84997711
0.84997711
0.84697089
0.84697089
0.84697089
0.84869478
0.84869478
0.84869478
0.84869478
0.84869478
0.84869478
0.84869478
0.84869478
0.84869478
0.84869478
0.84869478
0.84869478
0.84869478
0.84869478
0.84869478
0.84945287
0.84945287
0.84945287
0.84945287
0.84945287
0.84945287
0.84945287
0.84945287
0.84945287
0.84945287
0.84899958
0.84899958
0.84899958
0.84899958
0.84899958
0.84899958
0.84899958
0.84899958
0.84814853
0.84814853
0.84814853
0.84814853
0.84814853
0.84814853
0.84814853
0.84814853
0.8454154
0.8454154
0.8454154
0.8454154
0.8453376
0.8453376
0.8453376
0.8453376
0.8453376
0.8453376
0.84550336
0.84550336
0.84550336
0.84550336
0.84756713
0.84756713
0.84756713
0.84756713
0.84756713
0.84756713
0.84756713
0.91459842
0.9173573
0.9173573
0.9173573
0.9173573
0.9173573
0.9186138
0.9186138
0.9186138
0.915619
0.91546784
0.91546784
0.91546784
0.91546784
0.84965533
0.84965533
0.84965533
0.84802484
0.84802484
0.84802484
0.84463965
0.84463965
0.84463965
0.84463965
0.84463965
0.84463965
0.84463965
0.84463965
0.84463965
0.84435724
0.84369744
0.8435182
0.84327294
0.84210601
0.84210601
0.84210601
0.84210601
0.84210601
0.84201313
0.84201313
0.84201313
0.84201313
0.84201313
0.84201313
0.84201313
0.84201313
0.84201669
0.84229977
0.84245346
0.84245346
0.84482016
0.84596127
0.84596127
0.84596127
0.84596127
0.84596127
0.84596127
0.84586754
0.84586754
0.84586754
0.84586754
0.84325787
0.84325787
0.84325787
0.84325787
0.84325787
0.84325787
0.84325787
0.8432623
0.8432623
0.8432623
0.84102036
0.84102036
0.84102036
0.84403944
0.84403944
0.84403944
0.84403944
0.84500446
0.84500446
0.84500446
0.84430543
0.84430543
0.84430543
0.84649424
0.84649424
0.84649424
0.84649424
0.84649424
0.84649424
0.84649424
0.84588521
0.84588521
0.84445438
0.84445438
0.84445438
0.84491371
0.8451573
0.8451573
0.84566694
0.84566694
0.84566694
0.84566694
0.84566694
0.84566694
0.84566694
0.84579201
0.84579201
0.84579201
0.84579201
0.84579201
0.84579201
0.84579201
0.84579201
0.84579201
0.84579201
0.84579201
0.84503484
0.84503484
0.84503484
0.84503484
0.84503484
0.84511631
0.84511631
0.84511631
0.84511631
0.84511631
0.91418788
0.91418788
0.91452137
0.91514584
0.91514584
0.91514584
0.85455324
0.85455324
0.85455324
0.85455324
0.85455324
0.85572847
0.85572847
0.85572847
0.85572847
0.91795752
0.91795752
0.91795752
0.91795752
0.91864378
0.91868396
0.91868396
0.91868396
0.92051147
0.92051147
0.92051147
0.92051147
0.92051147
0.92051147
0.92051147
0.92046629
0.91970702
0.9184194
0.85206431
0.84802115
0.84802115
0.84802115
0.84802115
0.84532816
0.84532816
0.84532816
0.84583707
0.91813309
0.91813309
0.91813309
0.91813309
0.91813309
0.91813309
0.85282057
0.85282057
0.85282057
0.85282057
0.92090383
0.92178918
0.92178918
0.92178918
0.92178918
0.92168193
0.92168193
0.92168193
0.92168193
0.92128059
0.92128059
0.92128059
0.92207525
0.92361489
0.92361489
0.92361489
0.92361489
0.85807522
0.85807522
0.85807522
0.85487755
0.8529821
0.8529821
0.8529821
0.93094162
0.93145135
0.93527166
0.93527166
0.93527166
0.93531578
0.93778665
0.93778665
0.93778665
0.93524419
0.86515535
0.86515535
0.86515535
0.86515535
0.86515535
0.94274674
0.94274674
0.94274674
0.94274674
0.94274674
0.94274674
0.94274674
0.94011959
0.93732316
0.93732316
0.93732316
0.93732316
0.93732316
0.93732316
0.85952576
0.85952576
0.85952576
0.85509924
0.85509924
0.84813762
0.84813762
0.84813762
0.84813762
0.84813762
0.84813762
0.84813762
0.84813762
0.84813762
0.84444489
0.84444489
0.84159309
0.84159309
0.84159309
0.84159309
0.84159309
0.84412679
0.84412679
0.84412679
0.8399313
0.8399313
0.8399313
0.8399313
0.8399313
0.84162483
0.84162483
0.84162483
0.84162483
0.84162483
0.84162483
0.84162483
0.84162483
0.84162483
0.84148898
0.84148898
0.84148898
0.84307842
0.84307842
0.84307842
0.84307842
0.84307842
0.84307842
0.84307842
0.84307842
0.84307842
0.84243628
0.84243628
0.84189169
0.84189169
0.83930769
0.83930769
0.83930769
0.84115739
0.84115739
0.84134654
0.84134654
0.84134654
0.84134654
0.84134654
0.84134654
0.84134654
0.84134654
0.84134654
0.84134654
0.84134654
0.84134654
0.84134654
0.84134654
0.84268592
0.84268592
0.84268592
0.84268592
0.84268592
0.84243594
0.84243594
0.84243594
0.84374235
0.84374235
0.84374235
0.84374235
0.84374235
0.84374235
0.84374235
0.84374235
0.84374235
0.84374235
0.84374235
0.84415327
0.84415327
0.84464398
0.84524346
0.84524346
0.84524346
0.84524346
0.84524346
0.84456228
0.84456228
0.84456228
0.84456228
0.84565663
0.84565663
0.84565663
0.84413391
0.84413391
0.84413391
0.84413391
0.84413391
0.84413391
0.84413391
0.84427724
0.84427724
0.84427724
0.84042571
0.84042571
0.84042571
0.84229518
0.84599109
0.84599109
0.84599109
0.84599109
0.84599109
0.84599109
0.84599109
0.84599109
0.84599109
0.8446637
0.84308023
0.84308023
0.84308023
0.84713961
0.84713961
0.84713961
0.84713961
0.84713961
0.84582387
0.84459135
0.84459135
0.84459135
0.84459135
0.84459135
0.8449073
0.8449073
0.8449073
0.8449073
0.84553121
0.84602727
0.84602727
0.84602727
0.84602727
0.84602727
0.84602727
0.84602727
0.84692972
0.84692972
0.92154284
0.92154284
0.92154284
0.92154284
0.93071521
0.93343587
0.93343587
0.93343587
0.93549895
0.93716563
0.94116442
0.94257305
0.94740906
0.94740906
0.94740906
0.94596939
0.94596939
0.94596939
0.94596939
0.94596939
0.94596939
0.94596939
0.9480954
0.9480954
0.9480954
0.9480954
0.9480954
0.9480954
0.9480954
0.9480954
0.9480954
0.95199421
0.95199421
0.95199421
0.95199421
0.95199421
0.95271278
0.95271278
0.95271278
0.95271278
0.95271278
0.94872915
0.94872915
0.94872915
0.94872915
0.9484351
0.94798194
0.94798194
0.94798194
0.94752682
0.94752682
0.94752682
0.94752682
0.94973208
0.94973208
0.94973208
0.94973208
0.95132408
0.95132408
0.95132408
0.95132408
0.9488979
0.9488979
0.9488979
0.9488979
0.9488979
0.94984533
0.95174307
0.95174307
0.95174307
0.95174307
0.9499771
0.9499771
0.9499771
0.9499771
0.9499771
0.9499771
0.94758261
0.94758261
0.94758261
0.94758261
0.94758261
0.94908618
0.95029238
0.95029238
0.95141466
0.95141466
0.95141466
0.95141466
0.95388267
0.95388267
0.95388267
0.95388267
0.95388267
0.95178009
0.95139092
0.95139092
0.95139092
0.95139092
0.94817588
0.94817588
0.94817588
0.94783077
0.94783077
0.94783077
0.94797136
0.94849728
0.94849728
0.94849728
0.94801434
0.94722864
0.94722864
0.94722864
0.94722864
0.94722864
0.94722864
0.94566446
0.94566446
0.94547395
0.94547395
0.94547395
0.94547395
0.94547395
0.94547395
0.96676769
0.96676769
0.96683675
0.96683675
0.96683675
0.96527889
0.9651263
0.96063374
0.96063374
0.95907774
0.95907774
0.95084522
0.95084522
0.95084522
0.95190268
0.95223827
0.95223827
0.95223827
0.95046214
0.94981523
0.94883778
0.94883778
0.94842254
0.9460169
0.94470859
0.94457399
0.94457399
0.94457399
0.94368175
0.94368175
0.94044191
0.87462011
0.87419285
0.87419285
0.8728871
0.8728871
0.8728871
0.8728871
0.8728871
0.8728871
0.94206281
0.94206281
0.94206281
0.87226665
0.87226665
0.87183543
0.87183543
0.87183543
0.87183543
0.87183543
0.87183543
0.87051275
0.87051275
0.87051275
0.87051275
0.87051275
0.87051275
0.87051275
0.86919514
0.86919514
0.86919514
0.86929031
0.86929031
0.86929031
0.8692752
0.8692752
0.8692752
0.87131611
0.87131611
0.87131611
0.87131611
0.87131611
0.87131611
0.86905394
0.86905394
0.86613994
0.86613994
0.86613994
0.86369794
0.86369794
0.861675
0.861675
0.85678649
0.85678649
0.85678649
0.85678649
0.85678649
0.9187564
0.9187564
0.9187564
0.9187564
0.9187564
0.91676672
0.85743828
0.85658742
0.85640495
0.85640495
0.85640495
0.86085047
0.91421352
0.91421352
0.91421352
0.91421352
0.91687544
0.91718114
0.91875408
0.91961793
0.91961793
0.91961793
0.91961793
0.91961793
0.91961793
0.9183803
0.91136913
0.90978486
0.84249682
0.84249682
0.84249682
0.84249682
0.84249682
0.84249682
0.84255142
0.84255142
0.84576473
0.84898744
0.85377648
0.85377648
0.85377648
0.8529111
0.8529111
0.85025783
0.85025783
0.84796028
0.84796028
0.84796028
0.84822502
0.84822502
0.85091992
0.85091992
0.85091992
0.84829556
0.84829556
0.84829556
0.84829556
0.84829556
0.84829556
0.84829556
0.84829556
0.84829556
0.84957881
0.84957881
0.85223962
0.85223962
0.85223962
0.85157059
0.85157059
0.85157059
0.85341102
0.85341102
0.85341102
0.85341102
0.85341102
0.85339332
0.85339332
0.85339332
0.85339332
0.85339332
0.85339332
0.85339332
0.85339332
0.85264566
0.85264566
0.85264566
0.8522456
0.85193931
0.85193931
0.85193931
0.85241924
0.85241924
0.85241924
0.85044434
0.85044434
0.84859259
0.84859259
0.84760283
0.84760283
0.84760283
0.8489815
0.8489815
0.8489815
0.84928851
0.84928851
0.84928851
0.84928851
0.84995221
0.84995221
0.84995221
0.85189713
0.85225347
0.85225347
0.85225347
0.85225347
0.85225347
0.85225347
0.85217052
0.85217052
0.85217052
0.85217052
0.85217052
0.85217052
0.85217052
0.85248158
0.85248158
0.85276261
0.85276261
0.85276261
0.84948583
0.84948583
0.84948583
0.85112469
0.85112469
0.85112469
0.85112469
0.85112469
0.85112469
0.85112469
0.85112469
0.85112469
0.85112469
0.85022876
0.85022876
0.85022876
0.85022876
0.85033702
0.85169599
0.85169599
0.85169599
0.85169599
0.85157309
0.85154134
0.85014408
0.84954347
0.84954347
0.84954347
0.84954347
0.84954347
0.84954347
0.84954347
0.84954347
0.84954347
0.84954347
0.84954347
0.84954347
0.84954347
0.84954347
0.8479729
0.8479729
0.8479729
0.8479729
0.84624819
0.84624819
0.84624819
0.84624819
0.84514765
0.84453872
0.84453872
0.84453872
0.84453872
0.84453872
0.84453872
0.84453872
0.84653933
0.84858672
0.91627614
0.91634828
0.91634828
0.91634828
0.91634828
0.91634828
0.91477106
0.91477106
0.91477106
0.84754047
0.84754047
0.84754047
0.84754047
0.84754047
0.84754047
0.84754047
0.84905433
0.90879253
0.90879253
0.90879253
0.90879253
0.9094152
0.9097122
0.9097122
0.91103952
0.91103952
0.91103952
0.91103952
0.91396208
0.91396208
0.91396208
0.91396208
0.91396208
0.91396208
0.91303312
0.84848423
0.84848423
0.84848423
0.84583236
0.84583236
0.84583236
0.84335848
0.84335848
0.84335848
0.84335848
0.84335848
0.84335848
0.84376205
0.84376205
0.84376205
0.84376205
0.84305559
0.84305559
0.84305559
0.84305559
0.84305559
0.84305559
0.84305559
0.84305559
0.84305559
0.84305559
0.84305559
0.84305559
0.84470448
0.84470448
0.84470448
0.84470448
0.84470448
0.84470448
0.84493158
0.84493158
0.84593751
0.84593751
0.84593751
0.84593751
0.84593751
0.84593751
0.84593751
0.84593751
0.84593751
0.84593751
0.84593751
0.84593751
0.84593751
0.84593751
0.84679581
0.84679581
0.84679581
0.84679581
0.84679581
0.84527395
0.84527395
0.84527395
0.84851172
0.84851172
0.84922429
0.84922429
0.84922429
0.84922429
0.84922429
0.84922429
0.85161901
0.85161901
0.85161901
0.85161901
0.85161901
0.85102586
0.85102586
0.85102586
0.85102586
0.84852471
0.84852471
0.84852471
0.84852471
0.84717124
0.84717124
0.84717124
0.84717124
0.84717124
0.84717124
0.84717124
0.84717124
0.84717124
0.84777519
0.84777519
0.84777519
0.84777519
0.84815941
0.84815941
0.84815941
0.84780163
0.84780163
0.84780163
0.84784342
0.84784342
0.84784342
0.84784342
0.84784342
0.84733099
0.84733099
0.84733099
0.84733099
0.84733099
0.84780854
0.84787142
0.84787142
0.84787142
0.84787142
0.84787142
0.84787142
0.84712424
0.84712424
0.84712424
0.84813769
0.84826815
0.84826815
0.84826815
0.85097457
0.85097457
0.85151656
0.85151656
0.85151656
0.85129799
0.85129799
0.85129799
0.85129799
0.85129799
0.85234102
0.85234102
0.85234102
0.85225312
0.85225312
0.85225312
0.85225312
0.85193719
0.85193719
0.85193719
0.85193719
0.85193719
0.85193719
0.85264147
0.85264147
0.85264147
0.85264147
0.85264147
0.85264147
0.85264147
0.85264147
0.85264147
0.85264147
0.85264147
0.85424175
0.85424175
0.85424175
0.85424175
0.85424175
0.85424175
0.85424175
0.85424175
0.85424175
0.85424175
0.85424175
0.85114392
0.85114392
0.85114392
0.85114392
0.85086797
0.85086797
0.85086797
0.85086797
0.85086797
0.85086797
0.85086797
0.85086797
0.85086797
0.85086797
0.85086797
0.84869049
0.84869049
0.84869049
0.84869049
0.84869049
0.84734331
0.84734331
0.84734331
0.84871236
0.85131919
0.85346698
0.85346698
0.85346698
0.85346698
0.85346698
0.85346698
0.85346698
0.85346698
0.85346698
0.85305145
0.85305145
0.85165112
0.85077304
0.85077304
0.85077304
0.85127404
0.85127404
0.85127404
0.85127404
0.85127404
0.85127404
0.85024264
0.84903564
0.84879659
0.84879659
0.84879659
0.84879659
0.84879659
0.84809855
0.84768326
0.84768326
0.84768326
0.84768326
0.84799002
0.84799002
0.84799002
0.84799002
0.84799002
0.84882339
0.84901788
0.84901845
0.84901845
0.85187706
0.85187706
0.85187706
0.85187706
0.85187706
0.85187706
0.85187706
0.85181982
0.85181982
0.85181982
0.85181982
0.85272231
0.92482044
0.92482044
0.92482044
0.89526549
0.89526549
0.89526549
0.89526549
0.88849083
0.81507099
0.75664061
0.75664061
0.21773749
0.21773749
0.21773749
0.65542682
0.65542682
0.65542682
0.20662175
0.03060431
0.03060431
0.03060431
0.03209183
0.03209183
0.03209183
0.03209183
0.03209183
0.03209183
0.03209183
0.03209183
0.03209183
0.02154986
0.00311394
0.00311394
0.00311394
0.010543
0.010543
0.010543
0.010543
0.11901291
0.3432992
0.78333934
0.85576041
0.92433916
0.92437877
0.95675702
0.95675702
0.95675702
0.94625398
0.94625398
0.92557782
0.92251909
0.91482249
0.91482249
0.91482249
0.91482249
0.91134087
0.89738297
0.89738297
0.89738297
0.90207114
0.92037189
0.93807377
0.93807377
0.93807377
0.93807377
0.94148584
0.94148584
0.94148584
0.94148584
0.94148584
0.94148584
0.94148584
0.94148584
0.94095297
0.94095297
0.94095297
0.94095297
0.93627577
0.93116332
0.93116332
0.93116332
0.93116332
0.93551333
0.94604553
0.94604553
0.94604553
0.95010557
0.95010557
0.95010557
0.94242213
0.93513361
0.9162798
0.9142507
0.91247208
0.91247208
0.91247208
0.91247208
0.91247208
0.91247208
0.91247208
0.91247208
0.91247208
0.91149038
0.91149038
0.86746031
0.83836024
0.83836024
0.83836024
0.84809037
0.8651947
0.8651947
0.8651947
0.86177803
0.86177803
0.86177803
0.86495064
0.86495064
0.86495064
0.83946133
0.83946133
0.83946133
0.88430691
0.89308633
0.90499924
0.94096224
0.94096224
0.94096224
0.94779778
0.95483456
0.95483456
0.95605744
0.95605744
0.96191653
0.96726415
0.96726415
0.96726415
0.96774207
0.96955142
0.96955142
0.96955142
0.9616356
0.9616356
0.9616356
0.9616356
0.9616356
0.95544809
0.95544809
0.95544809
0.95844902
0.95844902
0.95844902
0.95882283
0.95882283
0.95882283
0.94137079
0.9335678
0.9335678
0.9335678
0.91813687
0.91813687
0.91813687
0.91813687
0.91791166
0.91495354
0.91495354
0.77697162
0.77697162
0.77697162
0.94019938
0.94019938
0.94019938
0.9311035
0.90415506
0.89024107
0.89024107
0.89024107
0.89024107
0.89024107
0.89024107
0.89024107
0.89024107
0.66347108
0.32037941
0.19094051
0.19094051
0.19094051
0.29941197
0.55062392
0.64600305
0.73374278
0.76699777
0.81004572
0.86048863
0.895561
0.92347194
0.94423646
0.9470162
0.94874082
0.94874082
0.94874082
0.94300014
0.93428461
0.92971156
0.92017541
0.9114784
0.90076373
0.90076373
0.90038355
0.90038355
0.88556037
0.88556037
0.88556037
0.88556037
0.87941956
0.87281115
0.87281115
0.87281115
0.87281115
0.87281115
0.85977543
0.72342405
0.72342405
0.60381397
0.60381397
0.60381397
0.65510755
0.65510755
0.65510755
0.23153833
0.07491842
0.07491842
0.07491842
0.1672642
0.2484914
0.2484914
0.2484914
0.2484914
0.26427929
0.4362168
0.68072317
0.68072317
0.68072317
0.68072317
0.68072317
0.68072317
0.76082142
0.79485654
0.79485654
0.82418676
0.82418676
0.82418676
0.78572265
0.78572265
0.78572265
0.78572265
0.64578289
0.64578289
0.64578289
0.64578289
0.64578289
0.64578289
0.64578289
0.64578289
0.64578289
0.59293484
0.59293484
0.59293484
0.59293484
0.61797621
0.61797621
0.61797621
0.61797621
0.60061335
0.16777051
0.16763184
0.16763184
0.16763184
0.16837178
0.16837178
0.35479117
0.51139113
0.67097973
0.73421231
0.73421231
0.73421231
0.73421231
0.73421231
0.73421231
0.73344887
0.68488267
0.68488267
0.68488267
0.72188571
0.72188571
0.72188571
0.72188571
0.72188571
0.78669614
0.81367366
0.81367366
0.81367366
0.81367366
0.81367366
0.81367366
0.80444801
0.64671687
0.46041924
0.31764228
0.25011799
0.25011799
0.25011799
0.43672635
0.71623635
0.74297815
0.74297815
0.74297815
0.68749335
0.68749335
0.68749335
0.68749335
0.68749335
0.67001242
0.65202968
0.65202968
0.65202968
0.65202968
0.65202968
0.65202968
0.65202968
0.65202968
0.56263723
0.56263723
0.56263723
0.65356933
0.65356933
0.7004508
0.7004508
0.73392424
0.73392424
0.73392424
0.73392424
0.73392424
0.78387734
0.78387734
0.78387734
0.71529163
0.62900586
0.62802643
0.62802643
0.62802643
0.62802643
0.68750281
0.68750281
0.72543671
0.72543671
0.72543671
0.72543671
0.72543671
0.74914937
0.74914937
0.75025393
0.75025393
0.75025393
0.7358922
0.7358922
0.7358922
0.76872295
0.76872295
0.76872295
0.43032209
0.34596124
0.34596124
0.34596124
0.34596124
0.34596124
0.34596124
0.36005919
0.36005919
0.36005919
0.36005919
0.36005919
0.37038872
0.41164626
0.47435744
0.49913723
0.49913723
0.49913723
0.49913723
0.50955962
0.53314033
0.5459917
0.5459917
0.59822069
0.6661611
0.71355164
0.76766761
0.80458118
0.83581476
0.86822229
0.92821333
0.92857096
0.96407338
0.96407338
0.96407338
0.96407338
0.96407338
0.96407338
0.94622682
0.9350183
0.93499281
0.93499281
0.93499281
0.92945834
0.92229983
0.92229983
0.92229983
0.92452047
0.94532361
0.96657766
0.96657766
0.96657766
0.96657766
0.96657766
0.96657766
0.96657766
0.97086834
0.97086834
0.97086834
0.97086834
0.97086834
0.97086834
0.97086834
0.97086834
0.97820693
0.98415005
0.98643183
0.98643183
0.99443097
0.99443097
0.99443097
0.99222136
0.98943104
0.98943104
0.98501117
0.9752085
0.96604024
0.96121682
0.90144099
0.89751738
0.89751738
0.89751738
0.89751738
0.90805371
0.92000577
0.92000577
0.92387297
0.93309998
0.93614027
0.94572407
0.94879966
0.94879966
0.94879966
0.94919931
0.94919931
0.94919931
0.94919931
0.94919931
0.94919931
0.94919931
0.94919931
0.94919931
0.94848246
0.93666533
0.92558554
0.92052963
0.92052963
0.92052963
0.92444789
0.92444789
0.92444789
0.91515768
0.91515768
0.91515768
0.91515768
0.91515768
0.91515768
0.91515768
0.93329185
0.93407119
0.93407119
0.9855403
0.9855403
0.9855403
0.97890314
0.97890314
0.97890314
0.97911093
0.98130048
0.98427409
0.98427409
0.98427409
0.97868309
0.93000063
0.93000063
0.92899962
0.92899962
0.92899962
0.93112347
0.9436979
0.94433416
0.94433416
0.94439995
0.94439995
0.94439995
0.94260574
0.94260574
0.93436983
0.93436983
0.93436983
0.94126184
0.9830164
0.98369518
0.98369518
0.98923852
0.99500175
0.99606859
0.9963016
0.9963016
0.9963016
0.99499298
0.99384593
0.99384593
0.99384593
0.99290775
0.99218349
0.99218349
0.99218349
0.928705
0.928705
0.928705
0.92872996
0.92872996
0.93044689
0.93228982
0.93228982
0.93228982
0.93300306
0.9353276
0.9383455
0.93930033
0.93939641
0.94390034
0.94390034
0.94476562
0.94612065
0.94612065
0.94612065
0.94612065
0.99875272
0.99875272
0.99875272
0.92263583
0.92263583
0.92263583
0.92263583
0.92263583
0.92263583
0.92263583
0.92263583
0.95701867
0.95701867
0.95701867
