0.25458293
0.23736944
0.26401507
0.26401507
0.26401507
0.26401507
0.26401507
0.2899521
0.2899521
0.2899521
0.2899521
0.31509235
0.31509235
0.31509235
0.31509235
0.34653548
0.35309501
0.39948435
0.42717362
0.42717362
0.42717362
0.42717362
0.42717362
0.42717362
0.43175146
0.4425009
0.4425009
0.4769831
0.4769831
0.4769831
0.4769831
0.4769831
0.4769831
0.49646835
0.49646835
0.54650536
0.54650536
0.54650536
0.54650536
0.54650536
0.54650536
0.54650536
0.53368514
0.52849724
0.52817747
0.52817747
0.52817747
0.53468763
0.53468763
0.54131622
0.54131622
0.54131622
0.53776258
0.53776258
0.53776258
0.53776258
0.53776258
0.51542249
0.51542249
0.49587234
0.45124458
0.45124458
0.45124458
0.47693305
0.47693305
0.47693305
0.47593033
0.47593033
0.47465352
0.46728945
0.46728945
0.46728945
0.46728945
0.46728945
0.46728945
0.46728945
0.46728945
0.46728945
0.45739268
0.45739268
0.45739268
0.45739268
0.39754494
0.39754494
0.39754494
0.39488435
0.37186334
0.37186334
0.37107186
0.37107186
0.37107186
0.37826406
0.38890272
0.38890272
0.38890272
0.38506901
0.38506901
0.38506901
0.38506901
0.38506901
0.36148698
0.34528566
0.29420657
0.29420657
0.29420657
0.29420657
0.29420657
0.29420657
0.29420657
0.29420657
0.29420657
0.29420657
0.29420657
0.30550826
0.30550826
0.30550826
0.3125069
0.3125069
0.33351775
0.33351775
0.33351775
0.33351775
0.33351775
0.33951784
0.33951784
0.33951784
0.32141445
0.32141445
0.32141445
0.32141445
0.32141445
0.32141445
0.32141445
0.32141445
0.26531212
0.26531212
0.26531212
0.28337479
0.28337479
0.28337479
0.28337479
0.29929695
0.32902855
0.32902855
0.32902855
0.27621397
0.27621397
0.27621397
0.27621397
0.27621397
0.27621397
0.27621397
0.27621397
0.27621397
0.27621397
0.28954213
0.28954213
0.28954213
0.31493961
0.31493961
0.31493961
0.31493961
0.32462741
0.32462741
0.32462741
0.32462741
0.33423478
0.34500233
0.34500233
0.34500233
0.34500233
0.34503315
0.34503315
0.34503315
0.34503315
0.34503315
0.34503315
0.34503315
0.34503315
0.34503315
0.34503315
0.34503315
0.31552932
0.31552932
0.31552932
0.31552932
0.31552932
0.33414863
0.35226753
0.35226753
0.35226753
0.35226753
0.35226753
0.35226753
0.3166841
0.3166841
0.3166841
0.33230246
0.33768956
0.33768956
0.33768956
0.33768956
0.33768956
0.33768956
0.33768956
0.33768956
0.32310079
0.32310079
0.32310079
0.32310551
0.32310551
0.32310551
0.32262311
0.32262311
0.32262311
0.32262311
0.3206188
0.3206188
0.3206188
0.3206188
0.3206188
0.3206188
0.3206188
0.3206188
0.3206188
0.3206188
0.29254981
0.29254981
0.29254981
0.29837005
0.29837005
0.29837005
0.29837005
0.29837005
0.30150326
0.30150326
0.30150326
0.30150326
0.30150326
0.27737674
0.26448903
0.26448903
0.26448903
0.39721044
0.39721044
0.39721044
0.39358898
0.39358898
0.39358898
0.41253728
0.53541973
0.55562099
0.55562099
0.55562099
0.52981769
0.52981769
0.52981769
0.52981769
0.52075785
0.52075785
0.51695114
0.51695114
0.51695114
0.51695114
0.47152706
0.45541391
0.45541391
0.45541391
0.46215622
0.46215622
0.46215622
0.45020048
0.45020048
0.45020048
0.45020048
0.45020048
0.4394913
0.4394913
0.4394913
0.46409731
0.46409731
0.46409731
0.45937022
0.45937022
0.42857551
0.42857551
0.42857551
0.42857551
0.42074299
0.42074299
0.42074299
0.42228063
0.42228063
0.42228063
0.42228063
0.436561
0.436561
0.436561
0.43002677
0.43002677
0.43002677
0.44898069
0.44898069
0.44898069
0.44898069
0.44898069
0.44507163
0.44285149
0.44285149
0.44285149
0.44285149
0.44285149
0.43634808
0.43634808
0.41700095
0.41700095
0.41700095
0.42336984
0.44627342
0.44627342
0.44627342
0.48971862
0.48971862
0.48971862
0.48971862
0.50829597
0.50899276
0.50995183
0.50995183
0.50995183
0.50995183
0.50995183
0.50378877
0.48620333
0.46705933
0.46705933
0.46705933
0.47994985
0.47994985
0.48419543
0.48419543
0.48733652
0.48733652
0.51496157
0.51496157
0.51496157
0.51496157
0.51496157
0.51496157
0.51496157
0.50661751
0.50661751
0.50661751
0.50661751
0.50661751
0.50661751
0.47790224
0.46767356
0.46766501
0.46766501
0.46766501
0.46766501
0.46766501
0.51214351
0.51214351
0.51214351
0.51214351
0.51026889
0.51026889
0.51026889
0.50073677
0.47839949
0.47839949
0.47839949
0.47839949
0.47839949
0.47839949
0.48150087
0.48150087
0.48150087
0.48150087
0.48778968
0.48778968
0.54005211
0.54005211
0.54005211
0.54005211
0.54005211
0.54005211
0.53644516
0.53644516
0.52655131
0.52199631
0.50710869
0.5002971
0.5002971
0.5002971
0.5002971
0.5002971
0.50020094
0.50020094
0.47848272
0.47848272
0.47848272
0.47848272
0.47848272
0.47848272
0.47848272
0.47473383
0.45530481
0.42060757
0.42060757
0.42060757
0.44699416
0.44699416
0.44699416
0.44699416
0.45069931
0.45069931
0.45069931
0.45069931
0.47693957
0.47693957
0.47693957
0.45973396
0.45973396
0.39030652
0.39030652
0.39030652
0.3969107
0.47518845
0.47518845
0.4880459
0.4880459
0.4880459
0.4880459
0.46771315
0.4224021
0.4224021
0.4224021
0.42414299
0.48127536
0.48127536
0.48127536
0.48127536
0.48127536
0.47749756
0.44645946
0.44357279
0.44357279
0.44357279
0.45917586
0.45917586
0.45917586
0.45917586
0.45917586
0.47342687
0.50597809
0.52646493
0.52646493
0.52646493
0.52646493
0.52805634
0.55122817
0.55122817
0.55122817
0.55122817
0.55122817
0.55122817
0.55122817
0.55122817
0.57043674
0.57043674
0.57043674
0.57043674
0.57043674
0.57043674
0.57043674
0.56660866
0.51645895
0.45582411
0.45582411
0.45582411
0.47870542
0.49477549
0.50216328
0.53079814
0.53079814
0.56062713
0.56062713
0.56062713
0.53932564
0.53932564
0.53932564
0.53932564
0.53932564
0.53932564
0.53932564
0.53932564
0.54919306
0.58753145
0.58753145
0.60005529
0.60005529
0.60005529
0.57815071
0.55976108
0.54226764
0.54226764
0.54226764
0.54226764
0.54226764
0.54226764
0.54226764
0.51641486
0.51641486
0.51641486
0.51641486
0.51641486
0.51641486
0.51641486
0.51641486
0.51641486
0.51641486
0.51641486
0.51641486
0.51641486
0.51641486
0.51641486
0.53403966
0.53403966
0.56178022
0.56178022
0.56178022
0.59914177
0.61961646
0.63941102
0.63941102
0.63941102
0.63941102
0.64572434
0.64572434
0.64572434
0.64577529
0.64577529
0.64577529
0.66595575
0.66595575
0.66595575
0.66595575
0.6709083
0.67698925
0.67698925
0.67698925
0.70272849
0.70272849
0.70272849
0.70272849
0.70676893
0.70676893
0.70676893
0.70161837
0.70012852
0.6971728
0.6971728
0.6971728
0.6971728
0.6971728
0.6971728
0.6971728
0.6971728
0.6971728
0.6971728
0.6971728
0.6971728
0.6971728
0.6971728
0.6971728
0.68993358
0.68993358
0.68993358
0.68993358
0.68993358
0.67204199
0.67204199
0.67204199
0.67204199
0.67204199
0.67204199
0.67204199
0.67080966
0.67080966
0.67080966
0.67080966
0.67080966
0.67080966
0.67080966
0.67080966
0.67080966
0.62676997
0.62676997
0.62676997
0.8257954
0.8257954
0.8257954
0.83924272
0.83924272
0.83924272
0.83437493
0.70751306
0.61175706
0.61175706
0.61175706
0.69472788
0.69738166
0.69738166
0.69738166
0.69738166
0.70429954
0.78598893
0.78598893
0.78598893
0.78598893
0.78598893
0.83637085
0.84444395
0.84444395
0.84444395
0.84444395
0.84444395
0.85053356
0.85053356
0.85053356
0.8266925
0.81306072
0.75584422
0.75584422
0.75584422
0.7752076
0.7752076
0.78641465
0.78641465
0.78641465
0.78641465
0.78641465
0.78641465
0.76931792
0.76931792
0.76931792
0.78450916
0.78840416
0.78840416
0.78840416
0.78840416
0.78840416
0.76018788
0.76018788
0.76018788
0.76650672
0.76650672
0.76650672
0.76650672
0.75418972
0.75418972
0.75418972
0.75279463
0.75279463
0.75279463
0.75279463
0.73864918
0.73864918
0.73508058
0.73508058
0.73508058
0.73508058
0.73508058
0.7216296
0.7216296
0.7216296
0.7216296
0.7216296
0.7216296
0.7216296
0.71068018
0.71068018
0.71068018
0.72070096
0.72070096
0.72070096
0.71160051
0.69129987
0.69129987
0.69129987
0.71103526
0.71103526
0.71103526
0.69886442
0.69066861
0.69066861
0.69066861
0.7070987
0.7070987
0.7070987
0.7070987
0.7070987
0.71874581
0.72721184
0.72721184
0.72721184
0.72721184
0.72721184
0.71737474
0.6934622
0.6934622
0.6934622
0.6934622
0.6934622
0.6934622
0.6934622
0.6934622
0.6934622
0.69732059
0.70767817
0.70767817
0.70767817
0.70405541
0.70405541
0.70405541
0.72120546
0.72120546
0.72120546
0.72120546
0.70441196
0.67588582
0.67588582
0.67588582
0.67588582
0.67588582
0.67588582
0.67588582
0.67588582
0.67588582
0.67588582
0.68126475
0.68126475
0.68126475
0.68126475
0.68126475
0.68126475
0.68126475
0.73335308
0.73335308
0.73335308
0.73335308
0.73335308
0.73335308
0.73335308
0.73335308
0.73335308
0.73335308
0.73335308
0.73335308
0.73335308
0.73335308
0.73335308
0.73335308
0.73335308
0.73335308
0.73335308
0.73335308
0.73335308
0.73335308
0.73335308
0.73335308
0.72560025
0.72560025
0.71284808
0.71284808
0.69000394
0.69000394
0.69000394
0.69000394
0.69000394
0.69000394
0.67774379
0.67774379
0.67774379
0.69351506
0.69351506
0.69351506
0.69351506
0.69351506
0.67356057
0.67356057
0.66486205
0.66486205
0.66486205
0.66486205
0.66486205
0.66486205
0.66486205
0.66486205
0.65668051
0.65668051
0.65668051
0.65668051
0.63886788
0.63886788
0.63886788
0.66103138
0.66698692
0.66698692
0.66698692
0.66698692
0.66698692
0.68687809
0.7059153
0.7059153
0.7059153
0.69686985
0.69686985
0.69548725
0.69548725
0.69548725
0.69605351
0.69605351
0.69605351
0.67743864
0.67415713
0.67415713
0.67300387
0.67300387
0.67300387
0.67300387
0.67300387
0.67300387
0.69680816
0.69680816
0.71783937
0.7327149
0.7327149
0.7327149
0.7045507
0.7045507
0.7045507
0.7045507
0.7045507
0.7045507
0.7045507
0.7045507
0.68689052
0.68689052
0.68689052
0.68689052
0.68689052
0.68689052
0.68689052
0.68689052
0.68689052
0.68689052
0.71044449
0.71247517
0.71247517
0.71247517
0.69743712
0.69743712
0.69509826
0.69509826
0.69509826
0.69509826
0.69509826
0.69509826
0.69509826
0.69509826
0.69509826
0.69509826
0.69509826
0.69509826
0.69509826
0.67923132
0.67923132
0.67923132
0.70259633
0.70484302
0.70484302
0.71384292
0.71384292
0.71384292
0.71384292
0.72184005
0.72184005
0.72184005
0.72184005
0.72189943
0.72189943
0.72189943
0.72189943
0.72189943
0.72189943
0.72189943
0.72189943
0.72189943
0.72399321
0.72399321
0.74253699
0.74253699
0.74253699
0.74253699
0.74253699
0.74253699
0.74047988
0.74047988
0.74047988
0.74047988
0.74047988
0.74047988
0.74047988
0.74047988
0.74047988
0.74047988
0.74047988
0.75481288
0.75481288
0.75481288
0.7340326
0.7340326
0.7340326
0.7340326
0.7340326
0.7340326
0.7340326
0.73053626
0.73053626
0.73053626
0.73053626
0.72223944
0.71884085
0.71884085
0.71884085
0.73704366
0.73704366
0.73704366
0.72551111
0.72282589
0.71607824
0.71607824
0.71607824
0.72808707
0.72808707
0.72808707
0.7133027
0.7133027
0.7133027
0.71945344
0.71945344
0.71945344
0.71945344
0.71945344
0.71945344
0.71855437
0.71524272
0.71524272
0.71524272
0.71524272
0.71524272
0.71524272
0.71524272
0.71524272
0.71524272
0.71524272
0.69098758
0.69098758
0.69098758
0.69098758
0.69098758
0.69098758
0.69098758
0.71339099
0.71601441
0.71601441
0.71846687
0.71846687
0.71846687
0.70861689
0.70861689
0.70861689
0.70861689
0.70861689
0.70861689
0.70861689
0.70861689
0.70861689
0.70861689
0.70861689
0.70861689
0.71873
0.71873
0.71873
0.71873
0.73275612
0.82790858
0.82790858
0.82790858
0.82790858
0.8284213
0.8284213
0.8284213
0.80549471
0.80549471
0.80489966
0.80489966
0.7982326
0.7982326
0.7982326
0.7982326
0.7982326
0.7982326
0.7982326
0.7982326
0.7982326
0.78649417
0.76239222
0.76239222
0.74232739
0.74232739
0.73342118
0.73342118
0.73342118
0.73703972
0.74391823
0.7515474
0.75472549
0.75472549
0.75472549
0.74411433
0.7413853
0.7413853
0.7413853
0.72251079
0.72251079
0.72251079
0.72251079
0.70678141
0.70678141
0.70678141
0.70678141
0.70678141
0.70678141
0.70678141
0.70678141
0.70678141
0.70678141
0.70678141
0.72501099
0.72501099
0.72501099
0.71812146
0.69937028
0.69937028
0.69937028
0.69937028
0.70506015
0.70506015
0.70506015
0.70506015
0.72957443
0.72957443
0.72957443
0.72414702
0.72414702
0.72414702
0.72414702
0.71707584
0.71707584
0.71707584
0.7226813
0.7226813
0.7226813
0.73060555
0.73060555
0.73060555
0.73060555
0.73060555
0.73060555
0.72473942
0.72473942
0.72473942
0.72473942
0.72473942
0.72473942
0.72473942
0.72473942
0.72473942
0.72473942
0.72473942
0.73149696
0.73149696
0.73149696
0.69914026
0.69914026
0.69914026
0.70667135
0.71715901
0.71715901
0.71715901
0.71715901
0.71715901
0.71715901
0.71715901
0.71715901
0.69848307
0.69848307
0.68565307
0.68565307
0.68565307
0.68565307
0.68565307
0.68565307
0.68565307
0.68779802
0.68779802
0.68779802
0.68779802
0.68779802
0.68678817
0.68678817
0.68678817
0.68678817
0.68678817
0.68678817
0.6872519
0.70138954
0.70138954
0.70138954
0.69096171
0.69096171
0.68544049
0.6814667
0.6814667
0.66813917
0.65502354
0.65502354
0.65502354
0.6801963
0.68657014
0.68657014
0.68657014
0.68657014
0.68657014
0.68657014
0.68657014
0.68657014
0.68657014
0.68657014
0.68657014
0.68441039
0.68441039
0.68441039
0.68441039
0.68441039
0.67073582
0.67073582
0.67073582
0.68892598
0.70168821
0.71671592
0.71671592
0.71671592
0.71671592
0.71671592
0.71671592
0.69573031
0.69573031
0.69573031
0.69573031
0.68960454
0.68933775
0.68933775
0.68933775
0.68251024
0.68251024
0.68251024
0.6812178
0.67741238
0.67741238
0.67741238
0.67741238
0.67741238
0.68742613
0.68742613
0.68742613
0.68742613
0.68742613
0.68742613
0.68742613
0.68742613
0.68742613
0.68742613
0.68742613
0.68742613
0.68742613
0.68742613
0.68742613
0.68742613
0.68742613
0.6854856
0.6854856
0.6854856
0.67319373
0.67319373
0.67319373
0.67319373
0.67319373
0.67319373
0.67319373
0.67319373
0.67319373
0.67319373
0.67319373
0.67319373
0.67319373
0.67319373
0.67319373
0.67319373
0.67319373
0.67424829
0.67544801
0.67544801
0.67544801
0.67544801
0.67544801
0.68393176
0.69003009
0.69003009
0.69003009
0.69003009
0.66781299
0.66440945
0.66440945
0.66440945
0.66440945
0.66440945
0.66440945
0.66503233
0.67562144
0.67562144
0.67562144
0.67220654
0.67220654
0.67220654
0.74456226
0.74456226
0.74456226
0.74456226
0.74456226
0.74456226
0.74456226
0.73928483
0.72502972
0.72502972
0.72502972
0.72502972
0.72502972
0.72502972
0.72502972
0.72502972
0.7194003
0.7194003
0.7194003
0.7194003
0.7194003
0.7194003
0.7194003
0.7194003
0.7194003
0.7194003
0.7194003
0.71803626
0.71747928
0.71747928
0.71747928
0.70187009
0.69968402
0.69968402
0.69968402
0.70404917
0.70404917
0.70404917
0.70404917
0.70404917
0.70404917
0.68450538
0.68450538
0.68450538
0.68450538
0.68450538
0.68450538
0.68450538
0.68450538
0.68450538
0.68450538
0.68712582
0.69892662
0.69892662
0.69892662
0.69892662
0.69892662
0.69892662
0.69892662
0.69892662
0.69892662
0.69892662
0.69892662
0.69892662
0.69684651
0.69684651
0.69684651
0.70259448
0.70999813
0.71412607
0.71412607
0.71412607
0.69641449
0.69641449
0.69641449
0.69641449
0.69641449
0.69641449
0.69641449
0.69641449
0.69641449
0.69641449
0.69718568
0.69718568
0.69718568
0.69718568
0.69718568
0.69718568
0.68657576
0.68657576
0.68657576
0.69227238
0.69227238
0.69227238
0.6749151
0.6749151
0.67073228
0.67073228
0.67073228
0.67073228
0.67073228
0.67073228
0.65851768
0.65851768
0.65851768
0.67938491
0.67938491
0.67938491
0.67938491
0.67938491
0.67938491
0.67938491
0.67938491
0.67938491
0.66954297
0.66954297
0.66954297
0.66954297
0.66954297
0.66954297
0.68116876
0.68116876
0.68116876
0.68116876
0.68116876
0.69488664
0.69488664
0.69488664
0.68435657
0.6710895
0.6710895
0.6710895
0.6710895
0.6710895
0.6710895
0.67657062
0.67657062
0.67657062
0.67657062
0.68437052
0.68437052
0.68437052
0.68437052
0.68437052
0.68437052
0.68437052
0.68437052
0.68437052
0.67293431
0.67293431
0.67293431
0.68596305
0.68596305
0.68596305
0.67756771
0.67756771
0.67756771
0.68968659
0.68968659
0.68968659
0.65357632
0.64566406
0.64566406
0.64566406
0.64566406
0.66194332
0.66194332
0.66194332
0.65120175
0.64953184
0.64953184
0.64953184
0.64953184
0.64953184
0.64953184
0.65459726
0.65459726
0.65844659
0.66140907
0.67014341
0.67014341
0.67014341
0.66613571
0.66613571
0.66613571
0.66985722
0.66985722
0.66985722
0.68140147
0.68140147
0.68140147
0.68140147
0.68140147
0.68140147
0.65639292
0.6525384
0.6525384
0.6525384
0.66246217
0.66246217
0.6636165
0.66606688
0.66606688
0.66606688
0.66606688
0.66830051
0.66830051
0.66830051
0.66830051
0.65157832
0.65157832
0.65157832
0.66117265
0.67470331
0.67470331
0.67470331
0.67470331
0.67470331
0.67470331
0.67470331
0.67470331
0.67470331
0.67470331
0.67470331
0.67470331
0.68028847
0.68028847
0.68028847
0.67782702
0.67782702
0.67782702
0.67782702
0.67782702
0.67782702
0.67782702
0.67782702
0.67782702
0.67782702
0.67782702
0.67782702
0.67782702
0.67914742
0.67914742
0.67914742
0.67772382
0.67772382
0.67308182
0.66160163
0.66160163
0.66160163
0.72232656
0.72232656
0.72232656
0.73822453
0.73822453
0.73822453
0.72870933
0.72870933
0.71843493
0.71843493
0.71614949
0.70986851
0.70986851
0.7072745
0.70122066
0.70122066
0.70122066
0.70122066
0.68927088
0.68927088
0.68927088
0.68927088
0.70088098
0.70088098
0.70088098
0.70088098
0.70088098
0.70088098
0.70088098
0.70088098
0.69571074
0.69571074
0.68387181
0.68387181
0.68387181
0.68387181
0.68387181
0.68387181
0.68387181
0.68629227
0.68629227
0.69410297
0.70544898
0.70544898
0.70544898
0.70544898
0.70544898
0.69417265
0.69417265
0.69417265
0.69417265
0.69417265
0.69417265
0.69417265
0.69417265
0.69417265
0.70280947
0.70280947
0.70280947
0.69855973
0.69855973
0.69855973
0.69855973
0.67595712
0.67595712
0.67595712
0.67595712
0.67595712
0.67595712
0.67595712
0.67595712
0.67595712
0.67595712
0.67595712
0.68158744
0.68158744
0.68158744
0.68158744
0.68158744
0.68147413
0.68147413
0.67791435
0.67791435
0.67791435
0.67791435
0.67791435
0.68455706
0.68455706
0.68455706
0.68455706
0.69640595
0.70469225
0.71119908
0.72217685
0.73338637
0.73338637
0.73338637
0.71678267
0.71678267
0.70917066
0.6967905
0.6967905
0.6967905
0.6967905
0.71325226
0.71325226
0.71325226
0.71325226
0.71303034
0.71303034
0.71303034
0.71303034
0.72109923
0.72109923
0.72109923
0.71139175
0.71139175
0.71139175
0.69115742
0.69115742
0.69115742
0.68486755
0.68107867
0.68107867
0.68107867
0.69145076
0.70173838
0.70173838
0.70173838
0.70173838
0.69900963
0.69900963
0.69260762
0.69260762
0.69260762
0.69260762
0.69260762
0.69260762
0.69152218
0.69152218
0.68833925
0.68833925
0.68833925
0.69073761
0.69073761
0.69073761
0.70665606
0.70665606
0.70665606
0.70665606
0.70665606
0.70665606
0.70665606
0.70665606
0.71230376
0.71230376
0.71230376
0.71230376
0.71230376
0.71230376
0.71230376
0.72112257
0.72112257
0.72112257
0.72365876
0.72365876
0.72365876
0.7156933
0.69103994
0.67517947
0.67517947
0.67517947
0.68151321
0.69316515
0.69316515
0.69316515
0.6836382
0.6836382
0.67744331
0.67744331
0.67744331
0.67744331
0.67744331
0.67744331
0.67744331
0.67744331
0.67744331
0.69100732
0.70244348
0.70244348
0.70244348
0.70244348
0.70244348
0.70244348
0.70244348
0.70244348
0.70244348
0.70244348
0.70244348
0.71169223
0.71169223
0.71169223
0.71169223
0.71169223
0.71169223
0.6940388
0.6940388
0.6940388
0.6940388
0.6940388
0.6940388
0.6940388
0.6940388
0.68487165
0.68487165
0.68487165
0.68487165
0.67811923
0.67811923
0.67811923
0.67944081
0.67944081
0.67944081
0.67944081
0.67944081
0.67944081
0.67944081
0.67446711
0.67446711
0.67446711
0.6839371
0.6839371
0.6839371
0.6839371
0.6839371
0.6839371
0.6839371
0.6839371
0.69185499
0.69185499
0.69185499
0.69173594
0.69173594
0.69173594
0.68872453
0.68872453
0.68872453
0.69764008
0.69764008
0.71036233
0.82047129
0.82047129
0.82047129
0.82047129
0.82047129
0.82047129
0.82047129
0.7978196
0.7978196
0.79260476
0.79260476
0.79260476
0.79260476
0.79260476
0.74074251
0.74074251
0.74074251
0.74166711
0.74166711
0.74166711
0.72005906
0.72005906
0.72005906
0.69502076
0.69502076
0.69502076
0.69502076
0.69502076
0.69502076
0.69502076
0.69502076
0.69502076
0.69502076
0.69502076
0.69502076
0.69502076
0.69502076
0.69502076
0.69502076
0.69502076
0.69502076
0.6853765
0.66607351
0.66607351
0.66607351
0.66607351
0.70269183
0.70269183
0.70269183
0.67952454
0.67952454
0.67952454
0.67952454
0.67964298
0.69495884
0.70106246
0.70106246
0.70106246
0.70106246
0.70106246
0.70106246
0.70106246
0.70106246
0.67536523
0.67536523
0.67536523
0.67536523
0.67536523
0.68588398
0.68588398
0.68588398
0.68588398
0.68588398
0.68588398
0.68588398
0.68588398
0.68588398
0.68588398
0.68588398
0.68588398
0.6940194
0.69801973
0.69801973
0.69801973
0.68646576
0.68575481
0.68575481
0.68529979
0.68529979
0.68029106
0.67838849
0.67281177
0.67281177
0.67254228
0.67254228
0.67254228
0.67265447
0.67265447
0.68380101
0.68380101
0.70158198
0.70158198
0.70158198
0.69828827
0.69828827
0.69828827
0.69828827
0.68076537
0.68076537
0.68076537
0.68293084
0.68751116
0.68751116
0.68751116
0.68080153
0.6751283
0.67269277
0.67269277
0.67269277
0.67269277
0.67269277
0.67269277
0.66276563
0.66276563
0.66276563
0.66276563
0.66276563
0.66276563
0.66755008
0.67987794
0.67987794
0.68398704
0.68398704
0.72093592
0.72093592
0.72093592
0.71724702
0.71724702
0.71724702
0.71724702
0.71724702
0.71724702
0.71724702
0.71724702
0.71724702
0.71724702
0.71724702
0.71724702
0.71724702
0.71724702
0.71724702
0.71724702
0.73608672
0.75430562
0.75820923
0.75820923
0.76203135
0.76203135
0.76203135
0.72151825
0.72151825
0.72151825
0.72151825
0.72151825
0.70222674
0.70222674
0.70222674
0.70222674
0.70222674
0.70222674
0.70222674
0.70222674
0.70222674
0.70222674
0.72018571
0.72018571
0.72018571
0.72018571
0.72018571
0.7095799
0.7095799
0.7095799
0.72152326
0.72571981
0.75433008
0.75433008
0.75433008
0.75414934
0.75414934
0.75414934
0.75482542
0.76070904
0.76070904
0.76785569
0.76785569
0.76785569
0.76671176
0.76671176
0.76671176
0.76671176
0.76671176
0.68288445
0.68288445
0.68288445
0.68288445
0.68288445
0.70324025
0.73416251
0.73416251
0.73416251
0.7369507
0.75740447
0.75740447
0.75740447
0.75740447
0.75740447
0.75740447
0.74838838
0.74838838
0.74838838
0.75085214
0.75085214
0.75085214
0.75085214
0.75085214
0.75085214
0.75085214
0.75085214
0.75085214
0.74173127
0.72465214
0.72465214
0.72465214
0.72465214
0.72465214
0.72465214
0.72465214
0.72171582
0.72171582
0.70646013
0.70646013
0.70646013
0.70646013
0.70646013
0.71105748
0.71787311
0.71787311
0.71787311
0.72737071
0.72737071
0.8445057
0.84640518
0.84640518
0.84640518
0.82585355
0.82585355
0.80913496
0.80913496
0.80913496
0.80913496
0.80736387
0.80736387
0.80736387
0.77493598
0.76044568
0.76044568
0.76044568
0.752477
0.752477
0.752477
0.752477
0.752477
0.74834777
0.74563094
0.73137881
0.73137881
0.73137881
0.73137881
0.73137881
0.73137881
0.73137881
0.73031418
0.72178184
0.71119622
0.70599094
0.70599094
0.69857277
0.69857277
0.69552122
0.69552122
0.69552122
0.69552122
0.63417464
0.63417464
0.63417464
0.65272343
0.67329203
0.67329203
0.67329203
0.67329203
0.67329203
0.67329203
0.67329203
0.67059849
0.66680302
0.66680302
0.65231199
0.63220419
0.63220419
0.63220419
0.65694202
0.65732736
0.65732736
0.65732736
0.65610971
0.65610971
0.65610971
0.65610971
0.65610971
0.65610971
0.65610971
0.65610971
0.65610971
0.65610971
0.6437756
0.6437756
0.50844961
0.50844961
0.50844961
0.50792413
0.48746361
0.48746361
0.48746361
0.53644932
0.53644932
0.53644932
0.53644932
0.51821277
0.51821277
0.51821277
0.51821277
0.51821277
0.45805347
0.44267873
0.44267873
0.44267873
0.44564548
0.5446169
0.5446169
0.5446169
0.48603406
0.48603406
0.48603406
0.48603406
0.48603406
0.67022833
0.67022833
0.67022833
0.67022833
0.67022833
0.54058457
0.54058457
0.54058457
0.54058457
0.54058457
0.54058457
0.54058457
0.54058457
0.54058457
0.55005585
0.55005585
0.55005585
0.50458127
0.50458127
0.50458127
0.50458127
0.50458127
0.50458127
0.50458127
0.50458127
0.6582961
0.6582961
0.6582961
0.6582961
0.64544203
0.57884423
0.57884423
0.57884423
0.5134489
0.51343135
0.50645791
0.50645791
0.50645791
0.50645791
0.50645791
0.50645791
0.50645791
0.46447938
0.46447938
0.46447938
0.46447938
0.46447938
0.46447938
0.46968955
0.46968955
0.51345598
0.51345598
0.56100572
0.56100572
0.56100572
0.52736799
0.52736799
0.50767871
0.34089194
0.34089194
0.34089194
0.34089194
0.34089194
0.34089194
0.34089194
0.34089194
0.34089194
0.34089194
0.43547606
0.43734348
0.43734348
0.44116324
0.44116324
0.44116324
0.44116324
0.49370923
0.49370923
0.49370923
0.49370923
0.49370923
0.49370923
0.42278396
0.42278396
0.42278396
0.46595685
0.4698676
0.4698676
0.4698676
0.4698676
0.4698676
0.52973604
0.57759475
0.59442525
0.59442525
0.59442525
0.59442525
0.59442525
0.60608563
0.60608563
0.60608563
0.60608563
0.60608563
0.69411242
0.69411242
0.69411242
0.69411242
0.69411242
0.69411242
0.60094159
0.5644623
0.5644623
0.5644623
0.5644623
0.5644623
0.51458849
0.48274529
0.48274529
0.48274529
0.48274529
0.48274529
0.48274529
0.43852267
0.43852267
0.43662893
0.43662893
0.43662893
0.43662893
0.43662893
0.43662893
0.4469539
0.51432789
0.51432789
0.51432789
0.47554814
0.35813624
0.35813624
0.35813624
0.35813624
0.35813624
0.35813624
0.47920189
0.47920189
0.47920189
0.42978653
0.42978653
0.31716302
0.31716302
0.31716302
0.26684324
0.26684324
0.26684324
0.26684324
0.26684324
0.42383503
0.42383503
0.42383503
0.33504932
0.22932851
0.20540073
0.20540073
0.20540073
0.20540073
0.20540073
0.20540073
0.20540073
0.20540073
0.20540073
0.21902964
0.232989
0.39447022
0.4000474
0.4000474
0.4000474
0.35512439
0.35512439
0.35512439
0.49374556
0.49374556
0.49374556
0.29313412
0.29313412
0.29313412
0.29313412
0.28409002
0.28409002
0.28409002
0.33525493
0.33525493
0.33525493
0.30443458
0.30443458
0.29263631
0.29263631
0.29263631
0.29263631
0.29263631
0.29263631
0.29578886
0.29578886
0.37129062
0.37129062
0.37129062
0.37129062
0.37129062
0.37129062
0.37129062
0.37129062
0.29322219
0.29322219
0.29322219
0.29322219
0.31793684
0.37549403
0.37549403
0.37549403
0.34890397
0.28656469
0.25355052
0.25355052
0.25355052
0.25355052
0.25355052
0.19777606
0.19777606
0.19777606
0.29820943
0.32978145
0.3794789
0.3794789
0.3794789
0.3794789
0.3794789
0.48339045
0.48339045
0.48339045
0.48339045
0.48339045
0.48339045
0.48339045
0.48339045
0.48339045
0.48339045
0.48339045
0.43449551
0.39842686
0.39842686
0.39842686
0.39842686
0.39842686
0.39842686
0.36371904
0.36371904
0.36371904
0.58568663
0.63311772
0.63311772
0.63311772
0.48766449
0.38092758
0.38092758
0.38092758
0.38092758
0.35788677
0.35788677
0.35788677
0.35788677
0.35788677
0.37930434
0.58322017
0.58322017
0.58322017
0.57812293
0.43233566
0.43233566
0.43233566
0.47176449
0.47176449
0.47176449
0.47176449
0.47176449
0.49208453
0.62854235
0.63344479
0.63344479
0.65751227
0.65751227
0.65751227
0.65751227
0.69106238
0.69106238
0.69106238
0.69106238
0.69106238
0.69206374
0.69206374
0.69206374
0.69206374
0.69206374
0.69206374
0.68677349
0.68677349
0.68677349
0.68677349
0.68464389
0.65792516
0.65792516
0.65792516
0.65792516
0.65792516
0.65792516
0.65792516
0.66196976
0.69368074
0.69368074
0.71897717
0.71897717
0.71897717
0.71897717
0.71897717
0.71897717
0.71897717
0.69605474
0.69605474
0.69605474
0.74757445
0.74757445
0.74757445
0.73321659
0.72654599
0.72654599
0.66737901
0.63095235
0.63095235
0.63095235
0.65322596
0.6605077
0.6605077
0.6605077
0.6605077
0.6605077
0.6605077
0.6605077
0.69038635
0.77636283
0.77636283
0.77636283
0.77636283
0.80022122
0.80022122
0.80022122
0.72275418
0.69589964
0.68685548
0.68685548
0.60225215
0.55728359
0.55728359
0.55728359
0.66443037
0.66443037
0.66443037
0.66114037
0.64909161
0.64909161
0.64909161
0.64909161
0.6788164
0.6788164
0.6788164
0.6788164
0.6788164
0.6788164
0.6788164
0.6788164
0.6788164
0.69648164
0.69648164
0.69648164
0.69648164
0.69648164
0.77218524
0.77218524
0.77218524
0.74795293
0.74400917
0.72536956
0.72536956
0.72536956
0.72637379
0.72637379
0.72637379
0.72637379
0.67640551
0.67640551
0.66092644
0.56299462
0.56299462
0.56299462
0.58986541
0.60889221
0.62512818
0.66749435
0.67176299
0.73357252
0.73634334
0.7509568
0.7509568
0.7509568
0.71062321
0.71062321
0.71062321
0.73620803
0.73620803
0.80929192
0.80929192
0.80929192
0.80929192
0.80929192
0.80929192
0.80929192
0.80929192
0.82357931
0.82357931
0.82357931
0.88678555
0.89910328
0.92782856
0.92782856
0.92782856
0.8691324
0.7403989
0.7403989
0.7403989
0.84716168
0.84716168
0.84716168
0.82360839
0.82360839
0.82360839
0.87242448
0.87242448
0.87242448
0.87242448
0.87242448
0.81765054
0.81765054
0.81765054
0.84158664
0.84355855
0.84355855
0.89082576
0.92143578
0.92143578
0.92143578
0.87097238
0.86114691
0.86114691
0.86114691
0.9248905
