0.45938547
0.42974291
0.42974291
0.42974291
0.43367353
0.43375118
0.43822954
0.43822954
0.43822954
0.43822954
0.44123681
0.44442379
0.44442379
0.44442379
0.44442379
0.44442379
0.44442379
0.44442379
0.44442379
0.44442379
0.43950069
0.43102684
0.42303511
0.42303511
0.42303511
0.43714492
0.44233422
0.44811942
0.45817163
0.47057413
0.48734863
0.48734863
0.48734863
0.47750217
0.45715881
0.45715881
0.45715881
0.45715881
0.458065
0.46613247
0.46613247
0.47976505
0.47976505
0.47976505
0.46851311
0.46851311
0.46851311
0.46851311
0.46998
0.46998
0.46998
0.46626062
0.46626062
0.46626062
0.46626062
0.46626062
0.46626062
0.4662497
0.4662497
0.44607086
0.44607086
0.44607086
0.44607086
0.44607086
0.44796592
0.45394317
0.45394317
0.45394317
0.45394317
0.45394317
0.45353849
0.45353849
0.45353849
0.46326128
0.46435901
0.47272868
0.47272868
0.47272868
0.47163921
0.47163921
0.47163921
0.47690532
0.48517006
0.48517006
0.48567009
0.48567009
0.48567009
0.48567009
0.48567009
0.48634688
0.48634688
0.48634688
0.48634688
0.48634688
0.46771871
0.46771871
0.46771871
0.46909319
0.47691837
0.5038263
0.5038263
0.5038263
0.5038263
0.50480446
0.50480446
0.50480446
0.50480446
0.50480446
0.50480446
0.50480446
0.48843688
0.4778668
0.4778668
0.47513905
0.47513905
0.46482659
0.46482659
0.46482659
0.45273317
0.45273317
0.45273317
0.45273317
0.447933
0.447933
0.447933
0.44434507
0.44434507
0.44434507
0.44434507
0.44434507
0.44434507
0.44434507
0.44434507
0.44434507
0.44434507
0.45405407
0.45424645
0.45424645
0.45424645
0.45424645
0.45424645
0.46424114
0.46947486
0.47394305
0.47394305
0.47394305
0.46713187
0.4670556
0.4670556
0.4670556
0.469629
0.47795532
0.47823148
0.47823148
0.47998598
0.47998598
0.47998598
0.47998598
0.47998598
0.47998598
0.47998598
0.47064188
0.47064188
0.47064188
0.47064188
0.47064188
0.45383164
0.44110089
0.44110089
0.44110089
0.44110089
0.44110089
0.44110089
0.45999883
0.48242452
0.48242452
0.48242452
0.46757448
0.46757448
0.46757448
0.46757448
0.46757448
0.45262228
0.45183443
0.45183443
0.42921881
0.42921881
0.42529917
0.42529917
0.42529917
0.42531632
0.42531632
0.42531632
0.42531632
0.4262549
0.4262549
0.4262549
0.42906574
0.42906574
0.42906574
0.42906574
0.42544702
0.42544702
0.42544702
0.42544702
0.42544702
0.41000961
0.39772348
0.38263206
0.38263206
0.38263206
0.38630286
0.39892816
0.41316409
0.41316409
0.41316409
0.41316409
0.40018311
0.39945843
0.39945843
0.39945843
0.39945843
0.39945843
0.39945843
0.39945843
0.39258073
0.39258073
0.39258073
0.39258073
0.39258073
0.39258073
0.37739951
0.37739951
0.37739951
0.37739951
0.37422127
0.37422127
0.37422127
0.39820092
0.42046927
0.43436444
0.43436444
0.43835087
0.43835087
0.43835087
0.43835087
0.43835087
0.43613806
0.43438542
0.43438542
0.4298603
0.4298603
0.41952366
0.41952366
0.41540098
0.39387276
0.39387276
0.385358
0.37891726
0.37891726
0.36701259
0.36701259
0.36701259
0.36701259
0.36701259
0.36935004
0.36935004
0.36935004
0.36935004
0.36935004
0.36935004
0.36935004
0.36935004
0.36935004
0.36935004
0.37010902
0.37010902
0.37010902
0.37010902
0.37010902
0.37010902
0.37010902
0.36854451
0.36854451
0.36854451
0.36008525
0.36008525
0.36008525
0.36008525
0.33710372
0.33150324
0.32833767
0.32833767
0.32833767
0.32833767
0.32833767
0.32833767
0.32340499
0.315845
0.29286305
0.29286305
0.29286305
0.29286305
0.29286305
0.24398731
0.23556959
0.21228564
0.21228564
0.21228564
0.21850343
0.21850343
0.21850343
0.21833683
0.21833683
0.19299633
0.18623559
0.18210301
0.18210301
0.1743973
0.1743973
0.1743973
0.1743973
0.16903425
0.16049989
0.15566404
0.15566404
0.15566404
0.15640331
0.15640331
0.15640331
0.15024614
0.15024614
0.15024614
0.15386038
0.15886625
0.15886625
0.15886625
0.15886625
0.1479008
0.1479008
0.1479008
0.11783268
0.11783268
0.11783268
0.12899519
0.12899519
0.12899519
0.12899519
0.12173518
0.12173518
0.12173518
0.12173518
0.12173518
0.12247775
0.12247775
0.14557688
0.14557688
0.14557688
0.14557688
0.15272739
0.15272739
0.15272739
0.15201954
0.15201954
0.15201954
0.15201954
0.15201954
0.15201954
0.17257798
0.18239499
0.18239499
0.18239499
0.1728282
0.1728282
0.1728282
0.16077323
0.14056835
0.13682404
0.12875519
0.12875519
0.12875519
0.12271924
0.10799639
0.10799639
0.10799639
0.10799639
0.11845318
0.13128758
0.1316537
0.1316537
0.14726571
0.14726571
0.14726571
0.12835317
0.12835317
0.12835317
0.12835317
0.12835317
0.12835317
0.12835317
0.12835317
0.13057707
0.13057707
0.13057707
0.13151639
0.13151639
0.13151639
0.13151639
0.13453432
0.13453432
0.13453432
0.13843798
0.13843798
0.13843798
0.13843798
0.15495054
0.15495054
0.15740719
0.15740719
0.16760108
0.20444752
0.20444752
0.20444752
0.19533314
0.19533314
0.18445899
0.18406006
0.18406006
0.18406006
0.19670325
0.19670325
0.19905721
0.19905721
0.19905721
0.19905721
0.19905721
0.18837171
0.18837171
0.18837171
0.18424967
0.18424967
0.18424967
0.18424967
0.18424967
0.18424967
0.18424967
0.18424967
0.18424967
0.18424967
0.18424967
0.18424967
0.19373476
0.19373476
0.19373476
0.19373476
0.21064955
0.23039009
0.23039009
0.23039009
0.23039009
0.23039009
0.23886565
0.25497267
0.2580723
0.2580723
0.2580723
0.25666406
0.25666406
0.25666406
0.2749285
0.27676657
0.27676657
0.27676657
0.27676657
0.27676657
0.27676657
0.27676657
0.27676657
0.27676657
0.27676657
0.20943092
0.20943092
0.20943092
0.22055913
0.22055913
0.22055913
0.23606568
0.26802555
0.26802555
0.26802555
0.27271345
0.27271345
0.27271345
0.27271345
0.27647682
0.27647682
0.27647682
0.27647682
0.27647682
0.29042866
0.29042866
0.29042866
0.29042866
0.29042866
0.29042866
0.29042866
0.29042866
0.29042866
0.29042866
0.29042866
0.28797233
0.28797233
0.28797233
0.28562998
0.28562998
0.28562998
0.30365592
0.30395376
0.30469591
0.3083893
0.32386102
0.32636752
0.32743883
0.32743883
0.32743883
0.30694207
0.29406666
0.29406666
0.29402501
0.29402501
0.29402501
0.29402501
0.29402501
0.3043774
0.30649435
0.30649435
0.30649435
0.29976962
0.29976962
0.29359678
0.29359678
0.28012015
0.27569633
0.27569633
0.27569633
0.27771026
0.28648323
0.29387332
0.29387332
0.29387332
0.29387332
0.29387332
0.29387332
0.27463162
0.27463162
0.26981622
0.26454266
0.26454266
0.25234686
0.25234686
0.25234686
0.25234686
0.27228948
0.27228948
0.27228948
0.26833777
0.26833777
0.26833777
0.26646892
0.26646892
0.25124466
0.24827627
0.24827627
0.24827627
0.21870604
0.21870604
0.21870604
0.22639556
0.22639556
0.22639556
0.22639556
0.22639556
0.23311795
0.23311795
0.23311795
0.23311795
0.23253495
0.23253495
0.23253495
0.23253495
0.23868989
0.23868989
0.24776389
0.24795851
0.24795851
0.24795851
0.24795851
0.24795851
0.24795851
0.24795851
0.28288316
0.28288316
0.28288316
0.2780211
0.2780211
0.2780211
0.24342028
0.2398838
0.23617273
0.23617273
0.23617273
0.22667167
0.22667167
0.22667167
0.22667167
0.22667167
0.22667167
0.21327014
0.21165737
0.20107786
0.20107786
0.20107786
0.20107786
0.20107786
0.20107786
0.20107786
0.20107786
0.20107786
0.20107786
0.18585126
0.15040699
0.11611094
0.11611094
0.11611094
0.13567806
0.13567806
0.13567806
0.11779454
0.11779454
0.11779454
0.13666671
0.15440738
0.15440738
0.15440738
0.15440738
0.15440738
0.14752446
0.14436432
0.14436432
0.12953623
0.12953623
0.12328627
0.12328627
0.12328627
0.12328627
0.12328627
0.08260476
0.07875936
0.07875936
0.07875936
0.06615377
0.06615377
0.06615377
0.09143802
0.09143802
0.09143802
0.09143802
0.08167374
0.08167374
0.07772534
0.03521247
0.03521247
0.03521247
0.03712915
0.03712915
0.03762108
0.03762108
0.03762108
0.03762108
0.03762108
0.03618695
0.03618695
0.03618695
0.05501097
0.07108603
0.07108603
0.07108603
0.08963383
0.10970183
0.11690294
0.11887885
0.11887885
0.11887885
0.11887885
0.11887885
0.12844457
0.12844457
0.12844457
0.17722593
0.2071446
0.2071446
0.22348906
0.22348906
0.24763937
0.25630656
0.25902622
0.25902622
0.25902622
0.25902622
0.25902622
0.25902622
0.25902622
0.25902622
0.27338263
0.27338263
0.27338263
0.27338263
0.27513186
0.29555554
0.29555554
0.29555554
0.29555554
0.28315256
0.25804258
0.25804258
0.25804258
0.25804258
0.25804258
0.24740129
0.23902096
0.23902096
0.22562135
0.22562135
0.21530889
0.20745373
0.20745373
0.18833763
0.18719676
0.18719676
0.18719676
0.20158012
0.21458581
0.21458581
0.22298627
0.22298627
0.22298627
0.22298627
0.22298627
0.22298627
0.22298627
0.22298627
0.22298627
0.22298627
0.22298627
0.22298627
0.22298627
0.23489913
0.2389743
0.24256074
0.24256074
0.24256074
0.22724626
0.22724626
0.22724626
0.20692399
0.20441993
0.19821781
0.19821781
0.19821781
0.19821781
0.19821781
0.19821781
0.19821781
0.19672296
0.19672296
0.19672296
0.19672296
0.19672296
0.19672296
0.19672296
0.19672296
0.13196188
0.13196188
0.13196188
0.1402997
0.1402997
0.1402997
0.14885387
0.15038558
0.15038558
0.15038558
0.15410869
0.15625194
0.15625194
0.15625194
0.15625194
0.15625194
0.15625194
0.15625194
0.15625194
0.15741294
0.16547604
0.16547604
0.16547604
0.14336449
0.14336449
0.14336449
0.1242894
0.1242894
0.12215477
0.12215477
0.12215477
0.12215477
0.12215477
0.12246337
0.12246337
0.12246337
0.13089962
0.13089962
0.13089962
0.13902578
0.14302617
0.15866108
0.17600698
0.17600698
0.17600698
0.18082174
0.18797097
0.19260891
0.19694581
0.21382598
0.21382598
0.21382598
0.2380647
0.2380647
0.24173497
0.2549355
0.2549355
0.2549355
0.2549355
0.27653967
0.28122437
0.28122437
0.28122437
0.28122437
0.28122437
0.28122437
0.27438598
0.27438598
0.27438598
0.27438598
0.27438598
0.28391005
0.29469579
0.29469579
0.29469579
0.29681987
0.29681987
0.31418067
0.31418067
0.32239823
0.32239823
0.33161274
0.36287383
0.36433054
0.36433054
0.38585568
0.38585568
0.38585568
0.41296191
0.41296191
0.41296191
0.41296191
0.41296191
0.41296191
0.42389934
0.42389934
0.42389934
0.42389934
0.42389934
0.42487936
0.43170529
0.43170529
0.43170529
0.43170529
0.43170529
0.43170529
0.43170529
0.43170529
0.44959786
0.44959786
0.45192317
0.46295311
0.48396006
0.48396006
0.49232004
0.49232004
0.49232004
0.48497491
0.48497491
0.48408278
0.48408278
0.48408278
0.48408278
0.46063616
0.46063616
0.43461179
0.43461179
0.43461179
0.43461179
0.43461179
0.4440124
0.4440124
0.4440124
0.45696621
0.45696621
0.45696621
0.4557986
0.44451476
0.43308882
0.43308882
0.43308882
0.43308882
0.43308882
0.43032762
0.42716812
0.42716812
0.42716812
0.44367812
0.45131183
0.46426058
0.4928402
0.4928402
0.4928402
0.48227885
0.48227885
0.48202532
0.48202532
0.48202532
0.48202532
0.49170029
0.49170029
0.49908493
0.49908493
0.49908493
0.49908493
0.49908493
0.52617008
0.52617008
0.52617008
0.74982494
0.74982494
0.74982494
0.73167932
0.71419612
0.71419612
0.71419612
0.71419612
0.71419612
0.71419612
0.68249296
0.66775275
0.66775275
0.66775275
0.67459929
0.67459929
0.6787217
0.6787217
0.6787217
0.6787217
0.6787217
0.6787217
0.42460197
0.42460197
0.4019741
0.4019741
0.4019741
0.40944514
0.40944514
0.40944514
0.35155643
0.35155643
0.35155643
0.35155643
0.35155643
0.34394787
0.34394787
0.34394787
0.35090376
0.35090376
0.61033546
0.61033546
0.61033546
0.61033546
0.61033546
0.61033546
0.61033546
0.61033546
0.61033546
0.61033546
0.61033546
0.61033546
0.37508954
0.37508954
0.36134095
0.36134095
0.33313092
0.33313092
0.33313092
0.33313092
0.33267777
0.32064528
0.32064528
0.32064528
0.32064528
0.26487448
0.26162529
0.26049422
0.26049422
0.26049422
0.29218726
0.29218726
0.29218726
0.29218726
0.2999685
0.30542453
0.32055303
0.32055303
0.32721577
0.32721577
0.32721577
0.32721577
0.32721577
0.32721577
0.59367329
0.59367329
0.59367329
0.59367329
0.59367329
0.59367329
0.63943465
0.63943465
0.66717603
0.66717603
0.68063487
0.68063487
0.68063487
0.66468257
0.66468257
0.62287234
0.62287234
0.62287234
0.62287234
0.62287234
0.62287234
0.62287234
0.62287234
0.62287234
0.62287234
0.62287234
0.65655641
0.65655641
0.65655641
0.65845088
0.65845088
0.66281308
0.66281308
0.66281308
0.66313644
0.66313644
0.66313644
0.66313644
0.66313644
0.66313644
0.66313644
0.66355715
0.67828048
0.67828048
0.67991978
0.68784173
0.68784173
0.69287716
0.70515023
0.71811406
0.71811406
0.71811406
0.71811406
0.71811406
0.71811406
0.71811406
0.71811406
0.71811406
0.71811406
0.71811406
0.71811406
0.70906381
0.70906381
0.70553047
0.70553047
0.70553047
0.70553047
0.71436901
0.72866007
0.73472057
0.73472057
0.73472057
0.73369076
0.73369076
0.73369076
0.73369076
0.73369076
0.74646231
0.75152122
0.75444535
0.76287356
0.76287356
0.76287356
0.74613437
0.74613437
0.74613437
0.74613437
0.74613437
0.74613437
0.77279795
0.77279795
0.77279795
0.77279795
0.77279795
0.81130179
0.83359156
0.83359156
0.83359156
0.83018967
0.81657796
0.81657796
0.81657796
0.81657796
0.81433031
0.59829019
0.57950047
0.5777203
0.57003414
0.57003414
0.57003414
0.57003414
0.57003414
0.57003414
0.57003414
0.57221878
0.59564004
0.60914533
0.61222865
0.62727609
0.62727609
0.62727609
0.62442785
0.62442785
0.62442785
0.62442785
0.62727369
0.62727369
0.62727369
0.62727369
0.62727369
0.62727369
0.80230421
0.80230421
0.81435071
0.81435071
0.81435071
0.81435071
0.81435071
0.81435071
0.62592909
0.62592909
0.62592909
0.61913384
0.61906529
0.61517553
0.61517553
0.60353163
0.60353163
0.60353163
0.60353163
0.60353163
0.60395075
0.60772142
0.61375647
0.61477617
0.62009697
0.65056083
0.65517986
0.66360594
0.66360594
0.66360594
0.66224329
0.66224329
0.66224329
0.64679751
0.63929047
0.63929047
0.63929047
0.63929047
0.63929047
0.63929047
0.64300569
0.64300569
0.64658265
0.64658265
0.64658265
0.64658265
0.64658265
0.81514192
0.81514192
0.81942305
0.81942305
0.81942305
0.82510188
0.8342944
0.8342944
0.8342944
0.8342944
0.8342944
0.8342944
0.8342944
0.8342944
0.8342944
0.6477215
0.64687645
0.64687645
0.64167553
0.64167553
0.64167553
0.63898549
0.62818612
0.62818612
0.62818612
0.62670837
0.62670837
0.61836873
0.61836873
0.61836873
0.60909286
0.60823812
0.60823812
0.60823812
0.60823812
0.60823812
0.60823812
0.60823812
0.60823812
0.60823812
0.60823812
0.60823812
0.60455953
0.60455953
0.60455953
0.60455953
0.61381772
0.62212694
0.62212694
0.62212694
0.62175837
0.62175837
0.61507811
0.61507811
0.61507811
0.61507811
0.61507811
0.61507811
0.62066858
0.62979223
0.62979223
0.62979223
0.62979223
0.62979223
0.62979223
0.62201424
0.62029069
0.62029069
0.62029069
0.62029069
0.63768111
0.63768111
0.63768111
0.63768111
0.63229799
0.63229799
0.63176143
0.63176143
0.63176143
0.64539124
0.66188185
0.66188185
0.66188185
0.66188185
0.66188185
0.66388029
0.66388029
0.66388029
0.66388029
0.66388029
0.63958511
0.63958511
0.63958511
0.81020172
0.82183145
0.8246596
0.8246596
0.8246596
0.8246596
0.8246596
0.8246596
0.8246596
0.8277883
0.8354513
0.8354513
0.8354513
0.8354513
0.8354513
0.8354513
0.8354513
0.8354513
0.8354513
0.8354513
0.8354513
0.8354513
0.84472674
0.84527603
0.84706441
0.84706441
0.84706441
0.84706441
0.86707504
0.86707504
0.86707504
0.86707504
0.86707504
0.86707504
0.70145637
0.70145637
0.70145637
0.70145637
0.70145637
0.6926157
0.69235706
0.69235706
0.69235706
0.86422527
0.86422527
0.86422527
0.86422527
0.8620312
0.86147307
0.86147307
0.86147307
0.86147307
0.86147307
0.86147307
0.86147307
0.86021332
0.86021332
0.86021332
0.86342757
0.86342757
0.87743421
0.88435345
0.88435345
0.88435345
0.87757934
0.87450624
0.87450624
0.87450624
0.87450624
0.87450624
0.87450624
0.87450624
0.87584056
0.88105654
0.88123423
0.88497907
0.88497907
0.88497907
0.88497907
0.88497907
0.88491835
0.88491835
0.88491835
0.90092705
0.90092705
0.90092705
0.90092705
0.90092705
0.90092705
0.90092705
0.90092705
0.90092705
0.90092705
0.73637553
0.73637553
0.73637553
0.7365009
0.7365009
0.7493801
0.75051303
0.75051303
0.76302946
0.76798926
0.76798926
0.76798926
0.76568936
0.76568936
0.76568936
0.76568936
0.76567008
0.75873368
0.75873368
0.75873368
0.75873368
0.75697678
0.75618409
0.75618409
0.74370276
0.73682964
0.73682964
0.73682964
0.73682964
0.73682964
0.71057346
0.71057346
0.71057346
0.71057346
0.69679095
0.69679095
0.69679095
0.69679095
0.69679095
0.69303998
0.67141801
0.66311018
0.66311018
0.66311018
0.66311018
0.66311018
0.67093898
0.67093898
0.67093898
0.66755174
0.66755174
0.66755174
0.66839737
0.67519401
0.67519401
0.67761572
0.67761572
0.68272364
0.68272364
0.68272364
0.69561631
0.70213455
0.70775096
0.70775096
0.70775096
0.70775096
0.70775096
0.70775096
0.70731943
0.69853128
0.69853128
0.69853128
0.69853128
0.69853128
0.69853128
0.7028971
0.7028971
0.7028971
0.71134427
0.71134427
0.71134427
0.70660881
0.70660881
0.70660881
0.70660881
0.71123748
0.71123748
0.71400182
0.71819108
0.71819108
0.71821521
0.71821521
0.71821521
0.71821521
0.71821521
0.71821521
0.71081969
0.71081969
0.70032881
0.68849477
0.67245012
0.66855807
0.65594385
0.65594385
0.65594385
0.65926094
0.65926094
0.65926094
0.65926094
0.65926094
0.65926094
0.67110691
0.67110691
0.67110691
0.66745768
0.66582733
0.66582733
0.66582733
0.65817754
0.65042571
0.65042571
0.65042571
0.65042571
0.65115188
0.65115188
0.65115188
0.65115188
0.67479045
0.67890738
0.67890738
0.68724067
0.68724067
0.68724067
0.68724067
0.68724067
0.68724067
0.68724067
0.68724067
0.66913862
0.66549104
0.65701521
0.64840613
0.64392345
0.62672882
0.61821763
0.60701549
0.60701549
0.60316359
0.58604012
0.58294476
0.56621201
0.56621201
0.56621201
0.56733227
0.58665658
0.62127007
0.64261342
0.64528855
0.65033442
0.65580073
0.65580073
0.65580073
0.65580073
0.66207882
0.66850432
0.66850432
0.66850432
0.67968772
0.67968772
0.67968772
0.67968772
0.67803255
0.67803255
0.67803255
0.67803255
0.66986724
0.66182726
0.66182726
0.66182726
0.66182726
0.66562456
0.66562456
0.66562456
0.66562456
0.66562456
0.66562456
0.66562456
0.65985087
0.65985087
0.65985087
0.65985087
0.64784267
0.64784267
0.64784267
0.64784267
0.64784267
0.63550861
0.62873376
0.61418145
0.59380059
0.58413729
0.57130102
0.56448649
0.56448649
0.56448649
0.56448649
0.56448649
0.56170857
0.53974407
0.53974407
0.53974407
0.551787
0.551787
0.551787
0.551787
0.551787
0.56137882
0.56137882
0.56137882
0.56137882
0.56119571
0.56119571
0.56119571
0.56119571
0.56935707
0.56935707
0.56935707
0.57468949
0.57741762
0.57741762
0.57741762
0.58883855
0.59363691
0.59363691
0.59363691
0.57369365
0.57369365
0.57369365
0.57059333
0.57059333
0.56993299
0.56993299
0.56993299
0.58615788
0.58615788
0.58615788
0.57623046
0.57623046
0.57623046
0.57623046
0.57623046
0.57623046
0.72579101
0.72579101
0.73888245
0.74819747
0.75456796
0.75456796
0.76752987
0.76752987
0.76752987
0.76752987
0.77684367
0.77684367
0.77684367
0.78393244
0.78393244
0.79438695
0.79438695
0.79438695
0.78495193
0.78495193
0.78495193
0.79960927
0.80067696
0.80067696
0.80777628
0.81904974
0.82544569
0.83026226
0.86574014
0.87403967
0.88606843
0.89882246
0.89882246
0.90359424
0.91551195
0.91551195
0.92721625
0.92721625
0.92721625
0.78597962
0.78597962
0.78597962
0.78597962
0.78597962
0.78597962
0.79897759
0.9459702
0.9459702
0.9459702
0.9459702
0.9459702
0.9459702
0.9459702
0.9459702
0.9459702
0.9459702
0.9459702
0.9459702
0.9459702
0.9459702
0.9459702
0.94788525
0.94788525
0.94788525
0.94788525
0.94788525
0.94788525
0.94788525
0.80133911
0.80133911
0.80133911
0.95678033
0.95678033
0.95790926
0.96006048
0.96006048
0.96006048
0.96750412
0.96750412
0.96750412
0.96750412
0.96214739
0.96214739
0.96214739
0.96958152
0.96958152
0.96958152
0.96958152
0.96958152
0.96763216
0.96610658
0.96610658
0.96134686
0.96134686
0.96134686
0.96102325
0.96102325
0.96102325
0.96102325
0.82157025
0.82157025
0.82038294
0.81973804
0.81772895
0.81772895
0.81772895
0.81971716
0.81971716
0.81971716
0.81971716
0.81971716
0.84137285
0.84137285
0.84137285
0.84137285
0.84645813
0.84645813
0.84675426
0.85199273
0.85227326
0.85300965
0.86181054
0.86181054
0.86181054
0.86181054
0.86181054
0.86070205
0.86070205
0.86070205
0.86070205
0.85002806
0.85002806
0.85002806
0.8465247
0.84615901
0.84171527
0.83903726
0.83903726
0.83903726
0.83389158
0.82852135
0.82852135
0.82852135
0.82852135
0.82751683
0.82751683
0.82751683
0.82757765
0.82757765
0.82757765
0.83878847
0.83878847
0.83878847
0.83607617
0.83607617
0.83607617
0.83607617
0.83607617
0.83607617
0.83607617
0.83607617
0.83607617
0.83650194
0.83650194
0.83650194
0.83527415
0.83527415
0.83527415
0.83828797
0.83828797
0.8408977
0.84390246
0.84976574
0.85126171
0.85126171
0.85126171
0.84540589
0.84540589
0.84401703
0.84401703
0.83825085
0.83825085
0.83686423
0.83686423
0.83686423
0.83686423
0.83705762
0.83705762
0.83919241
0.83919241
0.83919241
0.83966836
0.84418374
0.84419993
0.85259948
0.85361077
0.85361077
0.85361077
0.8534252
0.85046262
0.84886231
0.84505042
0.84227686
0.84185055
0.84185055
0.84185055
0.84843105
0.84843105
0.84843105
0.8560786
0.8560786
0.8677087
0.8677087
0.8677087
0.8677087
0.8677087
0.86796984
0.87282093
0.87282093
0.87282093
0.8719028
0.8719028
0.8719028
0.8719028
0.86879838
0.86879838
0.8676466
0.86279141
0.86279141
0.86279141
0.86279141
0.86279141
0.86279141
0.87737967
0.87737967
0.87737967
0.87737967
0.87094425
0.87094425
0.86360386
0.86360386
0.86360386
0.8644201
0.8644201
0.8644201
0.8644201
0.8644201
0.8644201
0.8568101
0.8568101
0.85462375
0.84996904
0.84996904
0.84996904
0.84996904
0.83684186
0.83684186
0.83684186
0.83211721
0.82629537
0.82629537
0.82492644
0.82492644
0.82082235
0.80850448
0.79093904
0.78800841
0.77886037
0.7710427
0.76168849
0.75568667
0.74732707
0.74732707
0.74732707
0.74902181
0.74902181
0.74902181
0.73874408
0.73874408
0.73874408
0.74487154
0.74703503
0.74703503
0.74909371
0.74909371
0.74909371
0.74835481
0.74835481
0.74713911
0.74383815
0.74258213
0.74258213
0.74258213
0.74648718
0.74943261
0.74943261
0.74943261
0.74117058
0.74117058
0.73621563
0.73532195
0.73261417
0.73261417
0.73073989
0.73073989
0.73073989
0.73073989
0.73113978
0.73390151
0.73519855
0.73519855
0.73519855
0.73563449
0.73563449
0.73563449
0.73563449
0.73563449
0.73563449
0.73563449
0.74314452
0.74406686
0.74406686
0.74406686
0.73836411
0.73836411
0.72970166
0.72970166
0.72970166
0.72970166
0.72970166
0.72924936
0.72924936
0.72924936
0.72366906
0.71816663
0.71816663
0.71816663
0.71816663
0.71816663
0.71816663
0.71816663
0.7102744
0.7102744
0.7102744
0.7102744
0.6888405
0.67835324
0.67788592
0.6735454
0.6735454
0.66955135
0.66710599
0.66710599
0.66347289
0.66347289
0.66347289
0.66347289
0.66347289
0.66347289
0.66347289
0.66347289
0.66110924
0.655365
0.655365
0.65442493
0.65052403
0.63955518
0.63703935
0.63703935
0.63703935
0.63703935
0.63732873
0.64251835
0.65395724
0.65713249
0.65713249
0.65713249
0.65713249
0.66168553
0.66765453
0.66765453
0.66765453
0.66404625
0.66390804
0.66390804
0.66390804
0.66390804
0.66390804
0.6598424
0.65336401
0.64923083
0.64923083
0.64923083
0.65427276
0.66225778
0.67004439
0.67004439
0.67004439
0.67004439
0.67004439
0.67004439
0.67004439
0.66642621
0.66642621
0.66642621
0.66642621
0.66642621
0.66642621
0.66642621
0.66642621
0.66642621
0.66321894
0.65074086
0.64581004
0.62690123
0.62368741
0.61128331
0.61128331
0.61128331
0.61128331
0.61128331
0.61128331
0.61128331
0.62119784
0.6215702
0.6215702
0.6215702
0.60058503
0.60058503
0.60058503
0.60058503
0.61505164
0.61505164
0.61505164
0.6098871
0.5911898
0.5911898
0.5911898
0.59508201
0.59508201
0.59508201
0.58333213
0.58333213
0.58333213
0.60146289
0.60855348
0.60855348
0.60855348
0.59331676
0.59331676
0.59331676
0.60080212
0.61316526
0.63662226
0.65097249
0.65097249
0.65097249
0.65097249
0.65288667
0.65633506
0.66395523
0.66646312
0.67226988
0.67226988
0.67226988
0.67226988
0.67315009
0.67997235
0.68868124
0.69508002
0.7088595
0.71313355
0.71313355
0.71313355
0.71313355
0.71884785
0.72428663
0.72428663
0.72428663
0.72435513
0.72435513
0.72435513
0.72435513
0.72435513
0.72435513
0.72435513
0.72435513
0.72435513
0.72435513
0.72435513
0.7106181
0.70934056
0.70934056
0.70934056
0.70934056
0.70934056
0.70503151
0.70503151
0.70503151
0.70503151
0.70503151
0.72257288
0.72257288
0.72257288
0.71694358
0.71466328
0.70862557
0.69626403
0.69601412
0.69601412
0.67647933
0.67647933
0.67647933
0.68481944
0.68481944
0.68953642
0.68953642
0.68953642
0.68953642
0.68953642
0.68123513
0.68123513
0.68123513
0.68639631
0.68887208
0.68887208
0.68887208
0.69423326
0.69423326
0.70096684
0.70096684
0.70681946
0.71645288
0.71645288
0.72482463
0.72482463
0.72482463
0.72482463
0.72756144
0.72756144
0.72756144
0.72756144
0.72906273
0.73236677
0.73597585
0.73597585
0.7370372
0.7370372
0.7370372
0.74104228
0.74933792
0.74933792
0.74933792
0.92724418
0.93354349
0.93354349
0.93354349
0.93354349
0.93354349
0.93354349
0.93354349
0.93195178
0.93195178
0.92860196
0.92860196
0.92860196
0.92546862
0.92405915
0.92405915
0.92405915
0.92405915
0.92405915
0.92834473
0.92834473
0.92952581
0.93435765
0.93435765
0.93435765
0.93251141
0.92885517
0.92416727
0.9215344
0.9215344
0.9215344
0.90840626
0.75120277
0.75120277
0.75120277
0.75092389
0.75092389
0.75092389
0.75092389
0.75092389
0.75213704
0.75213704
0.75213704
0.75213704
0.74559153
0.74559153
0.74559153
0.74559153
0.72965649
0.72965649
0.72965649
0.72965649
0.72965649
0.72965649
0.73015092
0.73015092
0.73015092
0.90432095
0.90432095
0.90432095
0.7804407
0.7804407
0.7804407
0.7804407
0.7804407
0.77976886
0.77976886
0.77976886
0.78040438
0.78040438
0.78040438
0.78567411
0.78833853
0.79081803
0.79903974
0.80218453
0.80635148
0.80774182
0.80774182
0.81195585
0.81325821
0.81325821
0.81325821
0.81325821
0.81325821
0.81325821
0.81279536
0.81279536
0.81279536
0.81279536
0.81279536
0.81279536
0.81187281
0.81187281
0.81187281
0.81187281
0.81299994
0.81299994
0.81299994
0.8124302
0.8098021
0.8098021
0.8098021
0.81360617
0.81360617
0.81360617
0.80731647
0.80300162
0.80156324
0.80156324
0.80156324
0.80434004
0.81260671
0.81260671
0.81260671
0.79888763
0.79888763
0.79588483
0.79399877
0.79096754
0.79096754
0.79096754
0.7991444
0.80899997
0.80899997
0.81073823
0.81073823
0.81073823
0.80825607
0.80556586
0.80153921
0.80153921
0.80153921
0.80153921
0.80153921
0.79470407
0.79470407
0.7913858
0.78809145
0.78809145
0.78809145
0.78965543
0.78965543
0.80287571
0.80287571
0.80287571
0.80575638
0.81174333
0.81174333
0.81174333
0.81174333
0.81174333
0.81174333
0.79866025
0.79653905
0.79653905
0.79653905
0.80276615
0.80361781
0.80858943
0.8128344
0.8128344
0.8128344
0.81577712
0.82039364
0.82039364
0.82039364
0.82188162
0.82188162
0.82267559
0.82267559
0.82267559
0.82107475
0.82107475
0.82107475
0.83036064
0.83208313
0.83238011
0.8361306
0.8361306
0.84515699
0.84674776
0.84674776
0.84698478
0.84844256
0.85519999
0.86100367
0.86216702
0.86216702
0.86216702
0.86118902
0.85743997
0.8528087
0.85188759
0.84960058
0.84960058
0.84960058
0.84960058
0.84960058
0.84960058
0.84828181
0.84779905
0.84779905
0.84779905
0.84779905
0.84779905
0.848765
0.848765
0.84959056
0.85042906
0.85106661
0.85293408
0.85293408
0.85293408
0.85298446
0.85752839
0.86222177
0.86844755
0.87198861
0.87198861
0.87198861
0.87081355
0.85876119
0.85560154
0.85343671
0.85343671
0.85343671
0.85230729
0.85184279
0.83258965
0.81854343
0.81228224
0.80701613
0.80701613
0.79417379
0.79417379
0.79123086
0.78630521
0.78630521
0.78040694
0.78040694
0.78040694
0.78040694
0.78040694
0.77228743
0.77228743
0.75503922
0.75024321
0.74440166
0.73785035
0.73592509
0.71935852
0.71501065
0.70572962
0.70572962
0.70572962
0.69998245
0.69998245
0.69998245
0.69535187
0.68775177
0.68775177
0.68775177
0.69161001
0.6981038
0.6981038
0.70514762
0.70609521
0.70609521
0.70622671
0.72291732
0.74159939
0.76028594
0.76028594
0.76830888
0.77918415
0.78840671
0.78847233
0.78847233
0.7913434
0.79257636
0.79613921
0.798692
0.798692
0.798692
0.798692
0.798692
0.798692
0.798692
0.798692
0.798692
0.798692
0.79358141
0.79358141
0.79358141
0.79358141
0.79358141
0.79358141
0.79358141
0.79312906
0.79312906
0.79312906
0.79312906
0.79312906
0.79312906
0.79312906
0.79312906
0.79170079
0.78795206
0.78795206
0.78795206
0.78918912
0.78918912
0.78918912
0.78269645
0.76947047
0.76947047
0.76142042
0.75681231
0.75575229
0.75575229
0.75575229
0.74688824
0.74688824
0.74688824
0.75049391
0.7537268
0.7537268
0.7537268
0.75322028
0.74927693
0.74927693
0.74927693
0.73874339
0.73408047
0.73201977
0.72862625
0.72858987
0.72461472
0.71369386
0.69641678
0.69431619
0.69431619
0.69431619
0.68355927
0.68355927
0.68355927
0.68497246
0.68497246
0.68497246
0.68497246
0.68497246
0.67243526
0.67243526
0.67243526
0.67243526
0.67243526
0.67243526
0.66348557
0.6575996
0.63649598
0.63194326
0.62704184
0.6079897
0.5949299
0.5949299
0.5949299
0.5949299
0.5949299
0.5949299
0.59292635
0.59292635
0.59292635
0.59292635
0.58684768
0.58684768
0.58684768
0.58684768
0.58010494
0.58010494
0.58010494
0.60024527
0.60043195
0.60043195
0.60043195
0.60043195
0.60937973
0.61128448
0.62481379
0.62481379
0.62481379
0.6130214
0.6053387
0.60456768
0.60299822
0.6013446
0.58990001
0.58990001
0.58990001
0.58990001
0.57330569
0.56525277
0.56525277
0.56525277
0.58650371
0.59259128
0.59259128
0.59259128
0.58365452
0.58074456
0.58074456
0.58074456
0.58591064
0.58591064
0.58998986
0.600276
0.600276
0.600276
0.60061965
0.60061965
0.62548814
0.62557059
0.63103051
0.63103051
0.63103051
0.6222659
0.6222659
0.6222659
0.6222659
0.6222659
0.62755864
0.62755864
0.62755864
0.61430379
0.61430379
0.61430379
0.61510495
0.61510495
0.61510495
0.61540492
0.61540492
0.64284319
0.64284319
0.64284319
0.64284319
0.64284319
0.64822567
0.64822567
0.64822567
0.64822567
0.64822567
0.64822567
0.64822567
0.65009357
0.65780162
0.66479693
0.67776741
0.67776741
0.67776741
0.67355467
0.66043691
0.66043691
0.65875171
0.65875171
0.65875171
0.65875171
0.65875171
0.65875171
0.65411239
0.65411239
0.65411239
0.65411239
0.66690434
0.66690434
0.66690434
0.66339614
0.66339614
0.66339614
0.66339614
0.67208656
0.67647347
0.67647347
0.68408027
0.68766496
0.68766496
0.68766496
0.69480843
0.69480843
0.69480843
0.69480843
0.69480843
0.69480843
0.67886418
0.67886418
0.67886418
0.67886418
0.67860725
0.67860725
0.67860725
0.67860725
0.67577281
0.67577281
0.67577281
0.67577281
0.68406909
0.7007923
0.70088258
0.70418891
0.70876384
0.71061985
0.71061985
0.71061985
0.71061985
0.70629419
0.70238179
0.69119483
0.69119483
0.69119483
0.69119483
0.69119483
0.70094628
0.70822909
0.70822909
0.70822909
0.70822909
0.70822909
0.71640643
0.71779982
0.71779982
0.72057268
0.72057268
0.72057268
0.72057268
0.72057268
0.72057268
0.72095366
0.72095366
0.72095366
0.70550901
0.69662237
0.69527325
0.69527325
0.69527325
0.69290017
0.69290017
0.69070807
0.69034483
0.68806932
0.67640742
0.67530304
0.67530304
0.67530304
0.67858908
0.6869897
0.6869897
0.6869897
0.6742916
0.65789797
0.65789797
0.65789797
0.6621521
0.67244464
0.6780382
0.68346025
0.68346025
0.68346025
0.69096565
0.69459416
0.69459416
0.69459416
0.69459416
0.70162552
0.70162552
0.70589292
0.70681903
0.70681903
0.70681903
0.70681903
0.71039871
0.71192258
0.7134529
0.72180809
0.72180809
0.72180809
0.72180809
0.72180809
0.72180809
0.72180809
0.70918088
0.70918088
0.70918088
0.70237582
0.70237582
0.70237582
0.7100483
0.7100483
0.7100483
0.7100483
0.7135149
0.7135149
0.7135149
0.7135149
0.71158629
0.69543101
0.69337367
0.69337367
0.69337367
0.70261396
0.7066487
0.7066487
0.71718166
0.71718166
0.71718166
0.71037501
0.71037501
0.71037501
0.7135884
0.72029236
0.721396
0.72545062
0.73889423
0.74385413
0.7513371
0.75148591
0.75317202
0.75317202
0.75317202
0.74909328
0.74909328
0.74909328
0.75433057
0.75433057
0.75433057
0.75402192
0.74897968
0.74897968
0.74897968
0.75193315
0.75479875
0.75479875
0.75479875
0.74788839
0.74788839
0.74788839
0.74788839
0.74788839
0.74788839
0.74788839
0.74788839
0.74788839
0.74788839
0.75949511
0.76464303
0.76464303
0.77108649
0.77108649
0.77108649
0.77108649
0.93184076
0.93431269
0.94007336
0.94007336
0.94007336
0.93974873
0.93558224
0.93478113
0.93020562
0.93020562
0.92500878
0.91896077
0.91744861
0.91744861
0.91692371
0.91692371
0.91267238
0.91267238
0.91267238
0.91194067
0.91194067
0.91194067
0.91194067
0.91194067
0.91194067
0.92200622
0.92633423
0.93591851
0.93591851
0.93591851
0.93522251
0.93522251
0.93522251
0.93522251
0.93910749
0.93910749
0.93910749
0.93710292
0.93699917
0.93699917
0.7755192
0.7755192
0.7755192
0.78305613
0.7834263
0.786323
0.80462302
0.80462302
0.80462302
0.80123253
0.80123253
0.80123253
0.80123253
0.80123253
0.80079136
0.80079136
0.79772481
0.7911367
0.7911367
0.7911367
0.78430688
0.78430688
0.78430688
0.78345564
0.78345564
0.78345564
0.78345564
0.78345564
0.78345564
0.78345564
0.77739983
0.77739983
0.77739983
0.77954777
0.78586031
0.78586031
0.78586031
0.78456637
0.78456637
0.7776859
0.77427746
0.76981278
0.76981278
0.76981278
0.76981278
0.76886376
0.76666421
0.76666421
0.76666421
0.76666421
0.76666421
0.76666421
0.77453429
0.77453429
0.77453429
0.75768346
0.75386139
0.74962153
0.74962153
0.74740201
0.74740201
0.74740201
0.74740201
0.72968664
0.72968664
0.72968664
0.73032892
0.73455685
0.73455685
0.73455685
0.73450806
0.73450806
0.73450806
0.7298452
0.7298452
0.72676922
0.72676922
0.72676922
0.72676922
0.7221862
0.7221862
0.7221862
0.7221862
0.7253214
0.74054321
0.74054321
0.74054321
0.74054321
0.74054321
0.74054321
0.73914045
0.7381533
0.7381533
0.7381533
0.7381533
0.72067138
0.7178828
0.7178828
0.7178828
0.73224795
0.73224795
0.73224795
0.72916659
0.72916659
0.72916659
0.73043837
0.73338322
0.73603614
0.74327746
0.74753298
0.74753298
0.74753298
0.74753298
0.74753298
0.74753298
0.74753298
0.74477918
0.74470973
0.74040351
0.74040351
0.73517175
0.73517175
0.73517175
0.73517175
0.73517175
0.73517175
0.73517175
0.73661472
0.73669462
0.73669462
0.73669462
0.73669462
0.73636056
0.73636056
0.73636056
0.7443884
0.75202231
0.76084935
0.76084935
0.76084935
0.76084935
0.76084935
0.76084935
0.75148282
0.7439173
0.7400515
0.7400515
0.7400515
0.73986498
0.73986498
0.73986498
0.74320561
0.74507537
0.74507873
0.74507873
0.74507873
0.7395265
0.7395265
0.7395265
0.74270809
0.74367464
0.74367464
0.74367464
0.75163142
0.75672491
0.75705183
0.75705183
0.75705183
0.75705183
0.75705183
0.76239591
0.76239591
0.76239591
0.75851712
0.75493845
0.75440376
0.75127228
0.75127228
0.75127228
0.75114333
0.75114333
0.75114333
0.75114333
0.75121268
0.75189267
0.75189267
0.75189267
0.75308142
0.75734631
0.75798253
0.75798253
0.75798253
0.75798253
0.75798253
0.76062719
0.76380772
0.78681125
0.78702547
0.78702547
0.78702547
0.78003565
0.7723685
0.77120387
0.77120387
0.77120387
0.76877774
0.76362818
0.76362818
0.75676097
0.75467513
0.7496447
0.73961251
0.73961251
0.73961251
0.74497785
0.74497785
0.74497785
0.75452983
0.75602808
0.75602808
0.75602808
0.74863758
0.74333733
0.74333733
0.74333733
0.74650763
0.75121012
0.7554822
0.76759885
0.78280367
0.78462746
0.78462746
0.79724141
0.79724141
0.79724141
0.79681483
0.77995847
0.77462366
0.77462366
0.77462366
0.77462366
0.77462366
0.76617228
0.76192976
0.74978649
0.73430092
0.73323952
0.73323952
0.73323952
0.73323952
0.73323952
0.73342791
0.7366135
0.7366135
0.7366135
0.73705749
0.73705749
0.73705749
0.74206932
0.74337397
0.74337397
0.74337397
0.74337397
0.73388463
0.73388463
0.73388463
0.73388463
0.73388463
0.74947182
0.74947182
0.74947182
0.76068908
0.76068908
0.77799689
0.77799689
0.78701545
0.78874284
0.78874284
0.79556041
0.79556041
0.79918733
0.79918733
0.79918733
0.8017456
0.8017456
0.8017456
0.79623577
0.79606752
0.79606752
0.79606752
0.80382708
0.80382708
0.80382708
0.80284546
0.80284546
0.80284546
0.79605165
0.79577447
0.79393358
0.79393358
0.79393358
0.78577259
0.78577259
0.77606652
0.76834728
0.76712029
0.76712029
0.76675507
0.75103702
0.75103702
0.75103702
0.7522082
0.75843823
0.77490062
0.77490062
0.77589992
0.78007432
0.78007432
0.78007432
0.77181484
0.76762942
0.76762942
0.76762942
0.75672113
0.7486649
0.7405495
0.72884819
0.72198188
0.72198188
0.71007445
0.71007445
0.71007445
0.72846774
0.72846774
0.73412931
0.75187946
0.76478055
0.76478055
0.76478055
0.76478055
0.76331201
0.76331201
0.76331201
0.76331201
0.7611784
0.76008834
0.76008834
0.76008834
0.75790471
0.75669854
0.75669854
0.75654712
0.75241363
0.75241363
0.75241363
0.76290312
0.78054403
0.78054403
0.78383721
0.78383721
0.78388707
0.78388707
0.78388707
0.78388707
0.78388707
0.78351839
0.78351839
0.78351839
0.78351839
0.79058464
0.79354988
0.79354988
0.79675465
0.80748712
0.81668337
0.81668337
0.81673919
0.81673919
0.81673919
0.81673919
0.81673919
0.81673919
0.83044873
0.83044873
0.83044873
0.83268919
0.83268919
0.83268919
0.83268919
0.83346724
0.83646983
0.83646983
0.9798753
0.9798753
0.9798753
0.96462447
0.96462447
0.96462447
0.96462447
0.96462447
0.96462447
0.96462447
0.96462447
0.96462447
0.96462447
0.96462447
0.96462447
0.96462447
0.96462447
0.96462447
0.96462447
0.96640474
0.96640474
0.96640474
0.96640474
0.96640474
0.96640474
0.96640474
0.97231372
0.97231372
0.97231372
0.97231372
0.97231372
0.97231372
0.85096131
0.85096131
0.85096131
0.85096131
0.85096131
0.85096131
0.85096131
0.85096131
0.85096131
0.84743021
0.84743021
0.84257917
0.84257917
0.83869148
0.83618583
0.82972054
0.82797083
0.81929624
0.81929624
0.81929624
0.81897778
0.8155238
0.8155238
0.8155238
0.81711495
0.81872495
0.81872495
0.81872495
0.81872495
0.81974177
0.82059859
0.82704871
0.82704871
0.82806516
0.8341899
0.83693043
0.83944125
0.84200325
0.84653616
0.84653616
0.84653616
0.85158383
0.85158383
0.85158383
0.85158383
0.85393662
0.85418147
0.85794266
0.85989465
0.85989465
0.85989684
0.85989684
0.85989684
0.86023084
0.86069118
0.86069118
0.86069118
0.85436826
0.85218527
0.85100861
0.84695959
0.84695959
0.84695959
0.84502107
0.84502107
0.84502107
0.84502107
0.84502107
0.84502107
0.84733104
0.84733104
0.84733104
0.84733104
0.85495978
0.85495978
0.85495978
0.85155896
0.85155896
0.85155896
0.84959312
0.84959312
0.8385513
0.83799903
0.83799903
0.83799903
0.83799903
0.83799903
0.83799903
0.83799903
0.83396055
0.83396055
0.83293771
0.83293771
0.83293771
0.83587281
0.83833548
0.83833548
0.83833548
0.83833548
0.83833548
0.83833548
0.84373336
0.84699288
0.84699288
0.84699288
0.84529084
0.84529084
0.84339669
0.84339669
0.84339669
0.84339669
0.84339669
0.84339669
0.84308527
0.84308527
0.83716591
0.83226848
0.8301494
0.82931612
0.82823128
0.81858657
0.81261576
0.81261576
0.81261576
0.80628825
0.80628825
0.80628825
0.80628825
0.80869468
0.81157226
0.81157226
0.81157226
0.81157226
0.81157226
0.81157226
0.81159889
0.81159889
0.81159889
0.81159889
0.81159889
0.8101401
0.8101401
0.8101401
0.8101401
0.8101401
0.80364082
0.79592818
0.79592818
0.79592818
0.79648972
0.79648972
0.79648972
0.79494236
0.79494236
0.79494236
0.80469429
0.80469429
0.80469429
0.80229021
0.80229021
0.80229021
0.78324382
0.78324382
0.78324382
0.78027996
0.77463602
0.77189979
0.76752934
0.76752934
0.76752934
0.76752934
0.77121511
0.77121511
0.77207268
0.77207268
0.77207268
0.77207268
0.77207268
0.77207268
0.77207268
0.77207268
0.77707168
0.77707168
0.77707168
0.77707168
0.77707168
0.78072571
0.7855646
0.7855646
0.7855646
0.79152039
0.79152039
0.79152039
0.79199629
0.79496835
0.79496835
0.79496835
0.79776519
0.80219519
0.80219519
0.80219519
0.79955201
0.79772247
0.79772247
0.79772247
0.79772247
0.79389433
0.79389433
0.79389433
0.79389433
0.79389433
0.78490341
0.78490341
0.78490341
0.78758269
0.78758269
0.78758269
0.78758269
0.78758269
0.78190817
0.77940471
0.77940471
0.77940471
0.78031873
0.78060965
0.78060965
0.78060965
0.78060965
0.78060965
0.78060965
0.78060965
0.77344109
0.77103163
0.77063328
0.76603854
0.76342157
0.7607605
0.76055965
0.76055965
0.75373937
0.75373937
0.75373937
0.76371702
0.76371702
0.77018109
0.77087775
0.77087775
0.78273986
0.79137776
0.79854297
0.80238102
0.81205694
0.82618528
0.82860199
0.82860199
0.82860199
0.82860199
0.83041134
0.83995432
0.84220155
0.8498736
0.85052004
0.85583882
0.85583882
0.85583882
0.85534748
0.85534748
0.84417532
0.83298219
0.83004682
0.82954866
0.82767986
0.8244196
0.82398259
0.82307138
0.8161655
0.8161655
0.8161655
0.8161655
0.8161655
0.81596444
0.81596444
0.81596444
0.81957565
0.81957565
0.81957565
0.81911014
0.81911014
0.81806823
0.81731212
0.81731212
0.81731212
0.81777859
0.82058496
0.82058496
0.82058496
0.81813555
0.81813555
0.81670446
0.81582335
0.81101759
0.81101759
0.81101759
0.80338106
0.80338106
0.80338106
0.80338106
0.80338106
0.80538855
0.80969621
0.80969621
0.80969621
0.80969621
0.81339275
0.81526197
0.81567763
0.81810743
0.82565868
0.83806252
0.84168368
0.85050571
0.85050571
0.85196657
0.85196657
0.85196657
0.85030251
0.84965176
0.84440925
0.84440925
0.84440925
0.84280074
0.83800734
0.83800734
0.83472997
0.83274906
0.83274906
0.82853738
0.82244902
0.82159129
0.82159129
0.80496725
0.79966152
0.79965737
0.79742484
0.79742484
0.79742484
0.80520139
0.80621166
0.80621166
0.81180165
0.81745599
0.81745599
0.82601074
0.82837307
0.82968416
0.82968416
0.82968416
0.82968416
0.82968416
0.82532265
0.82421752
0.81769321
0.81769321
0.81662979
0.81662979
0.81662979
0.81662979
0.81662979
0.81662979
0.81662979
0.81662979
0.81662979
0.82020946
0.8304874
0.83602685
0.84013211
0.84013211
0.84553094
0.84650963
0.84650963
0.85438301
0.85438301
0.85438301
0.85438301
0.85514418
0.85514418
0.85514418
0.8600399
0.86569609
0.86569609
0.86569609
0.86322916
0.86096985
0.86096985
0.86096985
0.86096985
0.86051595
0.85698752
0.85698752
0.85698752
0.85698752
0.85739763
0.85739763
0.85952645
0.85952645
0.85952645
0.88526732
0.89896723
0.89896723
0.89896723
0.88918398
0.88647759
0.86973292
0.86973292
0.85945194
0.85662491
0.85520159
0.85520159
0.85520159
0.84943871
0.84943871
0.84943871
0.84943871
0.84943871
0.85366414
0.85631743
0.85931287
0.86971225
0.86971225
0.86971225
0.86971225
0.86680985
0.86369734
0.86369734
0.86369734
0.86503826
0.86503826
0.86965031
0.87434672
0.87434672
0.87434672
0.8730866
0.8730866
0.8730866
0.8730866
0.8730866
0.8730866
0.86456273
0.86417078
0.85640121
0.85101521
0.85101521
0.85101521
0.84694611
0.84610889
0.84571901
0.83814544
0.83814544
0.83814544
0.83814544
0.8392583
0.8392583
0.8392583
0.836129
0.83451762
0.82399532
0.82399532
0.81790749
0.80359342
0.7965799
0.7965799
0.7965799
0.78524679
0.78524679
0.77735903
0.76705339
0.75807163
0.75807163
0.75807163
0.75807163
0.75807163
0.74958388
0.74958388
0.73427227
0.73395344
0.72717523
0.71853728
0.70599241
0.70538294
0.70538294
0.70538294
0.70538294
0.70538294
0.70538294
0.70538294
0.70538294
0.70538294
0.70538294
0.70829109
0.70829109
0.70829109
0.70829109
0.70829109
0.70829109
0.70829109
0.70829109
0.70829109
0.71537997
0.71858596
0.743127
0.74487819
0.74487819
0.74487819
0.76364559
0.77181782
0.78007378
0.78007378
0.78874849
0.78954715
0.78954715
0.79661079
0.79661079
0.79661079
0.79661079
0.80157336
0.80157336
0.80157336
0.80157336
0.80459245
0.80459245
0.80459245
0.78273922
0.78273922
0.78273922
0.78273922
0.77347134
0.77345749
0.77345749
0.77204424
0.77204424
0.77204424
0.77204424
0.78419577
0.7851506
0.7851506
0.7851506
0.79039188
0.79039188
0.79039188
0.78657716
0.775573
0.7735915
0.7735915
0.77067019
0.77067019
0.77067019
0.75657226
0.74777468
0.74777468
0.74777468
0.76437304
0.76437304
0.76437304
0.76437304
0.76924395
0.78006201
0.78006201
0.78006201
0.78507662
0.78755659
0.78755659
0.79113307
0.79113307
0.79113307
0.79113307
0.77877558
0.77580075
0.77580075
0.77580075
0.77720686
0.77720686
0.77720686
0.77720686
0.77720686
0.77720686
0.77720686
0.77720686
0.77720686
0.77892796
0.78662116
0.79010911
0.79010911
0.79010911
0.79010911
0.79010911
0.79010911
0.79010911
0.79010911
0.7734903
0.7734903
0.7734903
0.7767299
0.78091612
0.78091612
0.78091612
0.77565103
0.77565103
0.77565103
0.77565103
0.79599444
0.79599444
0.79599444
0.80328141
0.80328141
0.8040454
0.8040454
0.8040454
0.79577895
0.794658
0.794658
0.794658
0.794658
0.79570251
0.79570251
0.79570251
0.79570251
0.7962681
0.80396657
0.80396657
0.80396657
0.79196518
0.79196518
0.79196518
0.79196518
0.79196518
0.79196518
0.79196518
0.77819982
0.75663937
0.75360243
0.75360243
0.75360243
0.76016685
0.77881425
0.77881425
0.78282913
0.80640144
0.81556572
0.82463813
0.82463813
0.82463813
0.82463813
0.82463813
0.82463813
0.82463813
0.82463813
0.82463813
0.82293519
0.82293519
0.82293519
0.82293519
0.82293519
0.82293519
0.82293519
0.82293519
0.82293519
0.81298551
0.80280445
0.79890313
0.79890313
0.7975393
0.78970028
0.77750251
0.77750251
0.77750251
0.77857073
0.79716977
0.79716977
0.79716977
0.79105238
0.79105238
0.79105238
0.79105238
0.79105238
0.79286275
0.79286275
0.79286275
0.7885062
0.7885062
0.7885062
0.7885062
0.7775929
0.76846467
0.76846467
0.76846467
0.76846467
0.76846467
0.76846467
0.76914062
0.77196147
0.77223284
0.77223284
0.77223284
0.76716844
0.7640433
0.76318317
0.76213897
0.76213897
0.76213897
0.76213897
0.76213897
0.7701642
0.7701642
0.7701642
0.7701642
0.7701642
0.78134456
0.78134456
0.7938114
0.79636035
0.81264969
0.81505436
0.81505436
0.82006022
0.82006022
0.82006022
0.80980231
0.80022988
0.79793845
0.79175885
0.79175885
0.78619432
0.78109817
0.78109817
0.78109817
0.78298817
0.78298817
0.78298817
0.78298817
0.78298817
0.78394986
0.78436589
0.78469611
0.79485746
0.79756695
0.79843607
0.79843607
0.79856784
0.79856784
0.79856784
0.79822281
0.79822281
0.79822281
0.79279836
0.79279836
0.79279836
0.79279836
0.78759942
0.78546814
0.78546814
0.77606109
0.77606109
0.76707262
0.7555418
0.74938319
0.74938319
0.73430891
0.73430891
0.73430891
0.71915192
0.71915192
0.71915192
0.71915192
0.71915192
0.71907949
0.71806517
0.70782499
0.70782499
0.70782499
0.70782499
0.70782499
0.70782499
0.71348028
0.71348028
0.71348028
0.71655914
0.71655914
0.71655914
0.71655914
0.71778256
0.71778256
0.71778256
0.71778256
0.71778256
0.71778256
0.72538446
0.72538446
0.72538446
0.72416589
0.71635637
0.70180289
0.69953739
0.67163767
0.67163767
0.67163767
0.67163767
0.67163767
0.67163767
0.66877303
0.66651936
0.66651936
0.66651936
0.6582307
0.64508221
0.64182621
0.64182621
0.64182621
0.64182621
0.64182621
0.64182621
0.6398739
0.6398739
0.6398739
0.6398739
0.62624952
0.62600792
0.62407276
0.62407276
0.62407276
0.62407276
0.62483062
0.62483062
0.62483062
0.62041447
0.62041447
0.62041447
0.64473457
0.64473457
0.64473457
0.63626828
0.63626828
0.63199775
0.6248491
0.6248491
0.6248491
0.6248491
0.6248491
0.6248491
0.62254127
0.62254127
0.62254127
0.64593446
0.66249388
0.66268547
0.66268547
0.66268547
0.66268547
0.66268547
0.66268547
0.66268547
0.66362767
0.66784398
0.66784398
0.66784398
0.66650626
0.66650626
0.66650626
0.6670556
0.6670556
0.6670556
0.6670556
0.6670556
0.66320078
0.66320078
0.66320078
0.72145097
0.72538718
0.72538718
0.72760985
0.72760985
0.72760985
0.70951131
0.70721919
0.69950522
0.69950522
0.69950522
0.69950522
0.69950522
0.69950522
0.69950522
0.69950522
0.70008977
0.70657307
0.70657307
0.70657307
0.70409128
0.70409128
0.69747419
0.69654205
0.69654205
0.69654205
0.70141104
0.70141104
0.70141104
0.70141104
0.70141104
0.7030743
0.7030743
0.71163215
0.71163215
0.71163215
0.70163362
0.70163362
0.70163362
0.70163362
0.7060534
0.7060534
0.7060534
0.70254775
0.70118771
0.70118771
0.70118771
0.70118771
0.70118771
0.70118771
0.70118771
0.70118771
0.70380276
0.70963456
0.70963456
0.70963456
0.7002265
0.7002265
0.7002265
0.70195623
0.70268794
0.71723972
0.71723972
0.71723972
0.71723972
0.71723972
0.72535517
0.72535517
0.72535517
0.72535517
0.73507402
0.74610215
0.74610215
0.74773649
0.75789736
0.76686825
0.76686825
0.76686825
0.77992295
0.78244122
0.78244122
0.78244122
0.78174706
0.78174706
0.78174706
0.78073636
0.77944471
0.77944471
0.77944471
0.77944471
0.77944471
0.77205606
0.77196403
0.77196403
0.77196403
0.77196403
0.78265821
0.80022152
0.81445766
0.82776306
0.82776306
0.82776306
0.82776306
0.82036472
0.8116464
0.80373009
0.7999347
0.79478055
0.79284912
0.78957852
0.78068629
0.78068629
0.77271816
0.77271816
0.77205148
0.76919441
0.76606128
0.76212071
0.76212071
0.76212071
0.76270925
0.76270925
0.76270925
0.74239385
0.74239385
0.74239385
0.74239385
0.73355451
0.73355451
0.73245375
0.72503123
0.71759902
0.71582609
0.70869763
0.70869763
0.70836906
0.70836906
0.69259455
0.6830455
0.6830455
0.67514443
0.66188702
0.66120276
0.66120276
0.66120276
0.66120276
0.63681155
0.6345442
0.62263677
0.60144489
0.59315079
0.59315079
0.59315079
0.59315079
0.59315079
0.59315079
0.59418807
0.59868811
0.59868811
0.59868811
0.59868811
0.59868811
0.59796598
0.59453741
0.5906102
0.5906102
0.5841195
0.57676265
0.57676265
0.57676265
0.57676265
0.57676265
0.57676265
0.57676265
0.56075699
0.56075699
0.56075699
0.56075699
0.56144092
0.56144092
0.56144092
0.56144092
0.5735001
0.5735001
0.5735001
0.5735001
0.5735001
0.57395719
0.57395719
0.57395719
0.57395719
0.57395719
0.57468922
0.57468922
0.57468922
0.57468922
0.57468922
0.57468922
0.54472491
0.54472491
0.54472491
0.55938379
0.55938379
0.57438973
0.57785537
0.57785537
0.57785537
0.57868679
0.57868679
0.57868679
0.56838387
0.56838387
0.56838387
0.56838387
0.56838387
0.58950869
0.59160055
0.59160055
0.59757589
0.60316498
0.60316498
0.60316498
0.6188295
0.6188295
0.6188295
0.60336993
0.59196614
0.58926625
0.58926625
0.58926625
0.60083712
0.60973536
0.61061178
0.61806173
0.61806173
0.61806173
0.61806173
0.61806173
0.63011191
0.63380769
0.63380769
0.64202988
0.64229151
0.64229151
0.65228492
0.65228492
0.65228492
0.65228492
0.65228492
0.65208114
0.65208114
0.65208114
0.65581346
0.6639009
0.6667086
0.67105626
0.68319464
0.68484852
0.69150167
0.69497999
0.69497999
0.69497999
0.69497999
0.70067283
0.70067283
0.70067283
0.70067283
0.70067283
0.70067283
0.70481394
0.70481394
0.70481394
0.70481394
0.70481394
0.70481394
0.70292831
0.70266205
0.70190408
0.70190408
0.70190408
0.70190408
0.70190408
0.70190408
0.6998232
0.69154769
0.68189574
0.68189574
0.68189574
0.68189574
0.68189574
0.68189574
0.68189574
0.68189574
0.68483009
0.68483009
0.68483009
0.68483009
0.68631306
0.68631306
0.68631306
0.68631306
0.68631306
0.68631306
0.68631306
0.68542764
0.68542764
0.68542764
0.68542764
0.68542764
0.68699114
0.68940502
0.68940502
0.69037364
0.69127387
0.69332573
0.69495261
0.69495261
0.69495261
0.69495261
0.69495261
0.69495261
0.69495261
0.69495261
0.69495261
0.67284005
0.67284005
0.67284005
0.6686403
0.66800723
0.66800723
0.66800723
0.67047517
0.67200778
0.67200778
0.67200778
0.66975401
0.66529791
0.66529791
0.66443198
0.66443198
0.66443198
0.66443198
0.66445802
0.66445802
0.66445802
0.66136942
0.66136942
0.65595109
0.65403111
0.65403111
0.65403111
0.65403111
0.65403111
0.65403111
0.65403111
0.65637777
0.65820252
0.65820252
0.65820252
0.65657308
0.65657308
0.65358243
0.65358243
0.65217754
0.64749002
0.64749002
0.64749002
0.64749002
0.64749002
0.64666606
0.64666606
0.64666606
0.64666606
0.64478645
0.64478645
0.64478645
0.64478645
0.64478645
0.64478645
0.64478645
0.64478645
0.64478645
0.64478645
0.64478645
0.64083416
0.62431446
0.62431446
0.62431446
0.63245074
0.63844371
0.63844371
0.64632977
0.64632977
0.64632977
0.64632977
0.6485984
0.65252646
0.65277605
0.65277605
0.65277605
0.65277605
0.65277605
0.65277605
0.65277605
0.65277605
0.65277605
0.65277605
0.65277605
0.65277605
0.65141276
0.65141276
0.64788389
0.64788389
0.64788389
0.64788389
0.64788389
0.64788389
0.64611512
0.64611512
0.64611512
0.65948416
0.66180526
0.66201032
0.66201032
0.66201032
0.66195898
0.66195898
0.6578755
0.65395761
0.65395761
0.65002646
0.64480871
0.64480871
0.64480871
0.63648762
0.63648762
0.63648762
0.65285685
0.65285685
0.65285685
0.65285685
0.65285685
0.65285685
0.65285685
0.6710185
0.6710185
0.6710185
0.66467442
0.66467442
0.66467442
0.67413155
0.67462081
0.67916351
0.67916351
0.67916351
0.67916351
0.70596471
0.70596471
0.70596471
0.70596471
0.70596471
0.70596471
0.70087858
0.6991726
0.69020118
0.69020118
0.69020118
0.69020118
0.69121475
0.69121475
0.69121475
0.69121475
0.69121475
0.69121475
0.69121475
0.69121475
0.69505546
0.69505546
0.69505546
0.69505546
0.69505546
0.69505546
0.69505546
0.67928937
0.67928937
0.67928937
0.66759754
0.66759754
0.66759754
0.66759754
0.67342977
0.68115742
0.68115742
0.6845363
0.6845363
0.68658305
0.68658305
0.69866843
0.69866843
0.69866843
0.70134601
0.70546256
0.70546256
0.7149486
0.72552476
0.72552476
0.72552476
0.72552476
0.72552476
0.70772331
0.70094287
0.70094287
0.70094287
0.70023555
0.70023555
0.70023555
0.70023555
0.70023555
0.70023555
0.70023555
0.70487626
0.70570394
0.70570394
0.7150816
0.7150816
0.71569496
0.71569496
0.71569496
0.71569496
0.71886596
0.71886596
0.71886596
0.71798581
0.71322979
0.71006002
0.71006002
0.69177038
0.69177038
0.69177038
0.69177038
0.70424074
0.71138762
0.72156101
0.72156101
0.72156101
0.72156101
0.72156101
0.72156101
0.72156101
0.72156101
0.73888927
0.74596926
0.74596926
0.74596926
0.74596926
0.74596926
0.75417329
0.75417329
0.75417329
0.74161825
0.72945079
0.72945079
0.72945079
0.72945079
0.72468759
0.71186831
0.71186831
0.71186831
0.71186831
0.71186831
0.71186831
0.72771574
0.73828954
0.73828954
0.73828954
0.73797961
0.72231663
0.72231663
0.72231663
0.72443241
0.72680698
0.72680698
0.72680698
0.72621705
0.72621705
0.72621705
0.73185919
0.73185919
0.73185919
0.73185919
0.73185919
0.73185919
0.73439674
0.74008873
0.75159057
0.75726221
0.75806966
0.75806966
0.76411952
0.76662826
0.80115541
0.80115541
0.80115541
0.79625772
0.79625772
0.79625772
0.79213163
0.79062251
0.78808181
0.77986255
0.77986255
0.7731776
0.7731776
0.7731776
0.75511938
0.75109018
0.75109018
0.75109018
0.75039474
0.75039474
0.75039474
0.76717787
0.767541
0.767541
0.77399677
0.77399677
0.77399677
0.77399677
0.77454419
0.77454419
0.77454419
0.7719668
0.76426508
0.76426508
0.76406487
0.76406487
0.75112757
0.74014806
0.7381999
0.73637185
0.73637185
0.73637185
0.73637185
0.73637185
0.72747185
0.72747185
0.72747185
0.72789422
0.73000663
0.73736263
0.73736263
0.73736263
0.73736263
0.73736263
0.74383048
0.74383048
0.74383048
0.73664567
0.73664567
0.73664567
0.74310543
0.74310543
0.74930484
0.75460706
0.75460706
0.76471765
0.76471765
0.76471765
0.76471765
0.76471765
0.76471765
0.76715901
0.76715901
0.76715901
0.76630794
0.76630794
0.76630794
0.76898429
0.76898429
0.76898429
0.77248056
0.77248056
0.77248056
0.77419799
0.77889467
0.77889467
0.77889467
0.77889467
0.79400437
0.79400437
0.79400437
0.79069031
0.79069031
0.79069031
0.79069031
0.77947784
0.77947784
0.77947784
0.77765287
0.77587057
0.76964384
0.76964384
0.76964384
0.76964384
0.76964384
0.76964384
0.76964384
0.76964384
0.76964384
0.77867097
0.77867097
0.77867097
0.7782052
0.7782052
0.7782052
0.7782052
0.7782052
0.7782052
0.7782052
0.7782052
0.7782052
0.77500027
0.77500027
0.77500027
0.77500027
0.77500027
0.77500027
0.76659177
0.76659177
0.76659177
0.77173053
0.77173053
0.77173053
0.77441258
0.77441258
0.77441258
0.77399773
0.77399773
0.77399773
0.75961308
0.74860423
0.74860423
0.74860423
0.74860423
0.73125259
0.73125259
0.73125259
0.73781727
0.74603717
0.74623493
0.74623493
0.74623493
0.77575957
0.77585939
0.77585939
0.77585939
0.77585939
0.77585939
0.78191867
0.7882923
0.7919957
0.79274179
0.79274179
0.79274179
0.79274179
0.79274179
0.79274179
0.79274179
0.79274179
0.80212003
0.80212003
0.80212003
0.80212003
0.79383665
0.79383665
0.79383665
0.79383665
0.78344606
0.78225395
0.78225395
0.78225395
0.77711551
0.75972424
0.75972424
0.75972424
0.76891191
0.7821608
0.7821608
0.7821608
0.79209184
0.79209184
0.80059408
0.80444305
0.80444305
0.80444305
0.80444305
0.803576
0.7963008
0.79477176
0.79477176
0.79173658
0.79076242
0.78647549
0.78247195
0.77502387
0.77493609
0.77493609
0.7671008
0.7671008
0.7671008
0.7671008
0.7671008
0.7671008
0.77837809
0.77867763
0.77867763
0.7789205
0.77931794
0.77931794
0.77931794
0.77663349
0.77663349
0.77467591
0.77376066
0.77296146
0.77296146
0.77277132
0.77259374
0.7638204
0.7638204
0.7638204
0.77036234
0.77036234
0.77036234
0.76764156
0.76472351
0.76342472
0.76342472
0.76342472
0.76342472
0.7803835
0.78279653
0.78279653
0.78279653
0.77775034
0.76652274
0.76469762
0.75842582
0.7523438
0.7523438
0.7523438
0.74623222
0.74623222
0.74623222
0.74623222
0.74623222
0.74623222
0.75938992
0.75938992
0.75938992
0.75938992
0.75938992
0.75938992
0.76473986
0.76473986
0.76473986
0.76899804
0.76899804
0.76899804
0.76899804
0.76613734
0.76613734
0.75760399
0.75760399
0.75760399
0.75910316
0.75910316
0.75910316
0.75910316
0.75910316
0.75910316
0.75611714
0.75611714
0.75611714
0.75611714
0.75611714
0.75611714
0.74805377
0.74805377
0.74605517
0.74605517
0.74605517
0.7469063
0.7469063
0.7469063
0.75248739
0.75707452
0.75707452
0.75707452
0.75707452
0.75707452
0.75707452
0.75707452
0.75707452
0.75302124
0.75302124
0.75302124
0.75302124
0.74981972
0.74981972
0.74633107
0.74633107
0.74633107
0.74633107
0.74211428
0.73682964
0.73682964
0.73682964
0.73682964
0.73682964
0.74003856
0.74003856
0.75169214
0.75169214
0.75169214
0.75169214
0.75169214
0.75169214
0.75169214
0.75169214
0.75169214
0.75169214
0.75169214
0.7565828
0.76346173
0.76346173
0.76346173
0.76346173
0.76346173
0.76286744
0.76286744
0.76286744
0.76286744
0.75072778
0.75072778
0.75072778
0.75072778
0.75243914
0.75856175
0.75856175
0.75856175
0.75856175
0.76572126
0.76572126
0.76870733
0.77856269
0.79870718
0.79870718
0.79870718
0.79870718
0.80754726
0.80754726
0.80754726
0.80712026
0.80712026
0.80352471
0.80352471
0.80352471
0.80286938
0.80286938
0.80286938
0.80286938
0.79865418
0.79865418
0.79865418
0.79871309
0.8010956
0.8010956
0.8010956
0.8039059
0.8039059
0.8039059
0.8039059
0.79730133
0.7945862
0.7945862
0.7945862
0.7945862
0.7945862
0.7945862
0.7945862
0.7945862
0.794574
0.794574
0.794574
0.794574
0.79753866
0.79753866
0.79753866
0.79753866
0.79727246
0.79639284
0.79639284
0.79639284
0.79639284
0.79576366
0.79576366
0.79576366
0.79576366
0.79576366
0.79446455
0.79446455
0.78656773
0.78197678
0.78089513
0.77908199
0.77908199
0.77908199
0.77972396
0.78042435
0.78222524
0.78261874
0.78261874
0.78261874
0.78840793
0.78840793
0.78840793
0.78840793
0.78840793
0.78277496
0.78224889
0.78224889
0.78089061
0.78089061
0.78089061
0.78294039
0.78396035
0.78493084
0.78493084
0.78493084
0.79564403
0.79564403
0.79564403
0.79564403
0.79462828
0.79462828
0.79135161
0.79135161
0.79135161
0.79135161
0.79550987
0.79550987
0.79550987
0.79550987
0.79978259
0.79978259
0.79978259
0.79473959
0.79473959
0.79219496
0.79219496
0.79219496
0.78720597
0.78720597
0.78720597
0.78720597
0.78720597
0.78720597
0.77680276
0.77170283
0.77170283
0.77170283
0.7648132
0.7648132
0.75578425
0.73640993
0.73640993
0.72282007
0.71007094
0.69681763
0.68319021
0.68319021
0.68319021
0.68825632
0.68825632
0.68825632
0.68285248
0.67274605
0.67274605
0.67274605
0.67274605
0.6643426
0.66267407
0.66267407
0.66267407
0.66267407
0.64253928
0.63248978
0.63248978
0.63045379
0.63045379
0.63045379
0.61185651
0.61185651
0.61185651
0.61185651
0.6205579
0.6205579
0.6205579
0.61287685
0.61275083
0.60587169
0.60373509
0.60373509
0.60373509
0.60373509
0.59859852
0.59859852
0.59187799
0.59187799
0.59187799
0.59187799
0.59187799
0.59187799
0.60885915
0.61665258
0.61665258
0.63603697
0.64308889
0.66470638
0.67322178
0.68673921
0.68852817
0.6912041
0.6912041
0.6912041
0.70370716
0.70370716
0.70370716
0.71376379
0.71411314
0.71576372
0.71576372
0.73011507
0.73970455
0.74075402
0.74075402
0.74877563
0.74900125
0.74900125
0.74900125
0.74900125
0.75281021
0.76017968
0.77067839
0.77067839
0.77067839
0.78200927
0.78200927
0.78200927
0.78200927
0.78595022
0.78595022
0.79232326
0.79232326
0.79410503
0.79605692
0.79605692
0.79605692
0.79605692
0.79605692
0.79605692
0.79578246
0.79578246
0.79097276
0.79097276
0.79097276
0.79097276
0.79097276
0.79097276
0.79097276
0.79097276
0.79097276
0.79097276
0.79097276
0.79097276
0.79097276
0.79097276
0.79097276
0.78736331
0.78736331
0.78545898
0.7741532
0.77011888
0.77011888
0.77011888
0.77011888
0.77011888
0.77086577
0.77086577
0.77086577
0.77086577
0.77341121
0.77341121
0.78099926
0.78142557
0.79901306
0.79901306
0.79901306
0.79334802
0.79334802
0.79334802
0.79334802
0.78998107
0.7882646
0.7882646
0.7882646
0.78304446
0.78173736
0.77675605
0.76399254
0.76352245
0.76352245
0.74893653
0.74893653
0.74893653
0.74893653
0.74633741
0.73561415
0.73561415
0.73561415
0.73561415
0.73561415
0.73561415
0.73671965
0.74956087
0.74956087
0.74956087
0.74956087
0.74870474
0.74870474
0.74870474
0.74870474
0.74226416
0.74226416
0.74226416
0.74127679
0.73324139
0.73102159
0.73102159
0.73073046
0.7294623
0.7294623
0.72528199
0.72528199
0.725105
0.725105
0.725105
0.725105
0.725105
0.725105
0.724892
0.724892
0.724892
0.724892
0.73063928
0.73063928
0.73063928
0.73244129
0.73244129
0.73244129
0.74002668
0.74046268
0.75386714
0.75612065
0.75612065
0.75612065
0.74444203
0.74013331
0.73186116
0.73186116
0.73186116
0.7261419
0.71721729
0.71721729
0.71721729
0.71721729
0.71721729
0.71721729
0.71721729
0.70960484
0.70112369
0.70112369
0.70112369
0.70112369
0.70112369
0.70112369
0.70112369
0.69445808
0.69445808
0.69027553
0.69027553
0.69027553
0.70522166
0.70913577
0.72696863
0.72821267
0.7334678
0.7334678
0.7334678
0.7334678
0.7334678
0.74576128
0.75586931
0.75617658
0.75617658
0.75617658
0.74403064
0.74403064
0.74403064
0.74403064
0.74403064
0.74403064
0.74403064
0.74403064
0.74403064
0.74403064
0.74403064
0.74549363
0.74549363
0.74549363
0.74549363
0.74549363
0.74549363
0.74549363
0.74549363
0.74549363
0.74549363
0.74549363
0.74549363
0.75014648
0.75014648
0.75070312
0.75070312
0.76285817
0.76583093
0.76583093
0.76583093
0.75542287
0.75096661
0.74975938
0.74975938
0.74975938
0.74975938
0.74975938
0.74975938
0.74523473
0.74523473
0.74523473
0.74523473
0.74187609
0.7327321
0.7327321
0.7281976
0.71354526
0.71146757
0.71146757
0.69757081
0.69757081
0.69757081
0.71224631
0.71224631
0.71534471
0.71534471
0.71534471
0.71534471
0.71534471
0.71566577
0.71566577
0.71566577
0.71566577
0.71566577
0.72651154
0.72894268
0.75144421
0.75144421
0.75144421
0.75144421
0.74726044
0.74726044
0.74057842
0.74057842
0.73402497
0.73402497
0.73402497
0.73402497
0.73583673
0.73583673
0.73583673
0.70778909
0.70778909
0.70778909
0.72040757
0.73332021
0.74822868
0.74939086
0.74939086
0.75118701
0.7605285
0.7605285
0.7605285
0.7605285
0.79410237
0.79748253
0.79748253
0.79748253
0.79700391
0.7848894
0.78050185
0.77420401
0.77184866
0.77184866
0.75806109
0.75806109
0.75806109
0.75806109
0.75239861
0.75194114
0.75194114
0.75194114
0.73979131
0.73607209
0.73378689
0.73378689
0.73073755
0.73060285
0.73060285
0.73060285
0.73201386
0.73599705
0.76806095
0.77455873
0.77549513
0.77549513
0.77549513
0.77233329
0.77233329
0.77233329
0.77233329
0.76567242
0.76221983
0.75900638
0.74915682
0.74915682
0.7459592
0.73969885
0.73117658
0.73117658
0.73117658
0.73117658
0.73117658
0.71488235
0.71488235
0.71488235
0.71702624
0.71702624
0.71970696
0.71970696
0.71970696
0.71970696
0.70994827
0.70994827
0.70994827
0.70994827
0.70994827
0.71128797
0.71128797
0.71128797
0.71128797
0.71128797
0.71128797
0.71269834
0.71917738
0.71917738
0.71917738
0.71564596
0.71564596
0.71220455
0.71220455
0.71220455
0.71220455
0.70740252
0.70740252
0.70740252
0.70740252
0.72047122
0.72255956
0.72255956
0.72333005
0.72333005
0.72333005
0.72333005
0.72333005
0.72333005
0.72513243
0.73087278
0.736989
0.73759916
0.73759916
0.73759916
0.73482438
0.71714789
0.71714789
0.71714789
0.71714789
0.71714789
0.71714789
0.71624659
0.71624659
0.71624659
0.71624659
0.71624659
0.7186732
0.72459912
0.73635848
0.73975771
0.73975771
0.73975771
0.7707104
0.7707104
0.7707104
0.77964982
0.7842125
0.7842125
0.78505483
0.78505483
0.78505483
0.78505483
0.79146692
0.79789749
0.80960434
0.80960434
0.81013466
0.81215441
0.81646776
0.81801364
0.81801364
0.81801364
0.81801364
0.81657392
0.81640454
0.81640454
0.81640454
0.81640454
0.81640454
0.81658968
0.81912281
0.81930651
0.82391558
0.82391558
0.82510827
0.82510827
0.82510827
0.81005983
0.79754085
0.79754085
0.78479156
0.78479156
0.77532
0.77532
0.77532
0.76257354
0.76257354
0.76257354
0.76257354
0.75779781
0.75779781
0.73472824
0.73472824
0.73472824
0.71545843
0.69922539
0.69203392
0.68504005
0.67541809
0.67541809
0.67392297
0.66577865
0.66078317
0.66078317
0.66078317
0.66344248
0.66397377
0.66397377
0.66397377
0.67171628
0.67171628
0.67171628
0.67106494
0.6610042
0.65884199
0.65884199
0.65783092
0.64971642
0.64971642
0.64971642
0.64971642
0.64971642
0.64302748
0.6331726
0.6331726
0.6331726
0.62436122
0.62436122
0.62436122
0.62670421
0.62670421
0.62670421
0.62670421
0.62670421
0.62670421
0.62670421
0.62670421
0.62670421
0.62297668
0.62297668
0.62297668
0.62048461
0.62048461
0.62048461
0.61767761
0.59687981
0.59687981
0.59687981
0.60577619
0.60577619
0.60577619
0.59695529
0.59695529
0.59695529
0.59695529
0.5928733
0.5928733
0.5928733
0.59714405
0.63050865
0.64309869
0.64309869
0.64309869
0.64309869
0.64162014
0.64162014
0.63582456
0.63582456
0.62818281
0.62739065
0.62739065
0.62739065
0.62739065
0.62739065
0.62739065
0.62739065
0.60480848
0.60480848
0.60480848
0.60480848
0.58943983
0.58770722
0.58770722
0.583183
0.583183
0.583183
0.58506144
0.58506144
0.58506144
0.58402038
0.58402038
0.58279019
0.58279019
0.56905172
0.53200161
0.50986577
0.4754363
0.46997227
0.46997227
0.46997227
0.4850816
0.48824902
0.48824902
0.48824902
0.48824902
0.48824902
0.48824902
0.47498832
0.47498832
0.47498832
0.47498832
0.47498832
0.47498832
0.47498832
0.48138363
0.48763694
0.48763694
0.49182066
0.49782817
0.50423695
0.53912996
0.5515208
0.5515208
0.5515208
0.54640894
0.54640894
0.54640894
0.55130834
0.56056546
0.57722225
0.5796259
0.58729545
0.58729545
0.58729545
0.58729545
0.59034975
0.59279234
0.59279234
0.59279234
0.59279234
0.59279234
0.59279234
0.59505379
0.59505379
0.60667669
0.60667669
0.60667669
0.58991556
0.5896623
0.5896623
0.5896623
0.59924182
0.61598207
0.61598207
0.63389685
0.64429527
0.64928569
0.64928569
0.64928569
0.64928569
0.64928569
0.64928569
0.64928569
0.64928569
0.64597701
0.64597701
0.64597701
0.63840984
0.63840984
0.63840984
0.64775782
0.64775782
0.64775782
0.64775782
0.65088807
0.65690693
0.65690693
0.66602211
0.66602211
0.67568748
0.67568748
0.67735783
0.67735783
0.67735783
0.67735783
0.68516665
0.69711286
0.69882491
0.69882491
0.69882491
0.69150178
0.68898132
0.68642518
0.68642518
0.68642518
0.67709903
0.67709903
0.67567912
0.67549633
0.67197364
0.67197364
0.67197364
0.67197364
0.67197364
0.67197364
0.66133038
0.66133038
0.66133038
0.66133038
0.64654207
0.64654207
0.64654207
0.64654207
0.64698398
0.65324251
0.65500207
0.65500207
0.65500207
0.65500207
0.64684465
0.64062196
0.62581921
0.62581921
0.62095806
0.59955404
0.59792343
0.59480207
0.59480207
0.59480207
0.58727207
0.58727207
0.58727207
0.58727207
0.58727207
0.58672805
0.58253134
0.57321004
0.57321004
0.57321004
0.57321004
0.57321004
0.57321004
0.58438954
0.59792838
0.59792838
0.61314215
0.62169936
0.62169936
0.62896555
0.63132281
0.64157322
0.64228506
0.64228506
0.64228506
0.64228506
0.64228506
0.64228506
0.64228506
0.64228506
0.64328393
0.64328393
0.64328393
0.64328393
0.63955837
0.63955837
0.63930522
0.63894267
0.63648788
0.63648788
0.63648788
0.63691749
0.6458576
0.6458576
0.6458576
0.66140383
0.66291455
0.66291455
0.67269854
0.67269854
0.67269854
0.67269854
0.67269854
0.67295361
0.67621147
0.67714324
0.68046875
0.68046875
0.68046875
0.68046875
0.67817678
0.67817678
0.67817678
0.67913108
0.68377482
0.68377482
0.69498963
0.69498963
0.69498963
0.68449044
0.6841542
0.6841542
0.6841542
0.6841542
0.6841542
0.6841542
0.6884111
0.69345186
0.69345186
0.7058714
0.70861295
0.70861295
0.70861295
0.7031494
0.70286978
0.70286978
0.69869937
0.69869937
0.69869937
0.69869937
0.69869937
0.69869937
0.69822396
0.69822396
0.69822396
0.69047841
0.68526508
0.68526508
0.68526508
0.68526508
0.68526508
0.68526508
0.67931355
0.67931355
0.67784219
0.67784219
0.67784219
0.67841683
0.67841683
0.67841683
0.67841683
0.67685381
0.66781959
0.65610529
0.63587148
0.63485802
0.63485802
0.63348471
0.63348471
0.60577268
0.60577268
0.60577268
0.6119428
0.6119428
0.62946216
0.62946216
0.62946216
0.62946216
0.6336829
0.64028007
0.64613264
0.64613264
0.64613264
0.6407377
0.63696005
0.63696005
0.63696005
0.63478659
0.62945263
0.62945263
0.62945263
0.635555
0.635555
0.635555
0.61518277
0.61477388
0.60658157
0.59939345
0.58376089
0.58376089
0.56885577
0.56384969
0.55360946
0.55360946
0.55360946
0.59005186
0.60582546
0.60582546
0.60582546
0.60230384
0.60230384
0.60230384
0.60230384
0.60230384
0.60230384
0.60230384
0.60076404
0.60027206
0.60027206
0.59319638
0.58954923
0.58954923
0.58954923
0.58954923
0.58954923
0.58954923
0.5910233
0.61774461
0.61774461
0.61774461
0.61161721
0.61161721
0.61161721
0.61938113
0.63034439
0.63034439
0.63034439
0.63317526
0.63317526
0.63317526
0.6461588
0.6461588
0.6461588
0.6461588
0.6454388
0.6454388
0.6454388
0.6454388
0.6454388
0.64637419
0.64637419
0.64637419
0.64637419
0.64637419
0.64637419
0.6235264
0.6235264
0.6235264
0.6235264
0.6235264
0.63152542
0.63558962
0.63624858
0.63624858
0.63624858
0.63549679
0.63549679
0.63549679
0.83774209
0.83774209
0.83774209
0.83774209
0.84042745
0.84042745
0.84042745
0.84739287
0.84739287
0.84739287
0.84739287
0.84739287
0.84778898
0.8525067
0.8525067
0.8525067
0.8525067
0.8525067
0.85501102
0.85501102
0.85501102
0.85501102
0.60557966
0.60557966
0.60400039
0.60400039
0.60400039
0.60502185
0.60502185
0.60502185
0.60144989
0.59757179
0.59757179
0.59757179
0.59519685
0.59519685
0.59519685
0.59519685
0.59519685
0.59842212
0.60111019
0.60111019
0.60834006
0.61145375
0.61145375
0.61145375
0.60921446
0.60921446
0.60921446
0.60921446
0.60921446
0.60921446
0.60921446
0.60921446
0.60921446
0.61144581
0.61144581
0.61144581
0.61144581
0.60950138
0.60528549
0.60528549
0.60528549
0.60714859
0.60714859
0.60714859
0.61030947
0.61030947
0.61030947
0.61463588
0.62360187
0.62360187
0.62360187
0.62176093
0.62176093
0.6156928
0.6156928
0.6156928
0.6156928
0.6156928
0.6156928
0.6156928
0.6156928
0.61698073
0.62066805
0.62066805
0.6357607
0.64001861
0.64029115
0.64780602
0.66503
0.67105136
0.87786696
0.87786696
0.87786696
0.87194424
0.87194424
0.87194424
0.87194424
0.86607005
0.86607005
0.86607005
0.87900277
0.87900277
0.87900277
0.67649674
0.67649674
0.67603193
0.67534549
0.67160512
0.67160512
0.67160512
0.67260953
0.67909076
0.67909076
0.67909076
0.66142705
0.66142705
0.66142705
0.65462594
0.64590447
0.64590447
0.63681997
0.63681997
0.63681997
0.65528074
0.65762692
0.6756534
0.6756534
0.6756534
0.67225295
0.64893427
0.64893427
0.64893427
0.64893427
0.64893427
0.64893427
0.66660565
0.66660565
0.66660565
0.66660565
0.6600236
0.6600236
0.6600236
0.6600236
0.6600236
0.66485504
0.66969691
0.66969691
0.66969691
0.66969691
0.67308942
0.67308942
0.67308942
0.68534982
0.68534982
0.68534982
0.68534982
0.69982581
0.69982581
0.69982581
0.70311446
0.70311446
0.72078541
0.72692112
0.72692112
0.72785549
0.72791664
0.72791664
0.72791664
0.72791664
0.72791664
0.72791664
0.72791664
0.72735377
0.7263476
0.7263476
0.72043244
0.72043244
0.72043244
0.72043244
0.72043244
0.72043244
0.72264153
0.72264153
0.72264153
0.72061258
0.70893092
0.70893092
0.69794684
0.69794684
0.69794684
0.69794684
0.69794684
0.69794684
0.69794684
0.68997657
0.68997657
0.68997657
0.69889767
0.70676061
0.7186731
0.7186731
0.73046596
0.73740497
0.73740497
0.73740497
0.73740497
0.73740497
0.73336964
0.73336964
0.73176859
0.73176859
0.72347412
0.72331071
0.72331071
0.72331071
0.72331071
0.72331071
0.72223323
0.71675716
0.71675716
0.71675716
0.71675716
0.71675716
0.71675716
0.71675716
0.70263612
0.70263612
0.70058559
0.70058559
0.70058559
0.70176763
0.70176763
0.70609968
0.70609968
0.70609968
0.70609968
0.69274992
0.69274992
0.69274992
0.69368051
0.69368051
0.69368051
0.69368051
0.69368051
0.70015651
0.71255619
0.71255619
0.72465893
0.72599192
0.72599192
0.72599192
0.72599192
0.72599192
0.72599192
0.72033279
0.71530391
0.71088446
0.71088446
0.71088446
0.73925348
0.74544101
0.74544101
0.74544101
0.74227795
0.74202863
0.74202863
0.74202863
0.74202863
0.74202863
0.74202863
0.75600108
0.75600108
0.75600108
0.75600108
0.75600108
0.74843603
0.74001704
0.73043166
0.73043166
0.72503682
0.72503682
0.72503682
0.71397162
0.71397162
0.70093877
0.70093877
0.70093877
0.70093877
0.69504417
0.67264192
0.66183312
0.66142737
0.6581279
0.6581279
0.6581279
0.6500337
0.64900809
0.62900326
0.62900326
0.62900326
0.62900326
0.62900326
0.62900326
0.62900326
0.61606771
0.60253478
0.60253478
0.60253478
0.60132217
0.60132217
0.58936739
0.58936739
0.58936739
0.58936739
0.58936739
0.58936739
0.58936739
0.58936739
0.58936739
0.58936739
0.59931202
0.60500139
0.60500139
0.60500139
0.62836747
0.63797394
0.63797394
0.63797394
0.63797394
0.61991466
0.61991466
0.61991466
0.63254789
0.63254789
0.635635
0.635635
0.6392894
0.6392894
0.6392894
0.63962303
0.63962303
0.63962303
0.63962303
0.63227231
0.62590321
0.61992068
0.61992068
0.61992068
0.63328658
0.63328658
0.63328658
0.63328658
0.64017978
0.64017978
0.64017978
0.64017978
0.64017978
0.63874741
0.63874741
0.63759392
0.63759392
0.63759392
0.63759392
0.63759392
0.6345002
0.60189074
0.58804719
0.58171782
0.58171782
0.58171782
0.58171782
0.58171782
0.58171782
0.58336707
0.58957506
0.61114185
0.61114185
0.61114185
0.60275076
0.60275076
0.60275076
0.60553976
0.60553976
0.60553976
0.58999774
0.57774741
0.57774741
0.57774741
0.57774741
0.57774741
0.57019009
0.56571966
0.56384229
0.55952643
0.54964598
0.54964598
0.54964598
0.54964598
0.54664361
0.54664361
0.54664361
0.54664361
0.53651406
0.53651406
0.52593253
0.52593253
0.52593253
0.48440901
0.48066688
0.44978023
0.447639
0.4295534
0.4295534
0.4295534
0.41293624
0.39120476
0.39120476
0.35044273
0.33661211
0.32442591
0.32154668
0.31997588
0.31997588
0.2983586
0.26796249
0.21455822
0.17676074
0.15085961
0.15085961
0.12743547
0.10373693
0.06376913
0.06376913
0.06376913
0.06376913
0.08230884
0.12185182
0.12185182
