0.57585933
0.5962785
0.60898865
0.61563362
0.61941975
0.61941975
0.61941975
0.60982977
0.60982977
0.60982977
0.60982977
0.59679012
0.59679012
0.59679012
0.59679012
0.59679012
0.60394217
0.62720915
0.6304421
0.64238656
0.64238656
0.64238656
0.64081985
0.63370009
0.62562754
0.62562754
0.62562754
0.62562754
0.62893039
0.62893039
0.62893039
0.62893039
0.63158561
0.63158561
0.63158561
0.63736465
0.63736465
0.63736465
0.63736465
0.63674905
0.63674905
0.63674905
0.65069026
0.65069026
0.65069026
0.63942836
0.63942836
0.63942836
0.63942836
0.6341388
0.6341388
0.6341388
0.6341388
0.64153777
0.64153777
0.64153777
0.64153777
0.64153777
0.64153777
0.64153777
0.64153777
0.64153777
0.62221498
0.62221498
0.62221498
0.60954448
0.60954448
0.60954448
0.60869285
0.60559293
0.60559293
0.60559293
0.60559293
0.59627597
0.58564464
0.57186717
0.57186717
0.57186717
0.58593488
0.58593488
0.58684801
0.58684801
0.61132154
0.61132154
0.61132154
0.61132154
0.61132154
0.61132154
0.60944397
0.60944397
0.60944397
0.60944397
0.60753316
0.60753316
0.60753316
0.58375809
0.57832984
0.57765154
0.57765154
0.57765154
0.57765154
0.56641805
0.56641805
0.56487758
0.55801013
0.55801013
0.54950408
0.54950408
0.54601582
0.54601582
0.54601582
0.50803976
0.50803976
0.50639203
0.50639203
0.50639203
0.51709715
0.51981906
0.51981906
0.51981906
0.51491377
0.51491377
0.51491377
0.52745151
0.54748167
0.54748167
0.54748167
0.54748167
0.54748167
0.54748167
0.54748167
0.56479548
0.56479548
0.56479548
0.56088251
0.56088251
0.56088251
0.56498219
0.58027195
0.58027195
0.58027195
0.58027195
0.57584318
0.57584318
0.57584318
0.58139855
0.58139855
0.58139855
0.62855904
0.62868528
0.62868528
0.62868528
0.6236309
0.6236309
0.62255821
0.62255821
0.62255821
0.63203192
0.63203192
0.63680964
0.63680964
0.63774708
0.63774708
0.64779498
0.64779498
0.64779498
0.64711101
0.64711101
0.64549795
0.64034885
0.64034885
0.63339382
0.63339382
0.63339382
0.63339382
0.63339382
0.63339382
0.63339382
0.6132969
0.6132969
0.6132969
0.6132969
0.60377288
0.60377288
0.60324926
0.59369057
0.59369057
0.59369057
0.59369057
0.6007195
0.6007195
0.6007195
0.6007195
0.6007195
0.60479368
0.60479368
0.60479368
0.60479368
0.61650595
0.61650595
0.61650595
0.63459945
0.63664057
0.63664057
0.64875938
0.67993173
0.69072772
0.69072772
0.69072772
0.69072772
0.69072772
0.69516155
0.70570734
0.71021736
0.71021736
0.71021736
0.72381445
0.72381445
0.72381445
0.72381445
0.73583958
0.73583958
0.73583958
0.75166227
0.75273193
0.75273193
0.75273193
0.7469099
0.7469099
0.7469099
0.75386908
0.75386908
0.75386908
0.74798765
0.74520113
0.74520113
0.74520113
0.74718155
0.74718155
0.74931304
0.74931304
0.74931304
0.74931304
0.74264127
0.74264127
0.74264127
0.74264127
0.74080649
0.74080649
0.74080649
0.74328636
0.74328636
0.74328636
0.74328636
0.74328636
0.74328636
0.74328636
0.74328636
0.74328636
0.73184731
0.72978882
0.72978882
0.72978882
0.72978882
0.72978882
0.72701963
0.72292398
0.72292398
0.72292398
0.72292398
0.7368301
0.73692144
0.73692144
0.73692144
0.72966067
0.72966067
0.72966067
0.73618531
0.73887612
0.73887612
0.73887612
0.72791117
0.72791117
0.72337239
0.72255171
0.7223958
0.7223958
0.7223958
0.73031911
0.73086592
0.73215695
0.73215695
0.74522479
0.74679172
0.75003502
0.75003502
0.75003502
0.75003502
0.75003502
0.75003502
0.7679657
0.76824912
0.77949069
0.79006938
0.79704806
0.80109708
0.80109708
0.80109708
0.80109708
0.80109708
0.80109708
0.79442521
0.79442521
0.79442521
0.79442521
0.78957997
0.78602411
0.78602411
0.78602411
0.78397464
0.78397464
0.78397464
0.78397464
0.78176921
0.78176921
0.78176921
0.78176921
0.78176921
0.78176921
0.7815626
0.76667789
0.76667789
0.76667789
0.76667789
0.76667789
0.77544255
0.79567548
0.79567548
0.79567548
0.78581877
0.78581877
0.78581877
0.80605492
0.80605492
0.80605492
0.80605492
0.80605492
0.80605492
0.81780531
0.81780531
0.81984369
0.83057894
0.83500625
0.83500625
0.83500625
0.83500625
0.83500625
0.83500625
0.83514374
0.83514374
0.83514374
0.83895207
0.83944449
0.83944449
0.83944449
0.83944449
0.83944449
0.83944449
0.83944449
0.83944449
0.83944449
0.83944449
0.85646322
0.85646322
0.85646322
0.85646322
0.85646322
0.85646322
0.85646322
0.85124754
0.84544895
0.84544895
0.84544895
0.84544895
0.84544895
0.87280974
0.87280974
0.87280974
0.87194671
0.87194671
0.87194671
0.87194671
0.87194671
0.87194671
0.87194671
0.87340598
0.87340598
0.879582
0.88791975
0.88875023
0.88875023
0.88875023
0.87974915
0.87974915
0.87974915
0.87974915
0.87974915
0.87974915
0.87974915
0.87974915
0.87188016
0.87188016
0.86030142
0.85831073
0.8582451
0.75090743
0.75090743
0.75090743
0.75817349
0.87694226
0.87694226
0.87694226
0.87694226
0.87694226
0.8816396
0.8816396
0.8816396
0.8816396
0.8816396
0.8816396
0.88755715
0.88755715
0.88755715
0.88803482
0.89296736
0.89296736
0.90094581
0.90094581
0.90094581
0.90603152
0.90603152
0.91490786
0.91490786
0.91490786
0.92365348
0.92588155
0.92588155
0.92792399
0.92792399
0.92792399
0.95191901
0.95191901
0.95191901
0.95191901
0.95003124
0.95003124
0.95003124
0.95003124
0.94629572
0.94629572
0.94629572
0.95017839
0.95373643
0.95373643
0.95573964
0.95573964
0.95573964
0.95317874
0.95025243
0.95025243
0.9502458
0.9502458
0.9502458
0.9502458
0.94845864
0.94845864
0.94845864
0.94712176
0.94712176
0.94712176
0.94712176
0.93950651
0.93940618
0.93350246
0.93350246
0.93350246
0.92185775
0.91899676
0.91567345
0.91567345
0.91567345
0.91567345
0.90634392
0.90634392
0.90634392
0.90634392
0.90634392
0.90634392
0.90675963
0.91340063
0.92523966
0.92523966
0.92523966
0.92523966
0.92446353
0.92446353
0.92446353
0.92364571
0.91262878
0.91262878
0.90650678
0.90342447
0.90158304
0.89652508
0.88972256
0.88413276
0.88413276
0.88413276
0.88167258
0.88167258
0.88167258
0.88167258
0.88604998
0.88604998
0.88604998
0.88604998
0.88604998
0.88604998
0.88604998
0.88604998
0.89284797
0.89805974
0.89805974
0.9005464
0.9005464
0.9005464
0.9005464
0.9005464
0.9005464
0.89565572
0.89565572
0.89565572
0.89565572
0.89851726
0.89851726
0.89851726
0.89851726
0.89851726
0.88302558
0.88302558
0.86272633
0.85662503
0.85662503
0.85662503
0.8582076
0.8582076
0.8582076
0.86327795
0.86327795
0.86327795
0.86449869
0.87707214
0.88024822
0.88240345
0.89104211
0.89243838
0.89334229
0.90058852
0.91010006
0.91853581
0.91853581
0.93202066
0.93508858
0.93508858
0.93582824
0.93582824
0.93582824
0.93582824
0.95874842
0.95874842
0.95874842
0.95874842
0.95874842
0.95874842
0.96062146
0.96062146
0.96062146
0.96062146
0.96062146
0.95639615
0.95639615
0.95479347
0.94900945
0.94624229
0.94624229
0.94500622
0.94500622
0.94500622
0.94511244
0.94511244
0.94511244
0.9483947
0.95193881
0.95778548
0.95778548
0.95778548
0.95778548
0.95778548
0.95778548
0.95778548
0.95778548
0.95567621
0.95567621
0.95567621
0.95567621
0.95567621
0.95567621
0.95663414
0.95663414
0.96036537
0.9649075
0.9649075
0.9649075
0.9649075
0.9649075
0.9649075
0.9649075
0.81297808
0.81297808
0.81297808
0.81297808
0.81297808
0.81297808
0.96867586
0.96867586
0.96867586
0.96867586
0.96952072
0.96952072
0.96952072
0.96952072
0.96952072
0.97095346
0.97444497
0.97444497
0.97444497
0.97444497
0.97444497
0.97444497
0.97444497
0.9883439
0.9883439
0.9883439
0.9883439
0.98022677
0.98022677
0.98022677
0.82883802
0.82883802
0.8265034
0.8265034
0.8265034
0.8207351
0.82002869
0.81199684
0.81073428
0.81073428
0.81073428
0.81073428
0.81073428
0.81073428
0.96576598
0.96576598
0.96576598
0.96576598
0.84310217
0.84310217
0.84310217
0.84310217
0.8406247
0.8406247
0.83737172
0.83476615
0.83476615
0.83476615
0.84093551
0.84093551
0.84093551
0.84375356
0.8473342
0.8473342
0.8473342
0.8473342
0.8473342
0.8473342
0.8473342
0.8473342
0.8473342
0.8473342
0.8473342
0.8473342
0.8473342
0.95233533
0.95619262
0.95619262
0.95619262
0.95619262
0.95619262
0.81667161
0.81667161
0.81377502
0.81377502
0.81377502
0.95422559
0.95422559
0.95422559
0.95422559
0.95422559
0.95422559
0.94812782
0.9402774
0.93589979
0.92279796
0.92279796
0.92120133
0.91759173
0.90175215
0.90175215
0.89681917
0.87835311
0.87835311
0.87059451
0.86861835
0.84961052
0.84961052
0.82914958
0.8181854
0.8181854
0.80938186
0.79811108
0.79811108
0.78623684
0.7817495
0.77055229
0.75925143
0.75925143
0.75315646
0.75315646
0.75315646
0.7441118
0.72136905
0.72136905
0.71798475
0.71798475
0.71798475
0.69473403
0.68429223
0.68429223
0.68429223
0.67130473
0.67124974
0.67124974
0.67124974
0.64095468
0.63988625
0.60759439
0.58385449
0.5632932
0.54320733
0.53243841
0.52927996
0.51652238
0.50246671
0.49977506
0.49977506
0.49977506
0.48555711
0.48555711
0.48091886
0.48091886
0.48091886
0.48091886
0.49350166
0.49810931
0.51004982
0.51004982
0.51004982
0.51004982
0.53074543
0.53074543
0.53074543
0.53212021
0.53212021
0.54490617
0.54490617
0.54564924
0.54770588
0.59308041
0.59308041
0.60487781
0.61756764
0.61756764
0.62337893
0.6237597
0.6237597
0.6237597
0.65046221
0.65046221
0.65097471
0.65696154
0.65816469
0.65924708
0.65924708
0.66634196
0.66634196
0.66744548
0.67065331
0.67975415
0.67975415
0.67975415
0.6833972
0.6833972
0.6845467
0.6845467
0.6845467
0.68917559
0.68917559
0.68917559
0.68917559
0.68917559
0.68917559
0.68917559
0.68917559
0.68917559
0.68917559
0.67401487
0.66146646
0.66146646
0.64906646
0.64906646
0.63386501
0.63386501
0.63386501
0.63122965
0.63122965
0.63088338
0.63088338
0.63088338
0.63088338
0.63088338
0.63088338
0.63246308
0.63372171
0.63944335
0.65330894
0.66040321
0.66040321
0.66040321
0.66040321
0.66708986
0.66708986
0.66708986
0.66708986
0.66708986
0.67447042
0.67447042
0.67850273
0.67850273
0.68838122
0.68838122
0.70311611
0.70311611
0.7039463
0.70845237
0.71100111
0.71533804
0.71533804
0.71533804
0.73201124
0.74605345
0.75010707
0.75377724
0.76016545
0.76887067
0.78544793
0.79796102
0.80125792
0.80470536
0.81981209
0.81981209
0.82287791
0.82287791
0.83579018
0.83579018
0.83579018
0.83579018
0.84123984
0.84573079
0.84573079
0.84573079
0.82358079
0.82358079
0.82358079
0.8250726
0.8250726
0.8250726
0.82671532
0.82671532
0.82671532
0.82671532
0.85650901
0.85650901
0.85962264
0.86505042
0.87114437
0.87114437
0.87633929
0.87633929
0.87633929
0.89023627
0.89339463
0.89339463
0.89339463
0.89339463
0.89512288
0.89512288
0.89512288
0.89195779
0.89195779
0.89195779
0.89195779
0.88338183
0.88338183
0.88338183
0.88338183
0.88338183
0.88338183
0.89218004
0.89218004
0.9001072
0.9001072
0.9001072
0.88397449
0.88397449
0.87080971
0.86066377
0.83827854
0.83358149
0.82509231
0.82509231
0.81115798
0.81115798
0.81115798
0.81115798
0.78893039
0.78417338
0.78417338
0.78417338
0.78417338
0.78417338
0.78417338
0.78417338
0.78417338
0.77766673
0.77125766
0.77125766
0.77125766
0.77125766
0.76268232
0.76268232
0.76268232
0.76268232
0.76268232
0.77070004
0.7771953
0.78047246
0.78047246
0.78081359
0.78081359
0.79684296
0.79684296
0.79684296
0.79684296
0.81308159
0.81308159
0.81308159
0.81308159
0.81420653
0.81420653
0.82311278
0.82311278
0.82311278
0.82311278
0.83203011
0.83203011
0.83203011
0.83203011
0.83668339
0.83668339
0.83668339
0.83668339
0.83668339
0.83668339
0.83668339
0.83668339
0.83337714
0.83337714
0.82053635
0.82053635
0.82053635
0.82053635
0.82053635
0.82053635
0.81335889
0.81335889
0.81220034
0.81220034
0.81220034
0.81520078
0.81520078
0.81712089
0.81712089
0.81766798
0.81941605
0.81941605
0.81941605
0.81941605
0.8222915
0.8222915
0.8222975
0.8222975
0.8222975
0.82318172
0.82318172
0.82563855
0.82563855
0.82757912
0.82757912
0.82757912
0.82324235
0.82324235
0.82324235
0.82324235
0.82324235
0.82324235
0.82324235
0.82324235
0.82324235
0.82324235
0.82718928
0.83014197
0.83014197
0.84133734
0.84174781
0.84174781
0.84245748
0.84245748
0.84245748
0.84705645
0.85088978
0.85088978
0.85088978
0.85088978
0.85088978
0.84848153
0.84848153
0.84848153
0.84848153
0.84298767
0.84298767
0.84298767
0.84298767
0.84298767
0.84298767
0.84298767
0.84298767
0.84210267
0.84012009
0.83975022
0.83975022
0.83975022
0.84154976
0.84154976
0.8576349
0.87841657
0.87987423
0.87987423
0.87987423
0.87987423
0.87987423
0.87987423
0.87987423
0.78138333
0.78138333
0.78138333
0.78501749
0.81499672
0.81499672
0.81499672
0.82367261
0.82367261
0.82367261
0.95554149
0.95554149
0.95554149
0.95554149
0.95554149
0.95421529
0.95421529
0.95421529
0.95158199
0.95158199
0.95158199
0.95158199
0.95158199
0.95158199
0.96128463
0.96284083
0.96284083
0.96284083
0.96284083
0.96284083
0.96284083
0.96284083
0.8319061
0.8319061
0.8319061
0.8319061
0.8319061
0.8319061
0.8319061
0.8319061
0.82078447
0.82078447
0.81965052
0.8176562
0.8176562
0.8106026
0.8106026
0.8106026
0.8106026
0.8106026
0.8106026
0.8106026
0.95680915
0.95680915
0.95680915
0.96283703
0.96283703
0.96283703
0.97219446
0.97219446
0.97357342
0.97357342
0.97715661
0.9807952
0.9807952
0.9807952
0.97972874
0.97972874
0.97972874
0.97972874
0.97972874
0.97972874
0.97972874
0.98090368
0.98090368
0.98651561
0.98651561
0.98651561
0.98635824
0.98635824
0.98225106
0.98038424
0.98038424
0.97741107
0.97741107
0.97741107
0.97741107
0.78878193
0.78878193
0.78878193
0.78878193
0.98099489
0.98099489
0.98099489
0.97766783
0.97766783
0.97766783
0.97766783
0.97766783
0.97592702
0.97592702
0.97592702
0.97592702
0.97592702
0.97058412
0.97058412
0.97058412
0.97137238
0.97137238
0.97137238
0.97137238
0.97137238
0.98193513
0.98193513
0.98193513
0.98193513
0.98193513
0.97741521
0.97196245
0.96905875
0.96905875
0.84865037
0.84431544
0.84431544
0.83498522
0.8234173
0.80853662
0.80853662
0.80853662
0.82588154
0.82588154
0.82588154
0.83261057
0.83261057
0.83376386
0.83376386
0.96151329
0.96151329
0.96151329
0.96151329
0.96151329
0.96151329
0.96464748
0.96464748
0.96464748
0.96314086
0.96314086
0.96190081
0.96190081
0.86220018
0.86019256
0.86019256
0.86019256
0.86019256
0.85781143
0.85781143
0.85781143
0.85781143
0.85781143
0.85331054
0.85331054
0.85331054
0.85823383
0.85933417
0.85933417
0.85933417
0.85933417
0.85933417
0.85775805
0.85775805
0.852271
0.852271
0.8377565
0.8377565
0.8377565
0.8377565
0.8377565
0.8377565
0.80377319
0.8020987
0.79038286
0.78628651
0.77525987
0.77307561
0.77291996
0.77291996
0.77291996
0.77291996
0.77291996
0.77135468
0.76760099
0.7585999
0.7528569
0.75160579
0.75005588
0.73603331
0.73603331
0.73603331
0.72372863
0.72372863
0.72372863
0.71388242
0.69696975
0.69696975
0.69696975
0.69696975
0.69696975
0.69696975
0.69696975
0.69696975
0.85750827
0.85750827
0.85750827
0.64858702
0.64858702
0.64858702
0.64858702
0.64858702
0.64858702
0.64858702
0.60575321
0.60136322
0.60136322
0.60136322
0.60136322
0.60136322
0.60136322
0.60136322
0.60136322
0.60136322
0.60136322
0.60136322
0.60136322
0.60136322
0.60136322
0.60136322
0.60136322
0.54867972
0.54867972
0.54867972
0.54867972
0.54867972
0.54867972
0.54958886
0.54958886
0.55207479
0.55207479
0.55207479
0.55207479
0.55207479
0.54422683
0.52864653
0.52864653
0.52864653
0.52864653
0.51608555
0.51608555
0.49992108
0.49992108
0.49151139
0.49151139
0.4712344
0.4712344
0.4712344
0.4712344
0.4712344
0.47126212
0.67014484
0.67014484
0.67014484
0.66389633
0.65586101
0.46393851
0.46393851
0.46393851
0.46393851
0.41476197
0.40753836
0.38461838
0.38461838
0.37674143
0.37674143
0.3727694
0.3727694
0.36482995
0.36419241
0.36419241
0.36419241
0.54395787
0.54395787
0.57165116
0.57165116
0.57165116
0.57471991
0.57471991
0.59037495
0.6077954
0.6077954
0.6077954
0.6077954
0.6077954
0.6077954
0.6077954
0.60876268
0.6136746
0.616441
0.616441
0.62853121
0.6297753
0.6297753
0.63924111
0.63924111
0.64131609
0.64131609
0.65346282
0.65346282
0.65346282
0.67028005
0.67771955
0.67771955
0.67771955
0.67561823
0.67561823
0.67561823
0.67561823
0.67561823
0.67561823
0.67733632
0.67763212
0.67763212
0.67763212
0.68682422
0.68682422
0.68682422
0.68682422
0.68682422
0.68682422
0.68682422
0.68813055
0.68813055
0.68813055
0.68813055
0.68813055
0.68785143
0.68319991
0.68319991
0.68319991
0.68466381
0.68659978
0.68659978
0.68659978
0.68247188
0.68035261
0.67417976
0.67417976
0.67417976
0.67417976
0.67417976
0.68398612
0.68398612
0.68398612
0.68398612
0.68398612
0.68398612
0.69278084
0.69278084
0.69278084
0.69278084
0.69278084
0.69278084
0.69278084
0.68784453
0.68654709
0.68654709
0.68654709
0.68654709
0.68654709
0.68654709
0.71220996
0.71220996
0.71220996
0.71220996
0.71648051
0.71648051
0.72167815
0.72167815
0.72167815
0.723808
0.72665047
0.72665047
0.72665047
0.72665047
0.72665047
0.72665047
0.72665047
0.72665047
0.72665047
0.72665047
0.72665047
0.72665047
0.72665047
0.72665047
0.72130516
0.72130516
0.72130516
0.72130516
0.72130516
0.72130516
0.74410302
0.74410302
0.75629465
0.75629465
0.75629465
0.75629465
0.75900468
0.75900468
0.75900468
0.75900468
0.75159532
0.74707399
0.7443719
0.7443719
0.7443719
0.7443719
0.7443719
0.7443719
0.7443719
0.73622346
0.73622346
0.73622346
0.73622346
0.73622346
0.73622346
0.72968567
0.72968567
0.72968567
0.72968567
0.72968567
0.72968567
0.72968567
0.72968567
0.72123902
0.72123902
0.72123902
0.72123902
0.72123902
0.72598026
0.72598026
0.72598026
0.72598026
0.72598026
0.71710716
0.71710716
0.71710716
0.71710716
0.72370938
0.72370938
0.72370938
0.72370938
0.72370938
0.72370938
0.72370938
0.72370938
0.73996235
0.73996235
0.73996235
0.74969685
0.76285641
0.76285641
0.76285641
0.76285641
0.76285641
0.76285641
0.76003798
0.76003798
0.76003798
0.76003798
0.76003798
0.76211737
0.76522374
0.76522374
0.76522374
0.76522374
0.76522374
0.76522374
0.78160018
0.78160018
0.78160018
0.78160018
0.78160018
0.78263897
0.78263897
0.78263897
0.78263897
0.78263897
0.78263897
0.78263897
0.78263897
0.81195079
0.81195079
0.81195079
0.81804453
0.81930888
0.81930888
0.81930888
0.81930888
0.80880738
0.80880738
0.80388765
0.80372468
0.79878704
0.78766666
0.78766666
0.78766666
0.81504724
0.82197996
0.85263902
0.85905012
0.86780475
0.86780475
0.86780475
0.86780475
0.85210546
0.84505678
0.8340513
0.74521609
0.74521609
0.74521609
0.74521609
0.86575088
0.87800212
0.90891358
0.91428399
0.92866358
0.92866358
0.92866358
0.92866358
0.92866358
0.92866358
0.92866358
0.92866358
0.92866358
0.92866358
0.92866358
0.92866358
0.92866358
0.97469281
0.98169115
0.98169115
0.98169115
0.98169115
0.98418239
0.98444652
0.98444652
0.98444652
0.98444652
0.98444652
0.98444652
0.98301616
0.98092628
0.97641963
0.97641963
0.97641963
0.97537146
0.97537146
0.97537146
0.97363355
0.97363355
0.97363355
0.97363355
0.97363355
0.96940089
0.95976139
0.95609918
0.95609918
0.95609918
0.95609918
0.95609918
0.95609918
0.95609918
0.95609918
0.95609918
0.95609918
0.95740692
0.95740692
0.95740692
0.95740692
0.95740692
0.95740692
0.95740692
0.95740692
0.95740692
0.96204563
0.96204563
0.96204563
0.9586297
0.9586297
0.9586297
0.9586297
0.95648902
0.95648902
0.95648902
0.95648902
0.95313076
0.95313076
0.95313076
0.95545138
0.95545138
0.95545138
0.95545138
0.95545138
0.95237983
0.95237983
0.95237983
0.95237983
0.95237983
0.95237983
0.95237983
0.95237983
0.95237983
0.95237983
0.95237983
0.95237983
0.95237983
0.95237983
0.95237983
0.95237983
0.95237983
0.80472139
0.80472139
0.80472139
0.80472139
0.80472139
0.81250889
0.8255493
0.83280573
0.85667831
0.85667831
0.86998013
0.86998013
0.86998013
0.86998013
0.86998013
0.86998013
0.86998013
0.87164023
0.87164023
0.87164023
0.87164023
0.87164023
0.87164023
0.87164023
0.87164023
0.87164023
0.87832442
0.87832442
0.87832442
0.87832442
0.87832442
0.86552092
0.8564711
0.85301974
0.85301974
0.85301974
0.83944518
0.81846252
0.78966761
0.78966761
0.77862407
0.77862407
0.77862407
0.72726631
0.68150272
0.68150272
0.67566877
0.67566877
0.67566877
0.69716022
0.71394021
0.71394021
0.71394021
0.71394021
0.71441137
0.80164209
0.80164209
0.80164209
0.80164209
0.80164209
0.80164209
0.80164209
0.80164209
0.80164209
0.80164209
0.79123905
0.79123905
0.79123905
0.79123905
0.79123905
0.79123905
0.79123905
0.79123905
0.80077231
0.80077231
0.80077231
0.80524489
0.80524489
0.82143478
0.82425849
0.83548011
0.83548011
0.83548011
0.82509087
0.81080601
0.81080601
0.81080601
0.80416593
0.80416593
0.79383095
0.79383095
0.79383095
0.77648207
0.77055689
0.74709857
0.74269894
0.74269894
0.73430954
0.7250748
0.7250748
0.7250748
0.7250748
0.7250748
0.71700965
0.71700965
0.69892367
0.69892367
0.69892367
0.69892367
0.69892367
0.69784446
0.69784446
0.69784446
0.68905557
0.68905557
0.68905557
0.68905557
0.68905557
0.68905557
0.68905557
0.68905557
0.68905557
0.69411996
0.69411996
0.69411996
0.69411996
0.69411996
0.69411996
0.69661513
0.71552808
0.71849471
0.71849471
0.72200601
0.72200601
0.72200601
0.72051455
0.72051455
0.70841556
0.70841556
0.70841556
0.70841556
0.70841556
0.70841556
0.70841556
0.70576056
0.70318636
0.70318636
0.70239938
0.69923837
0.69923837
0.69923837
0.69923837
0.69634713
0.68277726
0.68277726
0.68277726
0.68277726
0.67367194
0.67367194
0.67367194
0.67367194
0.66443122
0.66443122
0.65558937
0.65558937
0.65558937
0.65558937
0.65558937
0.65558937
0.65558937
0.65558937
0.65558937
0.65758739
0.65758739
0.65758739
0.6715715
0.6715715
0.6736757
0.6736757
0.6736757
0.672084
0.64891982
0.63755516
0.63343324
0.63343324
0.63343324
0.63343324
0.63343324
0.63343324
0.63777404
0.64343643
0.64343643
0.64343643
0.63461165
0.63461165
0.6298918
0.62797722
0.62707471
0.60499964
0.60096216
0.60096216
0.58621051
0.58006545
0.58006545
0.55029086
0.55029086
0.55029086
0.54646604
0.54332685
0.54332685
0.50636979
0.50636979
0.50636979
0.50636979
0.50636979
0.512094
0.512094
0.512094
0.47792354
0.47792354
0.47792354
0.48726753
0.48726753
0.48726753
0.48301654
0.48301654
0.4746822
0.4746822
0.4746822
0.4746822
0.46494877
0.46494877
0.46494877
0.47274243
0.47274243
0.49008373
0.49008373
0.49008373
0.47110115
0.47110115
0.47110115
0.47110115
0.47110115
0.47110115
0.48508085
0.50577543
0.50577543
0.50577543
0.50577543
0.50577543
0.5139106
0.5139106
0.52693779
0.52693779
0.54198156
0.54198156
0.54568624
0.54568624
0.57179266
0.57777589
0.59724643
0.65307326
0.65406447
0.65406447
0.65406447
0.65406447
0.65406447
0.67663443
0.68140333
0.68323764
0.68323764
0.69696971
0.69696971
0.69696971
0.69696971
0.69696971
0.69696971
0.69696971
0.69696971
0.69696971
0.69696971
0.69696971
0.68216193
0.67562617
0.65243116
0.62758682
0.6189219
0.60146035
0.60146035
0.60146035
0.60146035
0.60773083
0.62902242
0.6355573
0.6355573
0.63800545
0.66289799
0.67248364
0.69298837
0.70038016
0.70038016
0.70951018
0.70951018
0.70951018
0.70584929
0.70336244
0.69807028
0.69807028
0.69807028
0.68982287
0.67261398
0.67109241
0.67109241
0.67109241
0.67109241
0.66067236
0.66067236
0.66067236
0.66518069
0.6708769
0.68884451
0.68884451
0.68884451
0.68884451
0.68884451
0.68884451
0.68884451
0.68884451
0.69814505
0.69814505
0.69814505
0.69814505
0.69814505
0.69814505
0.745792
0.745792
0.745792
0.76651308
0.78799406
0.79889545
0.79889545
0.83313451
0.83313451
0.83313451
0.81646667
0.81561095
0.7944733
0.77977913
0.77726218
0.76740286
0.7233536
0.7233536
0.7233536
0.7233536
0.7233536
0.7059131
0.69501231
0.69501231
0.67385171
0.65638823
0.63153316
0.59940558
0.56629316
0.52369933
0.51545468
0.49912068
0.49440789
0.4730696
0.46280523
0.42039607
0.42039607
0.42039607
0.42039607
0.41258093
0.40889205
0.40229732
0.40229732
0.40229732
0.40229732
0.4097859
0.46102176
0.46102176
0.46102176
0.46102176
0.46102176
0.47693736
0.47693736
0.48927015
0.49215
0.49215
0.49215
0.49215
0.49215
0.50600915
0.50600915
0.5336292
0.5430827
0.5430827
0.5430827
0.54573528
0.54954058
0.58514334
0.58576938
0.58576938
0.58576938
0.57713651
0.55369502
0.55369502
0.55369502
0.34938926
0.29984377
0.29984377
0.29984377
0.29984377
0.29984377
0.29984377
0.23637371
0.23637371
0.23637371
0.23637371
0.02972662
0.02796562
0.02796562
0.02796562
0.05722504
0.05722504
0.05722504
0.07478472
0.14378005
0.17737563
0.17737563
0.18928166
0.21090433
0.302216
0.302216
0.39600958
0.45807771
0.53116467
0.55178628
0.59926792
0.658802
0.67795135
0.69837053
0.72973771
0.75618686
0.76093747
0.77020863
0.77387259
0.77757274
0.78291963
0.78520757
0.78520757
0.78520757
0.78520757
0.78520757
0.78520757
0.79029413
0.79029413
0.79276516
0.79276516
0.79276516
0.79276516
0.79276516
0.7992257
0.80428373
0.80428373
0.80428373
0.7984445
0.7984445
0.7984445
0.79839503
0.79839503
0.79839503
0.79839503
0.79311089
0.79311089
0.78867633
0.78867633
0.78867633
0.78867633
0.78867633
0.78867633
0.7880168
0.78497002
0.77948417
0.77841509
0.77841509
0.77841509
0.79137226
0.79432768
0.79432768
