0.68653262
0.66261215
0.66261215
0.66261215
0.66261215
0.66261215
0.66261215
0.66261215
0.66261215
0.67227291
0.68540712
0.68540712
0.68540712
0.67925942
0.67478039
0.66408062
0.66408062
0.65288539
0.65288539
0.62333083
0.62333083
0.60698194
0.59129372
0.58159007
0.58159007
0.5228475
0.4998828
0.4768153
0.4768153
0.46712413
0.46712413
0.46712413
0.46712413
0.46059417
0.46059417
0.46059417
0.46059417
0.46059417
0.40111341
0.40111341
0.40111341
0.41077847
0.41077847
0.41077847
0.41077847
0.41077847
0.41077847
0.43753204
0.4396452
0.4396452
0.4396452
0.42223592
0.42223592
0.42223592
0.42223592
0.47561107
0.48735162
0.4908535
0.49293428
0.49293428
0.49293428
0.47237205
0.43010035
0.38435704
0.38435704
0.38435704
0.38435704
0.38435704
0.38435704
0.38435704
0.40618396
0.40618396
0.40618396
0.40618396
0.32999254
0.32166477
0.32166477
0.31342792
0.31342792
0.31342792
0.31342792
0.31342792
0.31342792
0.31342792
0.37340379
0.37340379
0.37340379
0.37340379
0.37340379
0.3395187
0.3395187
0.3395187
0.3395187
0.3395187
0.3395187
0.3395187
0.36016263
0.36016263
0.36016263
0.3896288
0.39085977
0.39324616
0.39324616
0.39324616
0.39324616
0.39324616
0.39324616
0.39324616
0.39324616
0.39324616
0.38780262
0.38780262
0.38780262
0.41063392
0.41063392
0.41063392
0.41063392
0.41063392
0.41063392
0.41063392
0.39016672
0.39016672
0.3897871
0.3897871
0.3897871
0.30730198
0.30730198
0.30730198
0.30730198
0.30730198
0.30730198
0.30730198
0.30730198
0.34082319
0.35611796
0.35611796
0.35611796
0.35611796
0.35611796
0.35611796
0.3510055
0.33376772
0.33376772
0.33376772
0.36759637
0.37635582
0.37635582
0.37635582
0.38661736
0.39133384
0.42204975
0.42273469
0.42273469
0.42273469
0.41481608
0.41481608
0.41481608
0.41481608
0.41481608
0.40004025
0.40004025
0.40004025
0.40004025
0.40004025
0.40004025
0.40583645
0.40583645
0.40583645
0.3893617
0.3893617
0.3893617
0.40797811
0.42757943
0.42757943
0.42757943
0.42757943
0.42757943
0.42757943
0.40749769
0.39528412
0.38636847
0.38636847
0.38636847
0.38636847
0.38636847
0.38636847
0.39452863
0.40630234
0.40630234
0.41374158
0.41374158
0.41374158
0.41374158
0.41374158
0.41096909
0.41096909
0.41096909
0.43327066
0.43327066
0.43327066
0.43181929
0.43181929
0.43181929
0.43181929
0.40011686
0.40011686
0.40011686
0.40011686
0.40011686
0.40011686
0.40011686
0.40011686
0.39612969
0.39612969
0.38638858
0.37827547
0.37827547
0.37827547
0.40621867
0.40621867
0.40621867
0.40621867
0.40621867
0.40621867
0.40621867
0.40621867
0.40621867
0.40621867
0.42877971
0.42877971
0.42877971
0.42877971
0.42877971
0.40415941
0.40415941
0.40415941
0.40415941
0.40415941
0.40415941
0.40415941
0.44325925
0.44563985
0.44563985
0.44563985
0.44563985
0.42432439
0.42432439
0.42432439
0.42432439
0.42432439
0.42432439
0.42432439
0.44352451
0.45243754
0.45243754
0.45243754
0.45243754
0.45243754
0.45243754
0.45243754
0.45243754
0.45414068
0.45414068
0.45414068
0.45414068
0.45414068
0.46612364
0.46612364
0.46612364
0.44290807
0.4167684
0.40844534
0.40844534
0.39423367
0.39423367
0.39423367
0.39423367
0.39423367
0.39423367
0.41580071
0.41580071
0.41580071
0.42726556
0.42726556
0.42726556
0.44242009
0.44242009
0.44242009
0.44242009
0.44242009
0.43441408
0.4309321
0.4309321
0.4309321
0.4309321
0.43804068
0.43804068
0.43804068
0.4360799
0.4360799
0.4360799
0.44596564
0.44596564
0.44596564
0.45911734
0.45911734
0.45911734
0.4812654
0.4812654
0.4812654
0.4812654
0.4812654
0.4812654
0.4812654
0.4812654
0.4812654
0.4812654
0.4812654
0.4812654
0.4812654
0.46474847
0.46165971
0.46165971
0.46165971
0.46165971
0.48024882
0.48024882
0.48024882
0.47088788
0.46339813
0.46304836
0.46304836
0.43655652
0.40838192
0.40838192
0.40838192
0.43405415
0.43405415
0.43405415
0.43405415
0.43405415
0.43405415
0.43405415
0.43405415
0.43405415
0.43405415
0.45767149
0.4591153
0.4591153
0.46611362
0.46611362
0.46611362
0.4755571
0.47709297
0.47709297
0.47709297
0.47709297
0.47709297
0.47709297
0.47606235
0.47606235
0.47606235
0.47423773
0.47423773
0.47423773
0.45606922
0.45560848
0.45560848
0.45560848
0.45560848
0.45560848
0.45560848
0.45560848
0.45560848
0.45431585
0.44922886
0.44922886
0.44770702
0.44770702
0.44770702
0.44158157
0.40957783
0.40957783
0.40957783
0.40957783
0.4150515
0.4150515
0.4150515
0.44672289
0.44672289
0.44672289
0.44672289
0.44672289
0.44672289
0.41766427
0.38213714
0.38213714
0.38213714
0.38213714
0.38213714
0.38213714
0.37604436
0.35614766
0.35614766
0.35614766
0.35614766
0.35614766
0.35614766
0.38424952
0.39704737
0.39704737
0.39704737
0.42830183
0.43228441
0.43228441
0.43228441
0.42739022
0.42739022
0.42739022
0.42739022
0.42739022
0.43507849
0.43507849
0.43507849
0.42565272
0.41142729
0.39210217
0.39210217
0.39210217
0.39210217
0.38114581
0.38114581
0.38114581
0.39237413
0.41200655
0.41200655
0.42066872
0.42066872
0.44454736
0.44454736
0.45303804
0.45303804
0.45303804
0.45205496
0.41419393
0.41419393
0.41419393
0.41419393
0.41419393
0.40386135
0.37995555
0.37995555
0.37995555
0.37995555
0.37995555
0.37995555
0.39238196
0.40473966
0.40473966
0.44589227
0.44589227
0.45331366
0.45331366
0.45331366
0.43612399
0.43612399
0.43612399
0.43612399
0.43612399
0.42962239
0.42962239
0.42962239
0.42962239
0.42962239
0.39943531
0.39943531
0.39943531
0.42633103
0.42633103
0.42633103
0.39289554
0.39289554
0.39289554
0.39289554
0.38271139
0.37856429
0.37856429
0.37856429
0.41491668
0.41491668
0.41491668
0.41491668
0.38737242
0.38386801
0.38386801
0.38386801
0.38386801
0.38386801
0.38386801
0.38386801
0.38386801
0.38919458
0.38919458
0.38919458
0.38919458
0.42084819
0.42084819
0.44400394
0.44400394
0.44400394
0.47203744
0.47203744
0.47203744
0.47203744
0.47203744
0.47203744
0.46132024
0.46132024
0.44369544
0.44369544
0.44369544
0.44369544
0.44369544
0.44369544
0.44369544
0.44369544
0.44369544
0.44369544
0.44103138
0.44103138
0.44103138
0.41698483
0.36858642
0.33906156
0.33906156
0.33906156
0.37060618
0.37060618
0.37060618
0.37060618
0.37060618
0.42119811
0.42119811
0.42119811
0.40320336
0.40320336
0.40320336
0.39398782
0.39398782
0.39398782
0.39398782
0.39398782
0.39394789
0.39394789
0.39394789
0.42451191
0.42451191
0.42451191
0.42451191
0.4121068
0.40945402
0.40945402
0.39746162
0.39746162
0.39746162
0.41462617
0.41864071
0.42857675
0.44887662
0.46444589
0.46444589
0.46444589
0.46444589
0.46620011
0.46620011
0.46620011
0.44000189
0.42221998
0.42221998
0.42221998
0.43589232
0.43589232
0.43589232
0.43589232
0.43589232
0.43589232
0.43041224
0.43041224
0.43041224
0.45486167
0.45486167
0.45486167
0.44523181
0.43226974
0.43226974
0.43226974
0.43226974
0.4418191
0.4418191
0.4418191
0.4418191
0.44341248
0.44341248
0.45540954
0.45540954
0.45540954
0.45534421
0.45534421
0.45534421
0.45534421
0.45534421
0.45534421
0.44150813
0.44150813
0.44150813
0.44736437
0.46193174
0.46193174
0.46193174
0.42747509
0.41441883
0.41441883
0.39875658
0.39875658
0.23206005
0.23206005
0.17471516
0.17471516
0.17471516
0.17471516
0.17471516
0.17471516
0.18889446
0.18889446
0.18889446
0.18889446
0.18889446
0.18889446
0.18241959
0.18241959
0.18241959
0.42410203
0.42410203
0.44952395
0.44952395
0.44952395
0.44952395
0.44952395
0.36873542
0.36873542
0.36873542
0.41415541
0.41415541
0.41415541
0.41415541
0.39243825
0.39243825
0.39243825
0.39243825
0.30521605
0.30521605
0.30521605
0.31939725
0.31939725
0.31939725
0.36389223
0.36389223
0.37392322
0.37936676
0.37936676
0.37936676
0.37936676
0.37936676
0.37936676
0.37936676
0.37936676
0.37936676
0.37936676
0.37936676
0.38446695
0.38446695
0.38446695
0.36625823
0.36625823
0.32554957
0.32554957
0.32554957
0.32554957
0.32554957
0.32554957
0.31758017
0.31758017
0.31758017
0.31758017
0.31758017
0.28762977
0.28762977
0.28762977
0.28762977
0.28762977
0.25968128
0.25968128
0.25968128
0.22468388
0.21978073
0.21978073
0.21978073
0.21978073
0.16702287
0.16702287
0.16702287
0.16702287
0.20633033
0.20633033
0.20633033
0.20556941
0.19418166
0.19418166
0.19418166
0.19418166
0.14223425
0.14223425
0.14223425
0.1523058
0.19570414
0.19570414
0.19570414
0.22628113
0.24712301
0.28826907
0.28826907
0.28826907
0.28826907
0.28826907
0.29915396
0.35006208
0.37821198
0.40160357
0.40160357
0.43422022
0.43422022
0.45816489
0.45816489
0.45816489
0.45816489
0.55143254
0.58357603
0.58448884
0.58759085
0.58759085
0.58759085
0.58759085
0.61810549
0.62263368
0.62263368
0.62263368
0.53384414
0.53384414
0.53384414
0.52426486
0.49585753
0.49585753
0.41197361
0.39944645
0.39630034
0.39630034
0.34402023
0.34402023
0.34402023
0.34402023
0.287926
0.287926
0.287926
0.32107429
0.32107429
0.35710322
0.35710322
0.35710322
0.35710322
0.35710322
0.35710322
0.41131336
0.41131336
0.41131336
0.42240467
0.42240467
0.42240467
0.45246632
0.50984592
0.50984592
0.50984592
0.48363775
0.35519796
0.35519796
0.3547883
0.3547883
0.3547883
0.3547883
0.3547883
0.3547883
0.3547883
0.3547883
0.3547883
0.38503986
0.38503986
0.38503986
0.38503986
0.38503986
0.38503986
0.37938736
0.33703588
0.33703588
0.33605365
0.33605365
0.33605365
0.33605365
0.33605365
0.33605365
0.32175732
0.31594539
0.31594539
0.31594539
0.38448318
0.38909835
0.38909835
0.38909835
0.38909835
0.38909835
0.45815346
0.48289983
0.48289983
0.48289983
0.46736752
0.45968616
0.45968616
0.45968616
0.45968616
0.45968616
0.45968616
0.45968616
0.45968616
0.45968616
0.45968616
0.44978032
0.44022016
0.43449119
0.38794752
0.38794752
0.38794752
0.35405658
0.35405658
0.35405658
0.36094478
0.36094478
0.38394152
0.40056822
0.40056822
0.40056822
0.39725738
0.39725738
0.39725738
0.39725738
0.39725738
0.39725738
0.40366509
0.40366509
0.40366509
0.46546995
0.46546995
0.46546995
0.46546995
0.46936343
0.47490179
0.49111368
0.49345407
0.49345407
0.49345407
0.49345407
0.49345407
0.49345407
0.48133799
0.48133799
0.48133799
0.52201787
0.55864688
0.56094035
0.57654977
0.62916252
0.66802369
0.70950975
0.70950975
0.73378522
0.76744056
0.77936849
0.77936849
0.80690319
0.80690319
0.86736248
0.86736248
0.8735687
0.87642549
0.87642549
0.87642549
0.87642549
0.86141657
0.86105788
0.86105788
0.86105788
0.86105788
0.86105788
0.86105788
0.86105788
0.86375019
0.86375019
0.86375019
0.85228953
0.85228953
0.85140509
0.85140509
0.85140509
0.8654896
0.87598556
0.87598556
0.87927474
0.87927474
0.87927474
0.86896795
0.84633248
0.82866722
0.82866722
0.82258615
0.81185795
0.81185795
0.78573447
0.75122677
0.75122677
0.70055343
0.70055343
0.70055343
0.70055343
0.70055343
0.70055343
0.70055343
0.70055343
0.70055343
0.70832449
0.7139166
0.7139166
0.7139166
0.7139166
0.67837405
0.67837405
0.67837405
0.67837405
0.67794763
0.66607709
0.65916417
0.65916417
0.65916417
0.63967125
0.63967125
0.63967125
0.63967125
0.63967125
0.59312991
0.59312991
0.59312991
0.59312991
0.58498669
0.58498669
0.58498669
0.58498669
0.58498669
0.54301883
0.54301883
0.54301883
0.54301883
0.54505214
0.54505214
0.54505214
0.54485207
0.54485207
0.54485207
0.54485207
0.5503064
0.5503064
0.5503064
0.5503064
0.51590018
0.50889424
0.50889424
0.44590589
0.44590589
0.44590589
0.44590589
0.44789989
0.51588008
0.51588008
0.51588008
0.50246086
0.46502812
0.46502812
0.46502812
0.46502812
0.46502812
0.46502812
0.462208
0.46129118
0.46129118
0.42879784
0.39879298
0.39879298
0.39879298
0.39879298
0.39879298
0.39879298
0.39879298
0.4084797
0.4084797
0.4508563
0.45554732
0.45554732
0.45554732
0.42326019
0.42326019
0.42326019
0.39972321
0.36008129
0.36008129
0.34840394
0.34840394
0.34840394
0.44244105
0.44244105
0.44244105
0.40752979
0.40752979
0.40540125
0.40540125
0.40540125
0.40540125
0.40540125
0.40540125
0.42658867
0.42658867
0.42658867
0.41575929
0.41575929
0.40292505
0.3971486
0.3971486
0.3971486
0.3971486
0.3971486
0.3971486
0.3887507
0.3887507
0.3887507
0.40186057
0.40186057
0.40186057
0.40186057
0.38034751
0.38034751
0.38034751
0.39130612
0.39130612
0.44050672
0.44050672
0.44050672
0.39156884
0.37784112
0.37784112
0.37784112
0.37764365
0.37764365
0.37764365
0.39095479
0.39095479
0.39095479
0.39095479
0.43214748
0.43641147
0.43641147
0.43641147
0.43641147
0.43641147
0.43435496
0.41084994
0.38175428
0.38175428
0.38175428
0.4184515
0.4184515
0.4184515
0.42504073
0.42504073
0.42504073
0.42504073
0.42504073
0.42985068
0.42985068
0.42985068
0.42985068
0.42985068
0.44457629
0.452355
0.452355
0.47903132
0.47903132
0.47903132
0.47903132
0.47903132
0.48177637
0.48177637
0.48177637
0.47091843
0.47091843
0.45956757
0.45956757
0.45956757
0.45956757
0.45956757
0.45956757
0.45956757
0.45956757
0.443176
0.443176
0.443176
0.443176
0.443176
0.443176
0.45519084
0.45538428
0.45538428
0.45538428
0.42868666
0.42868666
0.42868666
0.42868666
0.42868666
0.43938834
0.44029459
0.44345255
0.44345255
0.44345255
0.44336683
0.44336683
0.44336683
0.44016661
0.43215122
0.43215122
0.43215122
0.43215122
0.44346588
0.44346588
0.44346588
0.45169327
0.4606674
0.4606674
0.46599672
0.46599672
0.46599672
0.46599672
0.46599672
0.46599672
0.45090674
0.45090674
0.45090674
0.45941421
0.46199213
0.46199213
0.48644615
0.48644615
0.48644615
0.48508961
0.45302731
0.45302731
0.45302731
0.46502332
0.46502332
0.48573257
0.48573257
0.48573257
0.45510351
0.45510351
0.45510351
0.45510351
0.45510351
0.498009
0.50347857
0.5048948
0.5048948
0.5048948
0.5048948
0.5048948
0.5048948
0.5048948
0.5048948
0.50217747
0.50217747
0.50217747
0.49479361
0.49479361
0.49479361
0.49479361
0.49479361
0.50055736
0.50055736
0.50055736
0.49037547
0.49037547
0.49037547
0.49037547
0.49037547
0.46801648
0.46801648
0.46801648
0.47132393
0.50349451
0.50349451
0.50349451
0.50349451
0.50349451
0.50349451
0.50349451
0.50349451
0.50411356
0.50411356
0.50411356
0.50411356
0.50411356
0.49309915
0.49309915
0.49309915
0.49793669
0.49793669
0.49793669
0.49793669
0.52993408
0.52993408
0.52993408
0.52993408
0.54502674
0.54535189
0.55352447
0.55352447
0.55352447
0.55352447
0.57467619
0.59606403
0.59606403
0.59606403
0.59606403
0.59606403
0.59298529
0.5924315
0.5924315
0.5924315
0.5924315
0.5924315
0.60224232
0.61991149
0.63136047
0.65797602
0.71423805
0.71495018
0.71495018
0.73335717
0.75932139
0.75932139
0.76608582
0.76608582
0.79468775
0.81205396
0.81205396
0.84465671
0.84465671
0.84465671
0.86688163
0.8782577
0.8782577
0.8782577
0.8886306
0.8886306
0.91463771
0.92773079
0.92773079
0.94141922
0.96297736
0.96554719
0.96970466
0.97763006
0.97763006
0.97763006
0.97763006
0.97763006
0.97763006
0.97763006
0.73101001
0.73101001
0.73101001
0.73101001
0.76740194
0.76740194
0.76740194
0.98888841
0.98888841
0.98888841
0.98888841
0.98888841
0.80275849
0.80275849
0.79367561
0.79367561
0.78745902
0.78415873
0.76799513
0.75636495
0.75135301
0.74800144
0.74800144
0.74800144
0.74054558
0.73296144
0.73139555
0.71185921
0.70537101
0.70537101
0.70537101
0.71069469
0.71247314
0.71849619
0.71849619
0.71849619
0.71849619
0.71849619
0.73197989
0.73367439
0.73367439
0.73434148
0.73752004
0.7452263
0.74560503
0.75219418
0.75501958
0.75501958
0.7592779
0.7613821
0.7613821
0.7613821
0.7613821
0.76339406
0.76339406
0.95954836
0.95954836
0.95954836
0.9715408
0.9715408
0.98080724
0.98845463
0.98845463
0.98845463
0.97376793
0.97376793
0.97075061
0.97075061
0.77272304
0.77272304
0.77272304
0.76332877
0.76149258
0.76149258
0.75573546
0.75573546
0.75573546
0.75573546
0.75573546
0.75573546
0.75573546
0.74751092
0.74751092
0.74751092
0.74751092
0.74751092
0.74751092
0.75603221
0.75615228
0.75615228
0.75615228
0.75615228
0.75615228
0.75615228
0.75785966
0.76291346
0.76291346
0.76291346
0.76291346
0.76169903
0.75524209
0.75182677
0.75182677
0.75018832
0.74479053
0.74479053
0.74479053
0.74479053
0.74479053
0.74479053
0.74479053
0.74479053
0.74644764
0.74704327
0.74704327
0.74704327
0.74704327
0.74704327
0.74704327
0.74327998
0.74279356
0.73479287
0.73479287
0.72658767
0.71803227
0.71330718
0.71009779
0.71009779
0.69970676
0.69970676
0.69970676
0.69766672
0.69766672
0.69766672
0.70327647
0.7123178
0.7123178
0.7123178
0.7123178
0.7123178
0.71748172
0.72536178
0.72536178
0.72536178
0.72536178
0.72536178
0.72312406
0.72312406
0.7113719
0.7113719
0.70215396
0.70177714
0.67486114
0.66600813
0.66600813
0.66600813
0.67315506
0.67991557
0.67991557
0.85483603
0.85483603
0.85483603
0.62940696
0.61417137
0.61417137
0.61417137
0.8032793
0.8032793
0.8032793
0.78894689
0.78526692
0.77044717
0.77044717
0.75755056
0.5547153
0.5547153
0.54284247
0.49732561
0.49732561
0.49732561
0.49732561
0.49732561
0.49732561
0.49732561
0.45198886
0.45198886
0.45198886
0.45198886
0.45198886
0.44935372
0.44935372
0.44935372
0.44935372
0.44935372
0.44935372
0.44935372
0.44935372
0.45944976
0.45944976
0.47172337
0.48588474
0.48588474
0.48588474
0.48588474
0.48588474
0.49672787
0.49672787
0.49672787
0.49672787
0.5419394
0.59540371
0.59540371
0.59540371
0.59540371
0.58476305
0.58476305
0.58476305
0.77656848
0.77656848
0.77656848
0.58739156
0.57880085
0.57880085
0.57880085
0.57880085
0.57880085
0.57880085
0.57880085
0.57880085
0.57880085
0.5635048
0.5635048
0.5635048
0.77123006
0.77534118
0.77534118
0.77534118
0.77181772
0.77181772
0.77181772
0.77379321
0.77379321
0.77778545
0.7785765
0.7785765
0.7785765
0.75474872
0.75474872
0.75474872
0.75474872
0.75474872
0.75474872
0.75474872
0.75474872
0.75474872
0.75474872
0.75474872
0.75474872
0.75474872
0.75474872
0.54429968
0.54429968
0.54429968
0.7647796
0.7647796
0.7647796
0.7647796
0.7738779
0.7738779
0.7738779
0.7738779
0.7738779
0.7738779
0.7738779
0.7738779
0.7738779
0.7738779
0.76884289
0.76200739
0.76200739
0.57349368
0.57349368
0.57349368
0.75903938
0.75903938
0.75903938
0.75903938
0.54881313
0.54881313
0.54881313
0.55135303
0.55135303
0.55135303
0.57406631
0.57406631
0.57406631
0.57516282
0.57516282
0.57516282
0.5774242
0.58313539
0.58313539
0.58313539
0.58313539
0.5935879
0.6101145
0.62876682
0.62876682
0.62876682
0.62911285
0.62911285
0.62911285
0.62911285
0.62911285
0.63439611
0.64509327
0.6620058
0.66888885
0.66888885
0.6763793
0.69092477
0.69153362
0.69858136
0.70155968
0.70155968
0.71565717
0.71565717
0.71565717
0.71565717
0.71286799
0.71286799
0.70823077
0.70823077
0.70250095
0.70250095
0.70250095
0.68433872
0.68433872
0.68433872
0.68433872
0.68433872
0.67227732
0.65593217
0.64707917
0.62241083
0.61661963
0.60696416
0.60696416
0.58359797
0.58359797
0.57505905
0.57354906
0.53619815
0.53152505
0.5038627
0.47984903
0.46186246
0.44581876
0.39671982
0.39671982
0.38688438
0.38688438
0.38688438
0.39316214
0.3965419
0.39853971
0.39853971
0.41935965
0.41935965
0.42013137
0.42045842
0.42045842
0.42045842
0.42045842
0.42045842
0.42045842
0.42045842
0.41274835
0.41274835
0.39989012
0.39989012
0.36817591
0.36817591
0.31624317
0.31220908
0.28460366
0.26683431
0.26683431
0.26683431
0.2523595
0.21890778
0.21890778
0.14881521
0.14881521
0.14881521
0.14917627
0.15392514
0.15392514
0.15392514
0.14838784
0.14838784
0.14838784
0.14838784
0.14838784
0.14838784
0.1312156
0.1312156
0.1312156
0.13567494
0.13567494
0.13567494
0.13567494
0.13567494
0.13642591
0.13642591
0.13642591
0.12966519
0.12966519
0.12966519
0.16303443
0.16303443
0.16303443
0.14991299
0.14991299
0.14991299
0.14991299
0.14991299
0.14991299
0.14670579
0.14233908
0.14115537
0.14115537
0.14115537
0.17141809
0.18848049
0.20696758
0.20696758
0.2190045
0.22616593
0.22616593
0.22616593
0.22906188
