0.70637914
0.71124522
0.74352696
0.75882495
0.75882495
0.77564619
0.78250025
0.79537984
0.81762951
0.84548563
0.86239899
0.86239899
0.86239899
0.86239899
0.86239899
0.86596008
0.86596008
0.86596008
0.86596008
0.86596008
0.86596008
0.86984717
0.88132973
0.88132973
0.88132973
0.91112568
0.91112568
0.91112568
0.89850351
0.89656252
0.89612681
0.89466859
0.89343597
0.88340397
0.87399099
0.83527388
0.83527388
0.83527388
0.83527388
0.83531837
0.83531837
0.83531837
0.8231091
0.8231091
0.8231091
0.8231091
0.8231091
0.8231091
0.8231091
0.8231091
0.8231091
0.8231091
0.8231091
0.81699044
0.81600855
0.76151953
0.75977994
0.75977994
0.75977994
0.75977994
0.75977994
0.77281669
0.77281669
0.77281669
0.77281669
0.78797924
0.82732578
0.82866391
0.82866391
0.82866391
0.82866391
0.77704258
0.77704258
0.77704258
0.81673731
0.81673731
0.81673731
0.81673731
0.81673731
0.81673731
0.81673731
0.81590786
0.81590786
0.81590786
0.81590786
0.81590786
0.81590786
0.81590786
0.83021259
0.83301935
0.83301935
0.85096244
0.85220371
0.85220371
0.85220371
0.85220371
0.85273618
0.85273618
0.85273618
0.86000245
0.86000245
0.86000245
0.85748885
0.85748885
0.85748885
0.86496741
0.8755297
0.88187019
0.88187019
0.88187019
0.8756237
0.8756237
0.8756237
0.88386995
0.89142367
0.89142367
0.89661834
0.90442422
0.90442422
0.91153843
0.91247607
0.91627095
0.92211459
0.92211459
0.92211459
0.91048845
0.91048845
0.91048845
0.91048845
0.91048845
0.92040272
0.92040272
0.92040272
0.9093815
0.9093815
0.9093815
0.9093815
0.91039645
0.91039645
0.91039645
0.91039645
0.91039645
0.91246663
0.91246663
0.91246663
0.91246663
0.91246663
0.90603049
0.90603049
0.90603049
0.90603049
0.90603049
0.90890705
0.90890705
0.90957977
0.90957977
0.90957977
0.90691508
0.90691508
0.90691508
0.90691508
0.91578811
0.9176715
0.91801912
0.92130682
0.92328626
0.92328626
0.92328626
0.92328626
0.92328626
0.92328626
0.92328626
0.9296907
0.9296907
0.9296907
0.9296907
0.9296907
0.9296907
0.92400078
0.92400078
0.92400078
0.92756252
0.92901975
0.92901975
0.92901975
0.92901975
0.92901975
0.92898415
0.92898415
0.92898415
0.92898415
0.92898415
0.92898415
0.92898415
0.92898415
0.92898415
0.9342624
0.93607082
0.93650038
0.93670941
0.93670941
0.93989012
0.93989012
0.93989012
0.94170882
0.94170882
0.94170882
0.94170882
0.94170882
0.94170882
0.94170882
0.94170882
0.94170882
0.94170882
0.94170882
0.94170882
0.94537155
0.94927591
0.94927591
0.94927591
0.94927591
0.94927591
0.95086103
0.95086103
0.95086103
0.95585925
0.95660091
0.95660091
0.95766691
0.95766691
0.95766691
0.94918293
0.94918293
0.94918293
0.95515881
0.95646182
0.95860329
0.95860329
0.95860329
0.95860329
0.95944793
0.96004795
0.96004795
0.96004795
0.96004795
0.96004795
0.96004795
0.96336482
0.96336482
0.96336482
0.93610267
0.93610267
0.93610267
0.93610267
0.94012652
0.95256482
0.95262785
0.95738324
0.95738324
0.95738324
0.95899113
0.96335306
0.96895472
0.96959429
0.96959429
0.9726717
0.97769996
0.97769996
0.97769996
0.97769996
0.97769996
0.97769996
0.97895683
0.97895683
0.97952479
0.97952479
0.97952479
0.98260304
0.99332648
0.99332648
0.99634161
0.99634161
0.99634161
0.99634161
0.99634161
0.99433999
0.99433999
0.99433999
0.99710849
0.99710849
0.99710849
0.99710849
0.99707936
0.99707936
0.99707936
0.99707936
0.99707936
0.99384249
0.99384249
0.99384249
0.99384249
0.99384249
0.99515381
0.99515381
0.99515381
0.99515381
0.99515381
0.99515381
0.99482272
0.99482272
0.99482272
0.99482272
0.99482272
0.99482272
0.992427
0.99211692
0.99016868
0.99016868
0.99016868
0.99016868
0.98573453
0.98573453
0.98078223
0.97726598
0.97726598
0.96946952
0.96904716
0.96771621
0.96543055
0.96194458
0.96194458
0.96194458
0.96194458
0.96194458
0.96194458
0.96037058
0.95817954
0.94849291
0.94534672
0.94463928
0.94179508
0.93937622
0.93867816
0.93867816
0.93082566
0.93082566
0.93082566
0.92151698
0.92151698
0.92151698
0.92151698
0.92151698
0.92140635
0.91705987
0.91705987
0.91705987
0.91705987
0.91705987
0.9184208
0.9184208
0.9184208
0.9184208
0.9184208
0.9184208
0.91374645
0.91254024
0.91254024
0.91254024
0.91254024
0.91254024
0.91254024
0.91690386
0.91701909
0.92171952
0.92518667
0.92518667
0.92828718
0.92828718
0.92828718
0.92828718
0.92828718
0.91980638
0.91082158
0.90959439
0.90741364
0.90741364
0.90741364
0.91029719
0.91029719
0.91029719
0.91029719
0.91292339
0.91292339
0.91292339
0.91292339
0.91292339
0.91292339
0.91292339
0.91292339
0.91292339
0.91292339
0.89793756
0.89793756
0.89606176
0.89606176
0.89606176
0.89606176
0.89606176
0.89153899
0.87728972
0.87728972
0.87487298
0.87487298
0.87487298
0.86247075
0.86011471
0.86011471
0.84923565
0.84265991
0.84265991
0.8182367
0.80669749
0.80242925
0.80242925
0.80242925
0.77807256
0.77239397
0.76266619
0.76266619
0.76266619
0.75902332
0.75902332
0.75902332
0.75421741
0.75421741
0.75206254
0.75206254
0.75206254
0.75206254
0.75206254
0.7364422
0.72951639
0.72951639
0.72951639
0.73531057
0.73531057
0.73531057
0.73531057
0.73531057
0.73531057
0.73531057
0.73531057
0.73772316
0.73772316
0.73772316
0.73772316
0.73772316
0.73169678
0.73169678
0.73169678
0.73169678
0.73169678
0.73169678
0.73169678
0.73556976
0.73812055
0.73812055
0.74952436
0.74952436
0.74952436
0.76256516
0.77222419
0.77222419
0.77222419
0.7785544
0.7785544
0.7785544
0.78126857
0.78126857
0.79269434
0.79269434
0.79269434
0.79269434
0.79269434
0.79424477
0.7958368
0.79861985
0.79861985
0.80225714
0.80225714
0.80225714
0.80225714
0.80381328
0.83615693
0.83790866
0.84164701
0.84164701
0.84164701
0.82925325
0.82400198
0.8139945
0.8139945
0.8139945
0.78420498
0.78420498
0.78420498
0.78377971
0.78377971
0.78377971
0.78377971
0.78377971
0.77949995
0.77949995
0.77949995
0.77949995
0.77949995
0.77949995
0.77949995
0.77667034
0.77141472
0.77141472
0.77141472
0.77141472
0.77141472
0.77141472
0.77141472
0.77141472
0.77141472
0.77729383
0.77729383
0.77729383
0.77729383
0.77729383
0.77729383
0.76686829
0.76439535
0.76439535
0.76439535
0.76439535
0.76439535
0.76439535
0.76439535
0.76439535
0.76439535
0.7433917
0.7358796
0.7358796
0.7358796
0.7358796
0.74366304
0.74366304
0.74366304
0.74366304
0.7396068
0.73751194
0.73648252
0.73367083
0.73367083
0.73367083
0.71248343
0.71033422
0.71033422
0.71033422
0.7141911
0.7141911
0.7141911
0.70992922
0.70310872
0.70310872
0.70310872
0.70310872
0.70310872
0.70310872
0.70310872
0.70310872
0.70310872
0.70310872
0.70310872
0.70310872
0.70757008
0.70757008
0.70757008
0.70527969
0.7001427
0.7001427
0.7001427
0.7001427
0.68757082
0.68757082
0.68757082
0.68243033
0.67734268
0.67278828
0.67278828
0.67278828
0.66850484
0.66850484
0.66850484
0.66850484
0.66850484
0.66224935
0.64178652
0.64178652
0.64178652
0.66636886
0.66636886
0.66636886
0.66038617
0.66038617
0.66038617
0.66038617
0.66728311
0.67017451
0.67869477
0.67869477
0.67869477
0.71250651
0.71410732
0.71410732
0.72895821
0.72895821
0.72895821
0.72895821
0.72895821
0.72895821
0.72895821
0.72895821
0.72895821
0.72895821
0.72895821
0.72895821
0.72895821
0.71570722
0.68709002
0.68709002
0.67497559
0.67497559
0.67497559
0.67768297
0.67954917
0.69139068
0.69139068
0.69139068
0.66992843
0.66992843
0.66992843
0.6704667
0.67176992
0.68768924
0.68768924
0.68768924
0.68768924
0.68640471
0.68640471
0.64814058
0.63639621
0.63639621
0.63639621
0.63639621
0.62718171
0.62718171
0.62718171
0.63427331
0.6345558
0.6345558
0.6345558
0.63314558
0.63314558
0.62739547
0.62504753
0.62504753
0.62279338
0.62269487
0.62269487
0.62269487
0.62269487
0.62269487
0.64788306
0.64788306
0.64788306
0.63723553
0.63723553
0.62300988
0.60574705
0.58142812
0.52746554
0.52746554
0.50649287
0.50649287
0.50649287
0.50649287
0.50626117
0.50626117
0.50626117
0.51869713
0.52486528
0.52486528
0.52486528
0.51471105
0.51471105
0.50731771
0.50344468
0.48368614
0.46704136
0.46542478
0.42599252
0.42599252
0.42599252
0.44141205
0.44141205
0.44141205
0.44141205
0.44141205
0.44141205
0.44141205
0.43237024
0.43237024
0.43237024
0.43237024
0.43237024
0.43237024
0.43237024
0.42939354
0.42939354
0.42939354
0.46481559
0.46481559
0.46481559
0.46481559
0.46481559
0.46481559
0.46481559
0.42450677
0.41768343
0.41768343
0.41768343
0.41768343
0.41768343
0.39415541
0.39415541
0.39415541
0.39415541
0.31728112
0.31728112
0.31728112
0.31728112
0.31728112
0.31728112
0.31728112
0.31728112
0.62108925
0.62108925
0.62108925
0.62108925
0.61366517
0.59232179
0.59232179
0.30601947
0.30601947
0.30601947
0.32604911
0.32604911
0.32604911
0.32318971
0.32318971
0.32318971
0.31890248
0.31890248
0.31890248
0.32141492
0.32141492
0.32141492
0.32141492
0.32141492
0.2752005
0.18880583
0.18880583
0.18880583
0.18880583
0.18880583
0.25107845
0.25107845
0.25107845
0.27046077
0.28265632
0.29764376
0.30388467
0.30388467
0.30388467
0.30388467
0.21731033
0.21731033
0.21731033
0.23559545
0.25839809
0.25839809
0.28341895
0.28341895
0.28341895
0.28341895
0.28341895
0.28341895
0.28341895
0.25335327
0.22330432
0.22330432
0.22330432
0.22330432
0.22330432
0.22330432
0.18975856
0.18975856
0.18975856
0.18975856
0.18975856
0.18975856
0.19366265
0.19366265
0.19366265
0.19272503
0.19272503
0.19272503
0.22991793
0.22991793
0.22991793
0.2202407
0.2202407
0.2202407
0.20423019
0.20423019
0.18801215
0.18082004
0.18082004
0.18082004
0.16890602
0.15294986
0.15294986
0.15294986
0.13888887
0.13686527
0.12992495
0.12992495
0.12992495
0.12992495
0.11498803
0.11498803
0.11498803
0.11498803
0.11498803
0.11498803
0.11498803
0.11498803
0.11498803
0.11498803
0.15125915
0.15125915
0.15125915
0.15588369
0.18199865
0.18199865
0.18199865
0.18199865
0.18199865
0.18199865
0.18199865
0.17819528
0.17819528
0.17819528
0.16345266
0.16345266
0.16345266
0.1697956
0.1697956
0.1697956
0.15741073
0.12287321
0.12287321
0.12287321
0.16736189
0.16736189
0.16736189
0.15884816
0.15884816
0.15884816
0.15884816
0.15884816
0.15884816
0.15884816
0.15884816
0.15884816
0.1902375
0.1902375
0.1902375
0.16931886
0.16931886
0.16931886
0.16931886
0.16931886
0.13983215
0.13983215
0.13983215
0.20029064
0.20029064
0.20029064
0.19749068
0.19749068
0.19749068
0.17689654
0.14178714
0.14178714
0.14178714
0.14178714
0.14178714
0.14178714
0.14178714
0.16620499
0.16894925
0.17177712
0.17177712
0.17177712
0.17177712
0.18309994
0.18309994
0.18309994
0.18309994
0.18309994
0.18309994
0.18309994
0.20716717
0.20716717
0.25754608
0.25754608
0.25754608
0.25754608
0.25754608
0.25754608
0.25754608
0.23136728
0.1488864
0.1488864
0.1488864
0.14912005
0.14912005
0.16385994
0.16385994
0.16385994
0.16385994
0.18568577
0.18568577
0.18568577
0.19117313
0.19117313
0.19117313
0.19117313
0.19117313
0.19117313
0.1906581
0.1906581
0.18655111
0.17813905
0.17813905
0.17813905
0.17813905
0.17813905
0.17813905
0.17813905
0.17813905
0.15468147
0.15468147
0.15468147
0.15468147
0.15468147
0.15468147
0.1546245
0.1546245
0.1546245
0.1546245
0.1546245
0.15933937
0.21426696
0.21426696
0.21426696
0.21426696
0.21426696
0.21426696
0.22760918
0.22760918
0.22760918
0.25628983
0.25628983
0.25628983
0.21821281
0.21821281
0.21821281
0.21821281
0.17890807
0.17890807
0.17123922
0.17123922
0.17123922
0.66562367
0.66562367
0.66562367
0.62824811
0.62824811
0.5889258
0.56399234
0.29881398
0.29881398
0.29672691
0.29672691
0.29672691
0.31132181
0.31132181
0.31132181
0.31132181
0.31132181
0.27524792
0.27524792
0.27524792
0.26598369
0.20031792
0.20031792
0.20031792
0.20031792
0.20031792
0.20031792
0.20031792
0.20031792
0.20031792
0.20031792
0.2124448
0.23477423
0.26991369
0.26991369
0.26991369
0.26991369
0.21131823
0.21131823
0.21131823
0.22004262
0.22004262
0.23857539
0.23857539
0.23857539
0.23857539
0.23857539
0.2464216
0.2464216
0.2464216
0.23805114
0.23805114
0.23805114
0.26510025
0.29692037
0.31390612
0.31390612
0.34691361
0.34691361
0.34691361
0.31944436
0.31935309
0.31935309
0.30140039
0.30140039
0.30140039
0.30140039
0.30140039
0.33545372
0.34087996
0.34087996
0.34087996
0.32702167
0.32366681
0.32366681
0.32366681
0.32366681
0.32366681
0.32366681
0.32366681
0.32366681
0.36326861
0.37236939
0.37236939
0.400142
0.400142
0.400142
0.39667976
0.39667976
0.39667976
0.39667976
0.39667976
0.40331552
0.43415799
0.43415799
0.43415799
0.43415799
0.42517676
0.42517676
0.42517676
0.42517676
0.43067461
0.43217992
0.47239957
0.47239957
0.47239957
0.4660026
0.39262969
0.39262969
0.39262969
0.39262969
0.39262969
0.39019902
0.38292995
0.38292995
0.38292995
0.38292995
0.38292995
0.38292995
0.38292995
0.38292995
0.38292995
0.38292995
0.38292995
0.38292995
0.40283065
0.421332
0.46716311
0.46716311
0.46716311
0.44409782
0.44409782
0.44409782
0.44409782
0.44409782
0.44409782
0.44409782
0.44409782
0.44409782
0.44409782
0.44409782
0.42125368
0.41946892
0.41946892
0.41946892
0.3975153
0.38554558
0.38554558
0.38416301
0.38416301
0.38416301
0.41378192
0.41378192
0.41378192
0.41378192
0.41378192
0.43088611
0.43088611
0.43088611
0.45243078
0.45243078
0.45243078
0.45243078
0.45243078
0.45243078
0.50681527
0.522478
0.522478
0.522478
0.522478
0.522478
0.522478
0.522478
0.50471792
0.50471792
0.50418805
0.50418805
0.50024698
0.50024698
0.50024698
0.50024698
0.48826378
0.45121529
0.37660884
0.37660884
0.37660884
0.40603554
0.40603554
0.40603554
0.40603554
0.4105604
0.4105604
0.42634231
0.42634231
0.44409373
0.44409373
0.44409373
0.43186885
0.43186885
0.43186885
0.42239431
0.42239431
0.42239431
0.42239431
0.43151476
0.44323746
0.44323746
0.44323746
0.4411131
0.40690927
0.39244283
0.39244283
0.39244283
0.39244283
0.39244283
0.40498308
0.40863679
0.40863679
0.40863679
0.45495445
0.48396275
0.48396275
0.49985292
0.49985292
0.49985292
0.47240203
0.47240203
0.47240203
0.46108771
0.46108771
0.46108771
0.46108771
0.47244484
0.47244484
0.5023542
0.5077593
0.5077593
0.5077593
0.48322588
0.47204322
0.47204322
0.47204322
0.51752681
0.51752681
0.51752681
0.51752681
0.57275183
0.57275183
0.57275183
0.57275183
0.76672416
0.78070214
0.78070214
0.78070214
0.77551602
0.77551602
0.77551602
0.64869148
0.64312927
0.64312927
0.64312927
0.65308951
0.65308951
0.68526505
0.68526505
0.68526505
0.65924905
0.62246747
0.62246747
0.62246747
0.62158707
0.62158707
0.62086243
0.62086243
0.62086243
0.67149727
0.67149727
0.67149727
0.5939518
0.5939518
0.5939518
0.64014035
0.64014035
0.64014035
0.67907464
0.70411939
0.70411939
0.70411939
0.70411939
0.66770374
0.66051181
0.66051181
0.66051181
0.66051181
0.68450437
0.68648574
0.68648574
0.68648574
0.6923272
0.70495306
0.70725857
0.71302012
0.71302012
0.71302012
0.73449737
0.73825544
0.73825544
0.73825544
0.73825544
0.77523322
0.77523322
0.77523322
0.77921104
0.77921104
0.77980848
0.77980848
0.77980848
0.77980848
0.79678806
0.79678806
0.79678806
0.79678806
0.79678806
0.79678806
0.79678806
0.79678806
0.81946092
0.81946092
0.81946092
0.81946092
0.81946092
0.81946092
0.82221583
0.8225285
0.8225285
0.8225285
0.8225285
0.8225285
0.82354324
0.82354324
0.82354324
0.83255982
0.83255982
0.83633664
0.836839
0.836839
0.836839
0.84517886
0.84517886
0.85481599
0.85481599
0.85481599
0.85481599
0.85481599
0.85481599
0.85481599
0.85481599
0.85823096
0.85823096
0.85823096
0.85823096
0.85823096
0.85823096
0.85823096
0.85823096
0.86652534
0.86652534
0.86652534
0.85476752
0.85476752
0.85476752
0.85476752
0.85476752
0.85548547
0.86677514
0.86677514
0.86677514
0.86677514
0.86677514
0.86677514
0.86612433
0.85700506
0.85275664
0.83760019
0.83760019
0.83760019
0.83760019
0.83760019
0.83760019
0.81893163
0.81515257
0.79359808
0.79359808
0.79359808
0.80212927
0.80212927
0.80212927
0.80212927
0.79179168
0.79179168
0.79179168
0.79179168
0.86781639
0.86781639
0.87730845
0.87998627
0.87998627
0.87998627
0.87998627
0.87998627
0.88210764
0.88288079
0.88288079
0.88288079
0.88288079
0.88288079
0.88318242
0.89304461
0.89304461
0.89304461
0.88781144
0.88781144
0.88781144
0.88781144
0.88781144
0.88517115
0.88517115
0.88285944
0.88285944
0.88285944
0.88285944
0.87899585
0.87899585
0.87899585
0.87981455
0.87981455
0.8831879
0.8831879
0.8831879
0.8831879
0.88324872
0.88324872
0.88324872
0.88324872
0.88128952
0.86909638
0.86909638
0.86909638
0.86909638
0.86909638
0.86347465
0.86347465
0.86347465
0.86347465
0.86347465
0.86793489
0.86793489
0.86793489
0.86793489
0.87046342
0.87046342
0.87046342
0.87046342
0.86987537
0.86987537
0.86987537
0.86987537
0.87302373
0.87302373
0.87302373
0.84938389
0.84938389
0.84938389
0.84335353
0.8400277
0.8400277
0.8400277
0.85351971
0.86735789
0.86735789
0.86735789
0.86735789
0.86735789
0.86735789
0.86695769
0.86554856
0.86554856
0.86554856
0.87240059
0.87240059
0.87240059
0.87240059
0.86767085
0.86767085
0.86352307
0.86352307
0.86352307
0.86347004
0.86347004
0.86347004
0.87600381
0.87600381
0.87600381
0.87600381
0.87600381
0.87600381
0.87600381
0.87600381
0.87600381
0.87439085
0.87439085
0.87439085
0.87439085
0.86779646
0.86779646
0.86779646
0.86682141
0.86682141
0.86682141
0.86682141
0.86149496
0.82412546
0.82412546
0.82412546
0.83587053
0.83948655
0.83948655
0.83948655
0.83948655
0.83948655
0.82536083
0.80823741
0.80823741
0.80823741
0.84100926
0.84713796
0.84713796
0.84713796
0.84713796
0.84727681
0.84727681
0.84727681
0.81034987
0.81034987
0.81034987
0.81034987
0.8117333
0.8117333
0.8238199
0.8250122
0.8250122
0.8250122
0.82886852
0.83272063
0.83272063
0.83272063
0.8256516
0.8256516
0.82249689
0.82249689
0.82249689
0.82177605
0.82177605
0.82177605
0.83638795
0.83638795
0.83638795
0.83534011
0.83534011
0.82167985
0.82167985
0.82167985
0.82355289
0.82401071
0.82401071
0.82401071
0.82401071
0.80691671
0.80691671
0.80691671
0.80691671
0.80691671
0.80084808
0.80084808
0.80084808
0.80652638
0.80652638
0.80652638
0.80652638
0.80652638
0.80652638
0.80652638
0.80652638
0.81700219
0.82502209
0.82502209
0.82502209
0.81043099
0.77435516
0.77435516
0.77435516
0.79211518
0.79211518
0.79211518
0.79211518
0.77025337
0.77025337
0.77025337
0.78021686
0.78822691
0.78822691
0.78822691
0.77169817
0.77169817
0.77169817
0.79700044
0.79700044
0.79700044
0.79700044
0.76829062
0.76829062
0.76829062
0.7787357
0.7787357
0.7787357
0.77856036
0.75413382
0.75413382
0.75413382
0.75413382
0.75413382
0.75413382
0.75413382
0.75204045
0.75204045
0.75204045
0.75729401
0.76471082
0.76471082
0.76471082
0.74869396
0.74869396
0.74869396
0.74869396
0.74869396
0.74869396
0.74869396
0.72790581
0.72790581
0.72790581
0.74484608
0.76050925
0.76050925
0.76050925
0.72380478
0.72380478
0.72380478
0.72380478
0.72380478
0.72380478
0.68923379
0.66892167
0.66892167
0.66892167
0.65454027
0.65454027
0.65454027
0.65454027
0.65454027
0.65454027
0.65465704
0.67535898
0.67535898
0.67535898
0.67316885
0.65000423
0.65000423
0.65000423
0.674235
0.674235
0.674235
0.66410304
0.65701337
0.65701337
0.65701337
0.65327678
0.65327678
0.65327678
0.65327678
0.65327678
0.65327678
0.66859751
0.66859751
0.66859751
0.66859751
0.66859751
0.60738613
0.60738613
0.60738613
0.60738613
0.66930503
0.66930503
0.66930503
0.65155345
0.65155345
0.65155345
0.67270078
0.68293094
0.68293094
0.68293094
0.61966692
0.61966692
0.61966692
0.6355837
0.6355837
0.6355837
0.6355837
0.58455028
0.58455028
0.58455028
0.61271045
0.62560337
0.62560337
0.62560337
0.56411168
0.56411168
0.56411168
0.63471847
0.67887052
0.67887052
0.67887052
0.67486013
0.67486013
0.67486013
0.67486013
0.66193624
0.6543754
0.62549824
0.55869813
0.55869813
0.55869813
0.56450034
0.57865281
0.57865281
0.57865281
0.48773569
0.48773569
0.48773569
0.48773569
0.55307817
0.72734468
0.72734468
0.72734468
0.72156907
0.69735823
0.69735823
0.68680027
0.52297146
0.52297146
0.52297146
0.54320349
0.54320349
0.54320349
0.54320349
0.51167771
0.51167771
0.51167771
0.56870878
0.56870878
0.56870878
0.56192988
0.56192988
0.53567176
0.53567176
0.53567176
0.53567176
0.53707919
0.53707919
0.53707919
0.49235105
0.49235105
0.49235105
0.50290694
0.54101843
0.54101843
0.54101843
0.49129372
0.49129372
0.49129372
0.55035668
0.55626611
0.55626611
0.55626611
0.48304789
0.48304789
0.48304789
0.50115224
0.50115224
0.50115224
0.48471624
0.48471624
0.48471624
0.50361039
0.52431311
0.52431311
0.54233762
0.54233762
0.54233762
0.3642193
0.3642193
0.3642193
0.44582157
0.44582157
0.44582157
0.44582157
0.38671465
0.38671465
0.38671465
0.38671465
0.42975597
0.42975597
0.42975597
0.42975597
0.42975597
0.46767704
0.54198396
0.56990334
0.56990334
0.56990334
0.45799262
0.45799262
0.45799262
0.4968255
0.52575973
0.52575973
0.52575973
0.41610709
0.41610709
0.41610709
0.43383333
0.43383333
0.43383333
0.43383333
0.35817784
0.35817784
0.35817784
0.43433361
0.43433361
0.45796739
0.45796739
0.45796739
0.45796739
0.45796739
0.45796739
0.45796739
0.45796739
0.45796739
0.43600265
0.37863553
0.37863553
0.37863553
0.45924263
0.45924263
0.45924263
0.42371955
0.27295302
0.27295302
0.27295302
0.3482423
0.37254434
0.37254434
0.37254434
0.37254434
0.37254434
0.40272149
0.40272149
0.40272149
0.3980552
0.39334101
0.33014666
0.33014666
0.33014666
0.38979379
0.41816704
0.41816704
0.41816704
0.34812931
0.34812931
0.34812931
0.38697163
0.38697163
0.38697163
0.37280243
0.2591795
0.2591795
0.2591795
0.34437766
0.38184891
0.38184891
0.38184891
0.31731559
0.2891902
0.2891902
0.2891902
0.2891902
0.2891902
0.2891902
0.2891902
0.2891902
0.2891902
0.2891902
0.29347555
0.30708939
0.30708939
0.30708939
0.23450381
0.23450381
0.23450381
0.31138255
0.34952363
0.34952363
0.34952363
0.31031452
0.19600277
0.19600277
0.19600277
0.27960157
0.31015038
0.31015038
0.31015038
0.24405189
0.24405189
0.24405189
0.29629576
0.37355314
0.37355314
0.37355314
0.30424573
0.30424573
0.30424573
0.33887835
0.34082011
0.34082011
0.34082011
0.2848706
0.2848706
0.2848706
0.42398965
0.42398965
0.42398965
0.41301142
0.25436454
0.25436454
0.25436454
0.2804102
0.2804102
0.2804102
0.2804102
0.2804102
0.30336109
0.32604455
0.34626713
0.36938682
0.36938682
0.36938682
0.25935423
0.24973664
0.24973664
0.24973664
0.39377121
0.39377121
0.40923895
0.40923895
0.40923895
0.38913162
0.38913162
0.38913162
0.38913162
0.38913162
0.38913162
0.38913162
0.33511338
0.33511338
0.33511338
0.33511338
0.39099952
0.39099952
0.39099952
0.25547889
0.25547889
0.25547889
0.29559336
0.34457375
0.34457375
0.34457375
0.29997612
0.29997612
0.29997612
0.29997612
0.29997612
0.47643915
0.47643915
0.47643915
0.48988476
0.48988476
0.48988476
0.48988476
0.49204868
0.49204868
0.49204868
0.49204868
0.49204868
0.4835102
0.44145439
0.31816293
0.31816293
0.31816293
0.40057845
0.45075377
0.45075377
0.45075377
0.38863873
0.38863873
0.38863873
0.40902408
0.46954106
0.46954106
0.46954106
0.321297
0.321297
0.321297
0.36391221
0.4286082
0.4286082
0.4286082
0.37976016
0.37976016
0.37976016
0.4035382
0.4035382
0.4035382
0.37982993
0.3624037
0.3624037
0.3624037
0.42196291
0.42196291
0.42196291
0.42196291
0.39552874
0.39552874
0.39552874
0.45904885
0.45904885
0.45904885
0.46058265
0.46058265
0.47894483
0.47894483
0.47894483
0.47894483
0.47894483
0.49922134
0.49922134
0.49922134
0.49922134
0.49922134
0.54782162
0.54782162
0.54782162
0.53050534
0.53050534
0.53050534
0.53050534
0.53050534
0.53050534
0.54353974
0.54353974
0.54353974
0.55726101
0.55856825
0.56099739
0.56099739
0.56099739
0.50338414
0.50338414
0.50338414
0.50402753
0.54372649
0.54372649
0.54372649
0.54372649
0.55973401
0.56508881
0.56508881
0.59290045
0.59290045
0.59290045
0.53384194
0.53384194
0.52661924
0.51756998
0.51756998
0.5149532
0.5149532
0.50251319
0.50251319
0.50251319
0.50330289
0.51738606
0.53690939
0.53690939
0.53690939
0.5305397
0.5305397
0.5305397
0.5305397
0.5305397
0.55021903
0.56201853
0.56201853
0.56201853
0.56201853
0.56201853
0.54190359
0.54190359
0.54190359
0.54190359
0.54190359
0.54190359
0.54190359
0.54190359
0.52903496
0.51293469
0.51293469
0.51293469
0.51562261
0.53779209
0.53779209
0.53779209
0.53779209
0.54335225
0.54879277
0.55615212
0.55615212
0.55615212
0.55045325
0.51046956
0.50291685
0.50291685
0.50291685
0.51865281
0.52122138
0.52635885
0.52635885
0.52635885
0.514506
0.51127205
0.47424963
0.47424963
0.47424963
0.50408922
0.50408922
0.50408922
0.50408922
0.47612892
0.45828985
0.45828985
0.45828985
0.45473738
0.45473738
0.45473738
0.45473738
0.45473738
0.45473738
0.42409388
0.42409388
0.42409388
0.42409388
0.42409388
0.42409388
0.43626326
0.43626326
0.43626326
0.44946793
0.44946793
0.44946793
0.44946793
0.44946793
0.44946793
0.44946793
0.44946793
0.44946793
0.45474084
0.45474084
0.45474084
0.45474084
0.45019205
0.45019205
0.45019205
0.45019205
0.47104842
0.47104842
0.47111336
0.47111336
0.47111336
0.46862725
0.46862725
0.46862725
0.46862725
0.46862725
0.47089079
0.48103442
0.48103442
0.48103442
0.48103442
0.48103442
0.48103442
0.48825853
0.48825853
0.48825853
0.51856903
0.51856903
0.51856903
0.50383538
0.50383538
0.50383538
0.53381855
0.54760413
0.54760413
0.54760413
0.50629841
0.50629841
0.50629841
0.51202099
0.51777032
0.51777032
0.51777032
0.51777032
0.51777032
0.51777032
0.51777032
0.52780625
0.52780625
0.52780625
0.51992149
0.51992149
0.51992149
0.51992149
0.51992149
0.51992149
0.5563963
0.5563963
0.55671026
0.56239307
0.57798619
0.57798619
0.5945773
0.59718453
0.61209874
0.62540382
0.63426419
0.63426419
0.63426419
0.62761327
0.62761327
0.62761327
0.62761327
0.67437186
0.70610188
0.70961721
0.70961721
0.71901232
0.71901232
0.71901232
0.71901232
0.72400592
0.72400592
0.72400592
0.72566009
0.72566009
0.72566009
0.72275463
0.7188006
0.7188006
0.7188006
0.7188006
0.70734541
0.68699239
0.68699239
0.68523074
0.68523074
0.68005866
0.68005866
0.66493444
0.65475603
0.65111795
0.65111795
0.65111795
0.65111795
0.65111795
0.65111795
0.6489534
0.6489534
0.6489534
0.6489534
0.6172509
0.6172509
0.6172509
0.6172509
0.60904446
0.60904446
0.60904446
0.60904446
0.60904446
0.60904446
0.62870145
0.62870145
0.62870145
0.62203076
0.61890482
0.61890482
0.61890482
0.61890482
0.61890482
0.62520391
0.62520391
0.63198077
0.63814687
0.64824665
0.65248924
0.66371884
0.66371884
0.66371884
0.66371884
0.66371884
0.66371884
0.66371884
0.66371884
0.66451698
0.67900466
0.67900466
0.67900466
0.67408549
0.67408549
0.67408549
0.68011274
0.68011274
0.69152891
0.69152891
0.69152891
0.69152891
0.68571356
0.68571356
0.68571356
0.7253839
0.7253839
0.74024471
0.74024471
0.74024471
0.73806104
0.73806104
0.73806104
0.73806104
0.73806104
0.73712685
0.71503314
0.71503314
0.71503314
0.71503314
0.71503314
0.71503314
0.71503314
0.70325499
0.70325499
0.69545091
0.69545091
0.69545091
0.69545091
0.69545091
0.69545091
0.68463842
0.68463842
0.68463842
0.68463842
0.68489788
0.68489788
0.68489788
0.67440766
0.67440766
0.67440766
0.67440766
0.68017312
0.68051994
0.68051994
0.68051994
0.67971926
0.67971926
0.67971926
0.67313633
0.63917524
0.63917524
0.63917524
0.57001744
0.57001744
0.57001744
0.57936497
0.57936497
0.59152323
0.59152323
0.59152323
0.57274218
0.57274218
0.57274218
0.57274218
0.55945153
0.55945153
0.55945153
0.55945153
0.55945153
0.55945153
0.62365547
0.62365547
0.62365547
0.62365547
0.62365547
0.62365547
0.59569695
0.59569695
0.58424146
0.58424146
0.58424146
0.58424146
0.58424146
0.58424146
0.58424146
0.63791076
0.63791076
0.63791076
0.63791076
0.63791076
0.63791076
0.5941888
0.59193355
0.59193355
0.59193355
0.59193355
0.59193355
0.59193355
0.59193355
0.6036498
0.6036498
0.61349663
0.61349663
0.61349663
0.61349663
0.61349663
0.61349663
0.61349663
0.61349663
0.62831956
0.62831956
0.62831956
0.59128544
0.59128544
0.59128544
0.60721601
0.61869924
0.61869924
0.61869924
0.61616844
0.61616844
0.61616844
0.66212041
0.66212041
0.68268842
0.68268842
0.68268842
0.66338873
0.66338873
0.66338873
0.66338873
0.66338873
0.68127475
0.72478817
0.72478817
0.72478817
0.72478817
0.72478817
0.7327197
0.7327197
0.7327197
0.69263046
0.69263046
0.69263046
0.69563037
0.69563037
0.69563037
0.67711145
0.67711145
0.67711145
0.67711145
0.71365236
0.72102928
0.74362359
0.74910717
0.74910717
0.74910717
0.74910717
0.75185289
0.75185289
0.7558573
0.7558573
0.7558573
0.72343579
0.72343579
0.72343579
0.72539211
0.73195657
0.73195657
0.73195657
0.73195657
0.73195657
0.73195657
0.73195657
0.73195657
0.73195657
0.73195657
0.73195657
0.73195657
0.69667044
0.69667044
0.69667044
0.7007443
0.7007443
0.7007443
0.7007443
0.70040491
0.67802906
0.67802906
0.67802906
0.72145453
0.72145453
0.72145453
0.72145453
0.72145453
0.71936122
0.71936122
0.69992639
0.69992639
0.64504208
0.64504208
0.64405646
0.64405646
0.64405646
0.64525983
0.65368742
0.66729906
0.66729906
0.66729906
0.65891878
0.64813538
0.64813538
0.64593249
0.64593249
0.59804158
0.59804158
0.59804158
0.60582222
0.6095854
0.62220067
0.63072006
0.63530163
0.63530163
0.63530163
0.63530163
0.63226351
0.63226351
0.63226351
0.64400573
0.64400573
0.64400573
0.65848512
0.66599185
0.71067469
0.72588051
0.72588051
0.72588051
0.72444596
0.72253767
0.71681588
0.71681588
0.71681588
0.69959612
0.69959612
0.69959612
0.69959612
0.69959612
0.69959612
0.69959612
0.69959612
0.69959612
0.69959612
0.69959612
0.68795824
0.68795824
0.68795824
0.68683898
0.68683898
0.67741187
0.67741187
0.67741187
0.688317
0.688317
0.688317
0.71182624
0.71182624
0.71189902
0.71189902
0.71487446
0.75297569
0.75297569
0.75297569
0.75176741
0.75176741
0.75176741
0.75176741
0.75176741
0.76771752
0.76771752
0.76771752
0.76771752
0.76771752
0.75988802
0.75988802
0.75988802
0.75988802
0.75988802
0.76256789
0.76256789
0.76256789
0.76256789
0.76545787
0.76545787
0.76545787
0.76545787
0.76545787
0.76545787
0.76545787
0.76965588
0.77412461
0.77412461
0.77479851
0.78254072
0.78254072
0.78254072
0.76548016
0.76548016
0.76548016
0.78219355
0.78245576
0.78710792
0.78710792
0.78710792
0.76604906
0.76604906
0.76604906
0.77641239
0.77641239
0.77641239
0.77641239
0.77832572
0.77981781
0.78943044
0.78943044
0.79242736
0.79242736
0.79242736
0.79242736
0.79242736
0.79934525
0.79934525
0.79934525
0.79682782
0.79682782
0.77707621
0.77707621
0.77265717
0.77265717
0.77265717
0.7841947
0.78957048
0.78957048
0.7913256
0.7913256
0.7913256
0.77311581
0.77311581
0.77311581
0.77311581
0.74946202
0.74795119
0.74795119
0.74795119
0.74795119
0.74795119
0.74795119
0.74795119
0.74795119
0.75598617
0.75598617
0.75598617
0.74526593
0.72961923
0.72961923
0.72961923
0.72961923
0.72961923
0.73285184
0.73510559
0.73510559
0.73510559
0.73510559
0.71231561
0.71231561
0.71231561
0.71231561
0.71231561
0.71231561
0.65402094
0.65402094
0.65402094
0.65402094
0.65402094
0.6387431
0.6314072
0.6314072
0.6314072
0.6314072
0.6175306
0.61348152
0.61048683
0.61048683
0.61048683
0.61048683
0.61048683
0.59041905
0.57152422
0.57152422
0.57152422
0.6284347
0.63766064
0.65190156
0.65190156
0.65190156
0.65111654
0.60068669
0.54501216
0.54501216
0.54501216
0.54501216
0.54501216
0.53717435
0.53717435
0.47556406
0.47097656
0.46186156
0.46186156
0.46185527
0.42797531
0.40209908
0.38688408
0.38688408
0.38688408
0.39774014
0.39774014
0.39774014
0.38562023
0.38562023
0.38562023
0.3843698
0.3843698
0.35287917
0.35072291
0.35072291
0.35072291
0.35072291
0.35763254
0.38855002
0.408273
0.408273
0.408273
0.40576837
0.36076897
0.36076897
0.36076897
0.33508867
0.30605845
0.30605845
0.30605845
0.34175396
0.34175396
0.34175396
0.34175396
0.34175396
0.34175396
0.34175396
0.34175396
0.27756885
0.27756885
0.27756885
0.27756885
0.27756885
0.27756885
0.27756885
0.23011885
0.23011885
0.23011885
0.26493564
0.26493564
0.26493564
0.27684273
0.28842941
0.28842941
0.35791906
0.35791906
0.3733708
0.3733708
0.3733708
0.35367694
0.35367694
0.35367694
0.36426027
0.42184739
0.42184739
0.42184739
0.41817763
0.41817763
0.41418248
0.40655932
0.40655932
0.40655932
0.4460443
0.46480253
0.46480253
0.46480253
0.46480253
0.46656678
0.46656678
0.46656678
0.46656678
0.48015633
0.48015633
0.48015633
0.48015633
0.48176037
0.48176037
0.48176037
0.48176037
0.48176037
0.48176037
0.48176037
0.48176037
0.50516413
0.53138473
0.53138473
0.53138473
0.53138473
0.54333919
0.54333919
0.60698105
0.62862696
0.65508258
0.65508258
0.65508258
0.64560421
0.64560421
0.64560421
0.64560421
0.64560421
0.64560421
0.70100507
0.70100507
0.70100507
0.70100507
0.70315477
0.71711077
0.72718366
0.72718366
0.73218628
0.74339335
0.74339335
0.74463625
0.74463625
0.77960447
0.78777817
0.78777817
0.78777817
0.78777817
0.78777817
0.78777817
0.80734828
0.80734828
0.81411145
0.82904473
0.83030877
0.83716605
0.83944309
0.83944309
0.83944309
0.83944309
0.83944309
0.83771021
0.83771021
0.83771021
0.841277
0.84289528
0.84289528
0.84289528
0.84289528
0.84289528
0.84289528
0.84289528
0.84289528
0.84289528
0.84289528
0.84289528
0.84289528
0.8638092
0.86478058
0.87515017
0.88888662
0.88888662
0.88888662
0.88888662
0.89731283
0.89731283
0.89731283
0.89731283
0.89731283
0.89731283
0.8958915
0.8958915
0.8958915
0.8958915
0.8958915
0.89686701
0.89686701
0.89686701
0.89686701
0.89686701
0.89374635
0.89374635
0.89374635
0.90967276
0.91196651
0.91196651
0.91196651
0.91196651
0.9193021
0.92974187
0.93071716
0.93071716
0.93071716
0.92819467
0.92819467
0.92428626
0.92428626
0.92428626
0.92572544
0.92948199
0.93076315
0.93076315
0.93076315
0.93449867
0.93449867
0.94310054
0.94465269
0.94465269
0.94465269
0.94985618
0.94985618
0.94985618
0.94985618
0.94985618
0.94985618
0.94985618
0.95133013
0.95133013
0.95133013
0.95581202
0.95581202
0.95581202
0.95581202
0.95581202
0.9614007
0.96210323
0.96210323
0.96210323
0.96210323
0.96210323
0.96210323
0.96363087
0.96389109
0.96389109
0.96817217
0.96817217
0.97340169
0.97340169
0.97340169
0.97436351
0.97436351
0.97436351
0.97436351
0.97617869
0.97788502
0.97788502
0.97788502
0.97324317
0.97324317
0.97324317
0.97324317
0.97324317
0.97324317
0.97324317
0.97324317
0.97324317
0.96823844
0.96503716
0.9640857
0.96000957
0.95874672
0.95874672
0.95874672
0.95155824
0.95006854
0.95006854
0.94624068
0.94120624
0.93469298
0.93469298
0.93469298
0.94769179
0.94898262
0.94898262
0.94898262
0.94845043
0.94845043
0.94845043
0.94845043
0.94845043
0.94845043
0.94904291
0.9498449
0.9498449
0.9498449
0.95339909
0.95339909
0.95339909
0.95339909
0.95433553
0.95433553
0.95433553
0.95433553
0.95433553
0.95433553
0.95372667
0.95271696
0.95271696
0.9457505
0.94530717
0.94530717
0.94530717
0.94530717
0.94530717
0.94530717
0.94530717
0.94530717
0.94530717
0.94075114
0.94075114
0.94075114
0.93015516
0.92440522
0.92257201
0.92257201
0.9142139
0.9142139
0.90967104
0.90967104
0.90459557
0.89346468
0.89346468
0.89082515
0.8875571
0.86992783
0.86377193
0.85880563
0.85880563
0.85880563
0.85880563
0.8468278
0.8468278
0.8235836
0.8235836
0.8235836
0.80383466
0.80383466
0.80383466
0.80383466
0.80296552
0.80296552
0.78228273
0.78228273
0.78228273
0.78252739
0.78252739
0.78252739
0.76926321
0.76926321
0.76926321
0.76926321
0.76926321
0.76926321
0.76926321
0.77593822
0.77593822
0.77593822
0.77082575
0.77082575
0.75158397
0.75158397
0.75158397
0.75158397
0.75158397
0.75158397
0.75261544
0.75871405
0.76686945
0.78116418
0.78116418
0.78116418
0.78116418
0.78116418
0.78116418
0.78116418
0.78116418
0.78116418
0.78116418
0.78116418
0.78116418
0.78116418
0.76812622
0.76812622
0.76812622
0.76812622
0.76812622
0.76812622
0.77264679
0.77264679
0.77264679
0.77142476
0.77066125
0.77066125
0.77066125
0.77066125
0.77257985
0.77257985
0.78033764
0.7833163
0.7833163
0.78461992
0.78461992
0.78461992
0.78461992
0.78461992
0.78461992
0.77155205
0.75632006
0.75532035
0.74604114
0.74075957
0.74075957
0.74075957
0.73886277
0.72592631
0.7257794
0.7257794
0.7257794
0.7257794
0.7257794
0.7257794
0.7257794
0.7257794
0.7257794
0.7257794
0.72000555
0.70547365
0.70547365
0.70547365
0.68407364
0.68407364
0.68407364
0.68407364
0.68407364
0.68407364
0.68407364
0.68407364
0.68350957
0.67809237
0.67449012
0.67449012
0.67449012
0.68053253
0.68680074
0.69190833
0.69190833
0.69190833
0.69190833
0.69190833
0.69190833
0.67157334
0.67157334
0.67157334
0.67157334
0.67157334
0.67157334
0.67157334
0.66951803
0.666421
0.66332746
0.66332746
0.66332746
0.65485381
0.65485381
0.64633956
0.64633956
0.64633956
0.64983715
0.66806097
0.66865495
0.68071125
0.68654493
0.68899065
0.68917095
0.68917095
0.68917095
0.68917095
0.68917095
0.69020947
0.70642284
0.70642284
0.70642284
0.69316004
0.67786316
0.65771258
0.65771258
0.65771258
0.65771258
0.66313153
0.66313153
0.66313153
0.66313153
0.67373626
0.67988964
0.67988964
0.67988964
0.67988964
0.67988964
0.67988964
0.67988964
0.67988964
0.67988964
0.67988964
0.65966142
0.65966142
0.65191772
0.64785206
0.64785206
0.64785206
0.64785206
0.64785206
0.64785206
0.66489318
0.66489318
0.66489318
0.66766007
0.66766007
0.66766007
0.66766007
0.66766007
0.66766007
0.62966672
0.6261645
0.62000554
0.62000554
0.62000554
0.62000554
0.59748244
0.59748244
0.59748244
0.59748244
0.59410198
0.57924102
0.57787361
0.52144716
0.51558725
0.51558725
0.51558725
0.51558725
0.51558725
0.51558725
0.51558725
0.49092032
0.49092032
0.49092032
0.49092032
0.50476802
0.50476802
0.50476802
0.41491075
0.41491075
0.41491075
0.45019646
0.45019646
0.45019646
0.45019646
0.45019646
0.45019646
0.45643716
0.45643716
0.45873038
0.45873038
0.45873038
0.41039438
0.41039438
0.41039438
0.42544482
0.46351025
0.46351025
0.46351025
0.43346728
0.43346728
0.43346728
0.43346728
0.43346728
0.43346728
0.37403087
0.37403087
0.37403087
0.37403087
0.37403087
0.37403087
0.37403087
0.37403087
0.2802266
0.2802266
0.2802266
0.28846954
0.3312458
0.3312458
0.3312458
0.31792215
0.31792215
0.31792215
0.38093542
0.38093542
0.38093542
0.33348463
0.33348463
0.33348463
0.39084005
0.39084005
0.39084005
0.39084005
0.39084005
0.39084005
0.39084005
0.39084005
0.39084005
0.39254429
0.39254429
0.39254429
0.31001436
0.31001436
0.31001436
0.38195131
0.38195131
0.38195131
0.38195131
0.30123798
0.30123798
0.30123798
0.32707061
0.34245106
0.34245106
0.34245106
0.3077267
0.3077267
0.3077267
0.3077267
0.32041257
0.32041257
0.32041257
0.32041257
0.32041257
0.32041257
0.32041257
0.34574717
0.34574717
0.34574717
0.26822152
0.26822152
0.26822152
0.33359169
0.38764351
0.38764351
0.38764351
0.29677255
0.29677255
0.29677255
0.3688665
0.40672698
0.40672698
0.40672698
0.31213532
0.31213532
0.31213532
0.31213532
0.31213532
0.31213532
0.31213532
0.31213532
0.31213532
0.32909169
0.35433497
0.35550513
0.38523844
0.38523844
0.38523844
0.27376884
0.27376884
0.27376884
0.2903845
0.38627275
0.38627275
0.38627275
0.31224721
0.31224721
0.31224721
0.34976189
0.34976189
0.34976189
0.34976189
0.34976189
0.34976189
0.36992834
0.42761802
0.44094261
0.44094261
0.44094261
0.44094261
0.25997963
0.25997963
0.25997963
0.29745239
0.29745239
0.29745239
0.29745239
0.26190182
0.26190182
0.26190182
0.31425381
0.31425381
0.31425381
0.31425381
0.27941724
0.27941724
0.27941724
0.35525423
0.36291631
0.36291631
0.36291631
0.36239751
0.36239751
0.36239751
0.37766564
0.37766564
0.37766564
0.37766564
0.37310736
0.37310736
0.37310736
0.38835394
0.40275197
0.40275197
0.40275197
0.34403339
0.34403339
0.34403339
0.59885714
0.59885714
0.59885714
0.59885714
0.53587456
0.4588503
0.42615472
0.33079724
0.33079724
0.33079724
0.38511302
0.41436225
0.41436225
0.41436225
0.41436225
0.41436225
0.46167581
0.49877561
0.49877561
0.49877561
0.4713041
0.37500029
0.37500029
0.37500029
0.40707865
0.40707865
0.40707865
0.40707865
0.38583756
0.38583756
0.38583756
0.3940848
0.45397323
0.45397323
0.45397323
0.40511989
0.40511989
0.40511989
0.4319617
0.46758157
0.46758157
0.46758157
0.44762663
0.44762663
0.44762663
0.47719847
0.47719847
0.47719847
0.47329255
0.43306152
0.43306152
0.43306152
0.52528872
0.52528872
0.52528872
0.51411189
0.49312752
0.49312752
0.49312752
0.49938012
0.49938012
0.49938012
0.49938012
0.41034055
0.41034055
0.41034055
0.48279504
0.48279504
0.48279504
0.48279504
0.40661818
0.40661818
0.40661818
0.41063904
0.48641712
0.48641712
0.48641712
0.47515636
0.47515636
0.47515636
0.48839728
0.49408319
0.49408319
0.49408319
0.48302035
0.48302035
0.48302035
0.48302035
0.55056451
0.55056451
0.55056451
0.51105572
0.51105572
0.51105572
0.51105572
0.51105572
0.51105572
0.51105572
0.51105572
0.51105572
0.52618852
0.58779167
0.60435116
0.60435116
0.60435116
0.60435116
0.59181862
0.59181862
0.59181862
0.61224263
0.61224263
0.61224263
0.5682481
0.5682481
0.5682481
0.57613271
0.57613271
0.57613271
0.61525473
0.616902
0.616902
0.65687688
0.65687688
0.65687688
0.65687688
0.56699584
0.56699584
0.56699584
0.56699584
0.57803875
0.57803875
0.57803875
0.57803875
0.57803875
0.58403782
0.63460511
0.63460511
0.63460511
0.58818154
0.58818154
0.58818154
0.59107231
0.61008396
0.65471668
0.65471668
0.65471668
0.62458507
0.62458507
0.62458507
0.64456372
0.66457977
0.66457977
0.66457977
0.6338995
0.6338995
0.6338995
0.65671615
0.65671615
0.65671615
0.65671615
0.65471202
0.65471202
0.65471202
0.67038366
0.67038366
0.67038366
0.64921118
0.6488925
0.6488925
0.6488925
0.6488925
0.6488925
0.6488925
0.68414047
0.68414047
0.68711764
0.71284082
0.71284082
0.71284082
0.71284082
0.7126573
0.61726453
0.61726453
0.61726453
0.67847749
0.67847749
0.67847749
0.67847749
0.6674926
0.6674926
0.6674926
0.69103017
0.69289608
0.69289608
0.69289608
0.69289608
0.69289608
0.73152393
0.73217923
0.73217923
0.73217923
0.73217923
0.6956465
0.6956465
0.6956465
0.6956465
0.69584403
0.69584403
0.69584403
0.69584403
0.73956155
0.76511081
0.76511081
0.76511081
0.76511081
0.76511081
0.7427529
0.7427529
0.7427529
0.75369029
0.76576926
0.76576926
0.76576926
0.73622857
0.73622857
0.73622857
0.75002675
0.75002675
0.75002675
0.75002675
0.75002675
0.75002675
0.78204159
0.796332
0.796332
0.796332
0.80270098
0.80270098
0.80270098
0.80003811
0.80003811
0.80003811
0.79587732
0.79587732
0.79587732
0.79587732
0.79587732
0.80233126
0.80233126
0.80233126
0.80233126
0.78477178
0.78477178
0.78477178
0.78477178
0.78477178
0.79309695
0.79309695
0.79309695
0.83377741
0.83377741
0.83377741
0.83377741
0.83377741
0.83377741
0.7935079
0.7935079
0.7935079
0.80603811
0.81079767
0.81079767
0.81079767
0.80246665
0.80246665
0.80246665
0.78776744
0.78776744
0.78776744
0.78776744
0.78776744
0.78978065
0.7978204
0.7978204
0.7978204
0.7978204
0.7978204
0.7978204
0.7978204
0.7978204
0.7978204
0.7978204
0.7978204
0.7978204
0.7978204
0.81110536
0.81771923
0.81771923
0.81771923
0.81771923
0.81771923
0.80332189
0.80332189
0.80332189
0.80332189
0.81871149
0.81871149
0.83482217
0.85180729
0.85180729
0.85180729
0.84271892
0.84227068
0.84227068
0.84227068
0.84758159
0.84758159
0.84758159
0.84758159
0.84758159
0.84758159
0.84758159
0.84758159
0.84758159
0.84758159
0.84758159
0.8481256
0.86038279
0.86038279
0.86038279
0.86038279
0.86038279
0.86038279
0.85873508
0.85873508
0.85297875
0.85297875
0.85297875
0.85502212
0.85967666
0.85967666
0.85967666
0.85967666
0.85967666
0.85967666
0.86699735
0.86699735
0.86699735
0.86699735
0.86566797
0.86515817
0.86515817
0.86515817
0.86722627
