0.67512572
0.6832094
0.67149543
0.67149543
0.65393794
0.6502024
0.63693147
0.60073935
0.57562612
0.57562612
0.5665043
0.5665043
0.5665043
0.59575308
0.61768861
0.63398055
0.64075873
0.64075873
0.65418623
0.65418623
0.67936879
0.6940832
0.70804198
0.70804198
0.70804198
0.69549688
0.68415998
0.68415998
0.67105465
0.65437396
0.65157488
0.64912741
0.64227529
0.64030612
0.62933328
0.61941529
0.61466779
0.59750367
0.56856545
0.55025942
0.5374799
0.53677338
0.53677338
0.53677338
0.5602654
0.57017953
0.57017953
0.57858569
0.57858569
0.58181247
0.59546694
0.59546694
0.61438057
0.62471931
0.62471931
0.64160549
0.64160549
0.65121045
0.65121045
0.65121045
0.65121045
0.65150625
0.65150625
0.65150625
0.6651122
0.66640394
0.67894684
0.67896642
0.67896642
0.6898132
0.6987933
0.70210203
0.70210203
0.70210203
0.70210203
0.70210203
0.70379932
0.70643146
0.70643146
0.70643146
0.70643146
0.70643146
0.70643146
0.70643146
0.70852484
0.70852484
0.71487937
0.72666411
0.72666411
0.73165792
0.73165792
0.73558618
0.74322197
0.74407008
0.75047555
0.7541933
0.7541933
0.7541933
0.7541933
0.7541933
0.7541933
0.7541933
0.7541933
0.7541933
0.76120029
0.76120029
0.77379905
0.77436625
0.77436625
0.78541293
0.78541293
0.78541293
0.78488247
0.784547
0.784547
0.78212262
0.78212262
0.78212262
0.78212262
0.78327665
0.79553306
0.79553306
0.79553306
0.79553306
0.79553306
0.79553306
0.79552435
0.79552435
0.79552435
0.79203666
0.79203666
0.79203666
0.79203666
0.79297308
0.79297308
0.79297308
0.79237639
0.79237639
0.78308535
0.78308535
0.78049904
0.77842001
0.77842001
0.76163083
0.75264776
0.73836751
0.7293553
0.72702087
0.72702087
0.72437738
0.72437738
0.72437738
0.72437738
0.72437738
0.72437738
0.72471528
0.72635526
0.72635526
0.72635526
0.73549894
0.73549894
0.73549894
0.73801933
0.73801933
0.73801933
0.73683392
0.73448004
0.73448004
0.72536749
0.72536749
0.72536749
0.73151753
0.73151753
0.73151753
0.73151753
0.73559315
0.73559315
0.74389774
0.74389774
0.74875873
0.75577834
0.76196806
0.76196806
0.78120471
0.78605495
0.78605495
0.7928126
0.7928126
0.7928126
0.7942629
0.7942629
0.7942629
0.79040084
0.79040084
0.79040084
0.79040084
0.79040084
0.79040084
0.79040084
0.78955516
0.78955516
0.78955516
0.78990997
0.78990997
0.7952976
0.7952976
0.7952976
0.7952976
0.7952976
0.79174096
0.79174096
0.79174096
0.79174096
0.79347841
0.79606777
0.79703101
0.79703101
0.79703101
0.79703101
0.79703101
0.7990714
0.8009481
0.80184381
0.80184381
0.80184381
0.79961634
0.79757699
0.79757699
0.79757699
0.80099816
0.80158425
0.80158425
0.80158425
0.80158425
0.8050405
0.8050405
0.8050405
0.8050405
0.80279695
0.80279695
0.80279695
0.80730067
0.80730067
0.80730067
0.80619153
0.80619153
0.80619153
0.80619153
0.80619153
0.80619153
0.80536698
0.80536698
0.80536698
0.80570047
0.80913167
0.80913167
0.80913167
0.80913167
0.80913167
0.80913167
0.81168032
0.81353963
0.81353963
0.81353963
0.81605554
0.81605554
0.81605554
0.81605554
0.81605554
0.81605554
0.81605554
0.81605554
0.81605554
0.81605554
0.81605554
0.81605554
0.81605554
0.81605554
0.81605554
0.81893496
0.81893496
0.81893496
0.81893496
0.81893496
0.81893496
0.8282289
0.83182396
0.83182396
0.83182396
0.83182396
0.83182396
0.83145036
0.83145036
0.83145036
0.83145036
0.83145036
0.82944854
0.82944854
0.82944854
0.83222775
0.83222775
0.83479138
0.83713874
0.83775527
0.84066734
0.84066734
0.84134853
0.84152926
0.84152926
0.84152926
0.84807095
0.84959117
0.84959117
0.84959117
0.84959117
0.84959117
0.84780295
0.84687116
0.84444767
0.84444767
0.84444767
0.84444767
0.84518425
0.84518425
0.84518425
0.84518425
0.84518425
0.84518425
0.84518425
0.84518425
0.8430567
0.83881379
0.83881379
0.83881379
0.82971026
0.82971026
0.82971026
0.83305006
0.83305006
0.83305006
0.83305006
0.82828202
0.78402471
0.73934787
0.71443026
0.71443026
0.71235699
0.67453691
0.6564975
0.6564975
0.6564975
0.6564975
0.6564975
0.67234768
0.73958159
0.77570889
0.77570889
0.78330261
0.78330261
0.78330261
0.84764004
0.88003893
0.88003893
0.88003893
0.85333501
0.75960456
0.75960456
0.75960456
0.79133594
0.79133594
0.79133594
0.72892492
0.70778823
0.70778823
0.70778823
0.70778823
0.70778823
0.69667544
0.65868475
0.62006416
0.4158066
0.33297431
0.33297431
0.33297431
0.35032432
0.42837448
0.49539836
0.49539836
0.49539836
0.46371972
0.39658083
0.29439982
0.29439982
0.29439982
0.30470097
0.35976023
0.40463448
0.40922908
0.48763811
0.60193571
0.60440998
0.67279026
0.72621453
0.73140537
0.73140537
0.73755671
0.76187994
0.77063768
0.79582447
0.81418049
0.81418049
0.81418049
0.81418049
0.78285845
0.76433478
0.72207434
0.71787698
0.68498589
0.58691784
0.54429159
0.54429159
0.54429159
0.57071422
0.62941705
0.62941705
0.68504462
0.70433076
0.71472665
0.74231558
0.75619336
0.75619336
0.75650173
0.75650173
0.75650173
0.7516884
0.73613317
0.73613317
0.73613317
0.73613317
0.73613317
0.72049044
0.72049044
0.72049044
0.72049044
0.70788528
0.70162112
0.70162112
0.70162112
0.70162112
0.70162112
0.71025667
0.71025667
0.71025667
0.71025667
0.71025667
0.71025667
0.72534926
0.7386316
0.7386316
0.7386316
0.73528998
0.72361361
0.71632638
0.69105935
0.68152952
0.68038521
0.68038521
0.68038521
0.68038521
0.68038521
0.67577434
0.63599501
0.60092494
0.60092494
0.60092494
0.57870971
0.57870971
0.57870971
0.58466006
0.58812852
0.65637708
0.65637708
0.65637708
0.65003252
0.65003252
0.65003252
0.65114914
0.65114914
0.67160163
0.70276471
0.72082989
0.72082989
0.72082989
0.72082989
0.70593664
0.69091685
0.66842992
0.64971383
0.6493318
0.6474534
0.63195712
0.63195712
0.63195712
0.66996815
0.69195919
0.73682707
0.73910419
0.73910419
0.73910419
0.73910419
0.73617121
0.7141069
0.70987077
0.70987077
0.70987077
0.74272839
0.74910465
0.78367186
0.79409396
0.82820828
0.83943619
0.86058578
0.86058578
0.86058578
0.86006967
0.86006967
0.86006967
0.86903265
0.87337977
0.87337977
0.87337977
0.86933462
0.8604017
0.85887773
0.85887773
0.84213488
0.83464762
0.82800786
0.80423822
0.76528903
0.74110178
0.72471206
0.72471206
0.72471206
0.75985976
0.75985976
0.75985976
0.75980144
0.75980144
0.75980144
0.79199657
0.80252298
0.80252298
0.80252298
0.80049974
0.78375636
0.77015617
0.73705789
0.73705789
0.72846552
0.72846552
0.72846552
0.75745002
0.78792843
0.79819658
0.80154603
0.81381732
0.81381732
0.81381732
0.82848398
0.82848398
0.82848398
0.77813633
0.77503782
0.7603665
0.7603665
0.70419535
0.61590344
0.61590344
0.61590344
0.66901599
0.76879536
0.79864614
0.80787406
0.80787406
0.80787406
0.76802071
0.76802071
0.76802071
0.76802071
0.7488508
0.69157723
0.69157723
0.69157723
0.702989
0.72203321
0.72250396
0.73951886
0.75752884
0.76577284
0.76577284
0.79374133
0.80548753
0.83789777
0.83789777
0.83789777
0.81983934
0.75771629
0.75771629
0.75771629
0.68616405
0.65586794
0.65022624
0.598379
0.598379
0.598379
0.66508382
0.66508382
0.71170879
0.71751712
0.72989203
0.74860526
0.79573905
0.79573905
0.79573905
0.78289109
0.76767966
0.75299941
0.75299941
0.75299941
0.75299941
0.71265007
0.70432558
0.70432558
0.70432558
0.70432558
0.70432558
0.70432558
0.70432558
0.70432558
0.70432558
0.70018553
0.68317549
0.68317549
0.68317549
0.65464434
0.65464434
0.65464434
0.66158326
0.66158326
0.66158326
0.66158326
0.66158326
0.66158326
0.66158326
0.69380015
0.69380015
0.69380015
0.68745442
0.68745442
0.68745442
0.7046028
0.72549258
0.73457548
0.73457548
0.73457548
0.72341402
0.72341402
0.72341402
0.72341402
0.72341402
0.72341402
0.71314003
0.71314003
0.71244197
0.71244197
0.71244197
0.72277292
0.72277292
0.72277292
0.71709715
0.71709715
0.71709715
0.70521419
0.70521419
0.70521419
0.70521419
0.68184124
0.68184124
0.68184124
0.69324383
0.73390744
0.73604823
0.73604823
0.73604823
0.73604823
0.73604823
0.73604823
0.7152766
0.705891
0.69868682
0.69868682
0.69243707
0.66064693
0.66064693
0.63094206
0.63094206
0.51553554
0.45523635
0.41892141
0.41892141
0.41892141
0.43436016
0.43436016
0.43436016
0.41782246
0.41782246
0.41782246
0.42044744
0.42044744
0.50375386
0.65811481
0.7052439
0.7052439
0.7052439
0.7052439
0.7052439
0.7052439
0.68195687
0.64273409
0.61011098
0.55597713
0.55597713
0.55597713
0.5917654
0.5917654
0.5917654
0.55139181
0.54874557
0.54874557
0.5416022
0.5416022
0.5416022
0.5416022
0.56334615
0.56334615
0.56334615
0.55195204
0.55195204
0.52527525
0.52527525
0.52527525
0.56394922
0.56394922
0.56394922
0.56102283
0.55470867
0.55470867
0.51067367
0.32727949
0.11659707
0.11659707
0.11659707
0.31755372
0.31755372
0.31755372
0.27620148
0.18011825
0.15396271
0.15396271
0.15396271
0.32407422
0.41263457
0.50561561
0.52937749
0.55230247
0.55230247
0.55230247
0.55230247
0.57027599
0.6121966
0.64190481
0.68996377
0.69724201
0.69724201
0.69724201
0.69724201
0.69724201
0.60157652
0.54852989
0.54852989
0.54852989
0.56779364
0.60100821
0.63032045
0.63032045
0.68990479
0.6901258
0.6901258
0.6901258
0.6901258
0.6901258
0.6901258
0.6873053
0.64367698
0.64367698
0.64367698
0.64367698
0.66848338
0.68951365
0.68951365
0.68951365
0.68726802
0.68726802
0.68726802
0.71985861
0.74563358
0.74563358
0.74563358
0.74563358
0.74946276
0.74946276
0.74946276
0.74946276
0.74946276
0.78785857
0.78785857
0.78785857
0.78785857
0.78785857
0.78785857
0.78785857
0.79697143
0.81624047
0.81624047
0.81624047
0.81624047
0.81624047
0.81624047
0.81624047
0.8075443
0.8075443
0.79511249
0.78821835
0.78821835
0.78821835
0.84609086
0.84609086
0.84609086
0.82612432
0.82612432
0.82612432
0.82612432
0.82612432
0.82612432
0.82612432
0.81804793
0.81757002
0.81757002
0.81757002
0.81406618
0.81406618
0.79007121
0.78490868
0.78490868
0.77561118
0.77561118
0.77561118
0.7831145
0.7831145
0.7831145
0.7831145
0.7831145
0.7831145
0.79936335
0.79936335
0.82747829
0.82747829
0.84987936
0.84987936
0.84987936
0.8466452
0.8466452
0.84113907
0.8320368
0.82157761
0.82081687
0.82081687
0.79066434
0.77351111
0.74377845
0.70922502
0.70922502
0.70922502
0.74069247
0.75377371
0.79704454
0.79704454
0.79704454
0.75924673
0.75924673
0.75924673
0.76298861
0.76977247
0.76977247
0.76977247
0.72147301
0.72147301
0.72147301
0.72147301
0.72147301
0.72147301
0.815915
0.815915
0.82234768
0.82234768
0.82234768
0.83077563
0.83077563
0.83077563
0.80198041
0.79220919
0.79220919
0.79220919
0.82298131
0.82298131
0.83253461
0.84457752
0.84457752
0.84457752
0.84990444
0.84990444
0.84990444
0.80658027
0.80658027
0.80658027
0.80383169
0.80383169
0.80383169
0.80383169
0.80383169
0.76942092
0.76942092
0.76942092
0.7764279
0.84648708
0.84648708
0.84804701
0.86390208
0.88106723
0.88106723
0.88106723
0.87543928
0.87492497
0.87492497
0.87492497
0.88210408
0.88334043
0.88334043
0.88334043
0.88334043
0.88334043
0.87530243
0.87530243
0.87530243
0.85786674
0.85786674
0.85786674
0.85786674
0.84449728
0.84449728
0.84449728
0.8506731
0.85072394
0.85072394
0.85072394
0.85072394
0.85072394
0.86626031
0.87162498
0.87162498
0.87162498
0.84738493
0.84578608
0.84578608
0.84578608
0.83082903
0.81531307
0.78630201
0.73798198
0.70948634
0.70948634
0.70948634
0.72952246
0.73928372
0.74022099
0.74022099
0.74022099
0.74622482
0.75810737
0.75810737
0.75810737
0.75810737
0.75810737
0.75810737
0.75810737
0.77075735
0.78033796
0.78033796
0.78033796
0.77819563
0.74808754
0.74783234
0.74783234
0.74783234
0.77522474
0.80323654
0.80323654
0.80323654
0.79537431
0.76131267
0.71997629
0.6883448
0.6883448
0.6883448
0.74447166
0.74447166
0.74447166
0.71396575
0.65365224
0.61952853
0.59815002
0.59815002
0.59815002
0.61118546
0.7207076
0.72903878
0.72903878
0.75892406
0.75892406
0.75892406
0.75892406
0.75892406
0.73817735
0.65923325
0.65923325
0.64802133
0.64802133
0.64802133
0.70553184
0.73635443
0.73635443
0.73635443
0.73635443
0.72121652
0.72121652
0.72121652
0.73726102
0.74364119
0.74364119
0.74364119
0.74146229
0.71049739
0.71049739
0.71049739
0.71049739
0.70673507
0.69453257
0.65567491
0.65495388
0.64148197
0.62463907
0.62463907
0.62463907
0.66122892
0.69184571
0.69184571
0.69184571
0.71125801
0.71125801
0.71125801
0.71125801
0.71125801
0.72210251
0.72829842
0.72829842
0.72829842
0.72829842
0.72829842
0.72829842
0.72829842
0.72829842
0.72829842
0.72829842
0.72938939
0.72938939
0.72938939
0.72489765
0.72489765
0.72489765
0.72489765
0.72489765
0.71096748
0.69589117
0.69589117
0.69589117
0.69589117
0.69589117
0.70393249
0.71148498
0.73286216
0.73286216
0.73286216
0.71298952
0.68742515
0.68742515
0.66309231
0.66309231
0.66309231
0.70682635
0.74163101
0.74163101
0.74163101
0.74163101
0.74163101
0.7895798
0.81355764
0.84035795
0.84118095
0.84118095
0.84118095
0.81639906
0.81639906
0.81639906
0.82891786
0.82891786
0.82891786
0.82865758
0.82865758
0.82865758
0.82865758
0.84076458
0.84135951
0.84135951
0.84135951
0.84135951
0.85849911
0.85849911
0.85849911
0.85849911
0.85849911
0.84685176
0.84685176
0.84685176
0.84685176
0.82324351
0.81643899
0.78159888
0.78159888
0.78159888
0.78159888
0.78159888
0.77720271
0.76949384
0.76033871
0.75188105
0.74510387
0.74510387
0.74510387
0.74510387
0.75483627
0.75483627
0.76972851
0.76972851
0.76972851
0.73196305
0.73139553
0.72061068
0.71427734
0.71427734
0.71427734
0.76236848
0.76236848
0.76446858
0.77827057
0.79147914
0.83319319
0.85740397
0.87988623
0.89448363
0.90713581
0.90950657
0.91040562
0.92109301
0.92109301
0.92109301
0.91199154
0.91199154
0.91199154
0.9122479
0.92063898
0.92747271
0.92747271
0.92747271
0.91981992
0.91370315
0.91370315
0.90942207
0.90942207
0.90509248
0.90107373
0.89617669
0.89513577
0.89311468
0.88523946
0.88388502
0.87846247
0.87721861
0.87721861
0.87721861
0.88221561
0.88221561
0.88221561
0.87633619
0.86939919
0.86700355
0.86466547
0.854915
0.854915
0.854915
0.86673018
0.87078097
0.87565745
0.87565745
0.87639012
0.87639012
0.87639012
0.87639012
0.87639012
0.87639012
0.87639012
0.87639012
0.87376297
0.8610072
0.85146973
0.84724789
0.84724789
0.84724789
0.84724789
0.84724789
0.84189766
0.84189766
0.84189766
0.84449507
0.85153739
0.85388326
0.85640166
0.8598685
0.8598685
0.8598685
0.84646321
0.84646321
0.8423299
0.83792887
0.83792887
0.83792887
0.84573801
0.84619984
0.85312495
0.85322408
0.85322408
0.85322408
0.87298601
0.87298601
0.87298601
0.86575083
0.86212798
0.8568544
0.8568544
0.84679802
0.84679802
0.84679802
0.85369521
0.85369521
0.85369521
0.85389158
0.85389158
0.85389158
0.85389158
0.84911184
0.83958554
0.83958554
0.83958554
0.84208801
0.8463631
0.8463631
0.8463631
0.85355331
0.85652839
0.85877891
0.85877891
0.85877891
0.84577839
0.8200279
0.81845179
0.81845179
0.81845179
0.82628143
0.8376479
0.86112072
0.86112072
0.86997617
0.88170067
0.89908929
0.89908929
0.89908929
0.88856749
0.87181246
0.85988897
0.85988897
0.85988897
0.8177194
0.80972552
0.80972552
0.80972552
0.82834844
0.82834844
0.83842883
0.83842883
0.83878436
0.84312865
0.84312865
0.84312865
0.84376285
0.84376285
0.84376285
0.83738277
0.83738277
0.82589155
0.82589155
0.82589155
0.8272886
0.8350164
0.8350164
0.8350164
0.8350164
0.8350164
0.8350164
0.82898094
0.82898094
0.82898094
0.83544432
0.83747105
0.83747105
0.85155666
0.85155666
0.85226305
0.85861279
0.85861279
0.86267863
0.86267863
0.86267863
0.86005336
0.86005336
0.85159498
0.84603081
0.84603081
0.84603081
0.85175546
0.85175546
0.85175546
0.85483268
0.85483268
0.85727191
0.8585591
0.8585591
0.8585591
0.85679409
0.85679409
0.85679409
0.85679409
0.85718643
0.86609718
0.87929279
0.88380796
0.88606076
0.88845864
0.88845864
0.89192167
0.89192167
0.89192167
0.87741174
0.87741174
0.87741174
0.87741174
0.87245297
0.85936025
0.85788188
0.85034983
0.84018536
0.83552733
0.83552733
0.83218766
0.83218766
0.80214269
0.77329417
0.60601114
0.40817567
0.34532726
0.34532726
0.34532726
0.34532726
0.44027425
0.49729569
0.58203395
0.71844645
0.79199304
0.82628143
0.82628143
0.82628143
0.8214299
0.8214299
0.81419872
0.81419872
0.79308976
0.75564738
0.73737378
0.71306585
0.67620598
0.66724716
0.66724716
0.66191728
0.66191728
0.66191728
0.68573622
0.73279678
0.7577213
0.76315448
0.76315448
0.76315448
0.76315448
0.78612812
0.79119016
0.79119016
0.79119016
0.79119016
0.80678179
0.83643821
0.83647874
0.85984456
0.86698367
0.86792669
0.86792669
0.86862795
0.86862795
0.86862795
0.86862795
0.87187725
0.87187725
0.87617974
0.87617974
0.87617974
0.87617974
0.87617974
0.87617974
0.85179741
0.83290898
0.83290898
0.83290898
0.83290898
0.83290898
0.83290898
0.83290898
0.83290898
0.85193263
0.85580067
0.85580067
0.86258025
0.86258025
0.86904568
0.86904568
0.86904568
0.86904568
0.86904568
0.86697765
0.83629706
0.82155496
0.82155496
0.82155496
0.82155496
0.82155496
0.82155496
0.81098515
0.81098515
0.81098515
0.81098515
0.81098515
0.81098515
0.82546789
0.82546789
0.82546789
0.82246208
0.82246208
0.78334194
0.78334194
0.78334194
0.78334194
0.7849904
0.80730613
0.82705813
0.82705813
0.83478293
0.84075322
0.84075322
0.84075322
0.83107767
0.77706727
0.74696001
0.73448177
0.73448177
0.73448177
0.73448177
0.73448177
0.73448177
0.80731354
0.83961522
0.83961522
0.83961522
0.8388324
0.8173376
0.79086727
0.77779338
0.77779338
0.77779338
0.80165213
0.80843496
0.80843496
0.80843496
0.80393833
0.80258575
0.80003464
0.80003464
0.80003464
0.80522574
0.80522574
0.80522574
0.80522574
0.84252555
0.84698591
0.84698591
0.84698591
0.82238067
0.79896981
0.79128049
0.79128049
0.75361326
0.75361326
0.75361326
0.75361326
0.75361326
0.75361326
0.77955577
0.77955577
0.77955577
0.77955577
0.77382778
0.77382778
0.77382778
0.77382778
0.77753424
0.77753424
0.77753424
0.77753424
0.77753424
0.77682195
0.77682195
0.77682195
0.78742305
0.79600352
0.79600352
0.79600352
0.79600352
0.79600352
0.79600352
0.79600352
0.79600352
0.79600352
0.7925563
0.78585192
0.78585192
0.78585192
0.78585192
0.78585192
0.79428696
0.79428696
0.79428696
0.79428696
0.80190806
0.80190806
0.80190806
0.8149686
0.83044789
0.83044789
0.83044789
0.83101717
0.83101717
0.83101717
0.80306628
0.77396713
0.77396713
0.77396713
0.77396713
0.76303333
0.76303333
0.76303333
0.76303333
0.76303333
0.7734912
0.7734912
0.7734912
0.7734912
0.7734912
0.7734912
0.79584226
0.82726999
0.82726999
0.82726999
0.82726999
0.82726999
0.82726999
0.83853591
0.83853591
0.83853591
0.836304
0.82241455
0.82241455
0.8201785
0.8201785
0.8201785
0.80826772
0.80826772
0.80826772
0.80826772
0.80826772
0.80826772
0.80826772
0.80826772
0.80826772
0.80826772
0.82662753
0.8446536
0.8446536
0.8446536
0.84405917
0.82753727
0.82753727
0.80930552
0.80930552
0.80930552
0.80930552
0.80930552
0.81611689
0.81611689
0.81611689
0.81940269
0.81940269
0.81940269
0.82074845
0.82775399
0.82775399
0.82775399
0.82775399
0.82775399
0.82775399
0.82775399
0.82259771
0.82259771
0.8175552
0.8175552
0.8175552
0.82420038
0.84940442
0.84940442
0.85056589
0.85310482
0.85456089
0.86109656
0.86398314
0.87120675
0.87120675
0.87120675
0.85683254
0.85683254
0.85081528
0.85081528
0.85081528
0.85067395
0.85067395
0.84370771
0.8288801
0.81062318
0.80674687
0.80287145
0.80287145
0.80287145
0.80287145
0.80688244
0.80688244
0.80688244
0.81199872
0.81199872
0.81966379
0.83032705
0.83351731
0.83351731
0.84569282
0.85079289
0.85079289
0.85079289
0.85079289
0.85408414
0.85408414
0.85408414
0.85408414
0.85408414
0.85408414
0.85408414
0.85408414
0.85408414
0.85242931
0.85242931
0.85242931
0.85242931
0.85242931
0.85791361
0.86588712
0.87921741
0.87921741
0.88783267
0.88783267
0.88783267
0.88355942
0.88355942
0.88355942
0.89127211
0.89127211
0.89127211
0.88679563
0.88171389
0.87403312
0.85529128
0.83322145
0.82442634
0.82442634
0.82363257
0.82363257
0.82363257
0.82363257
0.82363257
0.81952368
0.81952368
0.81889109
0.79960464
0.79960464
0.79960464
0.81093509
0.81093509
0.81093509
0.82138483
0.82138483
0.82138483
0.80015771
0.80015771
0.80015771
0.80015771
0.80015771
0.80015771
0.80015771
0.80015771
0.80015771
0.80134565
0.81368248
0.81368248
0.81368248
0.8269531
0.8269531
0.8269531
0.8269531
0.8269531
0.82819351
0.82819351
0.82819351
0.82702564
0.82702564
0.81587529
0.79848751
0.79848751
0.79670235
0.79670235
0.79670235
0.82379914
0.84412945
0.84412945
0.84412945
0.82604373
0.79183089
0.76558864
0.74480587
0.66851596
0.61538308
0.61538308
0.61538308
0.65547816
0.67619989
0.67619989
0.67619989
0.67619989
0.67619989
0.75412874
0.77767532
0.78150826
0.78150826
0.78150826
0.74932433
0.69723665
0.69352451
0.69352451
0.69352451
0.73296231
0.7658421
0.77825284
0.77825284
0.77825284
0.77825284
0.82664649
0.82664649
0.82950698
0.82950698
0.82950698
0.82950698
0.8186885
0.79926696
0.79093291
0.78004021
0.78004021
0.78004021
0.80352183
0.82643339
0.82643339
0.82643339
0.82643339
0.82643339
0.82643339
0.8466217
0.87667065
0.87667065
0.87667065
0.87667065
0.87667065
0.88018824
0.88172004
0.89051547
0.89051547
0.89051547
0.88513843
0.87394057
0.84647724
0.83188603
0.83188603
0.83188603
0.83188603
0.83133088
0.83133088
0.83133088
0.86048888
0.86048888
0.86048888
0.86048888
0.87561774
0.87561774
0.87561774
0.86245692
0.85424939
0.85241991
0.84219645
0.84219645
0.84219645
0.84219645
0.84219645
0.84219645
0.82874697
0.82874697
0.81153709
0.80180375
0.80108893
0.78640105
0.7794849
0.77752995
0.77752995
0.77752995
0.77274633
0.77274633
0.77274633
0.77274633
0.77274633
0.77274633
0.77274633
0.77274633
0.77274633
0.77274633
0.77979107
0.77979107
0.77979107
0.77979107
0.77979107
0.77979107
0.77226334
0.77226334
0.75836638
0.73798656
0.73255048
0.71150964
0.71150964
0.71150964
0.74149387
0.74149387
0.74149387
0.71713361
0.71713361
0.71713361
0.75257824
0.79132736
0.79132736
0.79132736
0.79132736
0.75641783
0.75641783
0.75641783
0.75641783
0.75641783
0.74182887
0.70562505
0.69649663
0.69649663
0.69649663
0.70182513
0.70182513
0.70182513
0.66404611
0.62240192
0.61103299
0.61103299
0.61103299
0.63997292
0.66913884
0.69513333
0.69513333
0.69513333
0.6810388
0.6810388
0.6810388
0.70210468
0.75519571
0.76611875
0.76611875
0.76611875
0.75031863
0.74922378
0.74922378
0.74922378
0.74922378
0.74922378
0.74825543
0.72729434
0.70377033
0.70377033
0.6554357
0.6213605
0.5921256
0.5921256
0.5921256
0.6147315
0.63056123
0.6760788
0.6760788
0.6760788
0.6760788
0.68886983
0.71850212
0.71850212
0.71850212
0.7630075
0.76913039
0.77613567
0.79152923
0.80593031
0.81386713
0.8255879
0.84364889
0.85613936
0.85613936
0.86024832
0.87420211
0.88122165
0.88122165
0.88122165
0.87409894
0.87409894
0.87409894
0.88197549
0.88197549
0.88981403
0.88981403
0.89105088
0.89105088
0.89105088
0.89105088
0.88442024
0.88367543
0.86527894
0.84774725
0.83988452
0.83988452
0.83988452
0.82930477
0.81749514
0.81381354
0.80514484
0.80459318
0.79829653
0.78934579
0.77954631
0.77954631
0.76369062
0.7342137
0.7342137
0.7342137
0.74286824
0.75503898
0.76675408
0.76675408
0.77887108
0.78214435
0.79391941
0.79503925
0.81542917
0.81866554
0.83176659
0.83549172
0.83549172
0.83549172
0.81649466
0.79657379
0.79275463
0.79275463
0.79275463
0.79275463
0.78286721
0.78249752
0.78249752
0.77926172
0.75610397
0.75610397
0.75610397
0.75668893
0.7574486
0.7574486
0.76938814
0.78992331
0.79745798
0.79745798
0.79745798
0.78954687
0.78954687
0.78954687
0.78954687
0.76849064
0.76626415
0.72588274
0.72588274
0.72588274
0.72588274
0.72588274
0.72588274
0.72588274
0.72588274
0.72588274
0.72148758
0.72148758
0.70742731
0.67772389
0.67772389
0.67772389
0.67772389
0.67772389
0.67772389
0.67772389
0.70824996
0.77203139
0.7890653
0.7890653
0.7890653
0.76820441
0.76820441
0.76820441
0.76820441
0.76820441
0.76455444
0.76220282
0.71411156
0.70676049
0.70676049
0.70676049
0.70676049
0.70676049
0.70676049
0.70676049
0.70676049
0.70676049
0.77933246
0.81120496
0.81120496
0.82618081
0.83516265
0.83516265
0.83516265
0.83169688
0.81851074
0.81006024
0.80646117
0.80646117
0.80027429
0.80027429
0.80027429
0.77284114
0.77284114
0.77284114
0.76136515
0.76136515
0.76136515
0.75616929
0.75616929
0.74537642
0.74537642
0.74537642
0.74537642
0.7426319
0.71533479
0.70873737
0.70873737
0.70873737
0.72003735
0.73939357
0.73939357
0.73939357
0.73939357
0.76028645
0.77032309
0.77843912
0.78953207
0.8003674
0.81985227
0.81985227
0.82594258
0.82594258
0.82594258
0.83216095
0.84968024
0.8499544
0.8499544
0.8499544
0.8499544
0.8499544
0.84994204
0.8381701
0.8381701
0.8381701
0.83914825
0.84109876
0.85189162
0.85265442
0.85740104
0.86488956
0.86488956
0.86629258
0.87148412
0.87148412
0.87669733
0.87875678
0.88125449
0.8856682
0.88907375
0.89168025
0.89168025
0.89168025
0.88425872
0.87891628
0.83518618
0.83518618
0.83518618
0.83518618
0.83518618
0.83518618
0.83518618
0.81505332
0.81505332
0.81505332
0.81505332
0.81505332
0.81297991
0.76877921
0.76773839
0.73466859
0.73466859
0.73466859
0.73466859
0.74671881
0.75594689
0.75594689
0.81195195
0.81195195
0.81195195
0.81195195
0.83505737
0.84631184
0.84631184
0.84631184
0.80226731
0.73962133
0.67188711
0.62238262
0.52015979
0.41447456
0.41447456
0.41447456
0.41447456
0.41447456
0.62426834
0.62426834
0.62426834
0.62426834
0.62426834
0.61927487
0.60798927
0.57140333
0.5026568
0.41920547
0.40809505
0.40538264
0.40538264
0.40538264
0.40538264
0.40538264
0.33039153
0.25546886
0.16828396
0.16828396
0.16828396
0.29080313
0.29080313
0.29080313
0.29080313
0.29080313
0.29080313
0.29080313
0.35614114
0.35614114
0.35614114
0.35614114
0.35614114
0.35614114
0.35614114
0.35614114
0.35614114
0.35614114
0.35614114
0.37827121
0.40966081
0.463141
0.46818481
0.55988142
0.59409402
0.59722031
0.65624934
0.69087405
0.69087405
0.69087405
0.69087405
0.64808902
0.58634657
0.5559172
0.5559172
0.5559172
0.508475
0.508475
0.40478058
0.40478058
0.40478058
0.42590929
0.48238885
0.48238885
0.56301188
0.56608947
0.56608947
0.56608947
0.56608947
0.56608947
0.56608947
0.62733414
0.62733414
0.62733414
0.62733414
0.62733414
0.62733414
0.62733414
0.66660807
0.70205465
0.71741108
0.71741108
0.71741108
0.71741108
0.71741108
0.73487761
0.75662623
0.75662623
0.76648639
0.76648639
0.76725738
0.77288773
0.77288773
0.79818891
0.8002331
0.81607147
0.81607147
0.81607147
0.81607147
0.81607147
0.81607147
0.8087257
0.8087257
0.80088338
0.79061248
0.77868256
0.75881673
0.74915745
0.72023701
0.72023701
0.72023701
0.73425234
0.73425234
0.73425234
0.73216571
0.72370568
0.70294367
0.66018466
0.66018466
0.66018466
0.66018466
0.73664158
0.73664158
0.73664158
0.72717927
0.70207361
0.69633912
0.69633912
0.69633912
0.64630379
0.6429704
0.6429704
0.6429704
0.6429704
0.6429704
0.67313911
0.67557055
0.67557055
0.67557055
0.67557055
0.67557055
0.67557055
0.67557055
0.63991722
0.63991722
0.63991722
0.68006084
0.68504594
0.68504594
0.68565302
0.68565302
0.68565302
0.66311862
0.66311862
0.66311862
0.69582456
0.69582456
0.69582456
0.67144491
0.59633867
0.59516528
0.59516528
0.59516528
0.72030974
0.72030974
0.73460223
0.75930921
0.7731487
0.77340188
0.77340188
0.77340188
0.77340188
0.77340188
0.77340188
0.76595275
0.76122842
0.74848855
0.73472401
0.71985407
0.71359088
0.70561587
0.70561587
0.70561587
0.70959383
0.70959383
0.70959383
0.73002321
0.75036027
0.75036027
0.75036027
0.75036027
0.76088803
0.76088803
0.76088803
0.7511253
0.72248248
0.72248248
0.72248248
0.7701035
0.82033233
0.85739583
0.85739583
0.85739583
0.85466715
0.83525548
0.83525548
0.83525548
0.82847341
0.82099624
0.77860752
0.77016027
0.76254079
0.76254079
0.76254079
0.76254079
0.76254079
0.76254079
0.76254079
0.7660334
0.7660334
0.7660334
0.76381622
0.69033571
0.6448992
0.6448992
0.6448992
0.66877735
0.66877735
0.66877735
0.68388283
0.71444502
0.73067725
0.73067725
0.73417513
0.73417513
0.73417513
0.74269927
0.76683148
0.76683148
0.77372256
0.77372256
0.77372256
0.75558335
0.75558335
0.75558335
0.75558335
0.75558335
0.73195356
0.64073268
0.5798221
0.53928828
0.53807079
0.53807079
0.53807079
0.5739316
0.5739316
0.5739316
0.5451413
0.5451413
0.5451413
0.56460773
0.5662174
0.61260304
0.64864729
0.64864729
0.72866581
0.783765
0.81928453
0.81928453
0.81928453
0.79080211
0.78469237
0.78469237
0.78469237
0.78469237
0.78469237
0.78469237
0.78469237
0.75997416
0.54506605
0.54506605
0.54506605
0.77598011
0.77598011
0.77598011
0.87887667
0.89513631
0.90675073
0.90675073
0.90675073
0.88888558
0.8535903
0.79762442
0.73554269
0.73296228
0.73296228
0.73296228
0.79004963
0.79004963
0.81515467
0.82236326
0.82236326
0.82236326
0.80512803
0.80107915
0.80107915
0.80107915
0.81588033
0.81588033
0.81588033
0.81925438
0.82352354
0.82760165
0.82760165
0.82760165
0.82760165
0.82760165
0.83341338
0.83827595
0.83827595
0.83827595
0.83827595
0.81572203
0.80352094
0.78586958
0.76470142
0.76470142
0.76470142
0.76132917
0.76132917
0.76132917
0.75181151
0.75181151
0.75181151
0.75181151
0.75039389
0.75039389
0.75039389
0.69262162
0.68117408
0.68117408
0.68117408
0.68712044
0.74235402
0.74642173
0.75099696
0.75099696
0.77274649
0.77274649
0.77274649
0.76770886
0.76283179
0.75541246
0.75541246
0.75541246
0.75541246
0.7409717
0.72025451
0.69197389
0.69197389
0.69197389
0.69197389
0.69197389
0.69197389
0.6948054
0.71393579
0.71393579
0.71393579
0.69355139
0.64907127
0.6410879
0.6410879
0.63705051
0.63705051
0.63705051
0.66613685
0.69308552
0.69308552
0.69308552
0.69308552
0.74554797
0.76776781
0.80032289
0.82598822
0.82633331
0.82633331
0.84262298
0.84262298
0.84262298
0.82861263
0.81372402
0.80826205
0.80781173
0.80781173
0.80781173
0.80781173
0.7972441
0.77938753
0.74699205
0.71936997
0.71936997
0.71936997
0.73628551
0.73628551
0.82378662
0.82378662
0.82839352
0.83424118
0.84795482
0.84795482
0.84795482
0.86536186
0.90578292
0.90614753
0.90614753
0.90614753
0.90614753
0.90614753
0.89376512
0.88271434
0.85206078
0.82139899
0.81825409
0.81825409
0.81825409
0.81976976
0.83809487
0.83809487
0.83809487
0.83809487
0.83951678
0.85648512
0.86824289
0.89719758
0.89719758
0.89719758
0.89601116
0.89601116
0.89601116
0.89601116
0.89601116
0.89601116
0.88490506
0.88490506
0.88490506
0.88490506
0.88490506
0.88490506
0.88490506
0.89408879
0.9009188
0.9009188
0.9024459
0.90907127
0.90907127
0.90907127
0.89695144
0.89602163
0.88904004
0.88092056
0.88092056
0.88092056
0.87968103
0.87968103
0.8774036
0.8774036
0.87077564
0.87077564
0.87077564
0.87077564
0.86015136
0.85538159
0.85392842
0.84485105
0.83547494
0.82109799
0.80103374
0.77997754
0.77191323
0.75990231
0.75428767
0.743672
0.73587523
0.73587523
0.73587523
0.74034552
0.74633786
0.75437394
0.78363332
0.78628182
0.80144323
0.81637102
0.82096659
0.82679908
0.83567015
0.84321882
0.84527215
0.84527215
0.84527215
0.8398344
0.8398344
0.8398344
0.8398344
0.8398344
0.8398344
0.8398344
0.8398344
0.84358047
0.84358047
0.85151562
0.86471953
0.87650544
0.88665439
0.88745308
0.89241857
0.90548107
0.90548107
0.90548107
0.90548107
0.90766965
0.90766965
0.90766965
0.90626796
0.90293381
0.89679102
0.89334452
0.88380134
0.87085415
0.84681429
0.83637427
0.81734438
0.80379138
0.78313128
0.73958705
0.70584889
0.67462368
0.65629066
0.64298484
0.64298484
0.64298484
0.70334412
0.73405606
0.7754829
0.78167502
0.78167502
0.78167502
0.73282488
0.65289361
0.59034825
0.49602269
0.41583802
0.41583802
0.41583802
0.45035019
0.49786046
0.51762577
0.54619541
0.54619541
0.57040903
0.66529104
0.7097224
0.74945567
0.79925901
0.8011029
0.80871085
0.83382383
0.83382383
0.83382383
0.83382383
0.83382383
0.81511092
0.79927689
0.79927689
0.79927689
0.81410078
0.81410078
0.81410078
0.79677635
0.78735536
0.78735536
0.78735536
0.8047836
0.81700241
0.81700241
0.81700241
0.81690296
0.81312096
0.79853681
0.79853681
0.79319898
0.78863016
0.78863016
0.78863016
0.79905954
0.80694416
0.80694416
0.80893523
0.80893523
0.81256713
0.81256713
0.81499447
0.81499447
0.81499447
0.81941108
0.82008618
0.82008618
0.82008618
0.81996961
0.81282885
0.8105478
0.80944203
0.80543088
0.80543088
0.80543088
0.80543088
0.80543088
0.80276888
0.79801216
0.79420549
0.79420549
0.79420549
0.80155606
0.81056919
0.81056919
0.81056919
0.81056919
0.79617482
0.78199592
0.78199592
0.78199592
0.78199592
0.79665397
0.81776318
0.84093096
0.85021171
0.87676641
0.88769629
0.88769629
0.89421745
0.91246683
0.91246683
0.91246683
0.90962898
0.90962898
0.90939163
0.89798447
0.89798447
0.89798447
0.89798447
0.8985249
0.8985249
0.8985249
0.8985249
0.8985249
0.89949501
0.91201765
0.91201765
0.9130986
0.9130986
0.9130986
0.90682037
0.90682037
0.90682037
0.90682037
0.90682037
0.90970231
0.91020719
0.91020719
0.91246585
0.91246585
0.91246585
0.91246585
0.91246585
0.91660462
0.91660462
0.91660462
0.90095703
0.90035674
0.90035674
0.89927046
0.88898355
0.88653337
0.87502556
0.85695334
0.85347814
0.85090473
0.84914515
0.84730901
0.82500849
0.82500849
0.80615336
0.7921462
0.7921462
0.7921462
0.76451873
0.76451873
0.76451873
0.76451873
0.76451873
0.76451873
0.76451873
0.76451873
0.72673379
0.71063999
0.69317889
0.69317889
0.69317889
0.69317889
0.69317889
0.69605878
0.69605878
0.72763772
0.75597903
0.75597903
0.75597903
0.75597903
0.75597903
0.7574433
0.7574433
0.7574433
0.73883012
0.73883012
0.73883012
0.77661769
0.7950401
0.80313318
0.80349356
0.80349356
0.80497757
0.80497757
0.80497757
0.79488151
0.79488151
0.79488151
0.80929391
0.80929391
0.80929391
0.80861045
0.80159551
0.79591493
0.79591493
0.79591493
0.8034572
0.8034572
0.8034572
0.78720478
0.78457293
0.78275385
0.78275385
0.78013335
0.78013335
0.78013335
0.73248099
0.72493105
0.72493105
0.72493105
0.73310399
0.73310399
0.73310399
0.73310399
0.76197999
0.76197999
0.77745488
0.77745488
0.77745488
0.76483036
0.76340173
0.76340173
0.76340173
0.76340173
0.76111219
0.74559033
0.74559033
0.74027622
0.74027622
0.74027622
0.73394696
0.73394696
0.71511391
0.71511391
0.70524324
0.70524324
0.70524324
0.70524324
0.70524324
0.68644249
0.67022748
0.65531383
0.63488237
0.63488237
0.63488237
0.67731972
0.67731972
0.67731972
0.67640629
0.63860536
0.63083665
0.63083665
0.62541183
0.61794781
0.61794781
0.61794781
0.61980975
0.6222685
0.6222685
0.63205502
0.63468088
0.64198802
0.66479969
0.66479969
0.66479969
0.68193255
0.68193255
0.68193255
0.68193255
0.68193255
0.69943154
0.71450769
0.73158532
0.75562757
0.75562757
0.75562757
0.75562757
0.75562757
0.75562757
0.75766374
0.75766374
0.76497592
0.76506793
0.76506793
0.76506793
0.76506793
0.77159281
0.78581003
0.79333732
0.80207645
0.81020558
0.81738402
0.81974226
0.81974226
0.81974226
0.81974226
0.83512493
0.83512493
0.85044685
0.86452763
0.86452763
0.86949883
0.86949883
0.86949883
0.86949883
0.86949883
0.86802217
0.86802217
0.86802217
0.86802217
0.87150692
0.87150692
0.87150692
0.87150692
0.87150692
0.87150692
0.87150692
0.87150692
0.87150692
0.87150692
0.86265582
0.86265582
0.84833066
0.8319834
0.8319834
0.8319834
0.82077643
0.81429057
0.80431354
0.77610025
0.74795144
0.70500438
0.69453462
0.66989176
0.66989176
0.66989176
0.66989176
0.60986603
0.60986603
0.60986603
0.61590168
0.7402919
0.76512337
0.77342904
0.78187635
0.78964868
0.78964868
0.7938071
0.7938071
0.7938071
0.7938071
0.7938071
0.7938071
0.78337525
0.78337525
0.78337525
0.79576552
0.79576552
0.79576552
0.78396529
0.78396529
0.78334752
0.78334752
0.78334752
0.82654773
0.82654773
0.82654773
0.82654773
0.82654773
0.82222032
0.81396872
0.80053904
0.79398906
0.79398906
0.79398906
0.79398906
0.78550434
0.76575864
0.76575864
0.76575864
0.76575864
0.76575864
0.75649839
0.726053
0.71346027
0.71346027
0.71346027
0.71814479
0.72612589
0.72612589
0.72612589
0.71912096
0.71912096
0.71912096
0.72516089
0.73399572
0.73399572
0.74813611
0.76319167
0.79987596
0.81903823
0.81903823
0.81903823
0.8150907
0.8150907
0.79449387
0.7833995
0.7833995
0.7833995
0.79998572
0.79998572
0.80211468
0.80412984
0.83018411
0.84718679
0.84718679
0.84718679
0.84718679
0.85201293
0.85201293
0.85201293
0.84434879
0.84434879
0.84434879
0.84434879
0.84434879
0.84434879
0.85598342
0.86723096
0.86893547
0.86893547
0.86893547
0.86893547
0.86893547
0.86816095
0.84147391
0.84147391
0.84147391
0.84147391
0.84098439
0.84098439
0.84098439
0.84098439
0.83147398
0.81797753
0.79130664
0.76925245
0.76925245
0.76925245
0.7974066
0.7974066
0.81911838
0.82710872
0.82710872
0.83524466
0.83524466
0.83524466
0.83524466
0.83524466
0.8274962
0.82029568
0.8106863
0.8049936
0.8049936
0.8049936
0.79694698
0.78848314
0.78848314
0.78848314
0.7866494
0.78514199
0.78514199
0.78514199
0.80138059
0.81584453
0.82391739
0.841139
0.841139
0.841139
0.83377598
0.83377598
0.83377598
0.83377598
0.84148062
0.85481151
0.85481151
0.85481151
0.85481151
0.85481151
0.85481151
0.83447935
0.83447935
0.83447935
0.83504065
0.83504065
0.83504065
0.82123699
0.80491402
0.78668583
0.78440727
0.73869806
0.73869806
0.73869806
0.75874112
0.76882145
0.76882145
0.76882145
0.76882145
0.74250703
0.7201697
0.7201697
0.7201697
0.75980324
0.76297
0.76297
0.76297
0.74084393
0.71749473
0.70682878
0.70682878
0.68168101
0.67634447
0.66893669
0.66893669
0.66893669
0.66893669
0.67960699
0.69875097
0.72554472
0.7528617
0.77768848
0.78467184
0.78467184
0.78467184
0.79006156
0.79006156
0.79288887
0.80774707
0.81624466
0.81624466
0.82255876
0.85180634
0.86054443
0.87499932
0.89055212
0.89055212
0.89055212
0.88524769
0.88524769
0.88524769
0.88524769
0.8740058
0.86162468
0.85070145
0.83367681
0.8176161
0.81263409
0.80577175
0.78753637
0.77608064
0.76970589
0.74858182
0.74370465
0.73197368
0.73197368
0.73197368
0.73197368
0.70891059
0.6235393
0.62221627
0.62221627
0.62221627
0.62221627
0.53058476
0.53058476
0.53058476
0.53058476
0.53058476
0.44484052
0.44484052
0.44484052
0.46772885
0.53035842
0.62015456
0.72837046
0.72837046
0.72837046
0.70092397
0.70092397
0.70092397
0.74438291
0.75635217
0.75635217
0.75635217
0.76147653
0.7632804
0.76937957
0.76937957
0.77397782
0.77587581
0.77587581
0.77587581
0.77587581
0.76962909
0.76654291
0.73965713
0.7338759
0.73284497
0.73284497
0.73284497
0.7710726
0.80821587
0.82079176
0.82079176
0.82079176
0.8057539
0.76192902
0.7208115
0.71194516
0.62212966
0.56798976
0.56798976
0.56798976
0.62975763
0.62975763
0.66595814
0.69835551
0.76375821
0.77732206
0.77732206
0.77732206
0.76036593
0.75801322
0.69925345
0.69112521
0.63915436
0.61277065
0.5634127
0.52580464
0.52580464
0.52580464
0.56801688
0.59682428
0.60611358
0.60611358
0.60611358
0.60550459
0.56651256
0.56651256
0.56651256
0.56651256
0.56651256
0.54644288
0.54644288
0.54644288
0.56514109
0.56771188
0.56771188
0.56771188
0.58285055
0.58285055
0.60672315
0.60672315
0.60672315
0.60672315
0.60682496
0.61913767
0.64209759
0.64910351
0.64910351
0.64910351
0.64910351
0.64910351
0.68922297
0.68922297
0.68922297
0.66636956
0.65380641
0.62261716
0.60536385
0.58364444
0.56929802
0.51254204
0.50993504
0.50993504
0.50993504
0.54468636
0.60627368
0.60999289
0.63166883
0.64087335
0.64087335
0.68322659
0.69820783
0.71145832
0.71145832
0.71145832
0.70126893
0.70126893
0.70126893
0.71888005
0.7425386
0.7425386
0.7425386
0.71589383
0.71589383
0.6971021
0.6971021
0.6971021
0.6971021
0.67186816
0.67186816
0.67186816
0.67186816
0.67186816
0.67186816
0.67155486
0.67155486
0.67155486
0.67155486
0.65348703
0.65348703
0.65348703
0.68911374
0.71520453
0.7587181
0.7587181
0.7587181
0.7587181
0.7587181
0.7587181
0.7587181
0.76295297
0.76295297
0.76295297
0.76295297
0.79417073
0.79417073
0.81284579
0.81284579
0.81284579
0.78574342
0.7855027
0.77936363
0.73225257
0.73225257
0.73225257
0.73225257
0.73225257
0.73225257
0.69686462
0.65977002
0.6473121
0.64137164
0.62517351
0.62092258
0.62092258
0.62092258
0.64456165
0.64456165
0.64456165
0.6789774
0.68748433
0.70387281
0.7343381
0.76355843
0.76711378
0.78705376
0.78705376
0.78705376
0.79054432
0.79786284
0.79786284
0.79786284
0.79786284
0.79786284
0.80081452
0.81271035
0.81281103
0.81281103
0.81281103
0.79520222
0.79520222
0.79520222
0.79520222
0.79520222
0.79520222
0.81224251
0.83486651
0.83486651
0.83486651
0.83486651
0.83486651
0.83486651
0.83486651
0.83486651
0.83429486
0.83429486
0.83429486
0.83429486
0.83289201
0.79275088
0.75570327
0.75570327
0.75087641
0.75087641
0.74418647
0.74418647
0.74418647
0.75205595
0.77271662
0.79310269
0.81782185
0.81782185
0.81782185
0.81782185
0.81756315
0.81728353
0.81728353
0.80303638
0.8010256
0.8010256
0.8010256
0.8010256
0.8010256
0.80542757
0.82742978
0.82783697
0.8439321
0.84522295
0.84522295
0.84522295
0.8383132
0.8197668
0.81713274
0.81557637
0.81557637
0.81557637
0.82892924
0.82892924
0.82892924
0.8484086
0.85708926
0.85708926
0.85708926
0.8476719
0.83732196
0.83646789
0.83646789
0.83152624
0.82302768
0.80141191
0.80141191
0.80141191
0.7967014
0.7967014
0.7967014
0.80676164
0.80676164
0.80676164
0.80676164
0.80676164
0.80676164
0.81798088
0.81798088
0.81798088
0.81798088
0.81798088
0.81466963
0.80480621
0.78506292
0.77951944
0.77951944
0.77951944
0.75843653
0.75481223
0.74320803
0.74320803
0.72827066
0.72827066
0.72827066
0.73496003
0.75036963
0.76410794
0.79119937
0.79119937
0.79119937
0.78750956
0.77056958
0.77056958
0.77056958
0.77048054
0.77048054
0.77048054
0.76268947
0.76268947
0.76268947
0.76268947
0.76549067
0.77527899
0.78266503
0.78266503
0.78266503
0.77375129
0.75107877
0.73876335
0.71164577
0.68445628
0.64881636
0.64881636
0.62943894
0.62943894
0.62943894
0.62943894
0.64301865
0.67405156
0.68710384
0.72020682
0.75868646
0.78783592
0.79023289
0.80224189
0.80224189
0.80224189
0.78495167
0.78389684
0.78389684
0.78389684
0.78389684
0.78869276
0.78869276
0.78869276
0.78824709
0.78824709
0.78824709
0.78824709
0.82631461
0.85825899
0.85825899
0.85825899
0.85359109
0.84366961
0.84323784
0.83854087
0.79042768
0.79042768
0.79042768
0.78534881
0.78210628
0.7030113
0.7030113
0.7030113
0.7030113
0.7030113
0.7030113
0.7030113
0.7030113
0.70048684
0.70048684
0.70048684
0.81819738
0.82273983
0.8240104
0.8240104
0.8240104
0.8240104
0.81404852
0.81404852
0.8039593
0.8039593
0.8039593
0.81278896
0.81278896
0.81278896
0.80491635
0.80491635
0.80491635
0.80614693
0.80614693
0.81839791
0.81839791
0.82480887
0.82480887
0.82788567
0.82788567
0.82788567
0.82633811
0.82633811
0.82633811
0.82633811
0.82633811
0.82867089
0.82886093
0.82886093
0.82886093
0.82886093
0.8382194
0.8382194
0.84362858
0.84362858
0.84362858
0.84362858
0.83673375
0.83673375
0.83673375
0.83673375
0.83673375
0.84574152
0.84574152
0.84574152
0.82843824
0.82045099
0.82045099
0.82045099
0.82448914
0.82448914
0.82934215
0.85761905
0.8607245
0.86816256
0.87272899
0.87272899
0.87272899
0.87272899
0.86665798
0.86665798
0.86665798
0.85989162
0.85989162
0.85437009
0.85189017
0.85189017
0.85189017
0.85785309
0.96478441
0.96478441
0.96478441
0.95346884
0.83228998
0.83228998
0.83228998
0.83228998
0.83228998
0.86182124
0.86743191
0.88055421
0.88055421
0.88055421
0.86962452
0.85695946
0.85695946
0.85695946
0.85695946
0.85695946
0.85695946
0.85695946
0.86626498
0.88366978
0.88366978
0.88366978
0.88366978
0.8974958
0.8974958
0.8974958
0.88783826
0.88783826
0.88783826
0.89490713
0.89490713
0.89490713
0.89275296
0.89275296
0.89275296
0.88690445
0.88690445
0.88690445
0.87993976
0.87574984
0.87051108
0.86689129
0.86689129
0.86689129
0.86689129
0.86689129
0.86689129
0.86124694
0.86124694
0.85129332
0.84966495
0.84966495
0.84966495
0.8519783
0.8519783
0.8519783
0.79116426
0.79116426
0.7319001
0.7319001
0.7319001
0.79821749
0.81119584
0.82330742
0.83093005
0.83093005
0.83093005
0.81661985
0.79691327
0.71985984
0.66673569
0.63474302
0.60452088
0.60452088
0.60452088
0.67092539
0.67092539
0.67092539
0.62210279
0.62210279
0.62210279
0.62210279
0.62975157
0.62975157
0.63586696
0.6401387
0.66940568
0.67807712
0.67807712
0.72908108
0.72908108
0.80387786
0.83623562
0.86265179
0.86265179
0.86543179
0.86543179
0.86543179
0.84801837
0.84801837
0.84801837
0.84801837
0.84801837
0.83003243
0.81519516
0.80382841
0.79428901
0.79044506
0.79019043
0.79019043
0.79019043
0.812811
0.812811
0.812811
0.812811
0.82210362
0.84928229
0.84928229
0.84928229
0.84412727
0.83485182
0.83485182
0.83485182
0.83485182
0.83485182
0.79428425
0.78654358
0.78654358
0.78654358
0.78654358
0.78396948
0.78396948
0.78396948
0.78396948
0.78396948
0.77785927
0.77036236
0.77036236
0.77036236
0.80322237
0.80395873
0.80395873
0.80395873
0.77345995
0.74948563
0.73671394
0.73671394
0.72871851
0.72871851
0.72871851
0.72398318
0.69939044
0.69939044
0.69939044
0.69939044
0.74256589
0.74256589
0.74256589
0.71989066
0.67559379
0.67559379
0.67559379
0.67559379
0.71537624
0.75046278
0.75046278
0.75046278
0.82202253
0.82202253
0.82202253
0.82202253
0.82302632
0.82302632
0.82302632
0.82302632
0.80802177
0.80802177
0.80802177
0.82863686
0.84496094
0.84496094
0.88759243
0.88962667
0.88962667
0.9112665
0.9268457
0.9268457
0.9268457
0.91673012
0.89185209
0.88322887
0.87136821
0.87136821
0.86898474
0.86898474
0.86898474
0.86898474
0.86898474
0.86898474
0.86898474
0.86898474
0.86898474
0.86898474
0.87595754
0.87595754
0.88131732
0.88131732
0.88131732
0.85999839
0.85826978
0.85826978
0.85826978
0.85826978
0.85826978
0.85826978
0.85826978
0.85826978
0.85826978
0.85596996
0.83142143
0.82943639
0.8110411
0.8110411
0.8110411
0.8202655
0.8202655
0.83312948
0.84350112
0.84350112
0.84350112
0.84350112
0.84363406
0.85848416
0.86125098
0.86301249
0.86301249
0.86301249
0.86301249
0.87087645
0.8778806
0.8778806
0.8778806
0.87558343
0.87558343
0.85000774
0.83315396
0.83315396
0.83315396
0.83315396
0.8650046
0.8650046
0.8650046
0.8650046
0.8650046
0.87369894
0.87369894
0.87369894
0.86655046
0.86655046
0.86655046
0.86655046
0.86655046
0.86655046
0.86655046
0.86655046
0.8630164
0.8630164
0.8630164
0.87423148
0.87423148
0.87423148
0.87143277
0.87143277
0.87143277
0.8644002
0.85102112
0.84991715
0.84991715
0.84991715
0.86277621
0.86277621
0.86277621
0.85612993
0.81809938
0.81809938
0.81809938
0.81809938
0.72290555
0.72290555
0.72290555
0.78326271
0.78326271
0.78326271
0.72763952
0.72763952
0.72763952
0.74807603
0.74807603
0.74807603
0.74807603
0.75371678
0.75371678
0.75371678
0.75371678
0.78727947
0.81278596
0.81278596
0.81278596
0.81278596
0.8351653
0.8351653
0.8351653
0.80989995
0.80640292
0.80640292
0.79845742
0.79845742
0.79845742
0.79845742
0.79845742
0.80660352
0.80660352
0.80660352
0.80660352
0.80660352
0.81777293
0.81777293
0.81777293
0.81777293
0.81777293
0.83019231
0.84868897
0.84868897
0.85954104
0.85954104
0.85954104
0.85954104
0.88130984
0.89368021
0.89368021
0.89368021
0.89163294
0.88112312
0.88112312
0.87915612
0.87639675
0.87639675
0.87014375
0.85352161
0.85352161
0.85352161
0.87800988
0.87800988
0.87800988
0.88763015
0.88763015
0.89241469
0.89459497
0.89459497
0.90364995
0.90364995
0.90364995
0.89142959
0.87694301
0.87542954
0.87542954
0.87542954
0.86981629
0.86462506
0.86462506
0.86462506
0.87486107
0.87664185
0.8826235
0.89274577
0.89274577
0.89274577
0.89274577
0.89274577
0.89056546
0.89056546
0.89056546
0.89056546
0.89056546
0.87583011
0.87583011
0.87583011
0.88706761
0.88706761
0.88706761
0.87887812
0.87578813
0.86499501
0.86499501
0.86283677
0.86283677
0.86283677
0.86283677
0.86283677
0.84722824
0.84722824
0.84722824
0.85531986
0.85603988
0.86871087
0.86871087
0.86871087
0.85654539
0.84397969
0.84397969
0.84397969
0.84397969
0.84028998
0.82928134
0.82018387
0.81627207
0.81316455
0.79332057
0.78022987
0.78022987
0.78022987
0.78022987
0.77736483
0.76242746
0.76242746
0.76242746
0.78233363
0.78233363
0.78233363
0.78233363
0.79645204
0.79943854
0.80140258
0.80467459
0.80467459
0.80467459
0.80078317
0.7960708
0.7960708
0.79048348
0.76340205
0.73381439
0.73085836
0.73085836
0.73085836
0.75052819
0.76297218
0.76297218
0.76297218
0.76297218
0.75684932
0.73201749
0.72294686
0.72294686
0.72294686
0.72294686
0.72701296
0.74239547
0.74239547
0.74239547
0.72949644
0.72441769
0.72441769
0.72441769
0.73557316
0.73747373
0.73747373
0.73747373
0.72885423
0.70730518
0.70730518
0.70730518
0.71482316
0.71482316
0.71482316
0.723801
0.72783363
0.72783363
0.72783363
0.70910211
0.69440767
0.69440767
0.69440767
0.69440767
0.69386573
0.69386573
0.69386573
0.69386573
0.68316631
0.68316631
0.68316631
0.68345148
0.70883489
0.70883489
0.71586232
0.721678
0.721678
0.721678
0.721678
0.73239807
0.73239807
0.73239807
0.72832232
0.71747461
0.71747461
0.71747461
0.72304225
0.72304225
0.7346836
0.7346836
0.7346836
0.72296771
0.72296771
0.72296771
0.72296771
0.72296771
0.72296771
0.72296771
0.72296771
0.72296771
0.72296771
0.72296771
0.72296771
0.74015091
0.74015091
0.74015091
0.74326206
0.74326206
0.74555416
0.77594756
0.7900291
0.7900291
0.81587286
0.82954922
0.82954922
0.83103193
0.83509591
0.83509591
0.83509591
0.80726661
0.80726661
0.79795513
0.78645186
0.72425431
0.72425431
0.72425431
0.74258503
0.74258503
0.74258503
0.73350403
0.72931429
0.72931429
0.72931429
0.74880327
0.78987461
0.79961874
0.79961874
0.79961874
0.79961874
0.79961874
0.79961874
0.79961874
0.79961874
0.76506534
0.76381454
0.76381454
0.76381454
0.77989323
0.77989323
0.77989323
0.80233096
0.82096095
0.84900009
0.84900009
0.84900009
0.84556075
0.84556075
0.84556075
0.84163164
0.84163164
0.84163164
0.84116036
0.84116036
0.84116036
0.86730934
0.88689966
0.88689966
0.88689966
0.87408929
0.87033467
0.87033467
0.86334206
0.86208461
0.86208461
0.86208461
0.85457745
0.84549209
0.84549209
0.84549209
0.84196002
0.83468585
0.82837459
0.80933135
0.80005965
0.7984456
0.7984456
0.7984456
0.78426417
0.78426417
0.78426417
0.78651094
0.78651094
0.78651094
0.78539079
0.78539079
0.7650378
0.7650378
0.7650378
0.7591974
0.7591974
0.7591974
0.7591974
0.74344614
0.71787537
0.71267137
0.71267137
0.71267137
0.72374716
0.74070354
0.74070354
0.74070354
0.71433844
0.70795089
0.70795089
0.70795089
0.70795089
0.70748692
0.70748692
0.70748692
0.70699273
0.70110391
0.69325307
0.69325307
0.69325307
0.69325307
0.69325307
0.69325307
0.69325307
0.69325307
0.6639209
0.62733483
0.62733483
0.62733483
0.63979111
0.63979111
0.65663458
0.67024186
0.67024186
0.68219201
0.69222414
0.69222414
0.70063357
0.70063357
0.71602024
0.72842855
0.72842855
0.73823567
0.75150912
0.75229162
0.75229162
0.75229162
0.76355256
0.77551864
0.78343439
0.78703007
0.78703007
0.79297933
0.79297933
0.79297933
0.80991979
0.81320479
0.82908291
0.83340146
0.83340146
0.83340146
0.83055352
0.82864452
0.81047655
0.80971281
0.77700839
0.74938069
0.74938069
0.74938069
0.71319492
0.68024122
0.68024122
0.68024122
0.68024122
0.72214354
0.75084609
0.75084609
0.75084609
0.75084609
0.75560306
0.75560306
0.75560306
0.78255723
0.79466019
0.80320758
0.81012666
0.82748952
0.82748952
0.82863742
0.82863742
0.82863742
0.81569194
0.81569194
0.81569194
0.81569194
0.81391677
0.81294001
0.81294001
0.81294001
0.81294001
0.81975336
0.81975336
0.81975336
0.81129031
0.81129031
0.81129031
0.8151823
0.8151823
0.8151823
0.79610118
0.77668421
0.77668421
0.77668421
0.77668421
0.77778569
0.82915019
0.82915019
0.82915019
0.82915019
0.82888045
0.82888045
0.82888045
0.80084799
0.80084799
0.7703446
0.7703446
0.7703446
0.7703446
0.7703446
0.76607645
0.69920387
0.69831157
0.69336883
0.67911615
0.67911615
0.67911615
0.65103408
0.62371454
0.5710085
0.5710085
0.5710085
0.59149629
0.59149629
0.59149629
0.59149629
0.59149629
0.59408026
0.85549971
0.85549971
0.85549971
0.66465864
0.63421521
0.61741395
0.60151589
0.60151589
0.60151589
0.62469213
0.6853552
0.6853552
0.6853552
0.65580284
0.64157609
0.61827452
0.61827452
0.61827452
0.63355348
0.63677793
0.63746969
0.63746969
0.63746969
0.68701518
0.68701518
0.68701518
0.68701518
0.68701518
0.68768322
0.70503163
0.70503163
0.73269474
0.73827497
0.74447728
0.76577662
0.77413572
0.80016263
0.80633025
0.80633025
0.84228013
0.85900797
0.87519348
0.87519348
0.87519348
0.87516834
0.87516834
0.86945729
0.86249525
0.82379624
0.81913866
0.81913866
0.81913866
0.81141455
0.80061944
0.79258891
0.79159846
0.78358417
0.77284016
0.77284016
0.77284016
0.77284016
0.7392376
0.73713674
0.71832174
0.71832174
0.71832174
0.72096731
0.74952916
0.74952916
0.74952916
0.72266549
0.69657322
0.69657322
0.69657322
0.69349452
0.6928759
0.69079611
0.67810264
0.67342121
0.67342121
0.67342121
0.69760083
0.69798642
0.69798642
0.71039596
0.71039596
0.71039596
0.71039596
0.71039596
0.71039596
0.71039596
0.70603994
0.70603994
0.69502505
0.66303169
0.64552504
0.60774577
0.58753933
0.58753933
0.58753933
0.66879939
0.71592622
0.77203678
0.77203678
0.77203678
0.77203678
0.77353287
0.77353287
0.77353287
0.77353287
0.77353287
0.76839148
0.75800208
0.75800208
0.75800208
0.76877202
0.76877202
0.77458988
0.77458988
0.77458988
0.74961946
0.74961946
0.74961946
0.7336594
0.7336594
0.7336594
0.7336594
0.7336594
0.77778241
0.79197203
0.8444389
0.8444389
0.8444389
0.81192697
0.81192697
0.81192697
0.83350037
0.83350037
0.83350037
0.83350037
0.83350037
0.83350037
0.81797337
0.79187974
0.78802671
0.78372179
0.71446804
0.71446804
0.71446804
0.71446804
0.72567044
0.72567044
0.72567044
0.72567044
0.70468528
0.70468528
0.70468528
0.70468528
0.77591993
0.81939969
0.83004397
0.83004397
0.83004397
0.83004397
0.83004397
0.83004397
0.83004397
0.82330461
0.79110888
0.79110888
0.79110888
0.79110888
0.79110888
0.79110888
0.79110888
0.79110888
0.82481742
0.82481742
0.8334888
0.8334888
0.8334888
0.82593448
0.82593448
0.82593448
0.82593448
0.82593448
0.82593448
0.81920988
0.81202058
0.81202058
0.75196625
0.75196625
0.75196625
0.75347792
0.75347792
0.76358146
0.76358146
0.76358146
0.76797785
0.76797785
0.76797785
0.75425679
0.75254481
0.75254481
0.75254481
0.78077824
0.80223574
0.80223574
0.80223574
0.78276764
0.74364667
0.74364667
0.74364667
0.80996965
0.80996965
0.80996965
0.80996965
0.81004239
0.81004239
0.81004239
0.79980858
0.7621956
0.7621956
0.7621956
0.79100826
0.79100826
0.79100826
0.78955847
0.78955847
0.78955847
0.78955847
0.78938011
0.78938011
0.78938011
0.78938011
0.78938011
0.78938011
0.78938011
0.78938011
0.78938011
0.78399989
0.78399989
0.78399989
0.75732534
0.74938221
0.72984447
0.71615795
0.71615795
0.69028874
0.67123677
0.61989756
0.59647424
0.59443598
0.54589274
0.54589274
0.54589274
0.5995606
0.5995606
0.6015914
0.66740133
0.72192938
0.79297845
0.79297845
0.79297845
0.78085918
0.78085918
0.78085918
0.78085918
0.78085918
0.78085918
0.78600382
0.78600382
0.78600382
0.78600382
0.78600382
0.76268143
0.76268143
0.74335262
0.73487203
0.70720573
0.70720573
0.70720573
0.70720573
0.70720573
0.6284112
0.62690057
0.62690057
0.62690057
0.62690057
0.67107272
0.67107272
0.73496284
0.76833237
0.79108128
0.81108308
0.84576142
0.86753905
0.87521149
0.88795512
0.89952153
0.90128197
0.92712522
0.93070391
0.93984782
0.93984782
0.93984782
0.93984782
0.93984782
0.93866754
0.93663672
0.93274489
0.93274489
0.93197845
0.92912471
0.91804239
0.9119863
0.9119863
0.9119863
0.9093266
0.9093266
0.9093266
0.9093266
0.91439806
0.91516192
0.91842933
0.91842933
0.91842933
0.91781349
0.90817563
0.90668446
0.9032103
0.90126768
0.90126768
0.90126768
0.89965852
0.89965852
0.8938547
0.8938547
0.8938547
0.8938547
0.8938547
0.87891313
0.87195074
0.86874288
0.85072416
0.85072416
0.83888905
0.83888905
0.83888905
0.83888905
0.83888905
0.80303259
0.79840778
0.79840778
0.79840778
0.79840778
0.82875848
0.84796967
0.8570134
0.8570134
0.8570134
0.8570134
0.86362732
0.86362732
0.88131183
0.88131183
0.88131183
0.88131183
0.88730852
0.89519437
0.89519437
0.89519437
0.88508746
0.87649777
0.87534709
0.87534709
0.87534709
0.87534709
0.87534709
0.87534709
0.87534709
0.87534709
0.87534709
0.88089653
0.88089653
0.88089653
0.88089653
0.88489651
0.88489651
0.88489651
0.88489651
0.88819275
0.89691169
0.89691169
0.89757942
0.89757942
0.89757942
0.89757942
0.89757942
0.89757942
0.8864003
0.88338386
0.87443959
0.87443959
0.87406258
0.86893907
0.86893907
0.86448076
0.85844959
0.85844959
0.85844959
0.8636933
0.8636933
0.86518873
0.86518873
0.86518873
0.8732309
0.879465
0.879465
0.879465
0.879465
0.879465
0.879465
0.879465
0.879465
0.879465
0.879465
0.879465
0.86895033
0.86667192
0.8627559
0.8627559
0.86265626
0.86265626
0.86265626
0.85860332
0.85860332
0.85860332
0.86084303
0.86260804
0.86260804
0.86260804
0.86613087
0.86613087
0.87734503
0.87734503
0.87734503
0.87734503
0.87775194
0.8777737
0.8777737
0.88106657
0.88106657
0.88106657
0.88411808
0.88411808
0.88411808
0.88411808
0.88685881
0.88831106
0.88831106
0.88831106
0.88831106
0.88831106
0.89180291
0.89180291
0.89180291
0.8894712
0.8894712
0.87609846
0.87609846
0.86996144
0.86764743
0.8621453
0.84896751
0.83474256
0.83080947
0.83080947
0.83080947
0.83080947
0.83080947
0.83080947
0.82837049
0.82837049
0.82837049
0.82703189
0.82639469
0.82639469
0.81912405
0.81746767
0.81746767
0.81746767
0.81516302
0.81516302
0.81516302
0.81516302
0.81516302
0.81516302
0.81516302
0.81516302
0.81516302
0.81516302
0.82070114
0.82528735
0.82528735
0.82528735
0.82528735
0.82423129
0.81600028
0.81588128
0.80024773
0.80024773
0.80024773
0.80024773
0.79332291
0.79332291
0.79332291
0.79332291
0.79332291
0.79332291
0.80129846
0.80129846
0.80129846
0.80129846
0.80129846
0.80129846
0.80760287
0.8086765
0.82054082
0.82648231
0.83423478
0.83973372
0.84059031
0.84117278
0.84887573
0.84969958
0.85078888
0.85887697
0.86423465
0.86423465
0.86883564
0.87052943
0.87372657
0.87702016
0.88171316
0.88171316
0.88171316
0.88171316
0.88171316
0.88171316
0.88171316
0.88171316
0.88171316
0.88608202
0.88737337
0.88737337
0.88773001
0.88773001
0.88773001
0.88773001
0.88618131
0.88618131
0.88272793
0.88272793
0.87615388
0.87410254
0.8663813
0.85302114
0.85302114
0.84192122
0.82544102
0.82544102
0.81546762
0.80196256
0.80196256
0.80196256
