0.58305774
0.70091597
0.64679681
0.6531612
0.6531612
0.6531612
0.75934244
0.75934244
0.75934244
0.75350544
0.75350544
0.75350544
0.75350544
0.75350544
0.75350544
0.75350544
0.8017244
0.8017244
0.8017244
0.77717503
0.77717503
0.77717503
0.77717503
0.77717503
0.77717503
0.77717503
0.77717503
0.77717503
0.77717503
0.77717503
0.77717503
0.77717503
0.77717503
0.78069443
0.78461346
0.78461346
0.78461346
0.78461346
0.78158971
0.77503134
0.71961012
0.71961012
0.71961012
0.71961012
0.70070861
0.69827542
0.69827542
0.69827542
0.7569294
0.7569294
0.76874511
0.76874511
0.76874511
0.76874511
0.78042619
0.78042619
0.78042619
0.78042619
0.75468107
0.74939806
0.74939806
0.74939806
0.74939806
0.74939806
0.74939806
0.74322628
0.73627823
0.73082044
0.71366346
0.71047222
0.71047222
0.71047222
0.60099514
0.60099514
0.60099514
0.60099514
0.60099514
0.72875706
0.72875706
0.72875706
0.65346726
0.61024319
0.61024319
0.58472702
0.58472702
0.57350761
0.57350761
0.57350761
0.57350761
0.57350761
0.57350761
0.57350761
0.65757704
0.67033243
0.67033243
0.70922364
0.70922364
0.70922364
0.70922364
0.59652828
0.57194037
0.45496795
0.45496795
0.45496795
0.45496795
0.45496795
0.45496795
0.45496795
0.45496795
0.48480039
0.55638255
0.55638255
0.55638255
0.55638255
0.55638255
0.64167988
0.67364602
0.67364602
0.67364602
0.67364602
0.61703406
0.61703406
0.61467518
0.61467518
0.61467518
0.65421176
0.70750034
0.70750034
0.70750034
0.66664472
0.61153332
0.61153332
0.57527992
0.51867475
0.51867475
0.48273011
0.48273011
0.48273011
0.48273011
0.48273011
0.48273011
0.48273011
0.48273011
0.51004127
0.51004127
0.51004127
0.51004127
0.51004127
0.51004127
0.51004127
0.56030189
0.56030189
0.56030189
0.56030189
0.56030189
0.56030189
0.53795936
0.50943224
0.50202637
0.50202637
0.48682464
0.48682464
0.48682464
0.5155776
0.57755768
0.60816873
0.60816873
0.60816873
0.60816873
0.61716584
0.61716584
0.61716584
0.61716584
0.61716584
0.61716584
0.61716584
0.61716584
0.61716584
0.57951932
0.5458808
0.5458808
0.5458808
0.5458808
0.5458808
0.5458808
0.5458808
0.60633004
0.60633004
0.60633004
0.58013472
0.58013472
0.58013472
0.58013472
0.58013472
0.60757848
0.60757848
0.60757848
0.60757848
0.60757848
0.60757848
0.60757848
0.60757848
0.60757848
0.60757848
0.60757848
0.60574397
0.60574397
0.60574397
0.62523147
0.69586874
0.70107027
0.70107027
0.70107027
0.66561332
0.66561332
0.64447536
0.61141347
0.61141347
0.58544417
0.58544417
0.58544417
0.61542839
0.61542839
0.61542839
0.61542839
0.61542839
0.61542839
0.60972711
0.60972711
0.60972711
0.60972711
0.60972711
0.60972711
0.60972711
0.60972711
0.60972711
0.5900063
0.5900063
0.5900063
0.5900063
0.5900063
0.5900063
0.56172293
0.5002121
0.5002121
0.5002121
0.51483766
0.51483766
0.51483766
0.51483766
0.51483766
0.51483766
0.51483766
0.51483766
0.51483766
0.59529319
0.59529319
0.59529319
0.59529319
0.55897844
0.52333008
0.49315444
0.49315444
0.48157474
0.48157474
0.48157474
0.55748092
0.55748092
0.55748092
0.45256525
0.45256525
0.28245589
0.28112764
0.24608168
0.24608168
0.24608168
0.24608168
0.24608168
0.27097594
0.27097594
0.27097594
0.27097594
0.24643469
0.24643469
0.24643469
0.26060813
0.32473234
0.32473234
0.32473234
0.32473234
0.32473234
0.32473234
0.33555787
0.33555787
0.33555787
0.33555787
0.30803043
0.30803043
0.30803043
0.30803043
0.30803043
0.37600869
0.37600869
0.47582334
0.63757591
0.63757591
0.63757591
0.62943836
0.62943836
0.62943836
0.66498607
0.66498607
0.77338316
0.77338316
0.77338316
0.77338316
0.77338316
0.77338316
0.75937634
0.75937634
0.75937634
0.7369034
0.72922167
0.686638
0.64626763
0.64626763
0.64626763
0.65653788
0.65653788
0.65653788
0.65493504
0.65493504
0.65493504
0.65493504
0.65493504
0.58620272
0.58620272
0.58620272
0.58620272
0.58620272
0.58620272
0.58003328
0.54372764
0.54372764
0.54372764
0.54432009
0.54432009
0.54432009
0.54432009
0.54432009
0.54432009
0.53750569
0.53750569
0.52782031
0.52782031
0.52782031
0.52782031
0.51239754
0.51239754
0.51239754
0.51239754
0.51239754
0.56316374
0.56316374
0.57173445
0.57173445
0.57173445
0.57173445
0.57173445
0.57173445
0.56786516
0.56786516
0.56786516
0.58311688
0.58311688
0.58311688
0.58311688
0.58311688
0.57716836
0.56034859
0.56034859
0.56034859
0.56818829
0.56818829
0.56818829
0.55927652
0.55927652
0.55927652
0.55927652
0.55927652
0.51409107
0.51409107
0.51409107
0.51409107
0.51586756
0.51586756
0.51586756
0.51586756
0.51586756
0.51926904
0.51926904
0.51926904
0.51926904
0.5516625
0.5516625
0.5516625
0.53622318
0.53622318
0.53622318
0.53304146
0.49388223
0.493346
0.46340421
0.46340421
0.46340421
0.52051292
0.53873113
0.53873113
0.53873113
0.48338908
0.48338908
0.48338908
0.4054206
0.4054206
0.4054206
0.45616648
0.45616648
0.47785853
0.47785853
0.47785853
0.49560077
0.49560077
0.50087859
0.50087859
0.50087859
0.55470597
0.55470597
0.55470597
0.55470597
0.55470597
0.55470597
0.55470597
0.54613956
0.54613956
0.50756194
0.50756194
0.50756194
0.50756194
0.50756194
0.50756194
0.452521
0.40224098
0.40224098
0.40224098
0.44729126
0.44729126
0.44729126
0.44729126
0.44729126
0.44729126
0.44729126
0.44672204
0.44043826
0.44043826
0.44043826
0.44043826
0.44346001
0.44346001
0.51934497
0.54321097
0.54321097
0.54321097
0.54321097
0.54321097
0.54321097
0.54321097
0.54321097
0.53405628
0.53405628
0.53405628
0.53405628
0.56713908
0.56713908
0.56713908
0.56713908
0.56713908
0.56713908
0.54849242
0.54849242
0.54849242
0.54849242
0.58792115
0.58792115
0.58792115
0.55050042
0.55050042
0.55050042
0.4842252
0.4842252
0.4842252
0.45730581
0.39745867
0.39745867
0.39745867
0.39745867
0.39745867
0.39745867
0.31476073
0.31476073
0.31476073
0.4477569
0.4477569
0.4477569
0.49100431
0.50822041
0.50822041
0.52472223
0.52472223
0.52472223
0.52472223
0.51041998
0.51041998
0.50283618
0.47293166
0.45973577
0.45973577
0.45973577
0.45973577
0.45973577
0.45973577
0.45973577
0.45973577
0.48146343
0.52226792
0.53810252
0.53907754
0.53907754
0.53907754
0.54328094
0.54328094
0.54328094
0.5322251
0.5322251
0.5322251
0.53487516
0.53487516
0.53487516
0.53487516
0.53487516
0.53487516
0.53487516
0.53487516
0.53487516
0.53487516
0.56116595
0.56116595
0.61132947
0.61132947
0.62288976
0.62288976
0.63564924
0.64622201
0.64622201
0.66324511
0.66324511
0.66324511
0.66324511
0.66324511
0.66324511
0.55796501
0.54673186
0.54673186
0.54673186
0.54673186
0.54673186
0.54673186
0.5493456
0.5493456
0.5493456
0.5493456
0.5493456
0.5493456
0.5493456
0.5493456
0.563017
0.5978958
0.5978958
0.5978958
0.64866737
0.65247326
0.65247326
0.65247326
0.65247326
0.65247326
0.65247326
0.62848058
0.62838997
0.62838997
0.62838997
0.62838997
0.6280705
0.6280705
0.6280705
0.6280705
0.6280705
0.59445227
0.59445227
0.59445227
0.62883128
0.62883128
0.62883128
0.62883128
0.62883128
0.62883128
0.62883128
0.62883128
0.62883128
0.62883128
0.62883128
0.61833302
0.59862847
0.59862847
0.59862847
0.60610409
0.60610409
0.60610409
0.64291263
0.65393128
0.65393128
0.65393128
0.65160759
0.65160759
0.65160759
0.68967965
0.68967965
0.68967965
0.63467682
0.6260093
0.6260093
0.51928759
0.5132504
0.50271951
0.50271951
0.50271951
0.50271951
0.50271951
0.50271951
0.52119354
0.55755547
0.61890048
0.62946281
0.62946281
0.62946281
0.62946281
0.63558175
0.6384009
0.6384009
0.6384009
0.6384009
0.6384009
0.6384009
0.6384009
0.6384009
0.6384009
0.6384009
0.62141371
0.62141371
0.62141371
0.62141371
0.62141371
0.62141371
0.62141371
0.62141371
0.62141371
0.62141371
0.62141371
0.62141371
0.59471747
0.51701611
0.51701611
0.51701611
0.5010279
0.5010279
0.5010279
0.46875928
0.46875928
0.46875928
0.46875928
0.46875928
0.47407152
0.47407152
0.47407152
0.51802281
0.51802281
0.53319274
0.53319274
0.59788258
0.59788258
0.62655228
0.62655228
0.62655228
0.66553542
0.66553542
0.66553542
0.66553542
0.58690522
0.58690522
0.58690522
0.58690522
0.58690522
0.58690522
0.58690522
0.58690522
0.57167725
0.57167725
0.57167725
0.59464756
0.59464756
0.59464756
0.59464756
0.59464756
0.59464756
0.58709918
0.57957542
0.56656514
0.55205315
0.55205315
0.55205315
0.55205315
0.55205315
0.55205315
0.55205315
0.55205315
0.55205315
0.55205315
0.55205315
0.55205315
0.55205315
0.55205315
0.55205315
0.55205315
0.56275929
0.56275929
0.56275929
0.552006
0.552006
0.48717332
0.48615722
0.48615722
0.48615722
0.50355825
0.50355825
0.50355825
0.47709088
0.47709088
0.47709088
0.50582807
0.50582807
0.50582807
0.50956776
0.50956776
0.50956776
0.5009142
0.5009142
0.49141314
0.49141314
0.49141314
0.41745843
0.41745843
0.41745843
0.41745843
0.41745843
0.41461192
0.41461192
0.41461192
0.42330647
0.46981345
0.46981345
0.46981345
0.39590514
0.39590514
0.39590514
0.4169707
0.47071893
0.54962301
0.54962301
0.54962301
0.56217314
0.57782101
0.57782101
0.57782101
0.50431436
0.43751402
0.43751402
0.43751402
0.43751402
0.43751402
0.44693704
0.46989622
0.46989622
0.46989622
0.46989622
0.46989622
0.46989622
0.46989622
0.46989622
0.46989622
0.46989622
0.47431179
0.47431179
0.49299334
0.49299334
0.49299334
0.49299334
0.49299334
0.49299334
0.49299334
0.49534958
0.52721695
0.58584581
0.58584581
0.58584581
0.56940126
0.56940126
0.56940126
0.56940126
0.6229562
0.6229562
0.6229562
0.60042636
0.59635299
0.59635299
0.56560098
0.56560098
0.56560098
0.56560098
0.56560098
0.56560098
0.56560098
0.56560098
0.56560098
0.56560098
0.56560098
0.56560098
0.56560098
0.59190312
0.59190312
0.59190312
0.56953403
0.56953403
0.5557644
0.5557644
0.5557644
0.62703052
0.62703052
0.62703052
0.62703052
0.62703052
0.63299315
0.63299315
0.63299315
0.61694884
0.60663128
0.60663128
0.60663128
0.66549106
0.66549106
0.66549106
0.66549106
0.64105016
0.64105016
0.64105016
0.6617539
0.6617539
0.6617539
0.62039363
0.62039363
0.62039363
0.69347163
0.69347163
0.69347163
0.62504566
0.62504566
0.62504566
0.62504566
0.62504566
0.62504566
0.62504566
0.62504566
0.62504566
0.62504566
0.62248934
0.58858438
0.58858438
0.58858438
0.58858438
0.58858438
0.58858438
0.63603554
0.63603554
0.63603554
0.63603554
0.63924466
0.63924466
0.63924466
0.63924466
0.63924466
0.63924466
0.63924466
0.63924466
0.63924466
0.63924466
0.63924466
0.64407504
0.64407504
0.64407504
0.62900114
0.58936099
0.58936099
0.58712076
0.57987504
0.55913755
0.55913755
0.55913755
0.5599256
0.5599256
0.5599256
0.5599256
0.5599256
0.5599256
0.52214616
0.52214616
0.52214616
0.52214616
0.55605007
0.55663519
0.55663519
0.55663519
0.55663519
0.55663519
0.57222612
0.57222612
0.57222612
0.57222612
0.57222612
0.57222612
0.57222612
0.56608026
0.56608026
0.56608026
0.60946839
0.60946839
0.60946839
0.59119537
0.59119537
0.59119537
0.59119537
0.59119537
0.55930725
0.55930725
0.55930725
0.55930725
0.55930725
0.55930725
0.55930725
0.52717474
0.52717474
0.52717474
0.52717474
0.46096054
0.46096054
0.46096054
0.46096054
0.46096054
0.46096054
0.46096054
0.47688226
0.47688226
0.47688226
0.47688226
0.47688226
0.48454069
0.48454069
0.54891025
0.54891025
0.54891025
0.46530967
0.46530967
0.46530967
0.46610755
0.52037147
0.52037147
0.52037147
0.52037147
0.52037147
0.52037147
0.52037147
0.52037147
0.49002051
0.4372464
0.4372464
0.4372464
0.48258308
0.48258308
0.48258308
0.48258308
0.50613917
0.50613917
0.50613917
0.50613917
0.51867543
0.55113807
0.55113807
0.55113807
0.54209153
0.54209153
0.54209153
0.49820986
0.49820986
0.47027004
0.45657988
0.45657988
0.45657988
0.45657988
0.45657988
0.50404572
0.52065253
0.52065253
0.52065253
0.48964672
0.48964672
0.48964672
0.48964672
0.48964672
0.48964672
0.48964672
0.48964672
0.48964672
0.54578672
0.5497655
0.5497655
0.5497655
0.50162787
0.50162787
0.50162787
0.6045908
0.6045908
0.6045908
0.6045908
0.6045908
0.60089216
0.59241714
0.59241714
0.59198402
0.59198402
0.59198402
0.51759566
0.51759566
0.51759566
0.5258278
0.5258278
0.5258278
0.50011211
0.49765915
0.49765915
0.49765915
0.50255047
0.50255047
0.50255047
0.50255047
0.50255047
0.56108917
0.56108917
0.56108917
0.55809858
0.55070652
0.55070652
0.55070652
0.52644495
0.49778844
0.49778844
0.49778844
0.55585691
0.55585691
0.55585691
0.55585691
0.55585691
0.55585691
0.55585691
0.55585691
0.47913179
0.47913179
0.47913179
0.48689333
0.48689333
0.48689333
0.48689333
0.48689333
0.55244675
0.55244675
0.55244675
0.55244675
0.55244675
0.55244675
0.55244675
0.55244675
0.55244675
0.55244675
0.55244675
0.55644296
0.55644296
0.55644296
0.55644296
0.55644296
0.52061293
0.50719182
0.50719182
0.50719182
0.50719182
0.51499513
0.51499513
0.64545015
0.64545015
0.64545015
0.55662277
0.55662277
0.55662277
0.58336314
0.60253234
0.60958419
0.78055412
0.78055412
0.78055412
0.75610795
0.73963006
0.72493618
0.58550069
0.39042975
0.30266339
0.30266339
0.30266339
0.30266339
0.30266339
0.30266339
0.30266339
0.30266339
0.30266339
0.30266339
0.30266339
0.30266339
0.30266339
0.30266339
0.30266339
0.30266339
0.33082573
0.33082573
0.33082573
0.33082573
0.33082573
0.33082573
0.33868656
0.33868656
0.33868656
0.33097315
0.33097315
0.33097315
0.33097315
0.32957845
0.32957845
0.3136223
0.30746766
0.30746766
0.27711719
0.27711719
0.27711719
0.29249139
0.31532434
0.31532434
0.31532434
0.31532434
0.31532434
0.32074676
0.32186902
0.32321218
0.32321218
0.32321218
0.32321218
0.32321218
0.33076413
0.33076413
0.33076413
0.29241547
0.29241547
0.29241547
0.29241547
0.29241547
0.29241547
0.29241547
0.29472238
0.29472238
0.34230212
0.34230212
0.34230212
0.34230212
0.34230212
0.34907067
0.34907067
0.34907067
0.34907067
0.34907067
0.34907067
0.34907067
0.34907067
0.34907067
0.32481983
0.29114701
0.29114701
0.29114701
0.28320892
0.28320892
0.28320892
0.28320892
0.28320892
0.26562941
0.26562941
0.26562941
0.26562941
0.26562941
0.26562941
0.26562941
0.26562941
0.26562941
0.29063381
0.29063381
0.29063381
0.29063381
0.29063381
0.29063381
0.29063381
0.29063381
0.29702762
0.33361719
0.33361719
0.40128684
0.42737418
0.42737418
0.42737418
0.40939444
0.39767686
0.39767686
0.39767686
0.39767686
0.39767686
0.39767686
0.39767686
0.39767686
0.39767686
0.39767686
0.39767686
0.39767686
0.39767686
0.37454945
0.37454945
0.36686883
0.36686883
0.36686883
0.36686883
0.36325961
0.31848711
0.30667093
0.30667093
0.30667093
0.30667093
0.30667093
0.30667093
0.24498603
0.24498603
0.24498603
0.25128144
0.25128144
0.28905551
0.2925861
0.3392082
0.3392082
0.35796373
0.35796373
0.40758914
0.40758914
0.40758914
0.40758914
0.40758914
0.40758914
0.39354239
0.39354239
0.39354239
0.39555435
0.46296305
0.46296305
0.46296305
0.46296305
0.46296305
0.46639874
0.46639874
0.46639874
0.46639874
0.54512465
0.54512465
0.54512465
0.54512465
0.54512465
0.54512465
0.54512465
0.54512465
0.48811885
0.48811885
0.48811885
0.48811885
0.48811885
0.53208114
0.53208114
0.53208114
0.47450867
0.47450867
0.47450867
0.47450867
0.47450867
0.57612628
0.57612628
0.57612628
0.57612628
0.57612628
0.56965533
0.56965533
0.50417617
0.50417617
0.50417617
0.50417617
0.50417617
0.48346934
0.48346934
0.48346934
0.51578878
0.51682574
0.51682574
0.51682574
0.50786783
0.50675734
0.47178006
0.47178006
0.47178006
0.50542419
0.52213022
0.56735202
0.56735202
0.56735202
0.56192327
0.52728188
0.52728188
0.49824554
0.49824554
0.49824554
0.44980191
0.44980191
0.44980191
0.4711584
0.4711584
0.49455977
0.49455977
0.49455977
0.4605165
0.41591739
0.41591739
0.40780653
0.40780653
0.40780653
0.40780653
0.40780653
0.40780653
0.40780653
0.42136322
0.42150139
0.42150139
0.42150139
0.42150139
0.42150139
0.42150139
0.42150139
0.4778109
0.56952624
0.56952624
0.56952624
0.57349077
0.62003357
0.6233169
0.6233169
0.6233169
0.6233169
0.6233169
0.60012952
0.60012952
0.60012952
0.60012952
0.59571493
0.59186448
0.59186448
0.59186448
0.59186448
0.58960745
0.58960745
0.56195956
0.56195956
0.56195956
0.49554518
0.49554518
0.49554518
0.49554518
0.49554518
0.49554518
0.49554518
0.49554518
0.49554518
0.50834268
0.50834268
0.50834268
0.50834268
0.50834268
0.51083084
0.53479889
0.53479889
0.53479889
0.53479889
0.53479889
0.53479889
0.42931755
0.42931755
0.42931755
0.44190892
0.44190892
0.4974157
0.4974157
0.4974157
0.4974157
0.50094194
0.5280882
0.59218627
0.60365893
0.60365893
0.60365893
0.60365893
0.60365893
0.60365893
0.60365893
0.60365893
0.60365893
0.60365893
0.60365893
0.56116471
0.56116471
0.52920833
0.52920833
0.52920833
0.52920833
0.47747184
0.47747184
0.47747184
0.48283307
0.51348459
0.51348459
0.51348459
0.51348459
0.51348459
0.51348459
0.47791844
0.47791844
0.47791844
0.47791844
0.45729335
0.45729335
0.45729335
0.49089422
0.49089422
0.49089422
0.49089422
0.49089422
0.49089422
0.49089422
0.49089422
0.49192056
0.49192056
0.49192056
0.49192056
0.53937597
0.53937597
0.53937597
0.53937597
0.53645907
0.51387137
0.51387137
0.51387137
0.51387137
0.51387137
0.51387137
0.51387137
0.51387137
0.51387137
0.50018814
0.50018814
0.49857063
0.49857063
0.49857063
0.49857063
0.49857063
0.49857063
0.49857063
0.49857063
0.49857063
0.49857063
0.49857063
0.49857063
0.49857063
0.49857063
0.49857063
0.49857063
0.49857063
0.4681347
0.46577178
0.43911
0.43911
0.43911
0.34942559
0.34942559
0.34942559
0.39728959
0.39728959
0.39728959
0.39728959
0.41469329
0.42506308
0.42506308
0.42506308
0.42506308
0.44115546
0.44115546
0.44899812
0.44899812
0.47407362
0.48076462
0.49094976
0.49094976
0.49094976
0.48762404
0.48762404
0.48762404
0.48762404
0.4223627
0.39034905
0.39034905
0.39034905
0.39034905
0.43948799
0.43948799
0.43948799
0.43948799
0.46152103
0.46152103
0.51614375
0.51614375
0.53488728
0.53488728
0.53488728
0.53488728
0.53488728
0.49963296
0.40181008
0.40181008
0.40181008
0.40498505
0.42410685
0.46446849
0.46446849
0.48670611
0.48670611
0.48670611
0.48670611
0.48670611
0.48670611
0.53679825
0.53679825
0.56124751
0.56124751
0.56124751
0.56124751
0.56124751
0.5447076
0.54073392
0.54073392
0.54073392
0.50583314
0.50583314
0.50583314
0.50583314
0.49744273
0.47059404
0.47059404
0.47059404
0.46440546
0.46440546
0.46440546
0.46440546
0.46440546
0.43479159
0.39170371
0.39170371
0.39170371
0.47432628
0.47432628
0.47432628
0.47288007
0.47288007
0.47288007
0.47288007
0.47288007
0.47288007
0.42020574
0.41933061
0.41776908
0.41776908
0.41776908
0.47023888
0.4785475
0.4785475
0.4785475
0.52206944
0.52206944
0.52206944
0.52206944
0.52206944
0.46597868
0.46597868
0.46597868
0.47741933
0.48600802
0.48600802
0.48902669
0.48902669
0.50853697
0.52791899
0.52791899
0.57252194
0.57252194
0.57252194
0.57252194
0.57252194
0.55180739
0.55180739
0.55180739
0.55180739
0.55180739
0.55180739
0.55180739
0.51930121
0.51930121
0.51930121
0.54732475
0.54732475
0.56163776
0.56163776
0.56163776
0.5612564
0.5612564
0.5612564
0.5612564
0.5612564
0.57034578
0.57034578
0.57034578
0.53983893
0.53983893
0.52524477
0.4856342
0.4856342
0.4856342
0.4856342
0.4856342
0.4856342
0.4856342
0.4856342
0.49797441
0.49797441
0.49797441
0.49797441
0.50923543
0.50923543
0.51557998
0.51557998
0.51557998
0.51557998
0.51557998
0.51557998
0.51557998
0.47260721
0.47260721
0.47260721
0.47260721
0.47631641
0.49557315
0.49557315
0.49557315
0.49557315
0.49557315
0.49557315
0.49557315
0.49557315
0.52500465
0.52500465
0.54340542
0.54340542
0.54340542
0.54340542
0.58230976
0.59204702
0.62845177
0.62845177
0.642985
0.642985
0.642985
0.70591318
0.70591318
0.70591318
0.70591318
0.70591318
0.66005735
0.64862856
0.61057755
0.61057755
0.61057755
0.61057755
0.57708477
0.57708477
0.56007999
0.50233237
0.50233237
0.50233237
0.50233237
0.50233237
0.50233237
0.50233237
0.50233237
0.50233237
0.50233237
0.50233237
0.50233237
0.50233237
0.45245321
0.45245321
0.45245321
0.45245321
0.47196916
0.47196916
0.51507182
0.51507182
0.51507182
0.51507182
0.47759475
0.47759475
0.47759475
0.47759475
0.51476448
0.60114413
0.60114413
0.60114413
0.57862961
0.57862961
0.57862961
0.57862961
0.57862961
0.57862961
0.57862961
0.57564708
0.57564708
0.57564708
0.57564708
0.57564708
0.57564708
0.57564708
0.57564708
0.57564708
0.57564708
0.57564708
0.57564708
0.57564708
0.60502038
0.60502038
0.60502038
0.60502038
0.60502038
0.60502038
0.55177229
0.55177229
0.53137671
0.49031431
0.49031431
0.49031431
0.49031431
0.50672984
0.50672984
0.50672984
0.55236845
0.55236845
0.55236845
0.56650626
0.56650626
0.56650626
0.56650626
0.56650626
0.56650626
0.56650626
0.56650626
0.58970715
0.7069819
0.71153677
0.71153677
0.78935503
0.78935503
0.78935503
0.78935503
0.78935503
0.78705973
0.78705973
0.78705973
0.78705973
0.78705973
0.78705973
0.80027326
0.80511713
0.80511713
0.80511713
0.74929887
0.70109213
0.70109213
0.70109213
0.70109213
0.70109213
0.70109213
0.75644254
0.75644254
0.75644254
0.75644254
0.72299603
0.71350372
0.71350372
0.71350372
0.70779267
0.70779267
0.70779267
0.57888882
0.57888882
0.57888882
0.58300722
0.58300722
0.58300722
0.5568559
0.5568559
0.5568559
0.5568559
0.5568559
0.52795428
0.52795428
0.49211999
0.49211999
0.49211999
0.49211999
0.51187325
0.51187325
0.51187325
0.57716076
0.57716076
0.57716076
0.51774075
0.51774075
0.51774075
0.51774075
0.51774075
0.50752307
0.50752307
0.49060984
0.4890704
0.4890704
0.4890704
0.4890704
0.506589
0.506589
0.506589
0.48355613
0.48355613
0.48355613
0.63682668
0.63682668
0.63682668
0.63682668
0.63682668
0.63682668
0.67663541
0.72280555
0.72280555
0.72280555
0.66103169
0.66103169
0.66103169
0.66557247
0.68732265
0.70699728
0.70699728
0.70699728
0.70699728
0.7581896
0.7581896
0.7581896
0.74648532
0.74648532
0.74648532
0.74648532
0.71247768
0.67732081
0.67732081
0.67732081
0.65162171
0.64985778
0.64985778
0.64985778
0.68024598
0.70177631
0.70177631
0.70177631
0.70177631
0.70177631
0.70177631
0.70177631
0.72442629
0.72442629
0.72442629
0.72442629
0.72442629
0.72442629
0.7450964
0.7450964
0.7450964
0.7450964
0.7450964
0.62370687
0.51855346
0.51855346
0.51855346
0.51855346
0.51855346
0.51855346
0.51855346
0.51855346
0.51855346
0.51855346
0.51855346
0.51855346
0.51855346
0.51855346
0.51855346
0.41257959
0.41257959
0.41257959
0.47318876
0.49125556
0.49125556
0.53786066
0.55956605
0.55956605
0.6214608
0.68201436
0.68201436
0.68201436
0.68376487
0.68376487
0.68376487
0.68376487
0.68376487
0.68376487
0.68376487
0.68376487
0.67170602
0.67170602
0.67170602
0.67170602
0.67170602
0.73770343
0.7480955
0.76157276
0.76157276
0.76157276
0.76157276
0.76157276
0.76157276
0.76157276
0.69242424
0.62783764
0.62783764
0.62783764
0.66883509
0.66883509
0.6714464
0.6714464
0.84485832
0.84485832
0.84485832
0.79342356
0.74123463
0.74123463
0.74123463
0.74123463
0.71679106
0.71679106
0.71679106
0.71679106
0.71679106
0.71679106
0.71679106
0.76456083
0.76456083
0.76456083
0.70290592
0.70290592
0.70290592
0.70397478
0.70397478
0.70397478
0.74002893
0.74002893
0.74002893
0.77148069
0.77148069
0.77148069
0.77148069
0.77148069
0.77148069
0.77148069
0.73854113
0.73854113
0.73854113
0.79731089
0.80533562
0.80533562
0.80533562
0.80533562
0.80533562
0.7810981
0.77665946
0.77665946
0.77665946
0.79923729
0.81999717
0.81999717
0.85783845
0.85783845
0.85783845
0.85783845
0.84845541
0.84845541
0.84845541
0.86970278
0.86970278
0.93588125
0.93588125
0.93588125
0.93588125
0.93588125
0.88493056
0.88493056
0.78912503
0.78912503
0.78912503
0.78912503
0.78912503
0.78912503
0.78912503
0.81761165
0.81761165
0.81761165
0.81761165
0.81761165
0.81761165
0.8162331
0.8162331
0.8162331
0.81335179
0.81335179
0.81335179
0.83584993
0.85528648
0.86048527
0.86048527
0.86048527
0.86048527
0.86048527
0.86048527
0.70845415
0.70845415
0.70845415
0.70845415
0.70845415
0.7866253
0.7866253
0.7866253
0.7866253
0.67419627
0.67419627
0.67419627
0.72567551
0.80631919
0.80631919
0.80631919
0.80631919
0.79331375
0.74419553
0.74419553
0.74419553
0.74419553
0.74419553
0.74419553
0.74419553
0.74419553
0.71924832
0.71924832
0.71924832
0.7558111
0.78778521
0.78778521
0.78778521
0.78778521
0.78778521
0.78778521
0.78778521
0.78778521
0.74468503
0.71415785
0.71415785
0.71415785
0.71252607
0.71252607
0.71252607
0.77273402
0.77273402
0.77273402
0.73375689
0.73375689
0.73375689
0.73375689
0.73375689
0.72802184
0.65516482
0.64498825
0.64237074
0.64237074
0.64237074
0.64237074
0.72848799
0.72848799
0.72848799
0.82367354
0.85045741
0.85045741
0.85045741
0.90117193
0.90153942
0.90153942
0.90153942
0.90153942
0.83511376
0.80415618
0.80415618
0.62028361
0.62028361
0.62028361
0.69566664
0.69566664
0.69566664
0.69566664
0.69566664
0.75500735
0.75500735
0.75500735
0.75500735
0.75500735
0.75500735
0.6943882
0.6943882
0.6943882
0.6943882
0.6943882
0.6943882
0.6995415
0.6995415
0.6995415
0.6995415
0.6995415
0.6995415
0.69958498
0.69958498
0.69958498
0.74582783
0.74582783
0.74582783
0.74582783
0.74582783
0.69887555
0.69887555
0.69887555
0.69887555
0.69887555
0.69887555
0.69887555
0.77144956
0.77144956
0.77144956
0.77144956
0.77144956
0.75676704
0.75676704
0.75676704
0.75676704
0.78725962
0.78725962
0.78725962
0.74509005
0.74509005
0.74509005
0.72982457
0.72982457
0.72982457
0.7269938
0.7269938
0.67143974
0.67143974
0.67143974
0.71560953
0.71560953
0.71560953
0.71560953
0.71560953
0.71518184
0.71518184
0.70323571
0.70323571
0.70323571
0.76281879
0.76281879
0.76281879
0.7513328
0.7513328
0.7513328
0.7513328
0.7513328
0.7513328
0.7513328
0.7513328
0.7513328
0.7513328
0.72760102
0.72241526
0.70395266
0.70395266
0.70395266
0.70395266
0.67718338
0.66656163
0.66656163
0.66656163
0.66656163
0.66656163
0.66656163
0.65734341
0.65734341
0.65734341
0.68052889
0.71294473
0.71294473
0.71294473
0.70100035
0.66784909
0.66784909
0.66784909
0.66784909
0.66784909
0.66784909
0.66784909
0.66784909
0.66784909
0.66784909
0.66784909
0.70767978
0.70767978
0.70767978
0.71225876
0.7194476
0.7194476
0.7194476
0.7194476
0.71611194
0.71611194
0.71611194
0.71611194
0.71611194
0.71611194
0.71611194
0.71611194
0.71611194
0.71274511
0.71274511
0.71274511
0.71274511
0.71274511
0.69725905
0.69725905
0.69725905
0.69725905
0.69725905
0.69725905
0.69725905
0.693163
0.693163
0.693163
0.693163
0.693163
0.68400394
0.6743303
0.6743303
0.6743303
0.6743303
0.6743303
0.6743303
0.6743303
0.60821675
0.60821675
0.60821675
0.60660868
0.60660868
0.60660868
0.51231266
0.46339167
0.46339167
0.46339167
0.49643154
0.49643154
0.49643154
0.49643154
0.49643154
0.49643154
0.51403807
0.51403807
0.51403807
0.51403807
0.53104649
0.53904069
0.57601561
0.60291271
0.63219869
0.65323097
0.65323097
0.65323097
0.65323097
0.65323097
0.65323097
0.55541327
0.55541327
0.55541327
0.55541327
0.55541327
0.55541327
0.55541327
0.55541327
0.51208962
0.51208962
0.51208962
0.51208962
0.51208962
0.51208962
0.51208962
0.51522217
0.54359177
0.55226545
0.55226545
0.5938351
0.60778566
0.60778566
0.60778566
0.58202584
0.58202584
0.58202584
0.58202584
0.58202584
0.65116384
0.6721133
0.6721133
0.6721133
0.6721133
0.7045903
0.7045903
0.7045903
0.7045903
0.7045903
0.7045903
0.75201541
0.75201541
0.75201541
0.66181412
0.66181412
0.66181412
0.65345183
0.65345183
0.65345183
0.66614649
0.66614649
0.72742686
0.73690422
0.73690422
0.73690422
0.73690422
0.73690422
0.69461119
0.69461119
0.69461119
0.75149371
0.75149371
0.75149371
0.74107021
0.74107021
0.73699471
0.73699471
0.73699471
0.73699471
0.59362699
0.59362699
0.59362699
0.59362699
0.59362699
0.63178238
0.63178238
0.63178238
0.73711966
0.73711966
0.78517435
0.82827185
0.82827185
0.82827185
0.80728784
0.79466
0.78751427
0.78751427
0.78751427
0.78751427
0.77832583
0.77832583
0.77832583
0.77832583
0.77832583
0.77325933
0.77325933
0.7046998
0.7046998
0.7046998
0.65034194
0.51428868
0.51428868
0.51428868
0.537667
0.537667
0.537667
0.5715084
0.69609264
0.69609264
0.69609264
0.69609264
0.69609264
0.69609264
0.69609264
0.69609264
0.69609264
0.69609264
0.69609264
0.69769984
0.69769984
0.77913476
0.77913476
0.77913476
0.73097726
0.73097726
0.73097726
0.73097726
0.72420189
0.72420189
0.72420189
0.73407853
0.73407853
0.73407853
0.73407853
0.73407853
0.79762117
0.79762117
0.79762117
0.70545854
0.70545854
0.70545854
0.70545854
0.69246551
0.68439105
0.67854012
0.67854012
0.67854012
0.60994199
0.60994199
0.60994199
0.60994199
0.60994199
0.60994199
0.60994199
0.60994199
0.57973228
0.57973228
0.57973228
0.59012427
0.59012427
0.59012427
0.61456824
0.61456824
0.68456827
0.68892063
0.68892063
0.76583988
0.76583988
0.76583988
0.68975908
0.68975908
0.68975908
0.68975908
0.68975908
0.68975908
0.68975908
0.68975908
0.73613041
0.73613041
0.73613041
0.73613041
0.73613041
0.73783398
0.73783398
0.73783398
0.73319511
0.73319511
0.69044983
0.6603563
0.6603563
0.6603563
0.6603563
0.6603563
0.6603563
0.70685125
0.7264125
0.7264125
0.7264125
0.67252834
0.67252834
0.57571137
0.57571137
0.56462727
0.56252442
0.52524195
0.52460728
0.52460728
0.52460728
0.52460728
0.52460728
0.64343531
0.64343531
0.64343531
0.64343531
0.64343531
0.64343531
0.68222216
0.68222216
0.68222216
0.70277024
0.70277024
0.70277024
0.70277024
0.70277024
0.70277024
0.7002582
0.63475503
0.61355088
0.61355088
0.5817109
0.52413407
0.52413407
0.52413407
0.50986584
0.50986584
0.50986584
0.51163858
0.51163858
0.51163858
0.45373514
0.45373514
0.45373514
0.5162392
0.5162392
0.5162392
0.5162392
0.5160354
0.44785106
0.44785106
0.44785106
0.44785106
0.44785106
0.44785106
0.44785106
0.44785106
0.44785106
0.44785106
0.47800346
0.47800346
0.48918269
0.48918269
0.48918269
0.56441691
0.56441691
0.58792672
0.59712109
0.59712109
0.59712109
0.59712109
0.59712109
0.59586887
0.59586887
0.59586887
0.59586887
0.59586887
0.59586887
0.59586887
0.59586887
0.57014727
0.57014727
0.57014727
0.57014727
0.49755398
0.49755398
0.49042945
0.47134136
0.47134136
0.47134136
0.39583215
0.39583215
0.39129035
0.39129035
0.39129035
0.39129035
0.44121699
0.47450415
0.48748255
0.48748255
0.48748255
0.48748255
0.55158378
0.55158378
0.55158378
0.55158378
0.55158378
0.52226044
0.47143903
0.47143903
0.47143903
0.47143903
0.47143903
0.47143903
0.47143903
0.51938078
0.51938078
0.51938078
0.51938078
0.51938078
0.5760395
0.5760395
0.5760395
0.63590825
0.63590825
0.63590825
0.63590825
0.63590825
0.63590825
0.63590825
0.63590825
0.58969292
0.5468109
0.5468109
0.5468109
0.53676927
0.53676927
0.53676927
0.53762045
0.53762045
0.53762045
0.53762045
0.53762045
0.58733616
0.62045971
0.62045971
0.62045971
0.60404862
0.60404862
0.59739931
0.58678478
0.58439669
0.58439669
0.58439669
0.5933321
0.5933321
0.5933321
0.5933321
0.5933321
0.58534766
0.58534766
0.52195003
0.52195003
0.52195003
0.52195003
0.44839127
0.44266955
0.44266955
0.44266955
0.32781262
0.28788961
0.28788961
0.28788961
0.30794732
0.30794732
0.40095984
0.40095984
0.40095984
0.40095984
0.40095984
0.40095984
0.40095984
0.40095984
0.40095984
0.40095984
0.38080526
0.38080526
0.32425067
0.32425067
0.32425067
0.33599191
0.33599191
0.33599191
0.33599191
0.32878971
0.32878971
0.32878971
0.35912197
0.35912197
0.40963527
0.40963527
0.40963527
0.32704226
0.32704226
0.32704226
0.32704226
0.32704226
0.32704226
0.3394012
0.3394012
0.3394012
0.3394012
0.40187646
0.40187646
0.40187646
0.39929922
0.39929922
0.39929922
0.39929922
0.39929922
0.42849548
0.42849548
0.42849548
0.4161325
0.38750104
0.38750104
0.38750104
0.38750104
0.38750104
0.38750104
0.37110581
0.32746151
0.32746151
0.32746151
0.32746151
0.35711717
0.37393741
0.43138652
0.43138652
0.43138652
0.43138652
0.43138652
0.43138652
0.43138652
0.40955748
0.40955748
0.40955748
0.40955748
0.41059699
0.41059699
0.41059699
0.41059699
0.41059699
0.41059699
0.41059699
0.41059699
0.41059699
0.41059699
0.41059699
0.32750451
0.32750451
0.32750451
0.32750451
0.32750451
0.32750451
0.32750451
0.32867678
0.32867678
0.32867678
0.38553011
0.38553011
0.38553011
0.29959282
0.2918214
0.2918214
0.2918214
0.2918214
0.2918214
0.2918214
0.2918214
0.2918214
0.3415827
0.3415827
0.3415827
0.3415827
0.3415827
0.3415827
0.3415827
0.3415827
0.3415827
0.36440823
0.36440823
0.36440823
0.30809259
0.29261176
0.29261176
0.29261176
0.29261176
0.29261176
0.29261176
0.29261176
0.27870452
0.27870452
0.27870452
0.24510133
0.24510133
0.24510133
0.24510133
0.24510133
0.24510133
0.32253209
0.33588788
0.33588788
0.33588788
0.36428602
0.36428602
0.36428602
0.36428602
0.36428602
0.36428602
0.36428602
0.36428602
0.38036878
0.38036878
0.38036878
0.34151692
0.3318716
0.3318716
0.3318716
0.3318716
0.3318716
0.29194732
0.29194732
0.29194732
0.2867138
0.2867138
0.23883361
0.23883361
0.23883361
0.23883361
0.23883361
0.23883361
0.23883361
0.23883361
0.23883361
0.23883361
0.24395849
0.24836688
0.24836688
0.24836688
0.24836688
0.32574256
0.46832832
0.4886875
0.50236249
0.55419732
0.57564993
0.57564993
0.61623836
0.61623836
0.61623836
0.61623836
0.61623836
0.56986258
0.56986258
0.56986258
0.56986258
0.56986258
0.52538743
0.52538743
0.48879541
0.48879541
0.48879541
0.49343813
0.49343813
0.49343813
0.5716704
0.5716704
0.5716704
0.53372236
0.53372236
0.46470641
0.46099133
0.46099133
0.46099133
0.46099133
0.46099133
0.46099133
0.46099133
0.54674281
0.56993943
0.56993943
0.56993943
0.56993943
0.56993943
0.56993943
0.56993943
0.56993943
0.53853636
0.47976212
0.47976212
0.47976212
0.49642723
0.53707186
0.53707186
0.53707186
0.53707186
0.57444799
0.57444799
0.57444799
0.57444799
0.57444799
0.57444799
0.56966298
0.56966298
0.53903371
0.53903371
0.53903371
0.53903371
0.53903371
0.53903371
0.53903371
0.55406243
0.55406243
0.55406243
0.55406243
0.55406243
0.55406243
0.55406243
0.55406243
0.34774443
0.34575535
0.34575535
0.34575535
0.32502028
0.31061259
0.31061259
0.31061259
0.2825464
0.27109835
0.27109835
0.24459649
0.24459649
0.24459649
0.24459649
0.24459649
0.24459649
0.24459649
0.27931682
0.30607313
0.37670185
0.37670185
0.37670185
0.36269395
0.36269395
0.36269395
0.36706464
0.36706464
0.5379008
0.5379008
0.5379008
0.40412602
0.40412602
0.40412602
0.40412602
0.40412602
0.40412602
0.40412602
0.41844524
0.41844524
0.41844524
0.41844524
0.50137036
0.50137036
0.50137036
0.50137036
0.50137036
0.50137036
0.39252241
0.39252241
0.31796055
0.31796055
0.31796055
0.19456029
0.19390277
0.17326941
0.17326941
0.17326941
0.20244412
0.3166023
0.3166023
0.3166023
0.3166023
0.3166023
0.3166023
0.3166023
0.32429403
0.3487576
0.41215215
0.43079833
0.43079833
0.43079833
0.36468201
0.36468201
0.36468201
0.36468201
0.36468201
0.41194065
0.41194065
0.41194065
0.41194065
0.41194065
0.41194065
0.49070987
0.49070987
0.49070987
0.52406327
0.52406327
0.52406327
0.52406327
0.52406327
0.52406327
0.52406327
0.52406327
0.41587402
0.41587402
0.41587402
0.41587402
0.41587402
0.41587402
0.41587402
0.41587402
0.40954688
0.40954688
0.40954688
0.38902394
0.38902394
0.38902394
0.3974988
0.3974988
0.3974988
0.3974988
0.3974988
0.39123032
0.39123032
0.39123032
0.39123032
0.39123032
0.3384725
0.3384725
0.3384725
0.41607775
0.41607775
0.41607775
0.41607775
0.44000747
0.44105442
0.44105442
0.44105442
0.44105442
0.47372758
0.47372758
0.47372758
0.45927532
0.45927532
0.45927532
0.45927532
0.45927532
0.45927532
0.45927532
0.45927532
0.36475133
0.36475133
0.36475133
0.36475133
0.36475133
0.36475133
0.36475133
0.36475133
0.36475133
0.36475133
0.36475133
0.36475133
0.36475133
0.41552522
0.41552522
0.41552522
0.41552522
0.41552522
0.41552522
0.41552522
0.41552522
0.41552522
0.43094571
0.43094571
0.43094571
0.43094571
0.4359477
0.4359477
0.4359477
0.43367666
0.43367666
0.43367666
0.43367666
0.35040524
0.35040524
0.35040524
0.35040524
0.32946063
0.32946063
0.32946063
0.32946063
0.32946063
0.32946063
0.32946063
0.32946063
0.30680061
0.30680061
0.30680061
0.35097049
0.35097049
0.35097049
0.35097049
0.35097049
0.35097049
0.30684676
0.30684676
0.30684676
0.27934761
0.27934761
0.27934761
0.29544734
0.29544734
0.31886193
0.31886193
0.31886193
0.2881391
0.2881391
0.2881391
0.26523519
0.26523519
0.26523519
0.26523519
0.26523519
0.25506399
0.2072058
0.2072058
0.2072058
0.2072058
0.2072058
0.21417992
0.21417992
0.21417992
0.21417992
0.23378097
0.23378097
0.2504049
0.2504049
0.2504049
0.21140457
0.21140457
0.21098636
0.21098636
0.21098636
0.27321963
0.27321963
0.27321963
0.27321963
0.27321963
0.27321963
0.21411935
0.17319501
0.17319501
0.17319501
0.26948483
0.26948483
0.26948483
0.26948483
0.26948483
0.26948483
0.26948483
0.36088847
0.36088847
0.36088847
0.36088847
0.39109327
0.39109327
0.39109327
0.39109327
0.41487712
0.41487712
0.41487712
0.35812741
0.35812741
0.35812741
0.35812741
0.35812741
0.17413718
0.17413718
0.17413718
0.22304302
0.22304302
0.22304302
0.36397693
0.36397693
0.36397693
0.36397693
0.36397693
0.26584832
0.25762561
0.25762561
0.25762561
0.25762561
0.25762561
0.25762561
0.24266275
0.24266275
0.24266275
0.25347552
0.2682799
0.2682799
0.2682799
0.2682799
0.26877754
0.26877754
0.26877754
0.26877754
0.26877754
0.26877754
0.26877754
0.26877754
0.31681898
0.31681898
0.31681898
0.18228852
0.18228852
0.18228852
0.18228852
0.18228852
0.18228852
0.24777789
0.24777789
0.34694104
0.34694104
0.34694104
0.34694104
0.34694104
0.34694104
0.34694104
0.37262186
0.37262186
0.37262186
0.37262186
0.37262186
0.37262186
0.33364876
0.33364876
0.33364876
0.33364876
0.33364876
0.29158132
0.23481135
0.16838345
0.16838345
0.16838345
0.16838345
