0.31332639
0.3329272
0.40069281
0.40069281
0.40069281
0.40069281
0.40069281
0.40069281
0.40160964
0.40160964
0.40160964
0.40160964
0.40160964
0.37257476
0.37257476
0.37257476
0.37028084
0.37028084
0.37028084
0.37028084
0.37028084
0.35619387
0.35619387
0.35619387
0.35619387
0.35619387
0.35619387
0.38693628
0.38693628
0.4058592
0.4058592
0.41464089
0.46761744
0.46761744
0.53993062
0.53993062
0.53993062
0.48871237
0.48871237
0.48871237
0.48871237
0.34726673
0.34726673
0.34052944
0.34052944
0.34052944
0.34975659
0.34975659
0.34975659
0.34975659
0.34975659
0.3925268
0.41191716
0.41191716
0.41191716
0.41191716
0.37161134
0.37161134
0.37161134
0.37161134
0.37161134
0.37161134
0.37161134
0.39505662
0.39505662
0.39505662
0.39505662
0.43798034
0.4851286
0.51833337
0.51833337
0.51833337
0.55742422
0.55742422
0.55742422
0.55742422
0.55742422
0.64403512
0.64403512
0.64403512
0.64403512
0.64403512
0.643904
0.643904
0.643904
0.65238314
0.65238314
0.65238314
0.65238314
0.65238314
0.65238314
0.65238314
0.65238314
0.65238314
0.65238314
0.65238314
0.65238314
0.64864315
0.64864315
0.64864315
0.70805628
0.70805628
0.70805628
0.70025757
0.70025757
0.67821688
0.67821688
0.67821688
0.70304817
0.71582257
0.81083312
0.82299503
0.82299503
0.82299503
0.82299503
0.80360969
0.80360969
0.80360969
0.74416819
0.74416819
0.74416819
0.74416819
0.74416819
0.70003929
0.65980273
0.65980273
0.65980273
0.65980273
0.65980273
0.65980273
0.65980273
0.65980273
0.61189084
0.59224883
0.59224883
0.59224883
0.59224883
0.59224883
0.63117482
0.63117482
0.63117482
0.63117482
0.63117482
0.63117482
0.63117482
0.63117482
0.63117482
0.63117482
0.63117482
0.63117482
0.63117482
0.69927775
0.70288163
0.70288163
0.70288163
0.68201635
0.68201635
0.60278492
0.55237065
0.55237065
0.55237065
0.59466684
0.59466684
0.59466684
0.59466684
0.59466684
0.59466684
0.59466684
0.59466684
0.59466684
0.53908231
0.53908231
0.53908231
0.53908231
0.53908231
0.53908231
0.53908231
0.53908231
0.42104858
0.42104858
0.42104858
0.43415806
0.43415806
0.43624043
0.44903432
0.44903432
0.44903432
0.46887539
0.47169001
0.54091288
0.6007927
0.6007927
0.6007927
0.6007927
0.6007927
0.6007927
0.57314167
0.57314167
0.57314167
0.63225738
0.63274657
0.63274657
0.63274657
0.63274657
0.63274657
0.63274657
0.61359112
0.61359112
0.61359112
0.61359112
0.61359112
0.61359112
0.61359112
0.61359112
0.61359112
0.61978177
0.61978177
0.61978177
0.61978177
0.61801951
0.55132857
0.55132857
0.55132857
0.55132857
0.55132857
0.57665342
0.60953107
0.62000602
0.62000602
0.62000602
0.62000602
0.62453224
0.64194705
0.64194705
0.64194705
0.62459665
0.61520339
0.61520339
0.61520339
0.61520339
0.61520339
0.61520339
0.61520339
0.61520339
0.61520339
0.61520339
0.61666185
0.62770134
0.62770134
0.62770134
0.59680959
0.57179581
0.57179581
0.57179581
0.57179581
0.57179581
0.57179581
0.57179581
0.53529908
0.53529908
0.491399
0.491399
0.491399
0.491399
0.46232677
0.46232677
0.46232677
0.48430026
0.54326618
0.57023654
0.57023654
0.57023654
0.57023654
0.53006708
0.5039151
0.5039151
0.5039151
0.5148021
0.5148021
0.5148021
0.54625468
0.55936995
0.55936995
0.67110763
0.67110763
0.67110763
0.67110763
0.67110763
0.67110763
0.67110763
0.68229587
0.68229587
0.71490849
0.74062914
0.74062914
0.74062914
0.71035316
0.6658641
0.6658641
0.6658641
0.6658641
0.6658641
0.6658641
0.6658641
0.6658641
0.6658641
0.67489067
0.67633058
0.67633058
0.67633058
0.67475162
0.67475162
0.67475162
0.67475162
0.67475162
0.64858161
0.54939911
0.41274081
0.39504994
0.275844
0.275844
0.275844
0.275844
0.275844
0.275844
0.275844
0.275844
0.275844
0.275844
0.275844
0.29224074
0.29224074
0.36344305
0.36775721
0.39584987
0.39584987
0.39584987
0.42875371
0.44899576
0.44899576
0.49224818
0.49224818
0.59334876
0.59334876
0.59334876
0.59334876
0.68328199
0.70034109
0.70034109
0.70034109
0.70034109
0.70034109
0.70034109
0.70034109
0.70034109
0.70034109
0.7336749
0.7336749
0.7336749
0.7336749
0.7336749
0.74475267
0.74475267
0.74475267
0.74475267
0.73520065
0.73520065
0.73520065
0.73520065
0.73520065
0.73520065
0.73520065
0.73145299
0.73145299
0.67928225
0.67928225
0.67928225
0.67928225
0.67928225
0.67928225
0.67928225
0.58692211
0.58511508
0.58511508
0.58511508
0.58511508
0.58511508
0.58511508
0.58511508
0.58511508
0.60388075
0.63100229
0.63100229
0.63100229
0.63100229
0.63100229
0.62941795
0.62941795
0.62941795
0.62941795
0.62941795
0.62941795
0.6098232
0.60554538
0.60518635
0.60518635
0.60518635
0.60518635
0.60518635
0.62084003
0.62084003
0.62084003
0.64314008
0.64314008
0.64314008
0.64314008
0.64314008
0.65361742
0.65361742
0.65361742
0.62879132
0.61962933
0.61748816
0.61748816
0.61748816
0.61748816
0.61748816
0.61748816
0.61748816
0.61748816
0.61748816
0.61748816
0.61748816
0.61748816
0.61748816
0.62846152
0.62846152
0.63185544
0.63185544
0.63185544
0.63185544
0.63185544
0.63185544
0.60836096
0.60836096
0.60836096
0.62488913
0.62488913
0.62488913
0.61058453
0.58533208
0.5555617
0.54051548
0.54051548
0.54051548
0.55460954
0.55460954
0.55460954
0.57626418
0.57626418
0.57626418
0.57626418
0.62554607
0.62554607
0.62554607
0.62554607
0.62554607
0.62554607
0.62554607
0.62554607
0.62554607
0.58542796
0.54848571
0.54848571
0.54848571
0.54848571
0.56067778
0.56067778
0.5993366
0.62975692
0.62975692
0.62975692
0.61301092
0.58732852
0.57160424
0.55901137
0.54195586
0.54195586
0.54195586
0.54195586
0.55204013
0.55204013
0.59442752
0.59442752
0.59442752
0.59845216
0.59845216
0.59845216
0.59845216
0.59845216
0.52998601
0.49704681
0.49704681
0.49704681
0.49704681
0.49704681
0.49704681
0.49704681
0.49704681
0.51748952
0.5314882
0.5314882
0.5314882
0.5314882
0.49779129
0.49779129
0.49779129
0.51255287
0.51404849
0.51404849
0.51404849
0.51404849
0.5200704
0.5200704
0.5200704
0.5420993
0.5420993
0.55410226
0.55410226
0.55410226
0.55410226
0.55410226
0.55410226
0.60411141
0.60411141
0.61167558
0.61167558
0.61167558
0.61167558
0.61167558
0.61167558
0.61167558
0.61167558
0.61167558
0.61167558
0.60507342
0.60507342
0.60507342
0.60507342
0.60507342
0.60507342
0.6115317
0.6247102
0.6247102
0.63870982
0.63870982
0.63870982
0.657026
0.657026
0.65963716
0.66332796
0.67495867
0.67495867
0.67495867
0.67495867
0.67495867
0.64978091
0.60945211
0.60945211
0.60945211
0.60945211
0.60945211
0.60945211
0.60917195
0.60917195
0.59850941
0.59850941
0.59385367
0.59385367
0.59385367
0.59748234
0.61230986
0.61230986
0.62369006
0.62369006
0.62369006
0.61247227
0.61247227
0.61247227
0.61247227
0.6502886
0.6502886
0.6502886
0.6502886
0.6502886
0.64014029
0.64014029
0.64014029
0.64014029
0.64014029
0.64014029
0.64014029
0.64098584
0.66683558
0.66683558
0.66683558
0.65278755
0.65278755
0.65278755
0.65278755
0.6386801
0.62062773
0.62062773
0.62062773
0.62062773
0.62062773
0.62062773
0.62062773
0.62062773
0.64658099
0.64658099
0.66896302
0.66896302
0.66896302
0.66896302
0.68921595
0.68921595
0.68921595
0.6801978
0.62728115
0.60965164
0.60965164
0.60965164
0.60965164
0.61737892
0.63337879
0.63337879
0.63337879
0.62270231
0.61565465
0.59708969
0.56983731
0.56983731
0.53795426
0.53795426
0.53795426
0.53795426
0.53795426
0.53795426
0.54950591
0.54950591
0.54950591
0.54950591
0.57652883
0.60413145
0.60413145
0.60413145
0.60413145
0.60413145
0.60413145
0.60413145
0.59800599
0.59263748
0.59263748
0.59263748
0.59263748
0.60583055
0.60583055
0.60583055
0.60583055
0.60583055
0.63207391
0.63207391
0.63207391
0.60210283
0.60210283
0.58047672
0.58047672
0.57512217
0.57512217
0.57512217
0.57512217
0.57512217
0.57512217
0.57512217
0.57512217
0.57512217
0.57512217
0.57512217
0.62005064
0.62005064
0.62005064
0.59182482
0.48464525
0.38553412
0.35429027
0.26470349
0.26470349
0.26470349
0.15650598
0.15650598
0.15650598
0.31244404
0.45003606
0.45003606
0.45003606
0.45003606
0.49002284
0.61024791
0.61024791
0.61024791
0.60847629
0.5867557
0.5867557
0.5867557
0.5867557
0.56542304
0.56542304
0.55255687
0.49695533
0.39266477
0.26835912
0.24062439
0.24062439
0.24062439
0.26234279
0.52882487
0.56520004
0.57568631
0.57568631
0.57568631
0.58441324
0.58441324
0.58441324
0.60819092
0.71406511
0.7186554
0.7186554
0.7186554
0.65865469
0.65865469
0.65865469
0.70231763
0.70231763
0.70231763
0.70231763
0.70231763
0.70231763
0.70231763
0.70231763
0.70231763
0.70231763
0.71395212
0.72515816
0.76709492
0.76709492
0.76709492
0.76920648
0.77033186
0.77033186
0.77033186
0.77033186
0.77033186
0.68147384
0.66342729
0.64386702
0.61764891
0.61764891
0.61764891
0.61764891
0.61764891
0.61148562
0.56967194
0.56967194
0.56967194
0.56967194
0.58166788
0.5836193
0.5836193
0.66624733
0.66624733
0.66624733
0.69216216
0.69620811
0.69620811
0.77456708
0.81646616
0.81646616
0.81646616
0.81646616
0.81646616
0.81646616
0.85922137
0.85922137
0.93028746
0.93028746
0.93028746
0.93028746
0.93028746
0.93028746
0.93028746
0.93028746
0.93028746
0.89221804
0.82716354
0.82716354
0.82716354
0.82716354
0.80004079
0.79487251
0.79487251
0.76064783
0.72817304
0.72817304
0.72817304
0.73521006
0.75203438
0.76193119
0.76193119
0.76193119
0.77106538
0.77106538
0.77106538
0.77106538
0.8159337
0.8159337
0.8159337
0.8159337
0.8159337
0.8159337
0.68769
0.68769
0.68769
0.68769
0.68769
0.68769
0.68300297
0.64474756
0.64474756
0.64474756
0.64474756
0.64474756
0.64474756
0.64474756
0.64474756
0.64474756
0.65707662
0.65926983
0.70154896
0.70154896
0.70154896
0.60466335
0.60466335
0.60466335
0.69086725
0.69086725
0.69086725
0.69086725
0.69086725
0.69086725
0.74993374
0.74993374
0.74993374
0.71484669
0.71484669
0.71484669
0.76896729
0.76896729
0.78853153
0.78853153
0.78853153
0.78853153
0.78853153
0.80785169
0.86936003
0.86936003
0.92017511
0.92017511
0.92017511
0.89267005
0.89267005
0.89267005
0.89267005
0.89267005
0.89267005
0.85748537
0.85748537
0.85748537
0.8391639
0.8391639
0.8391639
0.83213081
0.83213081
0.80870998
0.79521451
0.79521451
0.79521451
0.80810045
0.91288513
0.91288513
0.91288513
0.89841153
0.89841153
0.89841153
0.88725897
0.88725897
0.8576305
0.81440817
0.81440817
0.7491556
0.73397426
0.73397426
0.73397426
0.73397426
0.73397426
0.73397426
0.73397426
0.69294639
0.69294639
0.69294639
0.69294639
0.69294639
0.69294639
0.69731706
0.69731706
0.69731706
0.69706698
0.69602796
0.69602796
0.68096445
0.68096445
0.68096445
0.68540741
0.68540741
0.68540741
0.68540741
0.68540741
0.62606663
0.62606663
0.62606663
0.71278447
0.71278447
0.71278447
0.71278447
0.71278447
0.77106214
0.77827414
0.78175889
0.78175889
0.78175889
0.59507656
0.59507656
0.59507656
0.63644058
0.63732525
0.6457881
0.6457881
0.6457881
0.6331006
0.61969184
0.61969184
0.48103918
0.46565373
0.37503826
0.37503826
0.36634124
0.36634124
0.36634124
0.39945727
0.43821486
0.52936568
0.52936568
0.52936568
0.54908277
0.54908277
0.54908277
0.5808989
0.5808989
0.5808989
0.5808989
0.5808989
0.5808989
0.5808989
0.5808989
0.5808989
0.60343623
0.60343623
0.60343623
0.60343623
0.60343623
0.60343623
0.60343623
0.60343623
0.60343623
0.60343623
0.60343623
0.61495844
0.61495844
0.61495844
0.61495844
0.61495844
0.61495844
0.51544511
0.45453433
0.35884167
0.32506551
0.25043447
0.25043447
0.25043447
0.25043447
0.29692359
0.29692359
0.33231668
0.33231668
0.36979073
0.42943636
0.48862592
0.48862592
0.59379281
0.5986563
0.5986563
0.5986563
0.59665395
0.59665395
0.59665395
0.59665395
0.56454612
0.56182992
0.56182992
0.53683434
0.53683434
0.52092806
0.52092806
0.52092806
0.52092806
0.52092806
0.52092806
0.52092806
0.47847937
0.47847937
0.47847937
0.47847937
0.47847937
0.47847937
0.47847937
0.47847937
0.47847937
0.47847937
0.52113396
0.54381958
0.54381958
0.54381958
0.54381958
0.54381958
0.54381958
0.54381958
0.54381958
0.5339298
0.5339298
0.5339298
0.5339298
0.52336079
0.52336079
0.52336079
0.52336079
0.52304798
0.52304798
0.52304798
0.52304798
0.52304798
0.53762497
0.53762497
0.53762497
0.53762497
0.53762497
0.53762497
0.50798403
0.50798403
0.50798403
0.50798403
0.50798403
0.50798403
0.50798403
0.51339641
0.51339641
0.51339641
0.51339641
0.51349097
0.54562359
0.54562359
0.54946543
0.57670689
0.58930918
0.58930918
0.58930918
0.58433083
0.58433083
0.57406282
0.57406282
0.54240492
0.49906744
0.49906744
0.49906744
0.49719864
0.49719864
0.47438515
0.47438515
0.47438515
0.58716805
0.59121933
0.59121933
0.59121933
0.53844322
0.53844322
0.53844322
0.53844322
0.53844322
0.53844322
0.59801142
0.59801142
0.72041302
0.72041302
0.72041302
0.72041302
0.72041302
0.72812382
0.72812382
0.79894696
0.86821232
0.86821232
0.86821232
0.82772093
0.77308985
0.77308985
0.69706058
0.67748953
0.67748953
0.65639012
0.65639012
0.65639012
0.73225086
0.758881
0.84533841
0.84533841
0.93604143
0.93604143
0.93604143
0.93604143
0.93604143
0.93604143
0.91560783
0.91560783
0.91560783
0.91560783
0.91560783
0.91560783
0.91560783
0.89543418
0.89493161
0.89493161
0.89493161
0.89493161
0.89493161
0.89493161
0.89493161
0.89493161
0.87129975
0.84389531
0.76938964
0.72930844
0.72930844
0.72930844
0.72930844
0.72930844
0.72930844
0.72930844
0.7545321
0.7545321
0.7545321
0.7545321
0.7545321
0.7545321
0.68328755
0.68328755
0.62354637
0.54822034
0.54172736
0.54172736
0.54172736
0.58528655
0.67646707
0.69533075
0.75432746
0.75432746
0.75432746
0.75432746
0.75432746
0.75432746
0.6342345
0.59038748
0.58134908
0.58134908
0.58134908
0.58134908
0.67164268
0.68613522
0.74792887
0.74792887
0.74792887
0.7378847
0.7378847
0.7378847
0.76803906
0.79107849
0.79107849
0.79107849
0.79107849
0.79107849
0.79107849
0.73529189
0.73529189
0.70687079
0.70687079
0.70687079
0.7743586
0.82472679
0.82472679
0.82472679
0.82472679
0.82472679
0.78836278
0.77088294
0.77088294
0.77088294
0.77088294
0.77088294
0.77088294
0.77088294
0.79464431
0.79464431
0.79464431
0.79464431
0.79464431
0.79464431
0.85699453
0.8704713
0.8704713
0.8704713
0.81326358
0.78710926
0.64152213
0.49216111
0.48226057
0.33156801
0.26823068
0.23383408
0.23383408
0.23383408
0.23383408
0.29011797
0.34024433
0.34024433
0.40855393
0.41490782
0.4223271
0.44357291
0.44357291
0.44357291
0.50028191
0.5374042
0.60518086
0.67119111
0.83484901
0.83484901
0.85679328
0.85679328
0.85679328
0.85679328
0.85694841
0.85694841
0.85694841
0.83858671
0.7601828
0.7601828
0.68782353
0.68782353
0.68782353
0.72578103
0.72926462
0.72926462
0.72926462
0.69464019
0.69464019
0.69464019
0.73514599
0.74754456
0.74754456
0.74754456
0.72672203
0.72672203
0.70274232
0.70274232
0.70274232
0.69741079
0.69741079
0.69741079
0.69741079
0.69741079
0.74486734
0.74486734
0.74486734
0.73165701
0.73165701
0.73165701
0.75119459
0.7830447
0.79492934
0.79492934
0.79492934
0.79492934
0.79492934
0.79492934
0.79492934
0.79492934
0.79492934
0.81909905
0.82129993
0.82129993
0.84911034
0.84911034
0.84911034
0.83671279
0.83671279
0.83671279
0.87193886
0.87193886
0.87193886
0.80762774
0.74672506
0.69105201
0.65327955
0.65327955
0.65327955
0.65327955
0.65327955
0.68631141
0.77517068
0.77517068
0.77517068
0.78271493
0.78271493
0.78271493
0.78271493
0.78271493
0.73105524
0.69838697
0.69838697
0.69838697
0.69838697
0.69838697
0.67266033
0.67266033
0.67266033
0.66437963
0.66437963
0.59376851
0.58641026
0.58641026
0.58641026
0.58906973
0.59753806
0.59753806
0.59753806
0.59753806
0.68243739
0.68308117
0.68308117
0.68308117
0.66399498
0.64902961
0.64902961
0.63633043
0.63633043
0.63633043
0.68604324
0.68604324
0.68604324
0.68604324
0.68604324
0.65512644
0.64918411
0.64918411
0.64918411
0.63088716
0.63088716
0.6093107
0.6093107
0.6093107
0.52193778
0.52193778
0.52193778
0.54158436
0.59655445
0.60666585
0.60666585
0.60666585
0.60666585
0.65259907
0.65259907
0.65259907
0.65259907
0.65259907
0.65259907
0.58618312
0.58618312
0.58618312
0.58618312
0.58618312
0.50708152
0.49645899
0.49530056
0.49530056
0.49530056
0.49744341
0.50525585
0.50525585
0.50525585
0.50525585
0.54443864
0.54443864
0.6475054
0.6475054
0.6475054
0.6475054
0.56669853
0.56669853
0.56669853
0.56669853
0.64786587
0.64786587
0.64786587
0.62911652
0.62126693
0.57764225
0.50833243
0.49304821
0.49304821
0.49304821
0.54961974
0.54961974
0.54961974
0.54737445
0.48169624
0.48169624
0.48169624
0.48169624
0.48169624
0.48169624
0.48169624
0.48169624
0.39839443
0.39839443
0.39839443
0.42455011
0.42455011
0.42455011
0.42455011
0.42455011
0.42455011
0.50727525
0.50727525
0.50727525
0.50727525
0.50727525
0.43736512
0.38970635
0.38970635
0.36933503
0.36933503
0.36933503
0.36933503
0.36933503
0.36933503
0.43368205
0.43368205
0.43368205
0.43368205
0.43368205
0.42175705
0.35285119
0.35285119
0.31781567
0.31781567
0.31781567
0.36658536
0.36658536
0.36658536
0.36658536
0.39614976
0.39614976
0.39614976
0.38877274
0.38877274
0.37120052
0.29456922
0.29212604
0.27690737
0.26448582
0.26448582
0.26448582
0.33350249
0.35230776
0.35230776
0.35230776
0.34947397
0.34947397
0.34947397
0.34947397
0.34947397
0.34947397
0.34947397
0.41751434
0.4262325
0.4262325
0.44075027
0.44075027
0.44075027
0.43048517
0.43048517
0.43048517
0.43048517
0.43048517
0.43048517
0.43048517
0.46540099
0.46540099
0.46540099
0.45432666
0.4504239
0.4504239
0.4504239
0.41317196
0.41131991
0.41131991
0.41131991
0.41131991
0.41131991
0.45552832
0.45676907
0.45676907
0.45676907
0.45676907
0.45676907
0.45676907
0.45676907
0.45676907
0.44399924
0.44322771
0.44322771
0.44322771
0.44322771
0.50279269
0.50279269
0.50279269
0.45587064
0.45587064
0.38508497
0.33821723
0.33821723
0.33821723
0.33821723
0.36309471
0.38906453
0.4075168
0.43350541
0.46311071
0.49128296
0.49128296
0.53510056
0.53510056
0.53510056
0.53510056
0.55676029
0.55676029
0.55676029
0.55676029
0.55489875
0.55489875
0.55489875
0.51021257
0.51021257
0.51021257
0.51021257
0.52187029
0.52187029
0.52187029
0.47841731
0.47592363
0.31705365
0.31705365
0.31705365
0.31705365
0.31705365
0.32038772
0.40290716
0.40290716
0.40436046
0.40436046
0.40436046
0.3985042
0.39747905
0.39747905
0.39747905
0.40805023
0.40805023
0.40805023
0.40805023
0.41621619
0.41621619
0.41621619
0.43856093
0.43856093
0.43856093
0.43856093
0.43856093
0.43856093
0.43856093
0.43856093
0.43856093
0.43856093
0.43856093
0.4021572
0.4021572
0.4021572
0.4021572
0.4021572
0.4021572
0.43371187
0.43371187
0.436692
0.436692
0.47496246
0.47505646
0.52573844
0.52573844
0.55414857
0.60353193
0.60353193
0.60353193
0.57765781
0.55078088
0.45573562
0.45573562
0.3668982
0.21754348
0.21754348
0.21754348
0.37124496
0.41392712
0.41392712
0.52522853
0.52522853
0.52522853
0.52522853
0.56786689
0.64825252
0.64825252
0.64825252
0.64825252
0.64825252
0.64825252
0.64825252
0.64825252
0.64825252
0.60791893
0.60791893
0.60791893
0.60791893
0.60791893
0.60791893
0.60791893
0.60742072
0.60412096
0.60412096
0.60412096
0.60412096
0.60412096
0.6008322
0.6008322
0.6008322
0.6008322
0.6008322
0.6008322
0.63577711
0.63577711
0.63577711
0.59281126
0.59060165
0.59060165
0.59060165
0.62209632
0.6323545
0.6323545
0.6323545
0.6612514
0.679659
0.70779655
0.70779655
0.70779655
0.70779655
0.70779655
0.6947442
0.6947442
0.6947442
0.6947442
0.6947442
0.66152424
0.65734636
0.61121133
0.58931509
0.58838172
0.58838172
0.38331689
0.33779424
0.33779424
0.33779424
0.33779424
0.33779424
0.33779424
0.46214245
0.47527257
0.5045154
0.51441627
0.55674421
0.55674421
0.55674421
0.51166662
0.51166662
0.51166662
0.51166662
0.46981421
0.46981421
0.42846241
0.40985908
0.40985908
0.40985908
0.40985908
0.47955734
0.47955734
0.47955734
0.66985925
0.67497405
0.67497405
0.67497405
0.66573093
0.66188852
0.58347129
0.41847894
0.41847894
0.37245457
0.37245457
0.37245457
0.37245457
0.37245457
0.37245457
0.37245457
0.37245457
0.41092617
0.41092617
0.41092617
0.57656084
0.57656084
0.61219202
0.61219202
0.61219202
0.61219202
0.61219202
0.61219202
0.58121629
0.54185507
0.54185507
0.54185507
0.54185507
0.57710047
0.57710047
0.57710047
0.5620738
0.5620738
0.5620738
0.62725687
0.62725687
0.62725687
0.62725687
0.62725687
0.62725687
0.62880537
0.73124519
0.75793171
0.84984445
0.84984445
0.84984445
0.84984445
0.84984445
0.84984445
0.84984445
0.88269706
0.88269706
0.88269706
0.88269706
0.88269706
0.65245668
0.55453526
0.55453526
0.55453526
0.55453526
0.55453526
0.54411678
0.48550827
0.48550827
0.48550827
0.52724056
0.52724056
0.62416337
0.62416337
0.62416337
0.62416337
0.62416337
0.6020632
0.6020632
0.6020632
0.59913714
0.59913714
0.59913714
0.63867971
0.64717544
0.64717544
0.64717544
0.6108204
0.6108204
0.6108204
0.59858632
0.59858632
0.59858632
0.59858632
0.57673931
0.57673931
0.57673931
0.57673931
0.57673931
0.57067102
0.57067102
0.57067102
0.62761829
0.63704207
0.65389897
0.68592362
0.68592362
0.68592362
0.68592362
0.68592362
0.68592362
0.64649741
0.64649741
0.64649741
0.67411537
0.67411537
0.67411537
0.70108235
0.70108235
0.70108235
0.67995814
0.67995814
0.67995814
0.60349609
0.60349609
0.60349609
0.60349609
0.50135939
0.50135939
0.50135939
0.5052112
0.5052112
0.5493057
0.5493057
0.5493057
0.5493057
0.47792099
0.46069937
0.3275201
0.27085946
0.21379675
0.18591102
0.18591102
0.18591102
0.18591102
0.18591102
0.35270288
0.43441074
0.44350629
0.44350629
0.44350629
0.42800009
0.37386639
0.37386639
0.37386639
0.39502901
0.39502901
0.39502901
0.46913471
0.46913471
0.46913471
0.48836038
0.48836038
0.58699871
0.62077937
0.62077937
0.62077937
0.56249923
0.54338244
0.54338244
0.54338244
0.508772
0.508772
0.508772
0.53335228
0.53335228
0.53335228
0.53335228
0.53335228
0.53335228
0.53335228
0.51169957
0.51169957
0.51169957
0.51632894
0.51632894
0.51632894
0.50429307
0.48084111
0.48084111
0.46585239
0.46585239
0.46585239
0.5105948
0.55025273
0.55025273
0.55025273
0.52900773
0.52325876
0.52325876
0.52325876
0.52325876
0.47088397
0.47088397
0.47088397
0.47088397
0.47088397
0.50846238
0.57626208
0.57626208
0.57626208
0.57626208
0.57626208
0.57626208
0.57626208
0.57626208
0.57626208
0.60337071
0.61128891
0.61128891
0.61128891
0.61128891
0.61128891
0.61128891
0.61128891
0.61128891
0.61128891
0.61128891
0.61128891
0.60679262
0.58566572
0.58566572
0.58566572
0.56641526
0.56641526
0.56125596
0.46903127
0.45816616
0.45816616
0.45816616
0.45816616
0.45816616
0.51442268
0.51707909
0.51707909
0.51707909
0.51707909
0.56664711
0.56809249
0.56809249
0.59970397
0.6108593
0.67596426
0.67596426
0.71726468
0.71726468
0.71726468
0.6707036
0.6707036
0.6707036
0.6707036
0.59432899
0.56897625
0.56897625
0.56897625
0.54246048
0.54246048
0.49113209
0.49113209
0.49113209
0.49113209
0.49113209
0.49113209
0.4562556
0.44442219
0.44442219
0.44442219
0.50340188
0.51448167
0.51448167
0.51448167
0.51448167
0.51448167
0.59861133
0.59861133
0.59861133
0.59861133
0.61883275
0.61883275
0.61883275
0.62937036
0.62937036
0.62937036
0.65422888
0.65422888
0.65422888
0.62633203
0.62633203
0.62633203
0.62633203
0.62633203
0.62633203
0.64254203
0.64254203
0.64254203
0.58346885
0.53536296
0.53536296
0.53536296
0.60666667
0.60880041
0.60880041
0.60880041
0.60880041
0.60880041
0.60880041
0.60880041
0.60880041
0.60509783
0.5948311
0.5948311
0.5948311
0.5948311
0.5948311
0.5948311
0.60121562
0.60121562
0.60121562
0.56106393
0.55529319
0.55529319
0.55529319
0.60605517
0.62591547
0.62779497
0.64694175
0.64694175
0.64694175
0.64694175
0.60944008
0.60944008
0.57490448
0.57490448
0.57490448
0.57490448
0.57077401
0.57077401
0.57077401
0.54586707
0.54586707
0.54586707
0.54586707
0.56159181
0.56159181
0.56159181
0.56159181
0.56159181
0.58890707
0.58890707
0.58890707
0.58890707
0.55250953
0.55250953
0.52068057
0.50925405
0.50222855
0.50222855
0.50222855
0.50222855
0.49229241
0.49229241
0.49229241
0.54893054
0.54893054
0.54893054
0.54893054
0.55902916
0.55902916
0.55902916
0.55902916
0.55902916
0.55902916
0.55902916
0.60769081
0.60769081
0.60769081
0.61625804
0.61625804
0.68020692
0.68020692
0.68020692
0.68020692
0.68020692
0.6321012
0.6321012
0.6321012
0.6321012
0.6321012
0.6321012
0.6321012
0.6321012
0.64399603
0.69039367
0.69039367
0.69039367
0.6845796
0.6845796
0.6845796
0.69735442
0.78314627
0.78314627
0.78314627
0.75793043
0.75793043
0.75793043
0.76172025
0.76172025
0.76172025
0.76172025
0.75264898
0.75264898
0.64241997
0.64241997
0.62722273
0.62722273
0.62722273
0.67006962
0.70513622
0.76130538
0.76130538
0.76130538
0.72852086
0.72852086
0.72852086
0.72852086
0.72852086
0.72852086
0.72852086
0.72852086
0.72852086
0.50455083
0.48452795
0.48452795
0.48452795
0.48452795
0.52322528
0.5700195
0.5700195
0.5700195
0.64263668
0.64263668
0.64263668
0.66337108
0.66337108
0.70320445
0.70320445
0.70320445
0.70320445
0.70320445
0.68643799
0.65930541
0.65930541
0.65930541
0.65930541
0.65930541
0.65930541
0.63741119
0.63718476
0.59600793
0.58853181
0.58853181
0.58853181
0.58853181
0.58853181
0.57023253
0.57023253
0.57023253
0.57837604
0.57837604
0.70667884
0.74792671
0.74792671
0.74792671
0.74792671
0.78477609
0.78477609
0.78477609
0.70463624
0.68874602
0.68874602
0.68874602
0.69925269
0.77249062
0.77249062
0.77249062
0.77249062
0.73852949
0.73852949
0.72087316
0.72087316
0.68501497
0.68501497
0.68501497
0.70986948
0.70986948
0.70986948
0.70227419
0.70227419
0.70227419
0.70227419
0.67410101
0.620777
0.61417139
0.61417139
0.60037489
0.60037489
0.47588108
0.47588108
0.47588108
0.47588108
0.34919612
0.34919612
0.34919612
0.34919612
0.3615133
0.36206511
0.36206511
0.36206511
0.33467934
0.33467934
0.33467934
0.35614646
0.35614646
0.49609517
0.49609517
0.50442138
0.50442138
0.50442138
0.50442138
0.61689156
0.64964619
0.66208071
0.66208071
0.66208071
0.62582804
0.62582804
0.58266903
0.58266903
0.52411503
0.52411503
0.52411503
0.49819962
0.49819962
0.49819962
0.49819962
0.49819962
0.42523057
0.42523057
0.42523057
0.42523057
0.3619984
0.3619984
0.3619984
0.39531493
0.49761838
0.49761838
0.49761838
0.49761838
0.49761838
0.49761838
0.49761838
0.56389012
0.56389012
0.56389012
0.63074226
0.64826188
0.68376444
0.68376444
0.68376444
0.66785996
0.66785996
0.66785996
0.67512983
0.67512983
0.67512983
0.67512983
0.67512983
0.67512983
0.66973632
0.66973632
0.66973632
0.66973632
0.66973632
0.66973632
0.64875931
0.57484669
0.54968506
0.54968506
0.54968506
0.54968506
0.54968506
0.54968506
0.56662888
0.62299055
0.62299055
0.62299055
0.62299055
0.69222917
0.69222917
0.70561338
0.70762138
0.70762138
0.70762138
0.70762138
0.7381424
0.75253236
0.75253236
0.75253236
0.75253236
0.75253236
0.75253236
0.72190958
0.72064455
0.72064455
0.72064455
0.72064455
0.72840721
0.72840721
0.72840721
0.72604783
0.72604783
0.72604783
0.72604783
0.70164361
0.68796562
0.68796562
0.68796562
0.68796562
0.68006089
0.68006089
0.65553237
0.57333768
0.57333768
0.57333768
0.59510871
0.59510871
0.59510871
0.6123885
0.6123885
0.6123885
0.6123885
0.6123885
0.6123885
0.58358202
0.21730011
0.1593445
0.1593445
0.1593445
0.32797693
0.53383571
0.64418104
0.64418104
0.64418104
0.40483217
0.21889273
0.21889273
0.21889273
0.41273458
0.51874261
0.51874261
0.51874261
0.54409997
0.56742382
0.56742382
0.5764215
0.5764215
0.5764215
0.5764215
0.6360406
0.6452305
0.6452305
0.6452305
0.6452305
0.6452305
0.6452305
0.59911663
0.51372648
0.49846598
0.49846598
0.49846598
0.50574222
0.5277799
0.59452441
0.59452441
0.59452441
0.59452441
0.59452441
0.56359657
0.55869856
0.55869856
0.53835652
0.27939254
0.27939254
0.27939254
0.33289681
0.5096733
0.52451704
0.52451704
0.5778548
0.5778548
0.5778548
0.5778548
0.5778548
0.5778548
0.5778548
0.65081971
0.67006527
0.6936031
0.72284246
0.72284246
0.72284246
0.72144092
0.72144092
0.72144092
0.67794921
0.67794921
0.67794921
0.67794921
0.67794921
0.67794921
0.67794921
0.60625199
0.60625199
0.60625199
0.61019519
0.61019519
0.61019519
0.57027554
0.57027554
0.57027554
0.57027554
0.56404593
0.56133002
0.55452466
0.55452466
0.49667629
0.47084419
0.46990279
0.46990279
0.41972725
0.41972725
0.41972725
0.44102197
0.44102197
0.44102197
0.41570581
0.37707617
0.37707617
0.37707617
0.44636965
0.44636965
0.44636965
0.45200052
0.45200052
0.45200052
0.45200052
0.45200052
0.45200052
0.45200052
0.45200052
0.3671867
0.3671867
0.3671867
0.37189329
0.37189329
0.37760892
0.37760892
0.37760892
0.37760892
0.37760892
0.37760892
0.37760892
0.37760892
0.37760892
0.37760892
0.37760892
0.37760892
0.3628806
0.35885025
0.35885025
0.35885025
0.35885025
0.35885025
0.35885025
0.35885025
0.3441328
0.3441328
0.3441328
0.3441328
0.3441328
0.3459447
0.3459447
0.3459447
0.34719294
0.34719294
0.34719294
0.37010653
0.37010653
0.37010653
0.35537772
0.35537772
0.32618584
0.32618584
0.32618584
0.3570066
0.39557247
0.39557247
0.39557247
0.39557247
0.39557247
0.39557247
0.46272153
0.46272153
0.46272153
0.46272153
0.47802836
0.51345494
0.51345494
0.51345494
0.52409039
0.52409039
0.52409039
0.49058874
0.32718818
0.29068283
0.29068283
0.29068283
0.21503918
0.18716996
0.18716996
0.18716996
0.19008144
0.30997136
0.33206732
0.33206732
0.33206732
0.33101856
0.33101856
0.32418714
0.32418714
0.32150949
0.31242324
0.28397125
0.22374082
0.19810812
0.16964164
0.16964164
0.16964164
0.20419779
0.24477162
0.24477162
0.2988543
0.2988543
0.40489543
0.40489543
0.40489543
0.3997572
0.3997572
0.3997572
0.3997572
0.42464546
0.51780608
0.51780608
0.51780608
0.51780608
0.51780608
0.58635256
0.69485568
0.69485568
0.69485568
0.69485568
0.69485568
0.6115397
0.6115397
0.52890433
0.52890433
0.39523927
0.39523927
0.39523927
0.49591112
0.49591112
0.49591112
0.54835195
0.54835195
0.54835195
0.52405516
0.47515435
0.45684122
0.43799224
0.43799224
0.43799224
0.43799224
0.43799224
0.44061365
0.44061365
0.45647421
0.56397178
0.56397178
0.56397178
0.4944145
0.4939105
0.40927018
0.40927018
0.40927018
0.40927018
0.40276893
0.40276893
0.40276893
0.41246179
0.41246179
0.41246179
0.39168831
0.29527665
0.29527665
0.29527665
0.29527665
0.29527665
0.29698696
0.38198645
0.38198645
0.38198645
0.38198645
0.38198645
0.38198645
0.38198645
0.31881402
0.31881402
0.31881402
0.31881402
0.31881402
0.31881402
0.31881402
0.31881402
0.32211239
0.43385669
0.43385669
0.43385669
0.43385669
0.43385669
0.43385669
0.40016498
0.40016498
0.40016498
0.40016498
0.49415341
0.55625521
0.55625521
0.66473317
0.67604886
0.67604886
0.67604886
0.70640567
0.71627
0.74422098
0.74727254
0.74847702
0.78379666
0.79974315
0.79974315
0.79974315
0.78496373
0.72058562
0.63779836
0.63779836
0.63779836
0.65153775
0.65153775
0.70610679
0.70610679
0.70610679
0.69717613
0.69717613
0.69717613
0.69770546
0.69770546
0.69770546
0.65865478
0.63611072
0.63611072
0.63611072
0.61857608
0.61857608
0.61857608
0.62287062
0.68183303
0.68912219
0.6965815
0.6965815
0.77166947
0.77166947
0.77166947
0.68341511
0.68341511
0.68341511
0.68341511
0.67218673
0.67218673
0.67218673
0.67218673
0.67218673
0.67218673
0.67218673
0.67218673
0.65111982
0.65111982
0.65111982
0.65111982
0.6813037
0.6813037
0.6813037
0.6813037
0.68392076
0.68392076
0.68392076
0.68392076
0.6724321
0.6724321
0.6724321
0.6724321
0.6724321
0.66687024
0.66687024
0.66687024
0.66687024
0.66687024
0.66687024
0.66576439
0.6611795
0.53795496
0.53795496
0.53394393
0.53394393
0.53394393
0.61201122
0.61201122
0.61201122
0.61201122
0.61201122
0.61325835
0.64224725
0.66117589
0.66248894
0.66248894
0.66248894
0.62804875
0.62804875
0.62804875
0.62804875
0.62804875
0.62804875
0.62308062
0.62308062
0.62308062
0.68225629
0.68225629
0.74800269
0.74800269
0.74800269
0.74800269
0.70392583
0.70392583
0.70392583
0.72424635
0.72424635
0.72424635
0.68742658
0.67670762
0.67670762
0.67670762
0.71452509
0.71478167
0.71478167
0.71478167
0.71478167
0.71478167
0.71478167
0.71478167
0.71478167
0.71478167
0.71478167
0.71478167
0.72728584
0.72728584
0.72728584
0.71400401
0.71400401
0.69686128
0.67316152
0.67316152
0.67316152
0.67316152
0.61187414
0.43511313
0.41252478
0.41252478
0.34998986
0.33845794
0.23437321
0.23437321
0.23437321
0.23437321
0.23437321
0.23437321
0.26399322
0.29372813
0.29372813
0.40513795
0.40513795
0.42921516
0.53935948
0.53935948
0.53935948
0.53935948
0.53935948
0.53935948
0.57661323
0.57661323
0.57661323
0.60633726
0.60633726
0.60633726
0.60633726
0.60633726
0.60633726
0.60633726
0.60633726
0.60633726
0.57451112
0.57451112
0.57451112
0.57451112
0.57451112
0.58599067
0.58599067
0.58599067
0.58599067
0.58599067
0.58599067
0.58599067
0.58599067
0.58599067
0.49395202
0.4758663
0.37762729
0.35450013
0.35450013
0.35450013
0.37669749
0.37669749
0.37669749
0.37669749
0.37669749
0.38357197
0.3907419
0.3907419
0.3907419
0.3907419
0.3245315
0.3245315
0.3245315
0.3245315
0.24669453
0.24669453
0.24669453
0.28479261
0.28479261
0.28479261
0.32676847
0.37218855
0.37218855
0.37218855
0.36511242
0.36511242
0.34705471
0.34705471
0.34705471
0.40690931
0.41836599
0.41836599
0.41836599
0.41836599
0.41836599
0.4185106
0.4185106
0.4185106
0.46194747
0.52490646
0.52490646
0.52490646
0.50657112
0.50657112
0.50657112
0.50657112
0.50657112
0.50657112
0.50657112
0.53517577
0.53517577
0.53517577
0.53517577
0.53517577
0.53517577
0.53517577
0.53517577
0.53788419
0.56936574
0.56936574
0.56936574
0.60451978
0.60451978
0.61398444
0.61398444
0.61398444
0.61398444
0.5878345
0.5878345
0.54514974
0.54514974
0.50371474
0.50371474
0.50371474
0.50371474
0.41156493
0.41156493
0.41156493
0.45779198
0.45779198
0.45779198
0.45182718
0.45182718
0.45182718
0.45182718
0.45182718
0.45182718
0.45182718
0.45182718
0.45126948
0.45126948
0.45126948
0.43008431
0.35706307
0.35706307
0.35706307
0.35723356
0.35723356
0.41031149
0.41031149
0.41031149
0.34643063
0.34643063
0.34643063
0.42002061
0.42963691
0.45541083
0.46881679
0.46881679
0.46881679
0.46881679
0.48000432
0.58174568
0.60770503
0.66969083
0.74301132
0.74301132
0.74301132
0.74301132
0.74301132
0.74301132
0.74301132
0.6710622
0.66711501
0.66711501
0.66711501
0.66711501
0.67892082
0.67892082
0.67892082
0.67892082
0.67892082
0.67892082
0.66759852
0.65086631
0.58246951
0.56729834
0.56729834
0.56729834
0.56729834
0.56729834
0.56729834
0.56575643
0.56575643
0.4997732
0.4997732
0.4997732
