0.14378942
0.15613135
0.15507991
0.15507991
0.15507991
0.07584556
0.07584556
0.07584556
0.07614733
0.15774874
0.15774874
0.15774874
0.15774874
0.19331785
0.19331785
0.19331785
0.19395015
0.22611197
0.22977379
0.22977379
0.22977379
0.19054815
0.19054815
0.19054815
0.1895529
0.1895529
0.1895529
0.1895529
0.18331613
0.18331613
0.18331613
0.22961632
0.22961632
0.22961632
0.22961632
0.22961632
0.28972393
0.28972393
0.30883337
0.30883337
0.30883337
0.30883337
0.30883337
0.30883337
0.30883337
0.30883337
0.30883337
0.30883337
0.28680792
0.28680792
0.28680792
0.29020014
0.30539084
0.34987181
0.34987181
0.34987181
0.31550693
0.31550693
0.31550693
0.31550693
0.31550693
0.31550693
0.31550693
0.31550693
0.33157467
0.33157467
0.33157467
0.28948183
0.28948183
0.28741404
0.28741404
0.28741404
0.28741404
0.27173206
0.27173206
0.27173206
0.23507477
0.23507477
0.23507477
0.25012559
0.25012559
0.25012559
0.24840477
0.24840477
0.24840477
0.24840477
0.24840477
0.2654229
0.2654229
0.2654229
0.2654229
0.31556084
0.31736294
0.31736294
0.31736294
0.23963747
0.23435087
0.23435087
0.23435087
0.24705228
0.25114163
0.2913103
0.2913103
0.2913103
0.2913103
0.27938677
0.27938677
0.27938677
0.29214211
0.29949551
0.29949551
0.29949551
0.29949551
0.29949551
0.30444289
0.31093486
0.31955427
0.34135383
0.34135383
0.34135383
0.30910022
0.30267859
0.30267859
0.30267859
0.31054673
0.31054673
0.31054673
0.33927223
0.33927223
0.33927223
0.32147498
0.32147498
0.32147498
0.32147498
0.32147498
0.32147498
0.3198159
0.3198159
0.3198159
0.3198159
0.3198159
0.28154209
0.28154209
0.28154209
0.28154209
0.28154209
0.28154209
0.28154209
0.27476131
0.27476131
0.27476131
0.27476131
0.27476131
0.27476131
0.27476131
0.27476131
0.27476131
0.27380165
0.27380165
0.27380165
0.27380165
0.27378472
0.25809767
0.25809767
0.25809767
0.25809767
0.29300827
0.29300827
0.29300827
0.26585587
0.26585587
0.26585587
0.26585587
0.26585587
0.26585587
0.26585587
0.26585587
0.23974799
0.23974799
0.23974799
0.23974799
0.23974799
0.23974799
0.23974799
0.23974799
0.17937221
0.17937221
0.17937221
0.17937221
0.17937221
0.15711289
0.11622069
0.11622069
0.11622069
0.11810461
0.11810461
0.11810461
0.13900019
0.1784866
0.26289187
0.26289187
0.26289187
0.26289187
0.26289187
0.26289187
0.26289187
0.26289187
0.26289187
0.2426252
0.2426252
0.2426252
0.25525181
0.26426433
0.26426433
0.26426433
0.26426433
0.26426433
0.26426433
0.26426433
0.23577475
0.21515976
0.20015492
0.19618263
0.19618263
0.19618263
0.19889624
0.19889624
0.19889624
0.19889624
0.19889624
0.20893447
0.21370705
0.21370705
0.21370705
0.21370705
0.21370705
0.21370705
0.21370705
0.21370705
0.21370705
0.16539394
0.16539394
0.16191425
0.16191425
0.16191425
0.16191425
0.16089966
0.14702648
0.14702648
0.14702648
0.18580253
0.18580253
0.18580253
0.18580253
0.18580253
0.18580253
0.21116474
0.21116474
0.21116474
0.19301145
0.19301145
0.19301145
0.23200673
0.23200673
0.23200673
0.23200673
0.216605
0.216605
0.216605
0.22323348
0.22323348
0.22323348
0.22323348
0.22323348
0.22323348
0.22323348
0.22323348
0.25849404
0.25849404
0.25849404
0.25849404
0.25849404
0.25849404
0.25849404
0.25849404
0.25849404
0.25849404
0.25849404
0.25849404
0.25849404
0.25849404
0.25849404
0.25849404
0.25849404
0.25849404
0.25849404
0.25849404
0.24950368
0.22942748
0.22942748
0.22942748
0.22942748
0.22942748
0.22942748
0.2396955
0.2396955
0.2396955
0.23638789
0.23638789
0.23638789
0.19722102
0.19563165
0.19563165
0.19563165
0.19563165
0.19719892
0.22200833
0.23507958
0.23507958
0.23507958
0.21694164
0.21694164
0.21694164
0.2202768
0.2202768
0.2202768
0.2202768
0.2202768
0.2202768
0.2202768
0.2202768
0.22543092
0.22543092
0.23450507
0.26832084
0.26832084
0.26832084
0.26832084
0.26832084
0.17802789
0.17802789
0.17802789
0.17802789
0.15832454
0.15832454
0.15832454
0.19453097
0.22546134
0.22546134
0.22546134
0.22546134
0.23313665
0.23313665
0.23313665
0.2205485
0.18970628
0.18970628
0.18970628
0.19312781
0.19312781
0.19312781
0.19312781
0.19312781
0.19592068
0.22844864
0.22844864
0.22844864
0.22844864
0.22844864
0.19224308
0.16659598
0.16659598
0.16659598
0.16659598
0.16659598
0.16659598
0.18544269
0.20031006
0.20031006
0.20031006
0.20031006
0.20031006
0.20031006
0.20031006
0.20031006
0.20031006
0.20031006
0.20031006
0.19313655
0.19313655
0.19313655
0.19313655
0.19313655
0.19313655
0.20069061
0.20069061
0.20069061
0.19032675
0.19032675
0.18462025
0.18462025
0.18462025
0.18462025
0.18462025
0.18462025
0.18462025
0.16788821
0.14173265
0.14173265
0.14173265
0.14173265
0.14173265
0.14173265
0.14173265
0.14173265
0.17480477
0.17480477
0.17480477
0.17480477
0.17480477
0.17480477
0.15955386
0.15955386
0.15955386
0.17978363
0.17978363
0.18930598
0.18930598
0.18930598
0.18723133
0.18723133
0.18723133
0.18723133
0.18723133
0.18723133
0.21698906
0.23791658
0.23791658
0.24517044
0.24517044
0.24517044
0.24517044
0.24517044
0.17657118
0.17444725
0.17444725
0.17444725
0.17444725
0.21583104
0.27051357
0.27553174
0.27553174
0.27553174
0.27759912
0.27759912
0.33908497
0.33908497
0.33908497
0.33908497
0.33908497
0.27865947
0.27865947
0.27865947
0.29076632
0.29076632
0.29076632
0.29076632
0.29076632
0.3733706
0.3733706
0.3733706
0.3733706
0.36317162
0.3286205
0.3286205
0.3286205
0.3286205
0.3286205
0.3286205
0.39821244
0.44166333
0.44166333
0.44166333
0.44166333
0.44166333
0.44166333
0.42615865
0.38856021
0.32277772
0.28967752
0.28967752
0.28967752
0.2798262
0.2798262
0.2798262
0.2798262
0.2798262
0.2798262
0.2798262
0.2798262
0.28427503
0.39775425
0.39775425
0.39775425
0.39775425
0.36500156
0.3273454
0.3273454
0.3273454
0.3273454
0.3273454
0.3273454
0.3273454
0.3273454
0.31151288
0.31151288
0.31151288
0.31151288
0.31151288
0.30968839
0.28726522
0.27047788
0.27047788
0.27047788
0.27047788
0.24828386
0.23024713
0.22615436
0.22615436
0.20004738
0.20004738
0.20004738
0.25477877
0.25477877
0.25477877
0.25477877
0.25477877
0.25477877
0.27814414
0.30001791
0.30001791
0.30001791
0.30001791
0.30001791
0.30001791
0.30001791
0.28949847
0.25852394
0.25852394
0.25852394
0.26685601
0.26685601
0.26685601
0.26685601
0.26685601
0.26685601
0.26685601
0.26440352
0.26440352
0.26440352
0.24061405
0.23317199
0.23317199
0.23317199
0.2865232
0.2865232
0.2865232
0.26818553
0.26092784
0.26092784
0.26092784
0.26092784
0.26092784
0.26092784
0.26092784
0.26092784
0.25767206
0.20744922
0.20744922
0.20744922
0.20744922
0.20744922
0.20744922
0.20744922
0.20744922
0.22642329
0.22642329
0.22642329
0.22642329
0.22988464
0.23962656
0.23962656
0.23962656
0.23962656
0.23962656
0.23962656
0.23962656
0.23962656
0.23962656
0.23962656
0.23962656
0.23962656
0.21057051
0.21057051
0.21057051
0.21057051
0.21057051
0.22500127
0.22500127
0.22500127
0.22500127
0.22500127
0.22500127
0.22500127
0.2530584
0.2530584
0.28413372
0.28500881
0.31589125
0.31589125
0.31589125
0.30619802
0.30619802
0.2712179
0.26161038
0.26161038
0.26161038
0.26161038
0.26161038
0.26161038
0.26161038
0.26161038
0.26161038
0.26161038
0.26161038
0.26161038
0.2293394
0.22140627
0.19207089
0.19207089
0.19207089
0.21884213
0.22130057
0.22130057
0.22130057
0.22130057
0.22130057
0.22130057
0.22130057
0.22130057
0.21518373
0.21518373
0.1615997
0.1615997
0.1615997
0.1615997
0.18796658
0.23683238
0.23683238
0.23683238
0.23683238
0.23683238
0.23683238
0.23683238
0.21913553
0.21913553
0.21913553
0.24667491
0.24667491
0.24667491
0.21710035
0.20359655
0.17950283
0.17950283
0.17950283
0.17950283
0.17950283
0.22069666
0.22069666
0.22069666
0.22069666
0.22069666
0.22069666
0.22069666
0.22069666
0.17092848
0.17092848
0.17092848
0.19046836
0.23185524
0.2386736
0.2386736
0.2386736
0.2386736
0.2386736
0.2619924
0.26638172
0.26638172
0.26638172
0.26638172
0.24349718
0.24349718
0.24349718
0.24349718
0.24349718
0.24349718
0.24349718
0.24349718
0.25290021
0.25290021
0.25290021
0.25290021
0.25290021
0.25290021
0.25290021
0.25290021
0.25290021
0.25290021
0.25064183
0.25064183
0.25064183
0.25064183
0.22111765
0.20043878
0.20043878
0.20043878
0.20043878
0.20043878
0.20043878
0.20043878
0.20043878
0.20043878
0.20043878
0.20043878
0.19887211
0.19887211
0.19887211
0.20708342
0.21437398
0.21437398
0.21437398
0.21437398
0.21441899
0.21441899
0.21441899
0.21441899
0.21441899
0.21441899
0.2356501
0.2356501
0.2356501
0.21459339
0.19703474
0.19703474
0.19703474
0.19703474
0.19703474
0.19703474
0.19703474
0.19200799
0.19200799
0.17742872
0.15794484
0.15794484
0.15713332
0.15713332
0.15713332
0.16837095
0.18026152
0.18026152
0.18026152
0.18026152
0.18026152
0.18476142
0.18476142
0.20493664
0.23647503
0.23647503
0.23647503
0.23647503
0.21702494
0.21702494
0.21702494
0.21702494
0.21702494
0.21606275
0.21606275
0.21606275
0.21606275
0.21606275
0.21606275
0.21606275
0.21606275
0.21606275
0.21606275
0.21606275
0.21606275
0.21606275
0.19820751
0.18889483
0.14687183
0.14687183
0.14687183
0.17464543
0.17464543
0.17464543
0.17464543
0.17464543
0.17464543
0.16244102
0.15785329
0.15785329
0.14895482
0.14895482
0.14895482
0.16165194
0.17360876
0.17360876
0.17360876
0.17360876
0.17360876
0.17360876
0.17316447
0.16234016
0.16234016
0.16234016
0.16234016
0.15750503
0.15750503
0.15750503
0.16785247
0.16785247
0.16785247
0.12819253
0.12819253
0.12819253
0.12819253
0.12819253
0.15066293
0.1510222
0.1510222
0.1510222
0.12544314
0.12544314
0.12544314
0.19543287
0.19543287
0.19543287
0.18708695
0.15131816
0.15131816
0.15131816
0.15131816
0.14729021
0.14729021
0.14729021
0.14729021
0.14729021
0.16729169
0.16729169
0.16729169
0.14781364
0.14781364
0.14781364
0.14781364
0.14781364
0.14781364
0.14781364
0.14639323
0.14639323
0.14639323
0.14639323
0.1422008
0.1422008
0.1422008
0.16116589
0.16116589
0.1614662
0.16965246
0.18323417
0.18323417
0.20862655
0.2140999
0.2140999
0.2140999
0.2140999
0.2140999
0.19060718
0.19060718
0.19060718
0.2165033
0.2190785
0.2223664
0.2223664
0.2223664
0.18174184
0.17298989
0.17298989
0.17298989
0.17517378
0.19676089
0.19676089
0.19676089
0.19676089
0.23303729
0.23303729
0.23303729
0.2328624
0.17258205
0.17258205
0.17258205
0.17258205
0.16324387
0.11202157
0.11202157
0.11202157
0.11202157
0.11202157
0.10051704
0.04788464
0.04788464
0.04788464
0.04788464
0.04788464
0.04788464
0.04788464
0.04788464
0.04788464
0.04788464
0.04788464
0.05127004
0.0786451
0.0896841
0.0896841
0.09919765
0.09919765
0.09919765
0.09919765
0.09919765
0.08488326
0.08488326
0.08488326
0.07738166
0.07738166
0.07738166
0.07738166
0.07738166
0.05948886
0.05948886
0.05948886
0.05948886
0.09365591
0.12243253
0.12243253
0.12243253
0.11366833
0.11366833
0.11366833
0.11029551
0.11029551
0.11029551
0.13133033
0.13133033
0.13133033
0.13133033
0.13133033
0.13133033
0.13133033
0.13133033
0.12229023
0.11825211
0.11825211
0.11825211
0.11188012
0.11188012
0.11188012
0.12209884
0.12209884
0.12209884
0.08180644
0.07763129
0.07763129
0.07763129
0.07763129
0.11365039
0.11365039
0.11365039
0.112865
0.10911268
0.09246773
0.0560328
0.0560328
0.0560328
0.07173948
0.07173948
0.07173948
0.08775359
0.08775359
0.08775359
0.08775359
0.11582471
0.11582471
0.11582471
0.12477318
0.12477318
0.12477318
0.12477318
0.13776129
0.19315996
0.19315996
0.20005088
0.21532594
0.21532594
0.21532594
0.17916437
0.11699477
0.11699477
0.11699477
0.11699477
0.11699477
0.11699477
0.11699477
0.11699477
0.13592737
0.13592737
0.13592737
0.12152817
0.12152817
0.11969972
0.11181354
0.09647749
0.09647749
0.09647749
0.11432261
0.11961063
0.11961063
0.11961063
0.11961063
0.11149759
0.11149759
0.11149759
0.10075499
0.10075499
0.10075499
0.10075499
0.10075499
0.10075499
0.10075499
0.08998195
0.08998195
0.0838324
0.0838324
0.07103198
0.07103198
0.07103198
0.09387086
0.09387086
0.09387086
0.0662592
0.0662592
0.0662592
0.0662592
0.0662592
0.0662592
0.0662592
0.07040727
0.07040727
0.07493826
0.07493826
0.09925489
0.11117518
0.14190442
0.16731936
0.16731936
0.16731936
0.1670025
0.1410446
0.13433727
0.13433727
0.13433727
0.13433727
0.1005537
0.05856088
0.05856088
0.05856088
0.08885364
0.13482165
0.13482165
0.13482165
0.13482165
0.16149349
0.1735247
0.1735247
0.1735247
0.17012619
0.15769135
0.15769135
0.15558736
0.15558736
0.15558736
0.15558736
0.15558736
0.15591247
0.15591247
0.17226669
0.17226669
0.17674409
0.17674409
0.17674409
0.17674409
0.22132215
0.22241381
0.22241381
0.22241381
0.22241381
0.22241381
0.22241381
0.22241381
0.22241381
0.22241381
0.15972998
0.09698296
0.08378677
0.08378677
0.08378677
0.08378677
0.08378677
0.0788836
0.0788836
0.0788836
0.0788836
0.03148974
0.03148974
0.03148974
0.09584433
0.09584433
0.09584433
0.09260262
0.07806875
0.07806875
0.07806875
0.05382559
0.05382559
0.05382559
0.04322335
0.01979804
0.01726124
0.01726124
0.01726124
0.02670072
0.02860155
0.02860155
0.02860155
0.02860155
0.02860155
0.03643324
0.06712395
0.06712395
0.06805404
0.06805404
0.07154382
0.0843253
0.08956825
0.08956825
0.08956825
0.083429
0.06917879
0.06917879
0.06917879
0.09595061
0.1042572
0.1042572
0.1042572
0.1042572
0.117613
0.12596929
0.12596929
0.12596929
0.08672281
0.08672281
0.08672281
0.08854941
0.08854941
0.08854941
0.08854941
0.10162953
0.10162953
0.10162953
0.09011891
0.09011891
0.09011891
0.09402448
0.09402448
0.09402448
0.09402448
0.09402448
0.09921488
0.09921488
0.10442314
0.10442314
0.10442314
0.10442314
0.09401686
0.09401686
0.09401686
0.09401686
0.11526702
0.12091403
0.12091403
0.12091403
0.12496647
0.12496647
0.12496647
0.12496647
0.12496647
0.09280451
0.09280451
0.09280451
0.12749836
0.12749836
0.12749836
0.12749836
0.12870724
0.12870724
0.16889238
0.22408645
0.22408645
0.22408645
0.16472439
0.16080237
0.16080237
0.16080237
0.18891646
0.18891646
0.18891646
0.18891646
0.18891646
0.18891646
0.18891646
0.21796476
0.21796476
0.21796476
0.21796476
0.21796476
0.21796476
0.21796476
0.21796476
0.21796476
0.18879423
0.18879423
0.18879423
0.18879423
0.18879423
0.18879423
0.18879423
0.18879423
0.21750153
0.21750153
0.25463605
0.25463605
0.25463605
0.23410951
0.23410951
0.23410951
0.23410951
0.23410951
0.23410951
0.23410951
0.23410951
0.23410951
0.23963075
0.25796229
0.25796229
0.25796229
0.25796229
0.25796229
0.25796229
0.25796229
0.25796229
0.25796229
0.25796229
0.25796229
0.25796229
0.25796229
0.26003157
0.26003157
0.26003157
0.23225001
0.23225001
0.23225001
0.23225001
0.22990236
0.22990236
0.22990236
0.22990236
0.22990236
0.22990236
0.22990236
0.22990236
0.22990236
0.22990236
0.22990236
0.22990236
0.22990236
0.22990236
0.22990236
0.22990236
0.22990236
0.22990236
0.22990236
0.22990236
0.22990236
0.2194255
0.2194255
0.2194255
0.2194255
0.2194255
0.25147828
0.25147828
0.30971393
0.30971393
0.30971393
0.25962273
0.25962273
0.25642306
0.24456192
0.24456192
0.24456192
0.24456192
0.23668392
0.23668392
0.23668392
0.23668392
0.16731236
0.16731236
0.16731236
0.21282217
0.23240281
0.23240281
0.23240281
0.21316351
0.21316351
0.21316351
0.21316351
0.21316351
0.21316351
0.21316351
0.21316351
0.21316351
0.21316351
0.21316351
0.21316351
0.21316351
0.3310919
0.3310919
0.36048046
0.36278777
0.36278777
0.36278777
0.36278777
0.36278777
0.36278777
0.36278777
0.36278777
0.34312356
0.34312356
0.34312356
0.34312356
0.34312356
0.34312356
0.34790059
0.34790059
0.35222741
0.35222741
0.35222741
0.30923074
0.30923074
0.30923074
0.30923074
0.30923074
0.25506816
0.25506816
0.25506816
0.15569697
0.15569697
0.15569697
0.18672413
0.18672413
0.19944852
0.2100262
0.2100262
0.2100262
0.10086756
0.10086756
0.10086756
0.13121187
0.13121187
0.1634814
0.21110307
0.21110307
0.27272307
0.27272307
0.27272307
0.38590644
0.38590644
0.38590644
0.38590644
0.38590644
0.35690889
0.35690889
0.35690889
0.36524852
0.39177724
0.4617688
0.4617688
0.4617688
0.48423172
0.48423172
0.48423172
0.46381495
0.46381495
0.46381495
0.40414769
0.40414769
0.40414769
0.45300643
0.47362721
0.47362721
0.47362721
0.45282878
0.45282878
0.44590047
0.44590047
0.44590047
0.44590047
0.41913863
0.41913863
0.41913863
0.40872141
0.40872141
0.40872141
0.40872141
0.40872141
0.40872141
0.40872141
0.40872141
0.40872141
0.3725284
0.35782042
0.35782042
0.35782042
0.36776713
0.37203209
0.37203209
0.37203209
0.37203209
0.37203209
0.37203209
0.38698851
0.38698851
0.38698851
0.27997754
0.27997754
0.27997754
0.34977403
0.34977403
0.34977403
0.34977403
0.38554872
0.38554872
0.38554872
0.38554872
0.38554872
0.41131236
0.41131236
0.41131236
0.39500035
0.39500035
0.39500035
0.39500035
0.39209589
0.39209589
0.39209589
0.39209589
0.39209589
0.39209589
0.39209589
0.38075027
0.38075027
0.38075027
0.38075027
0.38075027
0.36818863
0.34689551
0.34689551
0.32743443
0.28065959
0.23971905
0.23971905
0.23971905
0.29435801
0.29435801
0.3407852
0.3407852
0.40995235
0.40995235
0.40995235
0.41817948
0.47018215
0.47018215
0.47018215
0.47018215
0.47018215
0.45726335
0.45265727
0.45265727
0.41497986
0.41497986
0.41497986
0.42945832
0.45513635
0.45513635
0.45513635
0.45513635
0.45513635
0.45563269
0.45563269
0.48343479
0.48343479
0.48343479
0.53962908
0.53962908
0.53962908
0.53962908
0.53962908
0.51942626
0.51942626
0.51942626
0.51481712
0.48143476
0.43863983
0.43863983
0.43863983
0.47588856
0.49704182
0.49704182
0.49704182
0.51102704
0.53406265
0.53406265
0.53406265
0.50410942
0.50410942
0.50410942
0.50410942
0.50410942
0.53402233
0.53402233
0.53402233
0.53402233
0.53402233
0.50387041
0.50115746
0.50115746
0.50115746
0.50115746
0.50824847
0.50824847
0.50824847
0.50824847
0.50824847
0.50824847
0.50824847
0.50824847
0.46788384
0.46319856
0.46319856
0.45695684
0.45695684
0.45695684
0.45695684
0.45695684
0.45695684
0.4442079
0.43899762
0.43899762
0.43899762
0.44032033
0.44032033
0.44032033
0.44032033
0.4738957
0.48172597
0.48172597
0.48172597
0.47926757
0.47926757
0.47926757
0.47926757
0.47926757
0.40317903
0.34488076
0.34488076
0.34488076
0.37734162
0.37734162
0.37734162
0.37734162
0.37734162
0.37734162
0.34855069
0.34855069
0.34855069
0.32510063
0.32510063
0.32510063
0.33096783
0.33917798
0.33917798
0.33917798
0.33917798
0.33917798
0.35934204
0.35934204
0.35934204
0.40035611
0.41475717
0.41475717
0.41475717
0.4053005
0.35467292
0.35467292
0.35467292
0.37209663
0.37998654
0.37998654
0.37998654
0.37998654
0.47421718
0.47421718
0.47421718
0.47421718
0.47421718
0.40097087
0.35083519
0.3504296
0.3504296
0.3504296
0.3504296
0.40021172
0.40931786
0.40931786
0.40931786
0.40931786
0.36997798
0.36997798
0.36997798
0.3989053
0.3989053
0.3989053
0.3989053
0.3989053
0.37066459
0.37066459
0.37066459
0.37066459
0.37066459
0.39349665
0.39349665
0.39349665
0.39349665
0.39349665
0.41149949
0.41149949
0.41149949
0.41149949
0.41149949
0.41149949
0.41149949
0.41149949
0.41149949
0.41149949
0.41149949
0.41149949
0.41149949
0.43747559
0.44971729
0.44971729
0.5568776
0.5568776
0.5568776
0.51416867
0.51416867
0.47709454
0.44829901
0.44546757
0.44546757
0.44546757
0.4277962
0.4277962
0.4277962
0.45200414
0.45200414
0.45200414
0.45200414
0.45200414
0.45200414
0.44800392
0.44800392
0.44800392
0.38700127
0.37224381
0.37224381
0.37224381
0.42595927
0.48207254
0.48207254
0.48207254
0.48207254
0.55108332
0.55108332
0.56733787
0.56733787
0.56733787
0.56733787
0.56733787
0.56733787
0.56733787
0.55566616
0.55566616
0.55566616
0.56379416
0.56379416
0.56379416
0.56379416
0.56379416
0.53473313
0.51303943
0.51303943
0.51303943
0.51303943
0.51303943
0.51744758
0.51744758
0.51744758
0.51744758
0.57105849
0.57550697
0.57550697
0.57550697
0.55582734
0.5536823
0.5536823
0.53628452
0.53628452
0.53628452
0.53628452
0.53628452
0.5534471
0.56470636
0.61302156
0.61302156
0.61302156
0.61302156
0.61302156
0.61302156
0.61302156
0.60271481
0.54144729
0.54144729
0.54144729
0.5596098
0.5596098
0.5596098
0.55566424
0.54041742
0.54041742
0.48188236
0.4370698
0.4370698
0.4370698
0.4370698
0.4370698
0.4370698
0.4370698
0.45102356
0.45102356
0.45102356
0.43062109
0.43062109
0.43062109
0.43062109
0.43062109
0.49812335
0.49812335
0.49812335
0.49812335
0.49812335
0.49812335
0.49812335
0.51274382
0.51500894
0.51500894
0.51500894
0.50732386
0.50732386
0.50732386
0.5163505
0.5163505
0.5163505
0.46978554
0.46978554
0.46978554
0.46978554
0.46978554
0.46978554
0.46978554
0.46978554
0.46978554
0.46978554
0.46978554
0.38638469
0.38638469
0.37538909
0.37538909
0.37538909
0.44307157
0.44307157
0.44307157
0.44307157
0.44307157
0.460288
0.460288
0.460288
0.460288
0.46686422
0.49463815
0.49463815
0.49463815
0.49463815
0.49463815
0.49463815
0.49463815
0.49463815
0.49463815
0.49463815
0.52261423
0.55939582
0.55939582
0.55939582
0.55598716
0.51847636
0.51847636
0.51847636
0.51847636
0.51847636
0.49557313
0.49557313
0.49557313
0.49557313
0.49557313
0.49557313
0.49557313
0.4786625
0.4786625
0.4786625
0.49459275
0.52525209
0.55078882
0.55078882
0.55078882
0.53382489
0.52373426
0.50277186
0.50277186
0.50277186
0.5555149
0.5555149
0.5555149
0.47264103
0.45303699
0.45303699
0.45303699
0.46464877
0.54599795
0.54599795
0.54599795
0.54599795
0.54599795
0.54192957
0.54192957
0.53811514
0.53811514
0.51599415
0.51599415
0.51599415
0.51599415
0.52988798
0.54884433
0.54884433
0.55817063
0.6009304
0.6009304
0.6009304
0.6009304
0.6009304
0.58829506
0.58829506
0.58829506
0.63352447
0.63352447
0.63352447
0.68189604
0.71835689
0.72615302
0.72615302
0.72615302
0.72615302
0.72615302
0.68578226
0.67524553
0.67177392
0.67177392
0.67177392
0.72417156
0.72417156
0.72417156
0.72417156
0.74052348
0.74052348
0.74052348
0.66996764
0.66996764
0.6401468
0.6401468
0.63374101
0.63374101
0.61801085
0.61801085
0.61801085
0.61801085
0.61801085
0.61801085
0.61801085
0.61801085
0.61801085
0.61801085
0.61801085
0.61801085
0.61801085
0.61801085
0.61801085
0.61801085
0.62975951
0.62975951
0.62975951
0.60099469
0.60099469
0.60099469
0.58141659
0.58141659
0.56556283
0.56556283
0.53094188
0.53094188
0.53094188
0.53094188
0.53094188
0.52991666
0.52991666
0.52991666
0.5331306
0.5331306
0.5331306
0.5331306
0.5331306
0.5331306
0.5331306
0.5331306
0.5331306
0.5331306
0.52283191
0.45117792
0.45117792
0.45117792
0.45568109
0.46117703
0.4817667
0.49951807
0.49951807
0.49951807
0.50358556
0.50358556
0.50358556
0.48915165
0.48915165
0.46389155
0.46389155
0.46389155
0.475599
0.55112593
0.55112593
0.57306018
0.60193565
0.61569184
0.63760845
0.63760845
0.63760845
0.63760845
0.63760845
0.56779883
0.51743934
0.51743934
0.51743934
0.51743934
0.51743934
0.51743934
0.52297496
0.52297496
0.52297496
0.52297496
0.52297496
0.53419169
0.53419169
0.53419169
0.54888905
0.54888905
0.54888905
0.55397934
0.56328773
0.56328773
0.56328773
0.56328773
0.55289656
0.55289656
0.55289656
0.49304064
0.48015514
0.44803536
0.44803536
0.44721244
0.44721244
0.44721244
0.46484576
0.48573644
0.48573644
0.48573644
0.48573644
0.52981234
0.55410459
0.59969694
0.59969694
0.59969694
0.59969694
0.59969694
0.59969694
0.59969694
0.66794661
0.68010415
0.68010415
0.68010415
0.65504257
0.65504257
0.63843284
0.63843284
0.63843284
0.60688123
0.59294846
0.59294846
0.59294846
0.60259609
0.60259609
0.60259609
0.60259609
0.5852591
0.55865358
0.55865358
0.55865358
0.55865358
0.542942
0.542942
0.542942
0.542942
0.58267952
0.58267952
0.58267952
0.58267952
0.58267952
0.58267952
0.58267952
0.58267952
0.58267952
0.58267952
0.57537543
0.57537543
0.57168619
0.56981335
0.56981335
0.56981335
0.57028692
0.57028692
0.57028692
0.57028692
0.57028692
0.57028692
0.57028692
0.57431917
0.63061391
0.63061391
0.63061391
0.60061811
0.53849584
0.53849584
0.53849584
0.54117859
0.54117859
0.54117859
0.54117859
0.54117859
0.54117859
0.54117859
0.54117859
0.56793199
0.56793199
0.56793199
0.53404395
0.53404395
0.53045703
0.50131524
0.49893623
0.49893623
0.49893623
0.50679915
0.5147759
0.5316776
0.5316776
0.5316776
0.5455773
0.59035963
0.59035963
0.59035963
0.56970859
0.56970859
0.56970859
0.56970859
0.56970859
0.56970859
0.56970859
0.54969603
0.54088493
0.54088493
0.52076272
0.52076272
0.52076272
0.52076272
0.52076272
0.56477096
0.56477096
0.56477096
0.56477096
0.56477096
0.56477096
0.56477096
0.53728416
0.53728416
0.53728416
0.53728416
0.51067253
0.51067253
0.51067253
0.51067253
0.51067253
0.4717568
0.44161725
0.44161725
0.44161725
0.44161725
0.44161725
0.419823
0.419823
0.419823
0.45518294
0.52632875
0.52632875
0.52632875
0.52632875
0.52808626
0.52808626
0.52808626
0.58585634
0.58585634
0.58585634
0.58585634
0.58585634
0.57624339
0.56060834
0.54196553
0.54196553
0.54196553
0.49470036
0.49470036
0.49470036
0.49470036
0.49470036
0.49470036
0.49470036
0.49980604
0.51073875
0.5177432
0.5177432
0.5177432
0.50532028
0.50532028
0.50532028
0.50532028
0.5310149
0.57133204
0.57749663
0.57749663
0.57749663
0.57749663
0.57749663
0.57875716
0.59091855
0.59192915
0.59192915
0.59192915
0.58994005
0.58994005
0.58994005
0.58994005
0.58994005
0.58994005
0.57009902
0.56585556
0.56055865
0.56055865
0.56055865
0.55424531
0.55424531
0.55424531
0.55424531
0.536204
0.49844886
0.48073772
0.48073772
0.48073772
0.51858923
0.51858923
0.51858923
0.46000001
0.46000001
0.4022693
0.4022693
0.39727096
0.39727096
0.39727096
0.39727096
0.39727096
0.4008816
0.4008816
0.4008816
0.4008816
0.4008816
0.41645181
0.4187034
0.4187034
0.4187034
0.4187034
0.39698998
0.39698998
0.39698998
0.39788001
0.43065105
0.43142715
0.44152551
0.44152551
0.44152551
0.44152551
0.45941442
0.45941442
0.45941442
0.45941442
0.45941442
0.45941442
0.45941442
0.45733234
0.45733234
0.43737308
0.43737308
0.43737308
0.43737308
0.43737308
0.43737308
0.43737308
0.43774457
0.43774457
0.43774457
0.42551926
0.42551926
0.42551926
0.42551926
0.42551926
0.42551926
0.39936079
0.38118264
0.38118264
0.38118264
0.38118264
0.41966023
0.45284419
0.45284419
0.45284419
0.45284419
0.47377799
0.47377799
0.47921528
0.47921528
0.47921528
0.47921528
0.47921528
0.47921528
0.46740889
0.46084676
0.46084676
0.46084676
0.46084676
0.46084676
0.4433779
0.4433779
0.41176736
0.41176736
0.41176736
0.41610366
0.49561234
0.49561234
0.49561234
0.49544172
0.49544172
0.49544172
0.51334911
0.51334911
0.51334911
0.47830884
0.47830884
0.47830884
0.48160595
0.48160595
0.48160595
0.48160595
0.53885952
0.54781483
0.55405493
0.56354758
0.57120034
0.57120034
0.57120034
0.54549253
0.54549253
0.52869029
0.52869029
0.52869029
0.51915213
0.51915213
0.51915213
0.51915213
0.52444556
0.52444556
0.52444556
0.51236133
0.51236133
0.51236133
0.51244187
0.5145723
0.5145723
0.5145723
0.45309783
0.44776913
0.44776913
0.42082982
0.38350368
0.36426322
0.36426322
0.36426322
0.36655525
0.38064104
0.38064104
0.40278957
0.40278957
0.43450789
0.43450789
0.43450789
0.43450789
0.43450789
0.43450789
0.46049007
0.51293945
0.53717152
0.53717152
0.53717152
0.52807969
0.50649356
0.50649356
0.50649356
0.50649356
0.50649356
0.49481531
0.49481531
0.49481531
0.49481531
0.49481531
0.49481531
0.48289491
0.42642685
0.42642685
0.42642685
0.43335248
0.46346003
0.53196897
0.53498315
0.53498315
0.53498315
0.53498315
0.59049969
0.59049969
0.59049969
0.58072383
0.58072383
0.58072383
0.58072383
0.58072383
0.58072383
0.53666353
0.53666353
0.53666353
0.53666353
0.54792256
0.54792256
0.54792256
0.54792256
0.51777134
0.51777134
0.51777134
0.51777134
0.51777134
0.51777134
0.51777134
0.51148207
0.51148207
0.47904508
0.47904508
0.47867956
0.47867956
0.47867956
0.47867956
0.47867956
0.47867956
0.47867956
0.47867956
0.48763143
0.48763143
0.48763143
0.413167
0.32824642
0.32824642
0.32824642
0.33322343
0.33495667
0.33495667
0.40293516
0.4406872
0.44956281
0.44956281
0.44956281
0.42423244
0.42423244
0.42423244
0.35293313
0.3490215
0.33775889
0.33473641
0.33473641
0.33473641
0.3606794
0.39030562
0.39030562
0.39030562
0.39030562
0.39030562
0.39030562
0.39030562
0.39030562
0.39030562
0.42295038
0.42332684
0.42332684
0.49980578
0.49980578
0.49980578
0.45384795
0.44161938
0.44161938
0.44161938
0.45714185
0.46024866
0.46024866
0.46024866
0.46024866
0.47718082
0.47718082
0.47718082
0.43925597
0.43925597
0.43925597
0.43925597
0.43925597
0.44931279
0.44931279
0.44931279
0.43927928
0.43927928
0.43927928
0.43927928
0.43927928
0.43927928
0.43927928
0.48685887
0.48685887
0.48685887
0.48685887
0.48685887
0.48685887
0.48685887
0.48685887
0.48685887
0.48685887
0.4980244
0.527216
0.527216
0.527216
0.5001342
0.49983123
0.49983123
0.49983123
0.49983123
0.48650465
0.45796048
0.45796048
0.45796048
0.45796048
0.46519483
0.46519483
0.53899453
0.53899453
0.53899453
0.53856718
0.51436951
0.51436951
0.39479537
0.39479537
0.39479537
0.3949304
0.46425154
0.47766399
0.47766399
0.4913429
0.4913429
0.4913429
0.4913429
0.48960392
0.48960392
0.48960392
0.48960392
0.47445478
0.46304046
0.46304046
0.46304046
0.43982704
0.43982704
0.43982704
0.44116313
0.50079012
0.50079012
0.50079012
0.492415
0.492415
0.49218887
0.49218887
0.49218887
0.50004242
0.55210724
0.55210724
0.55210724
0.53700255
0.53700255
0.53700255
0.53700255
0.51380534
0.51380534
0.51380534
0.53869189
0.53869189
0.54482933
0.54482933
0.54482933
0.5258838
0.5258838
0.5258838
0.53303663
0.53303663
0.53303663
0.51466088
0.47166158
0.47166158
0.47166158
0.4739794
0.4739794
0.4739794
0.4739794
0.4739794
0.50878924
0.50878924
0.50878924
0.50878924
0.50878924
0.50878924
0.52397187
0.54000189
0.54000189
0.5523946
0.5523946
0.5962539
0.5962539
0.5962539
0.5962539
0.53630498
0.53365231
0.53365231
0.53365231
0.53365231
0.55439483
0.55439483
0.5752449
0.61609287
0.65771063
0.68151828
0.71234028
0.72432468
0.72432468
0.72432468
0.72432468
0.72432468
0.7201027
0.67512239
0.67512239
0.64021252
0.64021252
0.64021252
0.64021252
0.64021252
0.64021252
0.64021252
0.64021252
0.64575761
0.64575761
0.67249094
0.72664716
0.72664716
0.72664716
0.72664716
0.72664716
0.72664716
0.72664716
0.72664716
0.72664716
0.72664716
0.71828591
0.71828591
0.71828591
0.69988327
0.69988327
0.68964991
0.65567146
0.6453551
0.6453551
0.6453551
0.69306635
0.69306635
0.69306635
0.68383489
0.68383489
0.68383489
0.6742888
0.6742888
0.6742888
0.6742888
0.6742888
0.68639036
0.70017119
0.73200716
0.73200716
0.73200716
0.73200716
0.73200716
0.73200716
0.73200716
0.73200716
0.73200716
0.73200716
0.73200716
0.75139054
0.75731414
0.75731414
0.75731414
0.70990651
0.70990651
0.70990651
0.70990651
0.70990651
0.69123843
0.69123843
0.69123843
0.69123843
0.69123843
0.7183673
0.72973633
0.73791104
0.73791104
0.73791104
0.72508989
0.72508989
0.72508989
0.77128043
0.77128043
0.77128043
0.77128043
0.77128043
0.77128043
0.77055038
0.76741879
0.69675319
0.68854744
0.68304209
0.61264197
0.61264197
0.61264197
0.61264197
0.61264197
0.61264197
0.61264197
0.61264197
0.61264197
0.61264197
0.65242942
0.67623502
0.67623502
0.67623502
0.68468236
0.68468236
0.70321562
0.71129859
0.71129859
0.71129859
0.71129859
0.71250833
0.72095764
0.72241007
0.75654341
0.75654341
0.75654341
0.7142989
0.70008286
0.66829613
0.66829613
0.66829613
0.66829613
0.70968514
0.70968514
0.70968514
0.67637059
0.67637059
0.63534933
0.63534933
0.63534933
0.65113368
0.6674613
0.68580128
0.71389392
0.71389392
0.71847537
0.75372321
0.75462516
0.77263662
0.77263662
0.77263662
0.77263662
0.77263662
0.77263662
0.73750247
0.7310935
0.72143634
0.72143634
0.72143634
0.72143634
0.72143634
0.72143634
0.72143634
0.71281945
0.67640714
0.67640714
0.67640714
0.69159179
0.69159179
0.69159179
0.65418734
0.65418734
0.65418734
0.65418734
0.65418734
0.65418734
0.65952503
0.65952503
0.65952503
0.64320144
0.64320144
0.64320144
0.64320144
0.64320144
0.65394659
0.65394659
0.65394659
0.65394659
0.65394659
0.64178102
0.64178102
0.64178102
0.64178102
0.64178102
0.62153948
0.61077067
0.60556469
0.56294337
0.53175576
0.52383396
0.50851889
0.50851889
0.50851889
0.52327483
0.53685623
0.53685623
0.57159779
0.57159779
0.57159779
0.57159779
0.57159779
0.59920986
0.59920986
0.59920986
0.56354807
0.56354807
0.56354807
0.56354807
0.56354807
0.56354807
0.56354807
0.56354807
0.56354807
0.57487407
0.57487407
0.57487407
0.59918845
0.59918845
0.59918845
0.57501902
0.57501902
0.565243
0.565243
0.52234812
0.52234812
0.52234812
0.5347456
0.5347456
0.5347456
0.5347456
0.5347456
0.5347456
0.54151624
0.54151624
0.5742767
0.5742767
0.58348883
0.58348883
0.58348883
0.58348883
0.58348883
0.57619569
0.53514897
0.52777467
0.52777467
0.52777467
0.53726922
0.53726922
0.53726922
0.52342714
0.52342714
0.50524204
0.4548956
0.4548956
0.4548956
0.47885878
0.48782181
0.48831307
0.48831307
0.48831307
0.47036994
0.47036994
0.47036994
0.47036994
0.47036994
0.4785695
0.50048351
0.52646065
0.52646065
0.52646065
0.52646065
0.52646065
0.50053857
0.50053857
0.50053857
0.50053857
0.51439568
0.54740354
0.54740354
0.54740354
0.50621645
0.49617791
0.49617791
0.49617791
0.502486
0.502486
0.57153839
0.58444835
0.58444835
0.58444835
0.58444835
0.58444835
0.6113046
0.6113046
0.6113046
0.60749714
0.60231835
0.60231835
0.60231835
0.592718
0.55751127
0.53320155
0.53320155
0.53320155
0.59480694
0.59480694
0.59480694
0.58000619
0.51667212
0.51667212
0.51667212
0.51667212
0.57349669
0.57349669
0.57349669
0.57349669
0.57349669
0.56680258
0.56680258
0.56680258
0.56680258
0.56680258
0.56680258
0.53116161
0.53116161
0.53116161
0.5775752
0.5775752
0.5775752
0.5570305
0.5570305
0.5570305
0.5704446
0.58124529
0.58124529
0.58124529
0.58124529
0.58124529
0.58537254
0.58537254
0.58537254
0.58537254
0.57905221
0.57905221
0.57905221
0.57905221
0.57986526
0.57986526
0.57986526
0.5781599
0.57261821
0.57261821
0.57261821
0.57261821
0.56592355
0.55837451
0.55232801
0.55232801
0.55232801
0.55837915
0.57338959
0.57390161
0.57390161
0.57390161
0.60605499
0.60605499
0.60605499
0.60007871
0.57344643
0.56396735
0.56396735
0.52927695
0.51280018
0.51280018
0.51280018
0.51280018
0.51280018
0.51280018
0.51470178
0.51470178
0.55831511
0.55831511
0.58143188
0.59618311
0.61781752
0.61781752
0.61781752
0.61781752
0.61781752
0.59823445
0.59782856
0.58914257
0.58914257
0.58914257
0.56542141
0.56542141
0.56542141
0.59128057
0.59128057
0.59128057
0.59113772
0.59113772
0.59113772
0.59113772
0.59113772
0.59113772
0.59113772
0.59113772
0.59113772
0.59113772
0.59066386
0.58560467
0.58338224
0.58338224
0.58338224
0.58338224
0.58338224
0.58338224
0.58890763
0.61094459
0.61094459
0.61094459
0.58118612
0.58118612
0.58118612
0.54707445
0.54707445
0.54707445
0.54707445
0.54707445
0.54707445
0.55017936
0.55017936
0.55017936
0.56686618
0.56686618
0.56686618
0.56686618
0.56686618
0.59523431
0.59523431
0.59523431
0.54919149
0.53449305
0.53449305
0.53449305
0.53042262
0.53042262
0.53042262
0.55714796
0.55714796
0.55714796
0.55714796
0.55714796
0.59224493
0.63158647
0.63158647
0.63158647
0.63158647
0.63158647
0.63158647
0.63158647
0.63470695
0.64250583
0.64250583
0.64250583
0.64250583
0.64250583
0.63594836
0.63594836
0.61131125
0.61131125
0.61131125
0.55692184
0.55519686
0.55238804
0.53260399
0.52443147
0.4967652
0.4967652
0.4967652
0.4658028
0.4658028
0.4658028
0.4658028
0.46417075
0.46417075
0.44051124
0.42676292
0.42676292
0.42676292
0.38948482
0.38948482
0.37721842
0.37721842
0.34100267
0.34100267
0.34100267
0.45490006
0.47813391
0.47813391
0.47813391
0.48301568
0.50619967
0.58649719
0.60826452
0.60826452
0.60826452
0.57246021
0.57241743
0.57241743
0.55841081
0.55841081
0.55841081
0.56510531
0.56510531
0.56510531
0.56510531
0.53193054
0.48389704
0.45163375
0.45163375
0.42517368
0.42517368
0.42517368
0.42517368
0.42517368
0.42517368
0.42517368
0.42517368
0.43709009
0.47381715
0.52930696
0.56270207
0.56270207
0.56270207
0.52474761
0.51851769
0.45931322
0.45931322
0.45931322
0.45931322
0.45931322
0.45931322
0.45931322
0.45931322
0.45931322
0.45931322
0.45931322
0.47424148
0.50204726
0.50204726
0.50204726
0.50204726
0.50204726
0.50204726
0.45608875
0.41372098
0.41372098
0.41372098
0.4217608
0.4217608
0.54419676
0.54419676
0.54419676
0.54419676
0.54419676
0.54419676
0.54419676
0.54419676
0.54419676
0.5234147
0.50592306
0.46737988
0.46737988
0.46737988
0.45030124
0.42542494
0.42542494
0.42542494
0.40752334
0.40752334
0.40752334
0.48040174
0.48040174
0.48040174
0.48040174
0.48040174
0.48040174
0.48040174
0.48040174
0.48040174
0.50444201
0.53170708
0.53170708
0.55039437
0.55039437
0.55039437
0.49620674
0.46668947
0.46668947
0.46668947
0.50538955
0.50538955
0.54379482
0.54379482
0.54379482
0.52514153
0.52514153
0.52514153
0.5444166
0.5444166
0.5444166
0.5444166
0.5444166
0.5444166
0.50405588
0.50405588
0.50405588
0.50405588
0.47993294
0.47993294
0.47553728
0.47553728
0.44630043
0.42543893
0.42543893
0.42543893
0.48321883
0.48321883
0.48321883
0.48321883
0.46008731
0.46008731
0.41956235
0.41956235
0.41956235
0.48064281
0.48064281
0.5518895
0.61075746
0.61359042
0.6495692
0.76985675
0.7736946
0.7736946
0.7736946
0.81699234
0.86539875
0.86539875
0.86539875
0.86539875
0.86539875
0.86539875
0.86539875
0.86539875
0.86539875
0.81853383
0.80082975
0.73050432
0.73050432
0.73050432
0.73050432
0.71618921
0.67340914
0.61342488
0.52785957
0.52785957
0.51943209
0.51943209
0.51943209
0.44545554
0.42271709
0.42271709
0.42271709
0.42271709
0.37638816
0.37638816
0.37638816
0.39034394
0.39034394
0.39034394
0.39034394
0.39034394
0.39034394
0.31170321
0.28797051
0.28797051
0.28797051
0.28797051
0.28797051
0.2214007
0.2214007
0.2214007
0.24789744
0.24789744
0.30272909
0.30272909
0.30272909
0.36949152
0.38627951
0.39606724
0.39606724
0.39606724
0.39606724
0.39606724
0.39606724
0.32445663
0.32445663
0.32445663
0.32445663
0.32445663
0.32445663
0.39563287
0.56241926
0.64335966
0.68580069
0.68580069
0.68580069
0.77382461
0.85137199
0.85137199
0.85137199
0.85137199
0.85137199
0.85137199
0.85137199
0.82747118
0.80698678
0.75059594
0.74137629
0.74137629
0.74137629
0.77103784
0.77103784
0.77103784
0.76509076
0.76509076
0.76509076
0.76509076
0.72764276
0.72764276
0.72764276
0.72764276
0.65977144
0.65977144
0.65977144
0.65977144
0.65977144
0.62376566
0.62376566
0.62376566
0.62376566
0.5755872
0.5755872
0.5755872
0.5755872
0.5755872
0.58297202
0.58297202
0.58297202
0.58297202
0.58297202
0.58297202
0.58297202
0.58297202
0.58297202
0.49922481
0.49922481
0.49922481
0.49922481
0.54370879
0.54370879
0.55256926
0.59093833
0.59093833
0.62280335
0.65013799
0.65013799
0.65013799
0.63203246
0.63203246
0.63203246
0.64533909
0.64533909
0.64533909
0.5957521
0.5957521
0.5957521
0.59678684
0.59678684
0.62266821
0.64404668
0.64404668
0.64404668
0.64404668
0.64404668
0.64404668
0.59141204
0.55739657
0.55739657
0.55739657
0.63353846
0.63353846
0.63353846
0.63353846
0.6545383
0.6545383
0.6545383
0.6545383
0.6545383
0.6545383
0.68215881
0.7127758
0.7127758
0.7127758
0.7127758
0.7127758
0.69667873
0.69667873
0.69667873
0.69054832
0.69054832
0.69054832
0.69054832
0.69054832
0.69054832
0.69054832
0.69054832
0.69054832
0.63315476
0.63315476
0.63315476
0.63315476
0.63315476
0.54592005
0.54592005
0.54592005
0.55474708
0.59948428
0.59963111
0.59963111
0.65183083
0.65183083
0.65183083
0.65183083
0.67877399
0.67877399
0.67877399
0.6525598
0.5405558
0.53090794
0.50078847
0.43560244
0.43560244
0.36073894
0.32877184
0.32877184
0.32877184
0.32877184
0.32877184
0.32877184
0.41568166
0.41568166
0.41568166
0.41568166
0.41568166
0.41568166
0.41568166
0.41568166
0.41568166
0.41568166
0.46989688
0.46989688
0.46989688
0.47623862
0.51732437
0.51732437
0.51732437
0.51732437
0.51732437
0.51732437
0.51732437
0.53235943
0.53235943
0.53235943
0.51878132
0.51878132
0.49997788
0.46561364
0.45935745
0.45935745
0.45935745
0.45935745
0.43531554
0.43254092
0.43254092
0.43254092
0.45872845
0.45872845
0.45872845
0.54886471
0.54886471
0.59870673
0.59870673
0.59870673
0.58541878
0.58541878
0.58541878
0.61000379
0.61919092
0.68263207
0.68263207
0.68263207
0.68263207
0.67839557
0.67839557
0.65526805
0.65526805
0.65526805
0.68644663
0.68644663
0.68644663
0.68644663
0.68644663
0.68644663
0.68644663
0.68644663
0.63508388
0.62467122
0.62467122
0.62467122
0.62467122
0.62467122
0.62467122
0.62026922
0.62026922
0.62026922
0.66223114
0.78346841
0.82243092
0.82243092
0.82243092
0.80316811
0.80316811
0.80316811
0.75075322
0.75075322
0.75075322
0.75075322
0.75075322
0.75075322
0.75075322
0.75075322
0.75075322
0.76065582
0.76065582
0.76065582
0.71294276
0.66474959
0.6255088
0.6255088
0.6255088
0.6255088
0.6255088
0.6255088
0.62577818
0.62577818
0.62577818
0.6248774
0.6248774
0.6248774
0.6248774
0.7267003
0.7267003
0.74417991
0.74417991
0.75318466
0.75318466
0.75318466
0.75318466
0.75318466
0.74433274
0.72697893
0.67022949
0.67022949
0.67022949
0.67022949
0.67022949
0.67022949
0.68761143
0.70258602
0.70258602
0.73195451
0.73195451
0.73195451
0.65979761
0.65979761
0.65979761
0.65979761
0.65979761
0.65979761
0.61144315
0.56177232
0.56177232
0.54485098
0.54485098
0.54485098
0.54485098
0.54485098
0.54485098
0.53242422
0.51881476
0.511871
0.511871
0.48448328
0.48448328
0.48448328
0.52498609
0.52498609
0.52498609
0.52498609
0.52498609
0.52498609
0.52498609
0.52498609
0.52498609
0.4704029
0.46733295
0.46733295
0.46733295
0.46733295
0.4980313
0.4980313
0.4980313
0.4980313
0.51997428
0.51997428
0.51997428
0.51997428
0.51997428
0.5136778
0.5136778
0.47900471
0.46698576
0.46698576
0.46698576
0.46698576
0.46698576
0.46698576
0.46698576
0.46698576
0.46698576
0.46698576
0.46698576
0.46698576
0.46698576
0.46698576
0.46698576
0.46698576
0.46698576
0.46698576
0.46698576
0.46698576
0.46698576
0.44174812
0.40509235
0.40509235
0.40509235
0.40909272
0.40909272
0.44237054
0.44237054
0.44237054
0.41572006
0.41572006
0.41572006
0.40106018
0.38540005
0.37071267
0.36031641
0.36031641
0.36031641
0.3382434
0.3382434
0.3382434
0.37870166
0.37870166
0.37870166
0.34120291
0.34120291
0.34120291
0.34120291
0.39738092
0.39738092
0.39738092
0.39738092
0.39738092
0.39738092
0.39738092
0.36541187
0.36541187
0.36541187
0.36541187
0.36541187
0.3509171
0.3284442
0.3284442
0.3284442
0.3284442
0.27084976
0.27084976
0.27084976
0.33360379
0.40157424
0.44740358
0.46436129
0.46436129
0.46436129
0.46436129
0.46436129
0.46436129
0.46436129
0.48928305
0.50156192
0.51540773
0.51540773
0.51540773
0.51540773
0.51540773
0.51540773
0.4981068
0.4981068
0.4981068
0.49362296
0.49362296
0.47215057
0.47215057
0.47215057
0.49450044
0.49450044
0.51119439
0.52335393
0.52335393
0.52335393
0.51212754
0.47521109
0.47521109
0.47521109
0.47521109
0.47521109
0.47310335
0.47310335
0.45119589
0.40612539
0.34623511
0.34623511
0.34623511
0.33531333
0.33531333
0.33531333
0.34366319
0.35895256
0.35895256
0.39240031
0.44648428
0.44648428
0.44648428
0.44648428
0.45406301
0.51980232
0.51980232
0.51980232
0.4814984
0.41828527
0.38985451
0.38631653
0.38631653
0.38631653
0.26136772
0.26136772
0.26136772
0.34826488
0.34826488
0.45815962
0.45815962
0.50399835
0.57743606
0.57743606
0.57743606
0.57743606
0.60736756
0.64229508
0.68626143
0.68626143
0.74087798
0.76650117
0.77556025
0.77556025
0.80131096
0.80131096
0.80131096
0.88516005
0.88516005
0.88516005
0.88144757
0.88073046
0.88073046
0.83770801
0.83770801
0.83770801
0.83770801
0.90582095
0.90582095
0.90582095
0.81651457
0.81651457
0.79549289
0.68755201
0.68755201
0.64572963
0.64572963
0.64572963
0.64572963
0.64572963
0.67496254
0.67496254
0.67496254
0.67496254
0.56744136
0.55724993
0.55724993
0.55724993
0.56478677
0.56478677
0.56478677
0.56478677
0.56478677
0.56478677
0.54045478
0.54045478
0.54045478
0.54045478
0.54045478
0.54045478
0.54045478
0.53091304
0.53091304
0.53091304
0.53091304
0.53091304
0.57197881
0.5778568
0.5778568
0.61625473
0.61625473
0.61625473
0.59857772
0.54405564
0.54405564
0.54405564
0.54405564
0.54405564
0.54405564
0.54405564
0.54405564
0.54405564
0.54125966
0.54125966
0.54125966
0.5880259
0.5880259
0.5880259
0.5880259
0.5880259
0.64988767
0.71882252
0.71882252
0.71882252
0.71882252
0.71882252
0.71882252
0.71882252
0.71882252
0.71882252
0.71882252
0.71882252
0.71882252
0.71882252
0.68901636
0.67200591
0.64654572
0.64654572
0.64654572
0.64654572
0.64654572
0.64933076
0.65434152
0.65434152
0.65434152
0.59450697
0.59450697
0.57677956
0.57677956
0.5188745
0.45963151
0.45963151
0.34679227
0.34679227
0.34679227
0.37666866
0.39531736
0.45546269
0.47701161
0.47701161
0.4927989
0.4927989
0.4927989
0.50530446
0.50530446
0.51417709
0.51417709
0.51417709
0.51321521
0.51321521
0.50459824
0.48910305
0.48910305
0.48910305
0.48910305
0.49150882
0.49150882
0.50771066
0.50771066
0.50771066
0.48441928
0.48441928
0.48441928
0.36103956
0.36103956
0.36103956
0.43108945
0.45179714
0.71380049
0.78817097
0.83532144
0.83532144
0.83532144
0.81023272
0.80978375
0.75759476
0.64673938
0.64673938
0.64673938
0.64673938
0.64673938
0.64673938
0.64673938
0.61585286
0.55834794
0.55834794
0.53308804
0.47906456
0.47906456
0.47906456
0.47906456
0.47906456
0.48794021
0.48794021
0.48794021
0.48794021
0.48794021
0.48794021
0.47605751
0.44383163
0.44383163
0.44383163
0.44383163
0.44383163
0.49449928
0.49449928
0.49449928
0.49449928
0.52842389
0.52842389
0.52842389
0.52842389
0.52842389
0.50729752
0.50729752
0.39364725
0.37422491
0.37422491
0.3631752
0.3631752
0.3631752
0.37297164
0.37297164
0.45194879
0.45194879
0.45194879
0.4622895
0.63041982
0.68949255
0.68949255
0.68949255
0.64103686
0.62531657
0.62531657
0.60414067
0.60414067
0.5676436
0.54969877
0.54969877
0.54969877
0.54969877
0.50872066
0.50253557
0.50253557
0.50253557
0.59982834
0.68140915
0.68411493
0.68411493
0.71820913
0.71820913
0.71820913
0.71820913
0.70924567
0.70924567
0.70924567
0.70924567
0.70924567
0.70924567
0.70924567
0.70676571
0.68475266
0.68475266
0.68475266
0.69980679
0.69980679
0.69980679
0.64126186
0.64126186
0.64126186
0.64126186
0.65496909
0.69600773
0.69600773
0.69600773
0.66947195
0.6528631
0.63273175
0.63273175
0.58433679
0.53869578
0.53869578
0.51905768
0.51905768
0.44823673
0.44823673
0.44823673
0.49517817
0.49517817
0.49517817
0.49517817
0.49517817
0.56465353
0.56465353
0.56465353
0.57654339
0.59065202
0.6007945
0.72250797
0.72250797
0.73591332
0.73591332
0.78981722
0.78981722
0.8193919
0.8193919
0.8193919
0.81318657
0.81318657
0.7559174
0.72196813
0.72196813
0.72196813
0.82163571
0.82964156
0.82964156
0.82964156
0.82307331
0.82307331
0.82307331
0.80263572
0.7941537
0.7941537
0.7941537
0.81019907
0.81019907
0.81019907
0.77985062
0.75523182
0.75523182
0.75523182
0.75523182
0.75523182
0.77732988
0.81721984
0.81721984
0.81721984
0.81147067
0.81147067
0.81147067
0.78682029
0.74742774
0.74742774
0.73221382
0.68581924
0.67635415
0.65981515
0.64221447
0.64221447
0.64221447
0.64221447
0.64221447
0.64221447
0.64221447
0.63223597
0.63223597
0.60692477
0.60692477
0.60692477
0.56679245
0.56679245
0.56679245
0.57589177
0.57589177
0.58620953
0.59202968
0.59202968
0.59202968
0.59202968
0.60904345
0.6118879
0.64049256
0.65236489
0.65236489
0.65484225
0.65484225
0.68181832
0.70716242
0.70716242
0.70716242
0.71816386
0.71816386
0.71816386
0.69754524
0.67986018
0.65397582
0.65363772
0.65363772
0.65363772
0.65363772
0.62852185
0.62852185
0.62852185
0.63828002
0.63828002
0.63828002
0.63828002
0.63828002
0.67442486
0.67442486
0.67442486
0.69284369
0.69284369
0.73679357
0.73679357
0.73679357
0.73679357
0.73679357
0.73679357
0.71947835
0.71720742
0.71720742
0.71720742
0.71720742
0.71720742
0.72672374
0.72672374
0.72672374
0.6962275
0.6962275
0.65824402
0.65824402
0.65824402
0.65824402
0.64785451
0.64785451
0.64785451
0.66791735
0.69381209
0.74858827
0.78915696
0.78915696
0.79212621
0.79212621
0.79212621
0.79212621
0.79212621
0.75931775
0.75931775
0.74613668
0.74613668
0.74613668
0.74613668
0.75578435
0.75578435
0.76231052
0.76231052
0.76231052
0.74037825
0.66831508
0.66831508
0.66831508
0.66831508
0.66831508
0.66831508
0.66831508
0.66831508
0.66831508
0.69153039
0.69153039
0.69153039
0.69153039
0.70600649
0.71936759
0.71936759
0.71936759
0.71936759
0.71936759
0.73130617
0.73130617
0.73130617
0.72230435
0.72230435
0.70428917
0.64245265
0.61421201
0.60070977
0.60070977
0.60070977
0.63440395
0.63440395
0.63440395
0.63440395
0.63209386
0.62302937
0.62302937
0.62302937
0.62235073
0.59889495
0.59889495
0.55356679
0.55356679
0.55356679
0.55356679
0.55356679
0.55514057
0.55514057
0.55514057
0.55084528
0.55084528
0.55084528
0.55084528
0.55171968
0.55171968
0.55171968
0.57140156
0.57140156
0.57140156
0.58903806
0.58903806
0.63698196
0.64431504
0.65566672
0.66025307
0.66025307
0.66025307
0.66025307
0.66025307
0.66025307
0.66025307
0.66025307
0.65508323
0.65508323
0.65508323
0.68752114
0.68752114
0.68752114
0.68752114
0.68118826
0.68118826
0.68118826
0.69185265
0.69287087
0.69287087
0.69287087
0.69287087
0.69287087
0.69624951
0.69624951
0.69624951
0.7182571
0.7182571
0.7182571
0.78476755
0.78476755
0.78476755
0.78476755
0.78476755
0.78476755
0.78476755
0.79923713
0.79923713
0.79923713
0.79923713
0.86320124
0.86320124
0.89458548
0.89458548
0.89458548
0.8864057
0.85471547
0.85253414
0.85253414
0.85253414
0.85253414
0.86014186
0.86807707
0.87223342
0.87223342
0.87223342
0.82854579
0.82854579
0.80999366
0.80999366
0.80999366
0.80999366
0.80999366
0.79685886
0.78417646
0.78417646
0.7707425
0.7635842
0.76090585
0.76090585
0.76090585
0.80152032
0.80152032
0.80152032
0.80152032
0.80152032
0.80152032
0.80152032
0.80152032
0.80152032
0.79479254
0.79479254
0.79479254
0.79479254
0.79479254
0.84311776
0.84311776
0.84311776
0.84311776
0.84851861
0.84865631
0.88539117
0.89645058
0.89645058
0.90685838
0.90685838
0.90838496
0.90838496
0.90838496
0.89684488
0.89684488
0.89684488
0.93357102
0.93357102
0.93357102
0.93357102
0.93357102
0.93357102
0.89339333
0.87438739
0.86808818
0.86808818
0.86808818
0.86808818
0.86808818
0.86808818
0.86808818
0.86808818
0.85189828
0.79974856
0.77968543
0.77968543
0.77968543
0.77968543
0.77222252
0.77222252
0.77222252
0.77222252
0.77222252
0.77222252
0.77222252
0.77222252
0.77222252
0.75626366
0.72261889
0.70477571
0.70477571
0.70477571
0.76851523
0.77048443
0.77048443
0.77048443
0.74749057
0.74749057
0.74749057
0.74749057
0.74749057
0.7227229
0.70241404
0.70241404
0.70241404
0.70241404
0.70241404
0.64566292
0.64566292
0.64566292
0.64566292
0.65486683
0.65486683
0.65486683
0.65486683
0.65486683
0.65486683
0.66243145
0.66243145
0.66243145
0.66243145
0.58459509
0.58459509
0.58394739
0.58394739
0.58394739
0.58620814
0.58620814
0.61721358
0.61721358
0.61721358
0.60762608
0.60762608
0.60762608
0.61406198
0.62573996
0.66890427
0.66890427
0.67730176
0.67730176
0.67730176
0.62100053
0.62100053
0.62100053
0.621289
0.6768135
0.68217837
0.68217837
0.68217837
0.6745799
0.6745799
0.6745799
0.6745799
0.67450432
0.64178112
0.64178112
0.64178112
0.66740753
0.66740753
0.66740753
0.66474372
0.66474372
0.66474372
0.66474372
0.66474372
0.67432832
0.67432832
0.67432832
0.67432832
0.71129876
0.71129876
0.71129876
0.71129876
0.71129876
0.71129876
0.71129876
0.75274553
0.75274553
0.75274553
0.69724479
0.69724479
0.69724479
0.69724479
0.69724479
0.74764715
0.74764715
0.74764715
0.74764715
0.74764715
0.74764715
0.74764715
0.74764715
0.74764715
0.66975178
0.66975178
0.60415179
0.57466182
0.57466182
0.5591335
0.5591335
0.55403624
0.55403624
0.55403624
0.61457503
0.66631558
0.66639096
0.68154895
0.68154895
0.68154895
0.68154895
0.68154895
0.63065855
0.61186359
0.61186359
0.61186359
0.61186359
0.55604357
0.55604357
0.55604357
0.63365929
0.67798966
0.67798966
0.67798966
0.67798966
0.67798966
0.67798966
0.67798966
0.67354085
0.67354085
0.64056978
0.56339005
0.56339005
0.56339005
0.56339005
0.56852636
0.56852636
0.56852636
0.56852636
0.53726637
0.53726637
0.5366829
0.50560715
0.50560715
0.50560715
0.59871262
0.61149669
0.61149669
0.61149669
0.61149669
0.61149669
0.61149669
0.61149669
0.61149669
0.5871199
0.57038889
0.56652369
0.56652369
0.56652369
0.56652369
0.56652369
0.56652369
0.57644331
0.61093309
0.61093309
0.61093309
0.61093309
0.5721134
0.5721134
0.5721134
0.5721134
0.5721134
0.5721134
0.5721134
0.5721134
0.47780004
0.47780004
0.47780004
0.54109203
0.54754955
0.54754955
0.54754955
0.54754955
0.54754955
0.54754955
0.54754955
0.54754955
0.48347115
0.48347115
0.48347115
0.48347115
0.44516958
0.44366901
0.44366901
0.38710268
0.38710268
0.38710268
0.38710268
0.38710268
0.38710268
0.38710268
0.41537922
0.4714543
0.49668387
0.49668387
0.49668387
0.43271198
0.42673122
0.4248567
0.40207207
0.39502234
0.39502234
0.39502234
0.39502234
0.39502234
0.39502234
0.39502234
0.40455174
0.40455174
0.40455174
0.40455174
0.41786328
0.45380687
0.47026623
0.47026623
0.47026623
0.47026623
0.47795147
0.53446596
0.53446596
0.53446596
0.49427632
0.45329065
0.45329065
0.45329065
0.45329065
0.45329065
0.38030091
0.38030091
0.38030091
0.38030091
0.37231247
0.37231247
0.37231247
0.37231247
0.37231247
0.37231247
0.38593289
0.41473566
0.41473566
0.45192495
0.45192495
0.49018958
0.49018958
0.49018958
0.49018958
0.49018958
0.49018958
0.46642842
0.46642842
0.46642842
0.46642842
0.46642842
0.4769949
0.4769949
0.52740329
0.52740329
0.52740329
0.48549832
0.48549832
0.48549832
0.48675395
0.48675395
0.48675395
0.48675395
0.48675395
0.45362428
0.45362428
0.45362428
0.43015879
0.34396043
0.34396043
0.34396043
0.41762255
0.41762255
0.41762255
0.29498297
0.29498297
0.29498297
0.29498297
0.29498297
0.29498297
0.29498297
0.29498297
0.29498297
0.29498297
0.29498297
0.26774194
0.26774194
0.26774194
0.24509229
0.24509229
0.24509229
0.27820314
0.27820314
0.27820314
0.3638127
0.37935494
0.37935494
0.37935494
0.37935494
0.37935494
0.37935494
0.37935494
0.36103501
0.36103501
0.36103501
0.36103501
0.36103501
0.43075745
0.43075745
0.43075745
0.43075745
0.43075745
0.40673923
0.40673923
0.40673923
0.40868439
0.40868439
0.40868439
0.40868439
0.40868439
0.42628085
0.42628085
0.42628085
0.37942903
0.35448878
0.35448878
0.35448878
0.35516146
0.36323019
0.36323019
0.41297528
0.41297528
0.41297528
0.38884877
0.38884877
0.38831981
0.38831981
0.38831981
0.38831981
0.29821008
0.28674764
0.28674764
0.28674764
0.28674764
0.28674764
0.28674764
0.28674764
0.28674764
0.28674764
0.28674764
0.28674764
0.28674764
0.28674764
0.28674764
0.3152797
0.33784863
0.33784863
0.33784863
0.30579768
0.30579768
0.30579768
0.30579768
0.24783907
0.24783907
0.24783907
0.25813964
0.33174618
0.37058731
0.37058731
0.37058731
0.37058731
0.37058731
0.39875722
0.39875722
0.39875722
0.36416368
0.3604968
0.3604968
0.3604968
0.3604968
0.3604968
0.3841959
0.3841959
0.3841959
0.36015225
0.36015225
0.36015225
0.36015225
0.36015225
0.36015225
0.36015225
0.36015225
0.36015225
0.36015225
0.36015225
0.36015225
0.36015225
0.36015225
0.36273603
0.36273603
0.36273603
0.36273603
0.39107046
0.39107046
0.39107046
0.39107046
0.39107046
0.39285121
0.39285121
0.39285121
0.45437119
0.46187218
0.46187218
0.46187218
0.43498422
0.36994768
0.36881105
0.32293525
0.32293525
0.32293525
0.32293525
0.32293525
0.27121265
0.27121265
0.27121265
0.27226175
0.33376316
0.39303886
0.40063871
0.40063871
0.41206553
0.44705091
0.44705091
0.44705091
0.40142205
0.40142205
0.39009166
0.39009166
0.39009166
0.34832523
0.33114267
0.33114267
0.30173158
0.30173158
0.30173158
0.36435177
0.37311889
0.43064263
0.50198386
0.5110675
0.5110675
0.5110675
0.5110675
0.5110675
0.5123391
0.53917172
0.61055726
0.61055726
0.61055726
0.61055726
0.61055726
0.64682546
0.64682546
0.64682546
0.64682546
0.64682546
0.64682546
0.63519183
0.63519183
0.63519183
0.62633094
0.61253854
0.61036131
0.56831807
0.56831807
0.56831807
0.56831807
0.56831807
0.53962649
0.53962649
0.46061291
0.46061291
0.46061291
0.46061291
0.53984785
0.53984785
0.53984785
0.44241741
0.44241741
0.43236278
0.43236278
0.43236278
0.46897292
0.46897292
0.46897292
0.46897292
0.57856338
0.57856338
0.57856338
0.55270649
0.44284748
0.44284748
0.44284748
0.44284748
0.36735233
0.36735233
0.36735233
0.44678306
0.44678306
0.44678306
0.44678306
0.44678306
0.44678306
0.50189189
0.50189189
0.5665018
0.5665018
0.5665018
0.5665018
0.5665018
0.5665018
0.54992366
0.54992366
0.54992366
0.54992366
0.54992366
0.55972721
0.55972721
0.55972721
0.53703733
0.47069746
0.47069746
0.39743449
0.38288647
0.38288647
0.38288647
0.45020649
0.45020649
0.45020649
0.44949324
0.44949324
0.44949324
0.50503646
0.50503646
0.54301436
0.64215687
0.64215687
0.64215687
0.60116148
0.60116148
0.60116148
0.58827941
0.58827941
0.58827941
0.59006423
0.59006423
0.59006423
0.59006423
0.62750649
0.70018264
0.71903439
0.73419071
0.73419071
0.73419071
0.72028458
0.67430386
0.67430386
0.6444657
0.6444657
0.6444657
0.66604659
0.66604659
0.66604659
0.66604659
0.60312195
0.60312195
0.60312195
0.60312195
0.5474151
0.5474151
0.5474151
0.5474151
0.5474151
0.58015403
0.58015403
0.60785938
0.60785938
0.60785938
0.58266726
0.58266726
0.58266726
0.52196503
0.52169615
0.49851614
0.49851614
0.49851614
0.51691622
0.51691622
0.51691622
0.50842836
0.50842836
0.50842836
0.47353491
0.41466433
0.41466433
0.41466433
0.41466433
0.44380297
0.52316934
0.52316934
0.52316934
0.52021005
0.52021005
0.43801517
0.43801517
0.42028708
0.42028708
0.42028708
0.43038332
0.43038332
0.43038332
0.43038332
0.43038332
