0.52734153
0.52101739
0.5175922
0.52810228
0.54342801
0.53369227
0.5361119
0.56510629
0.55528998
0.55868555
0.57743724
0.57332907
0.57340528
0.57582191
0.57075144
0.57771726
0.57297769
0.60081048
0.60589525
0.59504284
0.55290683
0.56364199
0.59168197
0.59833213
0.5992313
0.58291127
0.58576063
0.6012992
0.58485352
0.59990044
0.64825243
0.62535195
0.63124872
0.628074
0.60299312
0.63109467
0.59933554
0.59897945
0.57380169
0.57856816
0.5943251
0.61892971
0.61315777
0.62149725
0.60053536
0.59352097
0.58065725
0.58632365
0.58090842
0.60297461
0.59398207
0.62320664
0.60486193
0.61340953
0.63101616
0.61884796
0.60919405
0.61870796
0.60760121
0.60856399
0.63210485
0.63952216
0.65587759
0.62997425
0.64967298
0.63658322
0.65698888
0.63989907
0.65118853
0.62366281
0.61899448
0.64770972
0.66097614
0.66481062
0.65831963
0.66243589
0.65404903
0.67307657
0.69501167
0.66786619
0.67556468
0.66656621
0.67522072
0.65850452
0.66870136
0.66617309
0.67700302
0.68101681
0.66242712
0.63168826
0.63036843
0.62709093
0.6325213
0.62213805
0.59658214
0.62142322
0.59944911
0.57960056
0.57406457
0.56875567
0.56141536
0.57947015
0.60015757
0.60390849
0.60714399
0.56812087
0.58086667
0.59721995
0.58464895
0.59469597
0.61016392
0.58785135
0.59280081
0.59313285
0.58209158
0.56816634
0.56890194
0.5550503
0.56193141
0.55629031
0.58378968
0.56176816
0.58332071
0.58388256
0.6114684
0.60024932
0.59868489
0.58737866
0.64256143
0.61423394
0.62612151
0.57956143
0.61215833
0.6040529
0.61261443
0.61239215
0.63130724
0.64754882
0.65047453
0.63835639
0.63104507
0.63681088
0.61032269
0.59850593
0.62266522
0.6337057
0.61901151
0.61123177
0.60174137
0.57754219
0.61742945
0.64740131
0.64162557
0.64253072
0.60890475
0.61385246
0.60341452
0.59906847
0.63455
0.64250796
0.63434691
0.59085937
0.60604094
0.61068253
0.59948791
0.60045009
0.56541655
0.56511009
0.57467327
0.55655602
0.58167169
0.56954371
0.6260322
0.66163969
0.64496738
0.63225991
0.64689575
0.61857977
0.60198637
0.60924895
0.59600535
0.57210368
0.59780425
0.57481309
0.57649309
0.57728492
0.5798743
0.57241338
0.58848992
0.58846582
0.60407429
0.61359259
0.59490209
0.61281924
0.59191454
0.57566387
0.61331869
0.59899495
0.63808629
0.65080686
0.63681228
0.61975668
0.59680464
0.59628489
0.60851625
0.64905646
0.62055164
0.63795032
0.56234316
0.58504387
0.57875604
0.5738943
0.61235544
0.61057865
0.59515961
0.60460339
0.56211646
0.60570334
0.62975814
0.57532775
0.60482872
0.57513391
0.57116072
0.57655013
0.61588806
0.62349871
0.61412574
0.5859111
0.56934999
0.56064226
0.54677576
0.56966661
0.54609608
0.54750491
0.57000256
0.58054968
0.59167171
0.58806513
0.57956849
0.6284143
0.64206688
0.6426124
0.62595522
0.62697413
0.6090714
0.62078795
0.59100963
0.59569262
0.58541261
0.57886206
0.56140133
0.53043602
0.55162722
0.53526772
0.53449702
0.5245721
0.53871169
0.53852442
0.5123169
0.55067525
0.54639551
0.56781973
0.58585735
0.55825293
0.57969673
0.56769692
0.56686695
0.56862408
0.58398036
0.53421184
0.59238315
0.60902469
0.60329788
0.57025117
0.56375515
0.55733852
0.57425934
0.59372778
0.61343404
0.62495874
0.59487032
0.59623496
0.59459077
0.58549858
0.60096152
0.60292571
0.6070483
0.61616319
0.60676139
0.62129008
0.62225854
0.61785127
0.59430779
0.58571889
0.59002193
0.5633084
0.54775659
0.53666566
0.55300965
0.5688509
0.58426772
0.58491555
0.59165172
0.58598802
0.61314891
0.59455745
0.5950555
0.58904394
0.61094609
0.60483359
0.62660759
0.59312636
0.62727869
0.61155783
0.64306142
0.64777289
0.63021611
0.64308997
0.66368819
0.65303538
0.65985675
0.66188537
0.66026938
0.66408219
0.649277
0.66329539
0.64277721
0.63857247
0.65536307
0.65497633
0.64786269
0.64499557
0.64106105
0.64367424
0.66185901
0.64051872
0.66467088
0.67499726
0.6702721
0.68235025
0.70134194
0.67432456
0.68077131
0.66004662
0.67281287
0.65630849
0.68927524
0.66809602
0.66793656
0.6508015
0.67611701
0.66430082
0.66049481
0.64798034
0.65485996
0.64878951
0.63364115
0.64584699
0.64504482
0.66905285
0.65524539
0.64741165
0.64259696
0.63539007
0.66887111
0.6545746
0.66075747
0.64263927
0.65107127
0.63133709
0.63360297
0.62168831
0.60650739
0.61444456
0.57844167
0.59735373
0.61228637
0.5981341
0.62997271
0.60809049
0.62892777
0.60501321
0.62434204
0.5967437
0.607161
0.61401835
0.60681053
0.58270857
0.59539512
0.61768856
0.59467876
0.5974217
0.60863507
0.60139888
0.58596232
0.58505421
0.57818409
0.55599807
0.5750884
0.55924127
0.57857229
0.579821
0.5626608
0.5713963
0.57895607
0.5957572
0.59369448
0.62337798
0.60317612
0.62886362
0.60409784
0.6066514
0.60965627
0.58452731
0.57029368
0.56197036
0.56326299
0.55460028
0.54798578
0.55824555
0.55979243
0.57285457
0.51379532
0.55132058
0.57294593
0.61157574
0.59791088
0.6097832
0.60007473
0.63508825
0.60638188
0.60395183
0.59281888
0.59910076
0.57922713
0.56611159
0.56595481
0.5494815
0.54424956
0.50746651
0.55574665
0.55620478
0.55653201
0.55426976
0.57233296
0.57662085
0.53980972
0.58274234
0.58670894
0.58611076
0.61460634
0.59333735
0.60472478
0.60166571
0.62369393
0.63349715
0.61891604
0.63434586
0.6191448
0.63128709
0.6303742
0.6341644
0.61583014
0.61997327
0.62932224
0.63964507
0.61309773
0.63016771
0.629129
0.60687268
0.60726044
0.63028376
0.64501762
0.6224899
0.64670508
0.66107508
0.62577171
0.62796373
0.62007534
0.57523478
0.5928149
0.59897888
0.59685145
0.60028415
0.63615378
0.61722914
0.6123485
0.60792261
0.59612441
0.61144181
0.63460529
0.64526111
0.65256131
0.63367442
0.64846101
0.6546853
0.67361797
0.62319795
0.6411314
0.62485888
0.60617268
0.61401341
0.59158577
0.61290589
0.62322804
0.62560606
0.64831363
0.62068934
0.61263084
0.62983007
0.63169145
0.64336966
0.63606901
0.63008104
0.62979419
0.62585917
0.6066604
0.58365562
0.58419763
0.58028758
0.58136573
0.59132529
0.58913328
0.56512043
0.53959948
0.55107017
0.55825656
0.56212617
0.56632411
0.55396629
0.55372282
0.52970652
0.57395198
0.54925875
0.54523017
0.55371144
0.57477002
0.5813795
0.55482598
0.56184485
0.5847338
0.56634283
0.58651874
0.56087036
0.57313367
0.5556809
0.55757458
0.54698542
0.54695717
0.5186227
0.54514614
0.54121385
0.54704614
0.54860184
0.56598496
0.56787568
0.57069578
0.57953528
0.60011672
0.5779613
0.59494156
0.60348211
0.59189826
0.58557955
0.5942333
0.59189455
0.57104865
0.58253742
0.60038541
0.56903917
0.58215319
0.56054771
0.5424114
0.54020467
0.55632492
0.52892066
0.54697481
0.539121
0.53715108
0.53587494
0.52180119
0.54111798
0.55487695
0.55012494
0.57848728
0.56274259
0.60199372
0.59775269
0.56552005
0.60202859
0.59106655
0.59500481
0.60068302
0.60152
0.57371063
0.55593744
0.52873901
0.52968443
0.56194432
0.56082615
0.5759983
0.56367932
0.59068278
0.59427492
0.6116424
0.57505011
0.57746966
0.56855495
0.5674144
0.56297982
0.57204324
0.56766247
0.60297399
0.5743621
0.5655686
0.55140255
0.55150235
0.52795248
0.54247976
0.52160656
0.51935802
0.53787876
0.56237435
0.55051171
0.56336393
0.5556751
0.5678725
0.55836398
0.49865596
0.49801664
0.51834356
0.50417776
0.49507007
0.51230931
0.52097666
0.54580728
0.54544176
0.54770237
0.5273821
0.51161615
0.53201481
0.52383023
0.51723451
0.51602918
0.50521182
0.50740645
0.54288365
0.53873921
0.54514602
0.55461372
0.53882338
0.50878869
0.51227975
0.50052586
0.50248676
0.48316303
0.48395069
0.49168113
0.49670188
0.52272464
0.52500603
0.56502416
0.5810807
0.58204932
0.57443896
0.59426036
0.57973161
0.5777138
0.57419714
0.57730602
0.59676529
0.59451876
0.57461048
0.5688587
0.55899199
0.57681515
0.57373535
0.58197188
0.59633317
0.60164968
0.58676834
0.59813771
0.58739594
0.57853826
0.57358117
0.57072395
0.58090858
0.56563375
0.57721529
0.57008196
0.58497267
0.57508227
0.58426503
0.58918549
0.59134724
0.61007876
0.58859145
0.57205029
0.57203289
0.57503231
0.5816383
0.59705366
0.58330646
0.58488338
0.57810292
0.57372926
0.59898315
0.5742859
0.57455272
0.57609382
0.59148765
0.58470877
0.58846053
0.57919098
0.59936607
0.59563744
0.60874138
0.62535533
0.62915249
0.62542566
0.6325175
0.62475795
0.63434495
0.63057551
0.6343562
0.63076795
0.61632882
0.61636335
0.62018343
0.60628855
0.61362905
0.61378206
0.62123639
0.62889209
0.6208902
0.62575012
0.63227788
0.62431102
0.61664789
0.64049422
0.63686556
0.65291499
0.64481293
0.64898528
0.64717128
0.63778601
0.6462965
0.64466795
0.64817683
0.64710399
0.61134076
0.59652917
0.59395392
0.59083593
0.59519263
0.60927243
0.58617057
0.58071674
0.61048926
0.60849561
0.59758466
0.60261721
0.596249
0.59127479
0.60144687
0.59523849
0.60132599
0.5976383
0.5921756
0.59835268
0.58405542
0.58218276
0.59444243
0.59406486
0.5802832
0.58774334
0.5756601
0.58721554
0.57515292
0.57996641
0.59259253
0.59680155
0.59721995
0.60700309
0.59278777
0.59236608
0.59360836
0.59485403
0.59207388
0.59484122
0.58196577
0.5741446
0.57179799
0.56841144
0.56282818
0.57654364
0.57139078
0.57281165
0.57149688
0.57603105
0.57113799
0.57945731
0.56370704
0.57695213
0.58249837
0.5881437
0.57761178
0.5746422
0.58216495
0.59500089
0.60280618
0.59004028
0.59260233
0.60062549
0.59427658
0.57911729
0.59953233
0.60318374
0.60932955
0.59385348
0.58645236
0.57403214
0.5613322
0.56952231
0.58534352
0.60128465
0.59705284
0.61870123
0.63178637
0.6097017
0.60689853
0.58681107
0.60026293
0.58435751
0.5920482
0.60245212
0.59669623
0.58903765
0.60013649
0.61304994
0.60525102
0.59482857
0.58704276
0.6092331
0.61045955
0.58218871
0.5989994
0.62008401
0.61146818
0.61801133
0.61047865
0.6184757
0.62667704
0.62808052
0.63816226
0.64158446
0.63013809
0.6247355
0.62317581
0.6230813
0.60467118
0.61135384
0.61089612
0.60625253
0.60142126
0.59645872
0.6066568
0.6068235
0.60261446
0.60166412
0.59753481
0.59980724
0.60125768
0.61082638
0.59531056
0.60154423
0.59861805
0.60901384
0.62832737
0.60610751
0.61957087
0.63065896
0.62038586
0.63699889
0.63570322
0.62758646
0.63863362
0.61794032
0.61570311
0.6253233
0.61949111
0.59891772
0.60863311
0.60691764
0.58844812
0.5894049
0.59256116
0.59163265
0.59587655
0.60906089
0.6096576
0.60130672
0.60010044
0.60025197
0.58757487
0.59991263
0.59738356
0.59210939
0.58394869
0.58027619
0.59079276
0.58008554
0.57775796
0.58443871
0.59714951
0.59820447
0.59433293
0.58083332
0.59023665
0.59925501
0.61364563
0.61352631
0.58520533
0.59322495
0.60610355
0.59177465
0.58928835
0.57751204
0.57059603
0.59198625
0.58999224
0.59869646
0.6101232
0.61028023
0.59001683
0.59517393
0.61079526
0.61670188
0.61215531
0.60759483
0.61899339
0.62314733
0.61514955
0.61130899
0.62427612
0.61745823
0.62435812
0.59771065
0.59860522
0.59869096
0.60304323
0.60544196
0.61021944
0.60233374
0.59112724
0.59125705
0.59101
0.5820983
0.57297703
0.5799634
0.57810634
0.55656751
0.56937842
0.56957543
0.56547804
0.58239477
0.57808975
0.57152996
0.56940122
0.58331158
0.57388078
0.56177446
0.57811146
0.56655911
0.5528333
0.56390273
0.56797371
0.57933752
0.58885175
0.6050796
0.59311138
0.61404016
0.62081262
0.63485047
0.63114155
0.62490113
0.61280021
0.60251348
0.58744734
0.57948677
0.59962498
0.58840322
0.60952604
0.62973147
0.61613587
0.61046027
0.5979672
0.59987296
0.58374844
0.56832543
0.58165748
0.57084701
0.57021559
0.55850794
0.5640921
0.59131904
0.59524351
0.61151221
0.63485773
0.60386194
0.60978732
0.63113231
0.62724714
0.62557334
0.6276363
0.632061
0.62690602
0.59136899
0.56664533
0.56714338
0.58039346
0.59232504
0.61809013
0.6195699
0.61576226
0.64022004
0.63596242
0.64140508
0.65814268
0.6359341
0.61118721
0.61298825
0.61374349
0.63759545
0.6464312
0.62528235
0.64236718
0.63180371
0.6147681
0.61495504
0.60425923
0.62675348
0.63052749
0.62113034
0.62356336
0.6240364
0.63746504
0.63829368
0.62527476
0.63194347
0.61450914
0.61520921
0.62982173
0.60742409
0.61449311
0.62954163
0.61318869
0.61838233
0.63283264
0.62918199
0.58712847
0.60444807
0.60961152
0.60987564
0.58721419
0.61776652
0.60588831
0.5957326
0.59781786
0.59807123
0.61553708
0.64595583
0.65318103
0.65328994
0.64114457
0.66244673
0.65015992
0.66896881
0.63934151
0.64094396
0.65299371
0.65116326
0.64905106
0.61728514
0.61210329
0.59880685
0.59833178
0.63123433
0.60542449
0.57252443
0.57604393
0.59248483
0.60171748
0.60410463
0.59758374
0.61555822
0.590581
0.60487719
0.60382303
0.57593733
0.59628459
0.60611911
0.62232501
0.61672101
0.60682396
0.62144252
0.62555627
0.63162334
0.63072078
0.63148348
0.64977709
0.6582458
0.65556805
0.65056444
0.65960421
0.66866459
0.63246325
0.64121238
0.64936383
0.62815801
0.64581436
0.61878059
0.59921182
0.60597745
0.54056721
0.55878803
0.53900485
0.52793313
0.58818759
0.5777685
0.53976684
0.5179831
0.51624809
0.50538722
0.50923345
0.50872916
0.53393905
0.52312087
0.53870321
0.54412227
0.53368285
0.51110696
0.53094316
0.50969851
0.51930813
0.50900896
0.53331278
0.53016648
0.58762416
0.58381146
0.53389888
0.55627105
0.56267452
0.58108086
0.58080851
0.55759528
0.58130412
0.58256466
0.59383938
0.57654148
0.59851503
0.6022502
0.57591393
0.55824486
0.58389273
0.58368298
0.56963034
0.56752968
0.54712709
0.56863275
0.60347068
0.55395925
0.52102495
0.51529568
0.50669978
0.54136213
0.50146843
0.49746362
0.49955629
0.52089674
0.52256399
0.5240911
0.50853189
0.53935286
0.52090343
0.53400758
0.55833608
0.58751403
0.5520922
0.56246871
0.56336743
0.56638909
0.56922564
0.56898798
0.55890259
0.55879853
0.54684132
0.54232623
0.53162485
0.53266059
0.55915359
0.56581712
0.56570177
0.58050717
0.59344518
0.57895234
0.57240975
0.54178056
0.53513062
0.55113857
0.55257088
0.54879116
0.56225869
0.54375815
0.56137103
0.55473217
0.50905006
0.48390471
0.50416007
0.51374995
0.50992854
0.52564626
0.52529947
0.53427795
0.54992046
0.56289343
0.577061
0.58879429
0.58271933
0.5806818
0.5850064
0.56213312
0.55147043
0.57827127
0.58006848
0.58068112
0.57140479
0.58299601
0.60174253
0.57687494
0.56706597
0.57138106
0.57546717
0.57641786
0.57243996
0.5606502
0.56043505
0.58323387
0.58371139
0.59287708
0.59271351
0.5831506
0.57698684
0.58026996
0.561129
0.58271305
0.57896996
0.58224768
0.58786911
0.58174609
0.6126309
0.57162923
0.58582058
0.57945341
0.56791228
0.56040811
0.56247758
0.54391632
0.57048157
0.56174979
0.57937832
0.58002965
0.58785633
0.57444256
0.58999693
0.59414252
0.57434063
0.58746282
0.58295179
0.5790642
0.58819109
0.60269566
0.57726456
0.61810093
0.6081386
0.59879188
0.57035847
0.58075848
0.5836521
0.58623675
0.59426545
0.60821611
0.60121461
0.61217619
0.62373004
0.63615943
0.62553407
0.63283193
0.6300612
0.62930757
0.63549693
0.63727772
0.63580873
0.6437679
0.64738262
0.6283838
0.6220621
0.62745099
0.61223558
0.62553224
0.61238137
0.63842649
0.64624097
0.66639934
0.65454442
0.63954139
0.61940181
0.65240912
0.66097938
0.66739816
0.61397656
0.61982953
0.60216042
0.60078308
0.59768873
0.60620074
0.56780602
0.54470513
0.55448942
0.57048924
0.57767028
0.5753095
0.57218214
0.54576811
0.56479181
0.57086956
0.59223297
0.58765639
0.57462397
0.57961694
0.58926619
0.607374
0.61275655
0.60221766
0.60580175
0.62114907
0.63817958
0.6362457
0.62987047
0.60147533
0.60079512
0.59235134
0.60199677
0.60291668
0.61227138
0.60552599
0.61538931
0.60363617
0.62146053
0.63429879
0.62577923
0.645007
0.6331813
0.64939905
0.65365361
0.6467563
0.65782047
0.6590579
0.65430923
0.65426119
0.64106162
0.62435146
0.61953528
0.6313212
0.63259534
0.66129042
0.65024455
0.64957921
0.65387446
0.64979148
0.64984984
0.6499307
0.63862658
0.64751838
0.63380106
0.64119786
0.64363731
0.63113407
0.62951213
0.63463294
0.62812977
0.61245024
0.61889472
0.61952575
0.61760145
0.60866965
0.60408389
0.59878782
0.60915649
0.61512378
0.60168808
0.60418614
0.6103683
0.61130357
0.607163
0.62042469
0.60935718
0.6170469
0.61903662
0.61294385
0.63543821
0.62781272
0.60634146
0.61519717
0.62644567
0.61325668
0.58628881
0.58145667
0.58871746
0.5927402
0.57997067
0.57077506
0.57653781
0.59053372
0.58953596
0.57299064
0.60194841
0.61453667
0.60872957
0.61473437
0.5979219
0.57116448
0.56744737
0.58580844
0.59938754
0.6100083
0.61401497
0.60594617
0.57978907
0.56629898
0.57314289
0.55634262
0.57048832
0.56584369
0.56217611
0.57168193
0.58812141
0.59250228
0.59847699
0.60479746
0.59404325
0.58251901
0.57446438
0.5678001
0.56164463
0.56534242
0.56398297
0.55317642
0.57068261
0.55982706
0.5587184
0.56256829
0.55021029
0.54423105
0.54214441
0.53061667
0.52227383
0.52690086
0.5214695
0.5292724
0.5222778
0.5309674
0.54317673
0.55501534
0.54172451
0.54534517
0.53184781
0.53340876
0.5287735
0.53906756
0.53932318
0.53924608
0.53354637
0.52679312
0.52954574
0.51740478
0.52170051
0.52417774
0.51303857
0.51318127
0.51131067
0.5276396
0.52426395
0.51576726
0.51776016
0.50877094
0.51325048
0.5172975
0.51245845
0.52352707
0.56578909
0.53887087
0.53870524
0.5389806
0.53491949
0.53281173
0.53810522
0.54152323
0.54228857
0.54961123
0.53814039
0.52082066
0.52344214
0.53316766
0.53211742
0.53970249
0.55376807
0.57323518
0.58366453
0.57336155
0.56347371
0.55905579
0.56374647
0.58965135
0.5872225
0.59592811
0.59148869
0.570889
0.55027138
0.5465288
0.55184839
0.5523785
0.55590251
0.55503813
0.5571529
0.55753774
0.57086937
0.56954853
0.58063375
0.60481892
0.59807246
0.59984472
0.60678866
0.58571973
0.58393164
0.58163039
0.57974496
0.57782781
0.57775289
0.54395722
0.55626216
0.5779568
0.57249393
0.56426787
0.55449904
0.55141872
0.55109354
0.54601047
0.55997142
0.54902232
0.56106155
0.56359081
0.57122928
0.56693961
0.55523426
0.55166559
0.56002464
0.57268218
0.57810422
0.58773579
0.58935872
0.56602376
0.55931053
0.56074859
0.55554638
0.55575888
0.55548512
0.55204275
0.55563267
0.54496552
0.55355001
0.55293538
0.55443348
0.56888283
0.56654785
0.57029243
0.58256731
0.58695194
0.59543041
0.59444201
0.60998514
0.60028593
0.60721764
0.58813944
0.58275276
0.5806388
0.58359982
0.5851064
0.58769249
0.58964991
0.5897043
0.59379944
0.60491966
0.59487208
0.59598471
0.6006844
0.59271925
0.59494584
0.5896622
0.60001361
0.59559606
0.58172499
0.57506925
0.56908652
0.59036148
0.57030598
0.56417807
0.55932587
0.55610753
0.55262909
0.54107611
0.53684584
0.53437476
0.54540025
0.55720759
0.54823081
0.54903414
0.55107863
0.55569301
0.56086826
0.56184639
0.57262146
0.56669363
0.56033953
0.54955976
0.55955975
0.56705864
0.55634045
0.53924086
0.51649865
0.51515459
0.51001431
0.51150961
0.52377602
0.52557103
0.5326702
0.52967409
0.53080777
0.53346865
0.54678374
0.5658979
0.5620292
0.55422962
0.5446785
0.53584638
0.54634829
0.53934445
0.53314327
0.54566024
0.52894117
0.50381523
0.50189719
0.50066702
0.51329924
0.51074572
0.52737754
0.52072069
0.51356153
0.51098663
0.50645118
0.51585425
0.5296548
0.53644424
0.5310243
0.52523624
0.50733746
0.53677218
0.54385928
0.54927339
0.51978717
0.49851591
0.5166427
0.49342174
0.50777694
0.51625492
0.52796261
0.53500848
0.52768741
0.53016338
0.52156499
0.54283364
0.54272092
0.54097761
0.53205039
0.5619041
0.55240856
0.56834761
0.55405334
0.55044219
0.56945693
0.56738357
0.57376996
0.57483543
0.5899539
0.57871122
0.56085872
0.54321194
0.54369676
0.54340002
0.54006715
0.54477573
0.54382877
0.53924923
0.55807575
0.55833787
0.55577489
0.57247892
0.57816731
0.59373298
0.58784302
0.59401988
0.58102787
0.57400233
0.57548907
0.57107137
0.58630324
0.58867792
0.57802337
0.58515038
0.57799297
0.56293519
0.56323549
0.56664746
0.57158783
0.56351525
0.59577523
0.58389516
0.58415801
0.60076282
0.58952687
0.59950843
0.60291937
0.59622957
0.59252853
0.58829281
0.59310331
0.59880172
0.59273777
0.5935789
0.56379745
0.58922589
0.55504863
0.55938717
0.55378828
0.54847142
0.56052722
0.57316408
0.56617226
0.58180148
0.56633172
0.56214629
0.59045704
0.58204682
0.56976922
0.58198896
0.58613885
0.6040311
0.59907319
0.60653337
0.61083312
0.63126266
0.60635244
0.58840824
0.58317694
0.57092169
0.56759365
0.56431698
0.57355187
0.5751488
0.58932873
0.6038344
0.58985924
0.5858696
0.59856158
0.60097409
0.59115194
0.58912283
0.5735192
0.56886769
0.59160641
0.58207952
0.58870323
0.58893681
0.58238064
0.56813731
0.55986894
0.55698095
0.56080474
0.56015605
0.5557962
0.53441096
0.54266672
0.55468958
0.56449443
0.56449312
0.58332752
0.57189333
0.58119625
0.59038928
0.57683539
0.58250193
0.58183725
0.58618796
0.60251798
0.58971461
0.58671282
0.57251868
0.55585478
0.54932383
0.55388108
0.55982287
0.5624684
0.58012695
0.58065409
0.5914391
0.56696257
0.57018122
0.6117246
0.60515004
0.60948421
0.61656397
0.60368024
0.56452456
0.58783689
0.57363739
0.58228977
0.57758272
0.57584464
0.56170434
0.57883065
0.56755185
0.56906311
0.57314327
0.56538288
0.58478144
0.58257925
0.62412614
0.62656782
0.63836332
0.6463542
0.63286009
0.63250816
0.63583866
0.61324455
0.62503776
0.63203313
0.62249194
0.62513069
0.61925239
0.60404463
0.59470962
0.60329623
0.58687211
0.59961108
0.58618155
0.58363389
0.58441606
0.56730518
0.56783302
0.55863332
0.58303355
0.59048673
0.59518612
0.5874414
0.58584997
0.59098335
0.58786316
0.58840299
0.59959345
0.58348217
0.57803368
0.56846877
0.54571951
0.55792838
0.53971861
0.51726815
0.5319012
0.54125736
0.53240853
0.53912009
0.52299502
0.54806253
0.57215145
0.56692259
0.5975233
0.62762841
0.641495
0.62047634
0.63090641
0.63264158
0.64346193
0.63570424
0.63595902
0.63140216
0.64440769
0.65455312
0.63569755
0.63868664
0.61905398
0.60672163
0.61649336
0.61892937
0.61232856
0.6013818
0.59142951
0.59968523
0.59981838
0.60559411
0.6199976
0.59581018
0.59730748
0.58697803
0.58418096
0.55240765
0.5046256
0.55492998
0.53223781
0.49609732
0.50798073
0.51239411
0.51428282
0.53276724
0.55042731
0.55809921
0.56474966
0.55127388
0.53992023
0.56701044
0.57783542
0.61131316
0.63776134
0.61294959
0.60731032
0.59878572
0.59467992
0.60718607
0.59442959
0.58574418
0.61845489
0.60903217
0.59595205
0.58321936
0.56740479
0.56993392
0.58233677
0.58289422
0.57342187
0.58461174
0.62482252
0.62887797
0.64299637
0.64406281
0.64060061
0.61645098
0.61577228
0.62367824
0.64504354
0.63846576
0.63253957
0.62022919
0.60443448
0.58134551
0.55303731
0.54972678
0.55893205
0.54988029
0.56969043
0.60448547
0.60626096
0.59740597
0.59984918
0.61199097
0.60913353
0.61430932
0.61869702
0.6246246
0.60873049
0.62475049
0.60666666
0.5987839
0.59123374
0.58073177
0.61548537
0.6296945
0.61638605
0.58685101
0.61771607
0.63939011
0.630508
0.59820872
0.60528343
0.61275342
0.63675815
0.63989523
0.63945755
0.64209854
0.65201045
0.65353982
0.64349347
0.63925224
0.64293679
0.62093705
0.62574267
0.61440562
0.60924928
0.60963543
0.57943884
0.57215639
0.55707818
0.53358051
0.53560023
0.55427102
0.55090283
0.55500923
0.5418957
0.54071441
0.55096049
0.53729982
0.55291567
0.56251716
0.56196616
0.55969546
0.56675823
0.55153615
0.57604799
0.5893114
0.58389953
0.58629925
0.60456215
0.57710207
0.57262683
0.57471051
0.58902346
0.58540158
0.59833402
0.59550905
0.59527633
0.59474684
0.55921513
0.55871814
0.58067908
0.57005823
0.57281695
0.58491787
0.60056947
0.60975048
0.60266968
0.60831044
0.61341183
0.62874177
0.62597078
0.59593802
0.58363168
0.58437885
0.56752719
0.56712564
0.54319856
0.54720267
0.55029665
0.55965739
0.573909
0.57397612
0.59131992
0.58040333
0.5775623
0.61369035
0.60792632
0.61069963
0.60659744
0.57617588
0.60862908
0.59958097
0.59219985
0.56837438
0.55311666
0.54126551
0.5509908
0.52155701
0.52161115
0.53106769
0.51113771
0.52878723
0.53112132
0.54678869
0.5740383
0.5810852
0.57418164
0.5712866
0.59093007
0.57837121
0.58708317
0.57354273
0.58612582
0.57983699
0.60255855
0.6089295
0.59249203
0.60029457
0.60305413
0.60034289
0.58525266
0.57637106
0.59970093
0.60336327
0.58513394
0.59067288
0.61359571
0.61982784
0.63527595
0.62903189
0.63488301
0.65110762
0.65660076
0.66674844
0.64024501
0.64860219
0.62213026
0.61415534
0.60006321
0.61143045
0.62280431
0.63603701
0.60210085
0.59072702
0.59215679
0.59838129
0.60256963
0.59114695
0.59855599
0.5963682
0.59910528
0.59853072
0.60694423
0.6164129
0.62035538
0.62542501
0.61778324
0.6127902
0.59506952
0.60269113
0.61358124
0.61238257
0.61647024
0.60594746
0.59264661
0.57970378
0.57463966
0.58004283
0.59851692
0.62894221
0.62686879
0.63415684
0.64041389
0.63508311
0.64282626
0.64726184
0.64644467
0.65157875
0.64160942
0.64833434
0.64057579
0.64445713
0.64078849
0.62938091
0.62891578
0.63278983
0.62705744
0.63141997
0.63479168
0.62530494
0.63624383
0.63785127
0.64341944
0.63485152
0.61815418
0.61851111
0.58677087
0.59132934
0.59092078
0.59188392
0.58635413
0.5871832
0.58721151
0.59269699
0.57791091
0.56303654
0.58599789
0.58081592
0.57347525
0.5816744
0.57361875
0.57152131
0.57992493
0.59534456
0.60135654
0.59611409
0.59251483
0.59217919
0.59018722
0.59723208
0.58319475
0.57831143
0.60343269
0.58744311
0.5889097
0.59780409
0.60559304
0.59074896
0.58797771
0.58872861
0.60696321
0.58233318
0.58229446
0.59229782
0.58473728
0.59574563
0.60947742
0.59140746
0.58640297
0.58676023
0.5927626
0.59453156
0.60246962
0.59794331
0.58848998
0.6041492
0.6250479
0.63818362
0.63169583
0.61028784
0.59846837
0.59871667
0.59400869
0.59265443
0.59905074
0.59670988
0.60246116
0.61106609
0.61372544
0.61209712
0.59284516
0.59549263
0.59862796
0.58739714
0.58594791
0.58049668
0.58301927
0.5817096
0.57647511
0.58684171
0.55379552
0.55419854
0.55760909
0.55998498
0.56195948
0.56110556
0.59933646
0.60394929
0.59895346
0.59683515
0.55889862
0.56642372
0.5727623
0.58349221
0.59334835
0.56998434
0.53790343
0.51870145
0.5384889
0.54756591
0.53290765
0.54393375
0.46064784
0.41437435
0.36860877
0.29519362
0.19424942
0.10634848
0.20147473
0.01966044
0.0
0.05657511
0.13425035
0.26303585
0.28377029
0.32874805
0.4437145
0.40965887
0.34667108
0.33284911
0.18669564
0.34865553
0.3229094
0.41494358
0.29852625
0.29329038
0.26101348
0.48566208
0.39228703
0.37736913
0.54427433
0.51280761
0.51941871
0.47345848
0.38896624
0.53613875
0.62984538
0.51239169
0.44122953
0.4078683
0.35952772
0.31910662
0.3162745
0.20737631
0.22271214
0.02774069
0.15554563
0.03087369
0.10021618
0.39608605
0.50356926
0.46871972
0.45983872
0.47619659
0.51445533
0.47484037
0.51275875
0.4926749
0.53411082
0.36875193
0.53843162
0.55418834
0.56381589
0.53660209
0.51608494
0.54662651
0.54732277
0.53579963
0.50152019
0.47671288
0.45265832
0.37821914
0.51100811
0.50271506
0.48885449
0.44034318
0.50568951
0.5142536
0.55921187
0.56223313
0.5158461
0.52737041
0.52890508
0.59117516
0.62224782
0.60425391
0.5950941
0.66108389
0.66418705
0.71263317
0.64384614
0.63780989
0.69387454
0.65131894
0.64206336
0.58531023
0.58662968
0.58578588
0.62865136
0.63347593
0.61737174
0.64116248
0.50912505
0.57958849
0.47740031
0.60884243
0.60983154
0.64661304
0.50439189
0.5553185
0.55266435
0.54186781
0.52828669
0.52488682
0.51953456
0.48143885
0.48613505
0.50181055
0.48739973
0.50760306
0.53757532
0.52781686
0.51324968
0.53091632
0.51014596
0.51699493
0.49296469
0.50942087
0.49828235
0.49581425
0.51684574
0.53618741
0.49717746
0.51182922
0.52880014
0.52954919
0.54239809
0.55036788
0.61281559
0.62797502
0.57612412
0.62357176
0.61840588
0.61654653
0.64308173
0.64029373
0.65607613
0.62562724
0.56730341
0.59545923
0.61249358
0.62366885
0.6060292
0.57836374
0.59137035
0.51939391
0.5270427
0.54137472
0.53065557
0.53373387
0.60096673
0.57912219
0.59911417
0.61227414
0.6319327
0.65394132
0.64832166
0.63228914
0.59427109
0.6231733
0.6290886
0.61796498
0.6097096
0.58728843
0.60764165
0.60934562
0.59602124
0.61082851
0.62332601
0.63099241
0.62841753
0.66194061
0.65423302
0.72586024
0.69387237
0.71236952
0.68897612
0.69237539
0.68126104
0.70056686
0.71298593
0.68449369
0.66230666
0.67489142
0.65152739
0.63152911
0.65124329
0.67108383
0.66092668
0.65564457
0.65508863
0.67528046
0.67126645
0.66778505
0.68347722
0.68381241
0.72553524
0.71897254
0.71791918
0.72368558
0.73994246
0.73456704
0.68836835
0.71281309
0.71238768
0.69741677
0.7252227
0.70975895
0.71249131
0.72943505
0.72894977
0.74738269
0.74110444
0.73306691
0.74757917
0.76588562
0.75144165
0.74300104
0.73526398
0.75577057
0.77437382
0.79675619
0.82054247
0.80105699
0.81521136
0.81025207
0.80614592
0.76150492
0.77558277
0.77072857
0.7666252
0.74197546
0.75693987
0.7739076
0.79198363
0.76438497
0.71976608
0.73544202
0.72529235
0.73587772
0.70425395
0.69061643
0.74841886
0.7394859
0.73296834
0.69780339
0.70851587
0.68945176
0.6569263
0.66010516
0.70064764
0.71728226
0.66229819
0.68735406
0.66572721
0.67823227
0.72036981
0.74061963
0.76768262
0.79344443
0.76126534
0.77255381
0.76810935
0.76107012
0.71922111
0.73406668
0.7611076
0.77482511
0.77844819
0.7445606
0.75525773
0.71670621
0.70784401
0.7031094
0.72731772
0.72787714
0.74881405
0.74119692
0.75487756
0.73022843
0.74865141
0.75297394
0.74990638
0.72999913
0.73293212
0.75512977
0.77711432
0.76528868
0.75608361
0.74365047
0.76716373
0.79671175
0.8000171
0.80055532
0.80220185
0.78826769
0.78628003
0.78116223
0.79384498
0.77855027
0.76877464
0.77191886
0.76306625
0.75027903
0.68875146
0.66955603
0.65732264
0.68796147
0.72701332
0.67695484
0.65405449
0.64146183
0.62604787
0.60992355
0.58658184
0.60411862
0.59316465
0.60963091
0.58546374
0.58803199
0.61987489
0.65186665
0.68183949
0.7086335
0.70106169
0.68678887
0.66703089
0.72383131
0.75467525
0.74916249
0.76796349
0.72698276
0.71313681
0.74449746
0.78032157
0.73791215
0.76073632
0.74202471
0.72512011
0.70839015
0.71511771
0.70803133
0.73048531
0.71677161
0.72100512
0.72900369
0.71313256
0.70551002
0.6975428
0.7164437
0.70972948
0.75282419
0.7636457
0.79469266
0.7728199
0.78603277
0.73582109
0.77022715
0.70965797
0.54833118
0.58541393
0.65353146
0.6620453
0.66860073
0.76933344
0.84298366
0.78326172
0.79492887
0.76370378
0.76875603
0.78583639
0.77956221
0.79955588
0.81724083
0.82410117
0.79606569
0.7957596
0.79468251
0.81085199
0.77348131
0.80978727
0.84011958
0.74347969
0.73265884
0.72236391
0.76329167
0.72931942
0.77074023
0.77468345
0.78514854
0.80004739
0.78452951
0.78867606
0.84417038
0.85228086
0.83718401
0.85551149
0.85052847
0.84182217
0.86539489
0.86637583
0.88705846
0.8698307
0.8954776
0.81624946
0.74918924
0.74462384
0.7074453
0.73706241
0.76475315
0.71388011
0.6939804
0.74384752
0.75473747
0.7641177
0.73171817
0.63188842
0.61589885
0.58035793
0.61372252
0.6391624
0.68708664
0.70316719
0.71237679
0.70525457
0.69364038
0.6750635
0.64339345
0.62691821
0.64877269
0.68331559
0.67911683
0.70375358
0.75551634
0.71615081
0.70107066
0.71482175
0.72884827
0.7251352
0.68232244
0.65971301
0.66186257
0.66238733
0.70737683
0.69331387
0.67476244
0.66145895
0.66844208
0.66925055
0.68509952
0.68766446
0.71878228
0.71262726
0.68848757
0.74371681
0.76883018
0.76677531
0.75006589
0.78300324
0.7574381
0.74109747
0.78215867
0.79123496
0.83514634
0.8188844
0.76546116
0.76954924
0.77367944
0.77695631
0.77378842
0.76208116
0.71881989
0.77549495
0.74888182
0.68422175
0.67237173
0.66521474
0.67375709
0.62810138
0.6132225
0.66088066
0.65810336
0.65844845
0.67323712
0.71171428
0.69888855
0.70388276
0.70341359
0.72558725
0.69254297
0.67450616
0.69319771
0.69655494
0.70026782
0.70587856
0.72468449
0.68920382
0.65031752
0.60845979
0.63339779
0.68454805
0.66549503
0.69170741
0.65124343
0.67704418
0.70026036
0.70625979
0.61999166
0.62418418
0.68594282
0.6579982
0.67023118
0.67376738
0.73818452
0.7426778
0.75350053
0.7271401
0.71467905
0.65290511
0.71749847
0.6923255
0.7345058
0.72761209
0.72107019
0.76991649
0.78704865
0.76567309
0.71503849
0.69209923
0.70989307
0.78241711
0.71030612
0.67956976
0.56726786
0.63303086
0.63008888
0.59137888
0.56804475
0.59810267
0.56688621
0.57151231
0.60059655
0.58677563
0.57198901
0.61220287
0.61559954
0.6129461
0.57125622
0.57106864
0.61840973
0.61967201
0.64956777
0.66474124
0.66878246
0.69732827
0.65810884
0.61124023
0.61224561
0.52742305
0.52604797
0.50227434
0.52913284
0.59072587
0.55622999
0.62216414
0.61109792
0.69920397
0.71206685
0.64991133
0.72718279
0.78175981
0.72988121
0.66996099
0.71042494
0.68373195
0.7360485
0.67153078
0.74033676
0.7959121
0.82554129
0.77604794
0.81246239
0.77654626
0.7840004
0.81375962
0.86130293
0.8714578
0.86793655
0.8687837
0.86326326
0.84887139
0.8629855
0.85161381
0.8155832
0.83286738
0.84981674
0.81693423
0.7502355
0.79867568
0.78152668
0.74598816
0.73090394
0.73849265
0.76753643
0.80136077
0.82256429
0.85916302
0.89521433
0.88461688
0.92260155
0.9194518
0.8900946
0.88369688
0.80722265
0.80194669
0.80897841
0.80161424
0.78005409
0.80435573
0.80566117
0.77228194
0.77544545
0.80914062
0.81195708
0.82215161
0.8099357
0.7513596
0.78896172
0.78442813
0.72655393
0.71933116
0.7340987
0.7959267
0.84204526
0.83934579
0.8784533
0.87420597
0.85195827
0.82460013
0.82541911
0.81804202
0.83198456
0.8339594
0.85758161
0.82764042
0.80429722
0.84188488
0.80984002
0.77083091
0.7877554
0.75142793
0.78072231
0.79523856
0.75598529
0.76964695
0.7018003
0.68761152
0.74962047
0.73207704
0.76297514
0.81369687
0.77636784
0.77303585
0.81702253
0.85886306
0.79627839
0.83210743
0.82855318
0.81477283
0.77994277
0.86284784
0.79830733
0.79653079
0.76088223
0.74526351
0.84467111
0.78431552
0.82016713
0.8192947
0.82057268
0.77575067
0.77663733
0.71435542
0.69569837
0.73168146
0.71075191
0.76376748
0.70631726
0.77108655
0.77542875
0.75919125
0.72634369
0.74201078
0.72244462
0.68820219
0.73677165
0.78655776
0.81030751
0.81499606
0.79454663
0.80386989
0.78741425
0.78351105
0.76570162
0.78513352
0.72840691
0.78812482
0.67256872
0.60935251
0.65272049
0.67392582
0.68646401
0.71590116
0.63664694
0.61850167
0.66553891
0.65085906
0.65996897
0.60149297
0.51951028
0.56618942
0.56100045
0.51776738
0.5144506
0.51176426
0.47527649
0.52331585
0.56542091
0.60370834
0.58140471
0.56195716
0.49808607
0.56825598
0.57663387
0.58847519
0.60914722
0.59893652
0.58182581
0.55433365
0.60632267
0.61429861
0.57206307
0.5767804
0.53281354
0.60804743
0.65324246
0.66886072
0.65068332
0.63325441
0.64720938
0.62502637
0.69104374
0.68288494
0.706374
0.69099915
0.68023712
0.63396679
0.62842095
0.59008124
0.52070477
0.59312662
0.54601229
0.6020008
0.59427734
0.57102715
0.52393884
0.50933628
0.45151596
0.50358697
0.53976196
0.61788163
0.57838198
0.55430755
0.55445237
0.65022329
0.60533452
0.50084844
0.49077219
0.39902221
0.35743922
0.40961677
0.32543285
0.27980568
0.15318491
0.28331906
0.28294286
0.41668761
0.48711911
0.49564729
0.62933291
0.55606594
0.6095777
0.62691781
0.59533393
0.64676383
0.69389801
0.67024304
0.73927464
0.72895451
0.72278754
0.75333204
0.77872751
0.77841024
0.79021276
0.77659322
0.80748075
0.77272241
0.79825666
0.71291964
0.7555612
0.73156781
0.74066774
0.7974793
0.74489788
0.81274447
0.83476035
0.77319261
0.74527818
0.76001082
0.76855118
0.81759129
0.81555742
0.83337681
0.81549862
0.81725701
0.82314445
0.78537479
0.81416716
