0.4797051
0.54745227
0.51090582
0.51090582
0.51090582
0.54420151
0.54420151
0.54420151
0.54420151
0.54420151
0.51919111
0.51919111
0.51919111
0.51919111
0.51919111
0.52666204
0.52666204
0.52666204
0.50105908
0.50105908
0.50105908
0.52628999
0.52628999
0.52726901
0.58423061
0.58423061
0.58423061
0.58423061
0.58423061
0.58423061
0.58423061
0.58423061
0.58423061
0.58423061
0.58423061
0.58423061
0.58423061
0.58423061
0.55038109
0.55038109
0.55038109
0.56565754
0.6062575
0.6062575
0.6062575
0.58045111
0.58045111
0.53339472
0.53339472
0.53339472
0.53339472
0.53339472
0.53339472
0.53339472
0.53339472
0.53339472
0.53339472
0.53339472
0.53339472
0.53339472
0.53339472
0.53339472
0.53339472
0.51881835
0.51881835
0.51881835
0.51881835
0.51881835
0.51881835
0.51881835
0.51881835
0.52625358
0.52625358
0.52625358
0.52813493
0.52813493
0.52813493
0.53775383
0.55129947
0.55129947
0.55129947
0.55129947
0.55129947
0.55129947
0.55129947
0.55129947
0.54348393
0.54348393
0.54348393
0.54348393
0.52330853
0.52330853
0.52330853
0.52330853
0.52330853
0.5103266
0.5103266
0.5103266
0.5103266
0.5103266
0.5103266
0.5103266
0.53269084
0.53269084
0.53269084
0.52476705
0.52476705
0.51736309
0.50354218
0.50354218
0.50354218
0.53028287
0.53028287
0.53028287
0.53028287
0.53028287
0.53028287
0.53028287
0.53028287
0.53028287
0.51044381
0.51044381
0.51044381
0.51044381
0.51044381
0.51044381
0.51044381
0.51044381
0.51044381
0.51044381
0.5073052
0.50014134
0.49411526
0.49411526
0.49411526
0.49411526
0.46576095
0.46576095
0.46576095
0.46576095
0.46576095
0.46576095
0.46576095
0.46576095
0.4502985
0.4502985
0.4502985
0.4502985
0.44109186
0.44109186
0.44109186
0.44109186
0.44109186
0.44109186
0.46815658
0.47303941
0.47303941
0.47303941
0.47303941
0.47303941
0.48462061
0.48462061
0.48462061
0.48462061
0.48462061
0.48462061
0.48462061
0.47113094
0.46871405
0.46871405
0.46871405
0.47071621
0.47071621
0.48746261
0.48746261
0.49367046
0.49367046
0.49367046
0.46957667
0.44838192
0.44838192
0.44838192
0.44838192
0.38257329
0.38257329
0.38257329
0.43014222
0.43014222
0.43014222
0.40015267
0.40015267
0.40015267
0.40015267
0.40015267
0.40015267
0.40015267
0.40015267
0.40015267
0.40015267
0.40015267
0.3981999
0.3981999
0.3981999
0.3981999
0.35334007
0.35334007
0.35334007
0.39141487
0.39141487
0.39141487
0.39141487
0.39141487
0.39141487
0.39141487
0.39141487
0.39141487
0.39141487
0.39141487
0.39141487
0.39141487
0.39141487
0.39141487
0.39141487
0.31040929
0.31040929
0.31040929
0.31040929
0.34706659
0.43080437
0.43080437
0.44792047
0.44792047
0.44792047
0.44792047
0.44792047
0.47541789
0.47541789
0.47541789
0.47541789
0.47541789
0.47541789
0.47541789
0.52225478
0.52225478
0.52225478
0.4681641
0.4681641
0.4681641
0.48204638
0.5151963
0.5154099
0.5154099
0.51728344
0.51728344
0.51728344
0.51728344
0.51728344
0.52946818
0.52946818
0.52946818
0.54191361
0.54191361
0.54191361
0.53131055
0.5168221
0.5168221
0.5168221
0.53974381
0.53974381
0.53974381
0.53762539
0.53134878
0.49688342
0.48198186
0.48198186
0.47607871
0.47607871
0.47607871
0.41434687
0.41434687
0.41434687
0.42783296
0.43385086
0.43385086
0.43385086
0.42206503
0.42206503
0.42206503
0.42400082
0.5040705
0.5040705
0.5040705
0.5040705
0.49182574
0.49182574
0.49182574
0.50886112
0.5262241
0.5262241
0.5262241
0.48141247
0.48141247
0.46910615
0.46910615
0.46910615
0.46910615
0.46910615
0.46910615
0.46910615
0.47667873
0.50009207
0.50009207
0.50009207
0.46480973
0.46480973
0.46480973
0.46480973
0.46480973
0.46480973
0.46480973
0.46480973
0.47971113
0.48861068
0.48861068
0.48861068
0.48861068
0.48861068
0.48376817
0.48376817
0.48376817
0.45835993
0.44737374
0.44737374
0.44737374
0.44737374
0.49038156
0.49038156
0.49038156
0.49070595
0.49070595
0.49070595
0.49070595
0.49070595
0.49070595
0.49070595
0.49070595
0.49070595
0.49070595
0.49070595
0.49070595
0.49070595
0.49070595
0.49460883
0.49460883
0.49460883
0.49261065
0.49261065
0.49261065
0.54011189
0.54011189
0.54011189
0.54011189
0.54011189
0.55452474
0.55452474
0.55452474
0.55452474
0.55452474
0.60157859
0.60157859
0.60157859
0.60157859
0.55015889
0.54273433
0.54273433
0.54273433
0.58514683
0.58514683
0.58514683
0.58514683
0.58514683
0.58514683
0.58514683
0.58228074
0.57781363
0.5771495
0.57294698
0.57294698
0.56154113
0.56154113
0.56154113
0.56800332
0.56800332
0.56800332
0.56800332
0.56800332
0.56800332
0.56800332
0.56800332
0.52851748
0.49567904
0.48868628
0.47077896
0.47077896
0.47077896
0.47077896
0.47077896
0.47077896
0.47077896
0.43718311
0.43718311
0.43718311
0.43718311
0.43718311
0.43718311
0.43718311
0.42823209
0.42823209
0.42823209
0.42823209
0.42823209
0.42823209
0.42507509
0.42507509
0.36028085
0.34107484
0.34107484
0.34107484
0.34107484
0.34107484
0.34107484
0.34107484
0.34107484
0.34107484
0.34107484
0.34107484
0.34107484
0.34107484
0.34107484
0.34107484
0.34107484
0.34107484
0.35572398
0.35572398
0.35572398
0.35572398
0.35572398
0.39305354
0.39305354
0.39305354
0.39305354
0.39305354
0.39305354
0.39305354
0.36968404
0.36442067
0.35721533
0.35721533
0.3475323
0.3475323
0.32401532
0.32203616
0.32203616
0.29468836
0.28952558
0.28952558
0.28952558
0.28952558
0.27870397
0.27870397
0.27870397
0.27870397
0.27870397
0.27870397
0.29472005
0.29472005
0.29472005
0.27559717
0.27559717
0.27559717
0.27559717
0.27559717
0.27559717
0.27559717
0.28574425
0.28574425
0.28574425
0.28574425
0.28574425
0.28574425
0.28574425
0.29281477
0.29281477
0.29281477
0.29281477
0.29281477
0.29281477
0.29281477
0.2839249
0.2839249
0.2839249
0.2839249
0.2839249
0.2839249
0.30365919
0.30365919
0.30365919
0.30365919
0.33833331
0.33833331
0.33833331
0.33833331
0.35285709
0.36024982
0.36024982
0.36024982
0.36024982
0.36024982
0.36024982
0.36024982
0.31092864
0.306306
0.306306
0.306306
0.306306
0.306306
0.306306
0.306306
0.306306
0.29982504
0.29982504
0.29982504
0.29982504
0.29982504
0.29982504
0.29982504
0.29982504
0.29982504
0.29982504
0.29406483
0.29406483
0.27659006
0.27659006
0.27659006
0.27659006
0.27659006
0.27659006
0.29559152
0.29559152
0.29559152
0.29559152
0.29559152
0.29559152
0.29559152
0.29559152
0.29559152
0.29559152
0.29559152
0.28860358
0.28860358
0.28860358
0.28860358
0.28860358
0.32287341
0.32287341
0.32287341
0.32287341
0.32287341
0.32287341
0.34646359
0.34646359
0.34646359
0.34646359
0.34892202
0.34892202
0.37718928
0.37718928
0.37718928
0.37718928
0.37718928
0.40469811
0.41193167
0.41193167
0.41253706
0.41253706
0.41253706
0.42967103
0.42967103
0.43771804
0.43771804
0.43771804
0.43771804
0.45090659
0.45090659
0.45090659
0.47124555
0.47124555
0.47124555
0.47588302
0.47588302
0.47588302
0.47588302
0.47588302
0.47588302
0.47588302
0.47588302
0.47588302
0.48869932
0.51518749
0.51518749
0.51518749
0.51518749
0.51518749
0.51518749
0.58735754
0.60253876
0.60253876
0.60253876
0.5836848
0.5836848
0.5836848
0.58956716
0.58956716
0.58956716
0.57316316
0.57316316
0.57316316
0.57316316
0.53891355
0.53891355
0.53891355
0.53891355
0.53180092
0.53180092
0.53180092
0.53180092
0.53180092
0.53180092
0.53180092
0.53180092
0.51224849
0.51224849
0.49651091
0.48657597
0.48657597
0.48657597
0.48657597
0.48657597
0.47518189
0.47518189
0.47518189
0.47518189
0.47518189
0.47518189
0.47518189
0.47518189
0.47518189
0.47518189
0.47750366
0.47750366
0.47750366
0.46414181
0.46414181
0.46414181
0.46414181
0.46414181
0.46414181
0.48941195
0.48941195
0.48941195
0.48941195
0.48941195
0.48941195
0.50828936
0.50828936
0.50828936
0.50828936
0.54329123
0.54329123
0.54329123
0.54329123
0.5402573
0.5148046
0.5148046
0.5148046
0.5148046
0.5148046
0.5148046
0.5148046
0.5148046
0.48944712
0.48944712
0.48944712
0.54928094
0.54928094
0.54928094
0.54928094
0.54928094
0.54928094
0.54928094
0.54928094
0.54928094
0.54928094
0.54979886
0.54979886
0.54979886
0.5206773
0.5206773
0.5206773
0.52541543
0.52541543
0.52541543
0.51662099
0.51662099
0.51368435
0.51368435
0.51232637
0.50884121
0.50884121
0.50884121
0.50884121
0.50884121
0.50884121
0.50884121
0.50947374
0.50947374
0.50947374
0.50947374
0.50947374
0.51441583
0.51913887
0.51913887
0.51913887
0.51913887
0.51913887
0.51855233
0.51855233
0.51855233
0.52118057
0.52118057
0.52118057
0.52118057
0.52118057
0.51491401
0.51491401
0.51491401
0.51491401
0.51491401
0.51491401
0.51491401
0.50738327
0.49600381
0.49600381
0.49600381
0.49600381
0.49837726
0.49837726
0.49837726
0.45367967
0.45367967
0.45367967
0.45367967
0.45367967
0.45367967
0.45367967
0.45367967
0.45367967
0.45367967
0.45367967
0.45367967
0.45367967
0.45367967
0.45367967
0.45367967
0.45367967
0.45367967
0.45367967
0.45367967
0.44487789
0.44487789
0.44487789
0.44487789
0.44487789
0.44487789
0.44487789
0.47724315
0.47748522
0.47748522
0.47826237
0.47826237
0.47826237
0.47826237
0.47826237
0.5165404
0.51760663
0.51760663
0.51760663
0.46383333
0.46383333
0.46383333
0.46383333
0.46383333
0.46383333
0.46383333
0.49017588
0.52167584
0.52167584
0.52167584
0.52167584
0.52167584
0.52167584
0.48511571
0.47882063
0.47882063
0.4678773
0.4678773
0.4678773
0.46052744
0.46052744
0.46052744
0.42924403
0.42924403
0.42924403
0.41258762
0.41258762
0.41258762
0.41258762
0.42449702
0.42449702
0.42449702
0.42449702
0.44768636
0.44768636
0.44768636
0.44768636
0.44768636
0.44768636
0.44768636
0.44768636
0.44768636
0.42625006
0.42625006
0.42625006
0.42625006
0.42625006
0.43029396
0.43029396
0.43029396
0.43029396
0.37057404
0.37057404
0.37057404
0.37679401
0.37679401
0.37679401
0.37679401
0.378379
0.378379
0.378379
0.37073764
0.37073764
0.37073764
0.37073764
0.37073764
0.36281073
0.36281073
0.36281073
0.43750126
0.44674783
0.46686389
0.46883652
0.46883652
0.46883652
0.46883652
0.43465497
0.43465497
0.43465497
0.40755766
0.40755766
0.40755766
0.40755766
0.40755766
0.40755766
0.40755766
0.40883662
0.40883662
0.45039153
0.45039153
0.45039153
0.4130922
0.40730014
0.40626585
0.40626585
0.40626585
0.40440842
0.40440842
0.40440842
0.40343714
0.3682655
0.3682655
0.3682655
0.3682655
0.3682655
0.3682655
0.3682655
0.3682655
0.37781724
0.37950156
0.44745398
0.44745398
0.44745398
0.46607428
0.46607428
0.46607428
0.46113125
0.46113125
0.46113125
0.46113125
0.46592374
0.46592374
0.46592374
0.46592374
0.51839865
0.51839865
0.51839865
0.51839865
0.49829655
0.49829655
0.44644646
0.44644646
0.44644646
0.44644646
0.44644646
0.44644646
0.44644646
0.45370593
0.45370593
0.47327448
0.47327448
0.47327448
0.4381401
0.4381401
0.4381401
0.4381401
0.41233531
0.41233531
0.41233531
0.43257339
0.48868899
0.48868899
0.48868899
0.42670318
0.42670318
0.42670318
0.42670318
0.42670318
0.42670318
0.42670318
0.42670318
0.42670318
0.40343572
0.40343572
0.40343572
0.40931935
0.40931935
0.43514453
0.43514453
0.46245065
0.46245065
0.46285283
0.46285283
0.46285283
0.46285283
0.46285283
0.46285283
0.51247932
0.51247932
0.51247932
0.50919387
0.50919387
0.50919387
0.53527753
0.53527753
0.53527753
0.53527753
0.53527753
0.53527753
0.52723565
0.52723565
0.52723565
0.52723565
0.52723565
0.54188228
0.54188228
0.54188228
0.54188228
0.50077861
0.46660552
0.44664178
0.44664178
0.44664178
0.46885713
0.52658621
0.55833371
0.55833371
0.55833371
0.55833371
0.55833371
0.55833371
0.49479544
0.49479544
0.49479544
0.5322649
0.54351084
0.54351084
0.54351084
0.54351084
0.54351084
0.54238326
0.54238326
0.54238326
0.54238326
0.54238326
0.54238326
0.54238326
0.54238326
0.54238326
0.58495037
0.58495037
0.59082172
0.59082172
0.59082172
0.6003963
0.6003963
0.6003963
0.6003963
0.6003963
0.6003963
0.58048125
0.58048125
0.58048125
0.59842357
0.60182114
0.60182114
0.60182114
0.60182114
0.60182114
0.60182114
0.58936046
0.58936046
0.58936046
0.58936046
0.57933072
0.56898917
0.56898917
0.56898917
0.56898917
0.56898917
0.55431014
0.53971202
0.53971202
0.53971202
0.5503102
0.5503102
0.5503102
0.5503102
0.5661552
0.5661552
0.5661552
0.55609702
0.52324503
0.52324503
0.52324503
0.50845551
0.50845551
0.50845551
0.50845551
0.50845551
0.50845551
0.50845551
0.50845551
0.50845551
0.50559065
0.4993754
0.4993754
0.4993754
0.4993754
0.4993754
0.4993754
0.51422241
0.51422241
0.51422241
0.51422241
0.51422241
0.51422241
0.51422241
0.51422241
0.5305602
0.5305602
0.5305602
0.5305602
0.5305602
0.5305602
0.5305602
0.53984698
0.53984698
0.53984698
0.53984698
0.53984698
0.53984698
0.52967277
0.51339673
0.49447802
0.49224227
0.46919798
0.46919798
0.46919798
0.46919798
0.47950642
0.48992185
0.48992185
0.48992185
0.48992185
0.50663705
0.50663705
0.50663705
0.50663705
0.50663705
0.50663705
0.54805436
0.54805436
0.54805436
0.54805436
0.54805436
0.54077238
0.54077238
0.53983936
0.53983936
0.53983936
0.54963448
0.54963448
0.54963448
0.59018229
0.59018229
0.59472832
0.59472832
0.59472832
0.59472832
0.59472832
0.59472832
0.5827755
0.57954706
0.57954706
0.57954706
0.57954706
0.57954706
0.57954706
0.57954706
0.57844145
0.57844145
0.57844145
0.58020173
0.60600743
0.60600743
0.62781676
0.62781676
0.62781676
0.62781676
0.60992134
0.60992134
0.60992134
0.60992134
0.60992134
0.60992134
0.60992134
0.58255618
0.57193759
0.4956866
0.44642365
0.44642365
0.44642365
0.44642365
0.44642365
0.44642365
0.44642365
0.48351181
0.48737743
0.48737743
0.48737743
0.48737743
0.48737743
0.48737743
0.48737743
0.49914316
0.49914316
0.49914316
0.49914316
0.50515589
0.50515589
0.50515589
0.48966074
0.48966074
0.48966074
0.48966074
0.48966074
0.48966074
0.4829978
0.4829978
0.4829978
0.48144573
0.48144573
0.47475939
0.46059115
0.46059115
0.46059115
0.46059115
0.46059115
0.51249471
0.51249471
0.51249471
0.51249471
0.51249471
0.51249471
0.51249471
0.53281258
0.53281258
0.555225
0.555225
0.555225
0.555225
0.555225
0.555225
0.555225
0.555225
0.555225
0.555225
0.555225
0.5522845
0.5522845
0.5522845
0.57278222
0.57278222
0.57278222
0.57278222
0.57278222
0.58496883
0.58496883
0.58496883
0.58496883
0.58496883
0.58496883
0.58614164
0.60430485
0.6268403
0.6268403
0.6268403
0.6268403
0.6268403
0.6268403
0.60231081
0.57262814
0.47278858
0.47278858
0.47278858
0.47278858
0.47278858
0.47168561
0.45884582
0.4265339
0.38913695
0.37225242
0.37225242
0.37225242
0.37894
0.37894
0.37894
0.37491152
0.37491152
0.37491152
0.39234374
0.39234374
0.39234374
0.39234374
0.35662819
0.35662819
0.35662819
0.35662819
0.35662819
0.35662819
0.35662819
0.37425696
0.38284499
0.38284499
0.38284499
0.38284499
0.39720563
0.39720563
0.39720563
0.39720563
0.42668681
0.42668681
0.42668681
0.42668681
0.42668681
0.42668681
0.42668681
0.42668681
0.42477982
0.42477982
0.42477982
0.42646192
0.46926375
0.48636946
0.49032246
0.49032246
0.49032246
0.5108922
0.5108922
0.52091853
0.52091853
0.52091853
0.51645901
0.51645901
0.51645901
0.51645901
0.48539791
0.48539791
0.48539791
0.48539791
0.48539791
0.48539791
0.51922057
0.51922057
0.51922057
0.51922057
0.51922057
0.51922057
0.57511945
0.58161349
0.5868421
0.62344602
0.62496894
0.62496894
0.62496894
0.62496894
0.62496894
0.62496894
0.64146741
0.65782239
0.65782239
0.65782239
0.65782239
0.65782239
0.65782239
0.65782239
0.65782239
0.65782239
0.67455837
0.72669857
0.72669857
0.72669857
0.71308019
0.63985513
0.63985513
0.60834107
0.60834107
0.60834107
0.60834107
0.60834107
0.60834107
0.60834107
0.60834107
0.6156886
0.6156886
0.6156886
0.6156886
0.6156886
0.62211822
0.62211822
0.64751067
0.65695853
0.65695853
0.65695853
0.65036464
0.63816712
0.63816712
0.63816712
0.66132498
0.66132498
0.68468078
0.69235297
0.69235297
0.69683641
0.69683641
0.69683641
0.70970188
0.70970188
0.70970188
0.69092821
0.69092821
0.69092821
0.69092821
0.70046649
0.70046649
0.70046649
0.70046649
0.71093875
0.71093875
0.71093875
0.70545684
0.70545684
0.70545684
0.70187155
0.67458075
0.65699597
0.65699597
0.65699597
0.65699597
0.65699597
0.68031506
0.68031506
0.68031506
0.68031506
0.68031506
0.68031506
0.68227518
0.68227518
0.68227518
0.68227518
0.68227518
0.67178457
0.67178457
0.67178457
0.67178457
0.67178457
0.67178457
0.67178457
0.67178457
0.64212795
0.64212795
0.64212795
0.61142798
0.61142798
0.61142798
0.62781317
0.62781317
0.62781317
0.62781317
0.62961675
0.62961675
0.62961675
0.62961675
0.62961675
0.64176021
0.6798075
0.6798075
0.6798075
0.6798075
0.6907915
0.6907915
0.69748385
0.69748385
0.69748385
0.69748385
0.64697875
0.6418855
0.6418855
0.6418855
0.6418855
0.6418855
0.63863969
0.62158247
0.62158247
0.62158247
0.61685166
0.61685166
0.61685166
0.61685166
0.61685166
0.61685166
0.61685166
0.58991854
0.58991854
0.58991854
0.59959559
0.59959559
0.59959559
0.59959559
0.59959559
0.60640754
0.60640754
0.60640754
0.60640754
0.60640754
0.60640754
0.60640754
0.60640754
0.60640754
0.60640754
0.61416375
0.66497678
0.66497678
0.66497678
0.66497678
0.66497678
0.66497678
0.66497678
0.66497678
0.66497678
0.66497678
0.66497678
0.6763836
0.6763836
0.6763836
0.65253727
0.65253727
0.65253727
0.67209109
0.67209109
0.67641441
0.68714122
0.68714122
0.68714122
0.68714122
0.68714122
0.70971093
0.70985969
0.70985969
0.70985969
0.66728662
0.66728662
0.66728662
0.66728662
0.66728662
0.66728662
0.66728662
0.68394372
0.68394372
0.68394372
0.66504544
0.66504544
0.66504544
0.66504544
0.67190765
0.68852056
0.68852056
0.68852056
0.68852056
0.66781134
0.66781134
0.66781134
0.66781134
0.66781134
0.66704912
0.66704912
0.66704912
0.6839435
0.6839435
0.6839435
0.64151567
0.64151567
0.64151567
0.65773897
0.66819027
0.66819027
0.66819027
0.6650589
0.6650589
0.6650589
0.66898306
0.66898306
0.66898306
0.65949692
0.65949692
0.65949692
0.65949692
0.65949692
0.66397668
0.66397668
0.66397668
0.66397668
0.66397668
0.66397668
0.66397668
0.66397668
0.66397668
0.65384854
0.65384854
0.65384854
0.65384854
0.65384854
0.65384854
0.65384854
0.65384854
0.65384854
0.65384854
0.65384854
0.65384854
0.65384854
0.65384854
0.60607617
0.60607617
0.60607617
0.60607617
0.60607617
0.60607617
0.60607617
0.62239567
0.63126427
0.67542648
0.67542648
0.67542648
0.67542648
0.67542648
0.67542648
0.67542648
0.68679132
0.68679132
0.68679132
0.72147709
0.72147709
0.72147709
0.72147709
0.72147709
0.72147709
0.68424297
0.68424297
0.68424297
0.68424297
0.68424297
0.68424297
0.68424297
0.68424297
0.69139834
0.69406452
0.69406452
0.69406452
0.71141235
0.72463866
0.73692543
0.73692543
0.73692543
0.73692543
0.73692543
0.73692543
0.73692543
0.71581824
0.71113732
0.70653242
0.70653242
0.67458995
0.67458995
0.67458995
0.69943701
0.69943701
0.69943701
0.69943701
0.68855374
0.68635707
0.68635707
0.6293642
0.6293642
0.6293642
0.6293642
0.67725564
0.67725564
0.67725564
0.67725564
0.67725564
0.63884834
0.63884834
0.63884834
0.63884834
0.63884834
0.63948008
0.63948008
0.63948008
0.62687041
0.62687041
0.59517292
0.59517292
0.59517292
0.59517292
0.60088661
0.60088661
0.60088661
0.58894827
0.58894827
0.58894827
0.58894827
0.58894827
0.58894827
0.60816112
0.60816112
0.60816112
0.60816112
0.60816112
0.57568559
0.57568559
0.57031685
0.57031685
0.55079086
0.55079086
0.55079086
0.55079086
0.55079086
0.55079086
0.55079086
0.55079086
0.55079086
0.55079086
0.56408281
0.56408281
0.56408281
0.56408281
0.56408281
0.56408281
0.56408281
0.56408281
0.60556329
0.60556329
0.63029184
0.63029184
0.63029184
0.63029184
0.63029184
0.60705728
0.56178486
0.5469358
0.48326872
0.48326872
0.48326872
0.48326872
0.48326872
0.48326872
0.48326872
0.48326872
0.4619447
0.44106118
0.44106118
0.43036989
0.43036989
0.43036989
0.43036989
0.43036989
0.41898118
0.41898118
0.41898118
0.4448214
0.4448214
0.4448214
0.4448214
0.41277822
0.40924612
0.40924612
0.40924612
0.40924612
0.40924612
0.44898204
0.45046097
0.45046097
0.45046097
0.45046097
0.45046097
0.45046097
0.45046097
0.45982524
0.46734395
0.46734395
0.51637037
0.51637037
0.51637037
0.51637037
0.51637037
0.51637037
0.49404882
0.49404882
0.49404882
0.49404882
0.48474431
0.46963855
0.44907722
0.44581097
0.44581097
0.44581097
0.44581097
0.44581097
0.45400026
0.48469915
0.48469915
0.48469915
0.48469915
0.49165822
0.49165822
0.49165822
0.49165822
0.51076803
0.53783069
0.53783069
0.53783069
0.50763847
0.4739221
0.4739221
0.4739221
0.47570458
0.47689471
0.49039426
0.49039426
0.49039426
0.51239324
0.51239324
0.51239324
0.51239324
0.51239324
0.51197085
0.51057456
0.51057456
0.51057456
0.51057456
0.51057456
0.51057456
0.5070054
0.49835392
0.49807042
0.49807042
0.49668538
0.49668538
0.49668538
0.49668538
0.5038804
0.5038804
0.52284451
0.5328138
0.5502217
0.5502217
0.5502217
0.53058804
0.53058804
0.53058804
0.49821656
0.42923798
0.42923798
0.42923798
0.42555192
0.3777761
0.3777761
0.3777761
0.3777761
0.3777761
0.3777761
0.3777761
0.3777761
0.3777761
0.3777761
0.3777761
0.39967176
0.39967176
0.39967176
0.39967176
0.39967176
0.39967176
0.39967176
0.39967176
0.39967176
0.44158374
0.45792305
0.45792305
0.45792305
0.45792305
0.45792305
0.47454167
0.47454167
0.47454167
0.47973171
0.47973171
0.47973171
0.47973171
0.47973171
0.49084642
0.49084642
0.49346602
0.49346602
0.49346602
0.49346602
0.49346602
0.49346602
0.49346602
0.49346602
0.49346602
0.48188972
0.48188972
0.46640521
0.46640521
0.46640521
0.47562642
0.47562642
0.47562642
0.47562642
0.48000968
0.50491864
0.50491864
0.50491864
0.50491864
0.51273308
0.51273308
0.51273308
0.55612741
0.56075259
0.56075259
0.56075259
0.53870886
0.53870886
0.53870886
0.53516139
0.5333092
0.52751308
0.52751308
0.5236257
0.5236257
0.48504822
0.48504822
0.48504822
0.51654526
0.51654526
0.51654526
0.51654526
0.51654526
0.52541274
0.52541274
0.52541274
0.52541274
0.52541274
0.52541274
0.52541274
0.58291082
0.58291082
0.58291082
0.54925509
0.54810145
0.54810145
0.54810145
0.54810145
0.52750172
0.50678252
0.49700064
0.49700064
0.49700064
0.51818645
0.51818645
0.51818645
0.51818645
0.51818645
0.54194511
0.54194511
0.54297072
0.54297072
0.56355862
0.56355862
0.56355862
0.56480403
0.56483196
0.5674896
0.56849124
0.56849124
0.56849124
0.56849124
0.5713847
0.57515938
0.57515938
0.57515938
0.57515938
0.57515938
0.57515938
0.57515938
0.57515938
0.58492671
0.58492671
0.58492671
0.55451992
0.55451992
0.55451992
0.55139693
0.53466659
0.53466659
0.53466659
0.55062666
0.55062666
0.55062666
0.55062666
0.55062666
0.55062666
0.55062666
0.55062666
0.55062666
0.55062666
0.56027426
0.56027426
0.59704381
0.59704381
0.59704381
0.57733516
0.57733516
0.57733516
0.53627498
0.51900042
0.51900042
0.51900042
0.51900042
0.51900042
0.51900042
0.53065552
0.53065552
0.53065552
0.52685385
0.52685385
0.52685385
0.52685385
0.52685385
0.52685385
0.52451178
0.52209147
0.52209147
0.52209147
0.51827479
0.51827479
0.51827479
0.51827479
0.52318701
0.5242619
0.5242619
0.5242619
0.525285
0.525285
0.525285
0.525285
0.525285
0.49417747
0.49417747
0.49417747
0.49417747
0.48151579
0.46626633
0.46626633
0.46344674
0.46344674
0.46344674
0.46643767
0.47607214
0.47607214
0.47607214
0.47606132
0.47606132
0.47606132
0.45948231
0.45948231
0.45948231
0.47815721
0.47815721
0.47815721
0.47815721
0.47815721
0.47815721
0.4740511
0.4740511
0.4740511
0.4740511
0.4740511
0.4740511
0.4740511
0.4740511
0.4803117
0.4803117
0.4803117
0.4803117
0.4803117
0.4803117
0.4678965
0.4678965
0.4678965
0.4678965
0.4678965
0.4678965
0.4686033
0.4686033
0.4686033
0.47062997
0.47470665
0.47470665
0.47470665
0.47470665
0.47470665
0.47470665
0.47470665
0.44441964
0.44441964
0.44441964
0.44441964
0.44441964
0.4618027
0.47313126
0.47313126
0.47396062
0.49886976
0.49886976
0.49886976
0.48475728
0.48236024
0.48157969
0.48157969
0.48031086
0.48031086
0.48031086
0.48682102
0.48682102
0.48682102
0.48682102
0.48959921
0.48959921
0.48959921
0.48959921
0.48959921
0.48959921
0.45066414
0.41910656
0.38622407
0.37156398
0.3151817
0.27877933
0.26634252
0.26634252
0.22389978
0.22389978
0.22389978
0.22389978
0.22389978
0.22389978
0.22389978
0.22389978
0.22389978
0.22389978
0.30268692
0.30268692
0.37544582
0.38626667
0.38626667
0.39061327
0.39061327
0.39061327
0.36567181
0.30911631
0.1319059
0.1319059
0.1319059
0.1319059
0.1319059
0.1319059
0.14267367
0.14267367
0.14267367
0.14267367
0.33175644
0.40512534
0.4193836
0.44108366
0.44108366
0.44108366
0.44108366
0.44108366
0.44108366
0.44108366
0.44108366
0.46705518
0.46705518
0.46705518
0.46705518
0.45976231
0.45976231
0.45976231
0.45976231
0.45976231
0.473905
0.473905
0.473905
0.17694872
0.17694872
0.17694872
0.19899822
0.19899822
0.19899822
0.19899822
0.19899822
0.19899822
0.19899822
0.19899822
0.28328721
0.36722508
0.36722508
0.36722508
0.36722508
0.36722508
0.38251973
0.38251973
0.38251973
0.44323884
0.44323884
0.44323884
0.44323884
0.43655328
0.43587808
0.4351456
0.4351456
0.4167671
0.39691594
0.34612366
0.34612366
0.34612366
0.34612366
0.34612366
0.33380092
0.26151661
0.26151661
0.26151661
0.31304758
0.31304758
0.31304758
0.49284295
0.49610166
0.58605502
0.58605502
0.58605502
0.55812735
0.55557546
0.55557546
0.52792767
0.52792767
0.52792767
0.52792767
0.43098255
0.4261911
0.367642
0.36127026
0.36127026
0.36127026
0.40712454
0.49307444
0.49307444
0.49307444
0.47822278
0.47822278
0.47822278
0.47822278
0.47822278
0.43728873
0.41714115
0.41714115
0.41714115
0.41714115
0.41714115
0.41714115
0.46888801
0.46888801
0.46888801
0.46888801
0.46888801
0.46888801
0.46888801
0.47135705
0.48017438
0.50623427
0.50623427
0.50623427
0.48019485
0.48019485
0.48019485
0.49275303
0.56759213
0.56759213
0.56759213
0.56759213
0.56759213
0.56759213
0.56759213
0.56759213
0.56759213
0.58208191
0.58613129
0.58613129
0.58613129
0.58613129
0.58613129
0.58613129
0.58613129
0.58613129
0.58613129
0.57892802
0.57152628
0.57152628
0.57152628
0.57185044
0.57185044
0.57185044
0.57185044
0.57185044
0.56831009
0.56831009
0.56831009
0.56831009
0.56831009
0.56831009
0.55253789
0.54765617
0.54765617
0.54765617
0.54765617
0.54765617
0.54765617
0.54765617
0.54765617
0.54765617
0.54765617
0.54765617
0.54765617
0.54765617
0.54957745
0.54957745
0.54957745
0.54957745
0.54957745
0.54957745
0.54957745
0.54957745
0.54957745
0.53149099
0.53149099
0.53149099
0.51444353
0.51444353
0.51444353
0.51444353
0.51444353
0.50463025
0.50463025
0.50463025
0.49912751
0.49912751
0.49912751
0.49293985
0.49293985
0.49293985
0.49293985
0.49293985
0.49293985
0.49293985
0.49293985
0.47625337
0.47625337
0.47603683
0.47603683
0.47603683
0.48756367
0.48756367
0.48756367
0.48756367
0.48756367
0.48756367
0.48756367
0.48756367
0.48756367
0.53028818
0.53028818
0.53028818
0.51992319
0.51992319
0.48124889
0.4409099
0.4354574
0.4354574
0.4354574
0.46316794
0.46316794
0.46316794
0.46316794
0.46316794
0.45791712
0.45791712
0.45791712
0.5063047
0.5063047
0.5063047
0.5063047
0.55190303
0.57293156
0.57697074
0.57697074
0.57697074
0.57697074
0.57697074
0.63657422
0.64542265
0.64542265
0.64542265
0.67477526
0.67477526
0.67477526
0.65217084
0.65217084
0.65217084
0.65217084
0.65217084
0.65217084
0.65052508
0.63652639
0.63652639
0.63652639
0.63652639
0.61752287
0.57076978
0.57076978
0.57076978
0.57076978
0.50819966
0.50819966
0.50819966
0.627722
0.627722
0.627722
0.6214728
0.60236128
0.57657527
0.57657527
0.57657527
0.53855728
0.53855728
0.53855728
0.53855728
0.53855728
0.49944478
0.49944478
0.49944478
0.49944478
0.6247031
0.6247031
0.67462796
0.67885779
0.67885779
0.67885779
0.64936139
0.63021989
0.62866669
0.62320983
0.60734951
0.60734951
0.60734951
0.60734951
0.62155307
0.62155307
0.62155307
0.62155307
0.62155307
0.64000151
0.64000151
0.64877224
0.66501633
0.66501633
0.66501633
0.63719741
0.63719741
0.63719741
0.63719741
0.63719741
0.59397122
0.59397122
0.59397122
0.59397122
0.59397122
0.56856498
0.56856498
0.56856498
0.56856498
0.58213778
0.58213778
0.58303161
0.60667605
0.60667605
0.60667605
0.57957351
0.53689539
0.53689539
0.53689539
0.53689539
0.53689539
0.45945523
0.45945523
0.45945523
0.45945523
0.53112794
0.53112794
0.53112794
0.53112794
0.53112794
0.48937308
0.46433492
0.46433492
0.46433492
0.48467249
0.50201937
0.50201937
0.50201937
0.46960785
0.46960785
0.46960785
0.61546563
0.63477448
0.69278055
0.69278055
0.69278055
0.69278055
0.69964816
0.69964816
0.69964816
0.67433608
0.67433608
0.67433608
0.71493978
0.71970303
0.71970303
0.71970303
0.7110406
0.69053151
0.69053151
0.69053151
0.73749263
0.76750546
0.76750546
0.76750546
0.76611287
0.76611287
0.76611287
0.76611287
0.76611287
0.76611287
0.76611287
0.76611287
0.76611287
0.71880201
0.71880201
0.71880201
0.71880201
0.71880201
0.71880201
0.71880201
0.71880201
0.70379609
0.70379609
0.70379609
0.70379609
0.61560543
0.48940204
0.46708309
0.46708309
0.46708309
0.46708309
0.46708309
0.46708309
0.46439618
0.46439618
0.46439618
0.47828131
0.48431522
0.48431522
0.48431522
0.48431522
0.48431522
0.44839949
0.44839949
0.44839949
0.44839949
0.46493029
0.52612762
0.52612762
0.52612762
0.52612762
0.52612762
0.52612762
0.52612762
0.46302244
0.43111594
0.43111594
0.42449266
0.42449266
0.42449266
0.47605513
0.47605513
0.47605513
0.48021811
0.48021811
0.50467297
0.52486148
0.52486148
0.52486148
0.52486148
0.52486148
0.52486148
0.52486148
0.52486148
0.48525954
0.48525954
0.48525954
0.48525954
0.48525954
0.48525954
0.48525954
0.48525954
0.48525954
0.49414687
0.51676056
0.51676056
0.51676056
0.56146291
0.62093168
0.62161709
0.62161709
0.62161709
0.62161709
0.63921173
0.63921173
0.63921173
0.63921173
0.63921173
0.64967271
0.65581
0.65581
0.65581
0.68100452
0.68100452
0.68100452
0.68100452
0.65681883
0.65423525
0.65423525
0.65423525
0.65423525
0.65423525
0.6162405
0.60787887
0.60787887
0.60787887
0.62035563
0.62035563
0.62035563
0.62035563
0.62035563
0.6257423
0.6257423
0.6257423
0.6257423
0.6257423
0.6257423
0.6257423
0.6257423
0.6257423
0.62373697
0.62083078
0.61794899
0.61794899
0.6082519
0.55265883
0.54427941
0.51613909
0.51613909
0.49852309
0.49852309
0.49852309
0.49852309
0.49852309
0.49852309
0.50617094
0.50617094
0.50617094
0.49748427
0.49748427
0.49748427
0.50028409
0.50028409
0.50028409
0.50028409
0.50028409
0.52071882
0.52071882
0.52071882
0.52071882
0.52071882
0.52071882
0.52457502
0.58021048
0.58021048
0.5846841
0.5846841
0.5846841
0.57435314
0.52870909
0.52870909
0.52870909
0.52870909
0.52870909
0.53101175
0.55922562
0.55922562
0.5779254
0.60320529
0.63535689
0.63535689
0.63535689
0.63535689
0.63535689
0.63535689
0.63535689
0.63535689
0.63792462
0.63792462
0.63792462
0.61559791
0.61559791
0.61559791
0.61988664
0.62078324
0.63443737
0.63443737
0.63443737
0.59005258
0.59005258
0.59005258
0.60216168
0.61720882
0.61720882
0.61720882
0.61720882
0.61720882
0.62617003
0.6288132
0.6288132
0.6288132
0.62503803
0.62091114
0.61399451
0.61399451
0.61399451
0.61399451
0.59768211
0.59768211
0.59768211
0.59768211
0.59768211
0.59768211
0.62511172
0.62511172
0.62511172
0.60957646
0.60957646
0.60957646
0.62057872
0.62057872
0.62057872
0.62057872
0.62057872
0.62057872
0.61076506
0.60237768
0.59108876
0.59108876
0.57553091
0.56396484
0.56396484
0.56396484
0.5903477
0.5903477
0.5903477
0.5903477
0.5903477
0.6054436
0.62649183
0.64646964
0.64646964
0.64646964
0.64646964
0.64646964
0.64646964
0.62283853
0.62283853
0.62283853
0.63101581
0.63101581
0.63101581
0.58146746
0.58146746
0.58146746
0.58146746
0.57664738
0.57664738
0.57664738
0.57664738
0.57664738
0.57664738
0.60595989
0.60595989
0.66138845
0.66138845
0.66138845
0.65727235
0.65147227
0.65147227
0.65147227
0.65147227
0.65147227
0.62570896
0.62570896
0.62570896
0.62570896
0.62570896
0.62570896
0.57767783
0.57767783
0.57767783
0.57767783
0.57767783
0.58727072
0.59069732
0.59069732
0.61272107
0.61272107
0.61450111
0.61450111
0.61450111
0.61450111
0.61523603
0.61523603
0.61523603
0.61523603
0.61523603
0.61523603
0.61523603
0.61523603
0.61523603
0.61523603
0.63693589
0.63903308
0.63903308
0.63903308
0.62254353
0.62254353
0.62254353
0.62254353
0.60397467
0.59455697
0.59455697
0.56595311
0.56595311
0.56595311
0.60424081
0.60424081
0.60424081
0.60424081
0.60424081
0.60424081
0.60424081
0.60424081
0.60424081
0.60424081
0.60424081
0.60424081
0.60424081
0.5974456
0.58528763
0.57336668
0.57143141
0.57143141
0.57143141
0.59536129
0.59536129
0.59536129
0.59136547
0.59136547
0.59130774
0.59130774
0.59130774
0.59130774
0.59130774
0.56452064
0.56452064
0.56452064
0.58204786
0.58204786
0.6003415
0.60056982
0.60056982
0.60056982
0.60056982
0.60056982
0.63212038
0.63212038
0.63212038
0.63212038
0.6173894
0.61721441
0.61721441
0.61721441
0.62042149
0.65537445
0.65537445
0.65537445
0.641811
0.61481371
0.60350233
0.60350233
0.60350233
0.61450563
0.61450563
0.61450563
0.61793417
0.61793417
0.6187059
0.6187059
0.6187059
0.6187059
0.6187059
0.6187059
0.6187059
0.60480983
0.60480983
0.60480983
0.60480983
0.6310014
0.64685937
0.64685937
0.64685937
0.64685937
0.65809139
0.65809139
0.65809139
0.63714321
0.62536471
0.62536471
0.61629134
0.59651822
0.59651822
0.59651822
0.59651822
0.59651822
0.59651822
0.59847013
0.59847013
0.59847013
0.63950528
0.63950528
0.64252154
0.64840665
0.64840665
0.64840665
0.63499308
0.63367206
0.63367206
0.63367206
0.65377739
0.66914084
0.66914084
0.66914084
0.70181485
0.70181485
0.70181485
0.69928168
0.65412114
0.65412114
0.65412114
0.65412114
0.65412114
0.65412114
0.67614581
0.67614581
0.67614581
0.67614581
0.67614581
0.66921624
0.63434986
0.63434986
0.63434986
0.63434986
0.63565924
0.63565924
0.63565924
0.63565924
0.63565924
0.63565924
0.63565924
0.63565924
0.63565924
0.61940572
0.61940572
0.61940572
0.61940572
0.61940572
0.61940572
0.61940572
0.62328765
0.62328765
0.62328765
0.62328765
0.62328765
0.62328765
0.6266784
0.6266784
0.6266784
0.61100004
0.60638159
0.60638159
0.60638159
0.59860254
0.59860254
0.59860254
0.59860254
0.59860254
0.62664389
0.63217547
0.63217547
0.63217547
0.63217547
0.59136297
0.56080462
0.56080462
0.56080462
0.57089423
0.57089423
0.57089423
0.57089423
0.57089423
0.57089423
0.57089423
0.57972885
0.58597099
0.58597099
0.58597099
0.58597099
0.55804331
0.5543158
0.5543158
0.5543158
0.55908149
0.55908149
0.55908149
0.56465719
0.56465719
0.56465719
0.56465719
0.57426019
0.57623742
0.58932392
0.59618401
0.60271707
0.60271707
0.60271707
0.57680996
0.57680996
0.56711414
0.56711414
0.56711414
0.56711414
0.56711414
0.56711414
0.56711414
0.56711414
0.58062567
0.58062567
0.58062567
0.58062567
0.58062567
0.58062567
0.58062567
0.58062567
0.58062567
0.58062567
0.59059771
0.59059771
0.59059771
0.58093229
0.58093229
0.58093229
0.54599555
0.54599555
0.54599555
0.56406129
0.56406129
0.56406129
0.56406129
0.56406129
0.56406129
0.57678432
0.57678432
0.57678432
0.57421629
0.57421629
0.57421629
0.56777745
0.52747757
0.51849815
0.51849815
0.51849815
0.51849815
0.51849815
0.51849815
0.52808926
0.54640299
0.54640299
0.56901009
0.62293623
0.62293623
0.62293623
0.61649515
0.60636715
0.60102732
0.60102732
0.58969685
0.58969685
0.58969685
0.56253047
0.55624081
0.55624081
0.55624081
0.55624081
0.55624081
0.55624081
0.53720992
0.53720992
0.50239305
0.50239305
0.50239305
0.4937695
0.4937695
0.4937695
0.49427717
0.49427717
0.49427717
0.48551281
0.48551281
0.48551281
0.48551281
0.48551281
0.48551281
0.48551281
0.48551281
0.4805592
0.47456885
0.47456885
0.47456885
0.47456885
0.44478552
0.44478552
0.44478552
0.44478552
0.44478552
0.43835163
0.43835163
0.43835163
0.46077354
0.46077354
0.48410475
0.48717659
0.48717659
0.48717659
0.48717659
0.48717659
0.48717659
0.47690663
0.47690663
0.47652675
0.47503822
0.47503822
0.47503822
0.47503822
0.46361995
0.46361995
0.44901536
0.44901536
0.44901536
0.40613079
0.40613079
0.38205121
0.38205121
0.38205121
0.42373232
0.42772021
0.42772021
0.42772021
0.41106481
0.41106481
0.41106481
0.44537698
0.44537698
0.44537698
0.44537698
0.42603086
0.42603086
0.42603086
0.42603086
0.42603086
0.42603086
0.42603086
0.42603086
0.41488467
0.37962782
0.37962782
0.37962782
0.38248478
0.38459508
0.38459508
0.38459508
0.38459508
0.38459508
0.38459508
0.34748963
0.30254061
0.2221124
0.2221124
0.2221124
0.22441615
0.25755217
0.4114332
0.4114332
0.4114332
0.4114332
0.40362762
0.40362762
0.40362762
0.40362762
0.40362762
0.29509973
0.27313896
0.25787798
0.25787798
0.25787798
0.25790521
0.25790521
0.2876953
0.30049469
0.30049469
0.35753227
0.45451318
0.46030439
0.46030439
0.46030439
0.52096523
0.52096523
0.52158197
0.52158197
0.52474731
0.52474731
0.52474731
0.52474731
0.52474731
0.52474731
0.52474731
0.50207756
0.50207756
0.50207756
0.50207756
0.50207756
0.50207756
0.50207756
0.46211187
0.38595717
0.34332288
0.34332288
0.34332288
0.34332288
0.45273419
0.57230659
0.57230659
0.57230659
0.57230659
0.57230659
0.57230659
0.66951698
0.66951698
0.66951698
0.64452547
0.64452547
0.64452547
0.778996
0.778996
0.778996
0.778996
0.778996
0.778996
0.778996
0.70058706
0.70058706
0.70058706
0.70058706
0.70058706
0.67256051
0.67256051
0.67256051
0.67256051
0.67256051
0.67256051
0.74061025
0.74061025
0.74061025
0.64030788
0.64030788
0.62914416
0.54704023
0.51565939
0.51565939
0.51565939
0.51565939
0.51565939
0.47379583
0.47379583
0.47251126
0.43950499
0.43127128
0.43127128
0.43127128
0.41092744
0.39709325
0.37493294
0.37493294
0.37493294
0.37493294
0.37493294
0.36960383
0.36960383
0.36960383
0.36960383
0.36960383
0.32270254
0.32270254
0.32270254
0.32270254
0.31815591
0.31815591
0.31815591
0.31815591
0.30328391
0.30328391
0.30328391
0.30422061
0.33629246
0.33629246
0.34543013
0.36289838
0.36289838
0.36289838
0.32981237
0.32981237
0.32981237
0.35131238
0.35131238
0.35131238
0.35131238
0.35131238
0.35131238
0.35131238
0.35131238
0.35131238
0.35131238
0.34678346
0.31910414
0.31910414
0.31910414
0.40810048
0.40810048
0.40810048
0.417949
0.417949
0.417949
0.40714159
0.40714159
0.40714159
0.38959648
0.38959648
0.3870877
0.38498541
0.38498541
0.37145112
0.36414044
0.36414044
0.36414044
0.41658108
0.41658108
0.41658108
0.38918689
0.38918689
0.38918689
0.38918689
0.38918689
0.38918689
0.38918689
0.47245584
0.47245584
0.47245584
0.47245584
0.47245584
0.47114674
0.47114674
0.47114674
0.47114674
0.47114674
0.47114674
0.468654
0.468654
0.468654
0.468654
0.468654
0.468654
0.47694701
0.47694701
0.47694701
0.47694701
0.47694701
0.47694701
0.47694701
0.47694701
0.47694701
0.47694701
0.47694701
0.47694701
0.47694701
0.47694701
0.47694701
0.47694701
0.47694701
0.47694701
0.47694701
0.47694701
0.47694701
0.44916342
0.44916342
0.44916342
0.44679294
0.44679294
0.44679294
0.44679294
0.42968127
0.42968127
0.42968127
0.42968127
0.42968127
0.44346833
0.44346833
0.44346833
0.43077581
0.43077581
0.43077581
0.43077581
0.43077581
0.41392849
0.41392849
0.41392849
0.47192267
0.48941716
0.50229017
0.50229017
0.51104745
0.51104745
0.51104745
0.51104745
0.46547816
0.46547816
0.46547816
0.46547816
0.46547816
0.46547816
0.46547816
0.46547816
0.46547816
0.50117019
0.50117019
0.50117019
0.50117019
0.50117019
0.48942186
0.48942186
0.48942186
0.48942186
0.47495978
0.47495978
0.47495978
0.47495978
0.47495978
0.47495978
0.44502622
0.38532793
0.38532793
0.38532793
0.40044358
0.40044358
0.40044358
0.40044358
0.40044358
0.40044358
0.38514581
0.38514581
0.38514581
0.38514581
0.38514581
0.38514581
0.38514581
0.38514581
0.38514581
0.38514581
0.38514581
0.32981816
0.32981816
0.32981816
0.32981816
0.32981816
0.32981816
0.32981816
0.32981816
0.31447703
0.30657287
0.30657287
0.30657287
0.30978176
0.30978176
0.30978176
0.30978176
0.31663098
0.31663098
0.31663098
0.34918754
0.36825894
0.36825894
0.36825894
0.36825894
0.36825894
0.30523724
0.30523724
0.30523724
0.30523724
0.30523724
0.30523724
0.30523724
0.30523724
0.30523724
0.30523724
0.30523724
0.30523724
0.29911549
0.29911549
0.29911549
0.29911549
0.29911549
0.29911549
0.29911549
0.29911549
0.29911549
0.30864916
0.30864916
0.30864916
0.30864916
0.32500694
0.32500694
0.32500694
0.32500694
0.32500694
0.32500694
0.32500694
0.32500694
0.32500694
0.35904905
0.35904905
0.35904905
0.35904905
0.35904905
0.35904905
0.35904905
0.35904905
0.35904905
0.35904905
0.36330991
0.36330991
0.36330991
0.34457374
0.34307223
0.26766701
0.26766701
0.26766701
0.27811784
0.27811784
0.27811784
0.27811784
0.27811784
0.27811784
0.27811784
0.27811784
0.278701
0.278701
0.278701
0.278701
0.29646478
0.29646478
0.29646478
0.29646478
0.30649066
0.30649066
0.30649066
0.30649066
0.30649066
0.30649066
0.29202665
0.29202665
0.27182339
0.27182339
0.27182339
0.27182339
0.27182339
0.27182339
0.27182339
0.25832243
0.25832243
0.25832243
0.29259459
0.31970792
0.31970792
0.31970792
0.29617745
0.29305762
0.29305762
0.29305762
0.29305762
0.29305762
0.30118527
0.30118527
0.30118527
0.30444007
0.30444007
0.30444007
0.30444007
0.30444007
0.30444007
0.30444007
0.30444007
0.30444007
0.30444007
0.30444007
0.30444007
0.30444007
0.30444007
0.30444007
0.30444007
0.30444007
0.30444007
0.30444007
0.30444007
0.32733122
0.3425718
0.3425718
0.3425718
0.29915074
0.29915074
0.29915074
0.29915074
0.29915074
0.29915074
0.28477819
0.28477819
0.28477819
0.28477819
0.28477819
0.33688758
0.36892748
0.36892748
0.36892748
0.31882341
0.31882341
0.31882341
0.301479
0.301479
0.301479
0.301479
0.301479
0.301479
0.301479
0.301479
0.29005419
0.29005419
0.29005419
0.28813836
0.28813836
0.28813836
0.28813836
0.28813836
0.24403477
0.24403477
0.24403477
0.24403477
0.24403477
0.2494642
0.2494642
0.2494642
0.2494642
0.2494642
0.2494642
0.2494642
0.2494642
0.2494642
0.2494642
0.2494642
0.2494642
0.2494642
0.25156212
0.25156212
0.25156212
0.25156212
0.25156212
0.25156212
0.25156212
0.25156212
0.25156212
0.25156212
0.25156212
0.25156212
0.25156212
0.30239105
0.30239105
0.30239105
0.19136835
0.19136835
0.19136835
0.2142333
0.25369755
0.2622123
0.2622123
0.2622123
0.26634548
0.26634548
0.27258228
0.27258228
0.27258228
0.27258228
0.27258228
0.30245246
0.30245246
0.30245246
0.30245246
0.30245246
0.30245246
0.30245246
0.29917514
0.29917514
0.29917514
0.30034545
0.30034545
0.30034545
0.29236295
0.29236295
0.29236295
0.29236295
0.28163933
0.28163933
0.28163933
0.28163933
0.28163933
0.33250956
0.33344389
0.33344389
0.33344389
0.27942835
0.27942835
0.27942835
0.27942835
0.27942835
0.2593902
0.2593902
0.2593902
0.2593902
0.2724989
0.2724989
0.27443047
0.27443047
0.27443047
0.27443047
0.27443047
0.27443047
0.27296866
0.27296866
0.27296866
0.27296866
0.27296866
0.30567032
0.30567032
0.30567032
0.28237639
0.28237639
0.28237639
0.28643369
0.28643369
0.28643369
0.26391011
0.26391011
0.26391011
0.2863276
0.2863276
0.2863276
0.2863276
0.2863276
0.28659745
0.28659745
0.28857182
0.28857182
0.28857182
0.28857182
0.29078616
0.29078616
0.29078616
0.29078616
0.29078616
0.29078616
0.29078616
0.29078616
0.28111285
0.24862196
0.23469303
0.20774549
0.19378501
0.19378501
0.19378501
0.19378501
0.19378501
0.16265044
0.16265044
0.16265044
0.19487682
0.19487682
0.19487682
0.19487682
0.19487682
0.19487682
0.19487682
0.19487682
0.19636783
0.2070615
0.2070615
0.2070615
0.2070615
0.24688845
0.24688845
0.24688845
0.24330733
0.20822646
0.20822646
0.20822646
0.20822646
0.20822646
0.1632931
0.14533546
0.14533546
0.14533546
0.13271417
0.13271417
0.13271417
0.13271417
0.13271417
0.13271417
0.17817235
0.17817235
0.17817235
0.17817235
0.12433594
0.10617635
0.10617635
0.08516819
0.06843379
0.06843379
0.06843379
0.10071039
0.10071039
0.10071039
0.14193291
0.14193291
0.14193291
0.14193291
0.14193291
0.14193291
0.14193291
0.10953867
0.10953867
0.10953867
0.16589924
0.16589924
0.16589924
0.16345359
0.16345359
0.16345359
0.16345359
0.16345359
0.16345359
0.16114071
0.16104777
0.14037727
0.14037727
0.14037727
0.14037727
0.14037727
0.12783758
0.11753186
0.11753186
0.11753186
0.13840031
0.13840031
0.13840031
0.12694079
0.12694079
0.12694079
0.18563152
0.18563152
0.18563152
0.18563152
0.18563152
0.18563152
0.18563152
0.18563152
0.13940964
0.12914693
0.12914693
0.12914693
0.15758122
0.15758122
0.18129307
0.18129307
0.2011432
0.2011432
0.20291914
0.20291914
0.20291914
0.20291914
0.22421417
0.22421417
0.22421417
0.22421417
0.22421417
0.22421417
0.22421417
0.22421417
0.22354807
0.22354807
0.22354807
0.22437308
0.22437308
0.22437308
0.22437308
0.22437308
0.22437308
0.20557081
0.20377112
0.18847649
0.18847649
0.18847649
0.20271593
0.20271593
0.20271593
0.17692114
0.17692114
0.17692114
0.17692114
0.17692114
0.17692114
0.17692114
0.23026287
0.23026287
0.23026287
0.23026287
0.23026287
0.23026287
0.23026287
0.23026287
0.24616905
0.24616905
0.24616905
0.24616905
0.2382438
0.21857905
0.21857905
0.21857905
0.21857905
0.24853013
0.24853013
0.2811645
0.2811645
0.2811645
0.2811645
0.2811645
0.2811645
0.27417507
0.26531308
0.26531308
0.26531308
0.27784037
0.27784037
0.27977082
0.29942266
0.30740978
0.30740978
0.30740978
0.30740978
0.30740978
0.30740978
0.30740978
0.3432411
0.3613143
0.38184318
0.40031025
0.40031025
0.40031025
0.40031025
0.37562628
0.37562628
0.36723107
0.36723107
0.36723107
0.39809182
0.43471684
0.43471684
0.43471684
0.43471684
0.43471684
0.46389842
0.46389842
0.46389842
0.46389842
0.4852318
0.53724493
0.54925323
0.54925323
0.54925323
0.54925323
0.54925323
0.54925323
0.54925323
0.54925323
0.54925323
0.54230825
0.51175623
0.51175623
0.51175623
0.51175623
0.51175623
0.51175623
0.51175623
0.51175623
0.571576
0.58970067
0.58970067
0.58970067
0.58970067
0.58970067
0.58970067
0.5918807
0.59738285
0.59738285
0.59738285
0.52077117
0.51469858
0.51469858
0.51469858
0.51469858
0.51469858
0.51469858
0.55223421
0.55223421
0.55223421
0.57336491
0.57336491
0.57336491
0.55759623
0.55759623
0.55759623
0.55759623
0.55759623
0.55759623
0.58525632
0.58525632
0.58525632
0.5570352
0.49323233
0.49323233
0.49323233
0.49323233
0.44161107
0.3785527
0.29343919
0.29343919
0.29343919
0.29343919
0.26882056
0.26882056
0.26882056
0.32923949
0.32923949
0.32923949
0.32923949
0.32923949
0.32923949
0.37695245
0.37695245
0.38705629
0.38705629
0.38705629
0.41504273
0.41504273
0.41504273
0.27892698
0.18040532
0.18040532
0.18040532
0.18040532
0.18040532
0.18040532
0.18040532
0.18040532
0.1169193
0.11333031
0.11333031
0.08783073
0.08783073
0.08783073
0.06463759
0.06463759
0.06463759
0.15237777
0.15237777
0.15237777
0.10467893
0.10467893
0.10467893
0.10467893
0.10467893
0.10467893
0.10467893
0.10814608
0.10814608
0.10814608
0.10814608
0.10814608
0.15297457
0.15297457
0.18137654
0.18137654
0.18137654
0.18137654
0.18137654
0.18137654
0.18137654
0.18137654
0.22939814
0.2726493
0.2808551
0.2808551
0.2808551
0.28077456
0.26778119
0.18140283
0.17957651
0.17957651
0.17957651
0.13916772
0.13916772
0.13916772
0.16117546
0.26195826
0.27383106
0.33730719
0.33730719
0.33893112
0.33893112
0.38565034
0.4498278
0.4498278
0.4498278
0.4498278
0.4498278
0.4498278
0.40427777
0.40427777
0.40427777
0.40427777
0.40427777
0.40427777
0.40427777
0.45813077
0.45813077
0.45813077
0.45813077
0.45813077
0.48383832
0.48383832
0.48383832
0.43476339
0.43476339
0.43476339
0.43476339
0.43476339
0.43476339
0.43476339
0.41003253
0.41003253
0.41003253
0.41003253
0.41003253
0.39663042
0.39663042
0.39663042
0.40171031
0.4054384
0.4054384
0.4054384
0.4054384
0.4054384
0.4054384
0.4054384
0.4054384
0.41054344
0.41054344
0.41054344
0.4252985
0.46602825
0.4877505
0.50037624
0.50037624
0.56312305
0.56312305
0.56312305
0.56312305
0.56312305
0.56312305
0.56312305
0.55604953
0.55604953
0.55604953
0.57247386
0.57278655
0.57278655
0.57278655
0.53857773
0.53857773
0.53857773
0.59022484
0.59022484
0.59022484
0.59022484
0.59165856
0.59165856
0.59165856
0.59165856
0.59165856
0.53630394
0.53630394
0.53630394
0.53630394
0.44312485
0.44312485
0.44312485
0.44312485
0.44312485
0.44312485
0.44312485
0.44312485
0.35567727
0.33685238
0.25892863
0.25892863
0.25892863
0.27620606
0.30790795
0.35948125
0.35948125
0.3642641
0.37488045
0.37488045
0.37488045
0.37488045
0.37488045
0.43775832
0.46015284
0.49000868
0.49000868
0.49000868
0.49000868
0.49000868
0.49000868
0.49000868
0.49000868
0.49000868
0.49000868
0.48710666
0.48710666
0.48710666
0.48507371
0.48507371
0.44394172
0.44394172
0.44394172
0.45393895
0.45393895
0.45393895
0.46377962
0.46377962
0.51595405
0.5221595
0.5221595
0.52750209
0.56110996
0.56110996
0.56110996
0.60842957
0.64194228
0.64194228
0.64194228
0.62990081
0.62990081
0.57665572
0.57325077
0.57325077
0.57325077
0.57583364
0.57583364
0.57583364
0.5620114
0.5620114
0.5620114
0.5620114
0.54405637
0.54405637
0.54405637
0.54405637
0.54405637
0.54405637
0.53873969
0.53873969
0.53873969
0.53873969
0.53873969
0.53873969
0.53873969
0.53322294
0.51711391
0.51711391
0.51711391
0.51711391
0.52772466
0.52772466
0.52772466
0.52772466
0.52002275
0.52002275
0.52002275
0.49047478
0.49047478
0.49047478
0.48529617
0.48529617
0.48529617
0.48995103
0.48995103
0.48995103
0.48995103
0.48995103
0.48995103
0.48995103
0.48995103
0.48995103
0.48995103
0.47167197
0.46775858
0.46775858
0.46775858
0.40663208
0.40663208
0.37906987
0.37906987
0.36626353
0.36626353
0.36626353
0.36626353
0.38484303
0.38484303
0.38484303
0.37749777
0.37749777
0.37749777
0.37749777
0.37749777
0.37749777
0.37749777
0.37749777
0.37749777
0.36990317
0.35754194
0.33852461
0.32380162
0.32380162
0.298371
0.298371
0.298371
0.27856281
0.27856281
0.27856281
0.22888666
0.22888666
0.22888666
0.22888666
0.22888666
0.29167323
0.29167323
0.31388488
0.31388488
0.31388488
0.31400254
0.36780494
0.38772505
0.38772505
0.39938653
0.41962539
0.41962539
0.41962539
0.38910552
0.31243942
0.3085979
0.3085979
0.3085979
0.33993715
0.33993715
0.33993715
0.3556101
0.3556101
0.38436637
0.38436637
0.38436637
0.3764013
0.36133835
0.36133835
0.36133835
0.36991627
0.36991627
0.36991627
0.36045266
0.36045266
0.36045266
0.36045266
0.31687268
0.31687268
0.31687268
0.31687268
0.31687268
0.27698055
0.27698055
0.27698055
0.27698055
0.27698055
0.30461419
0.34091254
0.34091254
0.34091254
0.34091254
0.34091254
0.32657219
0.27399787
0.26751043
0.26751043
0.26751043
0.26751043
0.26751043
0.26751043
0.26751043
0.26751043
0.26389831
0.24199031
0.24199031
0.24199031
0.24199031
0.25204791
0.27174713
0.27174713
0.27174713
0.27174713
0.27174713
0.27174713
0.27174713
0.22660504
0.22660504
0.22660504
0.27987849
0.3375353
0.40116127
0.45364222
0.45364222
0.45428685
0.45428685
0.45428685
0.44797035
0.44797035
0.44797035
0.49512804
0.4999286
0.4999286
0.4999286
0.58629243
0.58629243
0.58629243
0.58629243
0.58629243
0.47826075
0.45404336
0.45404336
0.45404336
0.51244262
0.53414785
0.59943945
0.65797965
0.65797965
0.65797965
0.65797965
0.65797965
0.65797965
0.54260975
0.5001573
0.4663753
0.4663753
0.4663753
0.49216718
0.51263361
0.57565998
0.58703753
0.601763
0.601763
0.601763
0.4920735
0.4920735
0.4920735
0.4920735
0.4920735
0.4920735
0.4920735
0.47854392
0.47854392
0.47854392
0.47854392
0.48658858
0.48658858
0.48658858
0.48658858
0.48658858
0.51112402
0.52143621
0.57048908
0.57048908
0.57048908
0.57048908
0.57588651
0.58918239
0.71381912
0.74088343
0.74088343
0.74088343
0.73807789
0.73807789
0.73807789
0.73807789
0.6952701
0.6952701
0.6952701
0.69509256
0.69509256
0.69509256
0.72878972
0.72878972
0.72878972
0.67962431
0.67962431
0.55391133
0.54133295
0.54133295
0.54066061
0.54066061
0.54066061
0.54066061
0.54066061
0.54066061
0.57939247
0.57939247
0.57939247
0.63076633
0.63076633
0.63076633
0.68229118
0.68229118
0.68229118
0.66016474
0.66016474
0.66016474
0.66016474
0.67889976
0.67889976
0.67889976
0.67889976
0.67889976
0.67889976
0.67889976
0.66595731
0.66595731
0.66595731
0.6566264
0.64128276
0.64128276
0.64128276
0.64128276
0.64128276
0.64128276
0.62852176
0.61426385
0.58856553
0.58856553
0.58856553
0.58856553
0.59808453
0.6041983
0.64811879
0.67286188
0.67286188
0.67286188
0.67286188
0.6654793
0.6654793
0.6654793
0.6654793
0.6654793
0.69589106
0.69610693
0.71528823
0.72042566
0.72042566
0.72055131
0.7228388
0.7228388
0.73149298
0.74522251
0.74522251
0.75712505
0.75712505
0.75712505
0.75712505
0.75712505
0.76097322
0.76097322
0.76097322
0.76097322
0.76097322
0.75386853
0.75123944
0.72867782
0.72867782
0.72867782
0.72867782
0.72867782
0.75268322
0.75268322
0.75268322
0.74186517
0.69105447
0.69105447
0.61865308
0.6140191
0.61227983
0.61227983
0.61227983
0.61227983
0.61227983
0.61227983
0.65943685
0.65943685
0.65943685
0.63521536
0.63521536
0.63521536
0.60928784
0.60928784
0.58570025
0.58570025
0.58570025
0.58570025
0.58822009
0.58822009
0.60414506
0.63041514
0.63041514
0.63041514
0.63041514
0.63041514
0.59508283
0.57846612
0.57694126
0.57694126
0.57694126
0.57694126
0.57694126
0.57694126
0.57694126
0.56731212
0.56731212
0.56731212
0.56731212
0.55975361
0.55975361
0.55975361
0.55975361
0.57841664
0.57841664
0.57841664
0.57841664
0.60793661
0.62287437
0.63631459
0.65406469
0.65406469
0.65406469
0.65406469
0.65406469
0.65406469
0.61154
0.61154
0.61154
0.63099278
0.63099278
0.63099278
0.63099278
0.63099278
0.55739662
0.55739662
0.55739662
0.55739662
0.55739662
0.5197663
0.5197663
0.5197663
0.5197663
0.5197663
0.5197663
0.52011479
0.52011479
0.52011479
0.48781045
0.48781045
0.48781045
0.48781045
0.45790912
0.45790912
0.45790912
0.43613895
0.41558251
0.39632813
0.39632813
0.39632813
0.39632813
0.39632813
0.39632813
0.39632813
0.39632813
0.41153146
0.42318867
0.42479554
0.42479554
0.42756181
0.46501787
0.46501787
0.46501787
0.46501787
0.46501787
0.39643616
0.39643616
0.39643616
0.39643616
0.37627224
0.37627224
0.37627224
0.37627224
0.37627224
0.37627224
0.38209664
0.41969239
0.41969239
0.41969239
0.43936062
0.47194464
0.47194464
0.47194464
0.47194464
0.47194464
0.43182555
0.43182555
0.43182555
0.43182555
0.43182555
0.43182555
0.43182555
0.43182555
0.44213659
0.44213659
0.44213659
0.44213659
0.44213659
0.44552313
0.44552313
0.44552313
0.44552313
0.40488779
0.39647336
0.39647336
0.39647336
0.39647336
0.39096024
0.39096024
0.39096024
0.39096024
0.39096024
0.39096024
0.39602446
0.39821173
0.39821173
0.39821173
0.39821173
0.39821173
0.4025402
0.41132207
0.41132207
0.42977856
0.42977856
0.42977856
0.42977856
0.42977856
0.42998898
0.42998898
0.42998898
0.42921978
0.39320549
0.39320549
0.39320549
0.40688726
0.40688726
0.40688726
0.39182737
0.39182737
0.39182737
0.39182737
0.39182737
0.40438395
0.41188715
0.42752265
0.42752265
0.42752265
0.43877468
0.43877468
0.48276848
0.48276848
0.48276848
0.48276848
0.48276848
0.48276848
0.48276848
0.47943865
0.44800934
0.44800934
0.44800934
0.44800934
0.44800934
0.45183513
0.45734987
0.45734987
0.45734987
0.45734987
0.45734987
0.45186179
0.44246993
0.44246993
0.44246993
0.44280471
0.44280471
0.44280471
0.43936126
0.43936126
0.40041708
0.40041708
0.35703366
0.35703366
0.35703366
0.35703366
0.35622468
0.35399487
0.35399487
0.35399487
0.35399487
0.35399487
0.35399487
0.35889524
0.35889524
0.35889524
0.35889524
0.35889524
0.37527261
0.38148685
0.38148685
0.38148685
0.34932423
0.34932423
0.34932423
0.34932423
0.34932423
0.34932423
0.30951139
0.29648917
0.29648917
0.29648917
0.29734128
0.29734128
0.31071021
0.31071021
0.31251522
0.35770698
0.35770698
0.4108546
0.4108546
0.4108546
0.3968324
0.3968324
0.3968324
0.3968324
0.3968324
0.3968324
0.41001774
0.41001774
0.41001774
0.41694167
0.41694167
0.43175217
0.43175217
0.45010347
0.45010347
0.45010347
0.44455762
0.41199821
0.41199821
0.41199821
0.42374851
0.42374851
0.42374851
0.42374851
0.43200409
0.43200409
0.43200409
0.43200409
0.46443998
0.46443998
0.46443998
0.46443998
0.46443998
0.52290864
0.52290864
0.52290864
0.52290864
0.52290864
0.52547518
0.53020941
0.53020941
0.53020941
0.53020941
0.53020941
0.53020941
0.50421532
0.50421532
0.50421532
0.50421532
0.51305594
0.51305594
0.51305594
0.48925977
0.48674499
0.48172807
0.48172807
0.48172807
0.4861597
0.4861597
0.4861597
0.4861597
0.4861597
0.4861597
0.4861597
0.4861597
0.50537226
0.50537226
0.50537226
0.50537226
0.53529139
0.53529139
0.53529139
0.51999819
0.48677569
0.47413132
0.44542257
0.44542257
0.44542257
0.44542257
0.44542257
0.44542257
0.44542257
0.45530332
0.45530332
0.45530332
0.45530332
0.47211565
0.47211565
0.47211565
0.47211565
0.47211565
0.48518075
0.48785265
0.48785265
0.48785265
0.4712869
0.4712869
0.4712869
0.47520532
0.48327699
0.48327699
0.48327699
0.48327699
0.48327699
0.45001098
0.41083016
0.40711472
0.40711472
0.40711472
0.40833016
0.40833016
0.40833016
0.40833016
0.40833016
0.40833016
0.40833016
0.40833016
0.40833016
0.44544256
0.44917338
0.45081315
0.46721857
0.47612567
0.48093622
0.4974003
0.50326098
0.50326098
0.50326098
0.49111497
0.49111497
0.49111497
0.49111497
0.48224263
0.45620133
0.45620133
0.45620133
0.47635408
0.47635408
0.47635408
0.47635408
0.44096945
0.4280572
0.35684046
0.35684046
0.35684046
0.37096556
0.37096556
0.40846416
0.41177363
0.41771687
0.42165659
0.42397786
0.42397786
0.43884613
0.44645603
0.44645603
0.44645603
0.46284508
0.46284508
0.46284508
0.56076999
0.56076999
0.56076999
0.54476479
0.54476479
0.54476479
0.57743807
0.58462591
0.58462591
0.59975956
0.59975956
0.59975956
0.58252231
0.56743134
0.56743134
0.56227476
0.53388239
0.53388239
0.53388239
0.55963253
0.55963253
0.55963253
0.55963253
0.55963253
0.55963253
0.55928043
0.53669597
0.53669597
0.53669597
0.53669597
0.49028143
0.49028143
0.49028143
0.49028143
0.49028143
0.52046821
0.52046821
0.52046821
0.49741331
0.44065952
0.38716905
0.38716905
0.38716905
0.38716905
0.35047461
0.34832653
0.34754637
0.34754637
0.33651073
0.33651073
0.33651073
0.33651073
0.34420702
0.34420702
0.35661205
0.35661205
0.35661205
0.42790904
0.42790904
0.42790904
0.42790904
0.42790904
0.42790904
0.43597545
0.45473168
0.4753501
0.4753501
0.4753501
0.5019357
0.5019357
0.5019357
0.48817036
0.46245785
0.45566038
0.43580958
0.42273592
0.42273592
0.42273592
0.42273592
0.42273592
0.42273592
0.43375273
0.43375273
0.43375273
0.43375273
0.41718874
0.41718874
0.41718874
0.41718874
0.41718874
0.41718874
0.41718874
0.41718874
0.41415257
0.41415257
0.41415257
0.41415257
0.41415257
0.41415257
0.45507194
0.46795911
0.46795911
0.46795911
0.46795911
0.46795911
0.44834974
0.44834974
0.44834974
0.45957924
0.45957924
0.45957924
0.45957924
0.44192121
0.44192121
0.44192121
0.44192121
0.44192121
0.44192121
0.44192121
0.44192121
0.44951495
0.44951495
0.44951495
0.44951495
0.44951495
0.44951495
0.44951495
0.44951495
0.44951495
0.44951495
0.45985259
0.45985259
0.49614579
0.52046705
0.52046705
0.52046705
0.52046705
0.52046705
0.52046705
0.52046705
0.52046705
0.52046705
0.52046705
0.52046705
0.53461661
0.55079963
0.55079963
0.55079963
0.50656818
0.482872
0.482872
0.482872
0.51221035
0.51221035
0.51221035
0.47486464
0.47486464
0.47486464
0.43200328
0.43200328
0.41817808
0.41448595
0.41448595
0.41448595
0.44091537
0.44091537
0.44091537
0.44091537
0.44091537
0.44091537
0.44091537
0.48794465
0.51084001
0.5213447
0.52895569
0.52895569
0.52895569
0.52895569
0.5098637
0.508937
0.508937
0.508937
0.508937
0.508937
0.50257802
0.49969471
0.49969471
0.46916003
0.46916003
0.46916003
0.46916003
0.46916003
0.46916003
0.46916003
0.46916003
0.49130322
0.49130322
0.51317563
0.51317563
0.51317563
0.51317563
0.51000358
0.47258838
0.47141368
0.47141368
0.47141368
0.46619904
0.46619904
0.45753184
0.45753184
0.45753184
0.45753184
0.45753184
0.492405
0.492405
0.492405
0.492405
0.492405
0.5040011
0.5040011
0.5040011
0.47634888
0.47262632
0.47262632
0.42721752
0.42721752
0.42721752
0.45800812
0.46548847
0.46548847
0.46548847
0.46548847
0.46548847
0.46548847
0.46548847
0.48509985
0.48509985
0.50453215
0.50453215
0.50453215
0.53377438
0.53377438
0.53377438
0.49956465
0.4984388
0.45358516
0.45136912
0.45136912
0.4251312
0.41308644
0.41308644
0.41308644
0.43437048
0.43437048
0.43437048
0.43437048
0.43437048
0.43437048
0.43437048
0.43437048
0.43437048
0.43437048
0.43705757
0.43705757
0.43705757
0.43705757
0.43705757
0.43705757
0.41447704
0.41447704
0.38112876
0.38112876
0.38112876
0.38112876
0.38112876
0.38112876
0.39928235
0.39928235
0.39928235
0.41884544
0.41884544
0.41884544
0.41884544
0.41884544
0.39120123
0.39120123
0.39120123
0.40587278
0.43509172
0.43509172
0.43509172
0.43509172
0.45446025
0.45446025
0.45446025
0.43268557
0.43268557
0.43268557
0.43268557
0.43268557
0.43268557
0.41863556
0.41863556
0.40504365
0.40504365
0.40504365
0.40099484
0.38978272
0.38978272
0.38978272
0.38978272
0.38978272
0.38978272
0.38978272
0.41100068
0.41100068
0.41100068
0.41100068
0.41100068
0.41100068
0.41100068
0.41685885
0.41685885
0.41685885
0.41685885
0.41685885
0.40789436
0.40789436
0.40789436
0.40789436
0.40789436
0.38235309
0.38235309
0.38172413
0.36537366
0.36537366
0.36537366
0.36537366
0.36626966
0.36626966
0.38647769
0.38647769
0.38647769
0.38647769
0.38647769
0.37781628
0.37781628
0.37781628
0.35694248
0.34177959
0.34177959
0.34177959
0.34177959
0.35278453
0.37618668
0.39452519
0.39452519
0.39452519
0.34346653
0.34346653
0.34346653
0.38581863
0.38581863
0.38581863
0.38581863
0.38581863
0.38581863
0.38581863
0.38581863
0.39611126
0.39611126
0.39611126
0.39611126
0.3620283
0.3620283
0.3620283
0.38510932
0.39457276
0.44641827
0.44641827
0.44641827
0.44641827
0.44641827
0.44641827
0.44641827
0.44641827
0.44641827
0.44641827
0.43718864
0.43150896
0.43150896
0.43150896
0.43150896
0.43150896
0.38270483
0.38270483
0.38270483
0.41035384
0.42087567
0.42623778
0.43009977
0.43009977
0.44782645
0.44782645
0.44782645
0.44782645
0.44782645
0.44782645
0.44782645
0.44782645
0.44782645
0.44782645
0.44782645
0.44782645
0.44782645
0.40146555
0.40146555
0.40146555
0.40146555
0.40146555
0.40146555
0.40146555
0.38731354
0.38731354
0.38731354
0.38731354
0.38662043
0.38662043
0.38662043
0.38662043
0.38662043
0.38662043
0.38662043
0.38581562
0.37958707
0.37958707
0.37958707
0.40526482
0.40526482
0.41286037
0.41286037
0.41286037
0.41286037
0.40499097
0.40499097
0.40499097
0.40499097
0.40499097
0.40679478
0.40679478
0.40679478
0.4075462
0.4075462
0.4075462
0.36273255
0.36273255
0.27693522
0.27693522
0.27693522
0.28389761
0.28389761
0.28389761
0.26975754
0.26975754
0.26975754
0.28277398
0.28277398
0.28277398
0.28277398
0.32387266
0.32387266
0.38306089
0.38306089
0.38306089
0.38306089
0.38400676
0.38400676
0.38400676
0.38400676
0.38400676
0.38400676
0.38400676
0.38400676
0.38400676
0.38400676
0.38400676
0.38400676
0.40731018
0.5065568
0.5065568
0.5065568
0.5065568
0.5065568
0.5065568
0.5065568
0.49832824
0.49832824
0.49832824
0.55992731
0.55992731
0.55992731
0.55992731
0.55992731
0.53396823
0.53396823
0.53396823
0.57297986
0.57297986
0.57297986
0.57297986
0.57297986
0.57702684
0.58122582
0.60143521
0.60143521
0.60143521
0.58589706
0.58185154
0.56916801
0.56916801
0.56916801
0.60717666
0.62827975
0.70068375
0.70068375
0.71558635
0.75060285
0.75060285
0.75060285
0.69664488
0.69664488
0.69664488
0.69664488
0.69664488
0.69664488
0.70584923
0.70584923
0.70584923
0.70584923
0.63629767
0.63629767
0.63629767
0.63629767
0.63629767
0.63629767
0.63629767
0.63629767
0.52202151
0.52202151
0.52202151
0.52202151
0.52202151
0.52202151
0.52202151
0.52202151
0.52202151
0.52202151
0.52202151
0.52202151
0.52202151
0.52202151
0.52202151
0.52202151
0.52202151
0.52202151
0.63144215
0.63144215
0.63144215
0.63144215
0.59612309
0.54932375
0.54932375
0.53517662
0.53517662
0.53517662
0.5787683
0.58029072
0.61136848
0.61403781
0.61403781
0.69471871
0.69661768
0.69661768
0.69661768
0.67003376
0.67003376
0.64104083
0.62810141
0.62810141
0.62810141
0.67371626
0.67371626
0.67371626
0.70663326
0.72442688
0.72442688
0.72442688
0.70026331
0.70026331
0.70026331
0.71911629
0.71911629
0.71911629
0.71911629
0.71911629
0.71911629
0.71911629
0.71911629
0.71911629
0.71911629
0.74652591
0.74652591
0.74652591
0.74652591
0.76295526
0.76295526
0.76295526
0.74435904
0.74435904
0.74435904
0.74435904
0.75932554
0.75932554
0.75932554
0.74051865
0.73764004
0.73764004
0.73764004
0.76866009
0.76866009
0.76866009
0.76866009
0.76866009
0.76866009
0.76866009
0.76866009
0.76866009
0.76866009
0.76866009
0.76866009
0.75543345
0.75429877
0.75429877
0.75429877
0.76872315
0.76872315
0.76872315
0.76872315
0.76872315
0.76872315
0.68872849
0.67519897
0.64466978
0.64466978
0.64198107
0.64198107
0.64198107
0.64198107
0.64198107
0.64198107
0.64198107
0.64787755
0.66180265
0.66180265
0.67145156
0.68941818
0.68941818
0.68941818
0.68941818
0.68941818
0.68941818
0.68768636
0.68768636
0.68768636
0.71757884
0.71757884
0.71757884
0.71278252
0.71278252
0.71278252
0.71278252
0.71278252
0.70043092
0.70043092
0.70043092
0.70043092
0.70043092
0.70043092
0.70043092
0.68713043
0.68713043
0.68713043
0.75694847
0.75694847
0.75694847
0.71494184
0.71185325
0.71185325
0.71185325
0.71348925
0.71348925
0.71348925
0.63773196
0.62874947
0.62874947
0.62874947
0.62874947
0.62874947
0.62874947
0.62874947
0.62874947
0.61549985
0.61549985
0.61549985
0.61549985
0.61549985
0.61549985
0.61549985
0.61549985
0.61549985
0.61549985
0.61549985
0.58437145
0.58437145
0.52341689
0.52341689
0.52341689
0.52345445
0.52345445
0.52345445
0.52345445
0.52345445
0.52345445
0.52345445
0.52345445
0.60607289
0.60607289
0.60607289
0.57927835
0.57927835
0.57927835
0.52550825
0.52550825
0.52550825
0.52550825
0.52550825
0.52550825
0.52550825
0.52550825
0.52550825
0.52550825
0.48773093
0.48773093
0.48773093
0.49947301
0.51714379
0.53558537
0.61444115
0.67599973
0.67599973
0.67599973
0.67599973
0.67599973
0.68534227
0.68534227
0.68534227
0.65268012
0.65268012
0.65268012
0.65268012
0.64174767
0.62232636
0.62232636
0.53550144
0.53550144
0.53550144
0.53550144
0.53550144
0.53550144
0.53550144
0.45139128
0.45139128
0.45139128
0.41342653
0.41342653
0.41342653
0.4238431
0.46367318
0.46367318
0.48176203
0.48176203
0.48176203
0.5570783
0.5570783
0.5570783
0.50361661
0.49117164
0.48179013
0.48179013
0.48179013
0.44693898
0.44459503
0.44459503
0.44459503
0.44459503
0.47149871
0.47149871
0.47149871
0.47149871
0.47149871
0.42495681
0.38675064
0.33488521
0.29202663
0.28915198
0.28871061
0.28871061
0.28871061
0.28871061
0.28871061
0.24244318
0.24244318
0.24244318
0.28168183
0.28862834
0.28899733
0.28899733
0.28899733
0.28899733
0.29806698
0.30258453
0.30258453
0.32420177
0.33698848
0.33698848
0.33698848
0.27425623
0.26608311
0.26608311
0.26608311
0.32160542
0.32515924
0.32515924
0.32515924
0.32515924
0.32515924
0.32515924
0.32515924
0.32515924
0.35457062
0.35457062
0.35457062
0.35457062
0.35457062
0.35457062
0.35457062
0.35457062
0.32037941
0.32037941
0.32037941
0.37551093
0.37551093
0.37551093
0.3530417
0.3530417
0.3530417
0.31171214
0.31171214
0.31171214
0.31171214
0.33299503
0.34142803
0.34142803
0.34575096
0.35538315
0.35538315
0.35538315
0.34453815
0.34453815
0.34453815
0.36469959
0.36469959
0.36469959
0.36469959
0.36469959
0.34852815
0.34852815
0.34852815
0.34852815
0.34852815
0.33847761
0.33839326
0.33839326
0.33639571
0.33639571
0.33639571
0.33639571
0.33639571
0.33639571
0.33639571
0.33639571
0.33639571
0.33639571
0.29607106
0.29607106
0.29607106
0.32113203
0.32113203
0.33509584
0.33509584
0.33509584
0.33509584
0.30174801
0.30124378
0.30124378
0.30124378
0.30124378
0.30124378
0.30661836
0.30661836
0.30661836
0.30661836
0.30661836
0.30661836
0.30661836
0.31322863
0.31322863
0.31322863
0.31322863
0.3067079
0.3067079
0.3067079
0.3067079
0.3067079
0.3183524
0.35588482
0.35588482
0.35588482
0.35588482
0.35588482
0.35588482
0.35588482
0.35588482
0.35588482
0.32837745
0.32837745
0.32837745
0.32837745
0.31866611
0.31866611
0.31866611
0.322417
0.322417
0.36314633
0.36314633
0.36314633
0.36314633
0.36534617
0.36534617
0.36534617
0.33268751
0.33268751
0.33268751
0.33268751
0.33268751
0.34916508
0.34916508
0.36014778
0.36014778
0.36014778
0.36014778
0.36014778
0.36014778
0.36014778
0.36014778
0.36014778
0.36014778
0.36014778
0.36610162
0.36610162
0.36610162
0.33246028
0.29662942
0.29662942
0.29098671
0.29098671
0.29098671
0.29098671
0.27918227
0.27918227
0.27918227
0.27918227
0.27918227
0.29183087
0.29779323
0.31028122
0.31304486
0.31304486
0.31304486
0.28470895
0.27719291
0.27185651
0.2585015
0.24269068
0.24269068
0.24269068
0.24269068
0.26298669
0.26298669
0.26298669
0.27336064
0.27336064
0.33623805
0.33722072
0.33722072
0.33722072
0.33722072
0.33722072
0.33722072
0.33499919
0.33499919
0.3249977
0.3249977
0.3249977
0.38270837
0.38270837
0.38270837
0.38270837
0.38270837
0.38270837
0.35432731
0.34125471
0.34125471
0.34125471
0.35508431
0.35508431
0.35508431
0.35508431
0.35508431
0.35508431
0.3272014
0.3272014
0.3272014
0.3272014
0.3272014
0.3272014
0.3272014
0.3272014
0.3272014
0.30140586
0.28151414
0.27221361
0.27221361
0.27221361
0.29013701
0.30379102
0.30379102
0.30379102
0.30379102
0.30379102
0.30379102
0.30379102
0.32244683
0.3477913
0.387137
0.387137
0.387137
0.387137
0.387137
0.39649131
0.39649131
0.39649131
0.39589645
0.39589645
0.39589645
0.39780518
0.39780518
0.39780518
0.39780518
0.39780518
0.39780518
0.39780518
0.39780518
0.39780518
0.39780518
0.39780518
0.39780518
0.39780518
0.39471153
0.39471153
0.35497926
0.34749182
0.34674941
0.31905493
0.29816726
0.29816726
0.29816726
0.29816726
0.29539906
0.29539906
0.29539906
0.29539906
0.24843112
0.21084044
0.21084044
0.21084044
0.21557491
0.24664209
0.24664209
0.24664209
0.27496338
0.27496338
0.27496338
0.27455033
0.27455033
0.26521173
0.26521173
0.26521173
0.29578701
0.29578701
0.29578701
0.29578701
0.29578701
0.29578701
0.29578701
0.29578701
0.29578701
0.29578701
0.29578701
0.33522174
0.35300909
0.37497566
0.37497566
0.37497566
0.35615441
0.35615441
0.32402818
0.32402818
0.32402818
0.33882343
0.35227546
0.35227546
0.35227546
0.3008052
0.3008052
0.3008052
0.37384022
0.37384022
0.37384022
0.37017693
0.32951373
0.32951373
0.32951373
0.33222208
0.33222208
0.33222208
0.33222208
0.33222208
0.33222208
0.33222208
0.33222208
0.33222208
0.33222208
0.32507545
0.26080638
0.26080638
0.26080638
0.27736814
0.27736814
0.27736814
0.27736814
0.27736814
0.27736814
0.2935362
0.2935362
0.2935362
0.29607376
0.32485915
0.37322165
0.37322165
0.37322165
0.37322165
0.37322165
0.37322165
0.37322165
0.37322165
0.37322165
0.37156718
0.37156718
0.37156718
0.3501194
0.3501194
0.3501194
0.35982359
0.35982359
0.35982359
0.35982359
0.35982359
0.35982359
0.35982359
0.35982359
0.35982359
0.35982359
0.32603535
0.31872025
0.30968066
0.30016254
0.2740463
0.2740463
0.2740463
0.29791427
0.29791427
0.34416284
0.34416284
0.34416284
0.31181558
0.31181558
0.31181558
0.32362069
0.35058267
0.373686
0.38316755
0.38316755
0.38316755
0.33655849
0.33655849
0.33655849
0.39023829
0.39023829
0.39023829
0.38702174
0.38702174
0.38702174
0.38702174
0.38702174
0.35970942
0.35970942
0.35970942
0.35970942
0.33113832
0.33113832
0.33113832
0.33113832
0.39526842
0.39526842
0.39526842
0.39526842
0.39526842
0.39526842
0.38935758
0.34607854
0.34607854
0.34607854
0.35028611
0.35028611
0.36731691
0.39487151
0.39487151
0.39487151
0.39487151
0.38578243
0.3439684
0.3439684
0.3439684
0.38662972
0.38662972
0.38662972
0.40297126
0.40297126
0.40297126
0.40297126
0.39526475
0.39330468
0.39330468
0.38096672
0.38096672
0.38096672
0.38096672
0.38096672
0.38096672
0.38096672
0.38096672
0.41034931
0.41034931
0.41972546
0.41972546
0.41972546
0.41972546
0.41972546
0.41972546
0.41972546
0.41972546
0.41972546
0.41972546
0.41972546
0.41972546
0.41972546
0.43983222
0.43983222
0.43983222
0.43983222
0.45238265
0.45238265
0.45238265
0.43846786
0.39842525
0.38533637
0.38533637
0.38533637
0.38533637
0.38533637
0.34583197
0.34583197
0.34583197
0.34583197
0.34583197
0.34260777
0.34260777
0.34260777
0.34260777
0.34260777
0.34260777
0.34664404
0.37657677
0.37657677
0.41526546
0.41526546
0.41526546
0.41526546
0.41526546
0.39690652
0.39690652
0.39690652
0.39690652
0.37764889
0.35341908
0.35341908
0.35341908
0.35341908
0.32282496
0.32282496
0.32282496
0.33859276
0.33859276
0.33859276
0.33963749
0.36815688
0.36815688
0.36815688
0.36815688
0.36266836
0.36266836
0.36266836
0.36266836
0.36266836
0.36342953
0.36342953
0.36342953
0.36342953
0.29875079
0.29875079
0.29875079
0.29875079
0.29012881
0.28417992
0.28417992
0.28417992
0.29922445
0.30201807
0.30201807
0.30201807
0.30201807
0.30201807
0.27347762
0.27347762
0.27347762
0.27347762
0.27347762
0.26697605
0.26697605
0.21590841
0.21590841
0.21590841
0.23367054
0.23367054
0.23367054
0.20750409
0.18230816
0.18230816
0.16238996
0.16238996
0.16238996
0.16238996
0.16506178
0.19960838
0.19960838
0.19960838
0.27931301
0.27931301
0.27931301
0.29314306
0.29849121
0.29849121
0.30581158
0.30581158
0.30581158
0.27248275
0.24956461
0.24956461
0.24956461
0.2683004
0.2683004
0.30741923
0.30741923
0.32067887
0.32067887
0.32067887
0.34079441
0.34079441
0.34079441
0.34079441
0.34079441
0.34079441
0.34079441
0.33760867
0.33760867
0.33760867
0.35074076
0.35074076
0.35074076
0.36513516
0.3726133
0.3726133
0.3726133
0.34175895
0.34175895
0.29191659
0.29191659
0.29191659
0.29191659
0.29191659
0.29191659
0.29191659
0.29191659
0.29191659
0.29191659
0.29191659
0.25109089
0.25109089
0.25109089
0.25109089
0.25109089
0.22897944
0.22299995
0.22299995
0.22299995
0.22299995
0.22299995
0.22299995
0.22299995
0.22254771
0.22254771
0.22254771
0.22254771
0.22254771
0.22254771
0.23920449
0.28413271
0.28413271
0.28413271
0.28413271
0.28566965
0.28566965
0.32951196
0.32951196
0.32951196
0.2636499
0.2636499
0.2636499
0.2636499
0.26463255
0.28222992
0.28222992
0.28845597
0.28845597
0.28845597
0.28845597
0.28845597
0.28845597
0.28845597
0.28845597
0.28845597
0.27909478
0.27909478
0.27909478
0.2721903
0.2721903
0.2721903
0.2721903
0.2721903
0.2721903
0.2721903
0.35832875
0.35832875
0.35832875
0.35832875
0.3087598
0.3087598
0.3087598
0.3087598
0.3087598
0.3087598
0.3087598
0.3087598
0.3087598
0.3087598
0.24848129
0.24848129
0.24848129
0.25226428
0.25687745
0.25687745
0.25687745
0.25687745
0.25687745
0.25687745
0.25687745
0.25687745
0.25687745
0.25687745
0.25687745
0.25687745
0.25687745
0.29213348
0.29213348
0.29213348
0.29213348
0.29213348
0.29213348
0.29213348
0.25852696
0.25852696
0.25852696
0.27228474
0.27228474
0.27482472
0.27482472
0.27482472
0.27191875
0.27191875
0.27191875
0.2783005
0.2783005
0.30414997
0.32574863
0.32574863
0.32574863
0.32574863
0.32574863
0.32574863
0.32574863
0.33490628
0.35319821
0.36074707
0.36074707
0.36074707
0.40001881
0.40001881
0.40515746
0.40556225
0.40556225
0.40556225
0.40556225
0.40556225
0.40556225
0.39599519
0.39599519
0.39599519
0.34039703
0.31475492
0.31475492
0.31475492
0.32456629
0.32456629
0.32456629
0.32403133
0.32403133
0.32403133
0.32403133
0.32403133
0.31107016
0.31107016
0.31107016
0.31107016
0.31107016
0.31107016
0.35895699
0.35895699
0.35895699
0.35895699
0.37344138
0.37344138
0.37344138
0.32538578
0.32538578
0.32538578
0.32538578
0.32383111
0.32383111
0.30749312
0.30749312
0.30749312
0.30749312
0.30749312
0.29357796
0.29357796
0.29357796
0.30250769
0.30250769
0.30250769
0.30250769
0.30886103
0.30886103
0.30886103
0.30886103
0.30886103
0.33012272
0.33012272
0.33012272
0.35604325
0.35604325
0.35604325
0.35604325
0.35604325
0.4044792
0.41231044
0.41231044
0.41231044
0.41231044
0.36828185
0.3444711
0.3444711
0.34183084
0.34183084
0.34183084
0.34592401
0.34592401
0.34592401
0.29514512
0.29514512
0.29514512
0.29514512
0.29514512
0.28865287
0.28865287
0.28865287
0.29250176
0.29250176
0.29250176
0.29250176
0.27675544
0.27675544
0.27675544
0.28381606
0.28381606
0.28381606
0.28381606
0.28381606
0.29038889
0.29038889
0.29038889
0.29038889
0.29038889
0.29038889
0.29038889
0.29038889
0.29038889
0.33690758
0.33690758
0.33690758
0.30981401
0.30981401
0.30981401
0.30981401
0.30981401
0.30981401
0.30981401
0.32347605
0.32700918
0.37153463
0.39117621
0.41017211
0.41017211
0.41017211
0.39317042
0.33602538
0.33602538
0.33602538
0.33602538
0.31997696
0.31997696
0.31997696
0.31997696
0.31997696
0.31997696
0.31997696
0.33785947
0.33785947
0.33785947
0.33599875
0.32679652
0.32679652
0.32679652
0.32679652
0.32267884
0.32267884
0.32267884
0.32267884
0.32686874
0.32686874
0.32686874
0.32686874
0.32686874
0.29247269
0.29247269
0.28509008
0.28509008
0.28509008
0.31769472
0.31769472
0.31769472
0.31769472
0.31769472
0.31769472
0.31769472
0.31769472
0.31769472
0.30690141
0.30690141
0.30690141
0.30690141
0.30690141
0.30690141
0.30690141
0.30690141
0.30690141
0.30690141
0.30690141
0.34693078
0.34693078
0.34693078
0.3406388
0.3406388
0.33774678
0.33774678
0.33774678
0.32079035
0.32079035
0.32079035
0.32549157
0.36728979
0.36728979
0.36728979
0.35720233
0.35720233
0.35720233
0.35720233
0.35720233
0.37446885
0.37446885
0.37446885
0.37446885
0.37446885
0.37446885
0.35123597
0.35123597
0.35123597
0.35123597
0.35123597
0.35883553
0.35883553
0.37162995
0.37162995
0.37162995
0.37162995
0.37162995
0.37162995
0.37162995
0.37162995
0.37162995
0.37162995
0.37162995
0.37162995
0.38978846
0.39390846
0.39390846
0.39390846
0.39636654
0.39636654
0.39636654
0.38773905
0.37072166
0.36889549
0.36889549
0.36889549
0.36889549
0.36889549
0.36887373
0.36887373
0.36887373
0.34832304
0.34832304
0.34832304
0.37026444
0.40533248
0.40533248
0.40533248
0.36060299
0.33826548
0.33826548
0.33826548
0.39513257
0.39513257
0.39513257
0.39442185
0.39442185
0.39316841
0.39316841
0.35631749
0.35631749
0.35631749
0.35631749
0.35631749
0.35631749
0.35631749
0.35631749
0.35631749
0.35631749
0.35932286
0.3684468
0.3684468
0.3684468
0.36467516
0.36467516
0.36467516
0.32059653
0.32059653
0.32059653
0.36052621
0.36052621
0.36052621
0.36052621
0.36052621
0.36052621
0.36052621
0.35369207
0.35369207
0.35369207
0.35369207
0.35369207
0.35369207
0.35369207
0.33170321
0.33170321
0.29469989
0.29469989
0.29469989
0.31314031
0.31314031
0.31314031
0.34061974
0.3753367
0.3753367
0.37986542
0.37986542
0.37986542
0.36722418
0.36722418
0.36722418
0.36722418
0.36722418
0.36722418
0.38539076
0.43604339
0.43604339
0.44410016
0.48143055
0.48143055
0.48143055
0.48143055
0.45354144
0.44624834
0.44624834
0.44624834
0.44624834
0.44624834
0.43792085
0.43792085
0.43792085
0.43792085
0.43792085
0.43792085
0.46762666
0.46762666
0.46762666
0.44350992
0.44350992
0.44350992
0.45840019
0.4697072
0.48063185
0.48063185
0.48063185
0.40263652
0.40263652
0.40263652
0.40263652
0.40547079
0.40547079
0.41012405
0.4221461
0.44323579
0.44323579
0.44323579
0.40838669
0.39259405
0.38281929
0.38281929
0.38281929
0.38281929
0.38281929
0.38281929
0.37742629
0.37742629
0.35237246
0.35237246
0.35237246
0.35237246
0.34692859
0.34692859
0.34692859
0.34692859
0.39321159
0.39321159
0.39321159
0.38016848
0.3719337
0.3719337
0.3719337
0.37644791
0.4043193
0.4043193
0.45921649
0.45921649
0.45921649
0.45921649
0.45921649
0.45921649
0.45921649
0.46458337
0.46458337
0.46458337
0.40898612
0.40898612
0.40898612
0.40898612
0.40898612
0.40898612
0.40898612
0.40898612
0.40898612
0.40898612
0.40898612
0.40898612
0.40898612
0.40898612
0.40898612
0.41836265
0.41836265
0.41836265
0.41836265
0.41836265
0.41836265
0.41836265
0.37987866
0.37987866
0.3272658
0.30040304
0.30040304
0.28493953
0.27314086
0.27314086
0.25110324
0.25110324
0.25110324
0.37164293
0.4723336
0.53782446
0.53782446
0.53782446
0.5191122
0.5191122
0.51745496
0.50892518
0.50892518
0.50892518
0.53428771
0.53428771
0.54516234
0.54516234
0.54516234
0.50424799
0.50424799
0.50424799
0.59015611
0.59015611
0.59015611
0.59015611
0.66464279
0.69348878
0.70244809
0.70244809
0.70244809
0.70244809
0.70811225
0.70811225
0.70811225
0.70811225
0.70811225
0.70811225
0.70811225
0.70811225
0.78305722
0.78305722
0.78305722
0.78305722
0.78305722
0.78305722
0.78305722
0.80527715
0.83693978
0.83693978
0.8600301
0.8600301
0.8600301
0.8600301
0.8600301
0.8600301
0.8391205
0.83454313
0.83454313
0.83144852
0.83144852
0.83144852
0.83144852
0.83144852
0.79852397
0.77848438
0.77848438
0.77848438
0.77848438
0.73683113
0.73683113
0.73683113
0.73683113
0.73683113
0.73683113
0.73683113
0.73683113
0.73683113
0.73213166
0.73213166
0.73213166
0.73213166
0.73213166
0.73213166
0.73213166
0.73213166
0.73213166
0.73213166
0.69961853
0.69961853
0.69961853
0.69961853
0.69961853
0.69239148
0.69239148
0.69239148
0.69239148
0.69239148
0.69239148
0.69239148
0.64447548
0.64447548
0.64447548
0.64447548
0.64447548
0.64447548
0.56093818
0.56093818
0.56093818
0.56093818
0.56093818
0.56093818
0.59541762
0.59541762
0.59541762
0.60830935
0.6190871
0.6190871
0.6190871
0.63178184
0.63178184
0.63178184
0.63178184
0.63178184
0.63178184
0.63178184
0.63178184
0.63178184
0.63178184
0.63178184
0.62206483
0.61394559
0.61394559
0.61394559
0.61394559
0.61394559
0.6104127
0.59557753
0.59557753
0.59557753
0.59123654
0.59123654
0.57508836
0.57508836
0.57508836
0.62912574
0.62912574
0.62912574
0.61856548
0.59321467
0.59321467
0.59321467
0.59321467
0.62121903
0.62121903
0.62121903
0.57212864
0.57212864
0.57212864
0.57212864
0.57212864
0.55671196
0.55671196
0.55671196
0.54598951
0.54598951
0.51563626
0.51563626
0.51563626
0.51563626
0.51563626
0.54940939
0.54940939
0.54940939
0.54940939
0.54940939
0.56370058
0.56370058
0.56370058
0.55750417
0.55750417
0.55750417
0.56289938
0.57822747
0.57822747
0.57822747
0.59005036
0.59085468
0.59085468
0.59085468
0.59085468
0.59085468
0.58706734
0.58706734
0.58706734
0.58706734
0.5749557
0.5749557
0.5749557
0.5749557
0.62010339
0.62010339
0.62010339
0.62010339
0.62010339
0.58881424
0.58881424
0.58881424
0.5644035
0.5644035
0.5644035
0.5644035
0.5644035
0.5644035
0.5644035
0.5644035
0.53121538
0.53121538
0.53121538
0.53121538
0.53121538
0.53121538
0.53121538
0.53121538
0.51086184
0.51086184
0.51086184
0.51086184
0.51086184
0.51086184
0.51086184
0.51086184
0.51086184
0.48755155
0.48755155
0.48347316
0.48347316
0.48347316
0.48347316
0.48347316
0.48347316
0.48347316
0.47717474
0.47717474
0.47717474
0.47717474
0.47717474
0.47717474
0.48275986
0.49571488
0.49571488
0.49571488
0.49571488
0.49571488
0.49571488
0.49571488
0.49571488
0.49571488
0.49571488
0.49571488
0.50761372
0.50761372
0.50761372
0.50761372
0.50761372
0.50761372
0.50761372
0.50761372
0.50761372
0.54883518
0.54883518
0.54883518
0.54883518
0.54883518
0.55070307
0.55070307
0.55070307
0.5596567
0.5596567
0.5596567
0.5907105
0.5907105
0.5907105
0.58697979
0.58697979
0.57149516
0.57149516
0.57149516
0.57149516
0.57149516
0.58305622
0.58305622
0.58305622
0.58305622
0.58305622
0.58305622
0.56542156
0.56542156
0.56542156
0.56542156
0.56369386
0.55476333
0.55476333
0.55476333
0.55476333
0.55476333
0.55476333
0.55476333
0.5527504
0.52118926
0.52118926
0.52118926
0.56123752
0.56123752
0.56434309
0.56434309
0.56750138
0.59532645
0.60568986
0.60568986
0.60568986
0.60568986
0.59232718
0.580626
0.580626
0.55611904
0.55611904
0.55611904
0.5971793
0.5971793
0.5971793
0.56761312
0.56761312
0.56761312
0.54715546
0.52303863
0.52303863
0.52303863
0.52303863
0.52303863
0.52303863
0.52303863
0.52303863
0.51877874
0.51818634
0.51818634
0.51818634
0.4907307
0.4907307
0.4907307
0.4907307
0.4907307
0.4907307
0.53517055
0.5515403
0.5515403
0.5515403
0.53924345
0.52351335
0.50825889
0.48817122
0.48817122
0.48817122
0.48817122
0.48817122
0.54537549
0.54537549
0.54537549
0.53509353
0.53509353
0.53509353
0.54676426
0.54676426
0.54676426
0.61278805
0.61278805
0.61278805
0.59858736
0.59858736
0.5785205
0.5785205
0.5785205
0.5785205
0.5785205
0.56607764
0.56607764
0.56607764
0.48760356
0.48760356
0.48760356
0.54538316
0.54538316
0.54538316
0.54538316
0.54538316
0.54538316
0.54538316
0.54538316
0.54538316
0.54538316
0.54538316
0.55699896
0.55699896
0.55699896
0.54190055
0.51589702
0.51422708
0.51422708
0.47147821
0.47147821
0.44362402
0.44319762
0.44319762
0.44319762
0.44319762
0.44319762
0.44319762
0.44971113
0.44971113
0.45156926
0.45156926
0.49305601
0.49305601
0.49305601
0.49305601
0.44071581
0.44071581
0.44071581
0.44564562
0.44564562
0.44564562
0.45602999
0.52313054
0.52313054
0.52313054
0.54339252
0.54339252
0.54339252
0.54061005
0.54061005
0.54061005
0.54061005
0.54061005
0.54061005
0.54061005
0.54061005
0.53522672
0.53522672
0.53522672
0.53314848
0.53314848
0.51939884
0.51577142
0.51577142
0.46487764
0.46487764
0.46487764
0.46487764
0.46487764
0.46487764
0.46487764
0.5004539
0.52299337
0.52299337
0.52299337
0.52299337
0.52299337
0.48111067
0.48111067
0.48111067
0.52416125
0.52416125
0.52416125
0.52416125
0.52416125
0.52416125
0.52416125
0.52758508
0.52758508
0.56847006
0.56847006
0.56847006
0.56163348
0.54651481
0.54651481
0.54651481
0.54651481
0.54651481
0.57568218
0.57568218
0.57568218
0.57568218
0.57734178
0.57734178
0.57734178
0.54711894
0.54711894
0.54711894
0.54711894
0.54711894
0.51792085
0.51792085
0.51792085
0.51606437
0.51606437
0.51606437
0.51606437
0.47725186
0.47725186
0.47725186
0.49060968
0.49497127
0.49497127
0.49497127
0.49497127
0.49497127
0.49497127
0.49497127
0.49497127
0.48958544
0.48958544
0.48958544
0.48958544
0.48958544
0.48958544
0.51832994
0.51832994
0.51832994
0.51832994
0.51832994
0.51832994
0.51832994
0.49295581
0.49295581
0.49295581
0.49295581
0.46712428
0.46712428
0.46712428
0.46712428
0.46712428
0.37654176
0.37654176
0.37654176
0.37654176
0.37654176
0.37654176
0.41265875
0.41265875
0.41265875
0.41265875
0.41265875
0.47534904
0.47534904
0.47534904
0.46886965
0.46886965
0.46886965
0.46886965
0.46886965
0.50224358
0.55291488
0.56749866
0.56749866
0.56749866
0.54300609
0.54300609
0.54300609
0.54300609
0.56205915
0.5828656
0.5828656
0.5828656
0.5828656
0.5828656
0.5828656
0.61793594
0.61793594
0.61793594
0.61793594
0.57499237
0.50742568
0.43008368
0.42924055
0.42924055
0.42617629
0.42617629
0.42617629
0.47109042
0.47109042
0.47109042
0.47109042
0.47109042
0.47109042
0.47109042
0.52690506
0.52690506
0.52690506
0.52690506
0.52690506
0.52690506
0.52353005
0.52353005
0.52353005
0.52353005
0.52353005
0.52353005
0.45407191
0.45407191
0.45407191
0.45407191
0.48674904
0.50660506
0.56017555
0.56017555
0.56017555
0.55570508
0.44828451
0.44828451
0.44828451
0.44828451
0.44828451
0.44565969
0.44356902
0.37609786
0.36010728
0.36010728
0.36010728
0.36010728
0.36486179
0.36486179
0.38276829
0.38276829
0.38276829
0.38276829
0.38276829
0.38276829
0.38276829
0.39240316
0.39240316
0.44460937
0.44460937
0.44460937
0.44460937
0.44460937
0.44903988
0.44903988
0.50479956
0.50479956
0.50479956
0.50479956
0.50043027
0.50043027
0.50043027
0.50043027
0.50043027
0.50043027
0.50043027
0.50043027
0.50043027
0.50043027
0.50043027
0.50043027
0.49327168
0.49327168
0.48883338
0.48883338
0.48883338
0.48883338
0.48883338
0.51140808
0.51140808
0.51140808
0.51140808
0.51140808
0.51140808
0.50661657
0.50661657
0.50426606
0.50426606
0.50426606
0.50426606
0.50426606
0.50426606
0.50426606
0.50426606
0.50426606
0.59063921
0.59063921
0.59063921
0.58645507
0.58645507
0.58645507
0.58645507
0.58645507
0.58645507
0.57339095
0.4959216
0.4959216
0.4959216
0.4959216
0.4959216
0.4959216
0.4959216
0.4959216
0.4959216
0.4959216
0.4959216
0.4959216
0.4959216
0.4959216
0.49474472
0.49474472
0.49474472
0.50926829
0.50926829
0.50926829
0.51383663
0.51383663
0.52038084
0.52038084
0.52038084
0.52038084
0.52038084
0.52038084
0.52038084
0.52038084
0.53454896
0.53454896
0.53454896
0.49081663
0.49081663
0.44753772
0.44753772
0.44753772
0.4532473
0.45615564
0.45615564
0.45615564
0.46325741
0.49106241
0.49439066
0.49439066
0.49439066
0.49439066
0.49418085
0.49418085
0.49418085
0.54770586
0.54770586
0.54770586
0.52153141
0.51904238
0.51904238
0.51904238
0.51904238
0.51904238
0.51904238
0.46476863
0.46476863
0.45363485
0.45363485
0.45363485
0.45363485
0.45363485
0.40515911
0.40515911
0.40515911
0.40742614
0.40742614
0.44003426
0.44003426
0.44003426
0.44003426
0.44003426
0.44003426
0.44003426
0.44003426
0.41796743
0.41796743
0.41796743
0.40833564
0.40833564
0.31738491
0.31738491
0.31738491
0.31738491
0.41706792
0.41706792
0.46377594
0.46377594
0.46377594
0.41471458
0.33960523
0.33960523
0.33960523
0.34544422
0.34544422
0.40797125
0.41188952
0.41188952
0.41188952
0.41188952
0.41188952
0.4120109
0.42044459
0.42044459
0.42044459
0.42044459
0.42044459
0.44500427
0.44500427
0.44500427
0.44500427
0.44500427
0.44500427
0.44606381
0.45079936
0.45079936
0.45079936
0.43760989
0.43760989
0.43760989
0.46895203
0.48068494
0.48068494
0.48068494
0.46884528
0.46884528
0.46884528
0.47551548
0.47551548
0.47551548
0.47551548
0.46757106
0.42346085
0.42346085
0.42346085
0.47049555
0.47049555
0.47049555
0.4905848
0.52765162
0.52765162
0.52765162
0.52765162
0.52765162
0.52757102
0.52757102
0.52757102
0.52757102
0.52757102
0.52757102
0.52757102
0.52757102
0.52757102
0.54801499
0.58151913
0.58151913
0.58151913
0.57714753
0.56453294
0.56453294
0.56453294
0.56453294
0.56453294
0.55146603
0.54762174
0.54762174
0.54762174
0.49462442
0.49462442
0.49462442
0.47740627
0.46252818
0.45673811
0.45673811
0.44361259
0.44361259
0.44361259
0.44361259
0.43735071
0.40422982
0.38475994
0.36896215
0.36896215
0.36896215
0.36896215
0.36896215
0.33055426
0.33055426
0.33055426
0.33055426
0.33055426
0.33055426
0.33055426
0.33055426
0.34248402
0.34248402
0.34248402
0.34248402
0.34248402
0.34248402
0.34248402
0.31875047
0.30715999
0.30715999
0.27605944
0.27605944
0.27605944
0.302851
0.302851
0.302851
0.302851
0.302851
0.302851
0.302851
0.31085633
0.31085633
0.31085633
0.31085633
0.31085633
0.34040163
0.34040163
0.34040163
0.34040163
0.34040163
0.38435068
0.39431629
0.39431629
0.39431629
0.39431629
0.37927593
0.37365555
0.37365555
0.37365555
0.37365555
0.37365555
0.35621208
0.35621208
0.35082461
0.35082461
0.35082461
0.35082461
0.3503864
0.3503864
0.3503864
0.3503864
0.34597496
0.34597496
0.34597496
0.34597496
0.3558498
0.3558498
0.3558498
0.3558498
0.35269406
0.32739645
0.32739645
0.32739645
0.32739645
0.35014171
0.35014171
0.35014171
0.35014171
0.35014171
0.36754287
0.36754287
0.36754287
0.36754287
0.36754287
0.36754287
0.36754287
0.36754287
0.36754287
0.36754287
0.36754287
0.36754287
0.36754287
0.37229966
0.39036683
0.39036683
0.39036683
0.38036949
0.34008348
0.34008348
0.34008348
0.34008348
0.34008348
0.34008348
0.34008348
0.34008348
0.38004528
0.38004528
0.38004528
0.38004528
0.38004528
0.39984887
0.39984887
0.39984887
0.42119371
0.42119371
0.42119371
0.42119371
0.42290733
0.42290733
0.42290733
0.42290733
0.42290733
0.40994541
0.40883548
0.40883548
0.40883548
0.40883548
0.40883548
0.40275761
0.40275761
0.37803026
0.35916612
0.35916612
0.35916612
0.37811477
0.37811477
0.37811477
0.37759381
0.34197946
0.34197946
0.30821985
0.30821985
0.30821985
0.34785964
0.34785964
0.34785964
0.34785964
0.34785964
0.34785964
0.34785964
0.36152984
0.36152984
0.36152984
0.36152984
0.36152984
0.36152984
0.36152984
0.36152984
0.36152984
0.3672309
0.3672309
0.3672309
0.38741239
0.38741239
0.38741239
0.38741239
0.41155389
0.41155389
0.41155389
0.41155389
0.41155389
0.41155389
0.41155389
0.39450096
0.37593429
0.37593429
0.37593429
0.39139761
0.39139761
0.39334556
0.39334556
0.39334556
0.35137705
0.35137705
0.35137705
0.35794894
0.35794894
0.35794894
0.35794894
0.35794894
0.35794894
0.35794894
0.36144935
0.36144935
0.36144935
0.38847506
0.44525178
0.44525178
0.44525178
0.44525178
0.44525178
0.44525178
0.42703908
0.42703908
0.42703908
0.42959892
0.42959892
0.42959892
0.42959892
0.42959892
0.40961674
0.39184828
0.39184828
0.39184828
0.3943069
0.44272992
0.44272992
0.44272992
0.44272992
0.45353382
0.45536029
0.45536029
0.45536029
0.45536029
0.45536029
0.45536029
0.45536029
0.45536029
0.45536029
0.41687241
0.41687241
0.41687241
0.42326064
0.42326064
0.46226472
0.46226472
0.46226472
0.46226472
0.46085138
0.46085138
0.46085138
0.46085138
0.46085138
0.46085138
0.45399103
0.45399103
0.45399103
0.45399103
0.45399103
0.44978005
0.44978005
0.44978005
0.44978005
0.44978005
0.44978005
0.44978005
0.44978005
0.44978005
0.44978005
0.44978005
0.43839989
0.42697937
0.42697937
0.42697937
0.4959328
0.4959328
0.4959328
0.4959328
0.50194238
0.50194238
0.50194238
0.50194238
0.5064513
0.5064513
0.5064513
0.49023526
0.47921546
0.47921546
0.47921546
0.47921546
0.47921546
0.47921546
0.47921546
0.50988188
0.51675888
0.51675888
0.51675888
0.51675888
0.51675888
0.51675888
0.51675888
0.51675888
0.51675888
0.48376845
0.47797812
0.47797812
0.47797812
0.45063061
0.41769815
0.41769815
0.41769815
0.41769815
0.41769815
0.43710933
0.43710933
0.49584022
0.49584022
0.49584022
0.49584022
0.498892
0.498892
0.498892
0.498892
0.498892
0.498892
0.498892
0.48877786
0.48877786
0.48877786
0.48877786
0.48877786
0.48877786
0.52281895
0.52281895
0.53558747
0.53558747
0.53558747
0.52653422
0.51742662
0.48584662
0.48584662
0.44053135
0.42678379
0.42678379
0.42678379
0.42678379
0.42678379
0.42678379
0.46389908
0.46956327
0.49394292
0.49394292
0.49394292
0.49394292
0.4758343
0.4758343
0.4758343
0.4758343
0.4758343
0.4758343
0.4758343
0.48377382
0.48377382
0.48377382
0.48377382
0.48377382
0.48377382
0.48377382
0.48377382
0.48377382
0.48377382
0.48377382
0.48377382
0.48377382
0.48377382
0.46645896
0.46645896
0.46645896
0.46645896
0.423693
0.423693
0.423693
0.423693
0.423693
0.423693
0.43971805
0.43971805
0.49681474
0.49681474
0.49681474
0.49681474
0.49681474
0.48366464
0.47016856
0.47016856
0.47016856
0.46978437
0.4639626
0.4639626
0.4639626
0.4639626
0.45799443
0.45263988
0.45263988
0.42829606
0.42829606
0.42829606
0.42829606
0.42829606
0.41360638
0.41360638
0.41360638
0.45615393
0.45615393
0.45615393
0.45615393
0.45615393
0.45615393
0.45615393
0.45615393
0.45615393
0.45615393
0.49406749
0.55176056
0.55176056
0.55176056
0.55176056
0.55176056
0.55176056
0.4969328
0.4969328
0.47434647
0.47434647
0.47434647
0.47434647
0.47434647
0.47434647
0.47434647
0.47434647
0.47434647
0.47434647
0.47434647
0.47434647
0.47434647
0.47434647
0.47434647
0.45605307
0.44182072
0.42422445
0.42422445
0.38924448
0.38924448
0.38924448
0.38924448
0.38924448
0.38924448
0.38924448
0.38924448
0.38924448
0.40092116
0.40092116
0.40092116
0.42397188
0.42397188
0.42397188
0.42397188
0.43482236
0.4722323
0.4722323
0.4722323
0.48088743
0.48088743
0.51458677
0.51458677
0.51458677
0.45396319
0.45396319
0.45396319
0.39219693
0.39219693
0.39219693
0.43788745
0.48593134
0.49808662
0.49961485
0.49961485
0.49961485
0.49961485
0.51144591
0.51144591
0.51144591
0.49957283
0.49957283
0.49957283
0.49957283
0.49957283
0.49957283
0.49957283
0.47977503
0.47977503
0.47977503
0.47977503
0.47977503
0.488431
0.50631847
0.50631847
0.50631847
0.50631847
0.50631847
0.50887998
0.50887998
0.50887998
0.50661019
0.50661019
0.50661019
0.50661019
0.51396115
0.51698508
0.51698508
0.52380045
0.52380045
0.5326267
0.5326267
0.5326267
0.54612638
0.54612638
0.54612638
0.57147735
0.57147735
0.57147735
0.59148046
0.62862896
0.62862896
0.63305779
0.63305779
0.63305779
0.63305779
0.63305779
0.63305779
0.63305779
0.63305779
0.61462786
0.61462786
0.61462786
0.61462786
0.61462786
0.61462786
0.67612756
0.67612756
0.67612756
0.66583558
0.66583558
0.66583558
0.66583558
0.66583558
0.67382779
0.67382779
0.67382779
0.66812191
0.66812191
0.66812191
0.66812191
0.66812191
0.6275805
0.6275805
0.6275805
0.65050648
0.70870385
0.70870385
0.70870385
0.70781863
0.70781863
0.70781863
0.71187802
0.76118187
0.76118187
0.76118187
0.74199806
0.71512998
0.70741469
0.70228012
0.69751038
0.69751038
0.69751038
0.71365741
0.71365741
0.71365741
0.71365741
0.71365741
0.71365741
0.71365741
0.71365741
0.69936039
0.69936039
0.67829883
0.67829883
0.66525774
0.66525774
0.66525774
0.66525774
0.64410819
0.58318595
0.58318595
0.58318595
0.58318595
0.58318595
0.57478366
0.57478366
0.57478366
0.5794858
0.5794858
0.67247771
0.67467869
0.67467869
0.67467869
0.73138396
0.73138396
0.73138396
0.73138396
0.73138396
0.72607057
0.72607057
0.66688186
0.66688186
0.66688186
0.69902671
0.69902671
0.69902671
0.69902671
0.68832866
0.68832866
0.68832866
0.68832866
0.66840457
0.65816756
0.65816756
0.64076325
0.64076325
0.64076325
0.62666463
0.62666463
0.62239715
0.58723666
0.57795935
0.57795935
0.57795935
0.55511945
0.55511945
0.55511945
0.55511945
0.519088
0.519088
0.519088
0.53319318
0.53319318
0.53319318
0.53650421
0.55850821
0.55850821
0.55850821
0.59282568
0.59282568
0.65627124
0.65627124
0.66617776
0.66617776
0.66617776
0.64115012
0.64115012
0.64115012
0.63117684
0.59669185
0.59669185
0.59669185
0.59669185
0.59669185
0.59803813
0.66704105
0.66704105
0.66704105
0.64425884
0.64425884
0.64425884
0.64425884
0.61615281
0.61615281
0.61615281
0.61615281
0.57073703
0.57073703
0.57073703
0.57073703
0.60290404
0.60290404
0.60290404
0.60290404
0.60290404
0.60290404
0.61043921
0.61043921
0.61043921
0.61043921
0.61043921
0.63454799
0.63454799
0.63454799
0.63454799
0.63454799
0.63454799
0.63115878
0.63115878
0.63115878
0.63115878
0.63115878
0.63115878
0.63115878
0.63115878
0.64040047
0.64040047
0.64040047
0.64040047
0.65431978
0.65431978
0.65431978
0.65219456
0.65219456
0.65219456
0.65219456
0.65219456
0.65219456
0.66231387
0.68421272
0.68421272
0.68421272
0.68421272
0.68421272
0.68421272
0.68421272
0.68421272
0.68421272
0.68421272
0.69497614
0.69497614
0.69497614
0.76898012
0.76898012
0.78396706
0.78396706
0.78396706
0.78149061
0.770034
0.770034
0.770034
0.770034
0.770034
0.76904608
0.75319305
0.75319305
0.75319305
0.75319305
0.75319305
0.75319305
0.75319305
0.75744374
0.75744374
0.75744374
0.75744374
0.74594845
0.74594845
0.74594845
0.73379491
0.72665748
0.70155556
0.70155556
0.70155556
0.70155556
0.72435714
0.76117026
0.76117026
0.76117026
0.74183029
0.74183029
0.72308657
0.69811565
0.69811565
0.69811565
0.69811565
0.69811565
0.77894433
0.77894433
0.77894433
0.77482947
0.75348022
0.75348022
0.75348022
0.74545398
0.7367306
0.7367306
0.7367306
0.7367306
0.7367306
0.7367306
0.7367306
0.7367306
0.7367306
0.74777056
0.74777056
0.76785269
0.76785269
0.76785269
0.76785269
0.76785269
0.76785269
0.76785269
0.81500839
0.81500839
0.83029718
0.83029718
0.83029718
0.84961408
0.84961408
0.84961408
0.84961408
0.84961408
0.82366062
0.82009715
0.82009715
0.79816522
0.79816522
0.79816522
0.81094632
0.83310742
0.83310742
0.83310742
0.83310742
0.83310742
0.86663229
0.86663229
0.86663229
0.84251538
0.78078035
0.76087016
0.76087016
0.67735458
0.67735458
0.67735458
0.71485692
0.77263572
0.77263572
0.77263572
0.77263572
0.77263572
0.77263572
0.80862846
0.80862846
0.80862846
0.80270574
0.80270574
0.80270574
0.80270574
0.80270574
0.79030898
0.79030898
0.79030898
0.79030898
0.79351457
0.8288445
0.83701571
0.83701571
0.83701571
0.83701571
0.84892316
0.84892316
0.84892316
0.88125368
0.88125368
0.88125368
0.86105788
0.86105788
0.86105788
0.86105788
0.86105788
0.86105788
0.86105788
0.94174352
0.94174352
0.94497587
0.94497587
0.94497587
0.94497587
0.94497587
0.90548194
0.90548194
0.90548194
0.90548194
0.90548194
0.90548194
0.90548194
0.90548194
0.90548194
0.90548194
0.90548194
0.90548194
0.90548194
0.88727177
0.88727177
0.88727177
0.88727177
0.88445475
0.88445475
0.87776014
0.87776014
0.87776014
0.87776014
0.87776014
0.87776014
0.87776014
0.85208732
0.85208732
0.83759145
0.80454085
0.80454085
0.7755531
0.7755531
0.7755531
0.68752761
0.68752761
0.68752761
0.69060593
0.69060593
0.69060593
0.69060593
0.69060593
0.69060593
0.70436392
0.70436392
0.70436392
0.77081956
0.77081956
0.77675477
0.77675477
0.77675477
0.73737885
0.66543951
0.66543951
0.66543951
0.65497288
0.65497288
0.65497288
0.70824359
0.7496159
0.82084612
0.86232859
0.86232859
0.86232859
0.83969831
0.83969831
0.83969831
0.83969831
0.83969831
0.83969831
0.83969831
0.83969831
0.83969831
0.83969831
0.83969831
0.7682663
0.72148933
0.72148933
0.70866828
0.70866828
0.70866828
0.71140337
0.71844237
0.75182183
0.75905795
0.75905795
0.75905795
0.74469958
0.73231741
0.73231741
0.73231741
0.79175072
0.79175072
0.79175072
0.79175072
0.79175072
0.76854081
0.76854081
0.76854081
0.78381508
0.85850194
0.88134072
0.89373306
0.89373306
0.89373306
0.90330747
0.90330747
0.90330747
0.90330747
0.95110506
0.96346739
0.96346739
0.96346739
0.90474599
0.87477908
0.87345157
0.87345157
0.79769491
0.79769491
0.79769491
0.74607112
0.74607112
0.74448653
0.73552849
0.73552849
0.73552849
0.73552849
0.73552849
0.74612958
0.76393429
0.8053215
0.8053215
0.8983706
0.91093897
0.91948857
0.91948857
0.91948857
0.90587377
0.90327713
0.90327713
0.90327713
0.90327713
0.90327713
0.88943205
0.80253134
0.73209455
0.73209455
0.73209455
0.73209455
0.74279964
0.74279964
0.74279964
0.63385541
0.61323837
0.61323837
0.61323837
0.61323837
0.64598696
0.73125521
0.73419217
0.75593957
0.83942476
0.87259449
0.91877267
0.91877267
0.91877267
0.91877267
0.78773404
0.78773404
0.78773404
0.81380471
0.81380471
0.91740348
0.92405591
0.92405591
0.92405591
0.86683541
0.84634286
0.84634286
0.84634286
0.86710268
0.86710268
0.86710268
0.73604327
