0.53886114
0.51856243
0.53886114
0.53886114
0.53886114
0.62623481
0.62623481
0.70786818
0.70786818
0.70786818
0.68110867
0.61926827
0.61926827
0.54831112
0.54831112
0.54831112
0.54831112
0.66195666
0.70115996
0.70115996
0.70115996
0.70115996
0.62427829
0.62334906
0.62334906
0.60721749
0.60721749
0.60399792
0.58104986
0.58104986
0.58104986
0.58104986
0.58104986
0.58104986
0.58104986
0.58424408
0.5847462
0.64094086
0.64094086
0.64094086
0.64094086
0.7819895
0.78898482
0.78898482
0.78898482
0.74121647
0.74121647
0.74121647
0.74121647
0.71478628
0.71478628
0.71478628
0.71478628
0.71478628
0.70596453
0.70596453
0.64387399
0.6431619
0.6431619
0.6431619
0.61329798
0.61329798
0.61329798
0.61329798
0.57636775
0.57636775
0.57636775
0.57636775
0.57636775
0.57636775
0.61647818
0.67072892
0.67072892
0.67072892
0.64437968
0.64437968
0.64437968
0.64437968
0.64437968
0.64437968
0.63721315
0.63721315
0.63721315
0.63721315
0.63721315
0.63721315
0.63721315
0.63721315
0.63721315
0.63721315
0.63721315
0.63721315
0.63721315
0.63721315
0.63721315
0.63721315
0.59222412
0.59222412
0.59222412
0.59222412
0.59222412
0.56466811
0.56171219
0.56171219
0.56171219
0.58910307
0.58910307
0.58910307
0.58910307
0.58910307
0.66203074
0.66203074
0.66203074
0.57431751
0.57431751
0.57431751
0.57431751
0.57431751
0.57431751
0.57431751
0.51284114
0.51284114
0.51284114
0.51284114
0.51284114
0.51284114
0.51284114
0.56902204
0.56902204
0.56902204
0.59674154
0.66086484
0.66086484
0.66086484
0.66086484
0.66086484
0.66086484
0.66086484
0.66086484
0.66086484
0.66086484
0.65379474
0.65379474
0.65379474
0.67739751
0.67739751
0.705722
0.705722
0.705722
0.705722
0.75828132
0.75828132
0.75828132
0.75828132
0.75828132
0.75828132
0.75828132
0.68531019
0.68531019
0.68531019
0.68531019
0.70737236
0.80315539
0.80315539
0.81662079
0.81662079
0.81662079
0.81662079
0.81662079
0.81662079
0.81662079
0.81662079
0.81662079
0.81662079
0.81662079
0.81662079
0.81662079
0.81662079
0.81662079
0.84032714
0.84032714
0.84032714
0.78393873
0.71556157
0.71556157
0.71556157
0.7141204
0.7141204
0.7141204
0.72394141
0.72890079
0.72890079
0.72890079
0.71378937
0.71378937
0.71378937
0.71378937
0.71378937
0.71378937
0.71378937
0.71378937
0.77427007
0.77427007
0.77427007
0.83674362
0.83674362
0.83674362
0.76614774
0.76614774
0.73245826
0.73245826
0.73245826
0.76789438
0.78507852
0.78507852
0.78507852
0.78507852
0.78496307
0.73643074
0.73643074
0.70179927
0.70179927
0.69591482
0.66413604
0.66413604
0.66413604
0.66413604
0.66413604
0.66413604
0.66413604
0.66413604
0.66413604
0.63291579
0.63291579
0.63291579
0.63291579
0.63291579
0.67654091
0.67654091
0.67654091
0.62638011
0.62638011
0.62638011
0.6620473
0.6620473
0.6620473
0.6620473
0.6620473
0.6620473
0.6620473
0.6620473
0.6620473
0.6620473
0.64850698
0.64021114
0.64021114
0.64021114
0.69450276
0.69450276
0.69450276
0.6793824
0.65879469
0.65879469
0.65879469
0.65879469
0.62632877
0.62277022
0.62277022
0.62277022
0.55351415
0.55351415
0.55351415
0.55351415
0.55351415
0.55351415
0.55351415
0.55351415
0.55351415
0.55351415
0.49043514
0.46325489
0.46325489
0.46325489
0.55363536
0.55363536
0.55363536
0.55363536
0.55363536
0.55363536
0.55363536
0.59322894
0.59322894
0.59322894
0.59322894
0.59322894
0.59322894
0.59322894
0.59322894
0.59023388
0.57910667
0.57910667
0.57910667
0.61488371
0.61488371
0.61488371
0.58266729
0.56803939
0.56803939
0.56803939
0.56803939
0.56068469
0.56068469
0.56068469
0.56068469
0.56068469
0.56068469
0.62079961
0.62079961
0.62079961
0.62079961
0.62079961
0.68338754
0.68338754
0.68338754
0.69487766
0.69487766
0.69487766
0.69487766
0.69487766
0.69487766
0.69487766
0.69487766
0.69487766
0.69487766
0.69487766
0.69487766
0.69876205
0.69876205
0.69876205
0.69876205
0.69876205
0.69876205
0.6927641
0.67691283
0.67691283
0.67691283
0.67691283
0.67121508
0.67121508
0.67121508
0.61601591
0.59096049
0.58805038
0.49192411
0.49192411
0.49192411
0.59650669
0.59650669
0.67809051
0.67809051
0.67809051
0.69670438
0.70442536
0.70442536
0.70442536
0.70442536
0.70442536
0.70442536
0.79564994
0.79564994
0.79564994
0.75291272
0.64970166
0.64970166
0.64970166
0.64970166
0.64970166
0.64970166
0.64970166
0.64970166
0.64970166
0.64970166
0.64970166
0.64970166
0.64970166
0.64970166
0.67387116
0.67387116
0.67387116
0.65542454
0.65542454
0.65542454
0.65542454
0.65542454
0.65542454
0.65542454
0.70110086
0.70110086
0.71022929
0.71022929
0.75473969
0.75473969
0.75473969
0.6093046
0.57585763
0.57585763
0.53113143
0.53113143
0.53113143
0.72131113
0.72131113
0.72131113
0.48434006
0.4159934
0.4159934
0.4159934
0.4159934
0.4159934
0.45296687
0.45296687
0.45296687
0.65283912
0.65283912
0.65283912
0.53593061
0.53514815
0.46024
0.46024
0.34252035
0.34252035
0.34252035
0.41582461
0.4298743
0.4298743
0.4298743
0.4298743
0.4298743
0.50231023
0.50231023
0.50231023
0.50231023
0.50231023
0.50231023
0.60508043
0.60508043
0.65932605
0.65932605
0.65932605
0.62117333
0.62117333
0.6023904
0.6023904
0.58775827
0.58775827
0.58775827
0.53884964
0.53884964
0.53884964
0.53999583
0.53999583
0.56953775
0.56953775
0.56953775
0.56068171
0.56068171
0.56068171
0.58144061
0.6166386
0.63876512
0.63876512
0.63876512
0.63876512
0.63876512
0.62508167
0.53055939
0.53055939
0.53055939
0.44976653
0.44976653
0.44976653
0.45570463
0.45570463
0.45570463
0.45570463
0.45570463
0.45570463
0.45570463
0.4213877
0.41366176
0.41366176
0.41366176
0.41366176
0.41366176
0.41366176
0.41366176
0.48893436
0.4997557
0.4997557
0.4997557
0.4997557
0.52168509
0.52168509
0.52168509
0.55786583
0.56012525
0.56012525
0.56012525
0.56012525
0.56012525
0.5515277
0.5515277
0.5515277
0.5515277
0.5515277
0.5515277
0.55015316
0.55015316
0.55015316
0.55570501
0.58739608
0.63262154
0.63262154
0.63262154
0.63262154
0.63262154
0.61687334
0.61687334
0.61687334
0.61687334
0.44628222
0.44628222
0.44628222
0.48915524
0.48915524
0.48915524
0.48915524
0.48915524
0.48915524
0.55641536
0.60792932
0.61586915
0.61586915
0.61586915
0.58015824
0.58015824
0.58015824
0.46897327
0.46897327
0.46897327
0.47136914
0.47136914
0.50961048
0.51701543
0.51701543
0.51701543
0.51701543
0.55363921
0.55363921
0.55363921
0.55363921
0.55363921
0.56725858
0.56725858
0.56725858
0.56725858
0.56725858
0.556453
0.556453
0.556453
0.49894595
0.483211
0.41673871
0.41673871
0.36063118
0.33836745
0.33836745
0.33836745
0.36469404
0.36469404
0.36469404
0.37406453
0.40916559
0.40916559
0.40916559
0.40916559
0.40916559
0.40916559
0.40916559
0.40916559
0.40916559
0.33524288
0.33524288
0.33524288
0.33524288
0.40805841
0.40805841
0.40805841
0.38357028
0.38357028
0.38357028
0.4049605
0.4049605
0.47044047
0.47044047
0.52990151
0.56358852
0.56358852
0.57348588
0.57348588
0.57348588
0.50339325
0.47295813
0.47295813
0.47295813
0.49117004
0.49117004
0.49117004
0.49117004
0.49117004
0.55451211
0.55451211
0.55451211
0.55451211
0.55451211
0.55451211
0.55451211
0.55451211
0.5319575
0.51385758
0.46377743
0.43511409
0.43511409
0.43511409
0.48522649
0.52545136
0.52545136
0.54471019
0.54471019
0.54471019
0.54471019
0.47253642
0.47166391
0.45165891
0.45165891
0.45165891
0.45165891
0.38249191
0.38249191
0.38249191
0.44135947
0.44135947
0.51283313
0.51283313
0.51283313
0.51283313
0.51283313
0.53559202
0.61276667
0.68027367
0.68027367
0.68027367
0.68027367
0.68027367
0.7044968
0.7044968
0.79789551
0.79789551
0.79789551
0.76856525
0.75680778
0.60776552
0.60776552
0.60776552
0.60776552
0.57987708
0.56354861
0.56354861
0.56354861
0.50952709
0.48866283
0.48866283
0.48866283
0.65266771
0.65266771
0.65266771
0.63605502
0.6083416
0.57925329
0.57925329
0.57925329
0.58956853
0.65251317
0.65251317
0.65251317
0.65251317
0.65251317
0.65251317
0.65251317
0.65251317
0.65251317
0.65251317
0.65251317
0.65251317
0.65251317
0.69772212
0.69772212
0.69772212
0.65622325
0.59709616
0.58272394
0.58272394
0.58272394
0.58272394
0.55401084
0.55401084
0.55401084
0.59074978
0.69105891
0.69105891
0.69105891
0.69105891
0.68746826
0.65857661
0.65857661
0.63965108
0.63965108
0.63638787
0.63638787
0.63276816
0.60070613
0.59684511
0.59684511
0.59684511
0.59684511
0.59684511
0.59684511
0.59684511
0.59684511
0.61261962
0.67027772
0.7641669
0.7641669
0.7641669
0.7641669
0.7641669
0.7641669
0.74883956
0.73951018
0.62545677
0.62545677
0.62545677
0.65602824
0.65602824
0.65602824
0.65602824
0.65291824
0.65291824
0.65291824
0.6530345
0.6530345
0.6530345
0.6530345
0.61925174
0.61925174
0.61925174
0.6465082
0.67906862
0.67906862
0.67906862
0.67906862
0.68904426
0.68904426
0.68904426
0.68209868
0.68209868
0.68209868
0.68209868
0.68209868
0.68209868
0.7054102
0.71330843
0.71330843
0.71330843
0.71330843
0.71330843
0.71330843
0.67908779
0.67908779
0.67908779
0.69385473
0.69385473
0.69385473
0.69385473
0.69385473
0.69385473
0.65718064
0.65718064
0.65718064
0.65718064
0.65718064
0.60999123
0.54689815
0.54689815
0.54689815
0.55084762
0.55084762
0.55084762
0.67621232
0.68000723
0.68000723
0.68000723
0.68000723
0.66103525
0.64167728
0.64167728
0.64167728
0.64643739
0.64643739
0.71079229
0.71079229
0.71079229
0.64253054
0.55333721
0.55333721
0.55333721
0.55333721
0.55333721
0.61142581
0.61142581
0.61142581
0.61025526
0.57742717
0.57742717
0.55968446
0.55968446
0.55578452
0.55578452
0.45716729
0.45716729
0.45716729
0.46031845
0.46031845
0.46031845
0.46031845
0.53248937
0.53683256
0.53683256
0.53683256
0.52083648
0.52083648
0.51150402
0.51150402
0.51150402
0.57856295
0.61764035
0.61809867
0.61809867
0.61809867
0.61809867
0.61809867
0.58465184
0.58465184
0.58465184
0.58465184
0.57030616
0.57030616
0.57030616
0.58742067
0.58742067
0.58742067
0.58742067
0.58742067
0.58742067
0.58742067
0.57731821
0.57731821
0.5421074
0.46814323
0.46814323
0.46814323
0.50103974
0.50996047
0.59256465
0.59256465
0.62540797
0.62540797
0.62540797
0.62540797
0.62540797
0.5563758
0.5563758
0.50432686
0.50432686
0.50432686
0.50432686
0.50432686
0.50432686
0.51396561
0.51396561
0.52550353
0.52550353
0.52550353
0.44748323
0.44748323
0.44748323
0.49150608
0.57064762
0.5873882
0.5873882
0.5873882
0.55733566
0.55733566
0.55733566
0.55733566
0.57348623
0.57348623
0.57348623
0.55974831
0.5293093
0.5293093
0.5293093
0.52743686
0.52743686
0.52743686
0.53657906
0.55128282
0.55128282
0.55525593
0.55525593
0.55525593
0.55525593
0.55525593
0.53005
0.53005
0.53005
0.6063714
0.62935128
0.62935128
0.62935128
0.58222822
0.53207681
0.53207681
0.53207681
0.53207681
0.50228939
0.50228939
0.50228939
0.50228939
0.5369157
0.61099362
0.61099362
0.61099362
0.55958891
0.55958891
0.55958891
0.55958891
0.55958891
0.58922591
0.60389496
0.60389496
0.60389496
0.5926498
0.58953895
0.55001977
0.54112453
0.54112453
0.54112453
0.54112453
0.50195427
0.50195427
0.50195427
0.50195427
0.50195427
0.55435093
0.55435093
0.55435093
0.55435093
0.57720139
0.57720139
0.57720139
0.57720139
0.57720139
0.57720139
0.57720139
0.57720139
0.57720139
0.56492577
0.52712481
0.52712481
0.52712481
0.59902122
0.61796861
0.61796861
0.61796861
0.61796861
0.61796861
0.62246987
0.62246987
0.62246987
0.54779114
0.54676299
0.45559843
0.36584883
0.36584883
0.36584883
0.33243197
0.28703324
0.28610552
0.23991684
0.23991684
0.23991684
0.23991684
0.23991684
0.23896624
0.18851425
0.18851425
0.18645628
0.18645628
0.18645628
0.18645628
0.18645628
0.18645628
0.18645628
0.18645628
0.20147303
0.21685927
0.21685927
0.22457832
0.2803918
0.30006827
0.30006827
0.30006827
0.30006827
0.30006827
0.30006827
0.30006827
0.30006827
0.30201896
0.30201896
0.35173384
0.40061668
0.40061668
0.40061668
0.40061668
0.38544969
0.38544969
0.38544969
0.42305958
0.42305958
0.42305958
0.42305958
0.42305958
0.46437271
0.46437271
0.46437271
0.44308138
0.44308138
0.44308138
0.34092663
0.34092663
0.25997562
0.25997562
0.25997562
0.29345447
0.29345447
0.29345447
0.29345447
0.28547244
0.28547244
0.28547244
0.31535329
0.35662079
0.35662079
0.35662079
0.35662079
0.35662079
0.40777171
0.44478783
0.44478783
0.44478783
0.35807382
0.35807382
0.35807382
0.35807382
0.40774183
0.40774183
0.40774183
0.40774183
0.40774183
0.40774183
0.40774183
0.40774183
0.38776802
0.38776802
0.38776802
0.38776802
0.38776802
0.45007308
0.45007308
0.45007308
0.45007308
0.45007308
0.45007308
0.45007308
0.45007308
0.45007308
0.45007308
0.49298725
0.49298725
0.49298725
0.49298725
0.49298725
0.49298725
0.49298725
0.49298725
0.49298725
0.47095792
0.47095792
0.47095792
0.47095792
0.37074818
0.37074818
0.37074818
0.37074818
0.37074818
0.32652592
0.32652592
0.0591059
0.0591059
0.0591059
0.18156991
0.18156991
0.18156991
0.18156991
0.18156991
0.18156991
0.18156991
0.18156991
0.18156991
0.35197892
0.43086987
0.50949906
0.50949906
0.50949906
0.50949906
0.4700571
0.4673029
0.4673029
0.4673029
0.4673029
0.50347408
0.52943091
0.52943091
0.52943091
0.52943091
0.53236893
0.53236893
0.55569234
0.55569234
0.55569234
0.55569234
0.55569234
0.55569234
0.55569234
0.56695019
0.58155091
0.58155091
0.58155091
0.55310558
0.55310558
0.55310558
0.55310558
0.55310558
0.55310558
0.56247458
0.56247458
0.56247458
0.55581317
0.55581317
0.55581317
0.59878599
0.59878599
0.66982312
0.66982312
0.7322773
0.7322773
0.7322773
0.63549983
0.61803114
0.60073765
0.60073765
0.60073765
0.60073765
0.60073765
0.60073765
0.60073765
0.60073765
0.60073765
0.60073765
0.53328057
0.53328057
0.53328057
0.53328057
0.53328057
0.53445141
0.53445141
0.53445141
0.53445141
0.53445141
0.53445141
0.53445141
0.53445141
0.53445141
0.53445141
0.53445141
0.53445141
0.53445141
0.53445141
0.53169889
0.49292707
0.49292707
0.49292707
0.49292707
0.40803917
0.40803917
0.40803917
0.40803917
0.39020968
0.39020968
0.39020968
0.48808066
0.49897015
0.49897015
0.49897015
0.49897015
0.56952027
0.5786663
0.5786663
0.5786663
0.5786663
0.5786663
0.5786663
0.5786663
0.68547462
0.81937627
0.81937627
0.81937627
0.76370914
0.74542925
0.72594112
0.61001253
0.61001253
0.61001253
0.58960983
0.536233
0.536233
0.536233
0.5520196
0.67784242
0.69491927
0.69491927
0.69491927
0.77292702
0.77292702
0.77292702
0.72494692
0.72494692
0.72494692
0.72494692
0.72494692
0.72494692
0.72494692
0.72494692
0.75833765
0.75833765
0.75833765
0.7517248
