0.23069672
0.2325166
0.23726182
0.23726182
0.23726182
0.23726182
0.26630048
0.26662759
0.26662759
0.26662759
0.26662759
0.26662759
0.26662759
0.26662759
0.27160883
0.31229578
0.32642419
0.32642419
0.32675623
0.32977685
0.32977685
0.35169193
0.35169193
0.35169193
0.29740691
0.29699381
0.29699381
0.29699381
0.29699381
0.29699381
0.29699381
0.26123986
0.22532716
0.22532716
0.22532716
0.22532716
0.22532716
0.22532716
0.22532716
0.24372279
0.25122427
0.26051823
0.26051823
0.26051823
0.26051823
0.26051823
0.26051823
0.2745007
0.2745007
0.2745007
0.30120439
0.36702326
0.42889509
0.42889509
0.42889509
0.52402681
0.52402681
0.54962119
0.59633882
0.66540089
0.66540089
0.66540089
0.66540089
0.66540089
0.66540089
0.66540089
0.66916305
0.66916305
0.6997915
0.6997915
0.6997915
0.6997915
0.6997915
0.69995253
0.69995253
0.69995253
0.69995253
0.76576903
0.79407691
0.79407691
0.79407691
0.74906274
0.74906274
0.74906274
0.74906274
0.74906274
0.68749363
0.68749363
0.68749363
0.68749363
0.68749363
0.68749363
0.68749363
0.71896313
0.71896313
0.71896313
0.71896313
0.71896313
0.71896313
0.71896313
0.71896313
0.67021025
0.6695815
0.6695815
0.66096391
0.66096391
0.66096391
0.66096391
0.67693564
0.67693564
0.67693564
0.67424505
0.67424505
0.67424505
0.67424505
0.67424505
0.67424505
0.66791186
0.66791186
0.66791186
0.66791186
0.64438592
0.63045778
0.61720287
0.61720287
0.61720287
0.62500254
0.62500254
0.62500254
0.63508821
0.63508821
0.63508821
0.63508821
0.61268287
0.61268287
0.61268287
0.59801296
0.59801296
0.59801296
0.59801296
0.58196311
0.53909072
0.4923881
0.49127554
0.49127554
0.49037954
0.49037954
0.49037954
0.51866851
0.53918559
0.53918559
0.53918559
0.53918559
0.5405575
0.5405575
0.5405575
0.5405575
0.5405575
0.5405575
0.5405575
0.5405575
0.5405575
0.5405575
0.5405575
0.5405575
0.56094074
0.56094074
0.58600097
0.58600097
0.65453844
0.68593214
0.71578628
0.71578628
0.71578628
0.68518444
0.68518444
0.68518444
0.68518444
0.68518444
0.68518444
0.65989733
0.65989733
0.65989733
0.65989733
0.65989733
0.65989733
0.65989733
0.65989733
0.67374329
0.67374329
0.67374329
0.67374329
0.67456214
0.67456214
0.68439303
0.6998575
0.71380276
0.75227907
0.75227907
0.75227907
0.71166121
0.71166121
0.71166121
0.73396368
0.76791249
0.76791249
0.76791249
0.76791249
0.77268049
0.79229485
0.79360801
0.79360801
0.79935329
0.79935329
0.79935329
0.79935329
0.79935329
0.79935329
0.78113175
0.78113175
0.78113175
0.78113175
0.78113175
0.7783696
0.77766188
0.77766188
0.77766188
0.77766188
0.77766188
0.77766188
0.77766188
0.77766188
0.77766188
0.77766188
0.77766188
0.77554164
0.77554164
0.75743702
0.75743702
0.75743702
0.77883679
0.77883679
0.77883679
0.77883679
0.77883679
0.80403909
0.80403909
0.80403909
0.80403909
0.80571514
0.80735974
0.80735974
0.80735974
0.80735974
0.80735974
0.79892373
0.79892373
0.79892373
0.79892373
0.79768282
0.75115668
0.74257972
0.74257972
0.74257972
0.75088047
0.77836698
0.77836698
0.77836698
0.79687987
0.79687987
0.79687987
0.79687987
0.7951983
0.71941519
0.71941519
0.71941519
0.74321577
0.74321577
0.74321577
0.74321577
0.74321577
0.74321577
0.74321577
0.74321577
0.74321577
0.74321577
0.74321577
0.73714449
0.69470291
0.69470291
0.69470291
0.71289534
0.71289534
0.7386766
0.75209738
0.7646458
0.80321729
0.80321729
0.80321729
0.7691147
0.76250069
0.75848577
0.75848577
0.75848577
0.75848577
0.75848577
0.75848577
0.76105214
0.76105214
0.76337069
0.80326714
0.80326714
0.80326714
0.7684239
0.7684239
0.7684239
0.75662909
0.66456681
0.66456681
0.59132721
0.52374409
0.52374409
0.52374409
0.47644153
0.47644153
0.47644153
0.47644153
0.47644153
0.47644153
0.47794161
0.47794161
0.47794161
0.47794161
0.47833002
0.47833002
0.47833002
0.47833002
0.47833002
0.46193085
0.46193085
0.46193085
0.46193085
0.48038033
0.48038033
0.48038033
0.48038033
0.52198997
0.53242204
0.53242204
0.55393715
0.57468267
0.57468267
0.57468267
0.57468267
0.57468267
0.57468267
0.57468267
0.57468267
0.57468267
0.51919458
0.51919458
0.51919458
0.51919458
0.51919458
0.51919458
0.51919458
0.51919458
0.51919458
0.51919458
0.51234939
0.51234939
0.50947089
0.50740761
0.50740761
0.49780909
0.49675107
0.49675107
0.49282472
0.49282472
0.49282472
0.49282472
0.49282472
0.49282472
0.49779687
0.49779687
0.49779687
0.49779687
0.49779687
0.49779687
0.48766117
0.47643991
0.47643991
0.47643991
0.47643991
0.46126839
0.46126839
0.46126839
0.47225596
0.47225596
0.47225596
0.47726469
0.47726469
0.48685161
0.5119183
0.5119183
0.5119183
0.5119183
0.5119183
0.51365574
0.51365574
0.51365574
0.51225225
0.51225225
0.51225225
0.51225225
0.51225225
0.51225225
0.51225225
0.51225225
0.51225225
0.51592972
0.51592972
0.51592972
0.51592972
0.51592972
0.51592972
0.51592972
0.53769707
0.53783343
0.56078014
0.56078014
0.56078014
0.55572577
0.55572577
0.55572577
0.55572577
0.53215935
0.53215935
0.51477053
0.51477053
0.51463575
0.51463575
0.51463575
0.51463575
0.51463575
0.4904424
0.4904424
0.4904424
0.50381691
0.50822364
0.50822364
0.50822364
0.48616761
0.48616761
0.48616761
0.52791041
0.52791041
0.52913097
0.53407248
0.53407248
0.53407248
0.51628808
0.51095642
0.51095642
0.49880455
0.49880455
0.49880455
0.49880455
0.49880455
0.49880455
0.50093737
0.50093737
0.50093737
0.4822934
0.46670687
0.46670687
0.46670687
0.46670687
0.46692328
0.46692328
0.49033541
0.49033541
0.5037872
0.50656917
0.50656917
0.50656917
0.50358259
0.50358259
0.50358259
0.50370833
0.50370833
0.50370833
0.50113681
0.48993205
0.48993205
0.48993205
0.48993205
0.48993205
0.48993205
0.51005084
0.51005084
0.51005084
0.51005084
0.49728277
0.49728277
0.49728277
0.48878716
0.48878716
0.48878716
0.48878716
0.49813469
0.49813469
0.49813469
0.49813469
0.4947321
0.4947321
0.49370499
0.49370499
0.49370499
0.51464811
0.51464811
0.51464811
0.51464811
0.50435175
0.48309994
0.48309994
0.48309994
0.49158592
0.49158592
0.49158592
0.49158592
0.49158592
0.49158592
0.49158592
0.49158592
0.51334624
0.51334624
0.51334624
0.51334624
0.51334624
0.51334624
0.49830784
0.47075649
0.47075649
0.44908391
0.44908391
0.44908391
0.44908391
0.44908391
0.44908391
0.44908391
0.46972094
0.46972094
0.46972094
0.46972094
0.46972094
0.49084563
0.49084563
0.49084563
0.49084563
0.49084563
0.49084563
0.47691302
0.47691302
0.46691293
0.46691293
0.45295748
0.41732734
0.41732734
0.41732734
0.43151318
0.43151318
0.46102237
0.47517919
0.47939493
0.48287768
0.48287768
0.48287768
0.43750197
0.43547454
0.43547454
0.43547454
0.43547454
0.43547454
0.43547454
0.43547454
0.43547454
0.43547454
0.43547454
0.43547454
0.43547454
0.36462303
0.350091
0.350091
0.350091
0.350091
0.350091
0.350091
0.3609261
0.36113626
0.37931278
0.37931278
0.37931278
0.37931278
0.37931278
0.37931278
0.37931278
0.39177996
0.39177996
0.39177996
0.37240631
0.37240631
0.37240631
0.37240631
0.35124037
0.35124037
0.35124037
0.35124037
0.35124037
0.32434205
0.32126096
0.30704165
0.30704165
0.30704165
0.30704165
0.30704165
0.30704165
0.30704165
0.30704165
0.31104984
0.31950062
0.31950062
0.31950062
0.27968556
0.27968556
0.27968556
0.30041295
0.30041295
0.30041295
0.3021427
0.3021427
0.3021427
0.3021427
0.3021427
0.3021427
0.3021427
0.34575517
0.35522553
0.35522553
0.38489821
0.41627486
0.45451234
0.46555853
0.46555853
0.47050349
0.47050349
0.47323462
0.47637176
0.47637176
0.49335114
0.49335114
0.52596334
0.52596334
0.52596334
0.52910107
0.52910107
0.54649773
0.61737135
0.61737135
0.61737135
0.61737135
0.61737135
0.62133789
0.62133789
0.69695823
0.69695823
0.73034444
0.73034444
0.76349712
0.76349712
0.76778366
0.76778366
0.77246534
0.77246534
0.77246534
0.78649652
0.81678222
0.81678222
0.81678222
0.79748168
0.79748168
0.79748168
0.79748168
0.79748168
0.79048089
0.79048089
0.79048089
0.82071908
0.84520902
0.87398485
0.87398485
0.87398485
0.85953193
0.85401675
0.85401675
0.85401675
0.85401675
0.85221008
0.85221008
0.85221008
0.85221008
0.83982945
0.83982945
0.83982945
0.83982945
0.83982945
0.83982945
0.86086502
0.86086502
0.86086502
0.85740852
0.82559546
0.82559546
0.82559546
0.82559546
0.82387603
0.82387603
0.82387603
0.82387603
0.82387603
0.82463106
0.85221536
0.85221536
0.89245752
0.89245752
0.89245752
0.89245752
0.89245752
0.89245752
0.89245752
0.89245752
0.89245752
0.91198914
0.91448254
0.92245193
0.92639452
0.92639452
0.92639452
0.92639452
0.92639452
0.93600741
0.93600741
0.93600741
0.93055813
0.93055813
0.93055813
0.93485324
0.93485324
0.93725071
0.93725071
0.93725071
0.93725071
0.93725071
0.93725071
0.94045879
0.94045879
0.94045879
0.9703356
0.9703356
0.9703356
0.9641182
0.923119
0.923119
0.923119
0.92884934
0.94583656
0.95080002
0.95080002
0.96705626
0.96705626
0.96705626
0.94134164
0.93253343
0.93253343
0.93253343
0.93253343
0.9148239
0.90864315
0.90864315
0.90864315
0.90864315
0.90864315
0.90864315
0.90864315
0.90864315
0.90864315
0.90864315
0.90864315
0.90864315
0.90864315
0.90864315
0.91763354
0.92956319
0.92956319
0.92956319
0.92956319
0.92956319
0.93171477
0.93581276
0.94720952
0.94720952
0.94720952
0.94720952
0.95835858
0.95835858
0.95835858
0.92490706
0.92490706
0.91892718
0.85930518
0.85930518
0.84977137
0.83591558
0.83591558
0.83591558
0.85789706
0.86180992
0.86180992
0.86180992
0.86463499
0.86463499
0.86463499
0.86197143
0.82242248
0.82242248
0.82242248
0.82746154
0.82820183
0.83236717
0.87774653
0.87774653
0.87774653
0.87774653
0.87774653
0.87774653
0.87774653
0.88585904
0.89702305
0.89702305
0.89702305
0.89702305
0.89702305
0.89702305
0.89702305
0.89702305
0.89702305
0.89702305
0.89702305
0.89440679
0.87002832
0.86191685
0.86191685
0.86191685
0.86191685
0.8345346
0.8310958
0.82376598
0.82376598
0.82376598
0.83888926
0.83888926
0.83888926
0.83888926
0.83888926
0.83888926
0.83888926
0.79082251
0.79082251
0.79082251
0.80626494
0.80626494
0.80626494
0.80626494
0.80562113
0.80332589
0.80332589
0.80332589
0.82922883
0.82922883
0.82922883
0.82922883
0.82922883
0.51738806
0.51738806
0.5146203
0.48642451
0.48642451
0.48642451
0.48642451
0.47725673
0.47725673
0.47725673
0.47725673
0.47725673
0.47725673
0.47725673
0.47725673
0.47725673
0.47725673
0.46577214
0.46577214
0.46577214
0.4769508
0.4769508
0.48654666
0.48654666
0.48654666
0.48654666
0.52301953
0.53022527
0.53022527
0.5355939
0.56320443
0.56706734
0.56706734
0.56706734
0.56444523
0.56444523
0.56444523
0.56444523
0.56444523
0.51066743
0.51066743
0.51066743
0.51345499
0.51345499
0.51345499
0.50830448
0.50830448
0.50830448
0.50830448
0.50830448
0.50830448
0.50830448
0.50830448
0.50830448
0.50830448
0.49471875
0.49471875
0.49471875
0.49471875
0.49964284
0.49964284
0.49964284
0.47719603
0.47510434
0.47510434
0.47510434
0.48665498
0.48665498
0.48665498
0.47482848
0.47026083
0.46240788
0.46240788
0.46240788
0.46240788
0.46240788
0.46522135
0.47885332
0.47885332
0.47885332
0.49412432
0.49412432
0.50346226
0.52428741
0.52585323
0.52585323
0.52585323
0.52961758
0.52961758
0.52961758
0.5253396
0.52037777
0.52037777
0.52004371
0.52004371
0.52004371
0.52004371
0.52004371
0.52004371
0.52004371
0.52622959
0.52746952
0.52746952
0.52746952
0.51309845
0.51309845
0.51309845
0.53161643
0.56679405
0.59185021
0.59185021
0.59185021
0.53841914
0.53841914
0.53841914
0.53841914
0.53841914
0.53841914
0.53841914
0.53841914
0.53515965
0.53515965
0.52105917
0.52105917
0.52105917
0.49369622
0.49369622
0.49369622
0.50922584
0.50922584
0.50922584
0.50301087
0.4873819
0.4873819
0.4873819
0.54131439
0.54131439
0.55640529
0.56083097
0.56083097
0.56083097
0.54581142
0.53976802
0.53976802
0.52042122
0.52042122
0.52042122
0.52042122
0.50994861
0.50994861
0.50994861
0.50994861
0.5026063
0.48806527
0.4867167
0.4867167
0.4867167
0.48491299
0.48491299
0.48491299
0.48491299
0.48620421
0.49662751
0.49662751
0.50772694
0.50772694
0.50772694
0.50772694
0.50879402
0.50879402
0.50879402
0.50879402
0.50879402
0.50096986
0.5006731
0.5006731
0.5006731
0.49607184
0.49607184
0.49607184
0.50615727
0.51355
0.51355
0.51355
0.51355
0.51355
0.49510974
0.49510974
0.49510974
0.49510974
0.49659042
0.50507292
0.50507292
0.50507292
0.50507292
0.50507292
0.50441877
0.50441877
0.50441877
0.51739153
0.51739153
0.51739153
0.51739153
0.51076832
0.47105042
0.47105042
0.47105042
0.49021365
0.49021365
0.49021365
0.49021365
0.49168851
0.49168851
0.49168851
0.49168851
0.50639369
0.50639369
0.50639369
0.50639369
0.50639369
0.50639369
0.49898976
0.48555301
0.48555301
0.46128859
0.45979358
0.45979358
0.45979358
0.45979358
0.45979358
0.45979358
0.49488467
0.49488467
0.49488467
0.49488467
0.49488467
0.49488467
0.49488467
0.48292363
0.48292363
0.48292363
0.48292363
0.47512386
0.47512386
0.45223548
0.45223548
0.45223548
0.43061455
0.43061455
0.43061455
0.43061455
0.43061455
0.43061455
0.43276441
0.45838806
0.45838806
0.45838806
0.43957255
0.42248328
0.4159136
0.4159136
0.4159136
0.4159136
0.4159136
0.4159136
0.43310538
0.43310538
0.43310538
0.43310538
0.43310538
0.43988836
0.43988836
0.47366787
0.48256465
0.48839139
0.48839139
0.48839139
0.48839139
0.48839139
0.51623577
0.51623577
0.51623577
0.52793627
0.52793627
0.52793627
0.52574624
0.52066763
0.42320548
0.42320548
0.42320548
0.42760234
0.42760234
0.42760234
0.36751648
0.36751648
0.36751648
0.36751648
0.3569029
0.3569029
0.3569029
0.3569029
0.36689476
0.40520973
0.44820626
0.44820626
0.44820626
0.44820626
0.44820626
0.49610794
0.49610794
0.49610794
0.49053052
0.49053052
0.49053052
0.49053052
0.49767943
0.50113539
0.50113539
0.50113539
0.47247107
0.47247107
0.47247107
0.48505541
0.54793535
0.54793535
0.54793535
0.54793535
0.65624071
0.65624071
0.65624071
0.62853046
0.62434992
0.62434992
0.62434992
0.62434992
0.62434992
0.63990202
0.6462633
0.6462633
0.6462633
0.6462633
0.65740991
0.65740991
0.65740991
0.65510175
0.65510175
0.65510175
0.66667499
0.66667499
0.66667499
0.6752573
0.6752573
0.70070928
0.70070928
0.70070928
0.70070928
0.70070928
0.71748254
0.71748254
0.74235228
0.74235228
0.74235228
0.73723926
0.73723926
0.73723926
0.73723926
0.73723926
0.73723926
0.73723926
0.73723926
0.73723926
0.73723926
0.73723926
0.73723926
0.73723926
0.74020106
0.74020106
0.74020106
0.73959702
0.73959702
0.73959702
0.72661623
0.72661623
0.67196404
0.67196404
0.67196404
0.67196404
0.67196404
0.68340989
0.72575766
0.72575766
0.72575766
0.72575766
0.72575766
0.72575766
0.71425355
0.69343487
0.68499714
0.68499714
0.68499714
0.68897028
0.68897028
0.68897028
0.65402313
0.63672311
0.6139518
0.60251617
0.60251617
0.60251617
0.59605775
0.56750948
0.56750948
0.56750948
0.53919921
0.5156225
0.5156225
0.5156225
0.5156225
0.4522648
0.4522648
0.39237711
0.39237711
0.33911854
0.33911854
0.33911854
0.40747762
0.40857003
0.40857003
0.4450535
0.53371905
0.54967371
0.66216608
0.66216608
0.66216608
0.66216608
0.66216608
0.66216608
0.66216608
0.63416832
0.63416832
0.63416832
0.63416832
0.63416832
0.64068432
0.71193114
0.71193114
0.71193114
0.65950916
0.65950916
0.65950916
0.65950916
0.65950916
0.65950916
0.65950916
0.65402298
0.65402298
0.65402298
0.67074675
0.67074675
0.67074675
0.67074675
0.68891182
0.68891182
0.68891182
0.6758876
0.66073875
0.63640389
0.57528484
0.57528484
0.57528484
0.58183555
0.58183555
0.58183555
0.58183555
0.58183555
0.58183555
0.58183555
0.63710742
0.63710742
0.63710742
0.63710742
0.63710742
0.64127602
0.69798176
0.69798176
0.69798176
0.63425861
0.48661226
0.47038771
0.47038771
0.47038771
0.53548153
0.53548153
0.53548153
0.53548153
0.53548153
0.53548153
0.56704337
0.65012141
0.65383764
0.65383764
0.65383764
0.65383764
0.65383764
0.65383764
0.65383764
0.67969601
0.69777104
0.69777104
0.69777104
0.69967367
0.69967367
0.69967367
0.67848699
0.67848699
0.67848699
0.67848699
0.67848699
0.67848699
0.67848699
0.67848699
0.67848699
0.65645254
0.65645254
0.65645254
0.65645254
0.32835696
0.32835696
0.32835696
0.45379006
0.45379006
0.45379006
0.44356226
0.32932709
0.32932709
0.32932709
0.50534929
0.53126274
0.53126274
0.53126274
0.53126274
0.78658089
0.82279827
0.82279827
0.82279827
0.82204426
0.82204426
0.82204426
0.82708111
0.84183735
0.84183735
0.84183735
0.82628415
0.82628415
0.82628415
0.82628415
0.82628415
0.85684057
0.85684057
0.85684057
0.85145284
0.85145284
0.85145284
0.85145284
0.86231876
0.86231876
0.86231876
0.86231876
0.86231876
0.86231876
0.85618746
0.81367402
0.80034196
0.80034196
0.80034196
0.80034196
0.80034196
0.80034196
0.82689771
0.82689771
0.82689771
0.82689771
0.8325613
0.8795261
0.8963193
0.91323135
0.94119851
0.94119851
0.94119851
0.9473645
0.9473645
0.94819007
0.94819007
0.94819007
0.94371728
0.94371728
0.94371728
0.94371728
0.94371728
0.94371728
0.95844554
0.95844554
0.95844554
0.92689355
0.92689355
0.92689355
0.92689355
0.92689355
0.92689355
0.92689355
0.92689355
0.92689355
0.92689355
0.92689355
0.92689355
0.92689355
0.92689355
0.92689355
0.92689355
0.92689355
0.92689355
0.92838243
0.93610009
0.93610009
0.93610009
0.93610009
0.92405744
0.91481103
0.88553572
0.86974823
0.86974823
0.86974823
0.86974823
0.86974823
0.86974823
0.87469938
0.87469938
0.87469938
0.87469938
0.87469938
0.87469938
0.87469938
0.84874937
0.79768304
0.79768304
0.79768304
0.79768304
0.82037038
0.83696803
0.83696803
0.83696803
0.84126645
0.84126645
0.84126645
0.84126645
0.84126645
0.84126645
0.83242606
0.81714285
0.81714285
0.81714285
0.81714285
0.72671874
0.72671874
0.72671874
0.73406058
0.73406058
0.73406058
0.73406058
0.73406058
0.73406058
0.73406058
0.73406058
0.73406058
0.73406058
0.698892
0.698892
0.65420102
0.60934218
0.60934218
0.60934218
0.6040986
0.59724037
0.59724037
0.538972
0.46553411
0.46553411
0.46553411
0.35806632
0.35138276
0.35138276
0.3412266
0.3412266
0.3412266
0.3412266
0.3412266
0.36054356
0.36054356
0.36054356
0.36054356
0.36054356
0.36054356
0.36054356
0.36054356
0.36054356
0.36054356
0.34497515
0.34497515
0.34497515
0.36192222
0.36192222
0.36192222
0.36192222
0.37719405
0.37719405
0.37719405
0.37029294
0.37012116
0.37012116
0.3152576
0.3152576
0.30653813
0.30398962
0.30398962
0.30398962
0.30417769
0.30417769
0.30417769
0.30417769
0.30193637
0.30193637
0.30193637
0.32758681
0.32758681
0.32758681
0.33030957
0.33597739
0.33618427
0.33618427
0.33949565
0.34256832
0.34256832
0.34256832
0.34256832
0.34256832
0.33206071
0.33206071
0.33182061
0.33182061
0.33182061
0.33182061
0.33182061
0.34054603
0.34792917
0.34792917
0.34792917
0.33221689
0.33221689
0.33221689
0.35401744
0.38054467
0.38157047
0.38157047
0.38157047
0.3952597
0.3952597
0.3952597
0.37101797
0.36742504
0.36742504
0.36742504
0.38246861
0.38765667
0.38765667
0.40153367
0.40153367
0.40153367
0.40153367
0.40153367
0.38926126
0.3885004
0.3885004
0.3885004
0.3885004
0.3885004
0.48270954
0.48270954
0.48270954
0.508273
0.508273
0.508273
0.49180524
0.49180524
0.49180524
0.49180524
0.49180524
0.49180524
0.49180524
0.49180524
0.49180524
0.49180524
0.49180524
0.49180524
0.49180524
0.46306205
0.46306205
0.46306205
0.48056871
0.48056871
0.48056871
0.48104654
0.48104654
0.48104654
0.48104654
0.48104654
0.48104654
0.48104654
0.48104654
0.48104654
0.48104654
0.48104654
0.48104654
0.48104654
0.46221663
0.46221663
0.46221663
0.46221663
0.48314123
0.48314123
0.50050359
0.50050359
0.50050359
0.4510753
0.36646022
0.36067472
0.34411094
0.33138373
0.33138373
0.31096721
0.31096721
0.31096721
0.31096721
0.31096721
0.31096721
0.31096721
0.31096721
0.31096721
0.31096721
0.31096721
0.27547596
0.27547596
0.27547596
0.27889043
0.27889043
0.27889043
0.27889043
0.27889043
0.18798903
0.18798903
0.18798903
0.26610309
0.26610309
0.26610309
0.26610309
0.26610309
0.21996465
0.21996465
0.21996465
0.23443512
0.31423384
0.31794743
0.31794743
0.31794743
0.31794743
0.31794743
0.31794743
0.35854758
0.4040697
0.4040697
0.4040697
0.275002
0.275002
0.275002
0.32494066
0.32494066
0.32494066
0.32494066
0.38300913
0.46340275
0.46340275
0.46340275
0.45969459
0.42565701
0.38814214
0.38814214
0.33105968
0.29999408
0.19827322
0.19827322
0.19827322
0.26416706
0.2860983
0.2860983
0.2860983
0.2860983
0.2860983
0.2860983
0.2860983
0.2860983
0.2860983
0.3009796
0.3009796
0.3009796
0.3009796
0.3009796
0.30364036
0.30364036
0.31325176
0.31325176
0.31325176
0.33162038
0.33162038
0.33630823
0.38918398
0.38918398
0.38918398
0.38918398
0.39614924
0.39614924
0.39614924
0.37735867
0.37735867
0.37735867
0.37735867
0.40156457
0.40156457
0.40156457
0.46855182
0.46855182
0.46855182
0.4428522
0.4428522
0.4428522
0.4428522
0.42204367
0.42204367
0.42204367
0.42204367
0.42204367
0.42204367
0.42204367
0.40388083
0.40388083
0.40388083
0.40388083
0.41373386
0.41373386
0.41373386
0.47742232
0.48764473
0.48764473
0.48764473
0.48764473
0.47997253
0.47997253
0.47997253
0.48224813
0.52637741
0.52637741
0.53202172
0.53202172
0.54502698
0.5479985
0.55665916
0.55665916
0.55665916
0.55665916
0.57783552
0.61449239
0.66431904
0.66431904
0.66431904
0.66431904
0.66431904
0.63839645
0.6080428
0.6080428
0.6080428
0.62959355
0.62959355
0.64016718
0.64016718
0.64016718
0.63645295
0.63645295
0.63645295
0.63645295
0.62709778
0.62709778
0.62709778
0.66005844
0.66079627
0.66079627
0.66079627
0.689175
0.689175
0.689175
0.689175
0.689175
0.63801993
0.63801993
0.63801993
0.61061105
0.61061105
0.61061105
0.62896701
0.62896701
0.62896701
0.56127126
0.56127126
0.52226534
0.52226534
0.52226534
0.49429418
0.49429418
0.49429418
0.49696071
0.49696071
0.50997598
0.512291
0.56189841
0.56189841
0.56189841
0.537857
0.537857
0.537857
0.537857
0.537857
0.537857
0.537857
0.54835411
0.54835411
0.58826464
0.58826464
0.58826464
0.58826464
0.56688077
0.56688077
0.56688077
0.61056885
0.62039621
0.62039621
0.62039621
0.62039621
0.62039621
0.60369317
0.60369317
0.60369317
0.60369317
0.58691361
0.58691361
0.58691361
0.58930447
0.58930447
0.58930447
0.58930447
0.58930447
0.60809878
0.60809878
0.60809878
0.6662088
0.6662088
0.6662088
0.65919257
0.65919257
0.65919257
0.65919257
0.65919257
0.65919257
0.62803359
0.62803359
0.62803359
0.70278418
0.70278418
0.70278418
0.70278418
0.73227456
0.73227456
0.73227456
0.73227456
0.73227456
0.72582965
0.72582965
0.72582965
0.72582965
0.72582965
0.72582965
0.75463469
0.75463469
0.75463469
0.76991955
0.76991955
0.76991955
0.76991955
0.76991955
0.76991955
0.76991955
0.77048754
0.87465796
0.87465796
0.87465796
0.87465796
0.88477998
0.8849969
0.89775637
0.89775637
0.89775637
0.89775637
0.89775637
0.90032841
0.90032841
0.90612182
0.90612182
0.90612182
0.86229864
0.84567911
0.8381956
0.83462333
0.82243151
0.78301838
0.78078531
0.78078531
0.77437925
0.77437925
0.77437925
0.77437925
0.77437925
0.77437925
0.77437925
0.7779409
0.7779409
0.7779409
0.7779409
0.7779409
0.7779409
0.7779409
0.7779409
0.82495734
0.82495734
0.82495734
0.81038733
0.81038733
0.81038733
0.81038733
0.81038733
0.83286541
0.83286541
0.83286541
0.50576431
0.50329397
0.4965901
0.48819566
0.48819566
0.48819566
0.48819566
0.48819566
0.49768154
0.49768154
0.49768154
0.49768154
0.49768154
0.49768154
0.49210198
0.49210198
0.49210198
0.48429569
0.48429569
0.44768984
0.44768984
0.44768984
0.47729072
0.47729072
0.47729072
0.49567389
0.49567389
0.50902407
0.50902407
0.53643007
0.56901482
0.56901482
0.56901482
0.56717807
0.56717807
0.56717807
0.56717807
0.56717807
0.56717807
0.55679697
0.55679697
0.5419972
0.5419972
0.5419972
0.5419972
0.5419972
0.5419972
0.53920754
0.53920754
0.52422575
0.52422575
0.52422575
0.5065943
0.5065943
0.49564877
0.48381542
0.48381542
0.48381542
0.48941714
0.48941714
0.48941714
0.48941714
0.48424059
0.48424059
0.48424059
0.48424059
0.48424059
0.48424059
0.48424059
0.48261578
0.47755076
0.47755076
0.47755076
0.47755076
0.47755076
0.47755076
0.47755076
0.49818532
0.49818532
0.49818532
0.49818532
0.49818532
0.51286603
0.53198117
0.53198117
0.53198117
0.53198117
0.53198117
0.53198117
0.53086175
0.50742321
0.50742321
0.50742321
0.50742321
0.50742321
0.50742321
0.50742321
0.50742321
0.50742321
0.52304767
0.52304767
0.52304767
0.54006322
0.54006322
0.54006322
0.54006322
0.54006322
0.5423536
0.5423536
0.5736827
0.5736827
0.5736827
0.54655253
0.54655253
0.54655253
0.54655253
0.5441964
0.5441964
0.5330709
0.5330709
0.51663646
0.51365677
0.51365677
0.51365677
0.51365677
0.49848562
0.49848562
0.49848562
0.5031237
0.5031237
0.5031237
0.5031237
0.5031237
0.5031237
0.50978954
0.52949074
0.52949074
0.5442053
0.5448048
0.5448048
0.5448048
0.5448048
0.5448048
0.5448048
0.51841961
0.51841961
0.51841961
0.51841961
0.49737779
0.49737779
0.49737779
0.49737779
0.49737779
0.49453177
0.48128273
0.48128273
0.48128273
0.48128273
0.48128273
0.48128273
0.48128273
0.48128273
0.48500198
0.48500198
0.49977152
0.49977152
0.49977152
0.49977152
0.53162685
0.53162685
0.53162685
0.53162685
0.53162685
0.53162685
0.5135551
0.5135551
0.5135551
0.50537195
0.50537195
0.50537195
0.52229619
0.52229619
0.52229619
0.51080666
0.51080666
0.50883779
0.49687128
0.49509031
0.49509031
0.49509031
0.49509031
0.49509031
0.49509031
0.49509031
0.49509031
0.49509031
0.49509031
0.50570336
0.50570336
0.51904
0.51904
0.51904
0.51904
0.484758
0.484758
0.484758
0.48814929
0.49353871
0.49353871
0.49353871
0.49353871
0.49353871
0.49353871
0.49353871
0.50143419
0.50143419
0.50143419
0.50434722
0.50434722
0.50434722
0.50434722
0.49852237
0.49852237
0.49852237
0.44271105
0.44271105
0.44271105
0.44271105
0.47089922
0.47089922
0.47089922
0.50227813
0.50227813
0.50227813
0.50227813
0.50227813
0.50227813
0.50227813
0.4928492
0.4928492
0.4928492
0.4928492
0.47179223
0.47179223
0.46305695
0.46305695
0.4457594
0.42005181
0.42005181
0.42005181
0.43936215
0.43936215
0.43936215
0.43936215
0.4665726
0.47604618
0.47604618
0.47604618
0.44971937
0.44032652
0.44032652
0.44032652
0.44032652
0.44032652
0.44032652
0.44032652
0.44032652
0.44032652
0.44032652
0.44032652
0.44032652
0.44032652
0.37251437
0.37251437
0.37251437
0.37251437
0.37251437
0.26638805
0.26638805
0.26638805
0.41382232
0.48275856
0.48275856
0.48275856
0.48275856
0.48275856
0.48275856
0.48275856
0.48275856
0.48663527
0.48663527
0.54088814
0.54088814
0.54088814
0.52913006
0.52913006
0.52913006
0.52913006
0.46235298
0.44804009
0.3978761
0.3978761
0.3978761
0.3978761
0.3978761
0.38810602
0.38810602
0.38810602
0.44554698
0.44554698
0.44554698
0.55616408
0.59501292
0.59501292
0.59501292
0.58234106
0.58234106
0.58234106
0.58234106
0.58234106
0.58234106
0.57769132
0.57769132
0.57769132
0.61400829
0.61400829
0.62225625
0.64355176
0.64355176
0.64355176
0.55395949
0.55395949
0.55395949
0.62782795
0.62782795
0.62782795
0.62782795
0.62782795
0.68086781
0.68316174
0.69952448
0.6995419
0.6995419
0.6995419
0.69844698
0.65794726
0.65558264
0.65558264
0.65558264
0.65558264
0.64933381
0.64933381
0.64136616
0.64136616
0.64136616
0.64136616
0.60378172
0.56781221
0.50875274
0.39561309
0.392633
0.392633
0.392633
0.41336546
0.43712534
0.47573142
0.47573142
0.52422661
0.54948318
0.54948318
0.54948318
0.52935423
0.52935423
0.52171335
0.52171335
0.49340058
0.49340058
0.49340058
0.49340058
0.50443042
0.50443042
0.50443042
0.47322791
0.38425292
0.38425292
0.29298443
0.29298443
0.29298443
0.29298443
0.298711
0.298711
0.298711
0.298711
0.298711
0.298711
0.298711
0.298711
0.298711
0.32826529
0.3632954
0.43975919
0.43975919
0.43975919
0.43975919
0.43975919
0.43975919
0.41368818
0.41368818
0.41368818
0.41368818
0.36904577
0.36904577
0.36904577
0.36904577
0.36904577
0.3815425
0.3815425
0.3815425
0.35609716
0.35609716
0.35609716
0.35609716
0.49838008
0.49838008
0.49838008
0.52852183
0.52852183
0.52909963
0.52909963
0.57884422
0.57884422
0.57884422
0.57884422
0.57884422
0.62031556
0.6350399
0.6350399
0.6350399
0.6350399
0.6350399
0.6350399
0.6350399
0.6350399
0.6357956
0.6357956
0.6357956
0.63782322
0.63782322
0.65734614
0.65734614
0.65734614
0.65734614
0.65734614
0.65734614
0.64299866
0.64299866
0.64299866
0.5961777
0.5961777
0.5961777
0.63271889
0.63271889
0.63271889
0.63271889
0.63271889
0.63271889
0.63271889
0.63271889
0.64193593
0.64193593
0.64193593
0.66522481
0.66522481
0.68867036
0.68867036
0.68867036
0.68867036
0.68867036
0.69402482
0.69402482
0.74057997
0.74057997
0.74057997
0.74825639
0.74825639
0.74825639
0.74825639
0.74825639
0.74825639
0.71402874
0.70400937
0.70400937
0.70400937
0.70400937
0.70400937
0.67446651
0.67446651
0.67446651
0.64211861
0.64211861
0.64211861
0.64211861
0.64211861
0.64211861
0.58649935
0.53323545
0.53323545
0.53323545
0.53323545
0.53323545
0.45818445
0.42441698
0.42441698
0.42441698
0.42959378
0.42959378
0.42959378
0.42959378
0.42959378
0.46832043
0.46832043
0.46832043
0.46832043
0.38433362
0.38433362
0.31786371
0.26479525
0.22226462
0.19696475
0.19535248
0.19535248
0.06809057
0.05322391
0.05322391
0.05322391
0.15647811
0.15647811
0.29434906
0.40036606
0.43597652
0.54360234
0.56238127
0.56238127
0.56238127
0.48766326
0.48766326
0.48766326
0.48766326
0.48766326
0.51916545
0.52616751
0.52616751
0.52616751
0.52616751
0.52616751
0.52616751
0.52616751
0.55094941
0.55094941
0.55094941
0.55094941
0.55094941
0.53045768
0.53045768
0.53045768
0.50972634
0.50972634
0.43157829
0.35235024
0.35235024
0.35235024
0.35734586
0.35734586
0.43344303
0.43344303
0.45570055
0.48348989
0.48348989
0.48348989
0.48348989
0.48348989
0.48348989
0.48348989
0.48348989
0.48348989
0.48348989
0.48348989
0.48348989
0.52871583
0.52871583
0.52871583
0.3684814
0.27898606
0.27898606
0.27898606
0.27898606
0.27898606
0.27898606
0.2352675
0.2352675
0.2352675
0.2352675
0.2352675
0.2352675
0.2352675
0.22508618
0.22508618
0.22508618
0.22508618
0.38226626
0.38226626
0.47361989
0.47361989
0.48059048
0.53463087
0.59104754
0.59104754
0.59104754
0.56029851
0.56029851
0.56029851
0.4933247
0.49253445
0.49253445
0.49253445
0.49253445
0.49253445
0.49253445
0.49253445
0.49253445
0.49253445
0.50373405
0.50373405
0.50373405
0.41916194
0.41916194
0.41916194
0.50929815
0.51525299
0.51525299
0.51525299
0.51662225
0.51662225
0.51662225
0.51662225
0.50100064
0.49746875
0.49746875
0.49746875
0.52186625
0.52186625
0.52186625
0.59099798
0.59099798
0.59099798
0.59099798
0.59285955
0.59441643
0.59441643
0.59441643
0.59441643
0.59441643
0.59441643
0.59441643
0.58508014
0.58508014
0.58508014
0.48996008
0.48996008
0.48996008
0.52557732
0.52557732
0.52557732
0.52557732
0.55551052
0.55551052
0.5877804
0.5877804
0.5877804
0.5877804
0.5877804
0.5877804
0.5877804
0.5877804
0.5877804
0.5681365
0.53655938
0.53655938
0.53655938
0.66252254
0.66252254
0.66252254
0.66252254
0.66252254
0.66252254
0.66252254
0.66713113
0.66930132
0.66930132
0.66930132
0.66930132
0.66930132
0.73763689
0.73763689
0.73763689
0.73763689
0.84307237
0.84307237
0.84307237
0.7658882
0.7658882
0.7658882
0.7658882
0.7658882
0.76356144
0.76356144
0.75956681
0.75956681
0.75956681
0.75956681
0.75956681
0.75956681
0.74354118
0.69173741
0.69173741
0.69173741
0.69173741
0.69173741
0.69173741
0.73036441
0.73036441
0.73036441
0.60094046
0.60094046
0.60094046
0.60094046
0.60094046
0.60094046
0.67522164
0.67522164
0.67522164
0.67522164
0.67522164
0.67522164
0.64440352
0.62928559
0.62928559
0.59246974
0.56133195
0.55054046
0.53344954
0.52800132
0.52800132
0.52800132
0.52800132
0.52800132
0.52800132
0.52800132
0.52800132
0.52800132
0.50387167
0.44834874
0.44834874
0.44834874
0.44834874
0.42595951
0.42595951
0.42595951
0.44829828
0.44829828
0.53013234
0.58380543
0.58380543
0.58380543
0.58380543
0.62845347
0.62845347
0.62845347
0.60098201
0.60098201
0.5580943
0.5580943
0.5580943
0.5580943
0.5580943
0.49780911
0.49780911
0.47061205
0.47061205
0.47061205
0.51567819
0.51567819
0.51567819
0.51567819
0.58828438
0.58828438
0.59991021
0.59991021
0.59991021
0.56936699
0.56936699
0.56936699
0.56936699
0.56936699
0.5766376
0.63155251
0.63155251
0.63155251
0.55296624
0.55296624
0.52307926
0.52307926
0.52307926
0.52307926
0.52307926
0.58395987
0.58395987
0.58395987
0.56260269
0.49311644
0.49311644
0.49311644
0.48340769
0.48340769
0.48340769
0.48340769
0.48340769
0.48340769
0.50202916
0.50202916
0.50202916
0.50202916
0.50202916
0.4593883
0.4593883
0.4593883
0.4593883
0.47630767
0.47630767
0.47630767
0.47630767
0.47630767
0.45027077
0.43502611
0.43502611
0.42231265
0.42231265
0.42231265
0.42231265
0.45667953
0.45667953
0.45667953
0.45667953
0.45667953
0.48499629
0.48499629
0.48499629
0.46768182
0.46768182
0.46768182
0.46768182
0.46768182
0.46768182
0.46768182
0.46768182
0.46768182
0.49700221
0.49700221
0.49700221
0.47761973
0.47761973
0.47761973
0.47761973
0.48102767
0.48102767
0.48102767
0.48102767
0.42098352
0.42098352
0.42098352
0.41959712
0.41959712
0.41959712
0.41959712
0.46970866
0.47439999
0.47439999
0.47439999
0.47439999
0.47439999
0.47439999
0.41434219
0.41434219
0.39346664
0.39346664
0.39346664
0.45135278
0.45135278
0.45135278
0.45135278
0.49185394
0.51156773
0.52188666
0.52188666
0.52188666
0.52188666
0.52188666
0.52188666
0.48314923
0.48314923
0.48314923
0.52178957
0.52178957
0.52178957
0.52178957
0.53077668
0.53077668
0.53077668
0.53077668
0.53077668
0.4526954
0.3979258
0.38442034
0.38442034
0.38353346
0.38353346
0.38353346
0.36331432
0.36331432
0.33728686
0.33728686
0.33728686
0.33728686
0.36724603
0.36724603
0.36724603
0.34002872
0.34002872
0.34002872
0.34002872
0.34002872
0.32565984
0.32565984
0.29668325
0.29668325
0.29668325
0.31350432
0.3483494
0.3483494
0.3483494
0.3483494
0.3483494
0.3483494
0.3483494
0.32197876
0.29107144
0.29107144
0.25634095
0.25634095
0.25634095
0.25634095
0.25634095
0.25634095
0.2637352
0.35411989
0.36153683
0.36153683
0.36153683
0.36844111
0.36844111
0.36844111
0.36844111
0.35741792
0.35741792
0.35741792
0.35741792
0.35741792
0.36566121
0.36566121
0.36566121
0.36566121
0.36566121
0.36566121
0.36566121
0.36566121
0.36686202
0.36686202
0.36686202
0.36686202
0.36686202
0.36429798
0.36429798
0.36429798
0.36429798
0.36429798
0.36429798
0.36429798
0.36429798
0.36429798
0.36429798
0.37708411
0.37708411
0.45113684
0.45113684
0.45113684
0.45113684
0.45113684
0.49957754
0.49957754
0.49957754
0.43470778
0.39927858
0.39927858
0.3842273
0.3842273
0.34100037
0.33524923
0.32718321
0.32718321
0.32718321
0.32601288
0.32601288
0.32601288
0.28696618
0.27544986
0.2299598
0.2299598
0.2299598
0.25484981
0.26862608
0.26862608
0.26862608
0.27984478
0.27984478
0.30286316
0.30286316
0.30286316
0.30286316
0.34709602
0.34709602
0.34709602
0.34709602
0.42138154
0.42905989
0.43187454
0.4439122
0.4439122
0.4439122
0.4439122
0.4439122
0.45516391
0.45516391
0.46498611
0.50119
0.50119
0.50119
0.50119
0.47992523
0.47992523
0.47992523
0.62635365
0.62635365
0.62635365
0.62635365
0.62635365
0.61354296
0.60885828
0.57414767
0.57414767
0.57414767
0.57838717
0.58495122
0.60972633
0.60972633
0.64523231
0.64523231
0.64523231
0.64381394
0.64381394
0.64381394
0.64381394
0.64381394
0.64527011
0.64527011
0.64527011
0.64527011
0.64140736
0.64140736
0.64140736
0.64247208
0.64247208
0.64247208
0.63712895
0.63712895
0.63712895
0.63712895
0.63712895
0.6177337
0.60297343
0.60297343
0.5625731
0.5625731
0.5625731
0.58151615
0.60689028
0.61648473
0.61648473
0.69539434
0.69539434
0.69539434
0.69539434
0.69539434
0.69539434
0.6842942
0.65885988
0.65885988
0.63681668
0.63681668
0.62714983
0.62557215
0.59207105
0.59207105
0.59207105
0.59207105
0.59207105
0.59207105
0.58478073
0.58478073
0.58478073
0.58478073
0.58571883
0.58571883
0.6233926
0.6233926
0.6691127
0.67495902
0.67495902
0.67495902
0.67495902
0.67495902
0.68669486
0.68669486
0.68669486
0.68298324
0.68298324
0.68298324
0.68773901
0.68773901
0.68773901
0.68773901
0.68773901
0.68773901
0.68539878
0.68539878
0.66654555
0.65405196
0.65405196
0.64107935
0.64107935
0.64107935
0.64107935
0.64107935
0.64107935
0.64107935
0.64107935
0.64107935
0.64107935
0.64107935
0.64107935
0.64107935
0.66870147
0.70229833
0.70229833
0.70229833
0.67455048
0.67455048
0.67455048
0.67455048
0.67455048
0.69390357
0.69390357
0.73732339
0.73984148
0.73984148
0.73984148
0.73984148
0.73984148
0.75355977
0.75355977
0.75355977
0.75373006
0.75373006
0.75373006
0.74184533
0.74184533
0.74184533
0.74184533
0.74184533
0.74184533
0.74184533
0.74184533
0.74184533
0.74184533
0.74184533
0.7363561
0.73598069
0.73598069
0.73598069
0.73598069
0.73598069
0.73598069
0.73598069
0.73598069
0.73598069
0.78053066
0.78053066
0.78053066
0.75714241
0.73656596
0.71400832
0.69767656
0.69767656
0.67705926
0.6741256
0.6741256
0.64700642
0.64700642
0.64700642
0.64700642
0.64700642
0.64700642
0.64700642
0.62916818
0.62916818
0.62916818
0.62916818
0.65369494
0.65369494
0.65369494
0.6533606
0.6533606
0.6533606
0.6533606
0.6533606
0.64731984
0.64731984
0.64731984
0.64731984
0.64731984
0.64731984
0.64731984
0.64731984
0.64731984
0.64731984
0.64731984
0.64731984
0.64731984
0.66298593
0.66818809
0.66818809
0.70621804
0.70621804
0.70621804
0.63270085
0.63270085
0.63270085
0.63270085
0.63270085
0.63270085
0.61629526
0.61629526
0.61629526
0.58575593
0.57023924
0.57023924
0.57023924
0.57771043
0.57771043
0.57771043
0.57771043
0.58756013
0.58756013
0.58756013
0.56785198
0.56785198
0.56032405
0.56032405
0.53498448
0.53498448
0.53498448
0.53498448
0.53498448
0.53498448
0.52840739
0.52840739
0.52840739
0.50017657
0.50017657
0.50017657
0.50017657
0.50017657
0.50017657
0.50017657
0.53046624
0.53046624
0.53046624
0.53046624
0.53046624
0.53046624
0.5133469
0.50793248
0.50089549
0.50089549
0.50089549
0.50089549
0.50089549
0.50089549
0.52020642
0.52020642
0.52020642
0.49235998
0.49235998
0.49235998
0.49235998
0.49235998
0.54497905
0.54497905
0.54497905
0.54497905
0.54497905
0.54497905
0.54497905
0.54497905
0.45516985
0.41919054
0.34424233
0.34424233
0.31686426
0.2944544
0.2944544
0.2944544
0.2944544
0.2944544
0.2944544
0.2944544
0.46805345
0.46805345
0.46805345
0.44019992
0.44019992
0.44019992
0.44019992
0.44019992
0.47802024
0.4787709
0.4787709
0.4787709
0.47181328
0.42337953
0.42337953
0.42337953
0.40841072
0.40841072
0.40841072
0.45099732
0.45099732
0.47569651
0.47569651
0.47569651
0.46152421
0.46152421
0.46152421
0.46152421
0.48592819
0.48592819
0.48592819
0.49151409
0.49151409
0.50036375
0.50036375
0.50036375
0.50036375
0.50036375
0.50036375
0.49083818
0.47710453
0.47710453
0.47710453
0.49441104
0.49441104
0.50239187
0.50239187
0.50239187
0.50239187
0.50784882
0.50784882
0.50784882
0.50784882
0.50784882
0.50784882
0.50784882
0.50784882
0.50784882
0.50784882
0.50784882
0.48458613
0.45911748
0.43630529
0.43630529
0.43630529
0.43630529
0.43630529
0.43630529
0.43630529
0.45953774
0.52439355
0.54201837
0.54201837
0.54201837
0.50994284
0.50994284
0.50994284
0.49944839
0.48606723
0.48606723
0.48606723
0.5165802
0.5165802
0.51676745
0.52001529
0.52001529
0.52001529
0.52150449
0.52150449
0.52150449
0.52150449
0.53218461
0.55575634
0.57915295
0.59507966
0.59507966
0.59507966
0.59293647
0.59293647
0.59293647
0.59293647
0.59626837
0.59626837
0.59626837
0.59626837
0.59626837
0.59626837
0.5829976
0.56528264
0.56528264
0.53743938
0.53743938
0.53743938
0.53743938
0.5576075
0.5576075
0.5576075
0.56344554
0.64720618
0.64720618
0.66446759
0.6719027
0.6719027
0.6719027
0.65627145
0.65627145
0.65627145
0.65627145
0.63414204
0.63414204
0.61819198
0.61819198
0.61819198
0.61819198
0.61819198
0.61819198
0.61819198
0.59183657
0.56638302
0.5616533
0.5616533
0.5616533
0.52054596
0.52054596
0.52054596
0.50184253
0.50184253
0.50184253
0.52856192
0.52856192
0.52856192
0.52856192
0.52856192
0.52856192
0.52856192
0.52856192
0.57631816
0.57631816
0.57631816
0.57631816
0.57631816
0.5389965
0.5389965
0.5389965
0.59302098
0.59302098
0.59302098
0.5766112
0.5766112
0.5692091
0.5692091
0.5692091
0.55747843
0.55747843
0.55747843
0.55747843
0.55747843
0.55747843
0.55747843
0.56345828
0.56517285
0.56517285
0.56517285
0.57060286
0.57060286
0.57060286
0.52649572
0.52649572
0.52649572
0.52649572
0.52649572
0.54856306
0.54856306
0.56625024
0.56625024
0.56625024
0.56625024
0.56625024
0.56625024
0.48091367
0.48091367
0.48091367
0.48091367
0.54826451
0.54826451
0.54826451
0.54826451
0.54826451
0.53657821
0.52585514
0.51362775
0.51101217
0.51101217
0.51101217
0.51101217
0.51101217
0.55343178
0.55343178
0.55343178
0.55343178
0.55343178
0.55343178
0.55502563
0.55502563
0.56032768
0.56032768
0.56032768
0.56032768
0.56032768
0.56032768
0.56032768
0.56032768
0.56032768
0.52395929
0.52395929
0.52395929
0.52395929
0.52395929
0.50159829
0.50159829
0.50159829
0.5264227
0.54604578
0.54604578
0.54604578
0.5272048
0.51291926
0.51291926
0.51291926
0.51291926
0.51291926
0.54115691
0.54115691
0.54115691
0.54115691
0.54530177
0.58677821
0.58677821
0.58677821
0.58565327
0.58334408
0.55513893
0.55513893
0.55513893
0.55513893
0.63094886
0.63094886
0.63094886
0.575624
0.575624
0.575624
0.575624
0.575624
0.575624
0.575624
0.575624
0.575624
0.575624
0.575624
0.575624
0.56878247
0.56878247
0.56878247
0.56878247
0.54982285
0.54982285
0.51698313
0.51698313
0.51698313
0.55806
0.55806
0.55806
0.51164154
0.51164154
0.47815019
0.47779283
0.4700949
0.4700949
0.4700949
0.4700949
0.4700949
0.4700949
0.48826153
0.48969991
0.48969991
0.48969991
0.52030128
0.55545677
0.55545677
0.55545677
0.41187912
0.41187912
0.41187912
0.41187912
0.40663088
0.40663088
0.36197047
0.36197047
0.36197047
0.36197047
0.36197047
0.36197047
0.36824403
0.37696383
0.37696383
0.39158972
0.39158972
0.39158972
0.39158972
0.39158972
0.39158972
0.39158972
0.39158972
0.39158972
0.39158972
0.39158972
0.39158972
0.39158972
0.38730473
0.38730473
0.32797477
0.32797477
0.32797477
0.35193044
0.35193044
0.35193044
0.38360331
0.38360331
0.38360331
0.38360331
0.39357466
0.39357466
0.39357466
0.36404586
0.34414688
0.34414688
0.34414688
0.34414688
0.34414688
0.34414688
0.36387009
0.36387009
0.38544915
0.38544915
0.38544915
0.38006266
0.37700708
0.29057747
0.29057747
0.29057747
0.29057747
0.29057747
0.28421881
0.28421881
0.26258414
0.26258414
0.26258414
0.28066833
0.30177563
0.31654224
0.31654224
0.31654224
0.31654224
0.31654224
0.31654224
0.27370561
0.27370561
0.27370561
0.3242977
0.32521353
0.32521353
0.32521353
0.31525023
0.31525023
0.31525023
0.31525023
0.31525023
0.36166079
0.36166079
0.36166079
0.3446944
0.3446944
0.3446944
0.31609959
0.31609959
0.31609959
0.31609959
0.31609959
0.29827908
0.29827908
0.29827908
0.29827908
0.31474088
0.31474088
0.31474088
0.31172145
0.31172145
0.2629544
0.2629544
0.2629544
0.2629544
0.2620151
0.2620151
0.2620151
0.19442719
0.19442719
0.19442719
0.19848414
0.2599632
0.2599632
0.2599632
0.2599632
0.2599632
0.2599632
0.2599632
0.2599632
0.27108792
0.27108792
0.27108792
0.27108792
0.27108792
0.27381596
0.28109329
0.28109329
0.28109329
0.29665908
0.33404694
0.33404694
0.33404694
0.36305002
0.36305002
0.36305002
0.36305002
0.36305002
0.36305002
0.36305002
0.36305002
0.36305002
0.36450135
0.36450135
0.36450135
0.36450135
0.36450135
0.36450135
0.36450135
0.34710026
0.34710026
0.34710026
0.35110753
0.35110753
0.41484841
0.41484841
0.41484841
0.41118006
0.41118006
0.41118006
0.4247746
0.43140559
0.449615
0.449615
0.449615
0.40871847
0.40659713
0.40659713
0.40659713
0.42407558
0.42407558
0.42713991
0.44470065
0.46734384
0.46734384
0.46734384
0.46734384
0.46734384
0.44580631
0.44580631
0.44580631
0.4689563
0.4689563
0.4689563
0.48349539
0.48349539
0.51216086
0.54039509
0.54226574
0.54226574
0.54226574
0.54226574
0.54226574
0.57269334
0.61491818
0.61799302
0.61799302
0.61799302
0.61799302
0.61799302
0.61799302
0.61799302
0.61799302
0.61799302
0.61799302
0.61799302
0.61799302
0.61799302
0.63980955
0.6688804
0.6688804
0.6688804
0.6688804
0.6688804
0.6688804
0.6688804
0.6688804
0.6688804
0.69821101
0.69821101
0.69821101
0.69821101
0.69821101
0.67930989
0.67573709
0.65831501
0.65831501
0.64242403
0.64242403
0.64242403
0.64467013
0.68626018
0.68674829
0.68674829
0.70659259
0.73361296
0.73678146
0.73678146
0.73678146
0.73678146
0.73678146
0.73678146
0.73678146
0.73678146
0.73678146
0.73678146
0.73678146
0.73678146
0.73678146
0.73658139
0.73658139
0.71928657
0.71928657
0.71928657
0.71928657
0.71113161
0.71113161
0.71113161
0.6949904
0.6949904
0.6949904
0.66898406
0.66898406
0.66898406
0.63591328
0.61009568
0.61009568
0.61009568
0.61009568
0.61009568
0.60333741
0.60333741
0.60333741
0.60327284
0.55975939
0.55975939
0.55975939
0.55975939
0.58252019
0.58363052
0.58363052
0.58363052
0.58363052
0.58363052
0.58363052
0.56125583
0.53075797
0.53075797
0.53075797
0.56208568
0.56208568
0.56208568
0.53175915
0.53175915
0.53175915
0.52916228
0.52916228
0.52916228
0.54107521
0.55164954
0.55164954
0.55164954
0.55164954
0.55164954
0.55164954
0.55164954
0.55164954
0.54818655
0.54818655
0.54637937
0.54637937
0.54637937
0.51929216
0.51929216
0.51929216
0.51929216
0.51929216
0.51929216
0.49962076
0.49962076
0.49962076
0.49962076
0.49839231
0.49560861
0.43486914
0.43486914
0.43486914
0.46276253
0.46276253
0.46276253
0.46276253
0.46276253
0.46276253
0.46276253
0.50622463
0.50622463
0.517444
0.517444
0.517444
0.51345343
0.45786085
0.45786085
0.45786085
0.45786085
0.45786085
0.45786085
0.43747541
0.43747541
0.43747541
0.43747541
0.37765807
0.37765807
0.37765807
0.4487632
0.4487632
0.4487632
0.43420601
0.43420601
0.4148831
0.4148831
0.4148831
0.4148831
0.4148831
0.41647191
0.49650779
0.51682336
0.51682336
0.55046284
0.55046284
0.55046284
0.51876292
0.51228832
0.46631913
0.46631913
0.46631913
0.46631913
0.46631913
0.46631913
0.46631913
0.45825325
0.43949107
0.43949107
0.43949107
0.45809157
0.45809157
0.45809157
0.45809157
0.45809157
0.45202023
0.45202023
0.45202023
0.47415907
0.477152
0.477152
0.477152
0.477152
0.471211
0.471211
0.471211
0.43955427
0.43955427
0.43955427
0.43955427
0.43955427
0.43955427
0.43955427
0.43955427
0.44222402
0.45972914
0.45972914
0.45972914
0.4835097
0.48388713
0.48388713
0.48388713
0.48388713
0.48388713
0.48388713
0.48388713
0.48388713
0.50998229
0.50998229
0.50998229
0.500955
0.49547395
0.49547395
0.49547395
0.4978345
0.4978345
0.4978345
0.49024292
0.49024292
0.49024292
0.49111916
0.49111916
0.50006853
0.50006853
0.50006853
0.50006853
0.50006853
0.50006853
0.50068399
0.50859787
0.50859787
0.50859787
0.49263737
0.49263737
0.49263737
0.49886285
0.49886285
0.49886285
0.49886285
0.49886285
0.49886285
0.49886285
0.49886285
0.45666304
0.45666304
0.45666304
0.4591977
0.4591977
0.4591977
0.4591977
0.48980773
0.50652912
0.50652912
0.50652912
0.48867453
0.48867453
0.48867453
0.48867453
0.48867453
0.48867453
0.49492008
0.49492008
0.49492008
0.49492008
0.49492008
0.49492008
0.49492008
0.49492008
0.48973556
0.4831063
0.48087091
0.48087091
0.48087091
0.48087091
0.48087091
0.48087091
0.48087091
0.52971192
0.52971192
0.52971192
0.52971192
0.58217344
0.58217344
0.58217344
0.58217344
0.58217344
0.58217344
0.58217344
0.58217344
0.58217344
0.54156226
0.54156226
0.53527591
0.53527591
0.53527591
0.5209821
0.5209821
0.5209821
0.5209821
0.5209821
0.5209821
0.5209821
0.5209821
0.5209821
0.5209821
0.5209821
0.51261868
0.51261868
0.51261868
0.51261868
0.51261868
0.51261868
0.51188407
0.48265447
0.48265447
0.48265447
0.48468471
0.49799684
0.49799684
0.49799684
0.48556709
0.4741006
0.4741006
0.4741006
0.4741006
0.46742341
0.46742341
0.46742341
0.47862
0.47862
0.47862
0.47862
0.47862
0.4897635
0.51411161
0.51411161
0.51411161
0.51411161
0.51411161
0.51411161
0.51411161
0.5051126
0.5047035
0.5047035
0.5047035
0.5047035
0.5047035
0.52213332
0.52357375
0.52357375
0.52886683
0.52886683
0.52886683
0.53897021
0.53897021
0.53897021
0.53897021
0.53897021
0.55270188
0.55689419
0.5574422
0.5574422
0.5574422
0.54057313
0.54057313
0.54057313
0.54057313
0.53928177
0.53928177
0.53928177
0.53928177
0.53928177
0.53928177
0.51459043
0.51459043
0.51459043
0.50139851
0.50139851
0.50139851
0.50864341
0.50864341
0.50864341
0.50720105
0.4917487
0.4917487
0.4917487
0.53189956
0.53189956
0.54798524
0.55199204
0.55199204
0.55199204
0.5300578
0.5300578
0.5300578
0.51092101
0.51092101
0.51092101
0.51092101
0.5037025
0.5037025
0.5037025
0.5037025
0.50267162
0.49906841
0.49906841
0.49906841
0.49906841
0.49677659
0.49677659
0.49677659
0.49677659
0.49677659
0.49677659
0.49677659
0.50108184
0.50108184
0.50108184
0.50108184
0.50108184
0.50108184
0.50087848
0.49050698
0.49050698
0.49050698
0.49050698
0.49050698
0.49050698
0.49050698
0.4952669
0.51825079
0.52585295
0.52585295
0.52585295
0.51917097
0.51917097
0.5052596
0.48832457
0.48832457
0.48832457
0.48832457
0.48840799
0.48840799
0.48840799
0.48840799
0.48840799
0.48881955
0.48881955
0.50201664
0.50201664
0.51918746
0.51918746
0.51918746
0.51918746
0.51081584
0.47554016
0.47554016
0.47554016
0.48176238
0.48176238
0.48176238
0.48176238
0.48911422
0.48911422
0.48911422
0.48911422
0.50975973
0.50975973
0.50975973
0.50975973
0.50975973
0.50975973
0.50642231
0.50642231
0.50642231
0.46060921
0.4504045
0.4504045
0.4504045
0.45826122
0.45826122
0.45826122
0.47655566
0.47655566
0.47655566
0.47655566
0.47655566
0.48894754
0.48894754
0.48894754
0.48894754
0.48894754
0.48894754
0.46283034
0.46247156
0.44882723
0.44545822
0.43818818
0.39296582
0.39296582
0.39296582
0.42720759
0.42720759
0.42720759
0.45632364
0.45632364
0.45632364
0.44963593
0.44963593
0.42766833
0.41503976
0.41503976
0.41503976
0.42501867
0.42501867
0.42501867
0.4313417
0.4313417
0.4313417
0.4313417
0.4313417
0.4313417
0.4313417
0.46700925
0.46700925
0.46700925
0.46700925
0.46700925
0.46700925
0.40244295
0.40244295
0.40244295
0.40244295
0.40244295
0.40244295
0.40244295
0.32428362
0.32428362
0.32428362
0.32428362
0.39986479
0.49430162
0.49430162
0.49430162
0.49430162
0.49430162
0.49430162
0.49430162
0.49430162
0.49430162
0.49430162
0.42247286
0.42247286
0.42247286
0.42247286
0.409773
0.409773
0.409773
0.4197526
0.4197526
0.4197526
0.4197526
0.4197526
0.4197526
0.4090614
0.4090614
0.4090614
0.4090614
0.4090614
0.41940015
0.41940015
0.41940015
0.41940015
0.42557236
0.42557236
0.44499677
0.44499677
0.44809311
0.44809311
0.44809311
0.44809311
0.42776662
0.42776662
0.42776662
0.42776662
0.42776662
0.42776662
0.42776662
0.42776662
0.45823483
0.45823483
0.45823483
0.45823483
0.45823483
0.46157952
0.46157952
0.46157952
0.46157952
0.46157952
0.42754274
0.42754274
0.42754274
0.47735203
0.47735203
0.47735203
0.47735203
0.47735203
0.47735203
0.4892197
0.4892197
0.4892197
0.4892197
0.52715606
0.52715606
0.52715606
0.51601262
0.51601262
0.51601262
0.51601262
0.51601262
0.51130408
0.50848549
0.48257689
0.48257689
0.48257689
0.48257689
0.48257689
0.48257689
0.48257689
0.48257689
0.48257689
0.48257689
0.59075406
0.59075406
0.59075406
0.55996846
0.55996846
0.55996846
0.55996846
0.55996846
0.50831096
0.48988364
0.48353057
0.46996089
0.46996089
0.46996089
0.46996089
0.46996089
0.46996089
0.46996089
0.48135244
0.48231162
0.50576495
0.50576495
0.50576495
0.49374842
0.49374842
0.49374842
0.49374842
0.46561523
0.46273969
0.46273969
0.46273969
0.5001444
0.50178804
0.5153358
0.5153358
0.5153358
0.5153358
0.5153358
0.5153358
0.5153358
0.52262475
0.52262475
0.52262475
0.52262475
0.52262475
0.47958647
0.47958647
0.46514437
0.41518197
0.41061765
0.41061765
0.41061765
0.41520038
0.41520038
0.42678403
0.42678403
0.42678403
0.39949038
0.36541943
0.36541943
0.36541943
0.3892463
0.3892463
0.3892463
0.3892463
0.41503523
0.41503523
0.41503523
0.41503523
0.41503523
0.41503523
0.41503523
0.40336534
0.39826579
0.38958343
0.38958343
0.38958343
0.38958343
0.39928527
0.39928527
0.41554821
0.41554821
0.41554821
0.41554821
0.41554821
0.41554821
0.41554821
0.41434541
0.41041674
0.41041674
0.41041674
0.41041674
0.41041674
0.41041674
0.41620115
0.41620115
0.47015656
0.47015656
0.47015656
0.47015656
0.47015656
0.32701213
0.29883098
0.29883098
0.29883098
0.29883098
0.29883098
0.28325438
0.28325438
0.28325438
0.28325438
0.28325438
0.28325438
0.28325438
0.28325438
0.28149462
0.28149462
0.28149462
0.28149462
0.31367169
0.39536787
0.3969056
0.3969056
0.3969056
0.3734593
0.36123783
0.36123783
0.36123783
0.36303833
0.36303833
0.36303833
0.43097777
0.43097777
0.43097777
0.42550364
0.40837499
0.40837499
0.37187416
0.37187416
0.37187416
0.355246
0.35355979
0.35130495
0.35130495
0.35130495
0.35130495
0.35130495
0.35130495
0.35885355
0.35885355
0.35885355
0.44345418
0.45913856
0.45913856
0.45913856
0.45913856
0.45913856
0.47341156
0.47341156
0.47341156
0.47545138
0.48414269
0.48414269
0.50153076
0.50153076
0.50153076
0.50153076
0.50153076
0.52113536
0.53252617
0.53252617
0.53252617
0.52174692
0.38161112
0.38161112
0.35381701
0.35381701
0.35381701
0.39398992
0.39398992
0.39398992
0.44766661
0.44766661
0.45665181
0.45665181
0.46853874
0.46853874
0.46853874
0.46853874
0.48968055
0.48968055
0.52383331
0.52383331
0.52383331
0.52383331
0.51179373
0.50177492
0.50177492
0.49784032
0.49784032
0.49784032
0.4532397
0.43981136
0.43981136
0.43071916
0.43071916
0.43071916
0.43071916
0.43071916
0.43071916
0.43071916
0.43071916
0.43071916
0.43071916
0.44403764
0.44403764
0.44403764
0.44403764
0.42733798
0.42350546
0.42350546
0.37692374
0.37692374
0.37692374
0.4106145
0.4106145
0.4106145
0.3919889
0.3919889
0.3919889
0.42795359
0.42795359
0.42795359
0.40090082
0.30694441
0.30694441
0.30694441
0.30694441
0.30694441
0.30694441
0.33592851
0.33592851
0.37045166
0.37045166
0.37045166
0.35836294
0.35836294
0.35836294
0.33793609
0.33049899
0.33049899
0.32501144
0.3005948
0.3005948
0.3005948
0.32424218
0.32424218
0.32424218
0.31888641
0.31888641
0.31888641
0.34634915
0.34634915
0.34634915
0.31815306
0.31815306
0.31815306
0.3060304
0.25403543
0.25403543
0.25403543
0.25403543
0.24079568
0.24079568
0.24079568
0.28586929
0.28586929
0.30119509
0.30119509
0.30119509
0.30119509
0.29572116
0.23194544
0.23194544
0.23194544
0.23194544
0.23194544
0.24983982
0.27072274
0.27072274
0.2869738
0.30456296
0.30456296
0.30456296
0.30456296
0.30456296
0.30456296
0.25643237
0.25643237
0.25643237
0.25643237
0.27450417
0.28503962
0.31973456
0.3304566
0.3304566
0.3304566
0.35578145
0.35578145
0.35578145
0.31327149
0.31327149
0.31327149
0.31327149
0.31327149
0.31327149
0.31327149
0.31172021
0.31172021
0.30906971
0.30906971
0.30906971
0.30906971
0.30906971
0.30906971
0.30906971
0.30906971
0.30906971
0.30906971
0.28443946
0.28443946
0.28443946
0.30499672
0.30499672
0.30499672
0.2777016
0.27378841
0.27378841
0.27378841
0.27451069
0.27451069
0.27451069
0.27451069
0.27451069
0.27451069
0.27451069
0.27451069
0.27451069
0.27451069
0.27451069
0.27451069
0.28891228
0.3342852
0.3342852
0.35369775
0.35369775
0.35369775
0.32626541
0.32626541
0.29232445
0.29232445
0.28389575
0.28389575
0.28389575
0.28642852
0.28642852
0.28642852
0.28642852
0.28642852
0.30728605
0.30728605
0.30728605
0.30728605
0.30728605
0.30728605
0.30728605
0.30728605
0.30728605
0.31788956
0.31788956
0.31788956
0.31788956
0.32302928
0.32302928
0.32302928
0.31774632
0.31774632
0.31774632
0.31774632
0.28597329
0.27026561
0.27026561
0.27026561
0.27026561
0.27026561
0.27026561
0.25641149
0.25641149
0.25641149
0.25641149
0.25641149
0.25712791
0.2745917
0.2745917
0.2745917
