0.38608221
0.40595329
0.405697
0.405697
0.405697
0.405697
0.405697
0.405697
0.405697
0.41831996
0.41831996
0.41831996
0.41831996
0.41770988
0.41770988
0.41770988
0.43140536
0.43463118
0.43463118
0.43463118
0.43463118
0.42618206
0.42618206
0.42494204
0.4209929
0.4209929
0.4209929
0.4209929
0.40709721
0.39938648
0.39938648
0.39938648
0.41332493
0.42499879
0.43300671
0.43300671
0.43300671
0.41400255
0.41400255
0.41400255
0.41652679
0.41652679
0.41652679
0.41652679
0.41652679
0.4087594
0.39747237
0.39006409
0.39006409
0.39006409
0.39242043
0.40498443
0.40838479
0.40838479
0.40838479
0.397953
0.397953
0.38472496
0.37652424
0.36180908
0.36180908
0.36180908
0.35819473
0.35337486
0.35337486
0.35337486
0.35337486
0.35337486
0.34380115
0.34380115
0.34380115
0.35792936
0.36236379
0.36524099
0.36556259
0.3675454
0.37142557
0.37142557
0.37142557
0.35662063
0.35253431
0.35253431
0.34931616
0.34931616
0.34931616
0.34931616
0.34931616
0.34931616
0.34931616
0.36087575
0.36087575
0.36087575
0.35737749
0.35737749
0.35737749
0.35106297
0.35003905
0.35003905
0.35003905
0.35826131
0.35985717
0.35985717
0.37735394
0.37735394
0.38760959
0.38760959
0.38760959
0.38494142
0.38494142
0.38468047
0.38468047
0.38468047
0.38468047
0.38275218
0.36551307
0.36295517
0.36295517
0.3456069
0.3456069
0.3456069
0.38276301
0.38276301
0.38276301
0.384807
0.384807
0.3916746
0.3916746
0.3916746
0.3916746
0.3916746
0.3916746
0.38595053
0.38595053
0.37536678
0.37536678
0.37536678
0.37152086
0.37152086
0.37152086
0.37152086
0.37152086
0.37152086
0.37152086
0.37152086
0.37152086
0.35335264
0.35335264
0.35335264
0.35335264
0.35335264
0.35335264
0.35335264
0.35335264
0.35335264
0.35335264
0.35335264
0.35335264
0.3505297
0.3505297
0.3505297
0.35346978
0.36052277
0.36052277
0.36052277
0.36052277
0.35903341
0.35903341
0.35903341
0.37432733
0.37432733
0.37432733
0.37432733
0.37590061
0.37590061
0.37590061
0.37590061
0.37590061
0.37590061
0.36384356
0.3438723
0.32979039
0.32979039
0.32979039
0.33087072
0.33087072
0.33087072
0.33202698
0.33202698
0.33202698
0.35074893
0.35074893
0.35074893
0.35655217
0.36945403
0.37354891
0.37546095
0.37845381
0.37845381
0.37845381
0.37845381
0.3815541
0.3815541
0.3881566
0.3881566
0.3881566
0.37275375
0.36953445
0.36498646
0.35839764
0.35839764
0.35839764
0.35434285
0.35434285
0.35434285
0.35434285
0.35434285
0.34989833
0.34989833
0.34989833
0.34989833
0.3514714
0.35468911
0.36641322
0.38500152
0.38500152
0.38500152
0.38500152
0.38500152
0.38869385
0.38869385
0.38869385
0.35409134
0.35409134
0.35409134
0.34146997
0.33792226
0.32980671
0.28707903
0.28707903
0.28707903
0.3375552
0.35201989
0.39071388
0.41115005
0.41115005
0.41115005
0.34764424
0.34764424
0.34764424
0.38259217
0.38259217
0.38259217
0.38259217
0.33386808
0.33386808
0.33386808
0.37226135
0.3872781
0.3872781
0.3872781
0.39285478
0.39447994
0.39447994
0.39447994
0.39447994
0.39447994
0.425747
0.49315423
0.49315423
0.49315423
0.49865766
0.50443745
0.50443745
0.50443745
0.50443745
0.52812191
0.52812191
0.52812191
0.52474198
0.52474198
0.52474198
0.52474198
0.52474198
0.48363597
0.46180412
0.46180412
0.46142531
0.42784187
0.42784187
0.42784187
0.42784187
0.42784187
0.42784187
0.42784187
0.42784187
0.42784187
0.42784187
0.42784187
0.42784187
0.42476971
0.39971355
0.39971355
0.39971355
0.4232368
0.42498086
0.42498086
0.42498086
0.42498086
0.42498086
0.5187367
0.5187367
0.52649412
0.52649412
0.52649412
0.51961556
0.51961556
0.51624958
0.51624958
0.48340242
0.47941207
0.47941207
0.47119946
0.47119946
0.47119946
0.47119946
0.42206328
0.42021116
0.11661916
0.11661916
0.06282128
0.06282128
0.06282128
0.23263386
0.29381761
0.29381761
0.29381761
0.28466584
0.28466584
0.28466584
0.28938014
0.36260296
0.36609601
0.36609601
0.36609601
0.36191591
0.36191591
0.32710517
0.32710517
0.27409327
0.27409327
0.27409327
0.27409327
0.29720347
0.29720347
0.33868241
0.33868241
0.36609674
0.38719512
0.48934672
0.48934672
0.48934672
0.49001458
0.49001458
0.49001458
0.49001458
0.49001458
0.49001458
0.49001458
0.49001458
0.45633672
0.45633672
0.45633672
0.45633672
0.51533552
0.51533552
0.51533552
0.51533552
0.51533552
0.51533552
0.46428299
0.46428299
0.46428299
0.46428299
0.47309287
0.56005015
0.56870834
0.57585763
0.57585763
0.57585763
0.57585763
0.57585763
0.56957765
0.56485498
0.49563663
0.49563663
0.49563663
0.49563663
0.49563663
0.49563663
0.49563663
0.49563663
0.49563663
0.49563663
0.65376004
0.69625612
0.70095407
0.70095407
0.70095407
0.58489062
0.58489062
0.5094781
0.5094781
0.5094781
0.5094781
0.54055185
0.56979429
0.56979429
0.64163262
0.64163262
0.64163262
0.64163262
0.64163262
0.64163262
0.64163262
0.64163262
0.60338184
0.60338184
0.60338184
0.60338184
0.58225935
0.5416163
0.53515835
0.53515835
0.51028805
0.47836274
0.47836274
0.47762053
0.47762053
0.47762053
0.47762053
0.47762053
0.47762053
0.53811239
0.53811239
0.53811239
0.49548511
0.48862302
0.48862302
0.48862302
0.52182158
0.52182158
0.52182158
0.52182158
0.52182158
0.53653979
0.55323374
0.55323374
0.55323374
0.55323374
0.55323374
0.55323374
0.55323374
0.55323374
0.43472019
0.35197631
0.35197631
0.35197631
0.44666326
0.44666326
0.44869556
0.44869556
0.44869556
0.36527319
0.36527319
0.36527319
0.418174
0.418174
0.418174
0.418174
0.38795466
0.31907435
0.31907435
0.31907435
0.31907435
0.34550028
0.34550028
0.40024683
0.53671475
0.53671475
0.53671475
0.53671475
0.53671475
0.53671475
0.5171129
0.5171129
0.50655031
0.50655031
0.50655031
0.50655031
0.44678974
0.44678974
0.44678974
0.44678974
0.44678974
0.44678974
0.46616509
0.46616509
0.46616509
0.46616509
0.46616509
0.39718659
0.39718659
0.39718659
0.39718659
0.39718659
0.38508929
0.3576075
0.33135839
0.33135839
0.33135839
0.33135839
0.33135839
0.33135839
0.33135839
0.33135839
0.33135839
0.33135839
0.33135839
0.33135839
0.33135839
0.33135839
0.33135839
0.33135839
0.33135839
0.33135839
0.29372286
0.29372286
0.29372286
0.29372286
0.28485106
0.28485106
0.28485106
0.28485106
0.28485106
0.28485106
0.2666502
0.2666502
0.2666502
0.2666502
0.40878544
0.40878544
0.40878544
0.40878544
0.44804944
0.46647288
0.46647288
0.46647288
0.46647288
0.46647288
0.33270133
0.33270133
0.33270133
0.33270133
0.23546835
0.23546835
0.23546835
0.23546835
0.30502649
0.30502649
0.30502649
0.30502649
0.30502649
0.3344026
0.39787856
0.39787856
0.39787856
0.39787856
0.39787856
0.39787856
0.49511879
0.49511879
0.49511879
0.43003271
0.40311283
0.40311283
0.342429
0.342429
0.342429
0.342429
0.342429
0.46874411
0.48732257
0.48732257
0.48732257
0.48732257
0.54297552
0.54297552
0.54297552
0.4466234
0.4466234
0.4466234
0.4466234
0.4466234
0.4466234
0.4466234
0.4466234
0.4466234
0.4466234
0.4466234
0.50480703
0.50480703
0.50480703
0.50480703
0.50480703
0.50480703
0.44147786
0.44147786
0.44147786
0.34808744
0.34808744
0.34808744
0.34808744
0.41345552
0.41345552
0.45643316
0.45643316
0.45643316
0.45643316
0.44383396
0.39064463
0.39064463
0.38472456
0.33561891
0.33561891
0.33561891
0.34379529
0.34621685
0.34621685
0.34621685
0.23926193
0.23926193
0.23926193
0.25480265
0.27984428
0.38794428
0.38794428
0.38794428
0.38794428
0.38794428
0.38794428
0.35003182
0.35003182
0.35003182
0.35003182
0.30933755
0.30933755
0.30933755
0.22780469
0.22204335
0.22204335
0.22204335
0.22204335
0.22204335
0.22204335
0.22204335
0.22204335
0.22204335
0.22204335
0.22204335
0.27259054
0.27259054
0.27259054
0.27259054
0.27259054
0.3136691
0.34370572
0.37676931
0.37676931
0.37676931
0.37676931
0.37676931
0.37676931
0.26401561
0.26401561
0.26401561
0.48749941
0.48749941
0.48749941
0.48749941
0.48749941
0.39479486
0.39479486
0.39479486
0.52204602
0.52204602
0.52204602
0.52204602
0.50988007
0.48681453
0.48681453
0.47240342
0.43739113
0.43739113
0.43739113
0.45800747
0.49173588
0.49173588
0.53032827
0.53032827
0.53032827
0.48099633
0.48099633
0.48099633
0.48099633
0.48099633
0.48099633
0.48099633
0.48099633
0.48099633
0.48099633
0.48099633
0.48099633
0.48099633
0.48099633
0.39214324
0.36825694
0.36825694
0.36825694
0.41400675
0.41400675
0.41759299
0.41759299
0.41759299
0.41759299
0.42415368
0.45582305
0.45582305
0.45582305
0.45582305
0.46955831
0.49004697
0.49004697
0.49004697
0.35715399
0.32774854
0.32774854
0.32774854
0.44017252
0.44017252
0.44828053
0.44828053
0.46585579
0.46585579
0.46585579
0.4564023
0.31632847
0.31202122
0.29440632
0.28165641
0.28165641
0.28165641
0.30011288
0.30011288
0.30011288
0.30011288
0.30011288
0.30011288
0.30011288
0.27253066
0.27253066
0.27253066
0.28691769
0.28691769
0.28691769
0.34509595
0.34509595
0.37369356
0.37369356
0.37369356
0.3246822
0.3246822
0.3246822
0.3246822
0.32822284
0.32822284
0.32822284
0.35011424
0.35011424
0.35011424
0.41648928
0.49384966
0.4973855
0.4973855
0.4973855
0.47001902
0.47001902
0.43603914
0.43603914
0.43603914
0.43603914
0.43603914
0.47011733
0.47011733
0.47011733
0.47011733
0.47011733
0.46382936
0.46382936
0.46382936
0.46382936
0.49009579
0.5263756
0.53519467
0.53519467
0.53519467
0.51587136
0.50953119
0.50953119
0.50953119
0.50953119
0.50597441
0.50597441
0.50597441
0.50597441
0.50597441
0.50382831
0.50382831
0.50382831
0.4704508
0.4704508
0.4704508
0.51717814
0.51717814
0.51717814
0.51717814
0.51717814
0.46617767
0.46617767
0.46457549
0.46457549
0.46457549
0.49048642
0.49048642
0.49048642
0.49048642
0.49048642
0.49048642
0.49048642
0.49048642
0.49048642
0.49048642
0.44423944
0.44423944
0.44423944
0.44423944
0.44423944
0.44423944
0.44423944
0.44423944
0.44423944
0.44423944
0.44423944
0.44423944
0.44423944
0.44423944
0.35420999
0.30915685
0.30915685
0.30915685
0.39787544
0.4914287
0.4914287
0.4914287
0.47424886
0.46293886
0.4581009
0.4581009
0.4581009
0.4581009
0.4581009
0.4581009
0.4581009
0.4581009
0.4581009
0.4581009
0.39278765
0.39278765
0.39278765
0.40254268
0.41129542
0.4172336
0.43357191
0.43357191
0.43357191
0.43357191
0.43357191
0.43357191
0.43357191
0.43357191
0.43357191
0.43357191
0.43357191
0.43357191
0.36812368
0.30055458
0.27806259
0.27806259
0.27806259
0.27806259
0.27806259
0.27806259
0.30125525
0.3015116
0.35422007
0.39231445
0.41194145
0.41194145
0.41194145
0.41189854
0.41189854
0.41189854
0.41189854
0.41189854
0.38559067
0.38559067
0.38559067
0.38559067
0.38559067
0.35124914
0.35124914
0.35124914
0.35255979
0.35255979
0.35255979
0.27461073
0.23959679
0.23959679
0.23959679
0.28650185
0.28650185
0.32900942
0.32900942
0.32900942
0.27233245
0.27233245
0.27233245
0.27920497
0.27920497
0.27920497
0.27920497
0.27920497
0.27920497
0.27920497
0.27920497
0.31589269
0.34404082
0.3717403
0.3717403
0.3717403
0.3717403
0.47874325
0.47874325
0.47874325
0.47874325
0.47874325
0.47874325
0.47874325
0.47874325
0.47874325
0.47874325
0.47874325
0.46786568
0.43659487
0.43659487
0.42630346
0.42630346
0.37484071
0.36915122
0.35458006
0.35458006
0.35458006
0.37575528
0.37575528
0.39679967
0.42439679
0.46624263
0.46624263
0.46624263
0.4136794
0.4136794
0.4136794
0.45958367
0.46798568
0.46798568
0.46798568
0.49762308
0.49819043
0.49819043
0.49819043
0.49819043
0.50261818
0.50261818
0.50261818
0.50261818
0.50261818
0.50261818
0.50261818
0.50261818
0.45204006
0.45204006
0.37087379
0.33582706
0.33582706
0.33582706
0.44559079
0.44559079
0.44559079
0.44559079
0.44559079
0.44559079
0.44559079
0.44559079
0.44559079
0.49242915
0.49242915
0.49242915
0.52495191
0.52495191
0.52495191
0.44409387
0.39558516
0.39558516
0.39558516
0.4645902
0.4645902
0.4645902
0.42014825
0.42014825
0.42014825
0.42014825
0.43535846
0.43535846
0.43535846
0.43535846
0.43535846
0.43535846
0.43535846
0.43535846
0.39012465
0.39012465
0.39012465
0.39012465
0.39012465
0.39012465
0.43375515
0.43375515
0.43375515
0.43375515
0.49606272
0.49606272
0.49606272
0.49606272
0.49606272
0.49606272
0.45104208
0.35461703
0.35461703
0.35461703
0.42542946
0.42542946
0.61220218
0.61220218
0.61220218
0.61220218
0.61220218
0.61220218
0.5086979
0.5086979
0.5086979
0.5086979
0.5086979
0.45873761
0.44382927
0.44382927
0.44382927
0.44382927
0.42382617
0.42382617
0.42382617
0.42382617
0.42382617
0.42382617
0.42382617
0.36022744
0.36022744
0.36022744
0.36022744
0.36022744
0.36022744
0.36022744
0.36022744
0.28909782
0.28909782
0.28909782
0.28909782
0.28909782
0.45722479
0.45722479
0.45722479
0.45722479
0.52461634
0.52461634
0.52461634
0.52461634
0.52461634
0.44283201
0.44283201
0.44283201
0.49521613
0.49521613
0.55233676
0.59353776
0.59353776
0.59353776
0.59353776
0.59353776
0.59353776
0.59353776
0.59353776
0.59353776
0.59353776
0.51332984
0.51332984
0.51332984
0.47261125
0.47261125
0.47261125
0.47261125
0.47261125
0.47261125
0.49077014
0.49077014
0.49077014
0.48307058
0.48307058
0.48307058
0.48307058
0.48307058
0.48307058
0.48307058
0.43214278
0.43214278
0.43214278
0.43214278
0.43214278
0.35540277
0.35540277
0.35540277
0.35540277
0.35540277
0.35540277
0.40635227
0.40635227
0.40635227
0.40635227
0.47413469
0.47413469
0.47413469
0.47413469
0.47413469
0.47413469
0.47413469
0.47413469
0.47413469
0.47413469
0.47413469
0.49374642
0.49374642
0.49374642
0.49374642
0.44460155
0.44460155
0.43634111
0.42281048
0.42281048
0.42281048
0.43746254
0.43746254
0.43746254
0.43746254
0.48996998
0.48996998
0.48996998
0.48996998
0.48996998
0.48996998
0.50381385
0.50381385
0.50381385
0.49815277
0.47558864
0.47558864
0.47558864
0.5674427
0.5674427
0.5674427
0.62829718
0.62829718
0.62829718
0.60453236
0.60453236
0.60453236
0.60453236
0.60453236
0.60453236
0.60453236
0.60267182
0.55294858
0.55294858
0.55294858
0.61526475
0.61526475
0.61526475
0.61526475
0.61526475
0.61526475
0.61526475
0.61526475
0.61526475
0.56716967
0.56341346
0.56341346
0.56341346
0.56341346
0.56341346
0.56341346
0.4996008
0.4996008
0.4996008
0.56960643
0.56960643
0.56960643
0.56960643
0.56960643
0.56960643
0.56960643
0.56960643
0.58207226
0.5934571
0.60395523
0.60395523
0.63665594
0.63665594
0.63665594
0.62103923
0.62103923
0.62103923
0.69316219
0.69316219
0.69316219
0.68995484
0.68995484
0.68995484
0.68995484
0.68995484
0.68995484
0.68995484
0.65922453
0.65922453
0.65922453
0.65922453
0.62969572
0.62969572
0.62969572
0.65051679
0.65051679
0.65051679
0.72900086
0.72900086
0.72900086
0.72900086
0.77583224
0.77583224
0.77583224
0.74203381
0.74203381
0.74203381
0.74203381
0.74203381
0.74203381
0.74203381
0.74203381
0.70313016
0.69777598
0.67702946
0.67702946
0.67702946
0.67702946
0.67702946
0.67702946
0.67702946
0.67702946
0.73948931
0.73948931
0.73948931
0.73948931
0.73948931
0.71062361
0.71062361
0.66643016
0.66643016
0.66643016
0.68976265
0.68976265
0.73361567
0.73361567
0.73361567
0.73361567
0.73361567
0.73361567
0.73361567
0.73361567
0.73361567
0.73361567
0.73361567
0.73361567
0.73361567
0.73361567
0.73361567
0.73361567
0.73361567
0.73361567
0.66717149
0.66717149
0.66717149
0.66717149
0.69666705
0.69666705
0.69666705
0.69666705
0.69666705
0.69666705
0.69434706
0.69434706
0.53421127
0.33555803
0.33555803
0.33555803
0.33555803
0.42262208
0.42262208
0.44365056
0.44365056
0.44365056
0.59581548
0.59581548
0.59581548
0.60512711
0.60512711
0.60512711
0.58392561
0.58392561
0.58392561
0.58392561
0.58392561
0.61151082
0.6153783
0.71703227
0.71703227
0.72052527
0.72052527
0.72052527
0.72052527
0.72052527
0.72052527
0.72052527
0.72052527
0.67344391
0.67344391
0.67344391
0.77089377
0.8281587
0.8281587
0.8281587
0.8080314
0.73432675
0.72580212
0.71137639
0.71137639
0.71137639
0.7109413
0.7109413
0.7109413
0.7109413
0.7109413
0.7109413
0.66063141
0.66057494
0.66057494
0.65942418
0.58287703
0.58287703
0.57175047
0.57175047
0.57175047
0.57175047
0.57175047
0.51860009
0.51860009
0.51860009
0.51860009
0.51860009
0.51860009
0.51860009
0.53257882
0.64090875
0.70900062
0.70900062
0.70900062
0.70900062
0.77081444
0.77081444
0.77094423
0.77094423
0.77094423
0.77094423
0.76949213
0.76949213
0.76949213
0.74046385
0.74046385
0.74046385
0.74046385
0.74046385
0.74046385
0.83483904
0.8597903
0.88571393
0.88571393
0.88571393
0.88571393
0.88571393
0.88571393
0.88571393
0.84375518
0.84375518
0.84375518
0.79536664
0.79536664
0.79536664
0.81313973
0.81313973
0.81313973
0.81313973
0.81313973
0.81313973
0.81313973
0.7870582
0.7870582
0.7870582
0.78810421
0.78810421
0.78810421
0.78810421
0.78810421
0.78810421
0.78810421
0.83867663
0.83867663
0.83867663
0.73541838
0.73541838
0.73541838
0.74353989
0.74353989
0.74353989
0.74353989
0.74353989
0.74353989
0.71492893
0.71492893
0.71492893
0.71492893
0.71492893
0.71492893
0.71492893
0.73761558
0.73761558
0.73761558
0.73761558
0.73761558
0.73761558
0.74060844
0.74060844
0.74060844
0.74060844
0.74060844
0.74060844
0.74060844
0.77313752
0.77313752
0.77313752
0.77313752
0.77313752
0.77313752
0.77313752
0.77313752
0.74846148
0.74846148
0.74846148
0.74846148
0.70186277
0.70186277
0.70186277
0.70186277
0.70186277
0.70186277
0.70186277
0.70186277
0.67317962
0.67317962
0.67317962
0.67317962
0.67317962
0.67317962
0.67317962
0.67317962
0.63202568
0.63202568
0.60946892
0.60946892
0.60946892
0.60946892
0.60946892
0.60946892
0.60946892
0.64975174
0.64975174
0.64975174
0.6241347
0.6241347
0.6241347
0.6241347
0.6241347
0.6241347
0.6241347
0.6241347
0.6241347
0.6241347
0.63568532
0.63568532
0.72010993
0.72010993
0.72010993
0.72010993
0.72010993
0.72010993
0.72010993
0.72010993
0.72336253
0.72336253
0.76470309
0.76470309
0.77378769
0.77378769
0.77378769
0.76816433
0.76816433
0.76816433
0.81243111
0.81243111
0.81243111
0.80088931
0.80088931
0.80088931
0.81201915
0.81201915
0.81201915
0.81201915
0.81201915
0.81201915
0.81201915
0.81201915
0.81201915
0.83707935
0.83707935
0.83707935
0.80722277
0.80722277
0.80722277
0.80722277
0.80722277
0.80722277
0.80722277
0.80722277
0.80722277
0.80722277
0.80722277
0.80722277
0.80722277
0.80722277
0.77912872
