0.52508813
0.55389796
0.55389796
0.56447718
0.56487139
0.5778247
0.60574293
0.60574293
0.61722033
0.61722033
0.61722033
0.61722033
0.61722033
0.61722033
0.61145216
0.58207794
0.54617959
0.54617959
0.54617959
0.54617959
0.54617959
0.56277612
0.56277612
0.56277612
0.56277612
0.56277612
0.56277612
0.56277612
0.56277612
0.56277612
0.57123145
0.57123145
0.60864347
0.60864347
0.60864347
0.59654127
0.57067483
0.57067483
0.57067483
0.61740452
0.61740452
0.61740452
0.61740452
0.61740452
0.61740452
0.61740452
0.59369932
0.59369932
0.57622239
0.57081634
0.57081634
0.57081634
0.57081634
0.57081634
0.57081634
0.58823126
0.58823126
0.58823126
0.63019329
0.63019329
0.63019329
0.63019329
0.63019329
0.63019329
0.61291258
0.61291258
0.61291258
0.60124724
0.60124724
0.56762743
0.56762743
0.52344621
0.52344621
0.52344621
0.52344621
0.52344621
0.52344621
0.52344621
0.52344621
0.52344621
0.49435931
0.46324724
0.46324724
0.46324724
0.46324724
0.46324724
0.46324724
0.39131963
0.39131963
0.39131963
0.40338258
0.40338258
0.40338258
0.40338258
0.42112795
0.42112795
0.42112795
0.40445139
0.40445139
0.40445139
0.40445139
0.40445139
0.40445139
0.43159587
0.43159587
0.43159587
0.40864027
0.40864027
0.40864027
0.40864027
0.38346699
0.34424926
0.34424926
0.29804207
0.29804207
0.29804207
0.29804207
0.29706514
0.29706514
0.29706514
0.37422329
0.37422329
0.37422329
0.35961536
0.35961536
0.35961536
0.40179692
0.40179692
0.40179692
0.35617438
0.33485874
0.33485874
0.33485874
0.35838184
0.35838184
0.35838184
0.30605564
0.27664323
0.27664323
0.27664323
0.27664323
0.32690657
0.32690657
0.36684951
0.38414696
0.38414696
0.38414696
0.40929003
0.40929003
0.40929003
0.39944749
0.39944749
0.28997618
0.28997618
0.28997618
0.33595477
0.35838129
0.35838129
0.35838129
0.30524938
0.30524938
0.30524938
0.30524938
0.30524938
0.30524938
0.30524938
0.27799383
0.27799383
0.27799383
0.28082699
0.28082699
0.28082699
0.28082699
0.28082699
0.28082699
0.28082699
0.28082699
0.31138981
0.31138981
0.31138981
0.31642776
0.31642776
0.31642776
0.29162457
0.26614497
0.26614497
0.26129322
0.26129322
0.26129322
0.26129322
0.26612757
0.26612757
0.26612757
0.26612757
0.26612757
0.26612757
0.25763665
0.25763665
0.25763665
0.34735609
0.35035979
0.35035979
0.35287089
0.35287089
0.37035488
0.37035488
0.37035488
0.36761346
0.36761346
0.34843733
0.28988553
0.28988553
0.28988553
0.33361308
0.33910247
0.33910247
0.33910247
0.34754132
0.34754132
0.34754132
0.34754132
0.34206475
0.34206475
0.34206475
0.34206475
0.36173818
0.36173818
0.36173818
0.35357327
0.35357327
0.35357327
0.35357327
0.37163312
0.37163312
0.37163312
0.32221654
0.32221654
0.32221654
0.32221654
0.32221654
0.26446834
0.26446834
0.26446834
0.26446834
0.23098663
0.23098663
0.23098663
0.23098663
0.22835093
0.22835093
0.22835093
0.22835093
0.22835093
0.21973338
0.19326352
0.19326352
0.19326352
0.19326352
0.18123759
0.15422673
0.15422673
0.15422673
0.15422673
0.15422673
0.15422673
0.16927105
0.16927105
0.16927105
0.16927105
0.18505883
0.19225883
0.19225883
0.19225883
0.19225883
0.18422458
0.18422458
0.18422458
0.20050944
0.21122484
0.24655593
0.24655593
0.24655593
0.22450676
0.22450676
0.22450676
0.22450676
0.22450676
0.21142422
0.20176423
0.1697845
0.16352394
0.16352394
0.15593125
0.13029858
0.02299291
0.02299291
0.02299291
0.02299291
0.02299291
0.02299291
0.06912994
0.06912994
0.11517916
0.11517916
0.15880389
0.16487549
0.16487549
0.17201498
0.17201498
0.17201498
0.17201498
0.17201498
0.17201498
0.19610863
0.21220067
0.21220067
0.21220067
0.21220067
0.21220067
0.21220067
0.21220067
0.21722305
0.23060693
0.23060693
0.23060693
0.23060693
0.23060693
0.23060693
0.19979636
0.19660596
0.17980928
0.16979167
0.16979167
0.16979167
0.17177839
0.17177839
0.17177839
0.17177839
0.20346297
0.20346297
0.20346297
0.20346297
0.20346297
0.18056131
0.18056131
0.18056131
0.10266864
0.09839502
0.09839502
0.09839502
0.15081836
0.15081836
0.15081836
0.15081836
0.17057328
0.17057328
0.17057328
0.17057328
0.17057328
0.15151395
0.14566372
0.14566372
0.14566372
0.14606812
0.14606812
0.14606812
0.14606812
0.14606812
0.14606812
0.14606812
0.14606812
0.14606812
0.14606812
0.14606812
0.16715438
0.16715438
0.16715438
0.12712886
0.09538329
0.09538329
0.09538329
0.12788553
0.15088405
0.21359115
0.21359115
0.21359115
0.21359115
0.21359115
0.17191864
0.17191864
0.17191864
0.18161016
0.18161016
0.18161016
0.18161016
0.2295535
0.23403136
0.28661999
0.30542017
0.30542017
0.30542017
0.26062124
0.2577286
0.2577286
0.2577286
0.2577286
0.30352659
0.30352659
0.30352659
0.30352659
0.32454812
0.32454812
0.32454812
0.32454812
0.32454812
0.32454812
0.33228959
0.33228959
0.33228959
0.31358875
0.31358875
0.31358875
0.31358875
0.31358875
0.31358875
0.31358875
0.31928675
0.31928675
0.32309362
0.32309362
0.33124118
0.33919209
0.33919209
0.33919209
0.32848673
0.32848673
0.32848673
0.32848673
0.32848673
0.32848673
0.32848673
0.30771259
0.30771259
0.27187027
0.27187027
0.21640421
0.21640421
0.21640421
0.21640421
0.21640421
0.21640421
0.28579659
0.32023282
0.32023282
0.32838397
0.37976549
0.37976549
0.37976549
0.3592557
0.27848203
0.27848203
0.27848203
0.21699378
0.20380941
0.20380941
0.20380941
0.27590229
0.28623487
0.28635932
0.28635932
0.28635932
0.28635932
0.28635932
0.25191234
0.25191234
0.25191234
0.24163798
0.24163798
0.24163798
0.24163798
0.24163798
0.24163798
0.24163798
0.24163798
0.25994339
0.25994339
0.25994339
0.24033947
0.21826549
0.20480596
0.20480596
0.20480596
0.20057287
0.20057287
0.1728929
0.1728929
0.1728929
0.1728929
0.1728929
0.17996159
0.17996159
0.17996159
0.17241137
0.10522684
0.07809015
0.07809015
0.07809015
0.11419225
0.11419225
0.11419225
0.20176671
0.20176671
0.20176671
0.20062849
0.20062849
0.20062849
0.20062849
0.26880749
0.26880749
0.26880749
0.23574191
0.23574191
0.23574191
0.23574191
0.23574191
0.21127716
0.21127716
0.21127716
0.21127716
0.26336787
0.26524118
0.26524118
0.31808581
0.31808581
0.31808581
0.27506773
0.27506773
0.27506773
0.27506773
0.27506773
0.27506773
0.27506773
0.27685274
0.28256957
0.28256957
0.28256957
0.27779525
0.27779525
0.27779525
0.29393394
0.29393394
0.34716287
0.34716287
0.34716287
0.34716287
0.34716287
0.37740208
0.37740208
0.37740208
0.37740208
0.35871981
0.35871981
0.35871981
0.33862338
0.33862338
0.30401638
0.28512031
0.25025486
0.1828486
0.1828486
0.1828486
0.17848162
0.16252794
0.16252794
0.16252794
0.16252794
0.16856739
0.16856739
0.16856739
0.16856739
0.16856739
0.16856739
0.16856739
0.15793437
0.15793437
0.15793437
0.15793437
0.06676308
0.06676308
0.06676308
0.06676308
0.06676308
0.06676308
0.16629042
0.23962808
0.30411015
0.31167359
0.31167359
0.31167359
0.31167359
0.33710218
0.33710218
0.33710218
0.33710218
0.33710218
0.32449945
0.2751037
0.2751037
0.2751037
0.2751037
0.29666666
0.31789966
0.31789966
0.31789966
0.31789966
0.33164732
0.34161692
0.34676589
0.34676589
0.34676589
0.37502964
0.38387072
0.38387072
0.38387072
0.30449178
0.30449178
0.30449178
0.41013336
0.41013336
0.41013336
0.41013336
0.41013336
0.41013336
0.41013336
0.38883449
0.3761033
0.3761033
0.30995428
0.30995428
0.30995428
0.29004599
0.21810309
0.21810309
0.21810309
0.21810309
0.13783512
0.13783512
0.13783512
0.21996572
0.25708245
0.25708245
0.25708245
0.27011978
0.27011978
0.28551811
0.28551811
0.33367247
0.33367247
0.34038585
0.34038585
0.34038585
0.34038585
0.34038585
0.36454854
0.36454854
0.36454854
0.36454854
0.36454854
0.36454854
0.38196539
0.38196539
0.38196539
0.38196539
0.38196539
0.26780868
0.2491277
0.2491277
0.2491277
0.29693795
0.29693795
0.29693795
0.22039553
0.18034136
0.18034136
0.18034136
0.20991335
0.29390776
0.32213286
0.32213286
0.32213286
0.32213286
0.30918418
0.29693786
0.14724663
0.14724663
0.14724663
0.25647415
0.25647415
0.25647415
0.25647415
0.32353494
0.32353494
0.32353494
0.32353494
0.32353494
0.32353494
0.32353494
0.32353494
0.32353494
0.32353494
0.32353494
0.32353494
0.32353494
0.32353494
0.32353494
0.32353494
0.32353494
0.38214881
0.40107189
0.40107189
0.40107189
0.40107189
0.22435791
0.22435791
0.22435791
0.22435791
0.22435791
0.22435791
0.22435791
0.19945639
0.19945639
0.19945639
0.26237897
0.36966523
0.41180108
0.41180108
0.41180108
0.36348244
0.36348244
0.36348244
0.36348244
0.36348244
0.36348244
0.36348244
0.26031149
0.18857752
0.18857752
0.18857752
0.29270845
0.38215635
0.38215635
0.427398
0.46316619
0.46316619
0.46316619
0.36003941
0.32775375
0.32775375
0.32775375
0.3802087
0.38410623
0.40305689
0.40305689
0.40305689
0.40305689
0.45830718
0.45830718
0.46268893
0.46268893
0.46268893
0.46268893
0.4184292
0.37298982
0.37298982
0.37298982
0.37434112
0.40701504
0.42376015
0.42376015
0.42376015
0.42376015
0.49797007
0.49797007
0.49797007
0.49797007
0.49797007
0.49797007
0.49797007
0.49797007
0.47676391
0.32362665
0.32362665
0.32362665
0.33769307
0.3415207
0.3415207
0.3415207
0.3415207
0.3415207
0.3415207
0.34773493
0.41056274
0.41195084
0.41195084
0.41195084
0.41195084
0.41462834
0.43363386
0.44915343
0.47270138
0.47270138
0.47270138
0.47270138
0.45865798
0.45865798
0.4576558
0.39441607
0.39278922
0.39081154
0.39081154
0.39081154
0.40342575
0.40342575
0.40342575
0.51589561
0.51589561
0.51589561
0.51589561
0.51589561
0.52325148
0.52325148
0.52325148
0.52325148
0.52325148
0.52325148
0.5428936
0.5428936
0.5428936
0.52422561
0.51715886
0.51715886
0.51715886
0.52777034
0.52777034
0.62168225
0.63733675
0.63733675
0.63733675
0.59415778
0.5688146
0.5688146
0.5688146
0.5688146
0.59872007
0.59872007
0.59872007
0.57353065
0.55101257
0.55101257
0.55101257
0.55388615
0.57807105
0.59855867
0.59855867
0.59855867
0.59855867
0.59474494
0.59474494
0.59474494
0.60767974
0.60767974
0.60767974
0.59043953
0.58957723
0.58957723
0.58957723
0.58957723
0.55311423
0.55311423
0.4720486
0.46757183
0.46757183
0.46757183
0.46757183
0.48415487
0.48415487
0.48415487
0.53440536
0.53440536
0.54976371
0.5866747
0.5866747
0.5866747
0.58658047
0.58658047
0.56063481
0.51258194
0.51258194
0.51258194
0.51258194
0.48648588
0.48648588
0.48648588
0.48648588
0.42829289
0.42604993
0.42604993
0.42604993
0.42604993
0.42604993
0.45714828
0.45714828
0.50651414
0.50651414
0.52552567
0.5539166
0.5539166
0.5539166
0.5539166
0.5539166
0.50125601
0.50125601
0.50125601
0.48244654
0.48244654
0.48244654
0.52939014
0.53075535
0.53075535
0.53075535
0.6220484
0.62942271
0.62942271
0.62942271
0.62942271
0.65443604
0.65443604
0.65443604
0.59014123
0.56872582
0.56872582
0.56872582
0.56872582
0.56872582
0.58382469
0.58382469
0.58382469
0.58382469
0.58382469
0.58382469
0.58320696
0.53945712
0.51740386
0.44664382
0.44664382
0.44664382
0.50508776
0.53534258
0.59004691
0.65447248
0.65447248
0.65447248
0.65447248
0.65447248
0.65447248
0.65447248
0.73893293
0.73893293
0.76418878
0.76418878
0.76418878
0.76418878
0.73414988
0.71660013
0.71660013
0.71660013
0.71893295
0.75510752
0.75510752
0.75510752
0.75510752
0.73749408
0.73749408
0.73749408
0.73749408
0.7259994
0.7259994
0.7259994
0.7259994
0.7259994
0.7259994
0.73411941
0.82188857
0.82188857
0.82188857
0.79768718
0.7826408
0.72442316
0.72442316
0.72124753
0.72124753
0.69157468
0.69157468
0.61971617
0.61971617
0.61971617
0.66725478
0.66725478
0.66725478
0.66725478
0.58861339
0.58861339
0.58861339
0.58861339
0.58861339
0.58861339
0.58861339
0.58861339
0.58861339
0.58646896
0.58646896
0.58646896
0.62109354
0.62109354
0.62109354
0.62109354
0.60165964
0.60165964
0.60165964
0.60356031
0.60356031
0.62989189
0.62989189
0.62989189
0.66364563
0.66364563
0.66364563
0.70654248
0.71555096
0.71555096
0.72534617
0.72534617
0.72534617
0.71322193
0.71322193
0.71322193
0.67092488
0.67092488
0.67092488
0.62018927
0.61578805
0.61578805
0.61578805
0.62738253
0.62738253
0.62738253
0.60668889
0.57073759
0.55936453
0.55936453
0.55936453
0.56603351
0.57576678
0.57576678
0.57576678
0.6033562
0.6033562
0.6033562
0.6033562
0.6033562
0.6033562
0.58805175
0.58519758
0.58519758
0.57468768
0.57414664
0.57414664
0.57414664
0.568498
0.56760249
0.56760249
0.56760249
0.56760249
0.56760249
0.56679394
0.5556594
0.5556594
0.5556594
0.58053419
0.61610792
0.61610792
0.61610792
0.61610792
0.62811977
0.62811977
0.62811977
0.56705966
0.56705966
0.56705966
0.56713739
0.58629918
0.58629918
0.58629918
0.58629918
0.58629918
0.58629918
0.58629918
0.58629918
0.58629918
0.58629918
0.58427715
0.58427715
0.58427715
0.58427715
0.58427715
0.58427715
0.58427715
0.58427715
0.56605726
0.56605726
0.56605726
0.58885342
0.59664409
0.59664409
0.59664409
0.59664409
0.58192196
0.57732984
0.57732984
0.57732984
0.56564079
0.56564079
0.56564079
0.56564079
0.57776083
0.57776083
0.61656533
0.64168807
0.64168807
0.64168807
0.64168807
0.64168807
0.64168807
0.64168807
0.64168807
0.64168807
0.64168807
0.63125244
0.63125244
0.63125244
0.63125244
0.63070255
0.61381467
0.61381467
0.59157245
0.58274091
0.58274091
0.58274091
0.56141865
0.56141865
0.56141865
0.56141865
0.56141865
0.56141865
0.55347069
0.55347069
0.55347069
0.55347069
0.55347069
0.55347069
0.56721312
0.57048228
0.57048228
0.57048228
0.62894211
0.62894211
0.62894211
0.62894211
0.62894211
0.59291855
0.59291855
0.54596312
0.54596312
0.54596312
0.54596312
0.50799459
0.47819451
0.47819451
0.47819451
0.53994991
0.54158666
0.54158666
0.54158666
0.54158666
0.54158666
0.54158666
0.54158666
0.54158666
0.54429419
0.56187535
0.58303498
0.58303498
0.58303498
0.59388997
0.61819354
0.61819354
0.61819354
0.59711796
0.57033587
0.5273729
0.52531747
0.52531747
0.52531747
0.52531747
0.52531747
0.5317321
0.53733903
0.53733903
0.54337979
0.54337979
0.54337979
0.54337979
0.54337979
0.52177619
0.4824704
0.4824704
0.4824704
0.4824704
0.48522992
0.48522992
0.48522992
0.52953901
0.52953901
0.52953901
0.52953901
0.52953901
0.55569123
0.55569123
0.57448502
0.57448502
0.59617853
0.60264903
0.60264903
0.60264903
0.58298004
0.58298004
0.57796346
0.57796346
0.57796346
0.59209957
0.59209957
0.59209957
0.57929331
0.57929331
0.57929331
0.61289943
0.61289943
0.61289943
0.62345847
0.63694628
0.63694628
0.63694628
0.63097827
0.61879405
0.61337302
0.61337302
0.59234277
0.59234277
0.59234277
0.6142162
0.63112526
0.63112526
0.63112526
0.63112526
0.6220851
0.57066905
0.5584935
0.5584935
0.5584935
0.5584935
0.5584935
0.5584935
0.58834776
0.59061913
0.59061913
0.59061913
0.59061913
0.59061913
0.62172776
0.62172776
0.62612779
0.62612779
0.62612779
0.60932371
0.53794588
0.53794588
0.53794588
0.56234677
0.56234677
0.61803993
0.61803993
0.61803993
0.61803993
0.61803993
0.61803993
0.65323812
0.65457897
0.69145098
0.69145098
0.69145098
0.65490181
0.59599877
0.59599877
0.59599877
0.60939333
0.64064315
0.64064315
0.64064315
0.58089486
0.57699077
0.57699077
0.57699077
0.57699077
0.57699077
0.57699077
0.5888533
0.5888533
0.59050141
0.59050141
0.59050141
0.59050141
0.59050141
0.61319261
0.61319261
0.61319261
0.61319261
0.61319261
0.61319261
0.61134548
0.61134548
0.61134548
0.61134548
0.60534525
0.60534525
0.60534525
0.60534525
0.60534525
0.58007117
0.58007117
0.58007117
0.58007117
0.57697352
0.54409739
0.52218546
0.50332595
0.50332595
0.50332595
0.527688
0.527688
0.527688
0.527688
0.527688
0.527688
0.527688
0.527688
0.54872633
0.55939578
0.55939578
0.55939578
0.54701996
0.54701996
0.54701996
0.54701996
0.54701996
0.54701996
0.58244465
0.58244465
0.58244465
0.58244465
0.58496813
0.58496813
0.58496813
0.58496813
0.58496813
0.60565457
0.62171119
0.62171119
0.65430544
0.66240691
0.66240691
0.66240691
0.64101417
0.53132237
0.52831033
0.50291201
0.50291201
0.50291201
0.50291201
0.45377493
0.45377493
0.45377493
0.47602647
0.47602647
0.47602647
0.47602647
0.39254963
0.37178364
0.37178364
0.37178364
0.42445502
0.5236455
0.5236455
0.5236455
0.51601742
0.51601742
0.51601742
0.51601742
0.51601742
0.51601742
0.51601742
0.51601742
0.32101136
0.32101136
0.32101136
0.3960867
0.3960867
0.3960867
0.3960867
0.3960867
0.3960867
0.44721346
0.4863327
0.4863327
0.4863327
0.4863327
0.4863327
0.47525934
0.47525934
0.47525934
0.49044438
0.51726215
0.51726215
0.51726215
0.58749063
0.59589479
0.59589479
0.59589479
0.59589479
0.59589479
0.53443908
0.53443908
0.53443908
0.53443908
0.53443908
0.53443908
0.53443908
0.53443908
0.5002353
0.5002353
0.5002353
0.50557074
0.53165051
0.53165051
0.53165051
0.53165051
0.53165051
0.53165051
0.53165051
0.57315038
0.57315038
0.57315038
0.57315038
0.55874173
0.54024649
0.53765491
0.53765491
0.53765491
0.47423267
0.43715447
0.43715447
0.43715447
0.43715447
0.45608205
0.45608205
0.49151479
0.49151479
0.5200321
0.57421298
0.57421298
0.57421298
0.57421298
0.57421298
0.57421298
0.57421298
0.57421298
0.57421298
0.57421298
0.57421298
0.55505601
0.55505601
0.5214939
0.51390901
0.51390901
0.51390901
0.55916204
0.60853666
0.60883362
0.67893363
0.70702302
0.70702302
0.70702302
0.59119091
0.59119091
0.59119091
0.59119091
0.59119091
0.59119091
0.63052643
0.63052643
0.67186604
0.67186604
0.67186604
0.66078757
0.66078757
0.63829875
0.625758
0.625758
0.625758
0.625758
0.625758
0.625758
0.62356264
0.62356264
0.59513616
0.59513616
0.59513616
0.60025437
0.60025437
0.60025437
0.60025437
0.60025437
0.60025437
0.60025437
0.60025437
0.61827501
0.62325812
0.62325812
0.62325812
0.62325812
0.62325812
0.6524557
0.6814921
0.71477354
0.71477354
0.71477354
0.71477354
0.71477354
0.71477354
0.73340117
0.73340117
0.73340117
0.72462851
0.72462851
0.69911406
0.64489348
0.62684651
0.62684651
0.62684651
0.62684651
0.6488219
0.65906093
0.65906093
0.65906093
0.65906093
0.66435016
0.66435016
0.66435016
0.63144547
0.62839565
0.62839565
0.62839565
0.62839565
0.63823529
0.63823529
0.63823529
0.63823529
0.63823529
0.63823529
0.63823529
0.65610969
0.65610969
0.65610969
0.65610969
0.65610969
0.65875422
0.65875422
0.65875422
0.65875422
0.67493507
0.70470808
0.70470808
0.70470808
0.70470808
0.70470808
0.70470808
0.74119644
0.74119644
0.74119644
0.73607835
0.72435797
0.72435797
0.72435797
0.72435797
0.67945111
0.67945111
0.67945111
0.70715291
0.70715291
0.70715291
0.70715291
0.70715291
0.69544776
0.69544776
0.69544776
0.69870336
0.69870336
0.69870336
0.69870336
0.69406299
0.69406299
0.69406299
0.69406299
0.69406299
0.69406299
0.69406299
0.71855465
0.79226987
0.79226987
0.79523224
0.79523224
0.79523224
0.79523224
0.79523224
0.79523224
0.75574748
0.73008765
0.73008765
0.73008765
0.73008765
0.73008765
0.73008765
0.73008765
0.68851894
0.67100805
0.67100805
0.67100805
0.69144602
0.71159572
0.71159572
0.76984806
0.76984806
0.76984806
0.76984806
0.73827062
0.70226214
0.65003166
0.65003166
0.65003166
0.66424693
0.66424693
0.66424693
0.63878293
0.63878293
0.63878293
0.63878293
0.63878293
0.63878293
0.63878293
0.66368583
0.67691823
0.67691823
0.67691823
0.67691823
0.62002376
0.62002376
0.62002376
0.66633873
0.66633873
0.66633873
0.66633873
0.66633873
0.72504959
0.75636029
0.75636029
0.75636029
0.75636029
0.75636029
0.75636029
0.75487178
0.74057559
0.74057559
0.74057559
0.72010465
0.65021688
0.65021688
0.65021688
0.66641677
0.66641677
0.66641677
0.66641677
0.69613702
0.69613702
0.69613702
0.69613702
0.69613702
0.69613702
0.72879584
0.72879584
0.72879584
0.72879584
0.73255799
0.73255799
0.73255799
0.73255799
0.73255799
0.73255799
0.73255799
0.73255799
0.73255799
0.73255799
0.73255799
0.73255799
0.74000524
0.74000524
0.7735974
0.7735974
0.7735974
0.77043948
0.77043948
0.77043948
0.77723401
0.77723401
0.78923275
0.78923275
0.78923275
0.78923275
0.79477725
0.79477725
0.79477725
0.79477725
0.79477725
0.79858867
0.79858867
0.79858867
0.79858867
0.79858867
0.83173977
0.83173977
0.83173977
0.83173977
0.87307386
0.91942587
0.91942587
0.91942587
0.91942587
0.90001338
0.88891461
0.88891461
0.88891461
0.90262835
0.90262835
0.90262835
0.88294185
0.88294185
0.88294185
0.88294185
0.90900352
0.91347826
0.94727203
0.94727203
0.94727203
0.94727203
0.94727203
0.94512967
0.94512967
0.94221528
0.9321443
0.90851351
0.90851351
0.90851351
0.91540173
0.91540173
0.91540173
0.89864027
0.89864027
0.86993233
0.86753429
0.86753429
0.86753429
0.85838272
0.83982838
0.83982838
0.83982838
0.82372658
0.82372658
0.76487159
0.76487159
0.76487159
0.79717209
0.79717209
0.79717209
0.75230608
0.75230608
0.75230608
0.83181221
0.83181221
0.83181221
0.83181221
0.80042093
0.80042093
0.80042093
0.81306341
0.81457913
0.81457913
0.81457913
0.78253856
0.78253856
0.78253856
0.78253856
0.76492459
0.76052618
0.74539402
0.74121406
0.74121406
0.74121406
0.74121406
0.74121406
0.74121406
0.74121406
0.74121406
0.74121406
0.74121406
0.74121406
0.75330038
0.75330038
0.75330038
0.71409682
0.6889489
0.6889489
0.6889489
0.6889489
0.6889489
0.6889489
0.6889489
0.6889489
0.70174626
0.7182517
0.7182517
0.7182517
0.7182517
0.72766424
0.72766424
0.73872445
0.73872445
0.74674257
0.74674257
0.74674257
0.69342075
0.69342075
0.64977689
0.62847589
0.62847589
0.56495439
0.56495439
0.5120944
0.5120944
0.5120944
0.49573043
0.49573043
0.49573043
0.47591847
0.47591847
0.47591847
0.47591847
0.47591847
0.47591847
0.46852468
0.46852468
0.46852468
0.46852468
0.46852468
0.46852468
0.54169611
0.54169611
0.54169611
0.54169611
0.54169611
0.54169611
0.53662883
0.53662883
0.48890834
0.48890834
0.48890834
0.48890834
0.41752855
0.37341601
0.37341601
0.350216
0.350216
0.350216
0.37226472
0.37226472
0.37226472
0.3680281
0.36317131
0.34656951
0.34656951
0.34656951
0.34656951
0.34006276
0.32772906
0.32772906
0.32772906
0.32772906
0.35322857
0.37027642
0.38936308
0.41783805
0.41783805
0.41783805
0.40903906
0.40903906
0.40903906
0.40903906
0.40903906
0.40903906
0.40903906
0.40903906
0.40996027
0.40996027
0.40996027
0.37382092
0.37382092
0.37382092
0.37382092
0.37382092
0.37382092
0.37382092
0.37382092
0.37382092
0.38932822
0.38932822
0.38932822
0.38932822
0.38932822
0.38932822
0.38932822
0.38932822
0.38932822
0.38932822
0.39166014
0.40017834
0.40017834
0.42157296
0.42157296
0.42157296
0.42157296
0.4170713
0.4170713
0.4170713
0.4170713
0.39384749
0.39384749
0.39384749
0.40408693
0.41503468
0.41503468
0.41503468
0.43337736
0.43337736
0.43470808
0.43470808
0.43470808
0.43470808
0.39822588
0.39822588
0.39822588
0.39520375
0.39520375
0.39520375
0.4083091
0.4083091
0.41261841
0.41261841
0.41261841
0.41261841
0.40409503
0.40409503
0.40409503
0.41105622
0.41105622
0.41105622
0.41105622
0.41105622
0.41105622
0.4454449
0.4454449
0.4454449
0.4454449
0.45012834
0.45012834
0.45012834
0.45012834
0.45012834
0.41141965
0.40054007
0.40054007
0.40054007
0.40054007
0.43413703
0.43413703
0.43413703
0.43413703
0.43413703
0.43413703
0.47442742
0.48077307
0.48666763
0.48666763
0.48666763
0.4932311
0.4932311
0.4932311
0.4932311
0.4932311
0.53757898
0.54399947
0.54399947
0.54399947
0.49654638
0.49654638
0.47666137
0.4651634
0.4651634
0.4651634
0.46150226
0.46150226
0.46150226
0.4808294
0.4808294
0.4808294
0.5041503
0.5041503
0.5041503
0.5041503
0.5041503
0.50543877
0.5130606
0.5130606
0.5130606
0.5130606
0.5130606
0.45702023
0.45702023
0.45702023
0.5129341
0.57094667
0.57094667
0.57094667
0.57094667
0.57094667
0.57094667
0.57094667
0.68325389
0.68325389
0.68325389
0.70281695
0.70281695
0.70281695
0.70281695
0.70281695
0.70281695
0.70281695
0.71303881
0.83207197
0.83207197
0.83207197
0.79211442
0.79211442
0.79211442
0.79211442
0.79211442
0.80264762
0.80264762
0.80264762
0.79759702
0.79759702
0.78024925
0.78024925
0.78024925
0.78024925
0.78024925
0.75416668
0.73393025
0.73393025
0.73393025
0.73946942
0.73946942
0.74280967
0.74280967
0.74280967
0.70139951
0.70139951
0.70139951
0.67612271
0.6429562
0.6429562
0.6429562
0.6429562
0.64867129
0.64867129
0.64867129
0.64867129
0.66408224
0.67127279
0.67127279
0.67127279
0.67127279
0.69341048
0.69341048
0.69341048
0.73874683
0.73874683
0.73874683
0.72971714
0.72971714
0.72971714
0.72971714
0.71713694
0.71713694
0.71713694
0.68211462
0.68211462
0.62266569
0.62266569
0.62266569
0.58589336
0.58589336
0.58589336
0.59319288
0.59319288
0.61950839
0.61950839
0.61950839
0.61950839
0.61950839
0.61950839
0.61950839
0.63087639
0.66136135
0.66136135
0.66136135
0.65471327
0.65471327
0.65471327
0.65801179
0.65801179
0.65801179
0.65801179
0.65801179
0.65801179
0.65801179
0.65753974
0.65105137
0.65105137
0.65105137
0.65105137
0.65105137
0.65105137
0.65105137
0.64276118
0.62195735
0.62195735
0.62195735
0.62665969
0.62665969
0.62665969
0.62665969
0.61252517
0.61252517
0.61252517
0.61252517
0.64213154
0.64213154
0.66258893
0.67820142
0.67820142
0.67820142
0.67820142
0.67820142
0.67820142
0.67820142
0.66266895
0.66266895
0.66266895
0.66266895
0.66266895
0.66266895
0.66266895
0.6639741
0.6639741
0.71410602
0.72236383
0.72236383
0.72236383
0.70198229
0.70198229
0.70198229
0.6913607
0.6913607
0.6913607
0.68209353
0.65414329
0.64888131
0.64696348
0.63781933
0.63781933
0.63781933
0.63781933
0.63781933
0.63781933
0.63781933
0.6459578
0.64785305
0.64785305
0.66931624
0.66931624
0.66931624
0.6651394
0.6651394
0.6651394
0.7070947
0.74253801
0.75441853
0.78684567
0.78684567
0.78684567
0.78684567
0.76476689
0.76476689
0.76476689
0.76476689
0.76476689
0.76476689
0.69039061
0.69039061
0.69039061
0.68924959
0.68924959
0.65396167
0.64872403
0.61941745
0.61889358
0.60688276
0.60102271
0.60102271
0.60102271
0.60766374
0.60766374
0.60766374
0.65299549
0.65299549
0.65299549
0.65299549
0.64885682
0.64393211
0.64393211
0.64393211
0.64393211
0.63063933
0.59962469
0.59962469
0.59962469
0.59962469
0.59962469
0.59962469
0.59962469
0.60191103
0.60191103
0.60191103
0.61456912
0.61456912
0.61456912
0.61456912
0.61456912
0.56249827
0.56249827
0.56249827
0.54427614
0.54427614
0.54427614
0.58157617
0.59996773
0.61242512
0.61242512
0.61242512
0.61242512
0.60435236
0.60435236
0.60435236
0.61363329
0.6650552
0.6650552
0.6650552
0.7047845
0.7047845
0.7047845
0.7047845
0.67531612
0.67531612
0.66134014
0.6545118
0.6545118
0.6545118
0.6545118
0.6545118
0.71358861
0.78717788
0.83520317
0.83520317
0.83520317
0.83520317
0.84590217
0.84590217
0.84590217
0.84590217
0.86163823
0.86163823
0.86163823
0.83218814
0.81912793
0.73199572
0.73199572
0.73015563
0.72341409
0.72341409
0.68545781
0.67951204
0.67951204
0.67572949
0.67572949
0.67572949
0.67572949
0.66602003
0.66602003
0.66602003
0.68699613
0.68699613
0.69464612
0.69464612
0.72064072
0.72064072
0.72064072
0.71888673
0.68952974
0.68867892
0.68867892
0.68867892
0.70039453
0.70039453
0.70392034
0.70392034
0.70392034
0.71290016
0.71290016
0.71290016
0.71290016
0.71290016
0.74342085
0.78420237
0.78420237
0.78420237
0.78594638
0.78594638
0.78990677
0.78990677
0.78990677
0.7882144
0.76905093
0.76905093
0.76905093
0.76905093
0.76905093
0.7632813
0.73647572
0.73647572
0.73647572
0.71693771
0.71693771
0.6321505
0.52424979
0.44704093
0.44704093
0.44704093
0.44704093
0.46249543
0.46249543
0.46249543
0.46249543
0.46249543
0.46249543
0.34316429
0.31202497
0.2658573
0.24766341
0.24766341
0.24766341
0.24766341
0.24766341
0.24766341
0.24766341
0.25600227
0.29216203
0.31489422
0.31489422
0.31489422
0.31489422
0.31489422
0.31489422
0.29888533
0.29888533
0.29888533
0.19955417
0.19955417
0.19955417
0.19955417
0.19955417
0.19955417
0.3403572
0.3403572
0.35755037
0.35755037
0.36992043
0.36992043
0.36992043
0.36992043
0.35757671
0.35757671
0.35757671
0.40473403
0.40693621
0.41199566
0.43305448
0.43305448
0.43305448
0.41963696
0.41963696
0.37740096
0.37348511
0.37348511
0.37348511
0.37348511
0.37348511
0.33965197
0.33741493
0.33741493
0.33741493
0.36746518
0.37418975
0.37418975
0.37750223
0.38039347
0.38039347
0.39548464
0.39679753
0.39679753
0.39679753
0.39679753
0.39679753
0.39679753
0.39679753
0.39679753
0.39679753
0.39679753
0.43319705
0.43319705
0.43319705
0.41175506
0.41175506
0.41175506
0.48427096
0.49871115
0.51453628
0.5196099
0.5196099
0.5196099
0.5196099
0.5196099
0.5196099
0.45513185
0.45513185
0.45513185
0.45513185
0.43710362
0.43710362
0.43710362
0.43710362
0.42794931
0.42794931
0.42794931
0.4326808
0.43810988
0.43810988
0.43810988
0.43737816
0.39601186
0.39601186
0.37561082
0.37561082
0.37561082
0.37561082
0.39121745
0.50325143
0.53557695
0.56489587
0.56489587
0.56489587
0.56489587
0.56489587
0.56489587
0.56489587
0.56489587
0.56489587
0.56489587
0.54110572
0.53002551
0.53002551
0.52787502
0.52787502
0.52787502
0.52787502
0.52787502
0.52787502
0.50497976
0.46675321
0.46675321
0.46675321
0.46332124
0.46332124
0.46332124
0.48421129
0.48544428
0.49326796
0.49326796
0.49326796
0.49326796
0.49326796
0.49326796
0.49326796
0.49326796
0.45937493
0.45937493
0.45937493
0.45937493
0.45937493
0.45937493
0.45937493
0.45937493
0.45937493
0.45937493
0.45937493
0.45937493
0.46781278
0.50559729
0.50559729
0.50559729
0.47827225
0.47827225
0.47490108
0.45962368
0.45962368
0.45962368
0.45962368
0.50872894
0.50872894
0.50872894
0.50872894
0.50872894
0.51579526
0.51579526
0.51579526
0.46885277
0.46885277
0.438458
0.36834437
0.36834437
0.36369983
0.36369983
0.36369983
0.36369983
0.37684396
0.37684396
0.37684396
0.37684396
0.37684396
0.37684396
0.37684396
0.37684396
0.37720512
0.37720512
0.37720512
0.37720512
0.37720512
0.37720512
0.37720512
0.37720512
0.37720512
0.37720512
0.47077667
0.47077667
0.47077667
0.45504705
0.45504705
0.45504705
0.46118646
0.46118646
0.46118646
0.460986
0.460986
0.4420057
0.42339016
0.41107958
0.41107958
0.41107958
0.41107958
0.41694861
0.41694861
0.41694861
0.41694861
0.41694861
0.38321831
0.38054711
0.38054711
0.38054711
0.38054711
0.39951621
0.39951621
0.39951621
0.39951621
0.3778279
0.37496966
0.36163969
0.36163969
0.36163969
0.36163969
0.36025622
0.36025622
0.36025622
0.32938955
0.32834659
0.32834659
0.32834659
0.32834659
0.32834659
0.35502531
0.35502531
0.35502531
0.36295306
0.36295306
0.36295306
0.38774452
0.3908846
0.43721074
0.45086444
0.45086444
0.45216218
0.48131485
0.51151599
0.561248
0.561248
0.561248
0.51694046
0.50183884
0.50183884
0.50183884
0.50183884
0.50086205
0.50086205
0.50086205
0.42732503
0.42732503
0.42732503
0.42732503
0.42732503
0.42732503
0.48232042
0.48232042
0.48232042
0.48232042
0.48232042
0.48232042
0.48232042
0.48232042
0.4835283
0.4835283
0.4835283
0.4805608
0.4805608
0.45458753
0.45458753
0.45458753
0.45458753
0.45458753
0.45458753
0.53816285
0.63273208
0.63273208
0.63273208
0.59122129
0.59122129
0.59122129
0.59122129
0.59122129
0.59122129
0.59122129
0.56632436
0.56632436
0.56632436
0.5903899
0.5903899
0.5903899
0.5903899
0.5903899
0.63306342
0.63306342
0.63306342
0.61847971
0.57633209
0.46270301
0.46270301
0.45400343
0.45400343
0.45400343
0.45400343
0.45400343
0.45400343
0.45400343
0.45400343
0.45400343
0.41441136
0.41441136
0.41441136
0.41657952
0.45464475
0.45464475
0.45464475
0.45464475
0.45464475
0.45464475
0.45464475
0.45464475
0.46641454
0.46641454
0.46641454
0.46641454
0.46641454
0.46641454
0.46641454
0.46641454
0.50714595
0.50714595
0.50714595
0.50714595
0.57720152
0.58260488
0.58260488
0.58903709
0.58903709
0.58903709
0.60814931
0.62628071
0.63096698
0.64922066
0.64922066
0.64922066
0.63837469
0.63837469
0.63837469
0.63361754
0.63361754
0.63361754
0.63361754
0.63361754
0.4981634
0.4981634
0.4981634
0.58087856
0.58087856
0.58087856
0.50718332
0.50718332
0.50718332
0.50718332
0.50718332
0.51437418
0.51437418
0.51437418
0.51437418
0.46386332
0.46386332
0.46386332
0.49346847
0.49346847
0.49346847
0.44333944
0.44333944
0.41004599
0.41004599
0.41004599
0.41004599
0.41004599
0.41004599
0.3733229
0.3733229
0.36540374
0.34013521
0.34013521
0.34013521
0.34013521
0.34013521
0.34013521
0.34013521
0.34013521
0.34013521
0.34013521
0.36774639
0.36774639
0.36774639
0.36774639
0.36774639
0.35971187
0.31539262
0.31539262
0.31539262
0.35797148
0.35797148
0.35797148
0.26272793
0.26272793
0.26272793
0.26272793
0.27479054
0.27479054
0.27479054
0.27479054
0.27479054
0.27479054
0.27479054
0.27479054
0.27479054
0.27479054
0.27479054
0.27479054
0.26556312
0.26556312
0.26556312
0.28755568
0.28755568
0.28755568
0.28755568
0.33281599
0.39862902
0.39862902
0.39862902
0.38100784
0.38100784
0.38100784
0.38100784
0.38100784
0.36114159
0.30193402
0.30193402
0.30193402
0.29163934
0.29163934
0.29163934
0.33400731
0.33400731
0.33400731
0.33400731
0.33400731
0.33400731
0.26309564
0.26309564
0.26309564
0.27981722
0.28193574
0.28193574
0.28193574
0.32037814
0.32037814
0.32037814
0.32133076
0.32133076
0.32133076
0.32133076
0.32133076
0.32133076
0.32133076
0.32133076
0.32133076
0.3138044
0.26247879
0.25006614
0.25006614
0.25006614
0.25006614
0.24387296
0.24387296
0.24387296
0.29235831
0.31807363
0.31807363
0.31807363
0.31807363
0.2773773
0.2773773
0.2773773
0.2773773
0.2773773
0.2773773
0.27307871
0.22316344
0.22316344
0.22316344
0.22431124
0.24777794
0.37732452
0.37732452
0.37732452
0.30576024
0.25002841
0.25002841
0.25002841
0.26238309
0.26238309
0.26238309
0.24240663
0.24053008
0.24053008
0.24053008
0.25141027
0.25141027
0.25141027
0.25141027
0.25141027
0.27473475
0.3483296
0.3483296
0.3483296
0.33269153
0.33269153
0.33269153
0.34367622
0.37127407
0.37127407
0.37127407
0.37127407
0.37127407
0.37127407
0.28847938
0.28847938
0.28847938
0.28847938
0.28847938
0.28382417
0.28382417
0.28382417
0.28382417
0.28382417
0.28382417
0.28382417
0.28382417
0.28382417
0.28382417
0.28382417
0.2551408
0.2551408
0.2551408
0.25800924
0.30177152
0.30177152
0.32081817
0.32081817
0.32081817
0.32081817
0.32081817
0.35745833
0.35745833
0.35745833
0.35745833
0.35745833
0.35745833
0.35745833
0.35745833
0.35745833
0.35925973
0.35925973
0.35925973
0.35925973
0.35925973
0.35700802
0.28252749
0.24594643
0.24594643
0.18302042
0.18302042
0.18302042
0.18302042
0.18302042
0.18302042
0.18302042
0.11124724
0.11124724
0.11124724
0.24967073
0.24967073
0.24967073
0.24967073
0.27983662
0.27983662
0.27983662
0.24188089
0.21316241
0.20833026
0.20833026
0.20833026
0.25350176
0.25350176
0.25350176
0.25930487
0.25930487
0.26842258
0.26842258
0.26842258
0.2853821
0.2853821
0.2853821
0.27792684
0.21330385
0.21330385
0.20701802
0.20701802
0.20701802
0.20859817
0.20859817
0.20859817
0.20859817
0.20859817
0.20859817
0.20859817
0.20859817
0.20859817
0.20859817
0.20859817
0.20859817
0.18252985
0.16425325
0.16425325
0.16425325
0.16425325
0.16425325
0.16425325
0.16425325
0.16425325
0.16425325
0.16425325
0.16425325
0.21552847
0.28688677
0.28688677
0.28688677
0.29058472
0.29058472
0.29058472
0.25874752
0.25874752
0.25874752
0.26965019
0.28435876
0.28435876
0.35560098
0.35560098
0.35560098
0.3480188
0.3480188
0.3480188
0.32706088
0.26735702
0.25471934
0.22780299
0.22780299
0.22780299
0.22780299
0.22780299
0.22780299
0.22780299
0.22780299
0.21040275
0.21040275
0.21040275
0.21040275
0.21040275
0.28397817
0.28397817
0.28397817
0.22820904
0.22820904
0.22820904
0.30182644
0.33213796
0.33213796
0.33213796
0.33621344
0.33621344
0.33621344
0.33621344
0.33621344
0.32890468
0.32890468
0.32890468
0.36036021
0.36036021
0.36036021
0.36036021
0.36036021
0.36036021
0.347544
0.347544
0.347544
0.347544
0.347544
0.33313065
0.33313065
0.29853554
0.29853554
0.29853554
0.32261923
0.38478408
0.38478408
0.38478408
0.34731875
0.34731875
0.34731875
0.34731875
0.34731875
0.35303683
0.35303683
0.35303683
0.35303683
0.35303683
0.36142137
0.36142137
0.36142137
0.36142137
0.37169543
0.37169543
0.37169543
0.37159941
0.37159941
0.37159941
0.37159941
0.37159941
0.3881702
0.3881702
0.3881702
0.40244214
