0.56774248
0.59504971
0.58830565
0.58830565
0.58830565
0.58830565
0.57040444
0.57040444
0.57040444
0.57757355
0.57757355
0.57757355
0.57757355
0.60629925
0.63859567
0.63859567
0.66368692
0.66368692
0.66368692
0.66368692
0.66368692
0.67984435
0.68147821
0.68147821
0.68147821
0.68147821
0.68603558
0.72586666
0.72586666
0.72586666
0.77548957
0.77548957
0.77548957
0.7116287
0.70644285
0.69212499
0.69212499
0.69212499
0.69212499
0.69212499
0.69212499
0.69212499
0.69212499
0.69212499
0.67324724
0.67324724
0.67324724
0.67832534
0.67832534
0.67994163
0.67994163
0.69304945
0.70284214
0.70284214
0.74289628
0.74289628
0.74748393
0.74748393
0.74748393
0.75667036
0.75667036
0.75667036
0.73995709
0.73532152
0.72022833
0.72022833
0.72022833
0.72022833
0.72022833
0.72022833
0.72022833
0.72022833
0.72022833
0.69060914
0.68220311
0.68220311
0.68220311
0.71016203
0.72681905
0.74448547
0.75934379
0.75934379
0.75934379
0.74397551
0.73613876
0.72716344
0.72716344
0.72716344
0.70800258
0.70800258
0.70800258
0.70800258
0.70800258
0.70800258
0.68865341
0.67793004
0.66876605
0.66876605
0.66876605
0.68458889
0.68458889
0.68458889
0.68458889
0.70050999
0.71702674
0.72402465
0.72402465
0.72402465
0.72402465
0.72402465
0.72402465
0.72402465
0.74217842
0.74217842
0.77483874
0.77483874
0.77723375
0.78164887
0.78164887
0.78164887
0.7504961
0.7504961
0.7504961
0.72501613
0.70065408
0.70065408
0.70065408
0.70065408
0.72081055
0.72238657
0.72238657
0.72238657
0.72238657
0.75577516
0.75577516
0.75577516
0.75577516
0.75577516
0.75577516
0.74635396
0.74635396
0.74635396
0.74635396
0.74635396
0.73460208
0.73460208
0.73460208
0.73460208
0.73460208
0.73460208
0.73460208
0.73460208
0.73460208
0.73460208
0.73460208
0.73460208
0.71576249
0.71553803
0.68808463
0.68808463
0.68808463
0.68986337
0.68986337
0.68986337
0.78185439
0.78185439
0.78185439
0.76224619
0.68199709
0.68199709
0.68199709
0.68199709
0.68199709
0.63470043
0.61243408
0.61243408
0.61243408
0.61243408
0.61243408
0.61243408
0.64343774
0.64343774
0.66294117
0.66294117
0.66294117
0.66294117
0.64469882
0.64469882
0.64469882
0.65993365
0.65993365
0.66733727
0.71145307
0.71939159
0.738879
0.7470906
0.7470906
0.7470906
0.7470906
0.75492526
0.75492526
0.75492526
0.8261626
0.8261626
0.8261626
0.80134189
0.77388686
0.76767872
0.76767872
0.76767872
0.76719133
0.76719133
0.75153404
0.75153404
0.74556936
0.70246945
0.70246945
0.70246945
0.75847526
0.77366788
0.77366788
0.77366788
0.77366788
0.74568471
0.74568471
0.74161367
0.7244308
0.7244308
0.7244308
0.7244308
0.75498677
0.75498677
0.78295195
0.78295195
0.78295195
0.78295195
0.79720089
0.81010039
0.81010039
0.81010039
0.71879223
0.71879223
0.71879223
0.71879223
0.71879223
0.71879223
0.71879223
0.69208946
0.60643771
0.60643771
0.60643771
0.60643771
0.60643771
0.60643771
0.53266904
0.53266904
0.53266904
0.53266904
0.50847022
0.46804937
0.46804937
0.46804937
0.4387702
0.42619697
0.42619697
0.4195058
0.396076
0.38028937
0.36629915
0.36629915
0.36629915
0.36629915
0.36017925
0.32105074
0.32105074
0.32105074
0.32105074
0.32105074
0.32105074
0.26986099
0.26986099
0.26986099
0.26986099
0.26986099
0.26986099
0.26986099
0.34177071
0.34496044
0.34496044
0.34496044
0.39456455
0.39456455
0.42004822
0.42787366
0.44418182
0.44418182
0.46918339
0.4774791
0.4774791
0.4774791
0.4774791
0.49730149
0.49730149
0.49730149
0.5364653
0.5364653
0.5364653
0.57455748
0.57455748
0.59547282
0.60198598
0.60198598
0.60198598
0.63960198
0.63960198
0.63960198
0.63960198
0.63960198
0.63960198
0.64361731
0.64361731
0.64361731
0.64361731
0.64361731
0.64361731
0.64361731
0.65351016
0.65743842
0.66750656
0.69454735
0.69454735
0.71875536
0.71875536
0.71875536
0.71875536
0.68530407
0.60607712
0.60607712
0.60607712
0.62970363
0.6487445
0.6487445
0.6487445
0.6487445
0.6487445
0.6487445
0.6487445
0.6487445
0.6487445
0.64155777
0.63299069
0.63299069
0.63299069
0.63299069
0.63299069
0.63276733
0.63276733
0.62044977
0.62044977
0.62044977
0.6747887
0.6747887
0.70134218
0.71868207
0.71868207
0.71868207
0.68277495
0.68277495
0.68277495
0.65506761
0.65506761
0.65506761
0.64654894
0.64654894
0.6302705
0.6302705
0.58933685
0.58615284
0.58615284
0.58615284
0.58615284
0.58615284
0.58615284
0.58615284
0.58615284
0.58615284
0.58479816
0.58479816
0.58479816
0.58479816
0.56612138
0.56612138
0.56612138
0.56612138
0.56612138
0.56612138
0.55744345
0.55744345
0.55165338
0.55165338
0.55165338
0.56500494
0.56500494
0.5753186
0.61767927
0.61767927
0.61767927
0.61767927
0.60709194
0.60709194
0.59475115
0.59475115
0.59475115
0.60315093
0.64256318
0.64256318
0.64256318
0.65388301
0.65388301
0.68457919
0.68457919
0.71144408
0.74167563
0.76855236
0.76855236
0.76855236
0.76855236
0.73969613
0.73969613
0.72987264
0.72987264
0.72987264
0.72987264
0.72987264
0.72987264
0.72987264
0.72987264
0.69673886
0.60277652
0.60277652
0.60277652
0.60277652
0.60277652
0.58855797
0.58246806
0.58246806
0.58246806
0.58246806
0.58246806
0.58246806
0.58246806
0.58871767
0.58871767
0.58871767
0.58020432
0.5494467
0.53524195
0.53524195
0.53524195
0.54745951
0.54745951
0.54745951
0.620914
0.62771522
0.62771522
0.62771522
0.61183506
0.61183506
0.6055648
0.6055648
0.6055648
0.6055648
0.6055648
0.62826696
0.62826696
0.62826696
0.59239603
0.59239603
0.53938504
0.53938504
0.53938504
0.54087253
0.54087253
0.54087253
0.54087253
0.54087253
0.59532336
0.59532336
0.59532336
0.56750461
0.3983234
0.3983234
0.39533123
0.39420375
0.39420375
0.39420375
0.39420375
0.34816635
0.34816635
0.34816635
0.34816635
0.34816635
0.34816635
0.33406572
0.33406572
0.33255214
0.33255214
0.33255214
0.34265611
0.34265611
0.34265611
0.33382204
0.26253868
0.26253868
0.26253868
0.29502242
0.31017571
0.31017571
0.31017571
0.30317965
0.30317965
0.30317965
0.37736049
0.37736049
0.37736049
0.34878174
0.28916273
0.27534591
0.27534591
0.27534591
0.27534591
0.27534591
0.26681446
0.26681446
0.26681446
0.26681446
0.28444654
0.29483066
0.29483066
0.29483066
0.29483066
0.34360445
0.34360445
0.34360445
0.34360445
0.34360445
0.31474499
0.31474499
0.31474499
0.31474499
0.2962171
0.2962171
0.2962171
0.2962171
0.2962171
0.2962171
0.2962171
0.2962171
0.2962171
0.2962171
0.2962171
0.27181322
0.24135467
0.22769202
0.22769202
0.22769202
0.22769202
0.22855492
0.22855492
0.22855492
0.22855492
0.19997247
0.19997247
0.19997247
0.19997247
0.19997247
0.19997247
0.19997247
0.23744984
0.24849448
0.24849448
0.24849448
0.24849448
0.24849448
0.22954393
0.22954393
0.22954393
0.19955307
0.18514011
0.18514011
0.18514011
0.18514011
0.2414597
0.2414597
0.2414597
0.22747257
0.19180963
0.19180963
0.19180963
0.22823921
0.22823921
0.22823921
0.22823921
0.22823921
0.22943742
0.22943742
0.22943742
0.28338146
0.28338146
0.28338146
0.2983259
0.29995463
0.29995463
0.29995463
0.29995463
0.29995463
0.29995463
0.29995463
0.29995463
0.29995463
0.29995463
0.24730945
0.24730945
0.24730945
0.24774809
0.24774809
0.31728612
0.31728612
0.31728612
0.31728612
0.31550888
0.31550888
0.31550888
0.28778664
0.26458009
0.23881929
0.23881929
0.23881929
0.26072739
0.2964563
0.2964563
0.2964563
0.33980264
0.34209418
0.38332139
0.38332139
0.38332139
0.38332139
0.37014857
0.33493764
0.33493764
0.33493764
0.3432329
0.3432329
0.3432329
0.31430898
0.31430898
0.31430898
0.2916259
0.2916259
0.2916259
0.2916259
0.2916259
0.2916259
0.2916259
0.2916259
0.2916259
0.2916259
0.29199563
0.29199563
0.29199563
0.3028277
0.3028277
0.3028277
0.3028277
0.3028277
0.30178053
0.30178053
0.30178053
0.35202665
0.35202665
0.35202665
0.35202665
0.43908794
0.43908794
0.4446567
0.4446567
0.4446567
0.4446567
0.4446567
0.4446567
0.4446567
0.66700712
0.68877684
0.68877684
0.68877684
0.68877684
0.68877684
0.68877684
0.68877684
0.63856647
0.54149546
0.51917664
0.51917664
0.51917664
0.51917664
0.51917664
0.51917664
0.52085245
0.59718853
0.6653919
0.6653919
0.69325603
0.74644123
0.75149953
0.75149953
0.75149953
0.72751385
0.72751385
0.72751385
0.7275531
0.7275531
0.7275531
0.7275531
0.7275531
0.7275531
0.7275531
0.7275531
0.71486824
0.71486824
0.71486824
0.71486824
0.71486824
0.71486824
0.71637617
0.71637617
0.81385849
0.81385849
0.81385849
0.81385849
0.81385849
0.81385849
0.81385849
0.77147312
0.74418718
0.74418718
0.70828944
0.69752963
0.69652956
0.69652956
0.69652956
0.70624503
0.70624503
0.70624503
0.72116597
0.74902102
0.75661068
0.75661068
0.75661068
0.70392182
0.68797074
0.62875925
0.5701494
0.5701494
0.5701494
0.5752763
0.5752763
0.5752763
0.5752763
0.5752763
0.5752763
0.55713069
0.55713069
0.55713069
0.55713069
0.55713069
0.55713069
0.55713069
0.55713069
0.62507981
0.62507981
0.62507981
0.57322369
0.49732085
0.49732085
0.49732085
0.51317631
0.51317631
0.51317631
0.58624885
0.58624885
0.58624885
0.58624885
0.58624885
0.58624885
0.58624885
0.60724436
0.60724436
0.60724436
0.59710188
0.59710188
0.59710188
0.64120574
0.64120574
0.64120574
0.64120574
0.64120574
0.64120574
0.61938174
0.61938174
0.60899586
0.60899586
0.56139788
0.56139788
0.54639371
0.54639371
0.54639371
0.59962987
0.59962987
0.59962987
0.59962987
0.59962987
0.59962987
0.58577705
0.58577705
0.58577705
0.59095036
0.59362136
0.59362136
0.60231025
0.60231025
0.60231025
0.60231025
0.6361691
0.6361691
0.69060664
0.69060664
0.69060664
0.66231503
0.66231503
0.66231503
0.66231503
0.67526861
0.67526861
0.67526861
0.67526861
0.67526861
0.67526861
0.67526861
0.67526861
0.67526861
0.67526861
0.6371981
0.6371981
0.6371981
0.64075323
0.65204592
0.65204592
0.65204592
0.65204592
0.65204592
0.6643107
0.6643107
0.6643107
0.70961246
0.7108018
0.7108018
0.72462211
0.73893207
0.73893207
0.74533471
0.74533471
0.74533471
0.74533471
0.74533471
0.74533471
0.74533471
0.71356251
0.71356251
0.71356251
0.71356251
0.70691416
0.694985
0.66721091
0.66221161
0.62516605
0.62516605
0.62516605
0.62941306
0.62941306
0.62941306
0.72051511
0.72051511
0.72051511
0.72051511
0.7104586
0.7104586
0.7104586
0.71700705
0.72145683
0.72145683
0.72921076
0.72921076
0.72921076
0.72233214
0.70372595
0.70372595
0.70372595
0.70372595
0.71877668
0.73764425
0.75300809
0.75300809
0.75300809
0.71751647
0.68368669
0.66382374
0.66382374
0.66382374
0.78368107
0.78368107
0.824471
0.8351686
0.83636685
0.83636685
0.83636685
0.83636685
0.83636685
0.81582962
0.81582962
0.81582962
0.81582962
0.81582962
0.81582962
0.78522281
0.78522281
0.78522281
0.78522281
0.78522281
0.77608568
0.77359545
0.77359545
0.77359545
0.77359545
0.82230509
0.82230509
0.82230509
0.82230509
0.82230509
0.789473
0.789473
0.789473
0.789473
0.7795859
0.73836641
0.73836641
0.73836641
0.71699845
0.71548511
0.71548511
0.69471551
0.69471551
0.69471551
0.69471551
0.71205609
0.71205609
0.71205609
0.73256476
0.73256476
0.73256476
0.72229223
0.72229223
0.72229223
0.72229223
0.72229223
0.72229223
0.72460595
0.72460595
0.72460595
0.72460595
0.72460595
0.62620579
0.62620579
0.62620579
0.62620579
0.62620579
0.62620579
0.62081558
0.62081558
0.56733336
0.56733336
0.56733336
0.68326725
0.68326725
0.68326725
0.68326725
0.68326725
0.68326725
0.68655033
0.75006598
0.75006598
0.75006598
0.75006598
0.75006598
0.75006598
0.71892629
0.71874008
0.69396941
0.65606603
0.65606603
0.65606603
0.68432165
0.7035795
0.7035795
0.72583528
0.72583528
0.72583528
0.72583528
0.80939116
0.82467628
0.84928364
0.86660055
0.871345
0.871345
0.871345
0.871345
0.871345
0.871345
0.871345
0.871345
0.871345
0.871345
0.871345
0.8223541
0.8223541
0.80226086
0.80226086
0.80226086
0.80226086
0.78481269
0.78481269
0.78481269
0.77646707
0.77646707
0.77646707
0.77646707
0.77646707
0.69554797
0.69554797
0.62643316
0.59125231
0.59125231
0.59125231
0.59125231
0.59125231
0.65180836
0.65180836
0.65180836
0.65180836
0.71402876
0.71402876
0.71402876
0.73167706
0.73167706
0.73167706
0.70162094
0.70158307
0.68616651
0.68616651
0.68616651
0.68616651
0.68616651
0.68616651
0.68616651
0.68616651
0.68616651
0.68616651
0.68616651
0.69711474
0.69711474
0.69711474
0.71731458
0.71731458
0.71731458
0.73092662
0.73092662
0.73092662
0.73092662
0.73092662
0.73092662
0.73092662
0.73092662
0.66258647
0.66258647
0.64115361
0.64115361
0.64115361
0.69018
0.69018
0.74181017
0.74181017
0.74181017
0.72259081
0.70933395
0.69273163
0.68357598
0.66417851
0.66417851
0.66417851
0.66417851
0.67701375
0.7307037
0.7307037
0.7307037
0.7307037
0.7031021
0.7031021
0.67618161
0.67618161
0.67618161
0.67618161
0.67618161
0.67618161
0.67618161
0.67618161
0.67618161
0.67618161
0.69482224
0.69482224
0.70208413
0.70208413
0.70208413
0.70208413
0.70208413
0.70208413
0.72148902
0.72148902
0.7751083
0.7751083
0.77872748
0.77872748
0.77872748
0.77872748
0.77872748
0.77872748
0.77872748
0.7245155
0.7245155
0.7245155
0.66637169
0.65613842
0.65613842
0.65613842
0.65615678
0.65615678
0.65615678
0.65615678
0.65615678
0.65615678
0.65615678
0.67201375
0.67201375
0.67201375
0.67201375
0.67201375
0.78839639
0.78839639
0.78839639
0.78839639
0.8117083
0.8117083
0.8117083
0.8117083
0.83526016
0.83526016
0.83526016
0.83526016
0.83526016
0.83526016
0.82483093
0.82483093
0.81713276
0.81713276
0.81713276
0.85587311
0.86778395
0.86778395
0.86778395
0.86531402
0.83588035
0.83588035
0.83373131
0.82448142
0.82448142
0.77838576
0.77838576
0.77838576
0.77838576
0.77838576
0.83878173
0.83878173
0.83878173
0.83536852
0.80645495
0.80645495
0.80645495
0.81881766
0.81881766
0.8282141
0.8282141
0.8282141
0.84097077
0.84097077
0.84637433
0.85718997
0.85718997
0.85718997
0.85718997
0.87143081
0.87143081
0.87143081
0.87143081
0.84903742
0.84672892
0.83903338
0.83903338
0.80731827
0.80731827
0.80731827
0.85926228
0.85926228
0.85926228
0.85926228
0.85926228
0.85926228
0.84616441
0.83333432
0.75886383
0.75886383
0.75886383
0.75886383
0.75886383
0.75886383
0.75886383
0.75886383
0.74776512
0.70816848
0.70816848
0.70816848
0.70816848
0.72808343
0.72808343
0.72808343
0.70345323
0.70345323
0.70345323
0.70345323
0.70345323
0.70345323
0.75248587
0.75248587
0.75248587
0.66659557
0.66659557
0.66659557
0.71237268
0.73326027
0.76097025
0.76097025
0.76097025
0.76097025
0.76097025
0.76097025
0.76097025
0.77090716
0.77090716
0.85087145
0.85087145
0.85087145
0.82504114
0.8097852
0.80778365
0.80778365
0.80778365
0.74533104
0.72658417
0.69421788
0.69421788
0.69421788
0.7639669
0.7639669
0.7639669
0.7639669
0.7639669
0.7639669
0.7639669
0.72609318
0.72609318
0.72609318
0.72609318
0.72609318
0.71876107
0.71876107
0.71876107
0.71876107
0.71876107
0.77776064
0.77776064
0.77776064
0.73866051
0.73866051
0.71953152
0.71953152
0.71953152
0.71953152
0.70973276
0.69912793
0.68418179
0.68418179
0.68418179
0.68418179
0.66399712
0.6393389
0.6393389
0.6365186
0.6365186
0.63154197
0.63154197
0.63154197
0.63154197
0.63154197
0.63154197
0.65192173
0.65192173
0.65192173
0.6374723
0.63249296
0.61677318
0.57200615
0.57169916
0.57169916
0.50934212
0.50934212
0.50934212
0.50934212
0.50934212
0.51502761
0.51502761
0.51502761
0.51502761
0.51502761
0.51502761
0.51502761
0.55470519
0.55470519
0.55470519
0.54607573
0.54607573
0.50117963
0.44633344
0.44633344
0.44633344
0.44633344
0.44633344
0.44633344
0.40962146
0.40962146
0.39546025
0.39546025
0.39546025
0.39546025
0.39546025
0.39546025
0.39546025
0.39546025
0.39546025
0.40505653
0.40505653
0.40505653
0.40505653
0.30951255
0.30951255
0.30951255
0.36025845
0.36678353
0.44988238
0.48930688
0.48930688
0.48930688
0.48930688
0.41754122
0.41754122
0.41754122
0.41754122
0.4371056
0.4371056
0.44761923
0.44761923
0.44761923
0.42759931
0.42759931
0.42759931
0.43076059
0.77426745
0.78532769
0.81650389
0.81928416
0.81928416
0.83402041
0.83402041
0.85001264
0.85001264
0.8666085
0.8666085
0.8666085
0.8666085
0.86376736
0.86321761
0.86321761
0.84170826
0.84170826
0.84170826
0.84170826
0.84170826
0.84170826
0.84170826
0.85170059
0.85170059
0.8750547
0.8750547
0.8750547
0.85901699
0.85901699
0.8254691
0.80970589
0.80970589
0.80970589
0.80970589
0.80970589
0.80970589
0.8242734
0.8242734
0.8242734
0.84179199
0.84179199
0.84179199
0.84179199
0.84691864
0.84691864
0.90799055
0.90799055
0.90799055
0.90799055
0.90799055
0.90799055
0.86750843
0.84139697
0.84139697
0.84139697
0.84302914
0.84302914
0.84302914
0.84302914
0.84302914
0.84302914
0.80825547
0.8005415
0.76365859
0.75590666
0.74262663
0.73830911
0.73830911
0.73830911
0.73830911
0.73830911
0.73830911
0.73830911
0.73830911
0.75646964
0.75646964
0.75646964
0.72904538
0.72904538
0.72904538
0.72904538
0.72564731
0.72564731
0.65718717
0.65718717
0.61760587
0.61760587
0.61760587
0.61760587
0.63013078
0.63013078
0.63013078
0.63013078
0.61083743
0.52166022
0.52166022
0.52166022
0.52166022
0.52166022
0.52166022
0.52166022
0.52166022
0.52166022
0.52166022
0.52166022
0.52166022
0.54942413
0.54942413
0.55334868
0.55334868
0.55334868
0.55334868
0.52657579
0.52657579
0.52657579
0.5296573
0.5296573
0.5296573
0.5296573
0.49074163
0.49074163
0.49074163
0.49074163
0.49074163
0.50717082
0.50717082
0.50717082
0.50717082
0.50717082
0.50717082
0.50717082
0.49051015
0.49051015
0.47099294
0.43659098
0.43659098
0.43659098
0.43659098
0.43659098
0.43659098
0.43659098
0.41481313
0.41481313
0.41481313
0.38686136
0.38686136
0.38686136
0.38686136
0.38686136
0.37457788
0.28688741
0.28688741
0.28688741
0.25803824
0.25803824
0.25803824
0.2390504
0.16480119
0.16480119
0.16480119
0.16480119
0.16480119
0.21964955
0.27869129
0.30566292
0.30566292
0.30566292
0.30566292
0.30566292
0.30566292
0.30566292
0.30566292
0.29375794
0.29375794
0.29375794
0.29375794
0.29375794
0.27248115
0.27248115
0.27248115
0.27248115
0.27248115
0.23748981
0.23748981
0.23748981
0.24472435
0.25583384
0.25583384
0.25583384
0.22101967
0.22101967
0.22101967
0.21611533
0.21611533
0.20452839
0.20452839
0.20452839
0.27213323
0.27213323
0.27213323
0.27213323
0.27213323
0.27213323
0.27213323
0.34009284
0.34009284
0.34009284
0.34009284
0.34009284
0.35083942
0.35083942
0.35083942
0.43276701
0.43276701
0.43276701
0.43276701
0.43276701
0.43276701
0.43276701
0.45922962
0.45922962
0.45922962
0.45922962
0.43122712
0.43122712
0.43122712
0.53887989
0.54204441
0.54204441
0.54204441
0.54204441
0.53291249
0.53291249
0.50622434
0.50622434
0.50622434
0.5482181
0.5482181
0.5482181
0.43004001
0.30492853
0.28074463
0.28074463
0.28074463
0.36453251
0.36453251
0.36453251
0.42395441
0.42395441
0.42395441
0.36767232
0.36767232
0.36767232
0.36767232
0.37066636
0.37066636
0.4552113
0.4552113
0.4552113
0.4552113
0.4552113
0.4552113
0.4552113
0.4552113
0.48374935
0.52927488
0.52927488
0.60106949
0.60106949
0.60106949
0.60106949
0.59145312
0.59145312
0.59145312
0.58821378
0.58344671
0.57729148
0.57729148
0.54790746
0.53833209
0.46452302
0.46452302
0.46452302
0.49916119
0.51909918
0.53782499
0.53782499
0.53782499
0.53782499
0.53782499
0.53782499
0.52632239
0.51078538
0.49789067
0.49789067
0.49789067
0.51282756
0.51282756
0.51282756
0.6137649
0.6137649
0.6137649
0.6137649
0.63804831
0.63804831
0.6395798
0.6395798
0.6395798
0.6395798
0.6395798
0.6395798
0.63613245
0.58552345
0.41523422
0.41523422
0.34038312
0.34038312
0.34038312
0.410594
0.41811187
0.51920176
0.51942301
0.51942301
0.51942301
0.51942301
0.51942301
0.53420905
0.53800095
0.60972104
0.60972104
0.60972104
0.57229533
0.57229533
0.57229533
0.57229533
0.57229533
0.62301661
0.62301661
0.63331803
0.67954936
0.69694923
0.69694923
0.70974026
0.70974026
0.70974026
0.80736447
0.80736447
0.86533459
0.86533459
0.86533459
0.86533459
0.86366819
0.86366819
0.86366819
0.86366819
0.86366819
0.86366819
0.86366819
0.86366819
0.81099218
0.81099218
0.81099218
0.81099218
0.78534457
0.77369949
0.73325724
0.71405184
0.71405184
0.71405184
0.71405184
0.71405184
0.71405184
0.71405184
0.72373952
0.75333793
0.75333793
0.75333793
0.75333793
0.80397137
0.80397137
0.80397137
0.80397137
0.76861511
0.76367851
0.76367851
0.74880316
0.74880316
0.74880316
0.76874606
0.85237819
0.85237819
0.85237819
0.76508604
0.76508604
0.76508604
0.75340041
0.75340041
0.75340041
0.7775907
0.7775907
0.7775907
0.71720827
0.7039928
0.65356579
0.65356579
0.65356579
0.61544953
0.60797137
0.60797137
0.6077504
0.6077504
0.6077504
0.56684416
0.52364949
0.51446605
0.51446605
0.51446605
0.49663694
0.49663694
0.49663694
0.49663694
0.50949034
0.50949034
0.50949034
0.50949034
0.50949034
0.58351564
0.58351564
0.58351564
0.58351564
0.58351564
0.58748371
0.62226814
0.62226814
0.62226814
0.60559687
0.60559687
0.60559687
0.60559687
0.64439978
0.65363969
0.70119367
0.70119367
0.70119367
0.70119367
0.70996151
0.71355877
0.71355877
0.71355877
0.70567431
0.70567431
0.70567431
0.70567431
0.70567431
0.69521906
0.69521906
0.69521906
0.70404188
0.7184128
0.72077433
0.75623631
0.75623631
0.75623631
0.74515312
0.74515312
0.74515312
0.73143744
0.73143744
0.73143744
0.69943127
0.68192005
0.68192005
0.68192005
0.68192005
0.5879318
0.55341275
0.55341275
0.55341275
0.54289042
0.51321827
0.44793153
0.44793153
0.44793153
0.50592691
0.50592691
0.50592691
0.51226285
0.52716893
0.52716893
0.52716893
0.52716893
0.52716893
0.52919256
0.54044136
0.56418284
0.56418284
0.64568818
0.64568818
0.64568818
0.65642329
0.698825
0.698825
0.698825
0.698825
0.698825
0.698825
0.69230422
0.69230422
0.69230422
0.69230422
0.6954165
0.69717746
0.7099901
0.7099901
0.7099901
0.7099901
0.68946474
0.68946474
0.68946474
0.68946474
0.68946474
0.68946474
0.71692488
0.72619439
0.72619439
0.72619439
0.72619439
0.72619439
0.72619439
0.72619439
0.784739
0.79602953
0.79602953
0.79602953
0.77136017
0.77136017
0.77136017
0.77136017
0.76203399
0.75850098
0.74412132
0.74412132
0.74412132
0.73345252
0.73345252
0.73345252
0.73345252
0.72687131
0.72687131
0.72687131
0.69542685
0.69542685
0.69542685
0.69542685
0.69542685
0.66427995
0.62978304
0.61644179
0.61644179
0.61644179
0.61644179
0.61644179
0.61910188
0.61949364
0.61949364
0.61949364
0.57043025
0.57043025
0.57043025
0.57043025
0.5573749
0.5573749
0.5573749
0.55890363
0.55890363
0.55890363
0.56755572
0.56755572
0.56755572
0.56755572
0.56755572
0.56755572
0.55318659
0.55318659
0.55318659
0.58700909
0.60859517
0.60859517
0.60859517
0.64175263
0.64175263
0.64175263
0.69634211
0.69634211
0.69634211
0.69634211
0.69634211
0.69634211
0.69634211
0.69634211
0.69634211
0.70371633
0.70371633
0.70371633
0.66122275
0.65917938
0.65917938
0.65917938
0.69798009
0.7068827
0.72609502
0.73145975
0.73145975
0.73145975
0.73145975
0.73145975
0.73145975
0.73145975
0.73145975
0.73145975
0.73145975
0.73145975
0.73601791
0.76742856
0.76742856
0.76742856
0.76742856
0.76742856
0.76037071
0.76037071
0.76037071
0.76037071
0.78163275
0.81573182
0.81573182
0.81573182
0.77602502
0.77602502
0.715617
0.68225573
0.61969026
0.59369855
0.59369855
0.59369855
0.59369855
0.58942068
0.58942068
0.58942068
0.58942068
0.58942068
0.5882481
0.5882481
0.5882481
0.5882481
0.5882481
0.5882481
0.5882481
0.5882481
0.61071192
0.61071192
0.61071192
0.61071192
0.61071192
0.53973273
0.53973273
0.53973273
0.53272763
0.44082941
0.44082941
0.44082941
0.44082941
0.44082941
0.44082941
0.4234663
0.4234663
0.4234663
0.4234663
0.42923822
0.42923822
0.42923822
0.42923822
0.42923822
0.39734645
0.39734645
0.39734645
0.39734645
0.39734645
0.39734645
0.39734645
0.44548611
0.49978124
0.49978124
0.49978124
0.54530159
0.54530159
0.6440438
0.6440438
0.6440438
0.60296848
0.57728684
0.57587083
0.51847122
0.46741642
0.43693208
0.43693208
0.43693208
0.43693208
0.56748611
0.56748611
0.62462633
0.62462633
0.62462633
0.62462633
0.65145725
0.65145725
0.65145725
0.57774991
0.57774991
0.57774991
0.5196269
0.50291599
0.50291599
0.50291599
0.52940348
0.52940348
0.52940348
0.5435462
0.5435462
0.5435462
0.5435462
0.54705142
0.56533442
0.59633956
0.62019476
0.62128286
0.62128286
0.62128286
0.63415605
0.63910736
0.63910736
0.63910736
0.63541785
0.6042478
0.6042478
0.59973242
0.59973242
0.59724304
0.59724304
0.58227358
0.58227358
0.57331475
0.57311725
0.57311725
0.57311725
0.57311725
0.56735393
0.56301987
0.56301987
0.56301987
0.5628993
0.5628993
0.5628993
0.5628993
0.54298853
0.52566698
0.52566698
0.52566698
0.52566698
0.52566698
0.48967895
0.46831216
0.45313978
0.45313978
0.45313978
0.45313978
0.45313978
0.43967931
0.43967931
0.43967931
0.43967931
0.43967931
0.43967931
0.45106323
0.46758001
0.46758001
0.46758001
0.48412021
0.48412021
0.48412021
0.48552867
0.48977947
0.51026271
0.51026271
0.51026271
0.51026271
0.51026271
0.51026271
0.51026271
0.55067328
0.55067328
0.55067328
0.55048062
0.55048062
0.55048062
0.55048062
0.55048062
0.55048062
0.51914699
0.51914699
0.51914699
0.51914699
0.51914699
0.53100954
0.55430372
0.55430372
0.55430372
0.55430372
0.55430372
0.55430372
0.52030171
0.52030171
0.52030171
0.52030171
0.52030171
0.52030171
0.52030171
0.52030171
0.56382814
0.56382814
0.56382814
0.56382814
0.56382814
0.56382814
0.56382814
0.56382814
0.56382814
0.56382814
0.56382814
0.56094132
0.53156553
0.53156553
0.53156553
0.53156553
0.53156553
0.53156553
0.54592981
0.5725353
0.5725353
0.5725353
0.55079625
0.55079625
0.55079625
0.55079625
0.59590891
0.60345468
0.60345468
0.60345468
0.60345468
0.60345468
0.60345468
0.60345468
0.60345468
0.60892568
0.60892568
0.60892568
0.60892568
0.61879057
0.62035146
0.62035146
0.62035146
0.62035146
0.62035146
0.60723958
0.57030049
0.55091583
0.55091583
0.55091583
0.56089211
0.56089211
0.57575301
0.57575301
0.60861828
0.60861828
0.60976313
0.60976313
0.60976313
0.5498593
0.52778065
0.52778065
0.52778065
0.52778065
0.52778065
0.83984717
0.8640926
0.8640926
0.8640926
0.81430237
0.80929979
0.80302802
0.80172952
0.79971816
0.77488844
0.77488844
0.77488844
0.81241898
0.83553965
0.84461117
0.85004688
0.87955773
0.87955773
0.87955773
0.82632166
0.81548959
0.81548959
0.81391366
0.80566945
0.79779692
0.78247278
0.78247278
0.78247278
0.78247278
0.79242778
0.79634557
0.79634557
0.79634557
0.79634557
0.80935054
0.80935054
0.80935054
0.76573211
0.76573211
0.71779865
0.71779865
0.63236831
0.59072888
0.59072888
0.59072888
0.66968236
0.71157536
0.72723624
0.7431524
0.7431524
0.75517528
0.75517528
0.75517528
0.75517528
0.75517528
0.7208545
0.7208545
0.7208545
0.7208545
0.71297004
0.71297004
0.71297004
0.71297004
0.71297004
0.71297004
0.71586355
0.71586355
0.71586355
0.71586355
0.71586355
0.71586355
0.73955094
0.73955094
0.73955094
0.73955094
0.73955094
0.72483781
0.72483781
0.69776134
0.69776134
0.66507498
0.66507498
0.66507498
0.60376702
0.60376702
0.60376702
0.60262333
0.60262333
0.60262333
0.60262333
0.6090869
0.61897283
0.6218095
0.65912392
0.66727384
0.66727384
0.66727384
0.66727384
0.62399947
0.60485792
0.54920996
0.54920996
0.54920996
0.54920996
0.54920996
0.54920996
0.5942256
0.5942256
0.5942256
0.58745903
0.58745903
0.58745903
0.58745903
0.58745903
0.58745903
0.59758953
0.59758953
0.67519857
0.67519857
0.67519857
0.52927296
0.52927296
0.46256137
0.46256137
0.46256137
0.46256137
0.5143973
0.5143973
0.5143973
0.5143973
0.52818973
0.54574047
0.56104183
0.57875458
0.61232455
0.61232455
0.61232455
0.62421717
0.62421717
0.62886601
0.62886601
0.62886601
0.67354879
0.68161946
0.68161946
0.69783564
0.69783564
0.69783564
0.69783564
0.74561584
0.74561584
0.74561584
0.74561584
0.74561584
0.71984922
0.71984922
0.71984922
0.71962492
0.68383264
0.68383264
0.68383264
0.73599872
0.76062702
0.76062702
0.76062702
0.76062702
0.72567741
0.72567741
0.72567741
0.72567741
0.72567741
0.72567741
0.72567741
0.71844582
0.71844582
0.71844582
0.76671017
0.78864523
0.78864523
0.78864523
0.78552648
0.78287731
0.78287731
0.78287731
0.78287731
0.78287731
0.72351704
0.72351704
0.72351704
0.74371666
0.74371666
0.74371666
0.74371666
0.73997499
0.73997499
0.73997499
0.73997499
0.69277392
0.67363672
0.67363672
0.67363672
0.70715438
0.70715438
0.70715438
0.64965626
0.64965626
0.64729272
0.58100127
0.56557183
0.56557183
0.56557183
0.61227471
0.61227471
0.61227471
0.61227471
0.61227471
0.6693063
0.6693063
0.6693063
0.6693063
0.6693063
0.64972439
0.64972439
0.64972439
0.64972439
0.64972439
0.64972439
0.64972439
0.64972439
0.64972439
0.63867246
0.63867246
0.63867246
0.64257914
0.66618352
0.68795615
0.70409988
0.70409988
0.70409988
0.73427307
0.73965415
0.73965415
0.73965415
0.73965415
0.73965415
0.73527009
0.72048384
0.72048384
0.72048384
0.73561286
0.73776069
0.73776069
0.73776069
0.73776069
0.73776069
0.72840671
0.72840671
0.72840671
0.72840671
0.72840671
0.67957987
0.67957987
0.67957987
0.61104797
0.61104797
0.61104797
0.61104797
0.61104797
0.52820372
0.52651351
0.51015411
0.51015411
0.51015411
0.55102645
0.55102645
0.55102645
0.55102645
0.57948898
0.57948898
0.59579953
0.59579953
0.59579953
0.62526622
0.64433038
0.64433038
0.64433038
0.6231167
0.6231167
0.6231167
0.63712649
0.63712649
0.63712649
0.63712649
0.69807438
0.71554216
0.72499246
0.72499246
0.72499246
0.67745471
0.63216814
0.63216814
0.63216814
0.63216814
0.63216814
0.63216814
0.63216814
0.62706147
0.62706147
0.62706147
0.62706147
0.62706147
0.62706147
0.62706147
0.62706147
0.62706147
0.62706147
0.62706147
0.62706147
0.62706147
0.62706147
0.62706147
0.66278298
0.71260774
0.71260774
0.71260774
0.7011588
0.63112231
0.63112231
0.63112231
0.69443305
0.75751861
0.75751861
0.75751861
0.75751861
0.75751861
0.75751861
0.75751861
0.75751861
0.75751861
0.72961626
0.72961626
0.72961626
0.7586159
0.7586159
0.7586159
0.7586159
0.7586159
0.7586159
0.7730095
0.80674381
0.80674381
0.80674381
0.75207015
0.75207015
0.75207015
0.77318301
0.77318301
0.77318301
0.77318301
0.76967147
0.76967147
0.76967147
0.72021891
0.72021891
0.72021891
0.71181895
0.71181895
0.71181895
0.72173804
0.72173804
0.72173804
0.72173804
0.62615894
0.62615894
0.60243239
0.60243239
0.60243239
0.61973901
0.61973901
0.61973901
0.61973901
0.61973901
0.61973901
0.61973901
0.67682427
0.67682427
0.67876176
0.67876176
0.67876176
0.63411857
0.63411857
0.63411857
0.63411857
0.63411857
0.60167972
0.53130009
0.53130009
0.53130009
0.65224932
0.65224932
0.7072584
0.7072584
0.7072584
0.75390014
0.75390014
0.75390014
0.71292696
0.71292696
0.71292696
0.76374341
0.76432351
0.76432351
0.79427198
0.82537198
0.82537198
0.82537198
0.80674583
0.80674583
0.80674583
0.82764734
0.90048179
0.90048179
0.90048179
0.93714323
0.93714323
0.93714323
0.93714323
0.93714323
0.93714323
0.91948078
0.88978161
0.8865289
0.8865289
0.88293561
0.88293561
0.88293561
0.82672246
0.82672246
0.82672246
0.77344824
0.74778377
0.74778377
0.74778377
0.79797882
0.85688251
0.85688251
0.85688251
0.85688251
0.85688251
0.85688251
0.85688251
0.83227482
0.83227482
0.81611102
0.81611102
0.81611102
0.78172153
0.74189089
0.74189089
0.66692964
0.66692964
0.61580058
0.61580058
0.61580058
0.55563559
0.52877081
0.52877081
0.52877081
0.50637858
0.49300245
0.49300245
0.49300245
0.42118585
0.42118585
0.42118585
0.4267402
0.4267402
0.4267402
0.4267402
0.4267402
0.42570328
0.42570328
0.39516285
0.3575273
0.27717818
0.2746746
0.2746746
0.2746746
0.28375347
0.28375347
0.28375347
0.27561433
0.27561433
0.27561433
0.27561433
0.27561433
0.27561433
0.27561433
0.27561433
0.27561433
0.3077959
0.3077959
0.3077959
0.33636384
0.33636384
0.33636384
0.31861783
0.27550828
0.27550828
0.27550828
0.27550828
0.27550828
0.27550828
0.28892602
0.2933644
0.2933644
0.40728743
0.40728743
0.40728743
0.40728743
0.40728743
0.40728743
0.40728743
0.45046799
0.45046799
0.45046799
0.44131697
0.44131697
0.44131697
0.44131697
0.44131697
0.44131697
0.44131697
0.44131697
0.44131697
0.44131697
0.44131697
0.47079637
0.47079637
0.47079637
0.4674868
0.4674868
0.4674868
0.47486437
0.47486437
0.47486437
0.46812674
0.46812674
0.46812674
0.51678616
0.51678616
0.51678616
0.51678616
0.51678616
0.51678616
0.50827196
0.50827196
0.50827196
0.51749744
0.51749744
0.51749744
0.51749744
0.51749744
0.51749744
0.51749744
0.51749744
0.51749744
0.51749744
0.56779493
0.56779493
0.56779493
0.56779493
0.56779493
0.56779493
0.56779493
0.56779493
0.56868277
0.56868277
0.57543109
0.57543109
0.57543109
0.57543109
0.57543109
0.57543109
0.54600513
0.54600513
0.54600513
0.56978097
0.59617313
0.61164072
0.61164072
0.61164072
0.61164072
0.61164072
0.63484316
0.64376454
0.64376454
0.64376454
0.63628142
0.63628142
0.62941568
0.62941568
0.62941568
0.70230515
0.7236778
0.74368521
0.74368521
0.74368521
0.74368521
0.74368521
0.76829563
0.79210958
0.79210958
0.80191926
0.80191926
0.86748492
0.86748492
0.86748492
0.86748492
0.86146425
0.86146425
0.84628661
0.83141843
0.82915263
0.82915263
0.82915263
0.83707193
0.83707193
0.83707193
0.83707193
0.83707193
0.83707193
0.83707193
0.83707193
0.84214603
0.84214603
0.84214603
0.82277847
0.78155438
0.78155438
0.78155438
0.78155438
0.78155438
0.75572049
0.7505451
0.7505451
0.7505451
0.71754164
0.71754164
0.71754164
0.7375836
0.8000011
0.8000011
0.8000011
0.8000011
0.8000011
0.8000011
0.8000011
0.8000011
0.8000011
0.8000011
0.81487729
0.81487729
0.81487729
0.79203774
0.78650293
0.78650293
0.78650293
0.79971692
0.79971692
0.79971692
0.78478706
0.78478706
0.78478706
0.78478706
0.75476167
0.75476167
0.75476167
0.79476492
0.79476492
0.79476492
0.79476492
0.74066838
0.74066838
0.74066838
0.74066838
0.69406587
0.67282987
0.67282987
0.67282987
0.67282987
0.67282987
0.66481781
0.66481781
0.66481781
0.73092115
0.73092115
0.73092115
0.66400761
0.60677878
0.59529249
0.59529249
0.59529249
0.60324336
0.6183264
0.6183264
0.69094282
0.69094282
0.69094282
0.69094282
0.69094282
0.63566289
0.63566289
0.60650216
0.60650216
0.56182546
0.56182546
0.56182546
0.62067938
0.66599869
0.66599869
0.66599869
0.66275545
0.66275545
0.65128723
0.56467742
0.55783905
0.55783905
0.55783905
0.55783905
0.55783905
0.55783905
0.55563582
0.55563582
0.55563582
0.57240274
0.57240274
0.57240274
0.57240274
0.56645323
0.56645323
0.55999891
0.55221087
0.55221087
0.55221087
0.55221087
0.52092524
0.52092524
0.52092524
0.53406352
0.53406352
0.56682665
0.56682665
0.56682665
0.56682665
0.56357191
0.54333902
0.53252309
0.51186221
0.51186221
0.51186221
0.51186221
0.51186221
0.51641736
0.51924764
0.51924764
0.51924764
0.51924764
0.51924764
0.53529648
0.53529648
0.53529648
0.53529648
0.53529648
0.53529648
0.53529648
0.59322485
0.59322485
0.59322485
0.59322485
0.59322485
0.59322485
0.59322485
0.64633321
0.64633321
0.64633321
0.64633321
0.66845032
0.66845032
0.66845032
0.66845032
0.71192974
0.71629794
0.71629794
0.71629794
0.70407515
0.69948841
0.69948841
0.69677786
0.66346452
0.64448054
0.64448054
0.64448054
0.61536895
0.57440331
0.57440331
0.57440331
0.57440331
0.57440331
0.57806451
0.58060838
0.58060838
0.58060838
0.58060838
0.58060838
0.58060838
0.58060838
0.58060838
0.58808803
0.58808803
0.58808803
0.56706658
0.56706658
0.56706658
0.56706658
0.56706658
0.56706658
0.57362323
0.59840456
0.59840456
0.59840456
0.60518021
0.66707629
0.66707629
0.66707629
0.65383243
0.6348152
0.6348152
0.6348152
0.6348152
0.6348152
0.6348152
0.62153962
0.59991285
0.58795923
0.58795923
0.58785712
0.5611641
0.5611641
0.5557638
0.5557638
0.5557638
0.5557638
0.57542644
0.57963639
0.57963639
0.59188085
0.59188085
0.59188085
0.62321052
0.62321052
0.62321052
0.61919512
0.61839596
0.61839596
0.61839596
0.61839596
0.64579801
0.65480201
0.67371895
0.71621124
0.72362161
0.75932917
0.75932917
0.75932917
0.75722544
0.72114525
0.72114525
0.72114525
0.72114525
0.74221519
0.74221519
0.75085051
0.7601975
0.7601975
0.7601975
0.79202013
0.79202013
0.79202013
0.76731743
0.74234231
0.74234231
0.74234231
0.77333176
0.77333176
0.77333176
0.76762393
0.76762393
0.76762393
0.76762393
0.75631601
0.75225461
0.75225461
0.75225461
0.76272578
0.76584931
0.77380927
0.77380927
0.77380927
0.7565
0.72859158
0.70737745
0.70737745
0.70737745
0.70737745
0.70737745
0.70737745
0.70737745
0.70737745
0.67844025
0.67844025
0.67844025
0.67844025
0.65627746
0.65627746
0.65627746
0.65627746
0.67195291
0.67620551
0.70895556
0.73028981
0.73028981
0.73028981
0.70448753
0.70448753
0.70448753
0.70448753
0.70448753
0.70254533
0.70254533
0.6965278
0.6965278
0.6496672
0.6496672
0.6496672
0.6496672
0.6496672
0.6496672
0.6496672
0.6496672
0.6496672
0.6496672
0.66727424
0.66727424
0.66727424
0.66727424
0.66727424
0.66727424
0.66727424
0.66970825
0.66970825
0.66970825
0.69132714
0.69132714
0.71572033
0.71572033
0.71572033
0.67456074
0.66384307
0.46950353
0.4460182
0.4460182
0.3969869
0.3969869
0.3969869
0.40832604
0.42493816
0.46586126
0.46586126
0.46586126
0.46586126
0.46586126
0.48517078
0.55920455
0.55920455
0.55920455
0.55203239
0.55203239
0.55203239
0.55759136
0.55759136
0.56715847
0.57368466
0.57368466
0.57368466
0.57910321
0.57910321
0.57910321
0.60964015
0.62538128
0.63042015
0.63042015
0.63042015
0.62842799
0.62842799
0.60976197
0.60760271
0.57458829
0.53955619
0.53955619
0.53955619
0.53955619
0.53724945
0.53724945
0.53724945
0.54259687
0.58860719
0.60031813
0.60031813
0.60031813
0.59659045
0.59659045
0.59659045
0.59659045
0.59659045
0.57516382
0.57516382
0.57516382
0.57411799
0.57411799
0.57411799
0.57411799
0.57411799
0.5724107
0.5724107
0.5724107
0.5724107
0.5724107
0.5724107
0.5724107
0.5724107
0.55301815
0.53007745
0.53007745
0.50736264
0.50736264
0.50736264
0.54029311
0.54029311
0.54029311
0.54029311
0.54029311
0.54029311
0.52338607
0.52338607
0.52338607
0.54222028
0.54222028
0.54222028
0.54222028
0.54222028
0.54222028
0.52166491
0.52166491
0.52166491
0.52166491
0.50524491
0.46205285
0.06109396
0.06109396
0.06109396
0.16003212
0.16003212
0.16003212
0.16003212
0.16003212
0.16003212
0.16623689
0.19198809
0.19198809
0.19198809
0.19198809
0.21359613
0.21359613
0.24767748
0.24767748
0.24767748
0.24767748
0.24767748
0.24767748
0.24767748
0.18721704
0.18721704
0.18721704
0.22829522
0.26239556
0.26239556
0.26239556
0.24827503
0.24269188
0.24269188
0.24269188
0.68809351
0.70961224
0.71774195
0.72416968
0.72416968
0.72416968
0.74809196
0.77581196
0.79295299
0.83573892
0.83573892
0.83573892
0.83573892
0.83573892
0.82478707
0.82478707
0.77930493
0.74477012
0.74477012
0.74477012
0.74477012
0.77474715
0.77474715
0.77474715
0.77474715
0.68706837
0.68706837
0.68706837
0.74856982
0.74856982
0.74856982
0.68293233
0.68293233
0.68293233
0.72025579
0.72025579
0.72025579
0.72025579
0.72025579
0.73667135
0.73774718
0.73774718
0.73774718
0.66569528
0.66569528
0.66569528
0.66737638
0.66737638
0.66737638
0.66737638
0.66737638
0.64813932
0.64813932
0.64813932
0.64813932
0.64813932
0.60033136
0.60033136
0.60033136
0.60449475
0.64131612
0.64131612
0.64131612
0.64131612
0.66900092
0.71034165
0.71034165
0.71034165
0.71034165
0.71577586
0.71577586
0.71577586
0.71577586
0.71090627
0.62331789
0.61345722
0.57902118
0.57902118
0.57902118
0.57902118
0.57902118
0.57902118
0.57902118
0.57902118
0.57902118
0.57902118
0.56999862
0.56999862
0.56999862
0.6034903
0.6034903
0.6034903
0.57943051
0.5495588
0.51611786
0.51611786
0.51611786
0.51611786
0.51611786
0.54319014
0.54319014
0.54319014
0.54319014
0.46635052
0.46499366
0.46499366
0.46499366
0.48116372
0.4938619
0.52140769
0.52140769
0.52140769
0.51343899
0.51343899
0.51343899
0.56801109
0.57067037
0.57192856
0.57192856
0.57192856
0.54975472
0.54975472
0.54975472
0.55507913
0.57296874
0.57296874
0.57296874
0.57296874
0.57296874
0.57296874
0.57296874
0.57296874
0.52363389
0.52363389
0.52363389
0.52977713
0.52977713
0.52977713
0.52977713
0.51766086
0.51766086
0.51766086
0.51766086
0.52048627
0.52048627
0.52048627
0.52048627
0.52048627
0.57693359
0.64005076
0.65893184
0.65893184
0.65893184
0.58907578
0.58907578
0.58907578
0.58907578
0.58907578
0.58907578
0.58907578
0.58907578
0.56901516
0.56901516
0.56901516
0.56901516
0.56901516
0.56901516
0.56901516
0.56901516
0.53383616
0.50867062
0.50867062
0.50867062
0.5553909
0.55709875
0.55709875
0.55709875
0.43892548
0.41813026
0.38383035
0.38383035
0.38383035
0.44714504
0.46607761
0.46607761
0.52853346
0.52853346
0.52853346
0.52853346
0.52853346
0.52853346
0.52853346
0.52853346
0.52853346
0.51138916
0.51138916
0.47806966
0.44325128
0.44325128
0.40832611
0.40832611
0.40832611
0.40832611
0.40832611
0.45596226
0.45596226
0.45596226
0.45596226
0.55030205
0.55030205
0.55030205
0.55030205
0.55030205
0.49616564
0.49616564
0.49616564
0.53463489
0.53463489
0.53463489
0.53463489
0.55713092
0.55713092
0.55713092
0.55713092
0.52497959
0.52497959
0.52497959
0.56356521
0.56356521
0.56356521
0.52400708
0.52400708
0.52400708
0.49919534
0.48084561
0.46707975
0.46707975
0.46707975
0.35592152
0.35592152
0.35592152
0.36007986
0.36418095
0.380489
0.380489
0.380489
0.41973191
0.41973191
0.41973191
0.41973191
0.41973191
0.50082994
0.55901825
0.55901825
0.55901825
0.55668116
0.54805236
0.54805236
0.52000339
0.51455599
0.51455599
0.51455599
0.51455599
0.51455599
0.51455599
0.51455599
0.51455599
0.51455599
0.45528028
0.41323053
0.308712
0.05644233
0.02748874
0.02748874
0.02748874
0.10777452
0.32939606
0.41237005
0.41237005
0.4251523
0.4251523
0.4251523
0.48914097
0.48914097
0.48914097
0.48914097
0.49741374
0.52652167
0.52652167
0.57303044
0.57589893
0.57589893
0.57589893
0.57589893
0.57589893
0.57589893
0.57589893
0.57589893
0.58982708
0.58982708
0.58982708
0.58982708
0.58982708
0.58982708
0.54015923
0.54015923
0.50954281
0.50954281
0.50151825
0.50151825
0.47777671
0.47777671
0.47777671
0.48277806
0.53502392
0.53704557
0.53704557
0.55475892
0.57308274
0.57308274
0.57308274
0.57308274
0.57308274
0.58602979
0.59376194
0.59376194
0.63585546
0.63585546
0.63585546
0.63585546
0.63585546
0.63585546
0.63585546
0.63585546
0.69576166
0.69576166
0.69576166
0.69189675
0.69189675
0.69189675
0.67945828
0.67945828
0.67945828
0.67945828
0.67945828
0.67945828
0.67945828
0.67945828
0.69892261
0.69892261
0.69892261
0.69892261
0.69892261
0.69892261
0.69892261
0.69892261
0.69892261
0.69892261
0.69826162
0.69826162
0.69825166
0.69825166
0.67113186
0.67113186
0.67113186
0.70506338
0.70506338
0.70506338
0.70506338
0.70506338
0.7159746
0.7159746
0.7159746
0.70788019
0.70788019
0.70788019
0.74831725
0.74831725
0.74831725
0.81677594
0.81837929
0.81837929
0.81837929
0.81837929
0.81837929
0.92285341
0.92285341
0.92285341
0.86177264
0.86177264
0.86177264
0.86985773
0.86985773
0.86985773
0.88509472
0.88509472
0.88509472
0.88509472
0.88509472
0.88509472
0.88509472
0.88509472
0.88509472
0.90637978
0.90637978
0.90718825
0.93409066
0.93409066
0.93409066
0.93409066
0.95966268
0.95966268
0.95966268
0.95966268
0.95966268
0.93714412
0.70355821
0.68104936
0.67841208
0.67841208
0.67841208
0.67993613
0.67993613
0.67993613
0.59653551
0.59464477
0.59464477
0.59464477
0.61981889
0.61981889
0.61981889
0.61294533
0.61294533
0.61294533
0.61294533
0.61294533
0.61294533
0.61294533
0.68530422
0.68530422
0.68530422
0.68530422
0.68530422
0.66262286
0.66262286
0.66262286
0.67732083
0.67732083
0.67732083
0.67732083
0.67732083
0.67732083
0.67732083
0.73146433
0.73146433
0.73146433
0.73146433
0.75540995
0.75540995
0.75540995
0.75363789
0.75363789
0.73540937
0.73540937
0.73540937
0.86043259
0.86043259
0.86043259
0.86043259
0.79928468
0.79928468
0.79498563
0.77632651
0.77632651
0.72607966
0.72607966
0.72607966
0.72607966
0.84975783
0.84975783
0.84975783
0.81570177
0.7846545
0.7671883
0.7671883
0.7589109
0.7589109
0.69243999
0.69243999
0.69243999
0.69243999
0.69243999
0.69840174
0.71832223
0.71832223
0.71832223
0.71832223
0.71832223
0.71832223
0.75249371
0.75249371
0.75249371
0.72370877
0.71118546
0.68552433
0.68552433
0.68552433
0.68552433
0.68552433
0.68552433
0.68552433
0.68552433
0.68552433
0.68552433
0.68552433
0.68552433
0.68552433
0.68552433
0.68552433
0.67134982
0.66288998
0.66288998
0.66288998
0.67835869
0.69618576
0.69618576
0.69618576
0.69618576
0.69618576
0.69618576
0.69618576
0.69618576
0.69618576
0.69618576
0.69618576
0.69618576
0.69618576
0.69618576
0.69618576
0.69618576
0.68161222
0.67271877
0.67271877
0.67271877
0.67271877
0.67271877
0.66049883
0.66049883
0.65199898
0.65199898
0.65199898
0.65199898
0.1508404
0.1508404
0.1508404
0.19100711
0.20315345
0.20315345
0.20315345
0.20315345
0.19790639
0.19790639
0.19790639
0.19790639
0.19790639
0.19790639
0.19790639
0.19790639
0.19790639
0.23144112
0.23874217
0.23874217
0.23874217
0.23874217
0.23874217
0.22297267
0.21132247
0.21132247
0.21132247
0.24144682
0.24144682
0.24144682
0.24144682
0.22331888
0.22331888
0.22331888
0.22331888
0.26210439
0.26210439
0.26210439
0.26210439
0.26210439
0.24987189
0.24987189
0.24987189
0.24987189
0.25401597
0.25852868
0.279002
0.29957985
0.29957985
0.29957985
0.29957985
0.26641112
0.26641112
0.26641112
0.26641112
0.24003183
0.24003183
0.24003183
0.23334959
0.23334959
0.22911148
0.22911148
0.22911148
0.25783944
0.25783944
0.26472387
0.55630498
0.55630498
0.55630498
0.55630498
0.59548585
0.59548585
0.62205363
0.66896321
0.66896321
0.66896321
0.62224699
0.62224699
0.62224699
0.62224699
0.62224699
0.61805931
0.61805931
0.61805931
0.61805931
0.60944245
0.60944245
0.60944245
0.60944245
0.60944245
0.61804677
0.70287376
0.70287376
0.70287376
0.68983678
0.68194718
0.68194718
0.67781752
0.67781752
0.67781752
0.67781752
0.67781752
0.58553566
0.56990976
0.52342737
0.52342737
0.52342737
0.52342737
0.52342737
0.52342737
0.52342737
0.52342737
0.52342737
0.5364938
0.55120748
0.56052351
0.56052351
0.56052351
0.56052351
0.559397
0.559397
0.559397
0.559397
0.559397
0.54642244
0.5304876
0.50152631
0.50152631
0.50152631
0.50152631
0.50152631
0.50152631
0.50152631
0.50152631
0.50152631
0.4573239
0.43590555
0.43590555
0.43590555
0.43590555
0.43590555
0.43590555
0.43590555
0.43590555
0.43590555
0.51352262
0.51352262
0.51352262
0.41735431
0.41735431
0.36565743
0.36565743
0.36565743
0.40061416
0.40061416
0.40061416
0.34887797
0.34887797
0.33864733
0.33864733
0.33864733
0.33864733
0.36397555
0.4446756
0.49169697
0.49169697
0.49169697
0.46224126
0.43599526
0.42643138
0.40325384
0.40325384
0.40325384
0.40325384
0.40325384
0.40325384
0.40325384
0.40325384
0.3900785
0.3900785
0.3900785
0.3900785
0.3900785
0.3900785
0.3900785
0.3900785
0.42259108
0.42259108
0.47747291
0.47747291
0.47747291
0.51615889
0.54742654
0.54742654
0.57812585
0.57812585
0.57812585
0.57717147
0.57717147
0.57717147
0.57717147
0.51454498
0.51454498
0.51454498
0.51454498
0.51454498
0.55014107
0.56633756
0.56633756
0.56633756
0.58120285
0.58120285
0.58120285
0.57747986
0.57747986
0.57747986
0.57747986
0.57747986
0.57747986
0.61536659
0.63794013
0.63794013
0.63794013
0.63794013
0.63794013
0.63794013
0.66626032
0.66626032
0.67401905
0.67401905
0.67401905
0.62574582
0.60844964
0.60844964
0.60844964
0.55412336
0.55412336
0.54525672
0.54444146
0.54444146
0.54444146
0.54444146
0.54444146
0.53156639
0.50380419
0.50380419
0.48979314
0.46459732
0.45510416
0.45510416
0.45510416
0.45510416
0.45510416
0.43817994
0.43817994
0.43817994
0.41769167
0.39959734
0.39959734
0.39181191
0.39181191
0.39181191
0.4108163
0.4108163
0.4108163
0.4108163
0.4108163
0.4108163
0.4108163
0.4108163
0.4108163
0.40445393
0.40445393
0.40209953
0.40209953
0.40209953
0.4017937
0.4017937
0.4017937
0.42690454
0.42690454
0.42690454
0.42690454
0.42690454
0.43138996
0.43138996
0.43138996
0.42015668
0.42015668
0.42015668
0.48587922
0.48587922
0.48587922
0.5287056
0.55938317
0.57497414
0.57497414
0.57497414
0.57497414
0.61684429
0.61684429
0.61684429
0.61684429
0.60816738
0.60816738
0.60816738
0.60816738
0.60816738
0.60816738
0.60816738
0.60816738
0.59572588
0.59572588
0.59572588
0.69882914
0.69882914
0.69882914
0.69234143
0.68226722
0.65836042
0.65836042
0.65836042
0.66483536
0.66483536
0.66483536
0.66483536
0.66483536
0.66483536
0.66483536
0.66483536
0.66483536
0.64882183
0.64882183
0.64882183
0.70219954
0.70219954
0.70219954
0.70219954
0.70219954
0.65976987
0.65976987
0.65976987
0.65976987
0.65976987
0.65976987
0.65976987
0.65976987
0.65976987
0.68223732
0.68223732
0.68223732
0.68223732
0.68223732
0.71584225
0.71584225
0.71584225
0.68070693
0.68011518
0.68011518
0.68011518
0.70909656
0.70909656
0.73395005
0.73395005
0.73395005
0.73395005
0.73395005
0.73395005
0.73102038
0.69673855
0.69673855
0.69673855
0.71583808
0.71583808
0.71583808
0.70656801
0.6987664
0.6987664
0.67843574
0.67843574
0.67843574
0.69721956
0.71205026
0.71205026
0.71205026
0.71205026
0.71205026
0.73643074
0.73643074
0.73643074
0.73643074
0.73643074
0.73643074
0.73414265
0.73414265
0.73414265
0.73414265
0.73414265
0.71932698
0.70860275
0.70860275
0.68938015
0.68938015
0.68938015
0.68938015
0.59883887
0.57580722
0.57580722
0.57580722
0.57580722
0.60552761
0.60552761
0.60552761
0.51639314
0.50082949
0.47995016
0.46813216
0.46813216
0.46813216
0.48407549
0.48407549
0.48407549
0.48407549
0.53946141
0.53946141
0.53946141
0.53946141
0.53946141
0.51515087
0.51515087
0.51515087
0.51515087
0.51515087
0.51515087
0.530947
0.5578058
0.5578058
0.61424033
0.61424033
0.61424033
0.61096
0.61096
0.61096
0.66054449
0.71995255
0.72856678
0.75114184
0.75114184
0.75114184
0.75114184
0.75114184
0.75114184
0.72093766
0.72093766
0.67668311
0.63237439
0.61932815
0.61932815
0.61932815
0.61932815
0.61932815
0.61932815
0.63661141
0.63661141
0.63661141
0.65817435
0.65817435
0.65817435
0.65817435
0.65817435
0.65817435
0.65817435
0.65817435
0.65817435
0.65817435
0.63215569
0.63215569
0.63215569
0.63215569
0.63215569
0.63215569
0.63215569
0.63215569
0.57811833
0.57811833
0.57811833
0.62772885
0.62772885
0.62772885
0.62772885
0.62772885
0.69288216
0.70318613
0.70318613
0.73588577
0.74464642
0.74464642
0.81129674
0.81129674
0.81129674
0.66560328
0.62587798
0.57508532
0.57508532
0.57508532
0.57508532
0.57508532
0.57508532
0.57508532
0.55606875
0.55606875
0.54677381
0.54677381
0.44446898
0.36999755
0.36999755
0.36999755
0.37074056
0.39429459
0.41330311
0.41330311
0.41330311
0.44516883
0.48942618
0.48942618
0.63555786
0.63574666
0.63574666
0.63574666
0.63574666
0.63574666
0.63574666
0.63574666
0.63574666
0.63574666
0.63574666
0.63574666
0.63574666
0.63574666
0.63574666
0.63574666
0.63574666
0.63574666
0.63574666
0.63574666
0.63574666
0.62180985
0.62180985
0.62180985
0.62180985
0.62180985
0.62180985
0.57711254
0.57711254
0.57711254
0.57711254
0.58550572
0.58550572
0.58550572
0.58550572
0.58550572
0.52112838
0.51723583
0.51723583
0.51723583
0.57776161
0.60515981
0.61535969
0.61535969
0.61535969
0.61535969
0.61535969
0.6046405
0.6046405
0.6046405
0.6046405
0.6046405
0.6046405
0.6046405
0.6046405
0.6046405
0.60935098
0.62675551
0.62675551
0.62675551
0.62675551
0.62675551
0.62675551
0.62675551
0.6384561
0.64325679
0.70186224
0.70186224
0.70186224
0.70186224
0.70186224
0.70186224
0.70186224
0.66542073
0.66542073
0.66542073
0.62108269
0.62108269
0.61767629
0.61767629
0.61767629
0.67652564
0.67652564
0.67652564
0.67652564
0.67652564
0.67652564
0.67652564
0.67652564
0.67889016
0.67889016
0.67889016
0.67889016
0.67889016
0.66966843
0.66966843
0.66966843
0.65415632
0.65415632
0.65415632
0.65415632
0.57284755
0.55468228
0.50552973
0.50552973
0.50552973
0.50552973
0.50552973
0.50552973
0.54058635
0.54058635
0.54058635
0.54058635
0.54058635
0.53872598
0.45642008
0.45642008
0.45642008
0.45817705
0.5129411
0.5129411
0.5129411
0.6406204
