0.5743377
0.55464587
0.55470076
0.55470076
0.56353428
0.56668735
0.56668735
0.56822728
0.56822728
0.56822728
0.56506805
0.56506805
0.56506805
0.56506805
0.56506805
0.5680356
0.57638674
0.57844868
0.57844868
0.57844868
0.57844868
0.57844868
0.57844868
0.57451867
0.57451867
0.57451867
0.57451867
0.56809991
0.56809991
0.56809991
0.56809991
0.56809991
0.56809991
0.56561807
0.56561807
0.56561807
0.56561807
0.56524084
0.56524084
0.56524084
0.56524084
0.56524084
0.56524084
0.56524084
0.56524084
0.56769994
0.56944676
0.57035099
0.57035099
0.57035099
0.57035099
0.57035099
0.57033071
0.56102417
0.55700025
0.55006723
0.54794441
0.54794441
0.54794441
0.54794441
0.54794441
0.54794441
0.54509859
0.54509859
0.54509859
0.54552585
0.54552585
0.54770892
0.54770892
0.54770892
0.54770892
0.54770892
0.54770892
0.54697841
0.53625217
0.53625217
0.53625217
0.53625217
0.53625217
0.53625217
0.53887561
0.53887561
0.54427488
0.54427488
0.54427488
0.55021561
0.55021561
0.55021561
0.55021561
0.55021561
0.55021561
0.55021561
0.54764476
0.54522609
0.54522609
0.54522609
0.54522609
0.54522609
0.54522609
0.54522609
0.54153392
0.54153392
0.54153392
0.54153392
0.54153392
0.53259325
0.53259325
0.52664109
0.52664109
0.52664109
0.52924033
0.52924033
0.53539247
0.53539247
0.53539247
0.53539247
0.53539247
0.53539247
0.53539247
0.53539247
0.53539247
0.53539247
0.53539247
0.53241505
0.53241505
0.53241505
0.53371936
0.53873807
0.53882577
0.53882577
0.53882577
0.54026904
0.54026934
0.54232877
0.54562481
0.54562481
0.54562481
0.54562481
0.54438358
0.54438358
0.54406857
0.54406857
0.54406857
0.54578782
0.54958657
0.54958657
0.54958657
0.54875813
0.54389604
0.54389604
0.54389604
0.54361257
0.54158169
0.53854555
0.53854555
0.53854555
0.54239888
0.54419941
0.54419941
0.54419941
0.54621511
0.54782124
0.54782124
0.54782124
0.54782124
0.54782124
0.54782124
0.54782124
0.54782124
0.54782124
0.54694019
0.54694019
0.54694019
0.55091741
0.55109141
0.55109141
0.55528562
0.5563452
0.55648126
0.55648126
0.55648126
0.55648126
0.55648126
0.55648126
0.56316865
0.56316865
0.56316865
0.56316865
0.56316865
0.56316865
0.56036928
0.55886478
0.55886478
0.55886478
0.56038618
0.56038618
0.56086214
0.56168464
0.56168464
0.56168464
0.56114217
0.56111765
0.56111765
0.56111765
0.56111765
0.56111765
0.56111765
0.56111765
0.56547917
0.56547917
0.57153241
0.57153241
0.57153241
0.56895185
0.56895185
0.56895185
0.56844187
0.56844187
0.56844187
0.56844187
0.56829633
0.5649689
0.56488519
0.56488519
0.56488519
0.56726082
0.56726082
0.56726082
0.56726082
0.5695345
0.5695345
0.5695345
0.56938536
0.56938536
0.56938536
0.56938536
0.57093608
0.57093608
0.57257729
0.57269149
0.57269149
0.57269149
0.58074606
0.58084269
0.58084269
0.58114006
0.5822482
0.58310989
0.58310989
0.58310989
0.58231661
0.58231661
0.58231661
0.58231661
0.58231661
0.57549028
0.57549028
0.57549028
0.57549028
0.57549028
0.57549028
0.57549028
0.57549028
0.57549028
0.57549028
0.57549028
0.57549028
0.57549028
0.57549028
0.57549028
0.57549028
0.57549028
0.57549028
0.5757958
0.5757958
0.5757958
0.5757958
0.57524457
0.57524457
0.57524457
0.5789225
0.60526156
0.60526156
0.60526156
0.60526156
0.60526156
0.60526156
0.6319392
0.6319392
0.6319392
0.62242818
0.62242818
0.61768459
0.61768459
0.61768459
0.59653596
0.59653596
0.59653596
0.59653596
0.64467826
0.64699798
0.64699798
0.64699798
0.64699798
0.63545704
0.63545704
0.63545704
0.61407931
0.61091256
0.60544021
0.60544021
0.59952074
0.59702374
0.59702374
0.59702374
0.61368886
0.61368886
0.61368886
0.59752772
0.59181945
0.59181945
0.59181945
0.59217248
0.59217248
0.59217248
0.59217248
0.59217248
0.59217248
0.59217248
0.59217248
0.59217248
0.59217248
0.59091587
0.57613156
0.57613156
0.55815392
0.55815392
0.55327929
0.55327929
0.55327929
0.55327929
0.55327929
0.55327929
0.54335101
0.54335101
0.54335101
0.54335101
0.53322973
0.53322973
0.53167389
0.53167389
0.52933823
0.52933823
0.52933823
0.52998044
0.53380128
0.53380128
0.53380128
0.53380128
0.53380128
0.53530539
0.53530539
0.54137445
0.55024569
0.55024569
0.55024569
0.55024569
0.55594729
0.55594729
0.55594729
0.5711376
0.58772234
0.59917078
0.60833944
0.60833944
0.62790345
0.63217217
0.63804895
0.63804895
0.63804895
0.63687784
0.63686601
0.63335682
0.63305465
0.63155336
0.62920782
0.62920782
0.62920782
0.62920782
0.62386045
0.62055449
0.62019549
0.61495426
0.61495426
0.61495426
0.61495426
0.61495426
0.61495426
0.63148495
0.63148495
0.63148495
0.61633432
0.61575579
0.61575579
0.61515223
0.61515223
0.61515223
0.62239583
0.62239583
0.62239583
0.62239583
0.62239583
0.62239583
0.62239583
0.62239583
0.62239583
0.60976849
0.60530367
0.60530367
0.60530367
0.60530367
0.60530367
0.60530367
0.60530367
0.60530367
0.60530367
0.60530367
0.60164785
0.60164785
0.60164785
0.59943107
0.59480123
0.59480123
0.59480123
0.59480123
0.59480123
0.59480123
0.59480123
0.59480123
0.59480123
0.59480123
0.59203661
0.59203661
0.59057592
0.59057592
0.59057592
0.59057592
0.59057592
0.59057592
0.59057592
0.59057592
0.59057592
0.59290923
0.59290923
0.59290923
0.59290923
0.59290923
0.59290923
0.5909167
0.5909167
0.5909167
0.58858285
0.58858285
0.58858285
0.58858285
0.58858285
0.58858285
0.59298333
0.59299189
0.60310231
0.60310231
0.60310231
0.59487653
0.59487653
0.59487653
0.59371155
0.59371155
0.59371155
0.58944766
0.58944766
0.58944766
0.58944766
0.58733051
0.58733051
0.58733051
0.59229009
0.59229009
0.59229009
0.58905449
0.58478946
0.58465302
0.58465302
0.58465302
0.58488146
0.58488146
0.58752889
0.58752889
0.59027876
0.59027876
0.59027876
0.54218972
0.54218972
0.54218972
0.54218972
0.54218972
0.54291218
0.54291218
0.54291218
0.54955135
0.54955135
0.54955135
0.55431959
0.55431959
0.55640013
0.55640013
0.55640013
0.55640013
0.55640013
0.55969798
0.55969798
0.55969798
0.55969798
0.55969798
0.55969798
0.55969798
0.55554397
0.55252702
0.55252702
0.55252702
0.5590169
0.56064395
0.56515339
0.56515339
0.56515339
0.5640523
0.56039961
0.56039961
0.56039961
0.56039961
0.56039961
0.56039961
0.55840146
0.55840146
0.55335597
0.55335597
0.55335597
0.55335597
0.5570453
0.5570453
0.56295763
0.56659293
0.56659293
0.56659293
0.56729613
0.56729613
0.56729613
0.56729613
0.56729613
0.5591847
0.5591847
0.5591847
0.5591847
0.5591847
0.5591847
0.5591847
0.56072035
0.56481185
0.56481185
0.56481185
0.5587346
0.5587346
0.5587346
0.5587346
0.55608267
0.55608267
0.54937108
0.54937108
0.54937108
0.54845105
0.54845105
0.54845105
0.54845105
0.54867946
0.54867946
0.54867946
0.54867946
0.54867946
0.54867946
0.55370943
0.55370943
0.55370943
0.55370943
0.55788707
0.55788707
0.55788707
0.55788707
0.55788707
0.55788707
0.55788707
0.55741244
0.55741244
0.55741244
0.55888144
0.55888144
0.55888144
0.55888144
0.55888144
0.55493282
0.55493282
0.55493282
0.55493282
0.5582288
0.56068388
0.56068388
0.56068388
0.56068388
0.56068388
0.56068388
0.56068388
0.56221218
0.56221218
0.56221218
0.56221218
0.56207424
0.56021336
0.55840959
0.55840959
0.55840959
0.55840959
0.55771058
0.55399836
0.55399836
0.55399836
0.55399836
0.55399836
0.55541432
0.55541432
0.55541432
0.55905863
0.5629055
0.5629055
0.5629055
0.56017616
0.55951534
0.55951534
0.55951534
0.55951534
0.55951534
0.55951534
0.55951534
0.55951534
0.55951534
0.55951534
0.55951534
0.55951534
0.55951534
0.56030415
0.56822141
0.56822141
0.56822141
0.56132264
0.56132264
0.56132264
0.56132264
0.56132264
0.55974701
0.558127
0.558127
0.558127
0.558127
0.558127
0.5632908
0.5632908
0.5632908
0.5632908
0.5632908
0.5632908
0.5632908
0.5632908
0.5632908
0.56238511
0.56238511
0.56238511
0.56238511
0.56238511
0.55994888
0.55638905
0.55638905
0.55638905
0.55921568
0.55921568
0.55921568
0.55921568
0.55921568
0.55921568
0.56167727
0.56167727
0.56686715
0.56688676
0.56688676
0.56688676
0.56350864
0.56166578
0.56166578
0.56166578
0.56735314
0.56997158
0.56997158
0.56997158
0.56997158
0.56732054
0.56732054
0.56732054
0.56455772
0.56455772
0.56455772
0.56715932
0.56715932
0.56715932
0.56715932
0.56715932
0.5655623
0.5655623
0.5655623
0.56986107
0.56986107
0.57295524
0.57295524
0.57620421
0.57620421
0.57620421
0.57620421
0.57620421
0.57582289
0.57580077
0.57263627
0.57263627
0.56786399
0.56786399
0.56786399
0.57488817
0.57488817
0.57488817
0.57488817
0.57488817
0.56716783
0.56716783
0.56716783
0.56716783
0.5644686
0.54464727
0.54464727
0.54464727
0.54497315
0.54497315
0.54497315
0.54497315
0.54497315
0.54497315
0.54497315
0.54327985
0.54327985
0.54327985
0.54672443
0.54793882
0.54793882
0.54793882
0.54793882
0.55138661
0.55427612
0.55778457
0.55778457
0.55778457
0.55778457
0.55778457
0.56212325
0.56319756
0.56319756
0.56319756
0.57321387
0.57321387
0.57321387
0.585857
0.585857
0.585857
0.58489543
0.58489543
0.58489543
0.58489543
0.58489543
0.58489543
0.58825367
0.59409742
0.60748466
0.61769695
0.61769695
0.61769695
0.60731994
0.60731994
0.60731994
0.60731994
0.60731994
0.60731994
0.60731994
0.60731994
0.59505481
0.59505481
0.59505481
0.59505481
0.59505481
0.59684327
0.60389075
0.61044037
0.61044037
0.61194691
0.61241635
0.61241635
0.61241635
0.60690648
0.60690648
0.60690648
0.59965097
0.59965097
0.59800507
0.59800507
0.59783267
0.58563004
0.58563004
0.58563004
0.58563004
0.58643202
0.58643202
0.58643202
0.58643202
0.58643202
0.58643202
0.58643202
0.58643202
0.5930981
0.59378676
0.59378676
0.59378676
0.5849178
0.5849178
0.58092243
0.58092243
0.5799862
0.57976547
0.57976547
0.57976547
0.5824336
0.5824336
0.5824336
0.58288974
0.58612087
0.58612087
0.58612087
0.58612087
0.58612087
0.58692319
0.58692319
0.58692319
0.58692319
0.58692319
0.58692319
0.58692319
0.584906
0.584906
0.58421265
0.57360663
0.57360663
0.57360663
0.58142931
0.58356168
0.58356168
0.58718566
0.58718566
0.58718566
0.58718566
0.58741043
0.58741043
0.58741043
0.58741043
0.58741043
0.58741043
0.58419424
0.58419424
0.58419424
0.58419424
0.58419424
0.58419424
0.58419424
0.58419424
0.58842358
0.58842358
0.58842358
0.58842358
0.58842358
0.58842358
0.58842358
0.58805877
0.58805877
0.58805877
0.58805877
0.58805877
0.58805877
0.59022046
0.59022046
0.59022046
0.58426303
0.58426303
0.58426303
0.58426303
0.58426303
0.58426303
0.58426303
0.58426303
0.58426303
0.58426303
0.58426303
0.58426303
0.58426303
0.5767412
0.57649787
0.57649787
0.57649787
0.58150181
0.58150181
0.58150181
0.58150181
0.58150181
0.58154
0.58154
0.58154
0.58139673
0.58139673
0.58139673
0.58387539
0.58417863
0.58417863
0.58417863
0.58417863
0.58188946
0.57984798
0.57984798
0.57984798
0.57984798
0.58349795
0.58349795
0.58349795
0.58245283
0.58245283
0.57549643
0.57549643
0.57024638
0.57024638
0.57024638
0.57113065
0.57835843
0.57911037
0.57911037
0.57911037
0.57672867
0.57672867
0.57672867
0.57770664
0.57770664
0.57770664
0.58227606
0.58227606
0.58227606
0.58227606
0.58227606
0.58227606
0.58774314
0.58792963
0.58792963
0.58792963
0.58792963
0.5899256
0.59035268
0.59230674
0.59230674
0.59230674
0.59117907
0.59117907
0.59111426
0.5873397
0.58597333
0.58194451
0.58122263
0.58122263
0.58122263
0.58122263
0.58122263
0.58787889
0.59053754
0.59053754
0.59053754
0.58991464
0.56719651
0.56719651
0.56719651
0.56793387
0.56793387
0.56793387
0.57257495
0.57572881
0.57572881
0.57572881
0.56912335
0.56912335
0.56912335
0.56912335
0.56912335
0.56532805
0.56532805
0.56532805
0.5651717
0.5651717
0.5651717
0.5651717
0.5651717
0.5651717
0.5651717
0.57205367
0.57205367
0.57205367
0.56937596
0.56755971
0.56755971
0.56755971
0.56755971
0.56755971
0.56710476
0.56710476
0.56710476
0.56710476
0.56710476
0.56710476
0.5679397
0.5679397
0.5679397
0.5679397
0.57065229
0.57533193
0.57533193
0.57533193
0.57669596
0.57669596
0.5771481
0.57825955
0.57825955
0.57825955
0.57887197
0.57887197
0.57887197
0.57887197
0.57887197
0.57887197
0.57887197
0.57887197
0.57887197
0.58031215
0.58031215
0.58031215
0.57582344
0.57573982
0.57334151
0.57334151
0.57334151
0.57334151
0.57334151
0.57334151
0.57334151
0.57334151
0.57334151
0.57334151
0.56996474
0.56996474
0.56996474
0.56996474
0.56266772
0.56266772
0.56266772
0.56493003
0.56493003
0.56493003
0.56641382
0.56641382
0.56641382
0.56230163
0.56230163
0.56230163
0.56254757
0.56254757
0.56254757
0.5667863
0.5667863
0.56880323
0.56880323
0.56880323
0.56880323
0.56867611
0.56823032
0.56823032
0.56537357
0.56537357
0.5640587
0.5640587
0.55998145
0.55998145
0.55998145
0.56223704
0.56223704
0.56223704
0.56223704
0.56223704
0.56127323
0.56127323
0.56127323
0.56863494
0.57580656
0.57990501
0.57990501
0.57990501
0.56419876
0.56419876
0.56419876
0.56858677
0.56858677
0.56858677
0.56858677
0.57199619
0.57199619
0.57199619
0.57199619
0.57199619
0.57199619
0.57199619
0.57199619
0.57199619
0.57181488
0.57181488
0.57181488
0.57414532
0.57414532
0.57414532
0.57414532
0.57414532
0.57329543
0.57329543
0.57049725
0.57035722
0.56969009
0.56969009
0.56969009
0.57165187
0.57274208
0.57907648
0.57907648
0.57907648
0.57927716
0.58358295
0.58546546
0.58546546
0.58546546
0.58621135
0.58621135
0.58621135
0.5834082
0.5834082
0.5834082
0.5834082
0.5834082
0.5834082
0.5834082
0.5834082
0.5834082
0.5834082
0.5834082
0.5834082
0.5834082
0.5834082
0.5842656
0.5842656
0.5842656
0.5842656
0.5842656
0.5842656
0.5842656
0.5842656
0.5842656
0.5842656
0.5842656
0.5842656
0.5842656
0.5842656
0.58288122
0.58288122
0.58288122
0.58288122
0.58288122
0.58288122
0.58288122
0.58652718
0.58652718
0.58652718
0.58652718
0.58652718
0.58652718
0.58652718
0.58652718
0.58853535
0.58853535
0.58961153
0.59091688
0.59091688
0.59091688
0.59091688
0.59240665
0.59240665
0.59240665
0.59133543
0.59133543
0.59133543
0.59133543
0.59133543
0.59287328
0.59342251
0.59342251
0.59342251
0.59342251
0.59370346
0.59370346
0.59370346
0.59370346
0.59527789
0.59527789
0.59527789
0.59527789
0.59910011
0.59910011
0.59910011
0.59713006
0.59507458
0.59507458
0.59507458
0.59507458
0.59085386
0.54826228
0.54826228
0.54826228
0.54826228
0.54826228
0.5496325
0.5496325
0.5496325
0.5496325
0.5496325
0.5496325
0.5496325
0.5496325
0.5496325
0.5496325
0.54897037
0.54463321
0.54463321
0.54463321
0.54463321
0.5357826
0.53374513
0.52750959
0.52750959
0.52750959
0.53716148
0.53716148
0.53847502
0.54378609
0.54378609
0.54378609
0.54378609
0.54378609
0.54479461
0.54946539
0.54977732
0.54977732
0.54977732
0.54997529
0.56145
0.56727082
0.56727082
0.56727082
0.56719868
0.56719868
0.56719868
0.56719868
0.56719868
0.56719868
0.56719868
0.56719868
0.56719868
0.56719868
0.56719868
0.56719868
0.56738931
0.56738931
0.56821294
0.56821294
0.56821294
0.56821294
0.57408245
0.57408245
0.57408245
0.57408245
0.57408245
0.57408245
0.57372563
0.57372563
0.57372563
0.57372563
0.57372563
0.57476302
0.57476302
0.57484131
0.57484131
0.57484131
0.57484131
0.57484131
0.57484131
0.57484131
0.57484131
0.57484131
0.57484131
0.57484131
0.57484131
0.56792778
0.56337056
0.56337056
0.56337056
0.56337056
0.56337056
0.56337056
0.5627994
0.5533605
0.5531931
0.55187179
0.55052678
0.54704127
0.54704127
0.54704127
0.54830162
0.54830162
0.54886053
0.55368149
0.55444137
0.56085337
0.56165409
0.56165409
0.56165409
0.56165409
0.56165409
0.56165409
0.56165409
0.56165409
0.56309688
0.56309688
0.56309688
0.55812348
0.55812348
0.55812348
0.56206045
0.56351049
0.56351049
0.56351049
0.56351049
0.56351049
0.56351049
0.56351049
0.56351049
0.56351049
0.56297806
0.56297806
0.56297806
0.5772191
0.5772191
0.5772191
0.5772191
0.5772191
0.5772191
0.5772191
0.5772191
0.5772191
0.58024756
0.58024756
0.58024756
0.58024756
0.57835845
0.57286442
0.57286442
0.57286442
0.57286442
0.57286442
0.56478646
0.56478646
0.56229706
0.55871511
0.55871511
0.54996642
0.54996642
0.54996642
0.55197314
0.55657687
0.56152256
0.56152256
0.56152256
0.56152256
0.56515474
0.56515474
0.56515474
0.56515474
0.56515474
0.56515474
0.55404246
0.55404246
0.55404246
0.55930232
0.55930232
0.55930232
0.55930232
0.55930232
0.55930232
0.55892377
0.5556668
0.55518856
0.54545195
0.54545195
0.54545195
0.54637999
0.54637999
0.54839146
0.55256851
0.55724702
0.55724702
0.55724702
0.56290658
0.56290658
0.56598967
0.56598967
0.56818233
0.56818233
0.56818233
0.56337217
0.56337217
0.56337217
0.56337217
0.56337217
0.56256601
0.56256601
0.56256601
0.56256601
0.56256601
0.56282989
0.56311953
0.56311953
0.56311953
0.56311953
0.56311953
0.56020073
0.55800348
0.55478777
0.55478777
0.55478777
0.55478777
0.54997999
0.53799917
0.53799917
0.53799917
0.55579948
0.55579948
0.55579948
0.5490807
0.5490807
0.5490807
0.5490807
0.54995927
0.54995927
0.54995927
0.54995927
0.54835686
0.54835686
0.54835686
0.54835686
0.54835686
0.54835686
0.54835686
0.54835686
0.54835686
0.54835686
0.54835686
0.52759181
0.52759181
0.52759181
0.52759181
0.52759181
0.52759181
0.51947378
0.51654507
0.51654507
0.51654507
0.51654507
0.52792
0.52792
0.52792
0.5278378
0.5278378
0.5278378
0.5278378
0.5278378
0.5278378
0.5278378
0.53085851
0.53085851
0.53085851
0.53085851
0.53085851
0.52349839
0.52349839
0.52349839
0.52349839
0.52349839
0.53211692
0.53211692
0.53211692
0.53211692
0.52929424
0.52805544
0.52805544
0.52805544
0.52805544
0.52805544
0.52805544
0.52805544
0.52805544
0.52551983
0.52551983
0.52235875
0.52235875
0.52235875
0.53089079
0.53089079
0.53089079
0.53089079
0.53123711
0.53423647
0.53423647
0.53423647
0.53423647
0.53423647
0.53423647
0.53423647
0.52840504
0.52674064
0.52674064
0.52674064
0.52674064
0.52674064
0.52674064
0.52674064
0.52674064
0.52674064
0.52674064
0.52764407
0.52764407
0.52764407
0.52764407
0.52764407
0.53140584
0.53222274
0.53222274
0.53222274
0.53222274
0.53222274
0.53222274
0.53222274
0.53222274
0.53338534
0.53338534
0.53338534
0.53338534
0.53338534
0.53338534
0.53338534
0.53338534
0.53338534
0.53338534
0.53338534
0.53739244
0.53739244
0.53868453
0.53925576
0.53925576
0.53925576
0.53925576
0.53925576
0.54010856
0.54010856
0.54010856
0.54010856
0.53903153
0.5344295
0.5344295
0.5333432
0.5333432
0.52690037
0.52690037
0.52690037
0.53513765
0.53513765
0.53513765
0.53513765
0.53513765
0.53513765
0.53215283
0.53215283
0.53215283
0.53215283
0.53278055
0.53278055
0.53626364
0.53626364
0.53626364
0.53626364
0.53626364
0.53626364
0.53299147
0.53299147
0.53299147
0.53299147
0.53299147
0.53299147
0.53299147
0.53299147
0.53574387
0.53574387
0.53574387
0.53428654
0.53428654
0.53428654
0.53428654
0.53428654
0.53428654
0.53352935
0.53352935
0.53352935
0.53157724
0.53157724
0.53157724
0.53157724
0.53157724
0.53585954
0.53585954
0.53585954
0.53585954
0.53585954
0.53585954
0.53820633
0.53820633
0.53820633
0.53776828
0.53776828
0.53534603
0.53534603
0.53534603
0.53469925
0.53469925
0.53380274
0.53380274
0.53380274
0.53380274
0.53352679
0.53352679
0.52795832
0.52795832
0.52581656
0.52268986
0.52268986
0.52268986
0.52371704
0.5325657
0.5325657
0.5325657
0.5325657
0.5325657
0.5325657
0.5325657
0.5325657
0.53519955
0.53519955
0.53519955
0.53519955
0.53519955
0.53519955
0.53360376
0.53360376
0.53360376
0.53360376
0.53360376
0.53360376
0.53364934
0.53364934
0.53364934
0.53420273
0.53420273
0.53420273
0.53420273
0.53420273
0.5345702
0.5345702
0.53667998
0.53900662
0.53900662
0.53900662
0.53668961
0.53668961
0.53668961
0.53668961
0.53668961
0.5356691
0.53371606
0.5304407
0.5304407
0.5304407
0.5304407
0.5304407
0.5304407
0.5304407
0.5304407
0.52105423
0.52105423
0.52105423
0.52418554
0.52418554
0.52477798
0.52477798
0.53087822
0.53087822
0.53087822
0.53087822
0.53087822
0.53087822
0.55145436
0.55930841
0.55930841
0.5606677
0.5606677
0.5606677
0.5606677
0.5606677
0.5606677
0.56249675
0.56249675
0.56249675
0.56249675
0.56249675
0.56249675
0.56249675
0.56249675
0.56249675
0.56249675
0.56249675
0.56132507
0.56132507
0.56132507
0.56132507
0.56132507
0.56132507
0.56253046
0.57270937
0.57422206
0.57422206
0.57422206
0.57422206
0.57422206
0.57422206
0.57422206
0.57422206
0.57138943
0.57138943
0.57138943
0.56777642
0.5637506
0.56250016
0.56250016
0.56250016
0.56250016
0.56250016
0.5666192
0.5666192
0.56782597
0.56782597
0.56782597
0.55804695
0.55804695
0.55804695
0.55992676
0.55992676
0.55992676
0.55992676
0.55992676
0.55992676
0.55992676
0.55992676
0.55992676
0.55992676
0.55708825
0.55708825
0.55708825
0.56401271
0.56401271
0.56401271
0.56202768
0.55345195
0.55345195
0.55345195
0.55721564
0.55721564
0.55721564
0.55721564
0.55852
0.56046554
0.57033319
0.57033319
0.57033319
0.56882179
0.56882179
0.56882179
0.58138918
0.58138918
0.58138918
0.58138918
0.57986358
0.57291377
0.57291377
0.57291377
0.57291377
0.57291377
0.5820954
0.58983172
0.59438153
0.59438153
0.59438153
0.57814273
0.56502586
0.56502586
0.56502586
0.5669851
0.5669851
0.5669851
0.5669851
0.5669851
0.56711269
0.56711269
0.56711269
0.56711269
0.56711269
0.56711269
0.56296689
0.56296689
0.56296689
0.56296689
0.56296689
0.56296689
0.56296689
0.56296689
0.56296689
0.56296689
0.56296689
0.56089848
0.56089848
0.56089848
0.56282214
0.56455602
0.56455602
0.56455602
0.56455602
0.56455602
0.56455602
0.56455602
0.56455602
0.5577908
0.55222596
0.55222596
0.55222596
0.55222596
0.55222596
0.55222596
0.55222596
0.53419139
0.53419139
0.53419139
0.53981425
0.54940853
0.55906204
0.55906204
0.55906204
0.56375088
0.56375088
0.56375088
0.56375088
0.56375088
0.56375088
0.56375088
0.55760516
0.55760516
0.55733931
0.55733931
0.55733931
0.55733931
0.55733931
0.55733931
0.56037914
0.56037914
0.56037914
0.56037914
0.56037914
0.56037914
0.56037914
0.56037914
0.56037914
0.55994614
0.55994614
0.55994614
0.55994614
0.56014429
0.56014429
0.56797553
0.56797553
0.56797553
0.56662471
0.56662471
0.56662471
0.56739992
0.56751637
0.56751637
0.56751637
0.56751637
0.56751637
0.56751637
0.56751637
0.56256994
0.56256994
0.56256994
0.56256994
0.56256994
0.56256994
0.56657935
0.57264876
0.57264876
0.57264876
0.56818715
0.56473157
0.56473157
0.56473157
0.56473157
0.56473157
0.56526383
0.56526383
0.56526383
0.56526383
0.55588946
0.5461607
0.54424049
0.5411199
0.5411199
0.5411199
0.5411199
0.5411199
0.5411199
0.5411199
0.54201772
0.55047055
0.555334
0.56125738
0.5615343
0.5615343
0.5615343
0.55758586
0.55758586
0.55758586
0.56053272
0.56053272
0.56125466
0.56410805
0.56410805
0.56843881
0.56843881
0.57771328
0.57771328
0.57771328
0.55100028
0.54922233
0.53975035
0.53975035
0.53302193
0.53302193
0.53302193
0.53581042
0.53581042
0.53581042
0.53581042
0.53462083
0.53462083
0.53462083
0.53462083
0.53462083
0.53462083
0.53462083
0.53661553
0.53783772
0.54492686
0.54492686
0.54492686
0.54492686
0.54492686
0.54492686
0.54492686
0.54492686
0.54492686
0.55357691
0.55599714
0.55599714
0.55599714
0.55599714
0.56176663
0.56176663
0.56176663
0.56176663
0.56176663
0.56176663
0.55645775
0.55645775
0.55645775
0.55645775
0.55645775
0.55645775
0.55619467
0.55158926
0.55158926
0.55158926
0.5441644
0.5441644
0.5441644
0.54772356
0.54772356
0.54987119
0.5513621
0.5513621
0.5513621
0.5510562
0.5510562
0.5510562
0.55014583
0.55014583
0.54876778
0.54876778
0.54876778
0.54876778
0.54986944
0.54986944
0.54986944
0.54986944
0.55272623
0.55272623
0.55272623
0.55272623
0.55303128
0.55994465
0.55994465
0.56224368
0.56224368
0.56224368
0.55971724
0.5593953
0.55677734
0.55677734
0.55677734
0.55727253
0.55727253
0.55727253
0.55727253
0.55727253
0.55727253
0.55129028
0.55129028
0.55129028
0.55129028
0.55129028
0.55320013
0.55320013
0.55320013
0.55872367
0.55971618
0.55971618
0.55971618
0.55884089
0.55884089
0.55701967
0.55701967
0.55701967
0.55701967
0.55805162
0.55805162
0.55805162
0.55805162
0.55805162
0.56205422
0.56205422
0.56205422
0.56205422
0.56205422
0.56301514
0.56301514
0.56442445
0.56442445
0.56442445
0.56442445
0.56442445
0.56442445
0.56176435
0.56161564
0.56128375
0.56128375
0.56128375
0.56128375
0.55729051
0.55729051
0.55729051
0.55778759
0.55778759
0.55778759
0.55544357
0.55362276
0.55285757
0.55260987
0.55260987
0.55260987
0.55260987
0.55260987
0.55441811
0.55441811
0.55441811
0.55656787
0.55656787
0.55694039
0.55694039
0.55694039
0.55564445
0.55564445
0.55503074
0.55503074
0.55503074
0.55503074
0.55503074
0.55503074
0.55503074
0.55503074
0.55664674
0.55664674
0.55664674
0.5579629
0.5579629
0.5579629
0.5579629
0.5579629
0.5579629
0.5579629
0.55098062
0.55098062
0.55058501
0.54740096
0.54740096
0.54740096
0.55333417
0.55909353
0.55909353
0.55909353
0.55909353
0.55909353
0.55909353
0.55909353
0.54857191
0.54626873
0.54626873
0.54626873
0.54676862
0.55489702
0.56742212
0.57318554
0.57427813
0.57427813
0.57427813
0.57427813
0.57646594
0.57646594
0.57743546
0.57743546
0.57743546
0.57799022
0.57799022
0.58535235
0.58555398
0.5860561
0.5860561
0.5860561
0.5860561
0.5860561
0.58954776
0.58954776
0.58954776
0.58844403
0.58844403
0.58701252
0.58701252
0.58701252
0.58701252
0.58701252
0.58701252
0.5819542
0.57856439
0.57856439
0.57856439
0.58010922
0.58010922
0.58010922
0.57249419
0.57249419
0.56193722
0.56193722
0.56193722
0.56021082
0.56021082
0.56021082
0.56021082
0.56021082
0.56516858
0.56516858
0.56516858
0.56516858
0.56516858
0.56516858
0.56516858
0.56516858
0.56871118
0.57493585
0.57493585
0.57495877
0.57495877
0.57495877
0.57232386
0.57232386
0.57232386
0.57232386
0.57028727
0.57028727
0.57028727
0.57028727
0.57028727
0.57028727
0.57091544
0.57091544
0.5726859
0.5726859
0.5726859
0.56554916
0.56554916
0.56554916
0.56608062
0.56608062
0.56608062
0.5700343
0.5700343
0.5700343
0.5700343
0.5700343
0.58030008
0.58030008
0.58030008
0.58030008
0.58030008
0.58030008
0.57550544
0.57550544
0.57550544
0.57908431
0.57908431
0.57908431
0.57908431
0.57908431
0.57896949
0.57240683
0.57240683
0.57240683
0.57350303
0.57350303
0.57489587
0.57489587
0.57489587
0.57489587
0.57489587
0.57489587
0.56899291
0.56573626
0.56573626
0.56573626
0.56571182
0.56571182
0.56571182
0.56571182
0.56578187
0.56891331
0.56891331
0.57617091
0.57783572
0.57783572
0.57854243
0.57854243
0.57854243
0.57854243
0.57854243
0.57854243
0.57854243
0.57854243
0.57854243
0.57854243
0.57573358
0.57573358
0.57573358
0.58038386
0.58038386
0.58038386
0.58038386
0.58038386
0.58038386
0.58038386
0.58038386
0.58038386
0.58038386
0.5830443
0.5830443
0.5830443
0.5734581
0.5734581
0.5734581
0.57437683
0.57437683
0.57437683
0.58045868
0.58045868
0.58354718
0.58731451
0.58731451
0.58731451
0.58731451
0.58736597
0.58791111
0.58896721
0.58896721
0.58896721
0.58896721
0.58896721
0.55062218
0.55062218
0.55062218
0.55062218
0.55062218
0.55062218
0.52500766
0.52500766
0.52500766
0.52500766
0.53224542
0.54533189
0.54533189
0.54533189
0.54052726
0.54052726
0.54052726
0.54052726
0.54298449
0.54298449
0.54298449
0.54301817
0.54301817
0.54301817
0.52728513
0.52728513
0.52728513
0.52759519
0.52759519
0.52759519
0.52759519
0.52759519
0.54014637
0.54014637
0.54014637
0.54014637
0.54014637
0.52734738
0.52734738
0.52734738
0.52734738
0.52734738
0.52994515
0.52994515
0.56772055
0.56772055
0.56772055
0.56772055
0.56772055
0.53437822
0.53437822
0.53437822
0.53437822
0.53437822
0.53437822
0.51932093
0.51932093
0.51932093
0.53705786
0.53705786
0.53705786
0.53705786
0.53705786
0.53970481
0.53970481
0.53970481
0.53970481
0.77613888
0.77613888
0.77613888
0.77613888
0.77613888
0.77613888
0.70387659
0.70387659
0.70387659
0.70387659
0.70387659
0.70387659
0.70387659
0.70387659
0.70387659
0.70387659
0.70387659
0.59538549
0.12703654
0.10510438
0.10510438
0.10510438
0.12377751
0.23506546
0.43489233
0.57384742
0.65666004
0.65666004
0.65666004
0.65666004
0.61268931
0.5830572
0.52655097
0.51278719
0.51278719
0.51278719
0.51278719
0.51278719
0.51278719
0.51278719
0.53323083
0.53323083
0.53323083
0.5196542
0.51067025
0.48640389
0.48640389
0.43322101
0.43322101
0.41500979
0.41500979
0.41500979
0.41500979
0.41500979
0.41500979
0.41877063
0.41877063
0.41877063
0.41877063
0.41877063
0.41877063
0.41877063
0.41877063
0.41877063
0.41877063
0.41877063
0.39372574
0.39372574
0.39372574
0.39372574
0.39372574
0.39372574
0.39372574
0.39435956
0.39435956
0.39435956
0.40448829
0.40448829
0.40448829
0.3958377
0.3958377
0.38141841
0.36724736
0.32227567
0.31430088
0.31430088
0.31430088
0.34676237
0.34676237
0.34676237
0.34676237
0.34676237
0.32209451
0.30577607
0.30577607
0.3014297
0.28921068
0.28921068
0.28921068
0.2791135
0.2791135
0.25102416
0.25102416
0.25102416
0.25102416
0.25102416
0.23473129
0.23473129
0.2304093
0.18957087
0.18957087
0.18957087
0.19011066
0.19011066
0.19011066
0.19011066
0.19011066
0.19011066
0.19011066
0.19011066
0.19011066
0.19011066
0.17969234
0.17969234
0.17969234
0.17969234
0.21092123
0.21092123
0.21092123
0.19910071
0.19910071
0.18291188
0.18291188
0.18291188
0.18291188
0.18291188
0.1737829
0.1737829
0.1737829
0.1737829
0.17047372
0.17047372
0.17047372
0.20573006
0.20573006
0.20573006
0.20038631
0.20038631
0.20038631
0.20038631
0.20038631
0.19786343
0.19786343
0.19786343
0.18037
0.17255256
0.17255256
0.17255256
0.17255256
0.17255256
0.17255256
0.17255256
0.16347866
0.13155824
0.13155824
0.13155824
0.13155824
0.13155824
0.1371354
0.1371354
0.1371354
0.1371354
0.1371354
0.1371354
0.1371354
0.1371354
0.1371354
0.1371354
0.14764416
0.14764416
0.14764416
0.14764416
0.14764416
0.14764416
0.14764416
0.14764416
0.14764416
0.15092025
0.15249017
0.15249017
0.15249017
0.15249017
0.15249017
0.16321815
0.16816366
0.16816366
0.16816366
0.16816366
0.16816366
0.16816366
0.19008004
0.1921018
0.20393019
0.20393019
0.20393019
0.1832415
0.1832415
0.1832415
0.20676074
0.20676074
0.20676074
0.20676074
0.20676074
0.20676074
0.20676074
0.20676074
0.21740411
0.21740411
0.21740411
0.21402148
0.21402148
0.21402148
0.21402148
0.21402148
0.21402148
0.21349174
0.21349174
0.21349174
0.21349174
0.18818748
0.18818748
0.15465227
0.15465227
0.15465227
0.15465227
0.15465227
0.1780856
0.1780856
0.1780856
0.1780856
0.1780856
0.1780856
0.17775002
0.15683606
0.15683606
0.15683606
0.14748355
0.14748355
0.14748355
0.14748355
0.14748355
0.14748355
0.14748355
0.14748355
0.14748355
0.14748355
0.16033769
0.16116598
0.16365659
0.16365659
0.16365659
0.15718255
0.15718255
0.15718255
0.15718255
0.16980618
0.16980618
0.16980618
0.16980618
0.16969428
0.16969428
0.15274662
0.15274662
0.15274662
0.14800824
0.14800824
0.14800824
0.15443378
0.15443378
0.15443378
0.15443378
0.15443378
0.15443378
0.14680552
0.14409828
0.14409828
0.14409828
0.13194376
0.12302214
0.12302214
0.12302214
0.11105331
0.11105331
0.11105331
0.11105331
0.11105331
0.11105331
0.13244804
0.14881553
0.15796933
0.15796933
0.15796933
0.15796933
0.15796933
0.15796933
0.15796933
0.1839784
0.18962772
0.18962772
0.19234069
0.19889389
0.19889389
0.19889389
0.17822103
0.17822103
0.17822103
0.17822103
0.17822103
0.17822103
0.17868696
0.18651712
0.18651712
0.18651712
0.18651712
0.18784846
0.18784846
0.18784846
0.1800282
0.1800282
0.1800282
0.1800282
0.16358594
0.16358594
0.15794096
0.15794096
0.13336365
0.13336365
0.12349084
0.12349084
0.12349084
0.12349084
0.13982712
0.13982712
0.13982712
0.14081553
0.14081553
0.14081553
0.14322666
0.14322666
0.14322666
0.1493481
0.15621054
0.17304852
0.17304852
0.17677978
0.18160776
0.18160776
0.18160776
0.1761258
0.1761258
0.1761258
0.19806228
0.19806228
0.1986434
0.1986434
0.1986434
0.20158881
0.20158881
0.20158881
0.20158881
0.206426
0.21252771
0.22764019
0.22764019
0.22808515
0.22808515
0.22808515
0.22808515
0.22808515
0.23073304
0.23073304
0.23211118
0.2582113
0.2582113
0.27079586
0.27079586
0.27079586
0.27079586
0.27079586
0.27079586
0.27079586
0.27079586
0.27079586
0.27079586
0.2512413
0.2512413
0.2512413
0.2512413
0.2512413
0.25371242
0.25371242
0.25371242
0.25371242
0.25371242
0.25371242
0.25371242
0.25371242
0.25371242
0.25371242
0.25371242
0.25371242
0.25371242
0.25371242
0.25371242
0.26411299
0.26411299
0.26411299
0.26411299
0.26411299
0.26411299
0.26411299
0.26816598
0.27069514
0.27778273
0.29165686
0.29165686
0.29165686
0.29165686
0.29165686
0.28646081
0.28646081
0.28646081
0.28646081
0.28646081
0.28444254
0.28444254
0.28444254
0.28444254
0.28444254
0.28444254
0.27167029
0.27167029
0.27167029
0.27167029
0.27167029
0.27167029
0.28298053
0.28298053
0.28298053
0.28298053
0.28298053
0.28298053
0.28298053
0.28298053
0.28298053
0.27460307
0.27460307
0.27460307
0.27460307
0.27460307
0.27460307
0.27231179
0.25089164
0.24441522
0.24441522
0.24441522
0.24441522
0.24441522
0.24441522
0.24441522
0.2592756
0.28506749
0.28506749
0.28506749
0.26443247
0.26443247
0.26443247
0.26644374
0.26644374
0.26644374
0.26644374
0.26644374
0.26815585
0.26815585
0.26815585
0.26815585
0.26815585
0.26815585
0.28274764
0.28274764
0.28653791
0.28653791
0.28653791
0.28653791
0.2821928
0.2821928
0.2821928
0.2821928
0.2821928
0.2821928
0.2821928
0.2821928
0.2821928
0.2821928
0.2821928
0.252224
0.252224
0.252224
0.25986608
0.26712933
0.27015584
0.27015584
0.27015584
0.27015584
0.27015584
0.27459972
0.27459972
0.27510662
0.27510662
0.29596185
0.29596185
0.29596185
0.23692231
0.23692231
0.23692231
0.24464391
0.24464391
0.24464391
0.24464391
0.24464391
0.24464391
0.27363888
0.27363888
0.27363888
0.25793017
0.24962878
0.24962878
0.24962878
0.25621526
0.25912345
0.26903049
0.26903049
0.27129487
0.27129487
0.27129487
0.28797576
0.28797576
0.28797576
0.28797576
0.28797576
0.28797576
0.28797576
0.28797576
0.28152721
0.28152721
0.28152721
0.28152721
0.28360373
0.28752134
0.28752134
0.28752134
0.28752134
0.2776747
0.2776747
0.2776747
0.2776747
0.28397389
0.28397389
0.28879645
0.28879645
0.28879645
0.27527565
0.27527565
0.27527565
0.27527565
0.27527565
0.27031726
0.27031726
0.26500215
0.26500215
0.26500215
0.26586117
0.26936029
0.27007904
0.27007904
0.27007904
0.27677547
0.27973581
0.28709102
0.28709102
0.28709102
0.28449035
0.28449035
0.28015125
0.27766982
0.27766982
0.27766982
0.27766982
0.27766982
0.27766982
0.27766982
0.27766982
0.27766982
0.28161617
0.28161617
0.28161617
0.28794018
0.28794018
0.28794018
0.28794018
0.28794018
0.28794018
0.28794018
0.28794018
0.28794018
0.28860402
0.28860402
0.28860402
0.28860402
0.28860402
0.29999417
0.29999417
0.29999417
0.29999417
0.29999417
0.29999417
0.29999417
0.28795346
0.28795346
0.27847524
0.27847524
0.27377135
0.27377135
0.27377135
0.27377135
0.2764909
0.2764909
0.2764909
0.2764909
0.2764909
0.2764909
0.2764909
0.2764909
0.2764909
0.2764909
0.27435649
0.27435649
0.27435649
0.27435649
0.27435649
0.27435649
0.27338904
0.27338904
0.27338904
0.27338904
0.27338904
0.27338904
0.27338904
0.27338904
0.27338904
0.27338904
0.27481162
0.28191808
0.28191808
0.28191808
0.28191808
0.28242975
0.28259645
0.28368179
0.29576669
0.29576669
0.29576669
0.29576669
0.29576669
0.29576669
0.29576669
0.29576669
0.29576669
0.29576669
0.29576669
0.30944024
0.30944024
0.30944024
0.29978448
0.29978448
0.29978448
0.28855475
0.28855475
0.28855475
0.28855475
0.28855475
0.28855475
0.27916881
0.27916881
0.27889126
0.27046394
0.27046394
0.27046394
0.28404951
0.28404951
0.28404951
0.28617641
0.28617641
0.28617641
0.28617641
0.28617641
0.28617641
0.28378227
0.28378227
0.28378227
0.28378227
0.28378227
0.28378227
0.28380309
0.28380309
0.28380309
0.28380309
0.28380309
0.28380309
0.28380309
0.28380309
0.28380309
0.28712895
0.29068099
0.294117
0.294117
0.294117
0.294117
0.27886711
0.27886711
0.27886711
0.29545997
0.29545997
0.30269866
0.31307732
0.31307732
0.31307732
0.31307732
0.31307732
0.31307732
0.30868631
0.30868631
0.29888902
0.29888902
0.29888902
0.31054182
0.31054182
0.31054182
0.31054182
0.31054182
0.31054182
0.30503474
0.30503474
0.30503474
0.30503474
0.30503474
0.30503474
0.30398021
0.30398021
0.30398021
0.30398021
0.30284483
0.30284483
0.30284483
0.30284483
0.32397635
0.32397635
0.33159219
0.33159219
0.33159219
0.33159219
0.33159219
0.29406084
0.29406084
0.29406084
0.28198046
0.28073488
0.28073488
0.28073488
0.28507439
0.28507439
0.28507439
0.28507439
0.28507439
0.28507439
0.28507439
0.28507439
0.28815652
0.28815652
0.28815652
0.28815652
0.28815652
0.28815652
0.29114771
0.29114771
0.29180945
0.29180945
0.30034856
0.30034856
0.30034856
0.30532232
0.30532232
0.30532232
0.29602633
0.29256345
0.29256345
0.29256345
0.30229501
0.30229501
0.30229501
0.30629025
0.30629025
0.3067572
0.30840375
0.30840375
0.30840375
0.29057453
0.29057453
0.29057453
0.30497336
0.30497336
0.30497336
0.30497336
0.30497336
0.30497336
0.30497336
0.30064493
0.30064493
0.29661203
0.29661203
0.29661203
0.30843703
0.30843703
0.30843703
0.30843703
0.30843703
0.30843703
0.30843703
0.30541957
0.30541957
0.30541957
0.30541957
0.30236615
0.30236615
0.28517517
0.28337409
0.28337409
0.28337409
0.28337409
0.28337409
0.28337409
0.28340386
0.28340386
0.28340386
0.28340386
0.28960419
0.28960419
0.28960419
0.28960419
0.28445892
0.28445892
0.28445892
0.28600805
0.28798433
0.28798433
0.28798433
0.28698748
0.28055912
0.28055912
0.28055912
0.28055912
0.28055912
0.28055912
0.28134224
0.28134224
0.28134224
0.28134224
0.28134224
0.29473211
0.29481681
0.29481681
0.29481681
0.28921562
0.28844048
0.28844048
0.28844048
0.28844048
0.28844048
0.27357908
0.27357908
0.27357908
0.27357908
0.27357908
0.27357908
0.27357908
0.27744242
0.27976949
0.27976949
0.27976949
0.27976949
0.27976949
0.27976949
0.27976949
0.27976949
0.27976949
0.27976949
0.27976949
0.27976949
0.28133836
0.28133836
0.28133836
0.28133836
0.28133836
0.28119344
0.28119344
0.28119344
0.28119344
0.28119344
0.27561751
0.27561751
0.27561751
0.27561751
0.27561751
0.27561751
0.27561751
0.29338987
0.30167789
0.30167789
0.30167789
0.29825597
0.29825597
0.29825597
0.29825597
0.29825597
0.29371555
0.28539157
0.27530941
0.27204547
0.27204547
0.27073173
0.27073173
0.27073173
0.27073173
0.27073173
0.27073173
0.27073173
0.27073173
0.27152369
0.27152369
0.27152369
0.27152369
0.27152369
0.27152369
0.27152369
0.27152369
0.27152369
0.27152369
0.27152369
0.27152369
0.27152369
0.27152369
0.27469616
0.27469616
0.27794128
0.27794128
0.27794128
0.27794128
0.27794128
0.27794128
0.27416309
0.27416309
0.27416309
0.27746483
0.27746483
0.27746483
0.27746483
0.27746483
0.27746483
0.27746483
0.27746483
0.27746483
0.27205281
0.26997984
0.26997984
0.2653419
0.2653419
0.2653419
0.2653419
0.27112836
0.27112836
0.27112836
0.27112836
0.27112836
0.27112836
0.27350358
0.27350358
0.27859319
0.27859319
0.27873537
0.27873537
0.27873537
0.27873537
0.27873537
0.27873537
0.27873537
0.27873537
0.27873537
0.26555353
0.25426698
0.25426698
0.25426698
0.26007655
0.26083237
0.26083237
0.26083237
0.25881327
0.25061501
0.25061501
0.25061501
0.25973623
0.25973623
0.28696231
0.28696231
0.28696231
0.28696231
0.28696231
0.28119355
0.28112454
0.27744926
0.27744926
0.27744926
0.27744926
0.27744926
0.27744926
0.27744926
0.26210318
0.26210318
0.26210318
0.26210318
0.26210318
0.25592043
0.25592043
0.25592043
0.25592043
0.25317635
0.25317635
0.25317635
0.25317635
0.25317635
0.25317635
0.25317635
0.2544841
0.2544841
0.2544841
0.2544841
0.25642445
0.25642445
0.25902339
0.25902339
0.25902339
0.24903452
0.2484718
0.2484718
0.2484718
0.2484718
0.2484718
0.25120882
0.25120882
0.25120882
0.25120882
0.25120882
0.25120882
0.25292579
0.25292579
0.25292579
0.25292579
0.25292579
0.25292579
0.25292579
0.25509567
0.25509567
0.25509567
0.25252041
0.25252041
0.24343273
0.24343273
0.24343273
0.24343273
0.24343273
0.24343273
0.24343273
0.24343273
0.22466731
0.22466731
0.22466731
0.22898154
0.23685057
0.23685057
0.23685057
0.24235549
0.24363851
0.24363851
0.24363851
0.23146181
0.23146181
0.23146181
0.23234381
0.23234381
0.23234381
0.23234381
0.24625457
0.24915927
0.25032697
0.25032697
0.25032697
0.25032697
0.25032697
0.25032697
0.25032697
0.25571941
0.26269038
0.26269038
0.26269038
0.26035538
0.26035538
0.26035538
0.26035538
0.26035538
0.26035538
0.26035538
0.26500131
0.26500131
0.26500131
0.26500131
0.26460551
0.26460551
0.26460551
0.26460551
0.26460551
0.26460551
0.26295281
0.26295281
0.26295281
0.25881432
0.25881432
0.25723523
0.25723523
0.25723523
0.25723523
0.25723523
0.25723523
0.25723523
0.25723523
0.25723523
0.26016354
0.26016354
0.26210362
0.26210362
0.2690846
0.27139978
0.27139978
0.27139978
0.27139978
0.26762479
0.26762479
0.26762479
0.26762479
0.2587505
0.2587505
0.25282594
0.24640232
0.24640232
0.24640232
0.24640232
0.24640232
0.24640232
0.23428667
0.23428667
0.23428667
0.24709627
0.24709627
0.24709627
0.24709627
0.24709627
0.24709627
0.25051597
0.25428451
0.25428451
0.25428451
0.25428451
0.23620325
0.23620325
0.23620325
0.24582556
0.24582556
0.2504638
0.2504638
0.2504638
0.24769897
0.24769897
0.24769897
0.24868356
0.24882929
0.24882929
0.24882929
0.2606521
0.2606521
0.26754719
0.26754719
0.26754719
0.26754719
0.26754719
0.26754719
0.255243
0.25467395
0.24889137
0.24889137
0.24889137
0.25603125
0.25603125
0.25603125
0.25603125
0.25603125
0.25603125
0.25603125
0.25603125
0.25603125
0.25603125
0.25603125
0.25603125
0.25603125
0.25603125
0.25603125
0.25603125
0.25603125
0.25603125
0.25283122
0.24627333
0.24627333
0.24627333
0.23178664
0.23178664
0.23178664
0.23178664
0.23178664
0.23178664
0.23178664
0.23022835
0.22107076
0.22107076
0.22107076
0.22107076
0.21646424
0.21646424
0.21646424
0.21646424
0.21646424
0.21646424
0.21755419
0.21755419
0.22617311
0.22626599
0.22626599
0.22626599
0.22626599
0.25281075
0.26007927
0.26079089
0.26079089
0.26148454
0.26148454
0.26148454
0.22077533
0.22077533
0.22077533
0.23199009
0.25143642
0.25143642
0.25143642
0.24913949
0.24237498
0.24237498
0.24237498
0.24391297
0.24391297
0.24391297
0.23287033
0.23287033
0.23287033
0.23287033
0.23287033
0.23287033
0.23287033
0.23287033
0.21949255
0.21949255
0.21949255
0.21949255
0.22737434
0.23089289
0.23089289
0.24744478
0.25120589
0.25120589
0.25120589
0.25120589
0.25120589
0.24107003
0.24107003
0.24107003
0.24107003
0.24107003
0.24107003
0.24107003
0.24107003
0.24107003
0.24107003
0.24107003
0.23443203
0.23443203
0.23443203
0.23443203
0.23932792
0.23932792
0.23932792
0.24097694
0.24097694
0.24097694
0.24097694
0.24097694
0.24097694
0.24097694
0.24097694
0.24097694
0.23403064
0.23403064
0.23403064
0.23403064
0.23403064
0.23403064
0.23403064
0.23403064
0.23403064
0.23403064
0.23274608
0.23274608
0.23274608
0.23274608
0.23274608
0.23274608
0.23274608
0.23274608
0.23274608
0.23274608
0.23210585
0.23210585
0.23210585
0.2330706
0.2366342
0.24870103
0.24870103
0.24870103
0.23591868
0.23591868
0.23591868
0.23591868
0.23591868
0.23625079
0.24424215
0.24424215
0.24424215
0.24424215
0.24424215
0.24424215
0.24424215
0.24424215
0.24424215
0.24424215
0.24424215
0.24424215
0.25024753
0.25024753
0.25024753
0.24551203
0.24551203
0.24551203
0.24551203
0.24551203
0.24551203
0.24551203
0.24551203
0.24551203
0.25018044
0.25087403
0.25087403
0.25087403
0.25087403
0.25087403
0.24198147
0.24198147
0.24198147
0.24198147
0.24198147
0.24198147
0.24198147
0.24198147
0.24198147
0.24198147
0.24198147
0.24198147
0.24230764
0.24230764
0.24760379
0.24760379
0.24760379
0.24760379
0.24760379
0.24760379
0.24760379
0.24760379
0.24760379
0.24760379
0.24760379
0.24991813
0.24991813
0.25001332
0.25001332
0.25001332
0.25001332
0.25001332
0.25046111
0.25677479
0.25677479
0.25677479
0.2517127
0.24394394
0.24394394
0.24394394
0.2486185
0.26136739
0.26868312
0.26868312
0.26868312
0.24826512
0.24826512
0.24826512
0.25056007
0.25056007
0.25056007
0.27315196
0.27315196
0.27315196
0.27315196
0.27047623
0.27047623
0.26962354
0.25907045
0.25907045
0.25907045
0.25907045
0.25907045
0.25907045
0.25543622
0.25543622
0.25543622
0.26306719
0.26306719
0.26306719
0.26306719
0.26306719
0.2678228
0.2678228
0.2678228
0.2678228
0.2678228
0.2678228
0.2678228
0.26250131
0.26250131
0.26250131
0.26339465
0.26339465
0.26339465
0.26339465
0.26339465
0.26339465
0.25905488
0.25905488
0.25905488
0.25905488
0.25905488
0.25905488
0.25905488
0.26436205
0.26436205
0.26455979
0.26687748
0.26687748
0.26687748
0.26687748
0.27649349
0.27649349
0.27649349
0.27649349
0.27649349
0.27649349
0.27649349
0.27649349
0.27649349
0.26414574
0.26414574
0.26414574
0.26414574
0.26414574
0.26414574
0.26572576
0.26786826
0.27460512
0.27693968
0.28368451
0.28368451
0.28368451
0.26555747
0.26555747
0.26555747
0.26555747
0.26728622
0.26728622
0.26728622
0.26728622
0.26728622
0.26728622
0.24784596
0.24784596
0.24784596
0.27967825
0.27967825
0.27967825
0.27967825
0.27967825
0.27286772
0.27286772
0.27286772
0.27286772
0.27418504
0.27418504
0.27418504
0.26210294
0.25898127
0.25898127
0.2531578
0.2531578
0.2531578
0.2531578
0.23912342
0.23912342
0.23912342
0.23946383
0.23946383
0.24496048
0.27077037
0.27077037
0.27077037
0.27077037
0.27077037
0.27077037
0.27077037
0.27077037
0.27783847
0.27783847
0.27783847
0.27783847
0.27783847
0.27783847
0.27783847
0.27783847
0.27783847
0.27049625
0.27049625
0.27049625
0.27049625
0.27049625
0.26854504
0.26854504
0.26854504
0.26854504
0.27774473
0.27774473
0.27774473
0.27774473
0.27774473
0.27774473
0.27774473
0.27774473
0.27247805
0.27247805
0.26805088
0.26429415
0.26429415
0.26429415
0.26429415
0.26429415
0.26429415
0.26429415
0.26429415
0.26429415
0.26429415
0.26429415
0.26429415
0.27110254
0.27110254
0.27110254
0.27110254
0.27150918
0.27150918
0.27150918
0.27150918
0.26843976
0.26843976
0.26843976
0.26843976
0.26843976
0.26843976
0.26843976
0.27261822
0.27261822
0.27385441
0.27385441
0.27385441
0.26949657
0.26949657
0.26948715
0.26948715
0.26948715
0.26948715
0.26948715
0.26948715
0.26948715
0.26948715
0.26948715
0.26948715
0.26948715
0.26948715
0.27064691
0.27139777
0.27139777
0.27139777
0.27139777
0.27139777
0.27139777
0.27210208
0.27210208
0.27210208
0.27210208
0.27210208
0.27210208
0.27051385
0.27051385
0.27051385
0.27051385
0.26660656
0.26132146
0.26132146
0.26132146
0.26132146
0.26132146
0.26132146
0.2516107
0.2516107
0.2516107
0.2516107
0.25056679
0.25056679
0.25056679
0.25986517
0.26418121
0.26418121
0.26418121
0.26418121
0.26418121
0.28176087
0.28176087
0.28176087
0.28176087
0.28176087
0.28176087
0.28176087
0.28176087
0.26947059
0.26947059
0.26947059
0.26947059
0.26947059
0.26947059
0.26947059
0.26947059
0.26498779
0.26498779
0.26498779
0.26768488
0.26768488
0.26768488
0.26659725
0.26659725
0.26605368
0.26605368
0.26493122
0.26197866
0.26197866
0.26197866
0.26197866
0.26197866
0.26197866
0.26197866
0.26197866
0.2682757
0.2682757
0.2682757
0.2682757
0.2682757
0.2682757
0.2682757
0.25368523
0.25368523
0.25368523
0.26576422
0.26576422
0.28487855
0.28487855
0.28487855
0.28487855
0.28487855
0.28487855
0.28487855
0.28487855
0.28487855
0.29191487
0.29191487
0.29191487
0.29191487
0.29191487
0.29191487
0.29161103
0.29161103
0.2766038
0.2766038
0.27648843
0.27389038
0.27389038
0.27389038
0.28193397
0.28193397
0.28193397
0.28193397
0.28193397
0.28193397
0.27944715
0.27944715
0.27944715
0.28368872
0.28395478
0.28395478
0.28395478
0.27260307
0.27260307
0.27260307
0.25473164
0.25473164
0.25473164
0.25473164
0.25473164
0.25650199
0.26047823
0.26047823
0.26141762
0.27022839
0.27022839
0.27022839
0.27614918
0.28582296
0.28582296
0.28582296
0.28582296
0.28582296
0.26001674
0.26001674
0.26001674
0.27729474
0.27861801
0.27861801
0.27861801
0.27861801
0.27861801
0.27880161
0.27880161
0.27880161
0.27966657
0.28616597
0.28616597
0.29358041
0.29358041
0.29358041
0.29358041
0.30069455
0.3133695
0.3133695
0.3133695
0.31258481
0.31258481
0.31258481
0.30645507
0.30645507
0.30645507
0.30645507
0.30645507
0.30645507
0.30645507
0.30645507
0.30645507
0.30645507
0.3029494
0.29686637
0.28825068
0.28825068
0.28825068
0.28148982
0.28056667
0.27341406
0.26832881
0.26832881
0.26832881
0.2964437
0.2964437
0.2964437
0.2964437
0.2964437
0.2964437
0.2964437
0.2964437
0.2964437
0.29136221
0.29035534
0.29035534
0.2811279
0.2811279
0.2811279
0.2811279
0.28269219
0.28269219
0.28269219
0.28269219
0.28269219
0.28269219
0.28269219
0.28269219
0.28269219
0.28269219
0.28269219
0.28689206
0.28689206
0.28689206
0.28689206
0.28689206
0.28689206
0.28689206
0.28689206
0.28689206
0.28689206
0.28689206
0.27767587
0.27767587
0.27767587
0.28696741
0.28696741
0.28696741
0.27973202
0.27973202
0.27973202
0.27973202
0.27973202
0.27973202
0.27973202
0.27624666
0.27624666
0.27624666
0.27624666
0.27624666
0.27624666
0.27624666
0.27887289
0.27887289
0.28764071
0.28913528
0.28913528
0.28913528
0.28913528
0.28913528
0.28913528
0.28913528
0.28913528
0.28570565
0.27667518
0.27667518
0.27667518
0.27667518
0.27667518
0.27667518
0.27667518
0.27656836
0.27656836
0.27656836
0.27656836
0.27656836
0.266329
0.266329
0.266329
0.26895186
0.26895186
0.26895186
0.26895186
0.26895186
0.26895186
0.26726029
0.26726029
0.26726029
0.26726029
0.26726029
0.26726029
0.26726029
0.26726029
0.26726029
0.26726029
0.26726029
0.26726029
0.26726029
0.26811651
0.26811651
0.26811651
0.26811651
0.26811651
0.28233503
0.28233503
0.28233503
0.27298559
0.27298559
0.27298559
0.28133167
0.29574297
0.29574297
0.29574297
0.29574297
0.29574297
0.29574297
0.26887394
0.25747457
0.25747457
0.25747457
0.25747457
0.25747457
0.25747457
0.25747457
0.25747457
0.25747457
0.25747457
0.25747457
0.25747457
0.25747457
0.2606137
0.2606137
0.2606137
0.2606137
0.2606137
0.25877695
0.25877695
0.25877695
0.25877695
0.26824506
0.26824506
0.26824506
0.26875307
0.26875307
0.26875307
0.26875307
0.26875307
0.26875307
0.26875307
0.26875307
0.26875307
0.26875307
0.26613324
0.26613324
0.26613324
0.26613324
0.26613324
0.26613324
0.26613324
0.26613324
0.26613324
0.26613324
0.27444704
0.27444704
0.27444704
0.2810183
0.2810183
0.2810183
0.28231613
0.28491788
0.28491788
0.28491788
0.28500218
0.28500218
0.28500218
0.29082226
0.29082226
0.29082226
0.29576221
0.29576221
0.29576221
0.29576221
0.2914511
0.2914511
0.2914511
0.2914511
0.2914511
0.29738449
0.29738449
0.29738449
0.28910169
0.28910169
0.28910169
0.28910169
0.28910169
0.29082554
0.29082554
0.29082554
0.29082554
0.27563155
0.27563155
0.27563155
0.27563155
0.27563155
0.27563155
0.27563155
0.28057386
0.28057386
0.28057386
0.28277946
0.28277946
0.28312977
0.28312977
0.28312977
0.27813249
0.27813249
0.27813249
0.27813249
0.27813249
0.27813249
0.27813249
0.28620855
0.28620855
0.28620855
0.27496428
0.27481224
0.27481224
0.27481224
0.28466146
0.2908875
0.2908875
0.2908875
0.2908875
0.29373377
0.29832014
0.31155549
0.31155549
0.31155549
0.30660234
0.30660234
0.30660234
0.30660234
0.30660234
0.28918785
0.28918785
0.28918785
0.29763182
0.30196593
0.30196593
0.30196593
0.30674666
0.30674666
0.30674666
0.31211258
0.31211258
0.31211258
0.31211258
0.31211258
0.3129274
0.3129274
0.3129274
0.31395135
0.31395135
0.32452472
0.32452472
0.32452472
0.32452472
0.32452472
0.32452472
0.31832087
0.31832087
0.31832087
0.29951914
0.29951914
0.29951914
0.30237638
0.30237638
0.31968295
0.31968295
0.31968295
0.31968295
0.31968295
0.31968295
0.31600914
0.31600914
0.31600914
0.31600914
0.31600914
0.31600914
0.31600914
0.30655939
0.30655939
0.30655939
0.30655939
0.30655939
0.32023382
0.32023382
0.32023382
0.30807627
0.30807627
0.2997869
0.29608459
0.29608459
0.29608459
0.30861638
0.34140981
0.34140981
0.34140981
0.34140981
0.34140981
0.34067377
0.34067377
0.34067377
0.35413716
0.35413716
0.37713559
0.37713559
0.37713559
0.37713559
0.37713559
0.37713559
0.37861419
0.37861419
0.37861419
0.37861419
0.37861419
0.37861419
0.37361288
0.36679907
0.3558226
0.35385757
0.35385757
0.33614981
0.33482351
0.33482351
0.33482351
0.33482351
0.33482351
0.35069987
0.35069987
0.35195418
0.35195418
0.35195418
0.34891069
0.34891069
0.34891069
0.34891069
0.34891069
0.36916775
0.36916775
0.37352476
0.38943768
0.38943768
0.38943768
0.38943768
0.38943768
0.39566833
0.39845907
0.39845907
0.39845907
0.40663694
0.42144125
0.42144125
0.42144125
0.40265468
0.40265468
0.40265468
0.40265468
0.40265468
0.40265468
0.40265468
0.40265468
0.40265468
0.40941235
0.41022929
0.41022929
0.41022929
0.41022929
0.41022929
0.41022929
0.40132643
0.40132643
0.40132643
0.42336396
0.42336396
0.42336396
0.43720132
0.44693349
0.4507175
0.4507175
0.4507175
0.44439396
0.41858242
0.40893671
0.40893671
0.40893671
0.40893671
0.40893671
0.37461123
0.36392141
0.36392141
0.34767777
0.34380352
0.34380352
0.34380352
0.34521278
0.34521278
0.34521278
0.34521278
0.34477613
0.34291782
0.34291782
0.34291782
0.33543232
0.32341545
0.31425068
0.3138275
0.31213343
0.30920478
0.30920478
0.30920478
0.28813158
0.28813158
0.27057349
0.27057349
0.27057349
0.27319365
0.27319365
0.28882579
0.28882579
0.28882579
0.28882579
0.28882579
0.28882579
0.28882579
0.27018337
0.27018337
0.27018337
0.24649099
0.24649099
0.24649099
0.24649099
0.23762802
0.23762802
0.23762802
0.24835011
0.24835011
0.24835011
0.2478345
0.2478345
0.2478345
0.2478345
0.2478345
0.2478345
0.2478345
0.2478345
0.2478345
0.2478345
0.2478345
0.25986384
0.25986384
0.25986384
0.25986384
0.25986384
0.26298299
0.26298299
0.26298299
0.26713631
0.27576336
0.2880957
0.2880957
0.2880957
0.2880957
0.2880957
0.29436365
0.29436365
0.29436365
0.29436365
0.3292435
0.3292435
0.3292435
0.3292435
0.3292435
0.3292435
0.3292435
0.32459837
0.32459837
0.30628899
0.29691055
0.29691055
0.29691055
0.29994687
0.29994687
0.30141737
0.30221381
0.30221381
0.30221381
0.30221381
0.30221381
0.30221381
0.30221381
0.30363674
0.30919585
0.30919585
0.30919585
0.30701648
0.30701648
0.30701648
0.30701648
0.30701648
0.30030495
0.30030495
0.30030495
0.30220364
0.30220364
0.30996463
0.30996463
0.30996463
0.30996463
0.30996463
0.30996463
0.30996463
0.30996463
0.30996463
0.30996463
0.30549914
0.30156416
0.29775926
0.29775926
0.29775926
0.29775926
0.29775926
0.29775926
0.29775926
0.29775926
0.29775926
0.29775926
0.29775926
0.29932552
0.29932552
0.30883635
0.30883635
0.30883635
0.30883635
0.30883635
0.30883635
0.30883635
0.30883635
0.30883635
0.30883635
0.29599292
0.28945801
0.28945801
0.28945801
0.3012931
0.31164115
0.31164115
0.31164115
0.32623595
0.32623595
0.32623595
0.34437034
0.34437034
0.34437034
0.38105786
0.38105786
0.38105786
0.38105786
0.41358169
0.42260558
0.42573996
0.44405441
0.44405441
0.46571263
0.46571263
0.49048257
0.49048257
0.49048257
0.48163876
0.48092819
0.47397186
0.47397186
0.47397186
0.47397186
0.49520106
0.50749446
0.50749446
0.51321796
0.51321796
0.51621965
0.51621965
0.51621965
0.52358171
0.52358171
0.52358171
0.52358171
0.51769524
0.51679086
0.50652848
0.50652848
0.50652848
0.52365471
0.52365471
0.52494402
0.52494402
0.53588749
0.55176417
0.55176417
0.55176417
0.55176417
0.55176417
0.56362905
0.56362905
0.56362905
0.56362905
0.56345147
0.56345147
0.56345147
0.56345147
0.56345147
0.54739504
0.54739504
0.54739504
0.54739504
0.54739504
0.54783374
0.54783374
0.54783374
0.54783374
0.54936912
0.54936912
0.55513552
0.55513552
0.55513552
0.54471373
0.54471373
0.54471373
0.5619711
0.56482882
0.56482882
0.56482882
0.56482882
0.56482882
0.56482882
0.56482882
0.54794945
0.54794945
0.54091957
0.54091957
0.54091957
0.54495815
0.54506243
0.54506243
0.54506243
0.54506243
0.54506243
0.54506243
0.54506243
0.54506243
0.54924742
0.54924742
0.5652288
0.5652288
0.5652288
0.55605899
0.55605899
0.55605899
0.55166198
0.55166198
0.55166198
0.53909207
0.53909207
0.52762019
0.52762019
0.52762019
0.52762019
0.52762019
0.50766827
0.50766827
0.50766827
0.49136262
0.49136262
0.49136262
0.49136262
0.49136262
0.47781817
0.47781817
0.47781817
0.47781817
0.47781817
0.47781817
0.47781817
0.47480711
0.47480711
0.47480711
0.47480711
0.47480711
0.47480711
0.47480711
0.47480711
0.47480711
0.4616519
0.45559495
0.45559495
0.44052387
0.44052387
0.44052387
0.4522244
0.4522244
0.4522244
0.45083376
0.44239925
0.44239925
0.44239925
0.41244176
0.41244176
0.41244176
0.41244176
0.41244176
0.41389015
0.43761549
0.43761549
0.43761549
0.43761549
0.44434338
0.44434338
0.44434338
0.43045451
0.43045451
0.43045451
0.42345283
0.41935252
0.39570595
0.39570595
0.39570595
0.37803435
0.37803435
0.37803435
0.37154949
0.37154949
0.37154949
0.38526082
0.38526082
0.38526082
0.38186365
0.38186365
0.38186365
0.38186365
0.3796444
0.3796444
0.3796444
0.3796444
0.3796444
0.37606037
0.37606037
0.37606037
0.37606037
0.37606037
0.39515442
0.39515442
0.39515442
0.39400384
0.35570807
0.32392549
0.31660486
0.31660486
0.29276904
0.27937416
0.27937416
0.27937416
0.27937416
0.27937416
0.30450793
0.30450793
0.30450793
0.2709275
0.27079996
0.27079996
0.27079996
0.27890366
0.28506294
0.28506294
0.29646954
0.30476511
0.31441653
0.31441653
0.31441653
0.32223558
0.32223558
0.32223558
0.32223558
0.3277937
0.3277937
0.3277937
0.3742369
0.42627362
0.42627362
0.42627362
0.41871025
0.41871025
0.40988645
0.37784945
0.37219715
0.37146687
0.33141209
0.32627067
0.32627067
0.32627067
0.32627067
0.2983735
0.2983735
0.29234191
0.27555505
0.26609083
0.26609083
0.26609083
0.26609083
0.26609083
0.25981832
0.25981832
0.25981832
0.25981832
0.25981832
0.25981832
0.25342679
0.24124199
0.24124199
0.24124199
0.24124199
0.24124199
0.24124199
0.24124199
0.25307868
0.25307868
0.25931845
0.27187812
0.27187812
0.27187812
0.27187812
0.27187812
0.27187812
0.27187812
0.27187812
0.2747479
0.2747479
0.2747479
0.2747479
0.2747479
0.2747479
0.2747479
0.2747479
0.2747479
0.2747479
0.27023861
0.27023861
0.27023861
0.2784564
0.29867028
0.29867028
0.31619854
0.31619854
0.31619854
0.31619854
0.34597876
0.34597876
0.34597876
0.32512953
0.29484359
0.29484359
0.29484359
0.29484359
0.29484359
0.31435962
0.32764599
0.32764599
0.32764599
0.32673574
0.27145376
0.27145376
0.27145376
0.2744079
0.28167106
0.28167106
0.28167106
0.28167106
0.28167106
0.28167106
0.2854449
0.29685887
0.32592625
0.32592625
0.32592625
0.32162441
0.32002829
0.32002829
0.32002829
0.32002829
0.31999391
0.31999391
0.31999391
0.31999391
0.31999391
0.31999391
0.31999391
0.31100159
0.31005154
0.31005154
0.31005154
0.31834199
0.31834199
0.31834199
0.31834199
0.31834199
0.32085935
0.32085935
0.33873258
0.33887425
0.33887425
0.34507668
0.34507668
0.34507668
0.34507668
0.34905206
0.34905206
0.34905206
0.34625036
0.33709287
0.30876063
0.30876063
0.30876063
0.30876063
0.30491105
0.30491105
0.30218282
0.30218282
0.28328474
0.28328474
0.2824984
0.2824984
0.2824984
0.27178476
0.27178476
0.26393077
0.26393077
0.26393077
0.26393077
0.26393077
0.26393077
0.26985228
0.26985228
0.26985228
0.26733083
0.26733083
0.26733083
0.26733083
0.26453969
0.26453969
0.26453969
0.25936164
0.25936164
0.25936164
0.26209898
0.26209898
0.26209898
0.26382137
0.26382137
0.26382137
0.25568151
0.25568151
0.25568151
0.25568151
0.25568151
0.25568151
0.26281799
0.26281799
0.26281799
0.26281799
0.29799386
0.3075217
0.3075217
0.3075217
0.28074362
0.28074362
0.28074362
0.28074362
0.28074362
0.28074362
0.2851056
0.2851056
0.2851056
0.2851056
0.30459315
0.30459315
0.30459315
0.30459315
0.30459315
0.30459315
0.30459315
0.29583555
0.29583555
0.29583555
0.29583555
0.29583555
0.29583555
0.29583555
0.29583555
0.29786862
0.30163792
0.30819276
0.30819276
0.30819276
0.30819276
0.30819276
0.30819276
0.30819276
0.30819276
0.29364451
0.29364451
0.29364451
0.29364451
0.29364451
0.29445948
0.29445948
0.29445948
0.29445948
0.29445948
0.29445948
0.31161325
0.31161325
0.31161325
0.30869987
0.30869987
0.30869987
0.3101404
0.3101404
0.3101404
0.3101404
0.3101404
0.3101404
0.3101404
0.3101404
0.3101404
0.3101404
0.31168539
0.31168539
0.31168539
0.30717491
0.30717491
0.30717491
0.30717491
0.30717491
0.30487996
0.30487996
0.30487996
0.30487996
0.30487996
0.29819501
0.29819501
0.29590167
0.29590167
0.29590167
0.29590167
0.30331291
0.30753697
0.30753697
0.30753697
0.32960224
0.32960224
0.32960224
0.32960224
0.32960224
0.32960224
0.31669633
0.31669633
0.31669633
0.31445695
0.31445695
0.31445695
0.31445695
0.31445695
0.31445695
0.31445695
0.31445695
0.31445695
0.31445695
0.31445695
0.30613068
0.30613068
0.30613068
0.31247838
0.31451628
0.31451628
0.31451628
0.31451628
0.31589622
0.31589622
0.31589622
0.32243128
0.32327828
0.32327828
0.32327828
0.32327828
0.32327828
0.32327828
0.32327828
0.32081863
0.32081863
0.32081863
0.32132003
0.32132003
0.3284589
0.3284589
0.3284589
0.3284589
0.3284589
0.32520656
0.32520656
0.32001061
0.32001061
0.32001061
0.32001061
0.32001061
0.32001061
0.31638322
0.31638322
0.31638322
0.3089631
0.3089631
0.3089631
0.3089631
0.3089631
0.3089631
0.3089631
0.30923733
0.30923733
0.30923733
0.30785452
0.30785452
0.30785452
0.30785452
0.30785452
0.30785452
0.30785452
0.30785452
0.30785452
0.30785452
0.30785452
0.30785452
0.30785452
0.30785452
0.30945395
0.30945395
0.30945395
0.30945395
0.30945395
0.30945395
0.30945395
0.31576398
0.31592136
0.31592136
0.31592136
0.29641712
0.29641712
0.29641712
0.30224298
0.30224298
0.30853426
0.31317975
0.31317975
0.31317975
0.31317975
0.31317975
0.31558807
0.31558807
0.31558807
0.31558807
0.30200019
0.29913233
0.29722069
0.29722069
0.29722069
0.29722069
0.29964026
0.30251477
0.30251477
0.30251477
0.30251477
0.30251477
0.29500203
0.29500203
0.29500203
0.28818873
0.28818873
0.28818873
0.29054968
0.29054968
0.29054968
0.29054968
0.30414172
0.30771916
0.30771916
0.30771916
0.29679985
0.29281141
0.29281141
0.29281141
0.29281141
0.29167029
0.29167029
0.29167029
0.29167029
0.29167029
0.29167029
0.30334019
0.30334019
0.30334019
0.30334019
0.30334019
0.30334019
0.30334019
0.30439605
0.30439605
0.30439605
0.29101087
0.29101087
0.29101087
0.30050329
0.30232505
0.30232505
0.30232505
0.30232505
0.30232505
0.28745364
0.28745364
0.28745364
0.28397538
0.28397538
0.28397538
0.28397538
0.31879014
0.34768541
0.38695946
0.48899445
0.48899445
0.48899445
0.48899445
0.48899445
0.55618377
0.62724313
0.65065933
0.97493971
0.97493971
0.97493971
0.67339182
0.67339182
0.67339182
0.96850517
0.96850517
0.96857686
0.96857686
0.96857686
0.96856342
0.96856342
0.96856342
0.96856342
0.96856342
0.96856342
0.96856342
0.96856342
0.9571844
0.95296577
0.95296577
0.95296577
0.95296577
0.95150598
0.95150598
0.95150598
0.95150598
0.90186931
0.71652543
0.68425801
0.5894244
0.31001207
0.18105909
0.16173267
0.16173267
0.16173267
0.16173267
0.16173267
0.16173267
0.16173267
0.16173267
0.16173267
0.33378829
0.39449647
0.49632993
0.49632993
0.49632993
0.38815738
0.32545233
0.32545233
0.24530033
0.24530033
0.24530033
0.24530033
0.0912772
0.0912772
0.0912772
0.0912772
0.0912772
0.11801658
0.16205888
0.16205888
0.16205888
0.16205888
0.2290832
0.32789839
0.57034864
0.6343995
0.6343995
0.6343995
0.46167838
0.27036428
0.27036428
0.27036428
0.27036428
0.3224139
0.38307702
0.53835073
0.53853064
0.53853064
0.53853064
0.4721168
0.45320467
0.37363656
0.34740075
0.27956589
0.21234913
0.21234913
0.21234913
0.24576243
0.24576243
0.24576243
0.24576243
0.33276184
0.33486899
0.33486899
0.33486899
0.33486899
0.33486899
0.33486899
0.29158389
0.29158389
0.29158389
0.29158389
0.29158389
0.29158389
0.29158389
0.29158389
0.29158389
0.29158389
0.29158389
0.29158389
0.29158389
0.29158389
0.2763759
0.2763759
0.17089305
0.16293815
0.16293815
0.15202264
0.15202264
0.15202264
0.15202264
0.17231844
0.17231844
0.17231844
0.16126092
0.16126092
0.16126092
0.1794344
0.17960667
0.17960667
0.21971465
0.23979813
0.23979813
0.23979813
0.27529324
0.28702306
0.28702306
0.28702306
0.28702306
0.30551308
0.30551308
0.30551308
0.30551308
0.30551308
0.30551308
0.30551308
0.28202379
0.28202379
0.28202379
0.54206856
0.67679857
0.82423207
0.82423207
0.82423207
0.75630063
0.41770733
0.41244852
0.31714369
0.29997827
0.20985094
0.20985094
0.20985094
0.20985094
0.20985094
0.2477287
0.3818204
0.7488142
0.82755173
0.91201556
0.91201556
0.91201556
0.91201556
0.88259933
0.81245428
0.60453786
0.60453786
0.59362035
0.52108078
0.48142322
0.33092538
0.30099577
0.2685358
0.2685358
0.2685358
0.2685358
0.32574068
0.3567094
0.40366945
0.54369226
0.5480385
0.5480385
0.5480385
0.49607774
0.49607774
0.49607774
0.49607774
0.49607774
0.49348102
0.29381084
0.29381084
0.29381084
0.29381084
0.33502131
0.33502131
0.33502131
0.57840463
0.63049701
0.63049701
0.68210164
0.74885717
0.74885717
0.74885717
0.74885717
0.78660525
0.78660525
0.78660525
0.78660525
0.78660525
0.79677609
0.80527475
0.80527475
0.80527475
0.7829105
0.77319042
0.67370443
0.66215033
0.62934087
0.62934087
0.62934087
0.64339666
0.64339666
0.64339666
0.55761439
0.55761439
0.53200533
0.53200533
0.53200533
0.65805121
0.67686858
0.70327816
0.70470375
0.75153321
0.75153321
0.75153321
0.75153321
0.76278944
0.76278944
0.76278944
0.76278944
0.76287454
0.76287454
0.76287454
0.71541261
0.71541261
0.71541261
0.71541261
0.71541261
0.71541261
0.82283543
0.96893126
0.96893126
0.96893126
0.96893126
0.95122125
0.92161468
0.89911875
0.82660559
0.62279993
0.62279993
0.62279993
0.63006366
0.66621114
0.66621114
0.66621114
0.66621114
0.66621114
0.66621114
0.66621114
0.66621114
0.66621114
0.70547619
0.70547619
0.70547619
0.70547619
0.70547619
0.70547619
0.70547619
0.70547619
0.70547619
0.68732543
0.68732543
0.68732543
0.8018538
0.82745245
0.87339149
0.87339149
0.87339149
0.79286234
0.69364092
0.69364092
0.69364092
0.69364092
0.7735357
0.7735357
0.7735357
0.61829479
0.61829479
0.61829479
0.7097082
0.7097082
0.7097082
0.7097082
0.7097082
0.7097082
0.7097082
0.7097082
0.85107553
0.85107553
0.85107553
0.78264149
0.73434482
0.69182344
0.69182344
0.69182344
0.69237731
0.69237731
0.69237731
0.69237731
0.4850661
0.45963523
0.45963523
0.45963523
0.45963523
0.55359653
0.59457882
0.59457882
0.6600116
0.71468524
0.736048
0.736048
0.78263909
0.78263909
0.78263909
0.74391479
0.74391479
0.74391479
0.76298864
0.76298864
0.76298864
0.76298864
0.76298864
0.76298864
0.76265672
0.76265672
0.76265672
0.90829755
0.90829755
0.90829755
0.90829755
0.90829755
0.85133801
0.85133801
0.85133801
0.81253813
0.81253813
0.81253813
0.81253813
0.8761244
0.91037032
0.91037032
0.93402073
0.94208929
0.94208929
0.94208929
0.93748947
0.93748947
0.913644
0.913644
0.82540972
0.78039225
0.70885204
0.51422564
0.4755876
0.47371231
0.42847714
0.42847714
0.42415979
0.41323611
0.41323611
0.30534046
0.30534046
0.28686223
0.26510644
0.26510644
0.26510644
0.30327011
0.30327011
0.38118721
0.38118721
0.38118721
0.26897226
0.26179267
0.2562791
0.2562791
0.2562791
0.2562791
0.2562791
0.2562791
0.2562791
0.2562791
0.28622444
0.28622444
0.28622444
0.28622444
0.28622444
0.28622444
0.27520829
0.27520829
0.27520829
0.21628387
0.1784297
0.1784297
0.1784297
0.1784297
0.1784297
0.24659386
0.24659386
0.34694118
0.34694118
0.34694118
0.33494669
0.33494669
0.33494669
0.34848819
0.34848819
0.34848819
0.34188165
0.24238088
0.16590244
0.16590244
0.16590244
0.16590244
0.21552852
0.30784964
0.32485269
0.32485269
0.32485269
0.32485269
0.36575704
0.39740186
0.39740186
0.39740186
0.39740186
0.39740186
0.41880824
0.46522361
0.46522361
0.46522361
0.41519321
0.37252551
0.28894461
0.21160882
0.21160882
0.21160882
0.20627375
0.20627375
0.20627375
0.20627375
0.20627375
0.20627375
0.20627375
0.20627375
0.20627375
0.19542058
0.19542058
0.19542058
0.26427488
0.26427488
0.26427488
0.26427488
0.26726751
0.32782486
0.32782486
0.32782486
0.26888357
0.26888357
0.26888357
0.31253865
0.31253865
0.31253865
0.2593225
0.2593225
0.2593225
0.2593225
0.2593225
0.2593225
0.2593225
0.23111001
0.23111001
0.23111001
0.28589838
0.41246524
0.4717514
0.4717514
0.4717514
0.34960751
0.30050955
0.30050955
0.30050955
0.30256159
0.30256159
0.30256159
0.20476597
0.17409629
0.14443698
0.14443698
0.14443698
0.17772014
0.17772014
0.17772014
0.26123804
0.26123804
0.32630047
0.32630047
0.35359674
0.37581652
0.37581652
0.38061131
0.38061131
0.38061131
0.38061131
0.38061131
0.30512398
0.28043303
0.28043303
0.28043303
0.30511977
0.30511977
0.30511977
0.30511977
0.30511977
0.31305972
0.31305972
0.31305972
0.28660946
0.28660946
0.26728475
0.19111951
0.11319292
0.11319292
0.11319292
0.19425291
0.19425291
0.27208568
0.27208568
0.29058458
0.35984121
0.35984121
