0.78246524
0.75311222
0.75423352
0.75311222
0.75311222
0.73552249
0.73552249
0.73552249
0.75790152
0.77332527
0.77332527
0.77332527
0.77332527
0.77332527
0.77332527
0.77332527
0.71856046
0.71856046
0.71856046
0.71856046
0.71856046
0.69206243
0.6658449
0.6658449
0.6658449
0.65878667
0.65878667
0.65878667
0.67791213
0.67791213
0.6859376
0.6859376
0.6859376
0.70256524
0.70256524
0.70256524
0.70256524
0.68871836
0.68871836
0.68871836
0.69827469
0.69827469
0.69827469
0.69827469
0.69827469
0.69827469
0.69827469
0.7050118
0.71062545
0.71090521
0.71090521
0.73010139
0.73010139
0.73010139
0.73756434
0.73756434
0.73756434
0.73756434
0.73004035
0.73004035
0.73004035
0.73299426
0.73299426
0.77719008
0.79613638
0.79613638
0.79613638
0.74564948
0.74564948
0.74564948
0.74564948
0.72234604
0.71278592
0.71278592
0.71278592
0.71278592
0.71278592
0.71278592
0.71278592
0.71278592
0.73123358
0.73123358
0.73123358
0.6813654
0.6813654
0.6813654
0.6813654
0.6813654
0.6862219
0.6862219
0.6862219
0.6862219
0.6862219
0.71220178
0.71220178
0.71220178
0.70373984
0.70373984
0.70373984
0.70373984
0.7049484
0.7049484
0.79025458
0.79025458
0.79025458
0.75656251
0.75656251
0.75656251
0.75656251
0.75656251
0.75656251
0.75656251
0.75656251
0.75656251
0.75656251
0.73134907
0.73134907
0.73134907
0.75117178
0.75117178
0.75117178
0.76927873
0.79242265
0.79242265
0.79242265
0.79184827
0.79184827
0.79184827
0.79184827
0.79020511
0.79020511
0.79020511
0.79020511
0.77357502
0.73842611
0.71741201
0.71741201
0.71741201
0.75273775
0.75273775
0.75273775
0.75273775
0.75273775
0.75273775
0.73873755
0.73873755
0.73873755
0.73873755
0.73873755
0.73873755
0.73873755
0.73873755
0.74242639
0.74242639
0.75650877
0.75650877
0.75650877
0.75650877
0.75650877
0.75650877
0.75650877
0.75650877
0.75650877
0.75650877
0.73426031
0.73426031
0.73426031
0.73426031
0.73426031
0.73426031
0.7966238
0.7966238
0.7966238
0.76438691
0.76438691
0.76438691
0.76438691
0.76438691
0.76438691
0.76438691
0.82421394
0.83304788
0.83304788
0.83304788
0.83304788
0.83304788
0.83304788
0.82819299
0.80016591
0.78362924
0.78362924
0.78362924
0.78362924
0.82020675
0.82020675
0.82020675
0.82020675
0.82020675
0.80807752
0.80807752
0.79942783
0.79942783
0.79942783
0.78913233
0.78913233
0.78913233
0.78913233
0.78913233
0.76547567
0.76547567
0.76547567
0.76547567
0.76547567
0.76547567
0.76547567
0.76547567
0.76547567
0.76547567
0.76547567
0.76547567
0.79901204
0.79901204
0.79901204
0.79408256
0.79408256
0.79408256
0.79408256
0.79408256
0.78546387
0.78546387
0.78546387
0.78546387
0.78546387
0.78546387
0.78546387
0.76799724
0.76799724
0.76799724
0.76799724
0.75773314
0.75167625
0.75167625
0.75167625
0.75167625
0.75167625
0.75167625
0.76071105
0.76071105
0.76071105
0.76071105
0.76071105
0.69147832
0.69147832
0.69147832
0.73125829
0.73929092
0.73929092
0.73929092
0.7439164
0.7439164
0.7439164
0.71385334
0.71385334
0.71385334
0.71385334
0.69430866
0.67987804
0.67987804
0.67987804
0.67987804
0.67987804
0.67987804
0.70885452
0.70885452
0.70885452
0.76206296
0.81237366
0.81237366
0.81237366
0.80614562
0.80614562
0.80614562
0.75963167
0.7299166
0.7299166
0.7299166
0.7299166
0.7299166
0.7299166
0.83381029
0.83381029
0.83381029
0.83130137
0.83130137
0.83130137
0.83130137
0.83130137
0.83130137
0.83130137
0.83130137
0.81250613
0.80978058
0.79958152
0.79958152
0.79958152
0.83022086
0.83022086
0.83022086
0.81205787
0.76196576
0.76196576
0.76196576
0.76196576
0.72611233
0.72611233
0.72611233
0.73362445
0.73362445
0.73362445
0.76539864
0.81618363
0.88917254
0.88917254
0.88917254
0.81943841
0.81943841
0.80989225
0.80989225
0.80989225
0.74759086
0.74759086
0.74759086
0.74759086
0.73723543
0.73723543
0.73723543
0.73723543
0.73723543
0.73723543
0.73723543
0.73723543
0.73723543
0.7708454
0.7708454
0.7708454
0.7708454
0.80355452
0.80355452
0.81393227
0.81393227
0.81393227
0.81393227
0.81393227
0.81393227
0.81393227
0.81393227
0.77901103
0.77901103
0.76401645
0.76060369
0.76015388
0.76015388
0.76015388
0.76015388
0.78967021
0.83344761
0.84990007
0.84990007
0.84990007
0.84990007
0.84990007
0.84990007
0.84990007
0.84990007
0.8483532
0.83491374
0.83491374
0.83491374
0.83210242
0.83210242
0.83210242
0.82450683
0.82450683
0.82450683
0.82450683
0.81872827
0.81548859
0.81548859
0.81548859
0.81548859
0.81548859
0.81548859
0.81476714
0.81476714
0.81476714
0.81476714
0.81476714
0.81476714
0.81476714
0.81476714
0.81476714
0.81476714
0.79572213
0.79572213
0.79572213
0.81479679
0.81479679
0.81479679
0.81479679
0.81479679
0.83673164
0.85177926
0.86001195
0.86001195
0.86001195
0.86001195
0.86001195
0.86001195
0.86001195
0.86001195
0.85288444
0.85288444
0.85288444
0.85288444
0.81964617
0.81770115
0.72777297
0.72777297
0.72777297
0.73354885
0.79218533
0.79863848
0.79863848
0.79863848
0.80585726
0.85565037
0.85565037
0.85565037
0.83659522
0.83659522
0.83659522
0.83659522
0.83659522
0.83081237
0.83081237
0.83081237
0.83081237
0.83408384
0.83408384
0.83408384
0.83408384
0.83408384
0.83408384
0.81720387
0.75515923
0.75515923
0.75515923
0.75515923
0.74748206
0.74748206
0.74462207
0.74462207
0.74462207
0.74462207
0.74462207
0.74462207
0.74462207
0.74462207
0.73329636
0.73329636
0.73329636
0.73329636
0.7212082
0.7212082
0.7212082
0.7212082
0.7212082
0.7212082
0.7212082
0.7212082
0.72426538
0.72426538
0.72426538
0.72426538
0.75096431
0.75096431
0.75096431
0.74989162
0.74989162
0.74989162
0.74989162
0.74989162
0.74989162
0.74989162
0.74989162
0.74989162
0.74989162
0.74989162
0.74989162
0.74989162
0.74989162
0.74989162
0.74989162
0.74429907
0.74429907
0.67481072
0.67481072
0.67481072
0.71258578
0.71258578
0.71258578
0.67502876
0.67502876
0.67502876
0.67502876
0.67461156
0.67461156
0.67304244
0.67304244
0.67304244
0.71957717
0.71957717
0.71957717
0.70400319
0.70371873
0.70371873
0.70371873
0.70371873
0.70371873
0.70371873
0.73424638
0.73424638
0.73424638
0.73424638
0.74416555
0.75517725
0.75517725
0.75517725
0.75517725
0.75517725
0.75517725
0.82318681
0.82318681
0.82318681
0.80017446
0.80017446
0.80017446
0.80017446
0.76117251
0.76117251
0.76117251
0.76117251
0.76117251
0.78674247
0.7929971
0.7929971
0.7929971
0.7929971
0.7929971
0.7929971
0.79889834
0.79889834
0.79905926
0.79905926
0.79905926
0.79905926
0.79905926
0.79905926
0.79905926
0.79905926
0.80395829
0.80395829
0.80395829
0.80395829
0.80395829
0.80395829
0.80395829
0.80395829
0.76559867
0.76559867
0.76559867
0.77400397
0.77400397
0.82206091
0.82454265
0.82454265
0.82454265
0.82454265
0.82454265
0.82454265
0.80943562
0.80764274
0.80764274
0.80764274
0.80764274
0.80764274
0.80764274
0.80764274
0.78382541
0.71193315
0.71193315
0.68019869
0.64414753
0.64414753
0.64414753
0.64414753
0.64414753
0.63671149
0.63671149
0.63671149
0.55425878
0.55425878
0.55425878
0.555556
0.555556
0.555556
0.56039516
0.56039516
0.56039516
0.53787021
0.53787021
0.53787021
0.40201994
0.40201994
0.40201994
0.4137861
0.4137861
0.51947697
0.51947697
0.51947697
0.51947697
0.51947697
0.52439593
0.52441952
0.52441952
0.52441952
0.55482587
0.55482587
0.55482587
0.55482587
0.59152726
0.59152726
0.62181892
0.64163969
0.75029329
0.75029329
0.75029329
0.75029329
0.75029329
0.75029329
0.75029329
0.78611568
0.78611568
0.78611568
0.78611568
0.77782946
0.77782946
0.77782946
0.77782946
0.77782946
0.72952847
0.72952847
0.72952847
0.69279089
0.69279089
0.69279089
0.69279089
0.69279089
0.69279089
0.7249092
0.7249092
0.7249092
0.7249092
0.7249092
0.7249092
0.7249092
0.72784672
0.72784672
0.72784672
0.72784672
0.72784672
0.72784672
0.72784672
0.72784672
0.73721712
0.73721712
0.73721712
0.768044
0.768044
0.768044
0.82410807
0.82410807
0.82410807
0.79784885
0.77578238
0.77578238
0.77578238
0.77578238
0.74169808
0.74169808
0.74169808
0.76483468
0.76483468
0.76483468
0.73442387
0.73442387
0.73442387
0.77631061
0.77894914
0.81756505
0.81756505
0.81756505
0.81756505
0.82348516
0.82348516
0.82348516
0.82348516
0.82348516
0.82348516
0.75818636
0.75818636
0.75818636
0.75818636
0.75818636
0.75818636
0.75818636
0.73459412
0.73459412
0.73459412
0.73459412
0.73459412
0.73459412
0.73459412
0.73459412
0.68589029
0.68589029
0.68589029
0.68589029
0.68589029
0.68589029
0.720325
0.720325
0.73003586
0.73003586
0.73003586
0.72164746
0.72164746
0.72164746
0.764493
0.764493
0.764493
0.8462939
0.8462939
0.8462939
0.80279428
0.80279428
0.80279428
0.81259643
0.81259643
0.81259643
0.80965329
0.79676275
0.78637886
0.78637886
0.78637886
0.78637886
0.78637886
0.78637886
0.78637886
0.78637886
0.78637886
0.83606522
0.83606522
0.83606522
0.83606522
0.79181106
0.78544531
0.78544531
0.78544531
0.78466105
0.76188342
0.73145186
0.73145186
0.73145186
0.73145186
0.73145186
0.73145186
0.73145186
0.73145186
0.76716795
0.80743198
0.80743198
0.80743198
0.80743198
0.80398049
0.80398049
0.80398049
0.71193067
0.71193067
0.71193067
0.77943243
0.81101933
0.82012248
0.82012248
0.82012248
0.78975033
0.78975033
0.78975033
0.78975033
0.78975033
0.74923468
0.74923468
0.74923468
0.76389828
0.76389828
0.76389828
0.68109008
0.68109008
0.67907971
0.67907971
0.67907971
0.6928692
0.6928692
0.6928692
0.6928692
0.6928692
0.6928692
0.66362394
0.66362394
0.66362394
0.66907503
0.69109061
0.69701286
0.69701286
0.69701286
0.69832161
0.69832161
0.69832161
0.69832161
0.69832161
0.62722657
0.62722657
0.62722657
0.72110373
0.72110373
0.72110373
0.75773427
0.75773427
0.75773427
0.74252241
0.73958287
0.73958287
0.73958287
0.73958287
0.73958287
0.73958287
0.74880303
0.74880303
0.74880303
0.74880303
0.74880303
0.74880303
0.74880303
0.74880303
0.76420439
0.76420439
0.76420439
0.76128911
0.75208784
0.74727824
0.74727824
0.74727824
0.74727824
0.73995666
0.73995666
0.73995666
0.71209519
0.71209519
0.71209519
0.71209519
0.71209519
0.71209519
0.71209519
0.71209519
0.71209519
0.73839445
0.73839445
0.73839445
0.73839445
0.68799795
0.68799795
0.68799795
0.69204406
0.71976279
0.71976279
0.71976279
0.71976279
0.66938493
0.66938493
0.66938493
0.66938493
0.66938493
0.66938493
0.66938493
0.65047797
0.65047797
0.65047797
0.68423974
0.68423974
0.68423974
0.68423974
0.68423974
0.68423974
0.68423974
0.68423974
0.68423974
0.68423974
0.68423974
0.68423974
0.68423974
0.68423974
0.68423974
0.68423974
0.70936638
0.72676296
0.72676296
0.72676296
0.71246488
0.71246488
0.71246488
0.71246488
0.71246488
0.68253128
0.68253128
0.65235758
0.65235758
0.65235758
0.67919421
0.67919421
0.67919421
0.65626954
0.65626954
0.65626954
0.72996536
0.72996536
0.72996536
0.72669406
0.72669406
0.68982309
0.68982309
0.68982309
0.68982309
0.76094532
0.76094532
0.76094532
0.76094532
0.76094532
0.7748943
0.7748943
0.7748943
0.76729303
0.76029429
0.76029429
0.76029429
0.76029429
0.76029429
0.76029429
0.74455118
0.71526671
0.71526671
0.71526671
0.71526671
0.71526671
0.71526671
0.71526671
0.70006264
0.69380921
0.69380921
0.69380921
0.69380921
0.69380921
0.69380921
0.6897575
0.6897575
0.6897575
0.6897575
0.6897575
0.6897575
0.68476942
0.66837437
0.66837437
0.66837437
0.66837437
0.66837437
0.66837437
0.66837437
0.66837437
0.66837437
0.66837437
0.68344918
0.68344918
0.68344918
0.68344918
0.68344918
0.68344918
0.68290841
0.68290841
0.68290841
0.69217662
0.71743415
0.71743415
0.76099641
0.773361
0.773361
0.773361
0.71646006
0.7129528
0.6917949
0.67422226
0.67422226
0.67422226
0.72442088
0.72442088
0.72442088
0.70652452
0.70652452
0.70652452
0.71294184
0.71294184
0.71294184
0.71294184
0.72962756
0.72962756
0.72962756
0.70965658
0.70024554
0.70024554
0.70024554
0.70024554
0.68604089
0.68604089
0.68604089
0.68699516
0.68699516
0.68699516
0.65107892
0.65107892
0.65107892
0.65107892
0.65107892
0.7186099
0.7186099
0.7186099
0.71037488
0.69013108
0.63108969
0.63108969
0.63108969
0.70108034
0.70108034
0.70108034
0.66246204
0.66246204
0.66246204
0.67459331
0.67459331
0.67459331
0.67459331
0.71499897
0.71499897
0.71499897
0.71499897
0.68376097
0.68376097
0.68376097
0.68376097
0.64323265
0.64323265
0.61029545
0.61029545
0.61029545
0.66461076
0.69374243
0.69374243
0.69374243
0.67839515
0.67839515
0.67839515
0.67839515
0.67839515
0.67971893
0.67971893
0.67971893
0.66775612
0.66775612
0.66775612
0.66775612
0.66775612
0.67223596
0.67223596
0.69280057
0.69280057
0.69280057
0.69280057
0.74140996
0.80316931
0.80316931
0.80316931
0.80316931
0.80316931
0.69025476
0.69025476
0.6726145
0.6726145
0.6726145
0.6726145
0.6726145
0.6726145
0.6726145
0.6726145
0.6726145
0.6726145
0.6726145
0.6726145
0.68102776
0.69597192
0.69597192
0.69597192
0.69402598
0.65281638
0.65281638
0.65281638
0.67829589
0.71439682
0.71439682
0.71439682
0.71439682
0.71439682
0.71439682
0.71439682
0.61785231
0.61785231
0.61785231
0.69810777
0.69810777
0.69810777
0.69810777
0.69810777
0.69810777
0.69810777
0.69810777
0.69810777
0.71375506
0.76435607
0.76435607
0.76435607
0.74882404
0.72364193
0.72364193
0.72364193
0.72364193
0.72364193
0.72364193
0.72364193
0.72364193
0.72364193
0.72364193
0.72364193
0.72364193
0.72364193
0.77222723
0.77222723
0.77222723
0.75723856
0.75723856
0.73179883
0.71755407
0.71755407
0.71755407
0.71755407
0.71755407
0.71755407
0.71755407
0.71755407
0.71755407
0.68028389
0.68028389
0.67131225
0.66372128
0.66372128
0.66372128
0.66372128
0.66372128
0.66372128
0.66387796
0.66516501
0.66516501
0.66516501
0.66516501
0.66516501
0.66516501
0.66516501
0.66516501
0.66516501
0.63970069
0.63970069
0.63970069
0.69457601
0.69457601
0.69457601
0.70998921
0.74308816
0.74308816
0.74308816
0.74308816
0.74308816
0.74308816
0.64439734
0.61170995
0.61170995
0.61170995
0.73120349
0.73120349
0.73120349
0.6874884
0.6874884
0.6874884
0.6874884
0.6874884
0.6515371
0.6515371
0.6515371
0.6515371
0.69244566
0.69244566
0.70774723
0.71911314
0.71911314
0.71911314
0.71911314
0.72416139
0.72416139
0.72416139
0.72444896
0.72444896
0.72444896
0.70362492
0.70362492
0.70362492
0.71415144
0.80623269
0.81936135
0.84377204
0.84377204
0.84377204
0.83308192
0.81531147
0.73266744
0.73266744
0.73266744
0.76855014
0.79120081
0.79120081
0.79120081
0.77247236
0.77247236
0.76632656
0.76632656
0.76453131
0.76453131
0.74361104
0.74361104
0.74361104
0.76388506
0.76388506
0.76388506
0.76388506
0.76388506
0.74878999
0.74878999
0.74878999
0.74878999
0.74878999
0.74878999
0.74878999
0.74878999
0.74878999
0.70907586
0.70907586
0.70907586
0.70983301
0.70983301
0.71215994
0.71215994
0.71215994
0.71215994
0.78366792
0.78366792
0.78366792
0.77114101
0.75313132
0.66926524
0.66147362
0.65839383
0.65839383
0.65839383
0.70238718
0.70238718
0.70238718
0.70238718
0.70238718
0.70238718
0.70238718
0.66312128
0.66312128
0.66312128
0.66312128
0.7205462
0.7205462
0.7205462
0.74949218
0.75205921
0.75205921
0.75205921
0.7437946
0.7437946
0.7437946
0.7437946
0.7437946
0.7437946
0.74286443
0.74286443
0.74286443
0.76671262
0.82423712
0.82423712
0.82423712
0.80483519
0.80483519
0.77552865
0.7425724
0.7425724
0.7425724
0.77294491
0.77294491
0.77294491
0.77294491
0.77294491
0.77294491
0.77294491
0.77294491
0.77294491
0.69179075
0.69179075
0.65991397
0.65991397
0.65991397
0.70249148
0.74703969
0.74703969
0.74703969
0.74274509
0.74274509
0.74274509
0.72861376
0.72861376
0.686209
0.686209
0.686209
0.70404208
0.70404208
0.70404208
0.74847276
0.74847276
0.74847276
0.73825437
0.73825437
0.73825437
0.73825437
0.6922013
0.6922013
0.6922013
0.73143939
0.73143939
0.75798321
0.75798321
0.75798321
0.75798321
0.75798321
0.75798321
0.69074838
0.69074838
0.69074838
0.69074838
0.69074838
0.69074838
0.69074838
0.69074838
0.69074838
0.69074838
0.69074838
0.69074838
0.69074838
0.69074838
0.69074838
0.77163364
0.77163364
0.77163364
0.77163364
0.77163364
0.77163364
0.77163364
0.77163364
0.77163364
0.77525509
0.77525509
0.77525509
0.77525509
0.77525509
0.77525509
0.80069141
0.80069141
0.80069141
0.80069141
0.80069141
0.80069141
0.77378167
0.77378167
0.77378167
0.77378167
0.74172623
0.74172623
0.74172623
0.73290599
0.70452919
0.70452919
0.70452919
0.73488196
0.73488196
0.73488196
0.73488196
0.82256136
0.82256136
0.82256136
0.80726091
0.80726091
0.80726091
0.80726091
0.80726091
0.78657739
0.78657739
0.77985512
0.77985512
0.75678119
0.75678119
0.75678119
0.70662112
0.70662112
0.70662112
0.70662112
0.71895345
0.71895345
0.71895345
0.71154848
0.71154848
0.71154848
0.71154848
0.71154848
0.71154848
0.71154848
0.71154848
0.78507682
0.79192658
0.79192658
0.79192658
0.79192658
0.79192658
0.8010322
0.8010322
0.8010322
0.80327197
0.80327197
0.80327197
0.84133974
0.84133974
0.84133974
0.84892883
0.84892883
0.84892883
0.84892883
0.84892883
0.84892883
0.84892883
0.84892883
0.84892883
0.76237637
0.76237637
0.76237637
0.76237637
0.75382142
0.75382142
0.75382142
0.76306661
0.76306661
0.76306661
0.76306661
0.76306661
0.76306661
0.74559398
0.72747911
0.71527504
0.71527504
0.71527504
0.81680287
0.81680287
0.81680287
0.80674741
0.80674741
0.80674741
0.80674741
0.74736993
0.70742118
0.70742118
0.70742118
0.70742118
0.72146135
0.79434393
0.79434393
0.79434393
0.80260309
0.80260309
0.80260309
0.80260309
0.80260309
0.80260309
0.77428265
0.73873059
0.73873059
0.72363533
0.68853911
0.65058456
0.65058456
0.65058456
0.65058456
0.65058456
0.65058456
0.65058456
0.65058456
0.65820009
0.65820009
0.65820009
0.69830355
0.69830355
0.74839031
0.77030344
0.81511746
0.81511746
0.81511746
0.81511746
0.81511746
0.81511746
0.81511746
0.75067799
0.75067799
0.75067799
0.75067799
0.75067799
0.73965728
0.73965728
0.73965728
0.7045582
0.7045582
0.7045582
0.7045582
0.7045582
0.7045582
0.74437104
0.74437104
0.74437104
0.73266581
0.73266581
0.73266581
0.73266581
0.73266581
0.73266581
0.73266581
0.73266581
0.73266581
0.74748791
0.76799051
0.76799051
0.76799051
0.74417797
0.68209242
0.68209242
0.68209242
0.68209242
0.68209242
0.68081072
0.68081072
0.68081072
0.6916911
0.6916911
0.6916911
0.6916911
0.6916911
0.6916911
0.6916911
0.6916911
0.6916911
0.6916911
0.6945582
0.6945582
0.6945582
0.6945582
0.6945582
0.6945582
0.6945582
0.70642157
0.73816579
0.73816579
0.73816579
0.73816579
0.73816579
0.73816579
0.73816579
0.73816579
0.73816579
0.73816579
0.73816579
0.73816579
0.73816579
0.73816579
0.73816579
0.73816579
0.7100361
0.70737406
0.70737406
0.70737406
0.70737406
0.70737406
0.70737406
0.69393081
0.69393081
0.69393081
0.70229193
0.70229193
0.70702948
0.70702948
0.7379762
0.7379762
0.7379762
0.76391785
0.76391785
0.76391785
0.76391785
0.74320614
0.71526299
0.71216922
0.71216922
0.71216922
0.71814776
0.71814776
0.71814776
0.6887396
0.6887396
0.6887396
0.70263651
0.70263651
0.70263651
0.70263651
0.70976691
0.70976691
0.70976691
0.70976691
0.70976691
0.72678665
0.72678665
0.72678665
0.72678665
0.69256097
0.69256097
0.69256097
0.73582899
0.73582899
0.73582899
0.69621061
0.69050117
0.69050117
0.69050117
0.69504017
0.69504017
0.69504017
0.69504017
0.69504017
0.69504017
0.69504017
0.69908799
0.7019455
0.7019455
0.7019455
0.7019455
0.7019455
0.7019455
0.68850774
0.67680736
0.67680736
0.67680736
0.63489791
0.63489791
0.63489791
0.76066445
0.76117262
0.76117262
0.76117262
0.76117262
0.76117262
0.76117262
0.74511022
0.72921356
0.72921356
0.72921356
0.72921356
0.72921356
0.75381804
0.75381804
0.75381804
0.75381804
0.75381804
0.75381804
0.7119227
0.7119227
0.7119227
0.7119227
0.7119227
0.7119227
0.7119227
0.7119227
0.7119227
0.7119227
0.7119227
0.70022832
0.66904128
0.64357362
0.64357362
0.64357362
0.65076385
0.67980462
0.67980462
0.67980462
0.67980462
0.67980462
0.67980462
0.67160947
0.67160947
0.67160947
0.69800943
0.69800943
0.69800943
0.71796777
0.71796777
0.71796777
0.72996269
0.73221661
0.73221661
0.73221661
0.73221661
0.73221661
0.74560869
0.74560869
0.74560869
0.75909913
0.75909913
0.75909913
0.72513309
0.72513309
0.72513309
0.71607285
0.69958649
0.69958649
0.69958649
0.69958649
0.68594039
0.68019439
0.68019439
0.68019439
0.68019439
0.68019439
0.68019439
0.75731315
0.75731315
0.75731315
0.73480533
0.73480533
0.73480533
0.68329324
0.68329324
0.68318957
0.68318957
0.68318957
0.68318957
0.6946107
0.71535045
0.71535045
0.71535045
0.68443189
0.68443189
0.68443189
0.69574953
0.69574953
0.69574953
0.691935
0.691935
0.691935
0.691935
0.691935
0.691935
0.691935
0.691935
0.691935
0.691935
0.691935
0.691935
0.73457071
0.73555046
0.73555046
0.73555046
0.73457288
0.73457288
0.72939435
0.72939435
0.72939435
0.73858429
0.73858429
0.73858429
0.73858429
0.73858429
0.74415863
0.78695236
0.78695236
0.78695236
0.78695236
0.78695236
0.78695236
0.78695236
0.77432704
0.77432704
0.77432704
0.77432704
0.77432704
0.77409628
0.75304348
0.75304348
0.75304348
0.75304348
0.75304348
0.74931651
0.74931651
0.74931651
0.74931651
0.74378594
0.74378594
0.74378594
0.6827986
0.6827986
0.6827986
0.68960913
0.68960913
0.68960913
0.68960913
0.68960913
0.68960913
0.68960913
0.72077812
0.72077812
0.72077812
0.72137393
0.72137393
0.72137393
0.72137393
0.72137393
0.72137393
0.72137393
0.72137393
0.72137393
0.79207844
0.79207844
0.79518461
0.79518461
0.79518461
0.79518461
0.78908791
0.74671076
0.74671076
0.74671076
0.77202865
0.77202865
0.77202865
0.65118175
0.65118175
0.65118175
0.65612971
0.70230927
0.70230927
0.70230927
0.70230927
0.70230927
0.70230927
0.70230927
0.70230927
0.67969361
0.67969361
0.61560819
0.61560819
0.61560819
0.61560819
0.61560819
0.61560819
0.61560819
0.61560819
0.61560819
0.61560819
0.61560819
0.61560819
0.65431051
0.65431051
0.65431051
0.65431051
0.65431051
0.65431051
0.65431051
0.65431051
0.68762354
0.68762354
0.68762354
0.69545202
0.71550053
0.71550053
0.71550053
0.71550053
0.71550053
0.71550053
0.71550053
0.78972899
0.78972899
0.78972899
0.78972899
0.79046659
0.81340925
0.81340925
0.81340925
0.81340925
0.81340925
0.81340925
0.81340925
0.77120073
0.77120073
0.77120073
0.77120073
0.77255209
0.77255209
0.77255209
0.77255209
0.75123585
0.75123585
0.75123585
0.75123585
0.75123585
0.72063587
0.72063587
0.72063587
0.69694496
0.69694496
0.69694496
0.70400532
0.72441164
0.76065124
0.76065124
0.76065124
0.76065124
0.76065124
0.76065124
0.76065124
0.76065124
0.70306306
0.70306306
0.70306306
0.72322779
0.72322779
0.72322779
0.72322779
0.72322779
0.72322779
0.68852942
0.68852942
0.68852942
0.68852942
0.69454323
0.69454323
0.69454323
0.60947678
0.60843444
0.60843444
0.59730298
0.59730298
0.59730298
0.53009214
0.53009214
0.53009214
0.58182943
0.58182943
0.58182943
0.58182943
0.58182943
0.58182943
0.60276214
0.60276214
0.60276214
0.60276214
0.60664599
0.62161248
0.62161248
0.62161248
0.62161248
0.62161248
0.60830061
0.55651819
0.55651819
0.55651819
0.59064789
0.59064789
0.59064789
0.536608
0.536608
0.536608
0.52138492
0.51240299
0.51240299
0.51240299
0.52396974
0.52396974
0.52396974
0.52396974
0.52396974
0.59797382
0.59811458
0.59811458
0.59811458
0.56594612
0.49432295
0.49432295
0.49432295
0.49432295
0.49673966
0.49673966
0.49673966
0.49673966
0.49673966
0.49673966
0.58821813
0.58821813
0.58821813
0.57924831
0.57924831
0.57924831
0.57924831
0.57924831
0.57924831
0.57924831
0.57924831
0.57924831
0.57924831
0.57924831
0.57924831
0.54829684
0.49228882
0.49228882
0.49228882
0.49228882
0.49228882
0.49228882
0.50143551
0.50143551
0.50143551
0.50143551
0.46124567
0.46124567
0.46124567
0.46124567
0.46124567
0.46124567
0.46124567
0.46124567
0.44171799
0.44171799
0.44171799
0.44171799
0.44171799
0.43950083
0.43950083
0.43950083
0.43950083
0.43003787
0.36028146
0.36028146
0.36028146
0.35274878
0.35274878
0.35274878
0.35274878
0.29641465
0.29641465
0.29641465
0.29641465
0.29641465
0.31784986
0.31784986
0.36632242
0.36632242
0.36632242
0.36632242
0.38449281
0.38449281
0.38449281
0.38449281
0.38449281
0.38449281
0.38449281
0.38449281
0.38434843
0.35046238
0.29653019
0.29653019
0.29653019
0.3081933
0.33539883
0.33539883
0.33539883
0.33539883
0.33539883
0.33539883
0.33539883
0.33539883
0.40692283
0.40692283
0.40692283
0.40692283
0.40632347
0.40632347
0.40632347
0.40632347
0.40632347
0.40632347
0.44296306
0.45928854
0.45928854
0.45928854
0.39081193
0.39081193
0.39081193
0.37827878
0.37827878
0.37827878
0.37827878
0.40747535
0.41100857
0.43500755
0.43500755
0.43500755
0.43500755
0.43245529
0.43245529
0.43245529
0.44303761
0.44303761
0.44303761
0.40632193
0.40632193
0.40632193
0.40632193
0.40632193
0.40632193
0.40632193
0.40632193
0.40632193
0.40632193
0.36599823
0.36599823
0.36330675
0.36330675
0.36330675
0.36330675
0.37751804
0.40407712
0.40407712
0.40407712
0.40407712
0.45577634
0.45577634
0.45577634
0.45577634
0.36289852
0.36289852
0.36289852
0.36289852
0.36289852
0.36289852
0.36289852
0.36289852
0.36289852
0.43504612
0.43504612
0.43504612
0.43504612
0.43504612
0.43504612
0.43504612
0.43504612
0.43504612
0.43504612
0.43504612
0.43504612
0.42984023
0.35943996
0.35943996
0.35943996
0.35943996
0.39676468
0.39676468
0.39676468
0.38918038
0.3809254
0.3809254
0.34735409
0.34735409
0.34735409
0.36545741
0.36545741
0.36545741
0.27272135
0.27272135
0.27272135
0.32124392
0.32124392
0.32124392
0.29577602
0.28560248
0.27250129
0.27250129
0.27250129
0.27250129
0.27250129
0.28919795
0.28919795
0.28919795
0.28919795
0.28919795
0.29150046
0.35935055
0.35935055
0.38238658
0.38238658
0.38238658
0.39906984
0.39906984
0.39906984
0.45188406
0.45188406
0.45188406
0.45188406
0.45188406
0.45188406
0.45188406
0.45188406
0.45188406
0.45188406
0.45188406
0.45188406
0.45188406
0.45188406
0.45188406
0.38459126
0.38459126
0.38459126
0.312066
0.312066
0.312066
0.312066
0.312066
0.32362819
0.36053985
0.36053985
0.37030522
0.37030522
0.37030522
0.37030522
0.40412437
0.40412437
0.40412437
0.40412437
0.40412437
0.40412437
0.29970937
0.29757119
0.29757119
0.29757119
0.29757119
0.29757119
0.29757119
0.31190253
0.31190253
0.31190253
0.31190253
0.32290193
0.3872945
0.3872945
0.3872945
0.3872945
0.3872945
0.3872945
0.3797191
0.3797191
0.3797191
0.3797191
0.3797191
0.3797191
0.3797191
0.39396975
0.39396975
0.39396975
0.39396975
0.39505107
0.39505107
0.39505107
0.39361485
0.39361485
0.39361485
0.36712126
0.35364246
0.35364246
0.32833318
0.32665693
0.32665693
0.32665693
0.32665693
0.32665693
0.32665693
0.32665693
0.32665693
0.32665693
0.32665693
0.32665693
0.32665693
0.31580133
0.31133853
0.31133853
0.31133853
0.31133853
0.31133853
0.28297733
0.28297733
0.28297733
0.28297733
0.28297733
0.28297733
0.26509343
0.21302225
0.21302225
0.21302225
0.21302225
0.21980547
0.21980547
0.21980547
0.21980547
0.21980547
0.21980547
0.27835088
0.27835088
0.27835088
0.27835088
0.27835088
0.29783071
0.29783071
0.29783071
0.29783071
0.29783071
0.3331743
0.3331743
0.3331743
0.3331743
0.3331743
0.3331743
0.3331743
0.26968645
0.26968645
0.26968645
0.26968645
0.26968645
0.26968645
0.23917338
0.23917338
0.17540618
0.17540618
0.17540618
0.20238503
0.24617575
0.24617575
0.24617575
0.24617575
0.2844673
0.37650641
0.37650641
0.37650641
0.33231261
0.33231261
0.33231261
0.33231261
0.33231261
0.33231261
0.43358785
0.43358785
0.43358785
0.39732261
0.39732261
0.39732261
0.39732261
0.39732261
0.39732261
0.39732261
0.31813021
0.31813021
0.31813021
0.35272571
0.35272571
0.35272571
0.35272571
0.40554599
0.4979443
0.56063283
0.56063283
0.56063283
0.56063283
0.56063283
0.56063283
0.56063283
0.56063283
0.56063283
0.56158043
0.56158043
0.56158043
0.56158043
0.56158043
0.56158043
0.56158043
0.61314723
0.61314723
0.62204391
0.62204391
0.6914981
0.70769786
0.70769786
0.70769786
0.62610327
0.61991662
0.61735593
0.58954432
0.58954432
0.58293509
0.58293509
0.58293509
0.58293509
0.58293509
0.59581315
0.59581315
0.59581315
0.59581315
0.59581315
0.59581315
0.59581315
0.59581315
0.59423184
0.59423184
0.59423184
0.59423184
0.59423184
0.59423184
0.59423184
0.59423184
0.59423184
0.661101
0.69692168
0.69692168
0.69692168
0.68033109
0.68033109
0.68033109
0.68033109
0.68033109
0.68033109
0.72887987
0.72887987
0.72887987
0.72887987
0.71225094
0.71225094
0.71225094
0.71225094
0.71225094
0.71225094
0.71225094
0.71225094
0.65845342
0.65010707
0.65010707
0.65010707
0.65010707
0.65010707
0.65010707
0.65010707
0.65010707
0.65010707
0.65721379
0.65721379
0.65721379
0.65721379
0.65203981
0.65203981
0.65203981
0.65203981
0.65203981
0.65445197
0.65445197
0.65445197
0.65445197
0.58887652
0.57193594
0.57193594
0.57193594
0.57193594
0.57193594
0.57193594
0.57193594
0.57193594
0.6243888
0.6243888
0.6243888
0.67846985
0.78205735
0.8487721
0.8487721
0.8487721
0.8487721
0.8487721
0.8487721
0.84115652
0.84115652
0.84115652
0.87499371
0.89166706
0.89166706
0.89166706
0.8056268
0.8056268
0.8056268
