0.5105796
0.48518877
0.480919
0.41279316
0.41279316
0.41279316
0.41279316
0.4761006
0.52505464
0.52505464
0.52505464
0.47576657
0.47553771
0.47553771
0.47553771
0.35063322
0.35063322
0.35063322
0.35063322
0.36740419
0.36740419
0.36740419
0.36740419
0.36740419
0.36740419
0.36740419
0.37766781
0.37766781
0.37766781
0.40465273
0.40465273
0.40465273
0.30522691
0.29677347
0.29537201
0.29537201
0.28457072
0.28457072
0.28457072
0.32893444
0.36156509
0.36156509
0.36156509
0.39476272
0.39476272
0.39476272
0.39476272
0.39476272
0.39476272
0.39714553
0.41607722
0.43428326
0.43428326
0.43428326
0.43428326
0.43428326
0.43428326
0.44467782
0.49581887
0.49644335
0.49644335
0.49644335
0.49644335
0.49644335
0.49644335
0.49644335
0.49644335
0.54399374
0.54399374
0.54399374
0.54373761
0.54373761
0.52136549
0.52136549
0.52136549
0.52136549
0.52136549
0.4933145
0.48829056
0.46416289
0.4529539
0.4529539
0.4529539
0.4529539
0.4529539
0.44861915
0.44861915
0.44133631
0.44133631
0.4078366
0.39445283
0.39177321
0.39177321
0.39177321
0.36940894
0.36940894
0.36940894
0.40086116
0.40086116
0.40086116
0.40086116
0.40086116
0.40086116
0.40086116
0.41112055
0.45466231
0.45466231
0.45466231
0.45466231
0.45466231
0.45466231
0.45466231
0.45466231
0.44636719
0.44636719
0.43066601
0.43066601
0.43066601
0.43066601
0.43066601
0.43066601
0.43066601
0.43066601
0.43066601
0.43066601
0.43066601
0.43066601
0.43066601
0.43066601
0.40973658
0.40973658
0.40973658
0.40973658
0.40251321
0.40251321
0.40251321
0.40251321
0.40251321
0.40492598
0.40492598
0.40492598
0.40492598
0.40492598
0.40492598
0.41890952
0.41890952
0.41890952
0.45973449
0.45973449
0.50370382
0.53245649
0.56935625
0.59315665
0.59315665
0.59315665
0.59315665
0.62497443
0.62564908
0.62564908
0.63293205
0.63293205
0.63293205
0.63293205
0.63293205
0.63293205
0.63293205
0.62607741
0.62003866
0.62003866
0.62003866
0.60442119
0.60442119
0.60442119
0.60442119
0.60442119
0.60442119
0.60442119
0.60442119
0.61353484
0.61353484
0.65187215
0.65187215
0.67390182
0.67390182
0.67390182
0.60990853
0.60990853
0.60990853
0.60031809
0.5931911
0.50889025
0.5080215
0.5080215
0.5080215
0.56075836
0.56075836
0.56075836
0.56075836
0.56075836
0.55825372
0.55825372
0.55638846
0.54994864
0.54994864
0.54994864
0.52023176
0.49720073
0.49720073
0.49720073
0.4657826
0.42852668
0.42852668
0.42852668
0.42852668
0.42852668
0.42852668
0.42852668
0.42852668
0.42852668
0.42852668
0.42852668
0.45796183
0.45796183
0.45796183
0.42962757
0.42962757
0.39586171
0.370456
0.370456
0.370456
0.37431952
0.37431952
0.40686901
0.40686901
0.40686901
0.40686901
0.40686901
0.40686901
0.40686901
0.40686901
0.32165595
0.32165595
0.32165595
0.38398879
0.41896632
0.4406285
0.49315558
0.50283696
0.51552306
0.51552306
0.51552306
0.51552306
0.51552306
0.52219088
0.52372365
0.52372365
0.52372365
0.52372365
0.52372365
0.52372365
0.52372365
0.5896925
0.5896925
0.5896925
0.5896925
0.6029968
0.6029968
0.6029968
0.6029968
0.6029968
0.6029968
0.6029968
0.62208561
0.62208561
0.62208561
0.62208561
0.62208561
0.62208561
0.6135866
0.6135866
0.6135866
0.59884548
0.59884548
0.58049924
0.58049924
0.58049924
0.56637168
0.53819676
0.50639662
0.4980926
0.4980926
0.4980926
0.44703988
0.44703988
0.44703988
0.44703988
0.43626704
0.41717407
0.41717407
0.41717407
0.47351209
0.47351209
0.47351209
0.50857785
0.50857785
0.50857785
0.50857785
0.50857785
0.50857785
0.50857785
0.50857785
0.53091349
0.55322795
0.55322795
0.55322795
0.55322795
0.56767211
0.56767211
0.56767211
0.56767211
0.58410071
0.58410071
0.58410071
0.55193374
0.55193374
0.55193374
0.55193374
0.58680356
0.58680356
0.58680356
0.58680356
0.54690259
0.53884928
0.53884928
0.53615859
0.53615859
0.53615859
0.53852022
0.53852022
0.53852022
0.53553134
0.52641216
0.52641216
0.50241555
0.50241555
0.50241555
0.50241555
0.50241555
0.50241555
0.47492945
0.47492945
0.47492945
0.47492945
0.47492945
0.47492945
0.46334087
0.46334087
0.46334087
0.46334087
0.46164783
0.40551684
0.39731529
0.35844903
0.32975104
0.32975104
0.32975104
0.38279285
0.38279285
0.38279285
0.38279285
0.3270243
0.3270243
0.3270243
0.37594921
0.37594921
0.37594921
0.35605773
0.35605773
0.29073567
0.24036093
0.24036093
0.24036093
0.24036093
0.24036093
0.24036093
0.28251726
0.31290455
0.31290455
0.31290455
0.31290455
0.31290455
0.31290455
0.31290455
0.31290455
0.30625291
0.30625291
0.29059635
0.29059635
0.27647151
0.27647151
0.27647151
0.29994145
0.29994145
0.29994145
0.29994145
0.29994145
0.29994145
0.29994145
0.29994145
0.29994145
0.29994145
0.30661709
0.30661709
0.30661709
0.28666581
0.28666581
0.28666581
0.32498219
0.32498219
0.32498219
0.32498219
0.329362
0.329362
0.329362
0.3092361
0.26667015
0.26667015
0.26667015
0.31064157
0.31064157
0.31064157
0.31064157
0.31064157
0.31064157
0.31064157
0.31064157
0.31064157
0.31064157
0.30411074
0.30411074
0.30411074
0.30411074
0.3162873
0.3162873
0.3162873
0.3162873
0.3162873
0.3162873
0.3162873
0.31813982
0.32618559
0.32618559
0.39012573
0.39012573
0.40028884
0.41148478
0.43397746
0.43397746
0.43397746
0.43397746
0.43397746
0.43397746
0.43397746
0.39961458
0.39961458
0.39961458
0.42739607
0.42739607
0.42739607
0.4231275
0.41415032
0.40095903
0.40095903
0.40095903
0.40158482
0.43864024
0.43864024
0.45312786
0.45312786
0.45312786
0.45312786
0.45312786
0.45312786
0.48232682
0.48232682
0.50894845
0.50894845
0.50894845
0.49720813
0.49720813
0.47553046
0.44573153
0.44472517
0.44472517
0.44472517
0.44472517
0.47671004
0.47671004
0.49787273
0.5059197
0.5059197
0.5059197
0.48651801
0.47407706
0.47407706
0.47407706
0.47407706
0.47407706
0.47407706
0.47407706
0.47407706
0.47427837
0.48341097
0.48341097
0.49784865
0.49784865
0.51761202
0.51761202
0.52250182
0.52250182
0.52250182
0.5228557
0.5228557
0.5228557
0.5228557
0.50759708
0.49939
0.46497298
0.46497298
0.46497298
0.46497298
0.46497298
0.46497298
0.46497298
0.45120545
0.45120545
0.45120545
0.43731889
0.43731889
0.43731889
0.43731889
0.40983764
0.40983764
0.40983764
0.40983764
0.40983764
0.40983764
0.3886188
0.36775066
0.36775066
0.36775066
0.36775066
0.36775066
0.36775066
0.38163241
0.40744275
0.40959609
0.44519069
0.4475328
0.4475328
0.47080244
0.47622802
0.48081401
0.53300527
0.53300527
0.53300527
0.50497279
0.50497279
0.50497279
0.50692304
0.50692304
0.50692304
0.50692304
0.50692304
0.50692304
0.50692304
0.50692304
0.48440223
0.48440223
0.48440223
0.48440223
0.48440223
0.4777957
0.47660913
0.47660913
0.45320849
0.45056749
0.41171774
0.41171774
0.41171774
0.41171774
0.3902487
0.3902487
0.3902487
0.45872456
0.45872456
0.45872456
0.48366473
0.48366473
0.49677527
0.50979335
0.50979335
0.50979335
0.50007499
0.50007499
0.50007499
0.50723336
0.50723336
0.50723336
0.50723336
0.50723336
0.50723336
0.50723336
0.50723336
0.51653091
0.51653091
0.51653091
0.48162146
0.46761669
0.46761669
0.46761669
0.4795576
0.48772372
0.48772372
0.48772372
0.48772372
0.45296361
0.45296361
0.45296361
0.45296361
0.45296361
0.46839657
0.46839657
0.46839657
0.44423884
0.43828742
0.43828742
0.43828742
0.43828742
0.43828742
0.43828742
0.43121268
0.43121268
0.43121268
0.43121268
0.43121268
0.43121268
0.43121268
0.36798488
0.36798488
0.36798488
0.41362985
0.41362985
0.41362985
0.35921363
0.31940876
0.25876233
0.24579138
0.24579138
0.24579138
0.2195943
0.2195943
0.2195943
0.22283698
0.22283698
0.22283698
0.22283698
0.21602349
0.21602349
0.18963191
0.18963191
0.18963191
0.18963191
0.18963191
0.2861769
0.2861769
0.2861769
0.2861769
0.2861769
0.25189757
0.25189757
0.22829357
0.22829357
0.22208519
0.22208519
0.22208519
0.26187102
0.26187102
0.28284005
0.29489842
0.32545414
0.35466758
0.35769565
0.35769565
0.37576005
0.37576005
0.37576005
0.36584709
0.36424551
0.34309303
0.28469343
0.28186311
0.24374147
0.24374147
0.24374147
0.29713898
0.29713898
0.29713898
0.33353867
0.34008406
0.36740963
0.39114908
0.39114908
0.39114908
0.31768854
0.31768854
0.31768854
0.31768854
0.31768854
0.32292747
0.37349093
0.37740585
0.39979816
0.39979816
0.39979816
0.39979816
0.37908982
0.37908982
0.37908982
0.29058287
0.29058287
0.29058287
0.2743032
0.2743032
0.2743032
0.23093082
0.21764751
0.20386958
0.20386958
0.20386958
0.20386958
0.20386958
0.20386958
0.20996403
0.24984266
0.24984266
0.29424631
0.29424631
0.29424631
0.28716861
0.25429831
0.25429831
0.25429831
0.28722733
0.28722733
0.29679961
0.29679961
0.29679961
0.28290971
0.28290971
0.28290971
0.28290971
0.28460996
0.28460996
0.28460996
0.26381485
0.26381485
0.24694565
0.24694565
0.18518013
0.14596019
0.14596019
0.14596019
0.14596019
0.14596019
0.11589674
0.11589674
0.11589674
0.11589674
0.11589674
0.11589674
0.13022773
0.13022773
0.13022773
0.13050326
0.13050326
0.13050326
0.13050326
0.13050326
0.14014995
0.14701755
0.14750793
0.14898735
0.14898735
0.14898735
0.14898735
0.14898735
0.16094246
0.16505208
0.17554518
0.17554518
0.18049039
0.19030992
0.19030992
0.20083906
0.22493128
0.25459731
0.27447346
0.27736303
0.27736303
0.27736303
0.259143
0.24878634
0.23560894
0.23560894
0.23560894
0.23560894
0.23560894
0.23560894
0.23560894
0.23560894
0.23560894
0.23560894
0.23560894
0.22023489
0.19860001
0.19793606
0.19793606
0.19793606
0.19382172
0.19382172
0.19382172
0.19382172
0.23257484
0.24876636
0.24876636
0.26411675
0.27067259
0.27067259
0.27067259
0.23028716
0.23028716
0.23028716
0.24880656
0.25403572
0.27453351
0.27453351
0.27453351
0.27453351
0.28081799
0.31671261
0.31671261
0.31671261
0.31671261
0.28520022
0.28520022
0.28520022
0.29297529
0.29297529
0.29297529
0.29297529
0.30003045
0.30011646
0.30011646
0.30011646
0.30011646
0.30011646
0.30011646
0.29621052
0.28612596
0.28612596
0.25430065
0.20154705
0.20154705
0.20154705
0.20154705
0.20154705
0.24607762
0.24607762
0.24607762
0.24607762
0.24607762
0.24607762
0.24443883
0.24443883
0.24443883
0.24443883
0.27207751
0.27207751
0.27207751
0.27207751
0.27207751
0.27207751
0.27207751
0.27207751
0.27207751
0.27207751
0.27207751
0.27207751
0.23313626
0.23313626
0.23313626
0.23313626
0.32568399
0.37835196
0.37835196
0.40239589
0.40239589
0.40239589
0.39454508
0.37110488
0.37110488
0.34596744
0.34596744
0.34596744
0.35998496
0.35998496
0.35998496
0.35998496
0.35998496
0.35998496
0.35998496
0.35998496
0.35998496
0.35998496
0.33653373
0.30021002
0.30021002
0.30021002
0.30021002
0.30021002
0.30021002
0.30911645
0.31737272
0.31737272
0.35031807
0.35031807
0.35031807
0.31556046
0.2894843
0.2894843
0.2894843
0.2894843
0.2894843
0.31695931
0.3194888
0.3194888
0.3194888
0.27583848
0.21505499
0.21505499
0.21505499
0.22756194
0.26489241
0.26489241
0.26489241
0.26489241
0.30250965
0.30250965
0.30250965
0.31003789
0.31003789
0.31003789
0.31003789
0.27447396
0.27447396
0.27447396
0.30508879
0.32500557
0.33727194
0.33727194
0.33727194
0.33727194
0.33727194
0.33727194
0.33504819
0.33504819
0.33239208
0.33239208
0.33239208
0.34916074
0.37651356
0.37651356
0.37651356
0.37651356
0.38735977
0.40580394
0.41256371
0.41256371
0.41256371
0.41256371
0.43354738
0.46592636
0.46592636
0.47375472
0.47375472
0.47375472
0.47375472
0.47375472
0.47375472
0.47004043
0.47004043
0.47004043
0.44072715
0.44072715
0.44072715
0.44072715
0.44072715
0.44231289
0.44231289
0.44231289
0.44231289
0.44231289
0.44231289
0.41046937
0.41046937
0.41046937
0.41161354
0.41190897
0.42514604
0.43829487
0.43829487
0.43829487
0.41300526
0.41300526
0.41300526
0.46528029
0.49579206
0.49579206
0.49579206
0.48037482
0.47123618
0.47123618
0.47123618
0.47123618
0.47123618
0.45594172
0.45594172
0.45594172
0.45594172
0.48915502
0.48915502
0.48915502
0.48915502
0.45278808
0.45278808
0.45278808
0.47490808
0.47817968
0.47817968
0.47817968
0.47817968
0.50370866
0.50370866
0.50370866
0.491193
0.491193
0.44255099
0.44255099
0.44255099
0.48553622
0.48553622
0.51412464
0.54681884
0.54681884
0.54681884
0.52837175
0.47275932
0.47275932
0.47275932
0.47275932
0.4725676
0.4725676
0.4725676
0.4725676
0.4725676
0.42557549
0.42557549
0.42557549
0.46509776
0.53945517
0.55872651
0.55872651
0.55872651
0.55872651
0.55872651
0.55872651
0.53210094
0.50481799
0.50481799
0.50481799
0.50481799
0.50481799
0.50654006
0.50654006
0.54897888
0.54897888
0.54897888
0.54897888
0.56947865
0.58321412
0.58321412
0.58321412
0.58321412
0.57736673
0.54553752
0.54553752
0.53668149
0.53668149
0.48230943
0.48230943
0.46866017
0.46866017
0.46866017
0.41048197
0.40939338
0.40939338
0.36657977
0.36657977
0.36657977
0.3753894
0.3753894
0.3753894
0.41004281
0.50989494
0.50989494
0.50989494
0.4606661
0.4606661
0.4606661
0.4606661
0.4606661
0.4606661
0.4606661
0.4606661
0.42939952
0.42939952
0.42939952
0.42939952
0.45031777
0.45031777
0.49106284
0.49106284
0.49106284
0.49106284
0.49106284
0.43555867
0.43555867
0.43555867
0.43555867
0.38063682
0.38063682
0.30100294
0.30100294
0.30100294
0.30100294
0.30100294
0.29709388
0.29029873
0.29029873
0.29029873
0.29029873
0.29029873
0.29029873
0.24252272
0.24252272
0.24252272
0.24252272
0.24252272
0.24252272
0.26915159
0.26915159
0.26915159
0.26915159
0.34776455
0.34776455
0.34776455
0.34776455
0.34776455
0.44907568
0.44907568
0.44907568
0.44907568
0.44907568
0.4486342
0.4486342
0.4486342
0.4486342
0.4486342
0.4486342
0.4486342
0.45583808
0.45583808
0.45583808
0.45793936
0.45793936
0.45793936
0.45487516
0.42972951
0.42972951
0.42972951
0.42972951
0.42972951
0.42972951
0.42972951
0.42972951
0.41056455
0.34742584
0.34742584
0.34742584
0.34742584
0.38368437
0.38368437
0.38368437
0.38368437
0.37501319
0.3453877
0.3453877
0.3453877
0.3453877
0.32650686
0.299672
0.299672
0.299672
0.34622896
0.34622896
0.34622896
0.34622896
0.38618928
0.42933948
0.50697752
0.50747135
0.50747135
0.52628414
0.52628414
0.52628414
0.52628414
0.52628414
0.52628414
0.51092027
0.49329662
0.49329662
0.45723839
0.45723839
0.45723839
0.45723839
0.45723839
0.45723839
0.45723839
0.45723839
0.43515371
0.43515371
0.43515371
0.4381592
0.4381592
0.4381592
0.47506144
0.47506144
0.47506144
0.47506144
0.47506144
0.47506144
0.47506144
0.47506144
0.44044966
0.39551668
0.39551668
0.39551668
0.39551668
0.39551668
0.39551668
0.39551668
0.43178246
0.45702117
0.45702117
0.45702117
0.37640205
0.37640205
0.32919482
0.32919482
0.32919482
0.33527207
0.33527207
0.33527207
0.33527207
0.33527207
0.34121778
0.34121778
0.36896607
0.36896607
0.36896607
0.35719151
0.26928338
0.26928338
0.26928338
0.26928338
0.26928338
0.26928338
0.26928338
0.26928338
0.26928338
0.26928338
0.26928338
0.26928338
0.26928338
0.26928338
0.26928338
0.26928338
0.26928338
0.26928338
0.27965468
0.27965468
0.27965468
0.27965468
0.27965468
0.27965468
0.27965468
0.27965468
0.27965468
0.27965468
0.30148972
0.30237524
0.35235716
0.35235716
0.35235716
0.35235716
0.35235716
0.37790848
0.37790848
0.38151216
0.38151216
0.38151216
0.38151216
0.42070986
0.42070986
0.42070986
0.41125479
0.28019053
0.28019053
0.28019053
0.29046417
0.29046417
0.29046417
0.23566429
0.23566429
0.23566429
0.26507312
0.26507312
0.26507312
0.25921195
0.24554131
0.24554131
0.24554131
0.24554131
0.32996182
0.33014856
0.33014856
0.35767759
0.35767759
0.37967229
0.37967229
0.37967229
0.37967229
0.37967229
0.37967229
0.37967229
0.37967229
0.4160987
0.4160987
0.4160987
0.4160987
0.4160987
0.4160987
0.4160987
0.4160987
0.36687034
0.36687034
0.36687034
0.35390741
0.35390741
0.35390741
0.36817599
0.37429048
0.37429048
0.37429048
0.3968034
0.3968034
0.3968034
0.3968034
0.31323124
0.26253013
0.26253013
0.26253013
0.28350249
0.28350249
0.3109214
0.3109214
0.3109214
0.38361898
0.43713722
0.43713722
0.43713722
0.47534265
0.47534265
0.47534265
0.47534265
0.47534265
0.50832207
0.50832207
0.57358127
0.58107072
0.58107072
0.58107072
0.58107072
0.58107072
0.56466984
0.49137413
0.49137413
0.49137413
0.52001949
0.52001949
0.52001949
0.49353792
0.45688798
0.45663787
0.45663787
0.45663787
0.45663787
0.36600316
0.36574588
0.36574588
0.36574588
0.36574588
0.36574588
0.3613208
0.3613208
0.3613208
0.3654191
0.3654191
0.3654191
0.3654191
0.3654191
0.3654191
0.3654191
0.3654191
0.374862
0.39622395
0.39622395
0.39622395
0.33830835
0.30494005
0.30494005
0.30494005
0.45539956
0.46808544
0.46808544
0.46808544
0.46808544
0.45837606
0.41381907
0.37845082
0.37845082
0.37845082
0.40046236
0.46684283
0.46684283
0.46684283
0.46684283
0.42747276
0.42747276
0.42747276
0.42747276
0.42747276
0.42747276
0.42747276
0.36711618
0.36711618
0.36711618
0.4361475
0.4361475
0.4361475
0.40940308
0.40834615
0.40834615
0.24480934
0.24480934
0.24480934
0.3246715
0.4021444
0.4021444
0.4021444
0.39525862
0.32223378
0.32223378
0.32223378
0.32223378
0.31256287
0.31160164
0.24485316
0.24485316
0.24485316
0.24485316
0.23456158
0.2250082
0.21844288
0.21844288
0.21844288
0.21844288
0.21844288
0.21844288
0.34161202
0.34161202
0.34161202
0.31366165
0.21619861
0.14072134
0.14072134
0.10897391
0.10897391
0.10897391
0.11257893
0.24595335
0.24595335
0.24595335
0.24595335
0.31844215
0.31844215
0.31844215
0.31844215
0.31353114
0.31353114
0.31353114
0.31563878
0.31563878
0.42209458
0.42209458
0.42209458
0.42209458
0.4184001
0.40536614
0.40536614
0.28546721
0.28546721
0.28546721
0.40263968
0.40263968
0.40263968
0.40197187
0.40197187
0.40197187
0.37280938
0.37280938
0.33876313
0.30087055
0.30087055
0.30087055
0.30087055
0.30087055
0.30087055
0.30087055
0.30087055
0.30087055
0.27573287
0.27573287
0.27573287
0.27573287
0.29251616
0.29251616
0.31153118
0.31153118
0.31153118
0.31153118
0.31153118
0.31153118
0.31153118
0.22627835
0.21209409
0.21209409
0.21209409
0.21209409
0.31855651
0.31855651
0.31855651
0.31855651
0.35015424
0.35015424
0.38727593
0.38727593
0.38727593
0.38727593
0.38727593
0.38727593
0.38727593
0.38727593
0.34894838
0.34894838
0.34894838
0.24967862
0.24967862
0.24967862
0.2605748
0.30988794
0.35559852
0.35559852
0.35559852
0.35559852
0.38340251
0.40218353
0.40218353
0.40218353
0.40218353
0.40218353
0.40218353
0.39393374
0.36480656
0.24966005
0.24536345
0.24536345
0.23652726
0.23652726
0.22746911
0.22746911
0.22746911
0.25247343
0.25247343
0.26233005
0.32433599
0.32433599
0.32433599
0.32433599
0.32433599
0.32777977
0.35927753
0.35927753
0.35927753
0.35927753
0.35927753
0.35927753
0.35927753
0.35927753
0.38501121
0.39374322
0.39374322
0.39374322
0.3846938
0.3846938
0.3846938
0.3846938
0.3846938
0.3846938
0.3846938
0.3846938
0.3846938
0.3846938
0.39040919
0.39040919
0.39040919
0.4128038
0.4128038
0.4128038
0.39718951
0.39718951
0.37066897
0.37066897
0.37066897
0.37066897
0.37066897
0.37066897
0.39506453
0.39506453
0.49344373
0.49344373
0.49344373
0.49344373
0.59588526
0.59588526
0.59588526
0.59588526
0.59588526
0.57633827
0.57633827
0.57633827
0.57633827
0.59026845
0.59026845
0.68642249
0.71123625
0.71123625
0.71123625
0.68947194
0.64426121
0.59945385
0.59945385
0.59945385
0.59945385
0.64987839
0.64987839
0.65442645
0.65442645
0.73083231
0.73083231
0.74121726
0.7482389
0.7482389
0.75335819
0.75335819
0.75335819
0.75335819
0.74812059
0.74812059
0.70099691
0.70099691
0.70099691
0.70099691
0.70099691
0.70099691
0.70893852
0.70893852
0.70893852
0.765586
0.765586
0.765586
0.73480639
0.73480639
0.73480639
0.73480639
0.67095648
0.67095648
0.67095648
0.67095648
0.65343536
0.63839662
0.62439056
0.6141123
0.6141123
0.6141123
0.6141123
0.6141123
0.6141123
0.64720322
0.64720322
0.64720322
0.64720322
0.62071534
0.62071534
0.62071534
0.64769682
0.64769682
0.75108342
0.75108342
0.75108342
0.75108342
0.75549413
0.75549413
0.75549413
0.75549413
0.75803102
0.75803102
0.7888125
0.82268561
0.82268561
0.82268561
0.82268561
0.82268561
0.79987149
0.79987149
0.79422996
0.79232642
0.79232642
0.78356239
0.7128644
0.6693564
0.6693564
0.6693564
0.6693564
0.6693564
0.6175777
0.6175777
0.6175777
0.57342004
0.57342004
0.57342004
0.57342004
0.59924923
0.59924923
0.59924923
0.57867816
0.57867816
0.57867816
0.57867816
0.57867816
0.57867816
0.57867816
0.55960105
0.54506873
0.54506873
0.54506873
0.59418058
0.60498534
0.60498534
0.63996317
0.69526644
0.69566976
0.69566976
0.69566976
0.69566976
0.69566976
0.72875985
0.81584598
0.87739749
0.87739749
0.87739749
0.86991241
0.83049627
0.82745572
0.82745572
0.82745572
0.82745572
0.83862256
0.83862256
0.83862256
0.79406535
0.79356595
0.79356595
0.70433308
0.70433308
0.68411467
0.68411467
0.68411467
0.67416864
0.63840939
0.63532308
0.61016978
0.61016978
0.61016978
0.61016978
0.61016978
0.67947263
0.71163991
0.7580807
0.7580807
0.77805189
0.77805189
0.77805189
0.61868776
0.5723961
0.5723961
0.5723961
0.5723961
0.5723961
0.6418411
0.6418411
0.6418411
0.6418411
0.6418411
0.55688895
0.55688895
0.55688895
0.55688895
0.56079542
0.56079542
0.56079542
0.53303264
0.53303264
0.46448346
0.46448346
0.43076311
0.43076311
0.43076311
0.58594687
0.5927135
0.65649155
0.65649155
0.65649155
0.65649155
0.65649155
0.65649155
0.65649155
0.65649155
0.65649155
0.63895109
0.63895109
0.63895109
0.63671261
0.62829703
0.62596844
0.547914
0.51509506
0.51509506
0.51509506
0.5365912
0.5365912
0.5365912
0.5365912
0.56720247
0.61913732
0.71268437
0.73032505
0.73032505
0.73032505
0.69219269
0.69219269
0.6010939
0.6010939
0.6010939
0.6010939
0.6010939
0.6010939
0.6010939
0.59530912
0.59530912
0.59069674
0.59069674
0.5747761
0.57070578
0.5701082
0.52683892
0.52310277
0.5174465
0.5174465
0.50288339
0.50288339
0.50288339
0.45142398
0.45142398
0.45142398
0.45142398
0.45142398
0.45142398
0.45142398
0.45142398
0.44343563
0.38725976
0.38725976
0.38725976
0.43954004
0.43954004
0.43954004
0.39667873
0.39667873
0.30692837
0.22770492
0.22770492
0.19201631
0.12060532
0.12060532
0.12060532
0.1704376
0.24383234
0.29690584
0.30545962
0.3517565
0.3517565
0.3517565
0.3517565
0.3517565
0.32747374
0.32747374
0.27621185
0.27621185
0.27621185
0.27621185
0.27621185
0.27621185
0.25301185
0.25301185
0.25301185
0.34785265
0.34785265
0.34785265
0.31932266
0.2758138
0.19295103
0.14126445
0.14126445
0.14126445
0.1862381
0.1862381
0.21068064
0.29757724
0.29757724
0.29757724
0.28451867
0.27905174
0.21319167
0.21319167
0.21319167
0.29663877
0.31576539
0.31576539
0.31576539
0.31576539
0.34615261
0.34615261
0.34615261
0.34615261
0.34615261
0.34615261
0.34615261
0.34615261
0.34615261
0.34615261
0.34615261
0.28556168
0.28556168
0.28556168
0.28556168
0.36763706
0.36763706
0.36763706
0.36763706
0.36763706
0.33334754
0.25195707
0.14180874
0.14180874
0.14180874
0.17620172
0.26579991
0.34817571
0.34817571
0.34817571
0.3138234
0.31277941
0.31277941
0.30650049
0.30650049
0.30650049
0.30650049
0.31811192
0.31811192
0.31811192
0.31811192
0.31811192
0.15162915
0.14197902
0.14197902
0.14197902
0.10813461
0.09572383
0.09572383
0.09572383
0.14362636
0.15162827
0.15162827
0.23923929
0.23923929
0.23923929
0.2886255
0.2886255
0.2886255
0.2886255
0.25844233
0.25844233
0.25844233
0.22410532
0.22410532
0.22410532
0.22410532
0.22410532
0.22235441
0.22235441
0.22235441
0.22307516
0.30814825
0.32506615
0.32506615
0.32506615
0.3539522
0.3539522
0.3539522
0.36656571
0.42739583
0.43340149
0.48513839
0.48513839
0.48513839
0.48513839
0.48513839
0.48513839
0.48513839
0.48513839
0.50182939
0.50182939
0.50182939
0.50315188
0.50315188
0.50315188
0.50315188
0.50315188
0.50315188
0.4899972
0.4899972
0.4899972
0.4899972
0.4899972
0.4899972
0.51546004
0.51546004
0.51546004
0.38886964
0.38886964
0.38886964
0.44831442
0.51293429
0.52165759
0.52165759
0.52165759
0.50922833
0.40630627
0.37387387
0.37387387
0.37387387
0.40600461
0.4437332
0.4437332
0.4437332
0.33258348
0.33258348
0.27047074
0.23078029
0.23078029
0.23078029
0.23078029
0.23078029
0.23078029
0.23606607
0.27069316
0.42078571
0.42078571
0.42078571
0.42078571
0.42865537
0.43060304
0.43060304
0.43060304
0.45917429
0.45917429
0.45917429
0.45917429
0.59340343
0.60830855
0.60830855
0.60830855
0.54737421
0.5435184
0.5435184
0.5435184
0.57876638
0.57876638
0.57876638
0.50314698
0.4720248
0.45033381
0.45033381
0.45033381
0.45033381
0.45033381
0.45033381
0.49052408
0.54836092
0.54836092
0.54836092
0.49508073
0.45921873
0.40136069
0.3929172
0.36889707
0.29886685
0.29886685
0.29886685
0.39101293
0.39101293
0.39101293
0.39101293
0.32911021
0.32911021
0.27416225
0.27416225
0.27416225
0.27416225
0.21413319
0.21413319
0.21413319
0.04192203
0.03252806
0.03252806
0.03252806
0.08302885
0.15848717
0.17822568
0.17822568
0.17822568
0.17822568
0.28957338
0.28957338
0.3511195
0.3511195
0.3511195
0.3511195
0.3511195
0.42553743
0.42553743
0.42553743
0.35484851
0.35484851
0.35484851
0.35519211
0.43194538
0.43194538
0.43194538
0.43194538
0.43194538
0.43194538
0.40933225
0.40933225
0.40933225
0.43829018
0.43829018
0.46700248
0.49978994
0.49978994
0.49978994
0.51455731
0.51455731
0.51455731
0.51455731
0.51455731
0.47902212
0.47902212
0.44527399
0.44527399
0.44527399
0.44527399
0.44527399
0.37780447
0.37780447
0.36041937
0.36041937
0.36041937
0.39602553
0.39602553
0.39602553
0.39602553
0.37531093
0.37531093
0.37531093
0.37531093
0.40399183
0.40399183
0.40399183
0.37939834
0.37939834
0.37939834
0.46905468
0.50170129
0.50683148
0.55830553
0.55830553
0.55830553
0.49546813
0.44600934
0.43652195
0.43652195
0.43652195
0.43652195
0.46529806
0.48409414
0.48409414
0.50957336
0.50957336
0.50957336
0.50957336
0.50957336
0.50957336
0.50957336
0.48214887
0.48214887
0.48214887
0.48406497
0.54629432
0.54629432
0.54629432
0.51793599
0.49961542
0.47592064
0.42900969
0.42900969
0.42900969
0.44506406
0.44506406
0.5304448
0.5304448
0.5304448
0.53205023
0.5370434
0.5370434
0.5370434
0.5370434
0.5370434
0.53280315
0.53280315
0.49999672
0.47159853
0.44982439
0.44982439
0.44982439
0.44982439
0.44982439
0.44982439
0.46424467
0.46424467
0.46424467
0.46424467
0.46424467
0.46424467
0.43253524
0.43253524
0.43253524
0.63019715
0.63019715
0.63019715
0.62796723
0.62796723
0.62796723
0.59455665
0.57201704
0.47447212
0.42650454
0.42650454
0.42650454
0.42650454
0.38199601
0.34325886
0.32834787
0.29632289
0.29632289
0.29632289
0.37059198
0.37059198
0.37059198
0.42164771
0.42164771
0.42164771
0.42164771
0.44653143
0.44653143
0.44653143
0.44653143
0.44653143
0.45275882
0.45275882
0.45275882
0.50700248
0.50700248
0.50767191
0.55240754
0.55240754
0.55240754
0.55240754
0.55240754
0.55240754
0.51529564
0.47220475
0.47220475
0.45253121
0.45253121
0.45253121
0.46385344
0.52988598
0.55539356
0.55539356
0.55539356
0.52556263
0.50474395
0.50474395
0.50474395
0.50474395
0.47443783
0.47443783
0.47443783
0.47443783
0.47443783
0.47443783
0.47443783
0.49503752
0.49503752
0.51632808
0.51632808
0.51632808
0.45442555
0.34740447
0.34740447
0.34740447
0.41956396
0.50662799
0.50662799
0.50662799
0.50662799
0.49215893
0.49215893
0.49215893
0.49215893
0.49215893
0.49215893
0.49215893
0.49215893
0.49215893
0.49530134
0.49530134
0.49530134
0.49530134
0.49530134
0.50192216
0.50192216
0.50192216
0.52986194
0.5732505
0.5732505
0.62356592
0.62356592
0.62356592
0.62356592
0.62356592
0.62356592
0.62356592
0.62356592
0.62356592
0.62356592
0.61864882
0.61864882
0.61864882
0.62603144
0.62603144
0.62603144
0.62603144
0.62603144
0.62603144
0.62603144
0.62603144
0.6514061
0.65313977
0.72712287
0.72712287
0.72712287
0.72712287
0.72712287
0.72712287
0.72712287
0.57024908
0.57024908
0.57024908
0.53721832
0.50379402
0.50379402
0.50379402
0.50379402
0.50379402
0.50379402
0.50379402
0.50379402
0.50379402
0.50379402
0.50379402
0.50379402
0.53998513
0.53998513
0.53998513
0.53998513
0.53998513
0.53998513
0.53998513
0.53998513
0.53998513
0.5235824
0.5235824
0.5235824
0.55832091
0.56789839
0.59476449
0.59476449
0.59476449
0.59476449
0.59476449
0.56625793
0.56625793
0.56625793
0.62897353
0.62897353
0.62897353
0.62897353
0.62897353
0.62897353
0.62897353
0.62897353
0.62897353
0.62897353
0.62897353
0.62897353
0.62569567
0.62569567
0.62569567
0.62569567
0.62569567
0.62569567
0.62569567
0.62569567
0.6244883
0.6244883
0.6244883
0.6244883
0.58750019
0.58086486
0.57148849
0.50365409
0.50365409
0.4200248
0.4200248
0.4200248
0.4200248
0.4200248
0.4200248
0.4200248
0.4200248
0.4200248
0.42182725
0.42182725
0.42182725
0.44644096
0.44644096
0.44644096
0.44644096
0.44644096
0.44644096
0.44644096
0.44644096
0.45133009
0.45133009
0.45133009
0.43387686
0.43387686
0.37359418
0.37359418
0.37359418
0.37359418
0.37591451
0.37591451
0.37591451
0.37056236
0.37056236
0.37056236
0.32819799
0.32819799
0.30322555
0.30322555
0.30322555
0.31628209
0.31628209
0.3330616
0.3330616
0.3330616
0.31347346
0.31347346
0.31347346
0.28250583
0.28250583
0.28250583
0.28250583
0.29625592
0.29625592
0.29625592
0.29625592
0.29625592
0.29625592
0.29625592
0.29625592
0.29625592
0.29625592
0.3748528
0.3748528
0.3748528
0.36984406
0.36984406
0.33440802
0.28388143
0.28388143
0.28388143
0.3034721
0.31994047
0.31994047
0.34619556
0.46108589
0.46108589
0.46108589
0.41891613
0.41891613
0.34290439
0.34290439
0.34290439
0.34290439
0.34290439
0.34290439
0.34290439
0.34290439
0.34290439
0.34290439
0.38928133
0.38928133
0.43209196
0.48330286
0.51636975
0.51636975
0.51636975
0.51636975
0.44968082
0.44968082
0.44968082
0.44968082
0.44968082
0.51301011
0.51301011
0.5408608
0.60834867
0.60834867
0.63844843
0.63844843
0.63844843
0.56634739
0.50034178
0.50034178
0.50034178
0.50034178
0.38355809
0.38355809
0.38355809
0.38355809
0.38355809
0.18154837
0.14630613
0.14630613
0.14630613
0.14630613
0.14630613
0.14630613
0.14630613
0.14630613
0.25648045
0.37981201
0.37981201
0.39113096
0.39113096
0.39113096
0.42579414
0.42579414
0.42579414
0.34589222
0.28774397
0.28774397
0.28774397
0.30860497
0.30860497
0.30860497
0.30968726
0.30968726
0.30968726
0.27206664
0.27206664
0.27206664
0.27206664
0.27206664
0.22732296
0.22732296
0.22732296
0.23311932
0.23311932
0.24983212
0.24983212
0.24983212
0.24983212
0.25192713
0.25192713
0.25192713
0.25192713
0.25192713
0.19205642
0.19205642
0.19205642
0.20801904
0.20801904
0.20801904
0.20801904
0.29032869
0.41543969
0.41543969
0.41543969
0.40466507
0.38606718
0.38606718
0.38606718
0.38606718
0.38606718
0.38606718
0.38606718
0.38606718
0.34020015
0.34020015
0.27373932
0.27373932
0.27373932
0.28873745
0.36068678
0.41075647
0.41075647
0.42256714
0.45278973
0.45278973
0.45278973
0.45278973
0.45278973
0.49712995
0.49712995
0.49712995
0.47664416
0.47664416
0.47664416
0.47664416
0.47664416
0.47664416
0.47664416
0.4595292
0.4595292
0.4595292
0.4595292
0.4595292
0.4595292
0.44904712
0.44904712
0.44904712
0.40114274
0.40114274
0.40114274
0.40114274
0.40114274
0.40114274
0.40114274
0.36612594
0.36612594
0.36612594
0.36762832
0.54597542
0.54597542
0.54597542
0.50471014
0.50471014
0.47831011
0.43474244
0.43474244
0.43474244
0.43474244
0.43474244
0.42020002
0.41175903
0.41175903
0.41175903
0.41175903
0.41175903
0.41175903
0.42710666
0.42710666
0.42710666
0.45777164
0.45777164
0.45777164
0.43298641
0.43298641
0.43298641
0.56982244
0.56982244
0.56982244
0.56982244
0.55377386
0.55377386
0.55377386
0.4935015
0.4935015
0.4935015
0.47761925
0.40408397
0.37312188
0.37312188
0.34665458
0.34665458
0.34665458
0.38990825
0.46358927
0.46358927
0.46358927
0.46358927
0.4599125
0.4599125
0.4599125
0.4599125
0.4599125
0.45585086
0.39523815
0.39523815
0.26453923
0.21921684
0.21921684
0.21921684
0.21921684
0.21921684
0.20571285
0.20571285
0.20571285
0.20571285
0.14665782
0.14665782
0.14665782
0.14665782
0.14665782
0.13701799
0.1058868
0.1058868
0.1058868
0.15230224
0.26175618
0.29376278
0.29376278
0.29376278
0.28251183
0.2451086
0.24093187
0.230508
0.230508
0.230508
0.230508
0.23981155
0.23981155
0.23981155
0.18083023
0.18083023
0.18083023
0.21363842
0.22328985
0.22328985
0.22328985
0.22328985
0.22328985
0.22328985
0.22328985
0.22328985
0.22328985
0.22328985
0.21846364
0.21846364
0.19155923
0.18944183
0.18944183
0.18944183
0.19837928
0.19837928
0.20725662
0.23360141
0.23360141
0.23360141
0.22293458
0.22293458
0.22293458
0.22293458
0.26964465
0.26964465
0.33211253
0.38721226
0.38721226
0.38721226
0.38721226
0.38822466
0.38822466
0.3951842
0.3951842
0.44898902
0.46201079
0.46201079
0.46201079
0.4446389
0.4446389
0.4446389
0.4446389
0.4446389
0.4446389
0.4446389
0.4446389
0.43490271
0.43490271
0.43490271
0.43490271
0.43490271
0.43490271
0.36514351
0.36514351
0.36514351
0.38861509
0.38861509
0.38861509
0.38861509
0.43824504
0.43824504
0.47059628
0.47059628
0.47059628
0.47674456
0.47674456
0.48669673
0.57015892
0.57015892
0.57015892
0.53683484
0.47031722
0.47031722
0.47031722
0.47031722
0.478763
0.53059994
0.53059994
0.53059994
0.53059994
0.53059994
0.53059994
0.53059994
0.53059994
0.64569129
0.64569129
0.67735054
0.67735054
0.67735054
0.66226183
0.66226183
0.66226183
0.66226183
0.66226183
0.66516218
0.66516218
0.66516218
0.70082796
0.70082796
0.70082796
0.70082796
0.70082796
0.70893092
0.70893092
0.70893092
0.70893092
0.70893092
0.70893092
0.70106433
0.70106433
0.70106433
0.70106433
0.64032139
0.64032139
0.64032139
0.59545034
0.59545034
0.57650899
0.57650899
0.57650899
0.58921243
0.64246868
0.64246868
0.6808887
0.74084022
0.74084022
0.74084022
0.7070091
0.7070091
0.70617311
0.69627011
0.64285389
0.64285389
0.64285389
0.64285389
0.61646732
0.61646732
0.61646732
0.61646732
0.61646732
0.61646732
0.61646732
0.59113837
0.56795041
0.56795041
0.56795041
0.56795041
0.56795041
0.56795041
0.56795041
0.52607502
0.42027713
0.42027713
0.42027713
0.44475684
0.44475684
0.44475684
0.43860433
0.43860433
0.43860433
0.45745801
0.45745801
0.51427227
0.52186952
0.52186952
0.52186952
0.52186952
0.52186952
0.52186952
0.47651548
0.47651548
0.47651548
0.47906427
0.54749781
0.54749781
0.54749781
0.54749781
0.54749781
0.54749781
0.54749781
0.52184593
0.52184593
0.50838729
0.50776884
0.50776884
0.50776884
0.57391648
0.66737964
0.66737964
0.66737964
0.68012044
0.68730012
0.68730012
0.68730012
0.68730012
0.67344682
0.67344682
0.65673648
0.65673648
0.65673648
0.72100241
0.72100241
0.72100241
0.72100241
0.66985888
0.66985888
0.66985888
0.66192435
0.66192435
0.6343324
0.6343324
0.58516789
0.58516789
0.58516789
0.61611992
0.61611992
0.61611992
0.58357405
0.58357405
0.58357405
0.58357405
0.58357405
0.58357405
0.58357405
0.58357405
0.58357405
0.58357405
0.69722885
0.69722885
0.69722885
0.69722885
0.67251622
0.67251622
0.67251622
0.67251622
0.67251622
0.67251622
0.67251622
0.58664477
0.58664477
0.50942976
0.42153756
0.42153756
0.42153756
0.42153756
0.42153756
0.42153756
0.42153756
0.42153756
0.44348418
0.4694668
0.53586882
0.53586882
0.53586882
0.53586882
0.53586882
0.53586882
0.55063935
0.553592
0.553592
0.59324451
0.59324451
0.59324451
0.59324451
0.68204874
0.68204874
0.68204874
0.65642307
0.65580593
0.65580593
0.65580593
0.61770036
0.45622112
0.45622112
0.45622112
0.53970322
0.53970322
0.53970322
0.53970322
0.53970322
0.53970322
0.53970322
0.35586995
0.35586995
0.35586995
0.37000281
0.37000281
0.37000281
0.37000281
0.37626714
0.37626714
0.37626714
0.37626714
0.37626714
0.37626714
0.37626714
0.32801419
0.28811677
0.28811677
0.27707289
0.25681258
0.25681258
0.24223917
0.24223917
0.24223917
0.24223917
0.24223917
0.24223917
0.25849913
0.3089865
0.31412021
0.33515915
0.33515915
0.33515915
0.38672624
0.4018383
0.4018383
0.4018383
0.4018383
0.4018383
0.35866324
0.3483734
0.3483734
0.26801058
0.26801058
0.26801058
0.26801058
0.26801058
0.26801058
0.26801058
0.24672667
0.24672667
0.20291193
0.20291193
0.20291193
0.22483842
0.2808446
0.2808446
0.34491898
0.35941696
0.35941696
0.35941696
0.35065235
0.34689183
0.34273283
0.34273283
0.31165951
0.31165951
0.31165951
0.31165951
0.31165951
0.29443771
0.28899525
0.28899525
0.28899525
0.28899525
0.28899525
0.28899525
0.28899525
0.33126684
0.33126684
0.33126684
0.33126684
0.33126684
0.33126684
0.33126684
0.33126684
0.33126684
0.33126684
0.33126684
0.30900325
0.30900325
0.30900325
0.30900325
0.30900325
0.30900325
0.37731599
0.37731599
0.37731599
0.37731599
0.30587426
0.27516627
0.27516627
0.22645062
0.22645062
0.22645062
0.2996055
0.2996055
0.2996055
0.2996055
0.2996055
0.29610719
0.29610719
0.29610719
0.29610719
0.29610719
0.29610719
0.29610719
0.33940534
0.33940534
0.33940534
0.33940534
0.33940534
0.33940534
0.33940534
0.33940534
0.33865537
0.33865537
0.33865537
0.33865537
0.30912905
0.28617029
0.28617029
0.28617029
0.25044871
0.24940687
0.2431065
0.2431065
0.2431065
0.34749193
0.34749193
0.34749193
0.29591084
0.29591084
0.29591084
0.33745988
0.33745988
0.38924094
0.38924094
0.38924094
0.36491231
0.36491231
0.30223161
0.30223161
0.20957814
0.20957814
0.14293961
0.14293961
0.14293961
0.16224467
0.16224467
0.16224467
0.16224467
0.1834934
0.18968661
0.18968661
0.18968661
0.17584692
0.17584692
0.17584692
0.24717796
0.24717796
0.29863231
0.29863231
0.29863231
0.29863231
0.29863231
0.29863231
0.29863231
0.29863231
0.31924441
0.35075964
0.35693192
0.35693192
0.35693192
0.35693192
0.35693192
0.39075109
0.39075109
0.39075109
0.33473237
0.33473237
0.33473237
0.36805993
0.36805993
0.36805993
0.3654623
0.3654623
0.3654623
0.36965551
0.42922643
0.44626697
0.44626697
0.44626697
0.43225801
0.43225801
0.43225801
0.43225801
0.43225801
0.43774232
0.43774232
0.43774232
0.43774232
0.47223761
0.47223761
0.47223761
0.47223761
0.47693221
0.53183133
0.53183133
0.53183133
0.53039791
0.53039791
0.53039791
0.53603138
0.53603138
0.53603138
0.46622804
0.46622804
0.46622804
0.46622804
0.46622804
0.46622804
0.46622804
0.46622804
0.46622804
0.54860058
0.54860058
0.54860058
0.54860058
0.53662457
0.51102362
0.51102362
0.51102362
0.54257652
0.54257652
0.54257652
0.54257652
0.54257652
0.54257652
0.54257652
0.54257652
0.54257652
0.54257652
0.54257652
0.58209807
0.58209807
0.58209807
0.56543338
0.56543338
0.56543338
0.56543338
0.56543338
0.5777241
0.63957907
0.63957907
0.63957907
0.60453117
0.54095606
0.48351632
0.399931
0.399931
0.399931
0.399931
0.399931
0.4238737
0.51156389
0.51156389
0.58915644
0.58915644
0.59837556
0.59837556
0.59837556
0.50410784
0.49776215
0.49725763
0.49725763
0.49725763
0.49725763
0.40264434
0.40264434
0.40264434
0.40264434
0.40264434
0.40264434
0.40264434
0.40264434
0.47825062
0.50624464
0.50624464
0.58833226
0.58833226
0.58833226
0.47847608
0.47847608
0.36953047
0.36953047
0.36953047
0.38254807
0.38254807
0.38254807
0.46000996
0.46000996
0.46000996
0.46000996
0.46000996
0.46000996
0.46000996
0.46000996
0.46000996
0.46000996
0.48303569
0.48303569
0.49891218
0.49891218
0.49891218
0.53284172
0.53284172
0.53284172
0.48671035
0.48671035
0.48671035
0.48671035
0.40335136
0.40335136
0.40335136
0.46924492
0.46924492
0.46924492
0.46924492
0.42128954
0.42128954
0.42128954
0.42128954
0.42128954
0.42128954
0.45451826
0.48001476
0.48001476
0.48001476
0.48001476
0.52703577
0.55227843
0.55227843
0.55227843
0.56730014
0.56730014
0.56730014
0.61166702
0.61166702
0.61166702
0.55082173
0.55082173
0.55082173
0.55082173
0.55082173
0.55082173
0.55082173
0.55082173
0.55082173
0.57649859
0.63516328
0.63516328
0.63516328
0.58433187
0.58433187
0.58433187
0.64909142
0.65697391
0.65697391
0.65761117
0.65761117
0.65761117
0.64914473
0.64914473
0.64914473
0.64914473
0.64914473
0.55957451
0.55957451
0.55957451
0.58043086
0.58043086
0.58043086
0.58043086
0.58043086
0.58043086
0.58043086
0.58030503
0.53907872
0.53907872
0.53907872
0.54090554
0.54090554
0.58415963
0.58415963
0.58570046
0.58570046
0.58570046
0.5189328
0.51659866
0.51659866
0.44637991
0.44371219
0.44371219
0.44371219
0.44371219
0.44371219
0.48091999
0.48091999
0.48091999
0.48091999
0.52453175
0.52453175
0.52453175
0.52453175
0.54657638
0.62878569
0.62878569
0.62878569
0.61951284
0.61951284
0.58244093
0.58244093
0.58244093
0.58244093
0.51537574
0.49648853
0.49648853
0.49648853
0.52226091
0.52226091
0.52226091
0.52256961
0.52256961
0.52256961
0.52256961
0.52256961
0.52256961
0.49057277
0.49057277
0.49057277
0.44037535
0.44037535
0.44037535
0.44037535
0.42478978
0.42478978
0.42478978
0.42478978
0.42478978
0.42478978
0.42478978
0.42478978
0.37231267
0.37231267
0.37231267
0.33961388
0.33961388
0.33961388
0.33961388
0.3047571
0.3047571
0.3047571
0.3657452
0.4832557
0.4832557
0.4832557
0.47235805
0.47235805
0.47235805
0.42202595
0.42202595
0.42202595
0.42910329
0.42910329
0.42910329
0.42910329
0.49913634
0.49913634
0.49913634
0.39923435
0.3975
0.3975
0.3975
0.36042416
0.36042416
0.36042416
0.47215307
0.47215307
0.47215307
0.4544111
0.45266952
0.45266952
0.45266952
0.46203461
0.50585963
0.50585963
0.50585963
0.44044259
0.44044259
0.44044259
0.44044259
0.44044259
0.44044259
0.39913746
0.36295834
0.36295834
0.36295834
0.36295834
0.36295834
0.36295834
0.36295834
0.36295834
0.36295834
0.36295834
0.36295834
0.2924792
0.23859647
0.23502384
0.23502384
0.23502384
0.28516225
0.28516225
0.28516225
0.28516225
0.28516225
0.28516225
0.20706349
0.20706349
0.20706349
0.24489042
0.24489042
0.24489042
0.24489042
0.24850554
0.24850554
0.28784279
0.30986618
0.30986618
0.33398369
0.37739197
0.37739197
0.37739197
0.36940467
0.34064327
0.34064327
0.34064327
0.33538953
0.33538953
0.32585931
0.32585931
0.32585931
0.35826436
0.35842549
0.35842549
0.35842549
0.35842549
0.35842549
0.35842549
0.39752052
0.45459066
0.45459066
0.45459066
0.44906373
0.44906373
0.44906373
0.44906373
0.44906373
0.44906373
0.44906373
0.44906373
0.44906373
0.44906373
0.41654201
0.40348953
0.40348953
0.40348953
0.40348953
0.40348953
0.40348953
0.40348953
0.40348953
0.40348953
0.40348953
0.40348953
0.33378661
0.33378661
0.33378661
0.35456679
0.36660349
0.36660349
0.3832141
0.3832141
0.3832141
0.3832141
0.3832141
0.40747583
0.40747583
0.40747583
0.40747583
0.40747583
0.40747583
0.40747583
0.40747583
0.40747583
0.40747583
0.52852678
0.59480256
0.59480256
0.59480256
0.56477495
0.56477495
0.56199839
0.56199839
0.50799586
0.50799586
0.50799586
0.48988754
0.45238231
0.45238231
0.45238231
0.45238231
0.45238231
0.48665978
0.48665978
0.48665978
0.48665978
0.48665978
0.53136551
0.53136551
0.53136551
0.53136551
0.53971309
0.53971309
0.53971309
0.53971309
0.53971309
0.53971309
0.53971309
0.53971309
0.53971309
0.54557946
0.54557946
0.54557946
0.60519128
0.60519128
0.64326664
0.75181267
0.75181267
0.75181267
0.74262933
0.74262933
0.71199329
0.57388569
0.55742003
0.55742003
0.55742003
0.57284357
0.57284357
0.57284357
0.57284357
0.57284357
0.66683323
0.66834907
0.67681074
0.67681074
0.67681074
0.66711021
0.6413076
0.63434953
0.63346146
0.63346146
0.63346146
0.66205649
0.69922486
0.69922486
0.69922486
0.66372974
0.64694456
0.64694456
0.64694456
0.64320722
0.60705046
0.60705046
0.5918189
0.5918189
0.5918189
0.61343232
0.61343232
0.61343232
0.61343232
0.66513532
0.66513532
0.66513532
0.66513532
0.66513532
0.66513532
0.63720329
0.6055222
0.6055222
0.59562971
0.59562971
0.59562971
0.61096662
0.63173918
0.77371958
0.80317283
0.80317283
0.80317283
0.80317283
0.83689202
0.83689202
0.83689202
0.82492198
0.79166995
0.79166995
0.79166995
0.81059479
0.81059479
0.81059479
0.7595346
0.7595346
0.7595346
0.76742359
0.88916009
0.88916009
0.88916009
0.84084346
0.84084346
0.84084346
0.84084346
0.84084346
0.84084346
0.84084346
0.83437692
0.83437692
0.83437692
0.83437692
0.83437692
0.83437692
0.85472904
0.85472904
0.85472904
0.85472904
0.85472904
0.85472904
0.82868637
0.79891885
0.79891885
0.79891885
0.79891885
0.74238378
0.74238378
0.74238378
0.74238378
0.74238378
0.74238378
0.74238378
0.74238378
0.76547394
0.76547394
0.76547394
0.80967332
0.8176637
0.8176637
0.8509572
0.88827573
0.88827573
0.88827573
0.88827573
0.88827573
0.88827573
0.88827573
0.89335787
0.90391411
0.90391411
0.90391411
0.90391411
0.89315599
0.89315599
0.89315599
0.89315599
0.89315599
0.89315599
0.84327653
0.84327653
0.84327653
0.84327653
0.85774874
0.85774874
0.85774874
0.85774874
0.85774874
0.84694215
0.82083353
0.82083353
0.82083353
0.91055161
0.92233367
0.92233367
0.92233367
0.91674479
0.91674479
0.91674479
0.83114529
0.83114529
0.80554532
0.80554532
0.80554532
0.80554532
0.75573239
0.75573239
0.75573239
0.75573239
0.63475872
0.62807623
0.62807623
0.62807623
0.66259788
0.66259788
0.66518025
0.66518025
0.66629867
0.70973006
0.70973006
0.73494996
0.73494996
0.73494996
0.73494996
0.76134358
0.76134358
0.76134358
0.73774687
0.65886318
0.65886318
0.65886318
0.65886318
0.65886318
0.65886318
0.65448003
0.65448003
0.65448003
0.65448003
0.66977683
0.67696145
0.67696145
0.67696145
0.67696145
0.6330036
0.52856815
0.5194035
0.5194035
0.5194035
0.71457165
0.74028626
0.74068246
0.74068246
0.74068246
0.7550889
0.7550889
0.7550889
0.7550889
0.7550889
0.7550889
0.7550889
0.71711029
0.71711029
0.71711029
0.71711029
0.71711029
0.71711029
0.71711029
0.71711029
0.76122654
0.77142281
0.80902826
0.80902826
0.80902826
0.78852097
0.71313965
0.70822957
0.70822957
0.70822957
0.73506423
0.78447653
0.78447653
0.78447653
0.76170843
0.76170843
0.76170843
0.76170843
0.66155629
0.62360047
0.62360047
0.62360047
0.65610532
0.66508508
0.66508508
0.66508508
0.66508508
0.66508508
0.68151735
0.68151735
0.68151735
0.63903863
0.63903863
0.63384379
0.63384379
0.63384379
0.63384379
0.56531059
0.56531059
0.56531059
0.56531059
0.56531059
0.56531059
0.56531059
0.56531059
0.64005489
0.64005489
0.64005489
0.67140724
0.67847088
0.67847088
0.67847088
0.70209934
0.70209934
0.70209934
0.70209934
0.70209934
0.69700223
0.67777531
0.62796556
0.54527978
0.54527978
0.54527978
0.59084951
0.59084951
0.59362008
0.62339281
0.62339281
0.62339281
0.62339281
0.64277376
0.64277376
0.67630569
0.67630569
0.67630569
0.7245194
0.7245194
0.7245194
0.71507032
0.54809939
0.54809939
0.54809939
0.55733093
0.71516336
0.71516336
0.71984871
0.71984871
0.74066219
0.74066219
0.74066219
0.71398506
0.59189917
0.59189917
0.53324916
0.53324916
0.53324916
0.53438888
0.53438888
0.53438888
0.53438888
0.53438888
0.53438888
0.56709821
0.62815902
0.62815902
0.66791668
0.67200928
0.73060174
0.77264273
0.77264273
0.77264273
0.77264273
0.77264273
0.77264273
0.77264273
0.68109014
0.68109014
0.64073746
0.64073746
0.64073746
0.64073746
0.64073746
0.60118321
0.60118321
0.58098211
0.58098211
0.58098211
0.56434296
0.56434296
0.56434296
0.59142329
0.59142329
0.59142329
0.5661835
0.5661835
0.5661835
0.58042068
0.58042068
0.58042068
0.58171272
0.61485672
0.61485672
0.61485672
0.59453212
0.59453212
0.56341694
0.56341694
0.56341694
0.65432846
0.65432846
0.65432846
0.6690862
0.70825278
0.70825278
0.73729957
0.74808136
0.75928134
0.75928134
0.75928134
0.75928134
0.75928134
0.78548301
0.78548301
0.78548301
0.78548301
0.70975726
0.66686664
0.66686664
0.66686664
0.66686664
0.63876276
0.63876276
0.63876276
0.59594393
0.59594393
0.59594393
0.62220573
0.62220573
0.62809915
0.62809915
0.71088151
0.71088151
0.71088151
0.70776302
0.70776302
0.70776302
0.70776302
0.70776302
0.70776302
0.70776302
0.64560756
0.64560756
0.64560756
0.66505488
0.66505488
0.66505488
0.70723759
0.70723759
0.72115489
0.74897798
0.74897798
0.74897798
0.71127249
0.6771034
0.6771034
0.6771034
0.6771034
0.65189944
0.65189944
0.65189944
0.67995875
0.67995875
0.67995875
0.67995875
0.67995875
0.67995875
0.67995875
0.67995875
0.67995875
0.67456966
0.67456966
0.67396188
0.67396188
0.67396188
0.65199108
0.65199108
0.65199108
0.65199108
0.65999114
0.65999114
0.65999114
0.65999114
0.65999114
0.65999114
0.65999114
0.65999114
0.65999114
0.64246582
0.64212385
0.63371093
0.60505736
0.55810851
0.55810851
0.55810851
0.55810851
0.51662271
0.51662271
0.51500641
0.51500641
0.4913691
0.48902271
0.48902271
0.48902271
0.48902271
0.48902271
0.48902271
0.45528725
0.45528725
0.45528725
0.45528725
0.45528725
0.43500322
0.43500322
0.43500322
0.43500322
0.43500322
0.43500322
0.43500322
0.43500322
0.29946123
0.29863625
0.29741769
0.29741769
0.29741769
0.29741769
0.29741769
0.29741769
0.29741769
0.29741769
0.29741769
0.27848784
0.26775475
0.26775475
0.26775475
0.26775475
0.26775475
0.26775475
0.28930982
0.28930982
0.28930982
0.28930982
0.28930982
0.28930982
0.28930982
0.28930982
0.33205232
0.35587641
0.35587641
0.35587641
0.23958209
0.23958209
0.23958209
0.23958209
0.23508934
0.23508934
0.23508934
0.23508934
0.23508934
0.32217228
0.32217228
0.32344803
0.32344803
0.32344803
0.32344803
0.24719764
0.24719764
0.24719764
0.24719764
0.24719764
0.24719764
0.24719764
0.24719764
0.24719764
0.24719764
0.1765526
0.16192273
0.16192273
0.16192273
0.16192273
0.16192273
0.18641886
0.21086739
0.21086739
0.21086739
0.22896231
0.2593108
0.2593108
0.31473233
0.31473233
0.35297135
0.35297135
0.39617962
0.39617962
0.39617962
0.39617962
0.4181933
0.4181933
0.50337609
0.50337609
0.50337609
0.47918688
0.44090848
0.44090848
0.44090848
0.36323258
0.35220816
0.35220816
0.35220816
0.35220816
0.35220816
0.40400972
0.41281793
0.41281793
0.41281793
0.41281793
0.40490802
0.34484675
0.34484675
0.34484675
0.34484675
0.34484675
0.34484675
0.38145927
0.38145927
0.38145927
0.38145927
0.38145927
0.38145927
0.38145927
0.37034898
0.37034898
0.36530369
0.29822029
0.29822029
0.29822029
0.29822029
0.29822029
0.37369735
0.37472273
0.37838233
0.42075982
0.42075982
0.42075982
0.42075982
0.42075982
0.42075982
0.42075982
0.42075982
0.42075982
0.45700889
0.48587268
0.48587268
0.48587268
0.48587268
0.48587268
0.48587268
0.48587268
0.48225213
0.48225213
0.48225213
0.48225213
0.48225213
0.48225213
0.48225213
0.48225213
0.48225213
0.48225213
0.48225213
0.48225213
0.48225213
0.49518664
0.49518664
0.49518664
0.49518664
0.45446343
0.45446343
0.40248792
0.40248792
0.40248792
0.47536385
0.47536385
0.49290332
0.49500446
0.5916295
0.6485648
0.70102328
0.70102328
0.70102328
0.61872907
0.61872907
0.59554872
0.54870195
0.48424135
0.48424135
0.48424135
0.48424135
0.48424135
0.48424135
0.48424135
0.48036224
0.48036224
0.48036224
0.48036224
0.48036224
0.52636452
0.52636452
0.53663583
0.53663583
0.53663583
0.53663583
0.64232639
0.64529302
0.65218507
0.65218507
0.65218507
0.65218507
0.65218507
0.66813832
0.66813832
0.66813832
0.741647
0.741647
0.741647
0.72832865
0.68455429
0.68455429
0.68455429
0.6790618
0.6790618
0.6790618
0.6790618
0.64609531
0.64609531
0.64609531
0.64609531
0.64609531
0.66393208
0.66393208
0.66393208
0.62001819
0.62001819
0.62001819
0.63598349
0.63598349
0.63598349
0.63598349
0.62467418
0.62467418
0.58510885
0.56140123
0.56140123
0.56140123
0.56140123
0.56140123
0.56140123
0.56140123
0.52922941
0.52922941
0.52922941
0.52922941
0.47712833
0.47712833
0.47712833
0.47712833
0.47712833
0.49577822
0.49577822
0.49577822
0.49577822
0.49577822
0.49577822
0.51330259
0.59085045
0.59085045
0.59085045
0.62141551
0.62141551
0.62141551
0.62141551
0.62141551
0.62141551
0.62141551
0.66775067
0.69686178
0.76345964
0.76345964
0.76345964
0.76345964
0.75733713
0.75733713
0.67167024
0.67167024
0.67167024
0.67167024
0.61023415
0.61023415
0.61023415
0.63698283
0.65309623
0.65309623
0.65309623
0.65309623
0.65309623
0.65309623
0.65309623
0.65309623
0.65309623
0.65309623
0.65309623
0.65309623
0.65309623
0.6501295
0.6501295
0.6501295
0.66277415
0.66277415
0.66277415
0.66277415
0.66613838
0.66613838
0.66613838
0.66613838
0.66613838
0.66613838
0.58765356
0.58765356
0.58765356
0.62845675
0.64470761
0.64470761
0.64470761
0.64470761
0.64470761
0.64470761
0.64470761
0.64470761
0.64470761
0.64470761
0.67177251
0.67177251
0.68142251
0.70660014
0.70660014
0.70660014
0.61330963
0.60442748
0.60442748
0.60442748
0.61319287
0.63311134
0.64021953
0.64021953
0.67840239
0.67840239
0.67840239
0.69578356
0.69578356
0.69845778
0.69845778
0.69845778
0.69845778
0.66982975
0.62033272
0.62033272
0.62033272
0.64637015
0.64637015
0.64637015
0.64637015
0.63313165
0.63313165
0.63313165
0.62719374
0.61559425
0.61559425
0.61559425
0.69046089
0.71317299
0.74586048
0.74586048
0.74586048
0.67326169
0.67326169
0.67326169
0.67326169
0.67326169
0.67326169
0.73371048
0.73371048
0.73371048
0.72726629
0.72726629
0.72726629
0.72726629
0.61425033
0.61425033
0.61425033
0.57166588
0.57166588
0.57166588
0.48663519
0.48663519
0.48663519
0.53436932
0.53436932
0.63756872
0.63756872
0.63756872
0.63756872
0.63756872
0.63756872
0.63756872
0.63756872
0.63756872
0.63756872
0.59697528
0.59697528
0.59697528
0.59770929
0.59770929
0.60380358
0.60380358
0.60380358
0.60380358
0.60380358
0.60380358
0.60380358
0.60380358
0.60380358
0.60380358
0.60380358
0.60380358
0.60380358
0.60380358
0.60380358
0.66965153
0.66965153
0.66965153
0.66965153
0.66965153
0.66965153
0.73674744
0.73674744
0.73674744
0.73674744
0.73674744
0.73674744
0.73674744
0.73674744
0.71644276
0.67224551
0.67224551
0.63843193
0.56552698
0.56552698
0.56552698
0.56552698
0.56552698
0.56837013
0.59734385
0.59734385
0.59734385
0.59734385
0.59734385
0.55568656
0.54129249
0.54129249
0.54129249
0.54129249
0.52713812
0.52713812
0.52713812
0.52867472
0.52867472
0.57252957
0.60848965
0.60848965
0.60848965
0.60848965
0.60848965
0.60848965
0.60848965
0.60848965
0.60848965
0.60848965
0.60848965
0.60848965
0.60848965
0.60848965
0.64683989
0.64683989
0.64683989
0.63796559
0.63796559
0.63796559
0.63796559
0.63796559
0.63796559
0.63796559
0.63796559
0.6158688
0.52231648
0.52231648
0.52231648
0.59045996
0.59045996
0.59045996
0.59045996
0.59045996
0.59045996
0.59045996
0.59045996
0.59045996
0.59045996
0.64825797
0.64825797
0.64825797
0.64825797
0.64825797
0.64825797
0.63300696
0.55407284
0.5536519
0.5267382
0.5267382
0.5267382
0.54796954
0.54796954
0.62180803
0.62180803
0.63322132
0.63322132
0.63322132
0.63322132
0.63322132
0.64247144
0.64247144
0.64247144
0.64247144
0.65112277
0.65112277
0.65112277
0.65112277
0.65112277
0.65112277
0.65112277
0.65112277
0.65112277
0.65112277
0.65112277
0.64795089
0.64686543
0.63223765
0.59464156
0.59464156
0.59464156
0.59464156
0.59464156
0.60759993
0.60759993
0.62481477
0.62481477
0.62481477
0.62481477
0.62481477
0.62481477
0.62481477
0.62481477
0.62481477
0.62481477
0.6227561
0.6227561
0.6227561
0.6227561
0.6227561
0.6227561
0.6227561
0.6227561
0.65824761
0.65824761
0.65824761
0.65999087
0.65999087
0.65999087
0.6206445
0.6206445
0.6206445
0.6206445
0.64919361
0.73922207
0.73922207
0.73922207
0.73922207
0.68262347
0.68262347
0.68262347
0.68262347
0.68262347
0.68262347
0.68262347
0.68262347
0.64158296
0.56271485
0.56271485
0.56271485
0.55408721
0.55408721
0.52226434
0.52226434
0.52226434
0.52226434
0.52226434
0.52226434
0.52226434
0.52226434
0.52226434
0.52226434
0.52226434
0.52226434
0.52226434
0.55387026
0.55387026
0.55387026
0.55387026
0.55387026
0.55387026
0.55387026
0.55387026
0.62598643
0.62598643
0.63221864
0.63221864
0.63221864
0.63221864
0.63221864
0.63231514
0.63231514
0.63231514
0.63231514
0.63231514
0.61649214
0.59533135
0.59533135
0.54174397
0.54174397
0.54174397
0.54174397
0.54174397
0.54174397
0.57646046
0.57646046
0.57646046
0.58313396
0.58313396
0.58313396
0.56437745
0.53855403
0.53855403
0.53855403
0.52309596
0.52309596
0.52309596
0.52309596
0.52309596
0.52309596
0.52309596
0.52309596
0.52309596
0.52309596
0.47191156
0.47191156
0.47191156
0.47191156
0.47925988
0.47925988
0.52310848
0.52310848
0.52976585
0.52976585
0.52976585
0.52976585
0.52976585
0.52976585
0.52976585
0.55575611
0.55575611
0.55575611
0.51983777
0.51655076
0.48791328
0.48791328
0.48791328
0.52766493
0.52766493
0.52766493
0.48833642
0.48833642
0.48833642
0.48833642
0.48833642
0.48833642
0.48833642
0.48833642
0.48833642
0.48833642
0.52366679
0.52366679
0.52366679
0.52366679
0.52366679
0.52366679
0.52366679
0.53514071
0.53514071
0.64410064
0.64410064
0.64410064
0.61948363
0.60716156
0.60716156
0.60716156
0.60716156
0.60716156
0.6100983
0.6100983
0.6100983
0.59555681
0.59555681
0.59555681
0.59555681
0.59555681
0.41547315
0.41547315
0.41547315
0.4363709
0.47053692
0.47381321
0.51434728
0.56873006
0.56873006
0.56873006
0.56873006
0.56873006
0.60293553
0.61026198
0.61026198
0.61026198
0.61026198
0.59654334
0.59654334
0.59654334
0.59654334
0.65934822
0.65934822
0.65934822
0.65934822
0.6575961
0.61772395
0.61772395
0.61772395
0.62585112
0.65992985
0.67345849
0.67345849
0.67345849
0.67345849
0.67345849
0.67345849
0.67345849
0.67345849
0.67345849
0.67345849
0.67345849
0.67345849
0.61886156
0.61886156
0.61886156
0.61886156
0.61111478
0.58627536
0.5387133
0.5387133
0.5387133
0.5387133
0.5115754
0.5115754
0.45546523
0.45546523
0.45546523
0.50823639
0.50823639
0.50823639
0.57005826
0.57630784
0.57630784
0.57630784
0.59434407
0.5996764
0.5996764
0.5996764
0.55683745
0.55683745
0.55683745
0.50285067
0.50285067
0.50285067
0.54671256
0.54671256
0.54671256
0.54671256
0.54671256
0.54671256
0.54671256
0.54671256
0.54671256
0.54671256
0.54671256
0.54671256
0.52674122
0.52674122
0.47785606
0.47785606
0.47785606
0.4886419
0.4886419
0.4886419
0.4886419
0.4886419
0.4886419
0.50138892
0.50138892
0.53547697
0.54319143
0.54319143
0.54319143
0.54319143
0.55357244
0.55357244
0.55357244
0.55357244
0.55357244
0.55357244
0.55357244
0.55236642
0.55236642
0.55236642
0.55236642
0.55236642
0.55236642
0.55236642
0.51850077
0.51850077
0.51850077
0.43854465
0.43854465
0.43854465
0.44457137
0.44457137
0.44457137
0.37824456
0.37824456
0.37824456
0.37824456
0.38137568
0.38137568
0.44555185
0.46814635
0.46814635
0.51520453
0.51520453
0.51520453
0.51520453
0.51520453
0.46071447
0.46071447
0.46071447
0.46071447
0.46071447
0.46071447
0.46071447
0.46071447
0.46071447
0.46546395
0.46546395
0.46546395
0.46546395
0.46808939
0.46808939
0.49075378
0.50989313
0.50989313
0.54644357
0.54644357
0.54644357
0.54644357
0.54644357
0.54644357
0.54644357
0.54644357
0.54644357
0.54644357
0.54644357
0.54644357
0.54644357
0.52522199
0.5171084
0.5171084
0.5171084
0.54832623
0.54832623
0.54832623
0.54832623
0.59156284
0.59156284
0.59156284
0.59156284
0.65798564
0.70567108
0.71807887
0.72174021
0.72174021
0.72174021
0.72174021
0.71423115
0.71423115
0.71423115
0.71423115
0.68362312
0.67884031
0.63149458
0.63149458
0.63149458
0.63149458
0.63149458
0.63149458
0.63545539
0.63545539
0.70202867
0.71416981
0.71416981
0.71416981
0.71416981
0.67140015
0.60041764
0.60041764
0.55177817
0.55177817
0.55177817
0.56379907
0.56379907
0.56379907
0.56379907
0.56379907
0.56379907
0.56379907
0.50676348
0.50676348
0.50676348
0.50676348
0.4692383
0.45632038
0.44742545
0.44742545
0.44742545
0.45232474
0.45232474
0.45232474
0.45232474
0.45496168
0.47114986
0.47114986
0.47114986
0.45233745
0.45233745
0.45233745
0.45233745
0.45233745
0.45683641
0.45683641
0.46038053
0.46038053
0.46038053
0.46038053
0.46038053
0.44614014
0.44614014
0.44614014
0.45580409
0.45580409
0.45580409
0.45580409
0.45580409
0.45580409
0.45580409
0.45022778
0.37759759
0.37759759
0.37759759
0.37759759
0.37759759
0.27001373
0.27001373
0.27001373
0.3084147
0.3084147
0.3084147
0.37244087
0.3834762
0.47440846
0.47440846
0.47440846
0.47440846
0.47440846
0.47440846
0.47440846
0.42309742
0.42309742
0.42309742
0.41354938
0.41354938
0.41354938
0.432993
0.432993
0.432993
0.432993
0.45606353
0.4954514
0.4954514
0.58771321
0.58771321
0.58771321
0.49597932
0.49597932
0.49597932
0.42334876
0.35178246
0.35178246
0.35178246
0.35178246
0.35178246
0.35178246
0.35178246
0.35178246
0.34004435
0.34004435
0.34004435
0.32541285
0.32541285
0.32541285
0.32541285
0.27516781
0.27516781
0.27516781
0.31149612
0.31149612
0.31149612
0.29979573
0.29979573
0.29979573
0.29979573
0.29979573
0.29979573
0.29979573
0.26537934
0.26537934
0.26537934
0.36190909
0.36190909
0.36190909
0.33229972
0.33229972
0.33229972
0.36393892
0.36393892
0.42516304
0.42516304
0.45401037
0.45401037
0.48395022
0.48395022
0.48703191
0.48703191
0.50595573
0.50595573
0.50595573
0.50595573
0.50595573
0.50595573
0.43493153
0.40278662
0.40194863
0.40194863
0.40194863
0.44757151
0.51108437
0.51108437
0.51108437
0.49790628
0.49790628
0.49790628
0.54963212
0.54963212
0.57471551
0.57471551
0.57471551
0.57471551
0.57471551
0.57471551
0.57471551
0.57471551
0.57471551
0.57471551
0.57471551
0.57471551
0.61546419
0.61546419
0.63646503
0.63646503
0.70796585
0.70796585
0.70796585
0.70796585
0.81730778
0.81730778
0.81730778
0.79826737
0.77407403
0.70529663
0.70529663
0.70529663
0.70529663
0.70529663
0.69878908
0.69878908
0.69878908
0.72341416
0.72341416
0.72341416
0.72341416
0.72341416
0.65373541
0.58780056
0.58780056
0.58780056
0.60218001
0.60218001
0.64214869
0.64214869
0.67985914
0.67985914
0.67985914
0.67985914
0.67985914
0.67985914
0.67985914
0.67985914
0.67985914
0.67985914
0.67738613
0.67738613
0.67738613
0.67738613
0.65872821
0.63021144
0.63021144
0.62616479
0.62616479
0.59549616
0.59549616
0.59549616
0.59549616
0.62755364
0.62755364
0.62755364
0.62635501
0.62635501
0.62635501
0.64671871
0.64671871
0.64671871
0.64671871
0.64671871
0.65972338
0.6701964
0.6701964
0.6701964
0.6701964
0.6701964
0.71150161
0.74070336
0.74070336
0.74070336
0.74070336
0.74070336
0.65726445
0.65726445
0.65726445
0.63070816
0.58609127
0.58609127
0.58609127
0.58609127
0.58609127
0.58609127
0.58609127
0.60067343
0.60067343
0.63543077
0.66551674
0.66551674
0.66551674
0.65368411
0.65273354
0.65273354
0.62923194
0.59312879
0.59312879
0.59312879
0.59312879
0.59312879
0.59312879
0.59578017
0.59578017
0.59578017
0.59578017
0.59578017
0.59578017
0.59578017
0.59578017
0.59578017
0.58457531
0.58457531
0.58457531
0.5805628
0.53751796
0.52393469
0.52393469
0.52393469
0.62512137
0.62512137
0.62512137
0.62512137
0.65613088
0.65613088
0.65613088
0.72865763
0.76247077
0.76247077
0.76247077
0.64684041
0.64684041
0.64684041
0.64684041
0.64684041
0.64684041
0.64684041
0.64684041
0.64684041
0.64684041
0.64684041
0.64684041
0.64737719
0.64737719
0.64737719
0.68105267
0.68105267
0.68647652
0.68795337
0.72166357
0.72166357
0.72166357
0.72166357
0.73346526
0.73346526
0.74664628
0.74664628
0.74664628
0.74664628
0.74664628
0.74664628
0.72777144
0.63824395
0.63824395
0.63824395
0.64110576
0.64110576
0.64110576
0.64110576
0.64110576
0.64110576
0.64110576
0.64110576
0.64110576
0.64110576
0.64110576
0.64110576
0.64110576
0.65108023
0.69566077
0.74817751
0.74817751
0.74817751
0.74817751
0.72962723
0.72962723
0.72597567
0.72597567
0.72597567
0.72597567
0.72597567
0.7361218
0.7361218
0.7361218
0.64670877
0.62982168
0.62982168
0.62982168
0.62982168
0.63368778
0.63368778
0.63368778
0.61638747
0.61638747
0.61638747
0.61638747
0.61638747
0.61638747
0.61638747
0.61638747
0.61638747
0.70949568
0.70949568
0.70949568
0.65978344
0.65192526
0.65192526
0.58879834
0.58879834
0.58879834
0.58879834
0.58879834
0.58879834
0.61801496
0.61801496
0.61801496
0.60820733
0.60820733
0.60820733
0.63245024
0.63245024
0.63245024
0.62060492
0.6108112
0.6108112
0.59122116
0.59122116
0.59122116
0.59122116
0.55780498
0.55780498
0.53714504
0.53714504
0.53714504
0.54431146
0.54431146
0.57990719
0.5968065
0.5968065
0.5968065
0.5968065
0.5968065
0.5968065
0.5968065
0.5968065
0.58880137
0.58880137
0.58880137
0.56879892
0.56877368
0.5444238
0.5444238
0.53214511
0.53214511
0.53214511
0.49907716
0.49907716
0.49907716
0.44292765
0.44292765
0.44292765
0.48708515
0.53757944
0.53757944
0.53757944
0.48113023
0.47406134
0.45500307
0.45500307
0.45500307
0.47245779
0.47245779
0.47245779
0.47245779
0.50411116
0.5267275
0.5267275
0.6025344
0.60574825
0.60574825
0.62516922
0.62516922
0.62516922
0.62516922
0.62516922
0.62436325
0.57276146
0.57276146
0.57276146
0.57276146
0.57276146
0.57276146
0.54101511
0.50600473
0.50600473
0.50600473
0.52956944
0.55276436
0.55276436
0.55276436
0.55276436
0.55276436
0.55276436
0.57551235
0.57551235
0.62526154
0.65255166
0.65255166
0.65255166
0.65255166
0.65255166
0.65255166
0.65255166
0.65255166
0.65255166
0.65255166
0.63740231
0.63740231
0.63740231
0.5991503
0.5991503
0.5991503
0.5991503
0.62651573
0.64983428
0.64983428
0.64983428
0.64983428
0.64983428
0.64983428
0.64983428
0.64983428
0.64983428
0.62031877
0.62031877
0.59854844
0.59854844
0.59854844
0.63172039
0.65975503
0.65975503
0.65975503
0.69277081
0.69482118
0.69482118
0.69482118
0.69482118
0.68451707
0.61904614
0.61904614
0.6048291
0.6048291
0.6048291
0.56467887
0.56467887
0.56467887
0.56467887
0.58584792
0.63002326
0.63002326
0.63002326
0.63002326
0.63067044
0.63067044
0.63067044
0.63067044
0.63255238
0.65315392
0.65315392
0.69338949
0.69338949
0.69338949
0.69338949
0.69338949
0.69338949
0.73414892
0.74578436
0.74578436
0.76056861
0.79972658
0.79972658
0.79972658
0.78268065
0.78268065
0.78268065
0.75887144
0.75887144
0.75887144
0.75887144
0.78734053
0.78734053
0.78734053
0.78734053
0.78734053
0.78734053
0.78734053
0.78734053
0.78734053
0.78734053
0.78734053
0.78734053
0.78734053
0.78734053
0.78734053
0.68801047
0.66209207
0.60721028
0.60721028
0.60721028
0.60721028
0.60721028
0.60721028
0.60721028
0.60721028
0.65222652
0.65222652
0.65222652
0.62029752
0.62029752
0.57594963
0.57594963
0.57594963
0.57692739
0.61634259
0.6509545
0.71602505
0.71602505
0.71602505
0.64406083
0.6128855
0.6126996
0.6126996
0.6126996
0.6126996
0.6126996
0.58445977
0.57867001
0.5661413
0.5661413
0.52802872
0.52802872
0.52802872
0.52802872
0.51506433
0.51506433
0.51506433
0.53487032
0.54272993
0.54272993
0.54272993
0.54272993
0.54272993
0.54558456
0.57152684
0.57152684
0.58327019
0.58327019
0.58327019
0.633213
0.633213
0.633213
0.64190019
0.64190019
0.64190019
0.64190019
0.71083678
0.75387206
0.75387206
0.75387206
0.75387206
0.75387206
0.75387206
0.74058744
0.74058744
0.74058744
0.74058744
0.74058744
0.59064463
0.59064463
0.52560507
0.51299566
0.42296518
0.41739973
0.34447182
0.34447182
0.34447182
0.34447182
0.34447182
0.34447182
0.34802415
0.34802415
0.34802415
0.34802415
0.39228725
0.39228725
0.44279876
0.44279876
0.44279876
0.44128107
0.41806049
0.41806049
0.41806049
0.41806049
0.37142089
0.32405103
0.32405103
0.32405103
0.32405103
0.33992919
0.33992919
0.33992919
0.2955038
0.2955038
0.2955038
0.2955038
0.2955038
0.38663448
0.38663448
0.38663448
0.32424158
0.30017075
0.30017075
0.30017075
0.30017075
0.30017075
0.32690122
0.32690122
0.32690122
0.32690122
0.26908315
0.25628854
0.25628854
0.25628854
0.25628854
0.27592424
0.27592424
0.27592424
0.27891501
0.27891501
0.27891501
0.22582202
0.22582202
0.22582202
0.22582202
0.16226983
0.16226983
0.16226983
0.21753317
0.21905733
0.21905733
0.25108732
0.25108732
0.25108732
0.25108732
0.290962
0.290962
0.290962
0.21294354
0.21294354
0.21294354
0.21294354
0.21294354
0.21294354
0.21818423
0.21818423
0.26512599
0.28560063
0.28560063
0.28560063
0.25714925
0.25714925
0.25714925
0.22785327
0.22785327
0.22785327
0.22785327
0.2763946
0.2763946
0.2763946
0.2763946
0.27715118
0.27715118
0.27715118
0.27715118
0.2764188
0.2764188
0.2764188
0.2764188
0.2764188
0.27678498
0.27678498
0.27678498
0.27678498
0.27678498
0.27678498
0.27678498
0.27678498
0.27678498
0.27678498
0.27678498
0.27678498
0.27678498
0.28592154
0.28812461
0.28812461
0.28812461
0.28658679
0.28658679
0.28658679
0.28658679
0.28658679
0.28658679
0.28658679
0.26935026
0.26935026
0.26935026
0.26935026
0.26935026
0.25487512
0.25487512
0.25487512
0.25487512
0.25487512
0.25161244
0.25161244
0.25161244
0.25161244
0.21061543
0.21061543
0.21061543
0.21061543
0.21061543
0.21061543
0.21061543
0.18616691
0.18616691
0.18616691
0.1884555
0.19332376
0.19332376
0.19332376
0.21152081
0.21152081
0.21152081
0.20028842
0.20028842
0.20028842
0.20028842
0.20028842
0.17907534
0.17907534
0.17907534
0.23196001
0.23339499
0.23339499
0.23339499
0.23339499
0.23339499
0.23439091
0.23439091
0.23439091
0.23439091
0.23439091
0.28492867
0.31454528
0.31454528
0.31454528
0.31454528
0.29506057
0.29506057
0.29506057
0.23309141
0.23309141
0.23309141
0.2274517
0.2274517
0.2274517
0.2914863
0.2914863
0.2914863
0.2914863
0.2914863
0.30711478
0.30711478
0.30711478
0.23345442
0.23345442
0.23345442
0.23345442
0.23345442
0.23345442
0.23345442
0.18131478
0.18131478
0.18131478
0.19409218
0.22444565
0.22444565
0.22444565
0.20026721
0.17525278
0.17525278
0.17525278
0.17525278
0.17525278
0.17525278
0.29911275
0.30499077
0.3323187
0.3323187
0.3323187
0.3323187
0.3323187
0.38276283
0.38276283
0.38276283
0.32358613
0.32358613
0.30786766
0.30786766
0.30786766
0.30786766
0.30786766
0.30786766
0.31317991
0.31317991
0.31317991
0.34004109
0.34004109
0.34004109
0.34004109
0.34086559
0.34086559
0.34086559
0.31751859
0.31751859
0.31110749
0.31110749
0.29688585
0.26297662
0.2476125
0.23019284
0.23019284
0.23019284
0.23019284
0.26868914
0.30081308
0.30081308
0.30081308
0.30081308
0.29915164
0.29915164
0.29915164
0.34979945
0.34979945
0.36308979
0.37744653
0.37744653
0.38818589
0.38818589
0.38818589
0.38818589
0.38818589
0.38818589
0.38818589
0.38428775
0.38428775
0.38428775
0.38428775
0.38428775
0.38428775
0.38428775
0.38428775
0.38901078
0.38901078
0.38901078
0.38901078
0.36547124
0.34239247
0.31910673
0.27390294
0.24579435
0.24579435
0.24579435
0.29911787
0.29911787
0.31774105
0.31774105
0.31774105
0.31774105
0.31774105
0.31774105
0.31774105
0.32767248
0.34665097
0.34665097
0.34665097
0.34665097
0.34665097
0.34847649
0.34847649
0.37038199
0.47111794
0.50598755
0.50598755
0.50598755
0.43614974
0.41682678
0.41682678
0.41682678
0.41682678
0.41682678
0.41682678
0.41783699
0.41783699
0.41783699
0.45805358
0.45805358
0.45805358
0.45805358
0.48804354
0.49875491
0.49875491
0.49875491
0.49875491
0.49875491
0.49875491
0.49875491
0.49875491
0.49875491
0.49875491
0.49875491
0.48283149
0.48283149
0.48283149
0.48283149
0.48283149
0.47059294
0.47059294
0.47059294
0.44922399
0.44922399
0.44922399
0.44922399
0.45198778
0.46382651
0.50569401
0.50569401
0.50569401
0.50569401
0.50569401
0.50569401
0.50569401
0.49501297
0.47559862
0.46460197
0.46460197
0.46460197
0.53100836
0.53100836
0.53100836
0.49970643
0.48864882
0.42753416
0.42753416
0.42753416
0.44500707
0.44500707
0.44500707
0.48233079
0.50887749
0.50887749
0.51508809
0.54570028
0.54570028
0.54570028
0.54570028
0.54570028
0.54570028
0.54570028
0.54570028
0.54570028
0.54570028
0.54570028
0.54570028
0.54570028
0.54570028
0.54570028
0.54570028
0.54570028
0.56398436
0.56398436
0.56398436
0.56398436
0.58801042
0.58801042
0.58801042
0.58801042
0.58801042
0.58801042
0.54711834
0.54711834
0.54711834
0.51904047
0.50482886
0.50482886
0.50482886
0.50482886
0.5245289
0.5245289
0.5245289
0.5245289
0.5245289
0.52639864
0.52639864
0.52639864
0.52156994
0.52156994
0.52156994
0.52156994
0.52156994
0.49113664
0.49113664
0.49113664
0.5193052
0.5193052
0.5193052
0.50646221
0.50646221
0.50646221
0.50646221
0.50646221
0.52276301
0.52276301
0.52276301
0.52276301
0.52276301
0.61045908
0.6225767
0.64467815
0.64467815
0.64467815
0.64467815
0.64467815
0.65949824
0.65949824
0.65949824
0.65949824
0.68952234
0.68952234
0.68952234
0.67103645
0.67103645
0.67103645
0.68548718
0.68548718
0.68548718
0.68548718
0.68548718
0.68548718
0.68548718
0.68548718
0.68548718
0.66767988
0.66767988
0.66767988
0.66767988
0.66767988
0.641047
0.60307354
0.60307354
0.60307354
0.60307354
0.60307354
0.60307354
0.60307354
0.60307354
0.60307354
0.60307354
0.60307354
0.60307354
0.60307354
0.60307354
0.58051103
0.50928724
0.47986544
0.47986544
0.47986544
0.59798205
0.59798205
0.61049651
0.61049651
0.61049651
0.61049651
0.62626523
0.62626523
0.62626523
0.62479605
0.62479605
0.62479605
0.62479605
0.58969795
0.58969795
0.5876606
0.5876606
0.54352342
0.54352342
0.54352342
0.58769867
0.58769867
0.58769867
0.56013825
0.53475622
0.53475622
0.53475622
0.5345944
0.53287986
0.53287986
0.53287986
0.54701058
0.54701058
0.54701058
0.52177122
0.52177122
0.52177122
0.52177122
0.53405166
0.59988908
0.59988908
0.59988908
0.51327541
0.51327541
0.51327541
0.54372863
0.5683751
0.5683751
0.5683751
0.61101778
0.61101778
0.61101778
0.61101778
0.64152352
0.64152352
0.64152352
0.64152352
0.57837486
0.57837486
0.5782536
0.5782536
0.5782536
0.5782536
0.58936964
0.64337014
0.64337014
0.64337014
0.61999293
0.61999293
0.61999293
0.62139208
0.62139208
0.62139208
0.58888551
0.58888551
0.55291291
0.54646769
0.54646769
0.54646769
0.54646769
0.54646769
0.54646769
0.59537024
0.59537024
0.59537024
0.61087433
0.61087433
0.61087433
0.54857614
0.47041369
0.47041369
0.47041369
0.4820506
0.4820506
0.50704226
0.50704226
0.50704226
0.52347504
0.52347504
0.53251579
0.53251579
0.58603962
0.58603962
0.66990638
0.66990638
0.71759696
0.71759696
0.71759696
0.67489753
0.66247642
0.66247642
0.66247642
0.66247642
0.66247642
0.66247642
0.72815203
0.73717612
0.73717612
0.73717612
0.73717612
0.73717612
0.73717612
0.73717612
0.73717612
0.66521752
0.66521752
0.6259405
0.6259405
0.6259405
0.6259405
0.55728659
0.55728659
0.55728659
0.55728659
0.63908386
0.63908386
0.63908386
0.63908386
0.63908386
0.58304908
0.58304908
0.58304908
0.58304908
0.58304908
0.5913359
0.5913359
0.5913359
0.5913359
0.5913359
0.5913359
0.57412428
0.53794352
0.53794352
0.53794352
0.53794352
0.53794352
0.53794352
0.53794352
0.63556687
0.63556687
0.63556687
0.63556687
0.59020394
0.56603966
0.56603966
0.56603966
0.56603966
0.45211412
0.45211412
0.43831931
0.43831931
0.43831931
0.4927944
0.4927944
0.5033502
0.50786985
0.50786985
0.50786985
0.50786985
0.45974988
0.45974988
0.45974988
0.45974988
0.45974988
0.45974988
0.45687333
0.45687333
0.45687333
0.45687333
0.45687333
0.42662742
0.4021028
0.4021028
0.4021028
0.4134772
0.4134772
0.4134772
0.43698186
0.43698186
0.43698186
0.43698186
0.43698186
0.43698186
0.43170094
0.43170094
0.43170094
0.43170094
0.43170094
0.46625449
0.47323758
0.47323758
0.47323758
0.43541094
0.43541094
0.43541094
0.43541094
0.36248733
0.36248733
0.36248733
0.36248733
0.36288155
0.38001673
0.38001673
0.38001673
0.38001673
0.40150064
0.40150064
0.40150064
0.40150064
0.40150064
0.37809094
0.37809094
0.37809094
0.37809094
0.34302793
0.34302793
0.34302793
0.39380432
0.39380432
0.39380432
0.39380432
0.39380432
0.40390974
0.40390974
0.40390974
0.40390974
0.40390974
0.40390974
0.40390974
0.40390974
0.40390974
0.40390974
0.40390974
0.39694717
0.33281348
0.33281348
0.33281348
0.34661301
0.35545484
0.38838757
0.39633909
0.4029448
0.4029448
0.4029448
0.4029448
0.4029448
0.4029448
0.40088931
0.40088931
0.40088931
0.40088931
0.40088931
0.40088931
0.40088931
0.40088931
0.40090924
0.40090924
0.40090924
0.36923682
0.36923682
0.35068216
0.35068216
0.35068216
0.36019017
0.36019017
0.36222933
0.36222933
0.36222933
0.2927415
0.2927415
0.2927415
0.2927415
0.2927415
0.29201378
0.29201378
