0.61581514
0.6418933
0.63260679
0.64083841
0.63260679
0.63260679
0.62563942
0.62563942
0.62563942
0.59093844
0.58514602
0.58514602
0.5036991
0.5036991
0.5036991
0.55079322
0.55079322
0.55079322
0.59009118
0.60233269
0.66816327
0.66816327
0.66816327
0.66816327
0.66816327
0.66816327
0.66816327
0.66816327
0.66816327
0.66816327
0.66816327
0.66816327
0.66816327
0.66816327
0.66816327
0.66816327
0.66816327
0.66816327
0.66816327
0.6739002
0.6739002
0.6739002
0.70000936
0.70000936
0.7467114
0.78327714
0.78327714
0.78327714
0.78327714
0.7769166
0.7769166
0.7769166
0.78773469
0.81038613
0.81844972
0.83571659
0.83571659
0.83571659
0.7831664
0.77934392
0.7742847
0.7742847
0.74049015
0.74049015
0.74049015
0.75493195
0.77148863
0.77148863
0.77148863
0.77148863
0.77148863
0.81546746
0.82492208
0.82492208
0.86710979
0.86710979
0.86710979
0.82369945
0.81773958
0.81695845
0.81280909
0.81280909
0.81280909
0.81280909
0.81280909
0.81280909
0.81280909
0.74244981
0.74244981
0.74244981
0.74994341
0.74994341
0.74994341
0.74994341
0.74994341
0.81018237
0.81018237
0.81018237
0.81018237
0.77992776
0.77992776
0.76348048
0.74270388
0.72240407
0.72101451
0.72101451
0.72101451
0.73108799
0.73854318
0.73854318
0.80463897
0.82023931
0.82023931
0.82023931
0.82023931
0.81949484
0.81949484
0.81949484
0.83322311
0.83322311
0.83322311
0.83322311
0.84644357
0.84644357
0.84683689
0.86807784
0.89145971
0.89145971
0.89145971
0.88896602
0.88896602
0.88896602
0.88896602
0.88896602
0.88896602
0.88896602
0.88896602
0.88896602
0.88896602
0.88896602
0.86504369
0.85456216
0.85456216
0.85456216
0.85456216
0.85456216
0.84693964
0.84693964
0.84693964
0.8538928
0.8538928
0.86200697
0.87424846
0.87424846
0.87424846
0.87424846
0.89008061
0.89008061
0.89008061
0.89008061
0.8793857
0.86912341
0.86912341
0.86912341
0.86912341
0.86912341
0.86912341
0.84651714
0.84651714
0.84651714
0.84651714
0.84651714
0.84380361
0.8250656
0.8250656
0.82055836
0.82055836
0.80960254
0.8080959
0.8070114
0.8070114
0.8070114
0.8070114
0.8070114
0.8070114
0.8070114
0.8070114
0.8070114
0.8070114
0.82020542
0.82020542
0.82020542
0.81439502
0.79297331
0.79297331
0.78326932
0.78326932
0.78326932
0.81609923
0.81609923
0.81609923
0.79122661
0.79122661
0.79122661
0.81211765
0.81211765
0.81211765
0.81211765
0.81211765
0.80336911
0.80336911
0.80336911
0.76358308
0.76358308
0.74834431
0.74834431
0.74834431
0.74834431
0.77984942
0.78284918
0.7959402
0.82909996
0.82909996
0.82909996
0.82909996
0.82909996
0.83386814
0.84017552
0.87082952
0.87082952
0.87082952
0.87968408
0.88358459
0.89246815
0.89983688
0.89983688
0.89983688
0.8866642
0.87772146
0.87772146
0.87772146
0.87772146
0.87772146
0.87772146
0.90820488
0.90933259
0.90933259
0.90933259
0.88928791
0.88928791
0.87642163
0.87642163
0.87642163
0.87642163
0.87642163
0.87123026
0.87123026
0.87123026
0.87123026
0.87123026
0.85606268
0.82399024
0.82399024
0.82399024
0.82399024
0.82399024
0.82399024
0.73777482
0.73777482
0.73777482
0.73777482
0.80429245
0.80943146
0.84389527
0.84389527
0.84389527
0.84389527
0.84389527
0.84389527
0.84413506
0.84413506
0.84413506
0.84413506
0.84413506
0.84413506
0.84413506
0.84413506
0.85448
0.92373016
0.92373016
0.92373016
0.91642138
0.91642138
0.81829534
0.78262648
0.78262648
0.78262648
0.79376415
0.82085958
0.82085958
0.82085958
0.82085958
0.85163577
0.85163577
0.85163577
0.85163577
0.85163577
0.86593466
0.86593466
0.86593466
0.83175645
0.83175645
0.82028265
0.82028265
0.81938869
0.81938869
0.81938869
0.81938869
0.80048938
0.7513472
0.7513472
0.7513472
0.80757573
0.80757573
0.80757573
0.80757573
0.80757573
0.81929441
0.81929441
0.81945138
0.87408035
0.87703802
0.87703802
0.87703802
0.87703802
0.88806229
0.88806229
0.88806229
0.86391535
0.83501666
0.79773307
0.79773307
0.76464809
0.76464809
0.76464809
0.82378141
0.82378141
0.82378141
0.78785718
0.78785718
0.78785718
0.78785718
0.81087202
0.81087202
0.81087202
0.76152377
0.75027458
0.75027458
0.75027458
0.75027458
0.75027458
0.80471343
0.81933252
0.84632888
0.84783188
0.85447212
0.85447212
0.87228475
0.87228475
0.87228475
0.88826994
0.88826994
0.88826994
0.88826994
0.88826994
0.88826994
0.87347657
0.85757059
0.8447575
0.8139093
0.80561329
0.79153027
0.79153027
0.79153027
0.79153027
0.79153027
0.79153027
0.77830801
0.77830801
0.77830801
0.77830801
0.77830801
0.77830801
0.79153292
0.79153292
0.79153292
0.76933603
0.72878649
0.72878649
0.72878649
0.76907185
0.76964881
0.76964881
0.76964881
0.77734523
0.83855848
0.83855848
0.83855848
0.83855848
0.83855848
0.83855848
0.83855848
0.83855848
0.83855848
0.83855848
0.83855848
0.83855848
0.83855848
0.79584711
0.79584711
0.79584711
0.82340643
0.82340643
0.85490628
0.86126877
0.87208385
0.87208385
0.87208385
0.87208385
0.87208385
0.87208385
0.87208385
0.87208385
0.87208385
0.87208385
0.87208385
0.94630532
0.94630532
0.96095109
0.96095109
0.96095109
0.93209009
0.93016286
0.93016286
0.93016286
0.91482858
0.91482858
0.90215049
0.90215049
0.8569491
0.83009156
0.83009156
0.81641522
0.81641522
0.81641522
0.81641522
0.81641522
0.81641522
0.86570905
0.86570905
0.86570905
0.86570905
0.86570905
0.86570905
0.86570905
0.86570905
0.86570905
0.86570905
0.86570905
0.86570905
0.86570905
0.86570905
0.86570905
0.8657479
0.8657479
0.8657479
0.8657479
0.88244583
0.88244583
0.8832897
0.8832897
0.8832897
0.8542737
0.8542737
0.84306849
0.84306849
0.83791925
0.83791925
0.82520469
0.78452234
0.78452234
0.78452234
0.79877929
0.80501253
0.824471
0.824471
0.84716724
0.848201
0.848201
0.848201
0.848201
0.848201
0.848201
0.86218354
0.86218354
0.86218354
0.89054208
0.89054208
0.89324323
0.89324323
0.89324323
0.89324323
0.89324323
0.89913332
0.89913332
0.89913332
0.89913332
0.89913332
0.89913332
0.89913332
0.89913332
0.89771845
0.89771845
0.87076276
0.86961673
0.86961673
0.85607854
0.85607854
0.81462522
0.81462522
0.81462522
0.81462522
0.85271946
0.85271946
0.85271946
0.84436674
0.83610868
0.81124236
0.78785212
0.78785212
0.74029303
0.73933359
0.73933359
0.73933359
0.73933359
0.73933359
0.73933359
0.8695429
0.90776278
0.91382335
0.91382335
0.91382335
0.91092971
0.91092971
0.91092971
0.89712778
0.89712778
0.88957645
0.88957645
0.88957645
0.88957645
0.88957645
0.89567308
0.89567308
0.89567308
0.86718132
0.86718132
0.86718132
0.86718132
0.86718132
0.86718132
0.86718132
0.86718132
0.86645881
0.86645881
0.81564363
0.790964
0.73605392
0.73605392
0.73605392
0.73919459
0.73919459
0.73919459
0.73999615
0.73999615
0.77121264
0.77121264
0.77121264
0.77121264
0.77121264
0.77121264
0.77121264
0.81670372
0.84937646
0.84937646
0.84937646
0.84937646
0.84937646
0.83397541
0.81893748
0.81893748
0.81893748
0.81893748
0.81322304
0.77141245
0.77141245
0.77141245
0.77141245
0.78423671
0.78423671
0.78423671
0.77972449
0.77972449
0.77972449
0.78193366
0.78193366
0.78193366
0.78193366
0.8155092
0.8155092
0.8155092
0.8155092
0.8155092
0.8155092
0.79348106
0.73601451
0.62649301
0.62649301
0.62649301
0.63327876
0.68469574
0.68469574
0.68469574
0.68469574
0.68469574
0.67137245
0.65689377
0.65365626
0.59484206
0.59484206
0.59484206
0.59484206
0.59484206
0.59484206
0.63388539
0.68058342
0.74019032
0.74019032
0.76978704
0.76978704
0.76978704
0.76978704
0.76978704
0.72534475
0.72534475
0.70402418
0.63773259
0.63773259
0.63773259
0.63773259
0.63773259
0.63773259
0.54994271
0.54994271
0.53292589
0.51639481
0.51639481
0.51639481
0.51639481
0.4905717
0.4905717
0.4905717
0.4905717
0.4905717
0.53223734
0.53223734
0.53223734
0.53223734
0.53223734
0.53477671
0.53477671
0.53477671
0.52267977
0.52267977
0.50690639
0.50690639
0.50690639
0.54507584
0.56278516
0.56278516
0.56278516
0.57207248
0.57207248
0.57207248
0.54931959
0.54680957
0.54680957
0.54680957
0.54360741
0.53883396
0.53883396
0.53883396
0.5049868
0.5049868
0.5049868
0.5049868
0.53313816
0.53313816
0.55015633
0.55015633
0.55015633
0.55015633
0.55138139
0.60156005
0.60156005
0.60156005
0.60156005
0.60156005
0.60156005
0.58337322
0.58337322
0.58337322
0.58337322
0.58337322
0.58337322
0.58337322
0.58337322
0.58337322
0.58337322
0.60254448
0.60254448
0.6236629
0.65577963
0.65577963
0.65577963
0.65577963
0.65577963
0.65635294
0.65635294
0.65635294
0.65635294
0.65635294
0.62812709
0.62812709
0.62812709
0.63460323
0.65217231
0.65217231
0.65217231
0.65217231
0.65217231
0.65217231
0.65217231
0.65217231
0.60771958
0.60771958
0.60771958
0.60771958
0.60771958
0.60771958
0.60771958
0.66607131
0.70517366
0.70517366
0.70517366
0.69801171
0.66616219
0.66616219
0.66616219
0.66616219
0.66616219
0.66616219
0.66616219
0.66616219
0.66616219
0.6561168
0.6561168
0.6561168
0.64025772
0.64025772
0.64025772
0.67306241
0.67306241
0.67306241
0.67306241
0.67306241
0.68364113
0.68364113
0.68364113
0.68364113
0.68364113
0.68364113
0.68364113
0.68364113
0.68364113
0.68364113
0.6328845
0.63241971
0.62584505
0.62584505
0.62584505
0.66631705
0.66631705
0.66631705
0.66631705
0.66631705
0.66631705
0.66631705
0.66631705
0.66631705
0.66631705
0.68276085
0.79498792
0.79498792
0.79498792
0.79498792
0.81699284
0.81699284
0.81699284
0.84016413
0.84016413
0.84016413
0.72018238
0.69286292
0.68976572
0.68976572
0.68976572
0.68976572
0.73192346
0.73192346
0.73192346
0.7537971
0.7537971
0.7537971
0.77771116
0.79689211
0.79731746
0.79731746
0.79731746
0.79647283
0.7911521
0.78092147
0.78092147
0.78092147
0.78092147
0.78092147
0.78092147
0.78092147
0.77774494
0.77774494
0.77774494
0.77774494
0.77774494
0.77196884
0.77064796
0.77064796
0.74293124
0.74293124
0.72048762
0.68758976
0.68758976
0.68758976
0.68758976
0.68758976
0.68758976
0.68758976
0.68758976
0.68758976
0.68758976
0.68758976
0.68758976
0.68758976
0.75401436
0.75401436
0.75401436
0.75401436
0.75401436
0.75401436
0.72259881
0.71603739
0.71603739
0.68754329
0.66406361
0.66406361
0.66406361
0.66406361
0.66406361
0.66406361
0.66406361
0.66406361
0.66406361
0.66406361
0.66406361
0.63386542
0.63386542
0.63386542
0.64101826
0.64101826
0.72336698
0.74038478
0.74038478
0.74038478
0.74753763
0.74753763
0.76234195
0.76234195
0.76234195
0.76234195
0.76234195
0.76234195
0.76234195
0.76234195
0.76234195
0.76234195
0.76234195
0.76234195
0.76234195
0.74769322
0.74223871
0.74223871
0.74223871
0.74223871
0.74223871
0.74223871
0.74223871
0.74223871
0.74223871
0.74223871
0.73654319
0.73654319
0.73654319
0.73654319
0.67412634
0.62257124
0.56932375
0.56472496
0.56472496
0.56472496
0.56472496
0.56472496
0.67087367
0.67087367
0.67087367
0.67087367
0.67087367
0.72358936
0.77576776
0.77576776
0.77576776
0.76070243
0.76070243
0.76070243
0.72216783
0.72216783
0.72216783
0.72216783
0.72216783
0.74767502
0.74767502
0.74767502
0.7428716
0.7428716
0.72397941
0.6766065
0.64523869
0.64523869
0.64523869
0.66981392
0.75193377
0.75193377
0.75193377
0.73436581
0.73436581
0.73436581
0.65065179
0.61372541
0.61372541
0.61372541
0.64318174
0.64318174
0.64318174
0.64318174
0.64318174
0.64318174
0.65375487
0.65375487
0.65375487
0.72303888
0.72303888
0.72303888
0.72303888
0.72303888
0.72303888
0.72303888
0.72303888
0.72303888
0.66796264
0.65815948
0.65815948
0.65815948
0.65815948
0.65815948
0.65815948
0.71152483
0.71152483
0.71152483
0.71105059
0.6869065
0.6869065
0.6869065
0.7160786
0.7160786
0.7160786
0.73703162
0.75349699
0.75349699
0.75349699
0.73915626
0.73915626
0.73915626
0.74273173
0.77853412
0.77853412
0.77853412
0.77853412
0.76480305
0.76480305
0.76480305
0.80734349
0.80734349
0.80734349
0.80734349
0.80734349
0.80734349
0.80658118
0.78497659
0.74613821
0.74613821
0.74613821
0.75637284
0.75637284
0.79067776
0.79482562
0.82020911
0.82020911
0.82020911
0.82020911
0.82020911
0.81671648
0.81671648
0.81671648
0.81671648
0.81671648
0.81671648
0.81762428
0.81762428
0.81762428
0.81762428
0.84499027
0.84499027
0.84499027
0.80779467
0.80779467
0.80779467
0.80779467
0.80779467
0.79876777
0.79876777
0.79876777
0.79876777
0.79876777
0.79876777
0.79876777
0.79050207
0.79050207
0.79050207
0.79050207
0.79050207
0.79050207
0.79050207
0.78404981
0.78404981
0.78301375
0.78301375
0.7742353
0.7566175
0.75301219
0.75301219
0.75301219
0.75457003
0.76498812
0.76498812
0.7939924
0.7939924
0.7939924
0.79417673
0.79417673
0.79417673
0.79417673
0.79493408
0.80638922
0.80769452
0.82171558
0.82171558
0.82171558
0.81796717
0.81796717
0.81796717
0.81796717
0.81796717
0.81796717
0.82603324
0.82603324
0.82603324
0.80987401
0.80792493
0.72267025
0.68908597
0.68908597
0.68908597
0.69220382
0.69220382
0.69220382
0.7078945
0.7078945
0.72061345
0.72061345
0.7278608
0.73713027
0.73713027
0.73883139
0.73883139
0.77184613
0.77184613
0.77371776
0.7963673
0.7963673
0.7963673
0.78403471
0.74076042
0.74076042
0.70423653
0.70423653
0.70423653
0.75390842
0.76330396
0.76330396
0.76330396
0.76330396
0.80374902
0.82032219
0.82032219
0.82032219
0.80829966
0.77930538
0.77930538
0.77930538
0.79103211
0.79103211
0.79103211
0.79103211
0.79103211
0.78481419
0.78481419
0.78481419
0.78481419
0.78481419
0.78481419
0.7819857
0.7819857
0.7819857
0.7819857
0.7819857
0.75295336
0.75295336
0.75295336
0.75815551
0.76101522
0.78138109
0.78138109
0.79807586
0.79807586
0.79807586
0.79575813
0.79575813
0.79575813
0.84280676
0.84718388
0.84718388
0.84718388
0.88340667
0.88340667
0.88340667
0.86253614
0.86253614
0.83337841
0.83337841
0.82806734
0.82806734
0.82806734
0.82806734
0.82806734
0.81536128
0.81536128
0.7704306
0.7704306
0.7704306
0.7704306
0.7704306
0.79145145
0.79145145
0.79145145
0.77739849
0.77739849
0.77739849
0.77358488
0.75581202
0.75581202
0.75581202
0.75581202
0.74182437
0.74182437
0.74176271
0.74176271
0.74176271
0.74176271
0.72383974
0.72383974
0.72383974
0.70361619
0.6998791
0.6998791
0.6998791
0.6998791
0.66780922
0.66780922
0.60923882
0.60923882
0.60923882
0.60923882
0.60923882
0.58442843
0.56778302
0.56778302
0.56778302
0.578683
0.578683
0.578683
0.578683
0.578683
0.55959123
0.55959123
0.53918092
0.53918092
0.53918092
0.53918092
0.53918092
0.53918092
0.53918092
0.55166286
0.55166286
0.55166286
0.46277453
0.41718861
0.4136231
0.4136231
0.4136231
0.4136231
0.46953551
0.53911565
0.53911565
0.53911565
0.58883441
0.65534873
0.65534873
0.65563233
0.65563233
0.72679023
0.72679023
0.72679023
0.71400346
0.71400346
0.71400346
0.72124441
0.77628804
0.77628804
0.77628804
0.70233254
0.70233254
0.70233254
0.73510802
0.75383943
0.75383943
0.75383943
0.75383943
0.75532324
0.78374986
0.78374986
0.78374986
0.68843341
0.68843341
0.6845778
0.6845778
0.6845778
0.6845778
0.64909505
0.64909505
0.64909505
0.58207132
0.55540684
0.55540684
0.55512532
0.55512532
0.55512532
0.55512532
0.55512532
0.56414368
0.59005485
0.59005485
0.59005485
0.69424387
0.69424387
0.75659736
0.75659736
0.75659736
0.73805801
0.72777394
0.72777394
0.72777394
0.72777394
0.72777394
0.69736672
0.60492613
0.60492613
0.60492613
0.6892279
0.6892279
0.72448218
0.72448218
0.72448218
0.72448218
0.72448218
0.640243
0.60997603
0.60997603
0.53070023
0.48734658
0.48734658
0.48734658
0.48734658
0.48734658
0.48734658
0.48734658
0.4562678
0.4562678
0.4562678
0.4562678
0.4562678
0.44955967
0.44955967
0.44955967
0.44955967
0.44955967
0.42858583
0.42858583
0.42858583
0.42858583
0.45591699
0.45591699
0.45591699
0.4334865
0.4334865
0.4334865
0.4334865
0.4334865
0.56514962
0.61086039
0.61086039
0.67764042
0.67764042
0.67764042
0.67764042
0.67764042
0.60917329
0.60917329
0.60917329
0.5595718
0.55219505
0.55219505
0.55219505
0.55219505
0.54934354
0.4664131
0.44220648
0.44220648
0.44220648
0.4878596
0.4878596
0.4878596
0.4878596
0.49916224
0.57960008
0.57960008
0.57960008
0.55864085
0.55864085
0.55864085
0.55864085
0.58599138
0.63178079
0.63178079
0.63178079
0.57445308
0.57445308
0.53079456
0.52832132
0.49674534
0.49674534
0.49674534
0.49674534
0.49674534
0.49674534
0.49674534
0.49674534
0.50020173
0.50020173
0.50020173
0.43822063
0.43822063
0.43822063
0.43822063
0.43822063
0.45347618
0.45998985
0.45998985
0.48355348
0.49287149
0.49287149
0.50374767
0.50374767
0.53428084
0.54698709
0.5956708
0.6097582
0.6097582
0.6097582
0.6097582
0.6097582
0.66130723
0.68095537
0.68095537
0.68095537
0.54152479
0.52539123
0.48695902
0.48695902
0.48695902
0.48695902
0.47106191
0.46177052
0.43210197
0.43210197
0.43210197
0.43210197
0.43210197
0.43210197
0.47004038
0.47004038
0.47004038
0.47004038
0.47004038
0.47004038
0.47004038
0.50265907
0.50265907
0.54768062
0.54768062
0.54768062
0.54532695
0.54532695
0.54532695
0.48435192
0.48435192
0.48435192
0.48435192
0.48435192
0.48435192
0.51367382
0.51367382
0.51367382
0.47291169
0.44188254
0.42365972
0.42365972
0.42365972
0.42365972
0.42365972
0.42365972
0.42365972
0.42365972
0.42365972
0.42365972
0.42510074
0.42510074
0.42510074
0.42510074
0.42510074
0.44259234
0.44259234
0.44259234
0.44259234
0.44259234
0.44259234
0.4121429
0.4121429
0.34273128
0.34273128
0.33711379
0.33711379
0.33711379
0.35171334
0.35171334
0.35171334
0.372202
0.372202
0.372202
0.372202
0.372202
0.372202
0.372202
0.372202
0.44256733
0.44256733
0.44256733
0.36694155
0.36694155
0.36694155
0.36694155
0.34233317
0.34233317
0.30583155
0.30583155
0.30583155
0.30583155
0.30583155
0.30583155
0.30583155
0.30583155
0.30583155
0.30583155
0.30583155
0.29534108
0.29534108
0.27590333
0.27590333
0.27590333
0.28627619
0.28627619
0.32762247
0.32762247
0.32762247
0.32762247
0.32762247
0.32762247
0.33843488
0.33843488
0.33843488
0.33843488
0.33843488
0.28939641
0.28939641
0.28754162
0.28754162
0.28754162
0.28754162
0.28754162
0.28754162
0.25555024
0.25555024
0.25555024
0.2795395
0.2795395
0.2795395
0.2795395
0.23797178
0.19006932
0.19006932
0.19006932
0.1644124
0.1644124
0.1507082
0.1507082
0.1507082
0.1507082
0.1507082
0.1507082
0.1507082
0.1507082
0.1507082
0.10623529
0.10623529
0.10623529
0.10623529
0.07475284
0.07475284
0.07475284
0.08563126
0.22543085
0.22543085
0.22543085
0.22543085
0.30708999
0.30708999
0.30708999
0.30708999
0.31309344
0.31309344
0.34035842
0.36722392
0.38850056
0.38850056
0.38850056
0.34087569
0.34087569
0.34087569
0.21776967
0.21776967
0.21776967
0.30046054
0.35012354
0.35012354
0.35012354
0.35012354
0.37366959
0.42697473
0.42697473
0.42697473
0.42697473
0.42697473
0.42697473
0.40142965
0.40142965
0.40142965
0.40142965
0.40142965
0.40142965
0.40777568
0.40777568
0.40777568
0.40777568
0.40777568
0.40777568
0.40777568
0.41468281
0.41468281
0.44485133
0.44485133
0.44485133
0.46490453
0.47159435
0.5021518
0.5021518
0.54181614
0.60493894
0.66646196
0.66646196
0.66646196
0.66646196
0.65050836
0.56463779
0.56463779
0.56463779
0.56463779
0.5870441
0.61472989
0.61472989
0.61472989
0.60408147
0.53054372
0.52430313
0.52430313
0.52430313
0.52430313
0.52430313
0.49902388
0.4903995
0.39062815
0.39062815
0.36811841
0.36811841
0.36811841
0.42368345
0.42368345
0.42368345
0.42368345
0.42368345
0.42368345
0.42368345
0.35329238
0.35329238
0.35329238
0.46668075
0.49348118
0.49348118
0.49348118
0.49027169
0.49027169
0.49027169
0.50921491
0.50921491
0.50921491
0.50330567
0.5013571
0.5013571
0.46881755
0.45095536
0.43404703
0.43404703
0.43404703
0.43689476
0.50369913
0.55277701
0.55277701
0.55277701
0.55277701
0.55277701
0.50260681
0.50260681
0.50260681
0.50260681
0.51690851
0.51690851
0.51690851
0.52006286
0.52006286
0.52006286
0.52006286
0.52006286
0.55368891
0.55368891
0.55368891
