0.53588331
0.4998007
0.55214569
0.55585758
0.55585758
0.55585758
0.55585758
0.55585758
0.55585758
0.54234689
0.52421093
0.51094732
0.50436297
0.48459205
0.48459205
0.48459205
0.48459205
0.48459205
0.48459205
0.46942789
0.46942789
0.46942789
0.46942789
0.46942789
0.46942789
0.46942789
0.48061475
0.48061475
0.51044829
0.57690039
0.57690039
0.57690039
0.57690039
0.60217636
0.60217636
0.60217636
0.60217636
0.62773214
0.68002117
0.68002117
0.68002117
0.68002117
0.68813476
0.68813476
0.68813476
0.64877143
0.63657133
0.63657133
0.63657133
0.63657133
0.63657133
0.63657133
0.63259442
0.55569706
0.55569706
0.55569706
0.55569706
0.55569706
0.5747411
0.61843163
0.61843163
0.61843163
0.61576669
0.61576669
0.61576669
0.59725
0.59725
0.59725
0.63128141
0.63128141
0.63128141
0.66533372
0.69805126
0.69805126
0.69805126
0.69370409
0.68283066
0.68283066
0.67476772
0.67476772
0.67476772
0.67476772
0.67476772
0.67476772
0.67476772
0.67476772
0.6613411
0.6613411
0.64424163
0.6409503
0.61882478
0.61882478
0.61882478
0.61882478
0.60212814
0.57066094
0.57023439
0.57023439
0.57023439
0.57443553
0.57443553
0.57443553
0.57443553
0.57443553
0.57443553
0.57443553
0.56340096
0.56238089
0.56149274
0.56149274
0.5556287
0.54669158
0.51989203
0.51989203
0.51989203
0.53643756
0.55272179
0.55272179
0.55272179
0.52831183
0.52831183
0.52831183
0.52831183
0.50363994
0.50363994
0.50363994
0.50363994
0.49824844
0.49824844
0.39800206
0.36983374
0.35225248
0.35225248
0.35225248
0.3599909
0.3599909
0.3821637
0.3821637
0.42316967
0.42316967
0.42316967
0.44938372
0.45114252
0.45114252
0.49191826
0.49191826
0.49191826
0.46746581
0.41690402
0.40056359
0.40056359
0.40056359
0.41060681
0.51843912
0.51843912
0.51962454
0.53232395
0.53232395
0.5352481
0.5352481
0.5352481
0.5195915
0.4944193
0.4944193
0.4944193
0.4944193
0.4944193
0.4944193
0.4944193
0.4944193
0.52542157
0.52542157
0.52542157
0.5355134
0.5355134
0.5355134
0.51955488
0.51955488
0.51955488
0.48605023
0.47404638
0.47404638
0.47404638
0.47404638
0.47404638
0.47404638
0.49531902
0.49531902
0.49531902
0.49531902
0.49531902
0.49531902
0.49531902
0.49531902
0.51626871
0.55535514
0.61158864
0.62753761
0.62753761
0.62753761
0.58431423
0.58431423
0.58431423
0.58431423
0.56875175
0.56875175
0.56875175
0.57355219
0.62151915
0.62151915
0.62151915
0.58269277
0.58269277
0.58269277
0.58269277
0.55990158
0.55990158
0.55990158
0.53976745
0.53976745
0.53976745
0.53976745
0.53976745
0.53976745
0.53976745
0.57441299
0.61385468
0.61385468
0.61385468
0.61385468
0.62601823
0.62601823
0.62856373
0.63022042
0.63022042
0.63022042
0.63022042
0.63022042
0.63022042
0.63022042
0.62670316
0.62670316
0.62670316
0.62670316
0.62670316
0.60196217
0.60196217
0.60196217
0.60196217
0.60196217
0.60196217
0.60196217
0.60196217
0.60196217
0.57477778
0.53815626
0.52943538
0.52943538
0.52943538
0.52943538
0.49693568
0.49693568
0.49693568
0.49693568
0.53008821
0.53008821
0.56187105
0.56187105
0.61679489
0.61679489
0.61679489
0.61679489
0.61679489
0.61679489
0.62786336
0.64406694
0.64406694
0.64406694
0.60331902
0.60331902
0.60331902
0.62217911
0.64270703
0.64270703
0.64270703
0.66161881
0.66161881
0.66161881
0.66161881
0.66161881
0.66161881
0.66161881
0.66161881
0.66161881
0.66161881
0.66161881
0.66161881
0.66161881
0.66161881
0.65704334
0.65704334
0.5571126
0.5571126
0.5571126
0.56904431
0.57186475
0.57186475
0.57186475
0.57186475
0.58463111
0.58463111
0.59723504
0.59723504
0.59723504
0.60266434
0.60266434
0.60266434
0.60266434
0.60266434
0.56183207
0.56183207
0.56183207
0.56183207
0.56183207
0.56183207
0.56183207
0.53839002
0.53839002
0.5348256
0.5348256
0.51910081
0.49470515
0.45886961
0.45886961
0.45886961
0.45886961
0.45886961
0.47304681
0.47304681
0.53021488
0.53021488
0.53021488
0.54372505
0.54372505
0.54372505
0.54372505
0.54372505
0.52538626
0.52538626
0.52538626
0.50808524
0.50808524
0.50808524
0.50808524
0.50808524
0.50808524
0.50808524
0.50808524
0.50808524
0.50808524
0.50808524
0.50808524
0.50808524
0.50808524
0.50808524
0.50808524
0.57099043
0.57099043
0.57099043
0.54002804
0.49673449
0.49673449
0.49673449
0.49673449
0.49673449
0.49673449
0.49673449
0.49673449
0.45265161
0.45265161
0.45265161
0.45265161
0.45265161
0.45265161
0.45265161
0.45265161
0.41987695
0.41987695
0.41987695
0.34040817
0.34040817
0.34040817
0.34600772
0.42487797
0.42487797
0.42487797
0.41268577
0.41268577
0.41268577
0.41268577
0.41268577
0.41268577
0.42040501
0.42040501
0.42040501
0.42545662
0.46197016
0.46197016
0.46197016
0.46197016
0.44011235
0.44011235
0.37109234
0.37109234
0.37109234
0.28793057
0.28793057
0.28793057
0.28793057
0.27551806
0.27551806
0.27551806
0.26424613
0.26424613
0.26424613
0.26424613
0.23644298
0.21672996
0.21672996
0.21672996
0.19025231
0.17358759
0.17358759
0.15863193
0.15863193
0.15863193
0.15863193
0.15863193
0.15863193
0.15863193
0.15863193
0.15863193
0.15863193
0.16034069
0.19445995
0.20900274
0.23310557
0.23310557
0.23310557
0.20834205
0.20834205
0.20834205
0.20834205
0.20834205
0.20834205
0.20834205
0.20834205
0.24959596
0.24959596
0.24959596
0.24959596
0.23353567
0.22562647
0.22562647
0.22562647
0.22562647
0.22562647
0.22562647
0.26187889
0.26187889
0.26187889
0.26187889
0.26187889
0.26187889
0.24258809
0.24258809
0.24258809
0.24258809
0.22709707
0.22709707
0.22709707
0.21830986
0.21830986
0.21830986
0.23435323
0.23774887
0.23774887
0.23774887
0.22981786
0.22981786
0.22981786
0.20410369
0.17109313
0.17109313
0.17109313
0.17109313
0.1738164
0.1738164
0.1738164
0.1738164
0.1738164
0.1738164
0.1738164
0.18223822
0.18242634
0.18242634
0.18242634
0.18242634
0.19254171
0.19254171
0.19254171
0.19539712
0.19539712
0.19539712
0.16667882
0.16667882
0.15517092
0.13391905
0.13391905
0.13009803
0.13009803
0.13009803
0.13449216
0.13449216
0.13449216
0.13449216
0.11067397
0.10666097
0.07558445
0.07558445
0.07558445
0.08504214
0.09501388
0.10736314
0.10736314
0.10736314
0.13737302
0.13737302
0.13737302
0.12056902
0.08269018
0.0754556
0.07141818
0.07141818
0.07141818
0.06910128
0.04565292
0.04565292
0.04565292
0.04565292
0.04565292
0.04565292
0.0523722
0.0523722
0.0523722
0.0523722
0.07422792
0.07422792
0.07422792
0.07422792
0.08230752
0.12291998
0.1569259
0.1569259
0.1569259
0.1569259
0.1569259
0.16197578
0.18642909
0.18642909
0.22591775
0.22591775
0.22591775
0.2308886
0.2308886
0.2308886
0.2308886
0.2308886
0.2690311
0.29739694
0.29739694
0.29739694
0.29739694
0.29739694
0.28998356
0.28998356
0.28998356
0.22413757
0.22413757
0.22413757
0.22413757
0.22413757
0.22413757
0.24169492
0.24169492
0.24169492
0.24169492
0.24169492
0.24893706
0.24893706
0.27867419
0.27867419
0.27867419
0.30968657
0.30968657
0.30968657
0.30968657
0.30968657
0.30968657
0.30968657
0.30603037
0.30603037
0.30603037
0.30603037
0.32452659
0.32452659
0.33014686
0.33014686
0.33014686
0.33107944
0.33107944
0.33632705
0.33632705
0.33632705
0.33203509
0.32203996
0.32203996
0.32203996
0.32123028
0.26768017
0.26768017
0.26768017
0.26768017
0.27624454
0.31299914
0.31299914
0.31299914
0.3255402
0.36698954
0.38397027
0.40103882
0.40946181
0.41486869
0.41901879
0.43942897
0.43942897
0.43942897
0.43810979
0.43810979
0.43676345
0.43676345
0.43676345
0.43676345
0.43676345
0.46103621
0.46103621
0.48581511
0.48581511
0.48581511
0.48581511
0.48581511
0.48581511
0.48581511
0.52923155
0.52923155
0.52923155
0.52923155
0.52923155
0.52923155
0.52923155
0.52923155
0.52923155
0.52923155
0.52923155
0.56442419
0.56442419
0.56442419
0.56442419
0.57300405
0.57300405
0.57723857
0.57723857
0.57723857
0.57723857
0.57723857
0.57723857
0.57723857
0.57723857
0.57723857
0.57723857
0.56799946
0.56799946
0.56799946
0.53069506
0.52731197
0.52731197
0.52731197
0.52731197
0.54418787
0.54418787
0.54418787
0.54418787
0.53649682
0.53649682
0.50732667
0.50732667
0.50732667
0.50732667
0.50732667
0.5420538
0.5420538
0.5420538
0.56250414
0.56398293
0.56398293
0.5639882
0.58578569
0.58578569
0.58578569
0.61093745
0.61093745
0.61093745
0.62225361
0.62225361
0.62369169
0.62369169
0.62369169
0.62369169
0.65267372
0.66952624
0.66952624
0.66952624
0.66952624
0.67362575
0.67362575
0.67362575
0.66732309
0.66732309
0.66732309
0.67625683
0.67817419
0.67817419
0.70610116
0.72881539
0.74763032
0.74763032
0.74763032
0.71656944
0.71656944
0.71656944
0.72539048
0.72539048
0.72539048
0.77680351
0.77680351
0.77680351
0.7516674
0.7516674
0.7516674
0.7516674
0.7516674
0.75910068
0.75910068
0.75910068
0.78147554
0.80767245
0.81573558
0.81573558
0.81573558
0.81573558
0.81573558
0.81534705
0.81534705
0.81534705
0.81534705
0.81534705
0.81534705
0.81534705
0.80628529
0.80628529
0.80628529
0.79548224
0.79171341
0.79171341
0.79171341
0.81079973
0.81079973
0.83119921
0.85415746
0.85415746
0.85415746
0.85415746
0.85415746
0.85415746
0.85415746
0.85415746
0.87558337
0.89015517
0.89015517
0.89015517
0.89015517
0.88992903
0.88992903
0.88992903
0.88992903
0.88992903
0.88992903
0.88992903
0.88992903
0.88992903
0.88386511
0.88386511
0.88386511
0.88649075
0.88649075
0.88649075
0.87556209
0.86239597
0.86239597
0.86239597
0.86239597
0.87138255
0.87138255
0.87138255
0.87017592
0.87017592
0.87017592
0.87017592
0.87017592
0.88342187
0.89170926
0.89170926
0.89170926
0.88002368
0.88002368
0.88002368
0.88002368
0.87053521
0.85428818
0.85428818
0.85428818
0.85428818
0.85428818
0.85428818
0.85156008
0.83207404
0.83207404
0.83207404
0.8128803
0.8128803
0.8128803
0.84243689
0.84243689
0.84243689
0.84243689
0.84018705
0.84018705
0.84018705
0.83717462
0.83717462
0.83687266
0.83687266
0.83687266
0.83687266
0.86116681
0.86116681
0.86116681
0.86116681
0.86116681
0.86116681
0.85006125
0.82820096
0.82820096
0.82820096
0.82820096
0.78758287
0.78758287
0.78758287
0.78758287
0.79817335
0.79817335
0.79817335
0.75675993
0.75547213
0.75547213
0.75547213
0.75547213
0.75547213
0.75547213
0.74481136
0.73883508
0.73883508
0.73883508
0.70832825
0.70485747
0.70485747
0.70485747
0.75336728
0.75336728
0.75336728
0.75336728
0.75336728
0.75336728
0.76793605
0.77556971
0.77556971
0.77556971
0.73344418
0.65734715
0.65734715
0.65734715
0.66482352
0.66482352
0.67137908
0.67137908
0.67137908
0.67137908
0.73284799
0.74180569
0.74660928
0.76052809
0.76052809
0.76052809
0.74238384
0.71174854
0.68696905
0.68696905
0.66168644
0.64369673
0.64369673
0.64369673
0.64369673
0.61420053
0.61420053
0.61420053
0.6256447
0.63688385
0.63688385
0.63688385
0.61706368
0.56646182
0.56646182
0.56646182
0.62548394
0.62548394
0.62548394
0.62548394
0.62548394
0.63765602
0.66022066
0.68978386
0.68978386
0.68978386
0.68978386
0.68848536
0.68848536
0.68848536
0.68848536
0.68848536
0.68848536
0.68848536
0.6887997
0.72529119
0.72529119
0.72529119
0.72529119
0.7130466
0.7130466
0.69276128
0.64517734
0.64283589
0.64283589
0.64283589
0.6477017
0.67683123
0.67683123
0.67683123
0.67683123
0.67683123
0.67303629
0.64883951
0.64883951
0.64883951
0.64883951
0.65063352
0.65063352
0.65063352
0.67155411
0.67155411
0.67155411
0.67155411
0.68360971
0.68360971
0.70078461
0.70078461
0.70078461
0.6987272
0.67883314
0.63933401
0.59500308
0.59500308
0.59500308
0.63839216
0.64845384
0.64845384
0.64959002
0.64959002
0.66784575
0.66784575
0.66784575
0.65839488
0.65839488
0.64239266
0.64239266
0.64239266
0.64239266
0.61962422
0.61962422
0.61962422
0.65733913
0.65733913
0.65733913
0.65552771
0.6514661
0.6514661
0.63105511
0.63105511
0.63105511
0.63105511
0.63105511
0.62832137
0.62832137
0.62832137
0.62832137
0.62832137
0.62832137
0.71363876
0.71363876
0.71363876
0.70732752
0.70732752
0.70732752
0.70732752
0.6850014
0.67701417
0.67701417
0.67701417
0.71140419
0.71140419
0.71140419
0.70032103
0.70032103
0.70032103
0.71075666
0.71499321
0.74586529
0.74586529
0.74586529
0.74586529
0.76847722
0.76847722
0.7814208
0.7814208
0.7814208
0.7814208
0.82620537
0.82620537
0.82620537
0.82620537
0.80653721
0.79811103
0.77012277
0.77012277
0.77012277
0.77012277
0.77012277
0.77012277
0.77012277
0.75756443
0.74385402
0.73044442
0.73044442
0.73044442
0.73624275
0.73624275
0.73624275
0.71674306
0.71674306
0.71674306
0.71339286
0.70727387
0.68707499
0.68707499
0.68707499
0.72798392
0.72798392
0.72798392
0.72748327
0.72748327
0.72748327
0.72748327
0.68938093
0.68938093
0.68938093
0.71893943
0.72290923
0.72290923
0.74246243
0.74246243
0.74246243
0.74246243
0.73201982
0.73201982
0.7076378
0.7076378
0.7076378
0.7076378
0.71271653
0.72510411
0.72510411
0.72510411
0.73210695
0.73210695
0.73210695
0.7733557
0.78263546
0.78263546
0.78263546
0.76938928
0.76938928
0.76938928
0.76938928
0.76938928
0.76938928
0.76832128
0.75247221
0.75247221
0.75247221
0.73552452
0.71639805
0.71639805
0.71639805
0.7480636
0.7480636
0.7480636
0.7480636
0.7480636
0.7480636
0.74581598
0.74581598
0.73633389
0.73633389
0.72783437
0.72783437
0.72783437
0.72783437
0.71425348
0.69406123
0.69062805
0.69062805
0.69062805
0.7085125
0.7085125
0.7085125
0.71497973
0.71497973
0.71497973
0.71497973
0.71497973
0.71527984
0.71868536
0.71868536
0.71868536
0.73194943
0.73955969
0.73955969
0.73955969
0.75718625
0.75718625
0.75718625
0.75718625
0.75670358
0.75670358
0.75670358
0.75670358
0.75670358
0.7668535
0.7668535
0.7668535
0.74401247
0.73711188
0.73711188
0.73711188
0.73278725
0.72378329
0.72378329
0.72378329
0.72378329
0.72378329
0.70937941
0.70937941
0.70937941
0.72589771
0.72589771
0.72589771
0.72589771
0.73523202
0.73523202
0.73523202
0.73523202
0.73523202
0.73523202
0.73523202
0.74542063
0.74542063
0.74542063
0.74542063
0.7223278
0.69450138
0.69450138
0.66840115
0.66840115
0.66840115
0.67901533
0.72865708
0.72927692
0.72927692
0.72927692
0.72740648
0.72740648
0.72740648
0.72536711
0.72244215
0.72244215
0.72244215
0.72244215
0.7119345
0.70583306
0.70583306
0.70583306
0.71259651
0.71774746
0.7182815
0.72710559
0.72710559
0.72710559
0.75633241
0.78816986
0.82178483
0.82178483
0.82178483
0.82178483
0.81292664
0.81292664
0.81292664
0.82830285
0.82830285
0.82830285
0.88835716
0.88835716
0.88835716
0.87260316
0.87260316
0.87260316
0.87260316
0.84672099
0.80806259
0.80806259
0.76125283
0.76125283
0.76125283
0.74974553
0.74974553
0.74974553
0.76450388
0.78420568
0.80228645
0.80228645
0.81839473
0.81839473
0.81839473
0.81477155
0.81477155
0.80601438
0.80601438
0.80601438
0.85215467
0.85215467
0.87968147
0.89384673
0.89384673
0.89384673
0.88402829
0.88402829
0.88402829
0.88402829
0.86674333
0.86641044
0.86641044
0.86641044
0.87023193
0.87023193
0.87023193
0.87023193
0.84909433
0.83975798
0.77964937
0.77343001
0.77343001
0.77343001
0.77343001
0.77343001
0.79278816
0.79517924
0.79562034
0.79562034
0.81569741
0.83834605
0.87026246
0.89250177
0.89947046
0.92196409
0.92196409
0.93278319
0.94930678
0.94930678
0.94930678
0.92207214
0.90131617
0.89951497
0.88900797
0.86602097
0.83650219
0.83650219
0.83650219
0.83630877
0.81547799
0.81547799
0.81547799
0.83631552
0.85672049
0.85672049
0.85672049
0.89877157
0.89908728
0.90504395
0.90504395
0.90504395
0.89825826
0.89825826
0.89825826
0.89607045
0.89607045
0.89607045
0.89607045
0.89607045
0.89607045
0.89607045
0.90364358
0.90364358
0.90364358
0.90364358
0.90364358
0.87672332
0.87306419
0.87306419
0.80887317
0.80887317
0.80887317
0.80887317
0.85546025
0.85546025
0.85546025
0.83903199
0.81747687
0.81747687
0.81747687
0.76352701
0.76352701
0.76352701
0.76839647
0.76839647
0.76839647
0.78037266
0.78037266
0.80045266
0.80045266
0.80045266
0.7815534
0.75259033
0.75259033
0.75259033
0.75405212
0.76301338
0.76301338
0.78068558
0.78068558
0.78068558
0.78497599
0.78497599
0.78497599
0.78497599
0.78497599
0.77315185
0.77315185
0.77315185
0.77315185
0.77315185
0.76356719
0.76356719
0.76356719
0.78517084
0.80063683
0.80063683
0.82208279
0.82208279
0.82208279
0.80738868
0.80738868
0.80738868
0.81029968
0.8341729
0.8341729
0.83565375
0.83565375
0.83565375
0.80828766
0.77000653
0.76678966
0.76678966
0.76678966
0.76678966
0.76903735
0.76903735
0.7911794
0.8140209
0.8140209
0.82850017
0.84403726
0.84403726
0.84403726
0.87723377
0.87723377
0.87723377
0.88216365
0.88380422
0.88380422
0.88380422
0.88380422
0.86032054
0.84248458
0.83806607
0.83806607
0.83806607
0.83806607
0.83806607
0.83806607
0.83806607
0.83806607
0.83806607
0.84582147
0.84582147
0.84582147
0.84582147
0.84582147
0.85530647
0.85530647
0.85530647
0.85530647
0.82245269
0.80440118
0.80440118
0.79154487
0.79154487
0.79154487
0.8095832
0.82902094
0.83627625
0.8672618
0.87782373
0.87782373
0.87782373
0.87782373
0.88007118
0.9019015
0.9071164
0.90757413
0.90757413
0.90757413
0.88502915
0.87823112
0.87823112
0.81047281
0.80631947
0.80631947
0.78890166
0.78890166
0.78890166
0.78890166
0.78890166
0.78890166
0.81286267
0.81392486
0.82430741
0.85085897
0.85085897
0.85085897
0.85085897
0.85085897
0.85085897
0.85085897
0.85085897
0.85085897
0.85085897
0.86557623
0.86557623
0.86557623
0.85920085
0.85920085
0.85920085
0.85920085
0.87644527
0.87644527
0.87644527
0.87644527
0.87659756
0.87659756
0.87659756
0.88309377
0.88309377
0.88309377
0.88309377
0.88309377
0.88591841
0.88591841
0.88918417
0.88918417
0.89472292
0.90121179
0.91036233
0.91036233
0.91036233
0.91000047
0.91000047
0.91000047
0.91000047
0.91000047
0.85735634
0.85735634
0.8149643
0.7933594
0.7933594
0.78574726
0.78574726
0.78574726
0.76689695
0.76689695
0.76689695
0.76198803
0.75017417
0.75017417
0.74667793
0.74667793
0.74667793
0.74667793
0.74407931
0.72906233
0.72906233
0.72906233
0.72906233
0.72906233
0.72906233
0.700171
0.700171
0.66844609
0.66844609
0.66844609
0.66844609
0.66844609
0.66844609
0.66844609
0.72667801
0.72714209
0.72714209
0.72714209
0.72714209
0.72714209
0.72714209
0.72714209
0.73941183
0.75647042
0.78704838
0.78704838
0.78704838
0.78348611
0.75110157
0.71599797
0.70232563
0.70232563
0.70232563
0.70232563
0.70232563
0.67799154
0.67799154
0.67799154
0.68359174
0.69193309
0.69193309
0.69193309
0.69193309
0.69193309
0.70545034
0.70545034
0.70545034
0.70545034
0.70449939
0.69750546
0.69750546
0.69750546
0.69750546
0.70803743
0.742107
0.74425723
0.74425723
0.74425723
0.75065253
0.75065253
0.75065253
0.75065253
0.75065253
0.77598955
0.78636499
0.78636499
0.78636499
0.78500545
0.77086025
0.77086025
0.77086025
0.79185961
0.79185961
0.79185961
0.79185961
0.79185961
0.79376767
0.79376767
0.79376767
0.79376767
0.79376767
0.79376767
0.79722188
0.79722188
0.79722188
0.78951411
0.78379698
0.78379698
0.78379698
0.78424949
0.80973079
0.83381837
0.83381837
0.83381837
0.83381837
0.78116408
0.78116408
0.78116408
0.78116408
0.76465119
0.76465119
0.76465119
0.74439436
0.74439436
0.74439436
0.71765267
0.71765267
0.71765267
0.71765267
0.71765267
0.73377787
0.73377787
0.73377787
0.73377787
0.73377787
0.73377787
0.73377787
0.73114833
0.71226254
0.71226254
0.71226254
0.71536801
0.71536801
0.71536801
0.73108749
0.76904596
0.77456882
0.77456882
0.77456882
0.77456882
0.77456882
0.77456882
0.76583499
0.73720893
0.73522749
0.73522749
0.73522749
0.73522749
0.73522749
0.73522749
0.73522749
0.73498458
0.73498458
0.73498458
0.7869846
0.7869846
0.79657758
0.79657758
0.81356224
0.82118754
0.83327853
0.853013
0.853013
0.853013
0.853013
0.853013
0.82952817
0.80328479
0.79856887
0.79856887
0.79856887
0.85580112
0.85957196
0.85957196
0.85957196
0.85957196
0.86271184
0.86271184
0.86271184
0.84848098
0.84848098
0.83232419
0.83232419
0.83232419
0.84003345
0.84003345
0.84003345
0.79880852
0.77452171
0.75542027
0.75411159
0.75411159
0.75411159
0.77306105
0.77306105
0.77306105
0.76202195
0.76202195
0.76202195
0.76533374
0.82700104
0.82700104
0.82700104
0.82700104
0.82700104
0.82700104
0.82700104
0.82700104
0.82700104
0.80213417
0.79592186
0.78309656
0.78309656
0.78309656
0.78309656
0.7792443
0.7572495
0.74582519
0.74582519
0.74582519
0.76400957
0.76400957
0.76400957
0.74926904
0.74357862
0.72634024
0.72634024
0.72634024
0.71914083
0.71914083
0.71914083
0.72349736
0.72349736
0.72929075
0.72929075
0.72929075
0.75436183
0.76844065
0.77546074
0.77546074
0.77546074
0.74719971
0.74719971
0.74719971
0.75202806
0.77310355
0.77310355
0.77310355
0.77310355
0.77310355
0.77310355
0.77310355
0.77310355
0.77310355
0.73939333
0.73570267
0.71955888
0.69470073
0.66935962
0.66935962
0.66935962
0.66935962
0.68591056
0.68591056
0.68591056
0.6697508
0.6697508
0.66269623
0.66269623
0.66269623
0.66269623
0.66269623
0.66269623
0.66479332
0.6916168
0.69972055
0.69972055
0.69972055
0.72332203
0.72332203
0.72332203
0.69237328
0.69237328
0.67456474
0.67407573
0.67407573
0.67407573
0.67805286
0.68249052
0.69592799
0.71222727
0.71222727
0.72363586
0.72363586
0.72363586
0.69722488
0.69722488
0.69722488
0.71866779
0.71866779
0.71866779
0.71074541
0.71074541
0.71074541
0.71074541
0.71074541
0.71074541
0.71074541
0.71603491
0.71772778
0.73785278
0.75393162
0.78727548
0.78727548
0.8058728
0.8058728
0.8058728
0.80298597
0.80298597
0.80298597
0.80174592
0.79236419
0.75749294
0.75749294
0.75749294
0.75749294
0.74209508
0.74209508
0.74209508
0.74925908
0.7499769
0.7499769
0.82050543
0.82050543
0.82050543
0.82050543
0.82050543
0.83081707
0.85766282
0.86047626
0.86047626
0.86047626
0.83967204
0.83967204
0.83967204
0.84465786
0.84465786
0.84465786
0.84465786
0.84465786
0.84465786
0.82182973
0.82182973
0.82182973
0.83333058
0.83333058
0.83333058
0.83333058
0.83333058
0.83983251
0.83983251
0.83983251
0.77146662
0.77146662
0.77146662
0.80675488
0.80675488
0.80675488
0.80692212
0.80692212
0.81565197
0.81565197
0.81565197
0.81565197
0.84310682
0.87607979
0.88474908
0.89982463
0.89982463
0.9323648
0.9323648
0.9323648
0.90386205
0.88548475
0.88548475
0.88548475
0.85683095
0.85683095
0.85683095
0.85775103
0.85775103
0.85775103
0.86515021
0.86515021
0.86515021
0.8619538
0.8619538
0.8619538
0.8619538
0.8619538
0.81451071
0.79643116
0.79643116
0.79643116
0.79643116
0.79643116
0.79643116
0.79643116
0.79643116
0.80471585
0.80471585
0.80471585
0.80471585
0.78046776
0.77414711
0.77414711
0.77414711
0.77414711
0.77414711
0.77414711
0.76932517
0.75810013
0.75810013
0.75810013
0.75810013
0.7781087
0.7781087
0.7781087
0.7781087
0.7781087
0.75749209
0.75749209
0.75749209
0.75749209
0.72048831
0.72048831
0.72048831
0.72048831
0.72048831
0.72048831
0.72048831
0.69981645
0.69981645
0.69981645
0.73436651
0.73436651
0.73436651
0.68206817
0.68206817
0.68206817
0.68206817
0.68206817
0.68206817
0.68206817
0.68206817
0.70783535
0.70783535
0.71142753
0.74868127
0.74992535
0.74992535
0.74992535
0.70787337
0.70787337
0.70787337
0.70787337
0.70787337
0.70787337
0.70787337
0.69437107
0.69437107
0.69437107
0.71144167
0.71144167
0.71144167
0.71144167
0.71144167
0.72106791
0.72106791
0.7553857
0.78822501
0.78822501
0.78822501
0.76309713
0.75313924
0.73523704
0.73523704
0.73523704
0.72646269
0.72646269
0.70173487
0.67373439
0.66308649
0.66308649
0.66308649
0.66308649
0.66308649
0.66308649
0.66308649
0.66308649
0.66308649
0.66308649
0.66308649
0.66308649
0.66308649
0.65361024
0.65361024
0.60512943
0.57681113
0.57681113
0.57681113
0.57681113
0.57681113
0.57681113
0.57681113
0.57681113
0.58604903
0.61263363
0.61680152
0.61680152
0.61680152
0.61680152
0.61680152
0.61680152
0.61680152
0.61680152
0.61680152
0.61680152
0.61680152
0.61680152
0.61680152
0.61680152
0.61610073
0.61610073
0.61610073
0.59389012
0.59389012
0.59389012
0.59389012
0.59389012
0.619443
0.62358008
0.63147935
0.63147935
0.63147935
0.62162358
0.62162358
0.62162358
0.62162358
0.60710323
0.60710323
0.60710323
0.59269721
0.59269721
0.59269721
0.59269721
0.59269721
0.56441761
0.56441761
0.56441761
0.53067112
0.53067112
0.53067112
0.53067112
0.53067112
0.5697845
0.58219798
0.58219798
0.58219798
0.58219798
0.57332617
0.56592609
0.56592609
0.56592609
0.56592609
0.56592609
0.56277737
0.56277737
0.56277737
0.56277737
0.59450607
0.59450607
0.59450607
0.57511391
0.57161911
0.57161911
0.54785271
0.54785271
0.52418509
0.52418509
0.52418509
0.52418509
0.52418509
0.52326843
0.5112849
0.5112849
0.5112849
0.5041923
0.46284926
0.46284926
0.46284926
0.46284926
0.46284926
0.46790511
0.46790511
0.46790511
0.43270217
0.43270217
0.43270217
0.43270217
0.43270217
0.43757777
0.43757777
0.43757777
0.42535964
0.42531607
0.42531607
0.42531607
0.42531607
0.46133536
0.48454461
0.48454461
0.48454461
0.48454461
0.48454461
0.48454461
0.46826729
0.46826729
0.46826729
0.46826729
0.46826729
0.46826729
0.39540186
0.36246545
0.36246545
0.36246545
0.38668272
0.38668272
0.38668272
0.38668272
0.38668272
0.35989393
0.35989393
0.35989393
0.41493724
0.41493724
0.42825969
0.45899906
0.45899906
0.45899906
0.42935581
0.38004934
0.38004934
0.38004934
0.39120459
0.41408744
0.41408744
0.41408744
0.40897832
0.40897832
0.40897832
0.40897832
0.40897832
0.41098025
0.41805967
0.50305319
0.50305319
0.50305319
0.49465551
0.49465551
0.49465551
0.47700461
0.47700461
0.47700461
0.47700461
0.47612242
0.47336008
0.47336008
0.47336008
0.4218258
0.4218258
0.4218258
0.4218258
0.4651055
0.4651055
0.4651055
0.4651055
0.4651055
0.43859586
0.43859586
0.43859586
0.43859586
0.43859586
0.45378309
0.4597193
0.47736179
0.57322614
0.63949219
0.63949219
0.63949219
0.60479775
0.5396233
0.52132483
0.51787824
0.47931845
0.47931845
0.47931845
0.57342412
0.57342412
0.57342412
0.60760534
0.60945822
0.65233561
0.70912839
0.73933817
0.76288261
0.82234696
0.83493719
0.83493719
0.83493719
0.83493719
0.82110132
0.82110132
0.82110132
0.82110132
0.82110132
0.82116449
0.82116449
0.84391673
0.8650206
0.8650206
0.89981944
0.926227
0.926227
0.926227
0.926227
0.926227
0.926227
0.926227
0.85613833
0.82689036
0.80972951
0.80972951
0.80972951
0.77567514
0.77567514
0.76661979
0.76661979
0.76661979
0.76661979
0.79791246
0.79791246
0.79791246
0.77480186
0.77480186
0.77480186
0.77480186
0.77480186
0.77958402
0.77958402
0.77958402
0.77958402
0.74203639
0.74203639
0.74203639
0.75624285
0.75624285
0.77633354
0.85408196
0.85408196
0.85408196
0.81205405
0.80498248
0.80498248
0.80498248
0.80498248
0.80498248
0.77498352
0.74202998
0.73213832
0.73213832
0.73213832
0.73213832
0.73213832
0.73213832
0.73213832
0.72358741
0.72358741
0.72358741
0.72358741
0.72358741
0.72358741
0.69974376
0.69974376
0.69974376
0.69974376
0.69974376
0.68073672
0.68073672
0.68073672
0.65954791
0.65954791
0.65954791
0.67793416
0.67793416
0.67793416
0.67793416
0.67793416
0.64396365
0.64396365
0.61788929
0.61788929
0.61788929
0.64492659
0.64492659
0.64492659
0.64492659
0.64492659
0.59495272
0.59495272
0.59495272
0.59495272
0.56301108
0.56301108
0.56301108
0.57422509
0.57422509
0.57422509
0.60384578
0.60384578
0.60384578
0.60624266
0.60624266
0.62825952
0.62825952
0.62825952
0.62825952
0.62825952
0.62825952
0.62825952
0.62825952
0.63886237
0.63886237
0.63886237
0.63067502
0.63067502
0.63067502
0.60295086
0.60295086
0.60295086
0.60295086
0.60295086
0.60295086
0.60295086
0.64472461
0.68299032
0.69142527
0.69142527
0.69142527
0.69142527
0.69142527
0.67947446
0.6633954
0.65749908
0.65749908
0.65749908
0.65749908
0.65749908
0.66237249
0.66237249
0.66237249
0.62599971
0.62599971
0.62599971
0.62599971
0.62599971
0.62599971
0.62599971
0.61648561
0.61648561
0.61648561
0.61648561
0.61648561
0.61648561
0.61648561
0.61648561
0.61648561
0.61648561
0.61648561
0.61648561
0.61648561
0.61648561
0.61696463
0.61696463
0.61696463
0.61500706
0.61500706
0.61500706
0.61500706
0.61500706
0.61500706
0.61500706
0.6373375
0.6373375
0.69296393
0.70165234
0.70165234
0.70165234
0.70165234
0.70165234
0.71622378
0.71622378
0.71622378
0.70500249
0.70449774
0.70449774
0.70449774
0.70449774
0.70449774
0.69788813
0.67173781
0.67173781
0.67173781
0.67173781
0.67173781
0.67173781
0.67173781
0.68766846
0.68766846
0.68766846
0.68057393
0.66724286
0.65711592
0.65631555
0.63402516
0.63402516
0.62889016
0.62889016
0.62766777
0.62376606
0.62376606
0.61288593
0.61288593
0.61288593
0.61288593
0.61288593
0.58940433
0.56332167
0.56332167
0.56332167
0.60404776
0.63720543
0.63720543
0.63720543
0.63720543
0.63720543
0.63720543
0.63018497
0.63018497
0.63018497
0.65845017
0.65845017
0.65845017
0.65845017
0.65845017
0.65845017
0.65845017
0.66676335
0.66676335
0.67823294
0.67840984
0.67840984
0.67840984
0.62510987
0.60825022
0.60825022
0.60825022
0.60825022
0.60825022
0.64695811
0.64695811
0.65487891
0.66642686
0.66642686
0.66642686
0.66642686
0.66642686
0.66642686
0.66642686
0.68417987
0.69386404
0.69741068
0.69741068
0.73165654
0.74001836
0.74001836
0.75132332
0.75132332
0.75132332
0.7181144
0.7181144
0.7181144
0.68388614
0.68388614
0.68388614
0.66287479
0.66287479
0.64108802
0.63926794
0.63926794
0.63926794
0.68895741
0.6894088
0.72948141
0.72948141
0.72948141
0.72948141
0.72948141
0.72948141
0.72948141
0.72948141
0.72948141
0.72948141
0.72948141
0.72948141
0.70790464
0.69318134
0.69318134
0.65786318
0.65786318
0.65786318
0.65786318
0.66029528
0.66029528
0.66029528
0.66029528
0.66029528
0.66029528
0.66029528
0.66029528
0.66478941
0.66478941
0.66478941
0.68026991
0.68026991
0.68026991
0.68026991
0.68026991
0.68026991
0.68026991
0.68026991
0.68026991
0.68026991
0.68026991
0.68026991
0.68026991
0.68026991
0.69863639
0.69863639
0.69863639
0.69642742
0.67526137
0.67526137
0.67526137
0.67526137
0.67526137
0.67602411
0.67602411
0.67602411
0.67602411
0.67602411
0.67602411
0.64947347
0.64947347
0.64947347
0.64947347
0.64947347
0.64947347
0.64947347
0.65382383
0.65382383
0.65382383
0.59304119
0.58667612
0.58667612
0.58322349
0.58322349
0.58322349
0.59418785
0.59418785
0.59418785
0.59418785
0.59418785
0.59418785
0.59561031
0.59561031
0.59561031
0.56924102
0.56924102
0.56924102
0.56924102
0.56924102
0.56924102
0.58907042
0.58907042
0.58907042
0.56617658
0.56572762
0.55805602
0.55805602
0.55805602
0.55805602
0.5801157
0.59198648
0.59198648
0.60820477
0.60846499
0.63225964
0.63225964
0.63225964
0.6293791
0.6293791
0.6293791
0.6293791
0.6293791
0.6293791
0.63738055
0.63738055
0.64023592
0.64023592
0.64023592
0.64154934
0.64154934
0.64154934
0.64154934
0.65384805
0.65384805
0.68553054
0.68553054
0.68553054
0.65161002
0.62925816
0.61651417
0.61651417
0.61651417
0.63378061
0.64420296
0.64420296
0.66073062
0.66073062
0.66337438
0.68453688
0.68599606
0.69920545
0.69920545
0.69920545
0.69920545
0.69920545
0.69920545
0.68730236
0.68730236
0.68730236
0.68730236
0.71086801
0.71086801
0.71086801
0.71086801
0.71086801
0.71086801
0.71086801
0.71086801
0.69255101
0.69255101
0.69255101
0.69423975
0.7155656
0.7155656
0.7155656
0.69187378
0.69187378
0.69187378
0.69187378
0.69187378
0.63766153
0.63766153
0.59433267
0.57516592
0.57291841
0.57291841
0.57291841
0.57291841
0.57291841
0.57291841
0.57291841
0.57291841
0.59281141
0.59281141
0.59281141
0.59281141
0.58065237
0.53331073
0.53331073
0.53331073
0.55370528
0.56088118
0.56088118
0.59348302
0.59348302
0.59348302
0.59348302
0.59348302
0.59882844
0.59882844
0.62480078
0.63058664
0.64164789
0.64164789
0.64164789
0.64164789
0.62826915
0.61995997
0.61120282
0.61120282
0.61120282
0.61120282
0.61120282
0.61120282
0.61120282
0.61120282
0.61120282
0.61120282
0.6010682
0.58889375
0.57417943
0.57417943
0.57417943
0.57417943
0.57417943
0.56585666
0.56014307
0.56014307
0.55505878
0.55505878
0.55505878
0.57380414
0.57380414
0.57380414
0.54448802
0.54448802
0.54448802
0.54448802
0.54061049
0.51289064
0.51289064
0.51289064
0.51911455
0.51911455
0.51911455
0.51911455
0.51911455
0.54804748
0.54804748
0.54804748
0.54373203
0.54373203
0.54373203
0.59854566
0.60468484
0.63450145
0.64921287
0.67120893
0.69171952
0.70312891
0.70312891
0.70312891
0.70312891
0.70312891
0.70210091
0.6891927
0.6891927
0.6891927
0.6891927
0.6693469
0.65770643
0.65770643
0.65770643
0.68930147
0.68930147
0.68930147
0.66234258
0.61111755
0.61111755
0.61111755
0.61111755
0.61111755
0.61111755
0.61111755
0.65378852
0.66170633
0.68889172
0.68889172
0.69917151
0.69917151
0.69917151
0.69917151
0.69917151
0.69273698
0.69273698
0.69273698
0.72790732
0.72790732
0.72942924
0.72942924
0.72942924
0.72942924
0.72942924
0.72899154
0.72899154
0.72899154
0.72899154
0.72356731
0.72356731
0.72356731
0.72356731
0.74250546
0.74250546
0.74250546
0.74250546
0.74250546
0.74250546
0.7384831
0.7384831
0.71822257
0.70609333
0.70609333
0.70609333
0.70609333
0.70182743
0.69184948
0.69184948
0.69184948
0.69184948
0.69184948
0.69184948
0.6862767
0.6862767
0.6862767
0.6862767
0.6862767
0.6862767
0.6862767
0.6862767
0.6862767
0.6862767
0.6862767
0.6862767
0.68375422
0.66335184
0.66335184
0.66335184
0.67657046
0.67657046
0.67657046
0.67657046
0.67657046
0.67657046
0.67657046
0.67657046
0.67291678
0.67232073
0.67232073
0.67232073
0.64797718
0.64797718
0.64053004
0.64053004
0.64053004
0.66699503
0.66699503
0.70911874
0.71051873
0.71051873
0.71051873
0.71051873
0.71051873
0.71051873
0.69149534
0.69149534
0.69149534
0.69149534
0.69149534
0.69149534
0.69149534
0.69149534
0.69149534
0.67619736
0.67619736
0.67619736
0.65978782
0.65978782
0.6261188
0.6261188
0.6261188
0.63773222
0.64427992
0.64427992
0.64689244
0.64689244
0.6499962
0.6499962
0.6499962
0.66027642
0.66027642
0.66027642
0.66027642
0.66027642
0.66027642
0.66027642
0.686125
0.686125
0.686125
0.686125
0.67452966
0.65517309
0.65517309
0.65517309
0.59540181
0.58593958
0.58593958
0.58593958
0.58593958
0.62043317
0.62641194
0.62641194
0.62641194
0.59438098
0.57479972
0.57479972
0.57479972
0.58642479
0.5931474
0.5931474
0.5931474
0.58063364
0.58063364
0.51368992
0.51368992
0.51368992
0.64413578
0.64413578
0.64413578
0.63529238
0.63529238
0.63529238
0.64707421
0.64707421
0.64707421
0.53352047
0.53352047
0.53352047
0.56025904
0.56025904
0.56025904
0.56025904
0.56025904
0.551427
0.551427
0.551427
0.551427
0.551427
0.551427
0.551427
0.551427
0.551427
0.56538836
0.56538836
0.56538836
0.55157939
0.55157939
0.531254
0.531254
0.531254
0.531254
0.531254
0.531254
0.55070289
0.55070289
0.578648
0.578648
0.59629134
0.59629134
0.59629134
0.59629134
0.59629134
0.59023643
0.58118118
0.58118118
0.58118118
0.52993307
0.52993307
0.52993307
0.55638345
0.55638345
0.55638345
0.5212633
0.5212633
0.5212633
0.50615438
0.47398295
0.47398295
0.45716427
0.44134781
0.40321318
0.40321318
0.40321318
0.40321318
0.40321318
0.40321318
0.44401449
0.44401449
0.44401449
0.44401449
0.44401449
0.33930082
0.33784573
0.33400465
0.33400465
0.33400465
0.33400465
0.33400465
0.33400465
0.33400465
0.34407281
0.34407281
0.34407281
0.34407281
0.33346822
0.3074434
0.3074434
0.3074434
0.3074434
0.3074434
0.3074434
0.28895082
0.28895082
0.28895082
0.30531427
0.33117152
0.33117152
0.33117152
0.29330527
0.29330527
0.29330527
0.29330527
0.29330527
0.30715563
0.30715563
0.30715563
0.30715563
0.30715563
0.30595516
0.30595516
0.30425476
0.25973771
0.25973771
0.24738658
0.24738658
0.22708657
0.22708657
0.22708657
0.22708657
0.22708657
0.22708657
0.22708657
0.22708657
0.23772496
0.23772496
0.23772496
0.22879359
0.22879359
0.22879359
0.23744605
0.23744605
0.23744605
0.23744605
0.23744605
0.23744605
0.19558863
0.16162518
0.16162518
0.16162518
0.16162518
0.16162518
0.16162518
0.1638999
0.19064208
0.19860829
0.20607097
0.20716449
0.22627433
0.22627433
0.22627433
0.22627433
0.21522447
0.19997641
0.19997641
0.19997641
0.19997641
0.16536486
0.16536486
0.16536486
0.16536486
0.15255369
0.15255369
0.15255369
0.15255369
0.15255369
0.09936737
0.09936737
0.09936737
0.08877252
0.08877252
0.06772865
0.06772865
0.0426938
0.0426938
0.03643072
0.03643072
0.03643072
0.03643072
0.06501251
0.06501251
0.06695696
0.06695696
0.07772253
0.0858819
0.0858819
0.0858819
0.13100948
0.13100948
0.13100948
0.13100948
0.13944781
0.13944781
0.15468353
0.17729512
0.17729512
0.17729512
0.17729512
0.17729512
0.17729512
0.19743449
0.19743449
0.24841353
0.24841353
0.2770697
0.2770697
0.2770697
0.24565286
0.24565286
0.24565286
0.24565286
0.24565286
0.26136403
0.26136403
0.27625198
0.27625198
0.27625198
0.27625198
0.27625198
0.30025948
0.30025948
0.30025948
0.34334949
0.34971849
0.34971849
0.34971849
0.34950405
0.33802159
0.33802159
0.33802159
0.33802159
0.33802159
0.33802159
0.33802159
0.33802159
0.33802159
0.33802159
0.33832427
0.33832427
0.33832427
0.31882711
0.31882711
0.31882711
0.31105795
0.31105795
0.31105795
0.31105795
0.31105795
0.31105795
0.35937274
0.35937274
0.35937274
0.35937274
0.39455642
0.43558114
0.44384716
0.44384716
0.45310836
0.45329868
0.45329868
0.45329868
0.45329868
0.46477747
0.46477747
0.46477747
0.46477747
0.4846948
0.50604831
0.53663835
0.53663835
0.53663835
0.53663835
0.53663835
0.56840521
0.56840521
0.56840521
0.56840521
0.57644719
0.57644719
0.60215528
0.60215528
0.60215528
0.60215528
0.60215528
0.60215528
0.60809436
0.60809436
0.60809436
0.60225116
0.59838132
0.59259467
0.59259467
0.59259467
0.60880299
0.60880299
0.60880299
0.63254827
0.63254827
0.63254827
0.63068879
0.63068879
0.63068879
0.6740151
0.6740151
0.6740151
0.68294526
0.68294526
0.71520673
0.71520673
0.7260399
0.7260399
0.7260399
0.66357436
0.66357436
0.66357436
0.67288908
0.67288908
0.67729158
0.67729158
0.67729158
0.67729158
0.67729158
0.67729158
0.67729158
0.7020955
0.7020955
0.7020955
0.7020955
0.70629321
0.74390771
0.76076269
0.81271362
0.81271362
0.81271362
0.81271362
0.81271362
0.81271362
0.84231907
0.84706904
0.84706904
0.84706904
0.84706904
0.84706904
0.84706904
0.84706904
0.84706904
0.84706904
0.86804577
0.86804577
0.86804577
0.86804577
0.86804577
0.87351961
0.87714191
0.87714191
0.87714191
0.87367363
0.86686723
0.86686723
0.86686723
0.86686723
0.86686723
0.86686723
0.8937545
0.8937545
0.8937545
0.8930259
0.8930259
0.8930259
0.8930259
0.91406825
0.91406825
0.91406825
0.93820029
0.93820029
0.93820029
0.93820029
0.93820029
0.93820029
0.90310858
0.90310858
0.90310858
0.90310858
0.89727973
0.89727973
0.89727973
0.89727973
0.89727973
0.89727973
0.90714169
0.90714169
0.90714169
0.90110204
0.89837738
0.88376748
0.87740787
0.87740787
0.87740787
0.87740787
0.87740787
0.87740787
0.88127261
0.88127261
0.88127261
0.86374641
0.86374641
0.86374641
0.86374641
0.86374641
0.86374641
0.8770199
0.8770199
0.8770199
0.87650299
0.8704698
0.8704698
0.8704698
0.8704698
0.8704698
0.8704698
0.8704698
0.85783547
0.85783547
0.85783547
0.86817791
0.88712448
0.88712448
0.88712448
0.88544874
0.87274452
0.87274452
0.87042658
0.87042658
0.87042658
0.87042658
0.87042658
0.87042658
0.87042658
0.85406856
0.85406856
0.85406856
0.85406856
0.85196739
0.8207249
0.81763268
0.81763268
0.81763268
0.78149347
0.78149347
0.78149347
0.78390657
0.79643105
0.79643105
0.79643105
0.79643105
0.8177323
0.8177323
0.8177323
0.8177323
0.83455039
0.83455039
0.83838503
0.83838503
0.83838503
0.83147018
0.82291095
0.79296763
0.79296763
0.79296763
0.79296763
0.79296763
0.79296763
0.80148938
0.81925875
0.81925875
0.81925875
0.83053594
0.83053594
0.83053594
0.82594897
0.81754335
0.81754335
0.81754335
0.82044735
0.82044735
0.82044735
0.79527465
0.79527465
0.78979709
0.7730007
0.74594117
0.73520567
0.62192437
0.62192437
0.59647487
0.59647487
0.59647487
0.64023352
0.64823252
0.66840728
0.68153655
0.70514951
0.70514951
0.70514951
0.68536683
0.65697969
0.62566129
0.62566129
0.62566129
0.64751436
0.64751436
0.69308968
0.70194914
0.70194914
0.70194914
0.70194914
0.69831553
0.68053965
0.68053965
0.68053965
0.68053965
0.68053965
0.68755045
0.68755045
0.70677318
0.71518555
0.72781752
0.72781752
0.72781752
0.72781752
0.72781752
0.72781752
0.706094
0.70281235
0.70281235
0.70281235
0.7230774
0.73996482
0.7425941
0.75195695
0.75760678
0.75760678
0.75760678
0.75760678
0.75760678
0.72817554
0.72817554
0.72817554
0.74436657
0.76249483
0.78964419
0.78964419
0.78964419
0.80481678
0.81194578
0.82066031
0.82066031
0.82066031
0.82066031
0.82066031
0.8017174
0.8017174
0.8017174
0.8017174
0.8017174
0.76543524
0.75762801
0.75762801
0.75762801
0.77058406
0.81364786
0.81364786
0.81364786
0.79308693
0.77774432
0.77774432
0.72471693
0.72471693
0.71636697
0.71636697
0.71636697
0.72933075
0.72933075
0.72933075
0.72933075
0.72933075
0.72962531
0.72962531
0.73504468
0.73504468
0.75826516
0.76057831
0.77389178
0.78496828
0.78496828
0.78496828
0.76262669
0.76262669
0.76262669
0.78253498
0.78253498
0.78253498
0.77400347
0.77400347
0.77400347
0.77400347
0.78380963
0.78380963
0.78380963
0.77680389
0.73333412
0.73333412
0.73333412
0.73997184
0.74597346
0.74597346
0.77690137
0.79840448
0.8394484
0.8394484
0.8394484
0.8394484
0.8394484
0.8394484
0.8394484
0.80695592
0.78141255
0.78141255
0.76096857
0.76096857
0.74794898
0.73234111
0.72127731
0.7044677
0.7044677
0.7044677
0.7044677
0.7044677
0.7137814
0.71604139
0.72704161
0.76287508
0.78960549
0.78960549
0.78960549
0.78960549
0.78960549
0.77507916
0.77507916
0.77507916
0.74764785
0.74764785
0.74100539
0.74100539
0.74100539
0.74100539
0.74995343
0.75667069
0.75667069
0.75667069
0.75667069
0.77220845
0.77220845
0.77220845
0.77220845
0.77220845
0.75094573
0.70383797
0.70383797
0.70383797
0.70383797
0.64983874
0.64983874
0.64983874
0.66821766
0.66821766
0.66821766
0.66821766
0.67194205
0.68333297
0.68333297
0.68652194
0.68652194
0.68652194
0.69994404
0.69994404
0.72597755
0.7424535
0.7424535
0.7424535
0.7424535
0.7424535
0.75616882
0.75616882
0.75616882
0.75616882
0.75616882
0.75616882
0.75616882
0.74728864
0.71288077
0.71288077
0.71288077
0.71964486
0.71964486
0.71964486
0.71964486
0.71964486
0.72074798
0.72074798
0.72074798
0.68714571
0.68714571
0.68714571
0.68815714
0.69694717
0.69694717
0.69694717
0.70015954
0.72682743
0.72682743
0.72682743
0.72682743
0.72682743
0.72682743
0.72413328
0.72413328
0.72413328
0.72413328
0.72413328
0.72413328
0.72413328
0.72413328
0.72413328
0.72413328
0.72413328
0.71584477
0.71363526
0.68493483
0.68493483
0.68493483
0.68493483
0.68493483
0.68493483
0.68493483
0.69145699
0.69145699
0.70967091
0.71722676
0.72755398
0.72755398
0.76528555
0.76528555
0.76528555
0.76528555
0.75118668
0.75118668
0.75118668
0.75118668
0.75118668
0.75118668
0.79955466
0.79955466
0.79955466
0.79955466
0.79955466
0.79955466
0.79955466
0.793408
0.793408
0.793408
0.793408
0.793408
0.81433594
0.8190556
0.8190556
0.8190556
0.8379095
0.8379095
0.84345266
0.85159088
0.88065741
0.88511403
0.88511403
0.88511403
0.93764462
0.95338595
0.95338595
0.95338595
0.95042817
0.94934622
0.91182612
0.91182612
0.91182612
0.91182612
0.92479789
0.92777695
0.93660354
0.93660354
0.93660354
0.92938615
0.92938615
0.88831982
0.87007445
0.87007445
0.87007445
0.87379264
0.87379264
0.87379264
0.85588481
0.85431946
0.85431946
0.84753735
0.84753735
0.84753735
0.83192731
0.83192731
0.83192731
0.83192731
0.83192731
0.83192731
0.8240568
0.81162709
0.81162709
0.81162709
0.86624468
0.86624468
0.86624468
0.86624468
0.86624468
0.86624468
0.86624468
0.86624468
0.86624468
0.86725518
0.86794417
0.86794417
0.86794417
0.8084438
0.8084438
0.8084438
0.81585014
0.83794523
0.87717407
0.87717407
