0.77693384
0.7294863
0.77294545
0.77294545
0.79042423
0.79042423
0.79042423
0.83110453
0.83110453
0.83110453
0.81351125
0.81351125
0.81351125
0.81351125
0.81351125
0.81351125
0.81351125
0.82807389
0.82807389
0.82807389
0.82807389
0.82851378
0.82851378
0.82851378
0.82851378
0.82851378
0.81891164
0.81891164
0.81891164
0.81891164
0.73411162
0.73411162
0.73411162
0.73797972
0.73797972
0.73797972
0.73797972
0.73797972
0.74355761
0.77283695
0.81847537
0.8429831
0.86892469
0.86892469
0.88395451
0.88395451
0.88395451
0.88395451
0.88395451
0.87759158
0.87759158
0.87759158
0.88959939
0.9025943
0.9025943
0.9025943
0.89968664
0.89968664
0.89968664
0.89968664
0.89968664
0.8859146
0.8859146
0.8859146
0.86881681
0.86881681
0.86881681
0.86881681
0.86881681
0.85098388
0.82627071
0.82627071
0.82627071
0.82290565
0.82290565
0.82290565
0.82290565
0.82290565
0.86504524
0.86504524
0.86504524
0.86504524
0.86642433
0.86642433
0.86642433
0.86642433
0.86642433
0.86642433
0.85012141
0.83330621
0.829958
0.79423526
0.79423526
0.75826098
0.72983639
0.72983639
0.72983639
0.72983639
0.72983639
0.72983639
0.79014366
0.81469557
0.81469557
0.81469557
0.81524546
0.81524546
0.81524546
0.81524546
0.81524546
0.81524546
0.81524546
0.81524546
0.81524546
0.77300645
0.77300645
0.77300645
0.79587138
0.79587138
0.79587138
0.79587138
0.79043693
0.79043693
0.79043693
0.79043693
0.79043693
0.81763107
0.81763107
0.85597625
0.85597625
0.85597625
0.8548393
0.8548393
0.8548393
0.8548393
0.8548393
0.85715318
0.85715318
0.85715318
0.82969419
0.82969419
0.82969419
0.78500918
0.78500918
0.78500918
0.83509392
0.83509392
0.86086763
0.86086763
0.86086763
0.86086763
0.86086763
0.86086763
0.8661669
0.8661669
0.8661669
0.8661669
0.8661669
0.8661669
0.8661669
0.8661669
0.8661669
0.87800161
0.87800161
0.87800161
0.87800161
0.87800161
0.88920665
0.88920665
0.88920665
0.87481462
0.87481462
0.87481462
0.87481462
0.87481462
0.86400235
0.86400235
0.86400235
0.85846938
0.82524113
0.81148231
0.79426384
0.79426384
0.79110515
0.75992236
0.75992236
0.74749261
0.73070683
0.72875194
0.72446705
0.72446705
0.71492956
0.71492956
0.71492956
0.72528369
0.72528369
0.72528369
0.73631175
0.73846608
0.73846608
0.78825613
0.78825613
0.78825613
0.78825613
0.78825613
0.78825613
0.78825613
0.78825613
0.78825613
0.78825613
0.78825613
0.78825613
0.76303852
0.75526592
0.75526592
0.75526592
0.75526592
0.75526592
0.75526592
0.75526592
0.75526592
0.75526592
0.75526592
0.75526592
0.74339466
0.74339466
0.74339466
0.75121751
0.77314777
0.77314777
0.78069803
0.78069803
0.78069803
0.78069803
0.78069803
0.78069803
0.78520096
0.78520096
0.79728116
0.79728116
0.79728116
0.77267871
0.77267871
0.77267871
0.81966307
0.81966307
0.81966307
0.82272812
0.83545534
0.83545534
0.83545534
0.80108346
0.80108346
0.80108346
0.84790547
0.85070763
0.85070763
0.85070763
0.83036792
0.83036792
0.83036792
0.86651463
0.86651463
0.86651463
0.80413947
0.80413947
0.80413947
0.80413947
0.80413947
0.76613991
0.76613991
0.76613991
0.76613991
0.76613991
0.76613991
0.73086652
0.73086652
0.73086652
0.73086652
0.73086652
0.73086652
0.73086652
0.73086652
0.73086652
0.73086652
0.73086652
0.73086652
0.73086652
0.73086652
0.73086652
0.73086652
0.73086652
0.74809328
0.74809328
0.74809328
0.74809328
0.74809328
0.77250456
0.77250456
0.77250456
0.77250456
0.77027127
0.77027127
0.77027127
0.77027127
0.77027127
0.77027127
0.77027127
0.77027127
0.77027127
0.77027127
0.76817089
0.76817089
0.76817089
0.76817089
0.77121795
0.79138241
0.79138241
0.79138241
0.79138241
0.79420646
0.79420646
0.809287
0.809287
0.809287
0.809287
0.809287
0.809287
0.809287
0.89420763
0.89420763
0.89420763
0.89420763
0.8682874
0.81047984
0.81047984
0.81047984
0.81047984
0.81047984
0.81047984
0.81047984
0.81047984
0.81047984
0.81047984
0.81047984
0.81047984
0.81047984
0.81047984
0.77514654
0.77514654
0.77514654
0.73864998
0.73864998
0.73864998
0.73864998
0.73864998
0.74349305
0.80600761
0.8089737
0.8089737
0.8089737
0.8089737
0.8089737
0.8089737
0.8089737
0.8089737
0.87682923
0.87682923
0.87682923
0.87682923
0.87682923
0.87682923
0.87682923
0.87361852
0.87361852
0.78756663
0.78756663
0.78756663
0.88460371
0.93277422
0.93277422
0.93277422
0.82557548
0.67814456
0.59006328
0.59006328
0.54698555
0.54698555
0.54698555
0.54698555
0.55067602
0.56127951
0.61630471
0.62583251
0.63410476
0.63410476
0.63410476
0.63410476
0.63410476
0.63410476
0.63410476
0.63410476
0.63410476
0.63410476
0.63410476
0.63410476
0.68623779
0.68623779
0.68623779
0.68623779
0.68623779
0.68623779
0.68623779
0.68623779
0.68623779
0.75783382
0.7704429
0.7704429
0.7704429
0.7704429
0.7704429
0.73761829
0.73761829
0.73761829
0.76408023
0.78711377
0.8029833
0.8029833
0.8029833
0.78005505
0.78005505
0.78005505
0.78005505
0.69424716
0.69424716
0.66554968
0.6318953
0.6318953
0.6318953
0.56714842
0.56714842
0.56714842
0.61507315
0.61507315
0.61507315
0.61507315
0.59164867
0.58936294
0.55961498
0.5566825
0.53581594
0.53581594
0.53581594
0.53581594
0.53581594
0.53581594
0.53581594
0.55197185
0.59275069
0.59275069
0.60873507
0.6379914
0.6379914
0.6379914
0.6379914
0.6379914
0.6379914
0.54763104
0.51452026
0.51452026
0.51452026
0.51452026
0.51452026
0.51452026
0.56298478
0.62420205
0.70990285
0.7385473
0.7385473
0.7385473
0.71288762
0.71288762
0.71288762
0.71288762
0.71288762
0.71288762
0.71288762
0.71288762
0.71288762
0.71288762
0.71288762
0.71288762
0.67394351
0.64738057
0.64738057
0.64738057
0.64738057
0.64738057
0.67359509
0.72636907
0.7612138
0.7612138
0.7612138
0.71120685
0.71120685
0.71120685
0.71457699
0.71457699
0.71457699
0.71457699
0.68643905
0.63586822
0.48816806
0.48816806
0.48816806
0.59947289
0.67267671
0.71290118
0.71290118
0.71290118
0.68855001
0.65962212
0.65962212
0.65962212
0.64593666
0.64593666
0.6420249
0.6420249
0.6420249
0.6420249
0.6420249
0.57951675
0.51635966
0.51635966
0.51635966
0.57304071
0.57304071
0.58167924
0.58167924
0.58167924
0.66417257
0.74550539
0.74550539
0.75759518
0.75759518
0.75759518
0.75406629
0.75406629
0.75406629
0.75406629
0.69184706
0.65039522
0.65039522
0.55950877
0.55950877
0.55950877
0.5305493
0.5305493
0.5305493
0.4711914
0.46520453
0.46520453
0.46520453
0.46520453
0.38010398
0.34187059
0.34187059
0.34187059
0.34187059
0.34187059
0.34187059
0.34187059
0.34187059
0.34187059
0.4343248
0.4343248
0.4343248
0.45341667
0.55152756
0.59010062
0.59010062
0.59010062
0.59010062
0.59010062
0.59010062
0.51739773
0.51739773
0.51739773
0.51739773
0.51739773
0.51739773
0.51739773
0.51739773
0.51739773
0.52309219
0.52765953
0.52765953
0.52765953
0.50065477
0.50065477
0.50065477
0.47740258
0.44074309
0.44074309
0.44074309
0.42888997
0.42888997
0.42888997
0.42888997
0.42888997
0.42888997
0.49930315
0.49930315
0.49930315
0.49930315
0.49930315
0.49262607
0.43583052
0.43583052
0.43583052
0.5229264
0.54307974
0.58899107
0.58899107
0.58899107
0.58899107
0.58899107
0.58899107
0.58899107
0.57591989
0.50755395
0.50755395
0.50755395
0.5480419
0.5480419
0.5480419
0.5480419
0.41777544
0.41777544
0.4062631
0.40056772
0.40056772
0.40056772
0.46050719
0.46050719
0.50142929
0.50142929
0.50142929
0.50142929
0.50142929
0.50142929
0.50568358
0.50568358
0.50568358
0.50568358
0.59277624
0.59277624
0.59277624
0.59277624
0.59277624
0.60383444
0.63138469
0.70151793
0.70151793
0.80166953
0.80166953
0.80166953
0.78754229
0.78754229
0.78754229
0.78754229
0.78754229
0.78754229
0.78754229
0.78754229
0.78754229
0.76610426
0.76610426
0.76610426
0.63364915
0.61942786
0.61942786
0.59366724
0.55777215
0.55777215
0.55777215
0.55777215
0.56974067
0.65452537
0.66913596
0.66913596
0.66913596
0.66913596
0.66913596
0.67177945
0.69519804
0.69519804
0.69519804
0.69519804
0.69519804
0.69519804
0.68674309
0.68674309
0.68674309
0.68674309
0.68674309
0.68674309
0.676943
0.676943
0.48217688
0.48217688
0.48217688
0.48217688
0.48217688
0.48217688
0.40086118
0.40086118
0.40086118
0.40086118
0.40086118
0.48089845
0.56238331
0.58976727
0.58976727
0.58976727
0.56961493
0.56961493
0.566794
0.54528049
0.54528049
0.54528049
0.55111002
0.55111002
0.55111002
0.55111002
0.56556679
0.56556679
0.57871775
0.60084167
0.65202399
0.65202399
0.65202399
0.65202399
0.64967248
0.64657635
0.64657635
0.64300827
0.64300827
0.64300827
0.64300827
0.58679355
0.58679355
0.53322799
0.53322799
0.5209057
0.5209057
0.45694295
0.45694295
0.45694295
0.4352218
0.4352218
0.4352218
0.4352218
0.4352218
0.4352218
0.48303301
0.48303301
0.48303301
0.52365962
0.52365962
0.52365962
0.59913785
0.60126564
0.6451828
0.6451828
0.6451828
0.6451828
0.6451828
0.6451828
0.6451828
0.6451828
0.6451828
0.59229774
0.58313526
0.58313526
0.58313526
0.58777563
0.58777563
0.58777563
0.57774878
0.56734975
0.56734975
0.56734975
0.56734975
0.56734975
0.52829289
0.52440626
0.48202088
0.45259728
0.45259728
0.40483303
0.40074055
0.40074055
0.40074055
0.40453387
0.40453387
0.40453387
0.40453387
0.50241593
0.56431401
0.56431401
0.68611235
0.68611235
0.68611235
0.65843539
0.62885057
0.62885057
0.62560096
0.62560096
0.62560096
0.62560096
0.62560096
0.62560096
0.62560096
0.62560096
0.62560096
0.62560096
0.57738974
0.57738974
0.57738974
0.57738974
0.57738974
0.62937206
0.62937206
0.62937206
0.61893884
0.61893884
0.61893884
0.61893884
0.59436934
0.59436934
0.59436934
0.63218478
0.63218478
0.63218478
0.63218478
0.65831482
0.65831482
0.65831482
0.65831482
0.65831482
0.65831482
0.64217302
0.64217302
0.64129997
0.60094894
0.59820268
0.59820268
0.52340291
0.52340291
0.52340291
0.54444358
0.54444358
0.54444358
0.54444358
0.54444358
0.54444358
0.54444358
0.54444358
0.58474443
0.62899793
0.62899793
0.62899793
0.65511483
0.65511483
0.65511483
0.60023955
0.55838053
0.55838053
0.55838053
0.55838053
0.63012838
0.63012838
0.63012838
0.63012838
0.63012838
0.63012838
0.63012838
0.63012838
0.63012838
0.63012838
0.63012838
0.63012838
0.67573226
0.75983197
0.81561409
0.81561409
0.81561409
0.73391442
0.73391442
0.73391442
0.73391442
0.72873014
0.72873014
0.72873014
0.72873014
0.67225236
0.61026227
0.59275873
0.58610463
0.58610463
0.58610463
0.63369559
0.63369559
0.63369559
0.50842473
0.50842473
0.50842473
0.50842473
0.50842473
0.50842473
0.50842473
0.50842473
0.63846305
0.63846305
0.63846305
0.593286
0.593286
0.593286
0.593286
0.56139073
0.56139073
0.56139073
0.60754536
0.60754536
0.60754536
0.60754536
0.60754536
0.60754536
0.60754536
0.60754536
0.56851667
0.56851667
0.56851667
0.56851667
0.49874154
0.49874154
0.49874154
0.43906298
0.30982478
0.30982478
0.30982478
0.46658173
0.58303115
0.59154579
0.59154579
0.59154579
0.59154579
0.59154579
0.60003425
0.64314569
0.66492638
0.66492638
0.66492638
0.66492638
0.66492638
0.61187544
0.57065189
0.57065189
0.57065189
0.57065189
0.5260006
0.49541749
0.49541749
0.460691
0.460691
0.460691
0.460691
0.460691
0.460691
0.48252902
0.48311325
0.48311325
0.48311325
0.54574633
0.54574633
0.59657765
0.59657765
0.59657765
0.51551377
0.51551377
0.51551377
0.4942207
0.4942207
0.4942207
0.4942207
0.4942207
0.61018385
0.61018385
0.74678989
0.74678989
0.74678989
0.74678989
0.74678989
0.68005523
0.68005523
0.68005523
0.68005523
0.59197106
0.59197106
0.59197106
0.67470822
0.67470822
0.67470822
0.67470822
0.67470822
0.67470822
0.67470822
0.70834966
0.73795707
0.73795707
0.73795707
0.69326443
0.69326443
0.69326443
0.69326443
0.52692906
0.517004
0.517004
0.517004
0.52919041
0.59716344
0.59716344
0.59716344
0.53112452
0.53112452
0.53112452
0.53112452
0.53112452
0.48872844
0.48872844
0.46869854
0.46869854
0.46869854
0.48818393
0.48818393
0.48818393
0.48818393
0.48818393
0.48364565
0.48364565
0.48364565
0.48364565
0.48364565
0.48364565
0.53939742
0.54311646
0.58008382
0.58008382
0.58008382
0.58008382
0.58008382
0.58471969
0.58471969
0.58471969
0.60434954
0.60434954
0.67813857
0.67813857
0.67813857
0.6067968
0.6067968
0.6067968
0.6067968
0.6067968
0.6067968
0.6067968
0.6067968
0.6067968
0.62796057
0.62796057
0.62796057
0.60958981
0.59157066
0.59157066
0.59157066
0.59157066
0.59157066
0.59157066
0.59157066
0.56737623
0.56737623
0.56410968
0.56410968
0.56410968
0.56410968
0.56629593
0.56629593
0.56629593
0.56629593
0.56629593
0.681794
0.70012149
0.70012149
0.70012149
0.78010458
0.78010458
0.78010458
0.78010458
0.81272382
0.81272382
0.81272382
0.76993534
0.68871609
0.65182731
0.60344833
0.58161404
0.58161404
0.53312234
0.53312234
0.53312234
0.53312234
0.53312234
0.53312234
0.53312234
0.53312234
0.53312234
0.53312234
0.53312234
0.53312234
0.53312234
0.53312234
0.55057497
0.55057497
0.55057497
0.54952238
0.54952238
0.54952238
0.54952238
0.54952238
0.54952238
0.65164369
0.65164369
0.65164369
0.65164369
0.65164369
0.65164369
0.65164369
0.65164369
0.55259963
0.55259963
0.46195835
0.45927498
0.45927498
0.44175242
0.39014126
0.39014126
0.39014126
0.4355677
0.53493426
0.54283388
0.54283388
0.54283388
0.54283388
0.54283388
0.54283388
0.5474001
0.55781392
0.681145
0.681145
0.681145
0.63083072
0.63083072
0.63083072
0.63083072
0.63083072
0.63083072
0.63083072
0.63083072
0.72480354
0.72480354
0.72480354
0.68431111
0.68431111
0.679439
0.679439
0.679439
0.45724254
0.45724254
0.45724254
0.45724254
0.45724254
0.45724254
0.45724254
0.45724254
0.41443524
0.41443524
0.41443524
0.54265701
0.57760731
0.57760731
0.57760731
0.51362908
0.51362908
0.51362908
0.51362908
0.58319584
0.58319584
0.58319584
0.58319584
0.58319584
0.55185715
0.55185715
0.55185715
0.55185715
0.55185715
0.59710222
0.59710222
0.59710222
0.56878149
0.47966931
0.47428594
0.47428594
0.47428594
0.47428594
0.43758143
0.41657183
0.41657183
0.40031946
0.40031946
0.40031946
0.40031946
0.40031946
0.40031946
0.41450362
0.43346676
0.43346676
0.43346676
0.43346676
0.43346676
0.43346676
0.43346676
0.43346676
0.43346676
0.44083654
0.44083654
0.44083654
0.44083654
0.44083654
0.44083654
0.42816577
0.42816577
0.42816577
0.42816577
0.42816577
0.55942269
0.59238215
0.65315388
0.65315388
0.65315388
0.63097946
0.5583973
0.51669186
0.47935216
0.47935216
0.47935216
0.33206948
0.33206948
0.33206948
0.33206948
0.33206948
0.29601984
0.23371411
0.17257055
0.17257055
0.17257055
0.3377623
0.3377623
0.3377623
0.3377623
0.3377623
0.3800697
0.4349013
0.4349013
0.46961859
0.46961859
0.46961859
0.45916686
0.45916686
0.45916686
0.45916686
0.45916686
0.45916686
0.45916686
0.45916686
0.55427339
0.55427339
0.55427339
0.63414288
0.67366626
0.67366626
0.67366626
0.67366626
0.67366626
0.61087604
0.55113911
0.55113911
0.55113911
0.55113911
0.38632537
0.38632537
0.38632537
0.44765359
0.51833239
0.56365788
0.62781465
0.62781465
0.62781465
0.62781465
0.62781465
0.60027851
0.60027851
0.60027851
0.60027851
0.43150919
0.39382807
0.39382807
0.39382807
0.39382807
0.39382807
0.39382807
0.4111497
0.45010791
0.45010791
0.45010791
0.61905148
0.65556079
0.65556079
0.65556079
0.65556079
0.65556079
0.64134328
0.58684948
0.55693994
0.44339865
0.44339865
0.44339865
0.44339865
0.44339865
0.44339865
0.44339865
0.44339865
0.44339865
0.42837378
0.42837378
0.42837378
0.49610522
0.49610522
0.49610522
0.49304563
0.44803673
0.44803673
0.44803673
0.45252517
0.45525993
0.48140892
0.48140892
0.48140892
0.43913642
0.43913642
0.4257849
0.4257849
0.30794479
0.29913666
0.29913666
0.29913666
0.29913666
0.31943656
0.31943656
0.46705013
0.49745016
0.49745016
0.49745016
0.49745016
0.49745016
0.49745016
0.49745016
0.49745016
0.49745016
0.49745016
0.37531697
0.37531697
0.37531697
0.4022908
0.4022908
0.53624207
0.5657423
0.5657423
0.59212624
0.59212624
0.59212624
0.59212624
0.59212624
0.60653118
0.60653118
0.60653118
0.55400543
0.45123006
0.44654285
0.44654285
0.44654285
0.4501398
0.54669222
0.54669222
0.54669222
0.54669222
0.5371365
0.5371365
0.52703437
0.52703437
0.52703437
0.52703437
0.52703437
0.53609781
0.61554541
0.61554541
0.61554541
0.64082062
0.64082062
0.64082062
0.64082062
0.64082062
0.64082062
0.65098373
0.65098373
0.68153407
0.68153407
0.68153407
0.68153407
0.68153407
0.68153407
0.68153407
0.67791317
0.63357449
0.63357449
0.63357449
0.61312412
0.61312412
0.61312412
0.61312412
0.49105532
0.49105532
0.49105532
0.55676425
0.55676425
0.55676425
0.55602964
0.55602964
0.53848067
0.49872476
0.4813496
0.4813496
0.4813496
0.4813496
0.4813496
0.4813496
0.4813496
0.4813496
0.4813496
0.55231349
0.5669757
0.5669757
0.5669757
0.5669757
0.5669757
0.5669757
0.52617308
0.49831212
0.45474922
0.45474922
0.37957522
0.37957522
0.27263292
0.27263292
0.27263292
0.27263292
0.27263292
0.23327007
0.23327007
0.23327007
0.23358705
0.38656081
0.46811173
0.46811173
0.46811173
0.28972974
0.28972974
0.28972974
0.28972974
0.28972974
0.28972974
0.28972974
0.24020811
0.24020811
0.24020811
0.38669507
0.38669507
0.38669507
0.38669507
0.37892575
0.37892575
0.37892575
0.37892575
0.37892575
0.37892575
0.37892575
0.37776383
0.37776383
0.37776383
0.37776383
0.37776383
0.3710164
0.28975214
0.21393084
0.21393084
0.21393084
0.24085902
0.24085902
0.24085902
0.24085902
0.33363621
0.41222221
0.41222221
0.41222221
0.41222221
0.40544156
0.3614321
0.3614321
0.3614321
0.3614321
0.3614321
0.3614321
0.3614321
0.29243321
0.2639493
0.2639493
0.2639493
0.31819248
0.31819248
0.31819248
0.31819248
0.31819248
0.31819248
0.10240008
0.10240008
0.10240008
0.21471719
0.21471719
0.21471719
0.21471719
0.21471719
0.24536417
0.24536417
0.24536417
0.24536417
0.24536417
0.24536417
0.24536417
0.23917765
0.23917765
0.23917765
0.35400562
0.35400562
0.35400562
0.35400562
0.35400562
0.35400562
0.3480988
0.3480988
0.3480988
0.38038729
0.38038729
0.38038729
0.38038729
0.38038729
0.44694852
0.44694852
0.44694852
0.44694852
0.44694852
0.44694852
0.44694852
0.44694852
0.434837
0.434837
0.434837
0.434837
0.434837
0.33423973
0.33423973
0.33423973
0.33423973
0.33423973
0.33423973
0.33423973
0.30667877
0.30667877
0.30667877
0.30667877
0.30667877
0.30667877
0.39696719
0.39696719
0.39696719
0.39696719
0.39696719
0.39696719
0.39696719
0.39696719
0.40372435
0.40372435
0.40372435
0.40372435
0.43217989
0.43217989
0.43217989
0.43217989
0.43217989
0.49142966
0.49142966
0.49142966
0.49142966
0.49142966
0.49074818
0.44167008
0.44167008
0.44167008
0.44167008
0.3793024
0.33352894
0.33352894
0.32864826
0.30387627
0.06601993
0.06601993
0.06601993
0.06601993
0.06601993
0.06601993
0.07763696
0.10307406
0.10307406
0.17486326
0.18055099
0.18055099
0.34104733
0.34104733
0.34104733
0.34104733
0.34104733
0.34104733
0.34104733
0.34104733
0.45617891
0.45617891
0.45617891
0.45617891
0.45617891
0.42754957
0.42754957
0.42754957
0.37212584
0.37212584
0.35805841
0.29609966
0.29609966
0.25511248
0.25511248
0.25511248
0.25511248
0.25511248
0.25511248
0.25511248
0.25511248
0.25511248
0.25511248
0.25511248
0.1631952
0.1631952
0.1631952
0.17886242
0.28272276
0.28272276
0.32631576
0.32631576
0.41374431
0.41374431
0.41374431
0.41374431
0.41374431
0.41374431
0.41374431
0.36033279
0.36033279
0.36033279
0.4572662
0.4572662
0.4572662
0.44115014
0.44115014
0.44115014
0.33911128
0.33911128
0.33911128
0.33911128
0.33911128
0.33023322
0.16202395
0.16202395
0.16202395
0.16584104
0.21141224
0.21141224
0.2943527
0.2943527
0.32036968
0.32036968
0.32036968
0.32036968
0.33968343
0.33968343
0.33968343
0.33968343
0.33968343
0.33968343
0.33968343
0.33968343
0.33968343
0.2345544
0.2345544
0.2345544
0.2345544
0.2345544
0.2345544
0.2345544
0.27088661
0.27088661
0.27088661
0.25594268
0.25594268
0.25594268
0.25594268
0.25594268
0.25594268
0.28783122
0.28783122
0.28783122
0.28783122
0.28783122
0.31928719
0.36294935
0.36294935
0.36294935
0.36294935
0.36294935
0.36027331
0.36027331
0.36027331
0.36027331
0.36027331
0.36027331
0.36027331
0.36027331
0.36027331
0.36027331
0.4388238
0.4388238
0.4388238
0.4388238
0.4388238
0.3984079
0.3984079
0.3984079
0.3984079
0.3984079
0.3984079
0.3984079
0.3984079
0.3984079
0.3984079
0.3984079
0.3984079
0.3984079
0.3984079
0.3984079
0.40852199
0.40963505
0.40963505
0.40963505
0.33053795
0.33053795
0.33053795
0.33053795
0.45253919
0.53444756
0.53444756
0.53444756
0.63443967
0.63443967
0.63443967
0.627861
0.54867311
0.54867311
0.54867311
0.54867311
0.54867311
0.54867311
0.54867311
0.54867311
0.52264528
0.52264528
0.52264528
0.57532778
0.57532778
0.57532778
0.57532778
0.57532778
0.57532778
0.57532778
0.57532778
0.57532778
0.57532778
0.57532778
0.48962025
0.48962025
0.48962025
0.48962025
0.43906927
0.43906927
0.40586353
0.39997941
0.39997941
0.39997941
0.39997941
0.39997941
0.39997941
0.3746497
0.3746497
0.3746497
0.36121117
0.36121117
0.36121117
0.39331967
0.39331967
0.39331967
0.3478111
0.3478111
0.3478111
0.3478111
0.38352174
0.38352174
0.38352174
0.38352174
0.38352174
0.38352174
0.45840546
0.46437087
0.46437087
0.46437087
0.39321042
0.39321042
0.39321042
0.39321042
0.2635323
0.2635323
0.2635323
0.2635323
0.2635323
0.24741609
0.24741609
0.24741609
0.31487076
0.38751052
0.45522903
0.45522903
0.45522903
0.39149744
0.39149744
0.39149744
0.39149744
0.39149744
0.39149744
0.39149744
0.39149744
0.39149744
0.39149744
0.39149744
0.39149744
0.39149744
0.36008898
0.34589607
0.28500447
0.28500447
0.28500447
0.31714295
0.31714295
0.4194127
0.4194127
0.4465664
0.50545343
0.50545343
0.50545343
0.50545343
0.50545343
0.3585232
0.3585232
0.3585232
0.3585232
0.38525281
0.39165033
0.4872768
0.52942671
0.52942671
0.52942671
0.52942671
0.52942671
0.53789169
0.53789169
0.53789169
0.5101534
0.42195886
0.42195886
0.42195886
0.3949684
0.3949684
0.3949684
0.3949684
0.3949684
0.3949684
0.3949684
0.43266925
0.43266925
0.43266925
0.39904872
0.39904872
0.39904872
0.42465097
0.44861118
0.44861118
0.49455777
0.49455777
0.49455777
0.49455777
0.40392263
0.40392263
0.40392263
0.40392263
0.40392263
0.40392263
0.39818709
0.35168272
0.35168272
0.35168272
0.38803853
0.38803853
0.3890573
0.3890573
0.3890573
0.3890573
0.3890573
0.3890573
0.47117145
0.56097776
0.64144608
0.64144608
0.64144608
0.64144608
0.64144608
0.64144608
0.59882725
0.5540978
0.52633739
0.52633739
0.52633739
0.52633739
0.52903706
0.52903706
0.56590021
0.56590021
0.56590021
0.56590021
0.56590021
0.58848899
0.58848899
0.58848899
0.58848899
0.61772879
0.61772879
0.64095462
0.64095462
0.64095462
0.58714221
0.58714221
0.58714221
0.58714221
0.58714221
0.58714221
0.58714221
0.61835545
0.63215218
0.6999315
0.73307348
0.73307348
0.73307348
0.72983547
0.71565385
0.71565385
0.57478905
0.57221933
0.57221933
0.57221933
0.62382623
0.62382623
0.7219225
0.7219225
0.7219225
0.71667426
0.71667426
0.71667426
0.71667426
0.71667426
0.71667426
0.69209061
0.69209061
0.69209061
0.72103991
0.72103991
0.72103991
0.67209025
0.67209025
0.67209025
0.7041258
0.7041258
0.7041258
0.69697885
0.69697885
0.67111889
0.67111889
0.59809613
0.59809613
0.59809613
0.59809613
0.59809613
0.59809613
0.59114594
0.59114594
0.59114594
0.66151964
0.66151964
0.66151964
0.66151964
0.66151964
0.66151964
0.56720341
0.56720341
0.56720341
0.61619434
0.61619434
0.61619434
0.51352864
0.51352864
0.51352864
0.51352864
0.51352864
0.51352864
0.51352864
0.51352864
0.51352864
0.51352864
0.51352864
0.51352864
0.51352864
0.51352864
0.58673543
0.58673543
0.58673543
0.58673543
0.58673543
0.49304696
0.49002013
0.49002013
0.49002013
0.49002013
0.49002013
0.525064
0.525064
0.525064
0.525064
0.525064
0.60588135
0.66926307
0.66926307
0.66926307
0.64537754
0.62063795
0.62063795
0.62063795
0.5718611
0.5718611
0.5718611
0.5718611
0.5718611
0.56245771
0.56049923
0.49611106
0.49611106
0.49611106
0.49188658
0.48071517
0.48071517
0.48071517
0.48071517
0.48071517
0.49841541
0.52861533
0.52861533
0.52861533
0.52861533
0.52861533
0.49870957
0.47267358
0.47267358
0.43743207
0.38578055
0.38578055
0.38578055
0.39861493
0.39861493
0.39861493
0.39861493
0.39861493
0.3567776
0.3567776
0.3567776
0.39713851
0.39713851
0.46458632
0.4869933
0.4869933
0.4869933
0.40076049
0.37200502
0.37200502
0.37200502
0.43254416
0.43254416
0.43254416
0.43254416
0.43254416
0.43254416
0.43254416
0.4008224
0.31857659
0.31857659
0.31857659
0.35263584
0.35263584
0.35263584
0.35821949
0.35821949
0.35821949
0.35821949
0.37751176
0.37751176
0.4391537
0.47351122
0.47351122
0.47351122
0.46010118
0.46010118
0.45094892
0.45094892
0.45094892
0.45094892
0.45094892
0.45094892
0.45094892
0.45094892
0.45094892
0.45094892
0.45094892
0.45094892
0.45094892
0.45094892
0.50769377
0.50769377
0.50769377
0.47150721
0.3672391
0.3672391
0.3672391
0.55130886
0.58843065
0.6084507
0.6084507
0.6084507
0.53219979
0.53219979
0.53219979
0.54236467
0.54236467
0.54236467
0.44367762
0.44367762
0.44367762
0.4458166
0.4458166
0.4458166
0.4458166
0.4458166
0.4458166
0.55485833
0.55485833
0.55485833
0.52349269
0.52349269
0.52349269
0.47913364
0.47913364
0.47913364
0.52540015
0.52540015
0.52540015
0.56152985
0.56152985
0.56152985
0.56152985
0.56152985
0.56152985
0.58221648
0.59649002
0.59649002
0.59649002
0.56041017
0.56041017
0.56041017
0.56041017
0.56041017
0.57258006
0.57258006
0.57258006
0.64666711
0.64666711
0.64666711
0.64666711
0.64666711
0.64666711
0.61401094
0.59771769
0.59771769
0.59771769
0.59771769
0.59771769
0.61795346
0.61795346
0.61795346
0.61795346
0.61795346
0.65088993
0.65088993
0.65088993
0.61041275
0.61041275
0.61041275
0.61041275
0.60358441
0.5802088
0.5802088
0.57398568
0.57398568
0.57398568
0.57398568
0.56736418
0.56736418
0.55411782
0.55411782
0.55411782
0.52216719
0.52216719
0.52216719
0.57825923
0.66229394
0.66229394
0.66229394
0.60968299
0.60968299
0.60968299
0.56074858
0.56074858
0.56074858
0.60908096
0.60908096
0.60908096
0.5751184
0.5751184
0.5751184
0.5751184
0.5751184
0.5751184
0.54493949
0.44598477
0.44598477
0.44598477
0.44598477
0.42582656
0.42582656
0.42582656
0.45028804
0.47525618
0.47525618
0.47525618
0.39926953
0.39926953
0.39926953
0.50642345
0.50642345
0.50642345
0.50642345
0.55315009
0.55315009
0.55315009
0.47323451
0.47323451
0.47323451
0.47323451
0.47323451
0.457579
0.37001772
0.37001772
0.37001772
0.37001772
0.37001772
0.37001772
0.37001772
0.37001772
0.37001772
0.37073598
0.37073598
0.37073598
0.37073598
0.41457979
0.56918058
0.60548963
0.60548963
0.60548963
0.60548963
0.60548963
0.56168371
0.56168371
0.56168371
0.54796682
0.54796682
0.54796682
0.55086536
0.55086536
0.55086536
0.55086536
0.55086536
0.63689555
0.63689555
0.63689555
0.63689555
0.63689555
0.63689555
0.63689555
0.59204403
0.53145288
0.53145288
0.53145288
0.55192445
0.57307161
0.57307161
0.57307161
0.55876127
0.55876127
0.55876127
0.55876127
0.55876127
0.55876127
0.55876127
0.55876127
0.55876127
0.55876127
0.55876127
0.56271615
0.56271615
0.56271615
0.57656108
0.57656108
0.57656108
0.57656108
0.57656108
0.57656108
0.63877201
0.67925907
0.67925907
0.67925907
0.60205152
0.60205152
0.53322278
0.53322278
0.53322278
0.53322278
0.55821959
0.57573772
0.57573772
0.57573772
0.57573772
0.57573772
0.57573772
0.57573772
0.53053874
0.53053874
0.53053874
0.57258689
0.57258689
0.57258689
0.54626801
0.54626801
0.54626801
0.55566
0.62254318
0.62254318
0.62254318
0.58579843
0.58579843
0.58579843
0.58579843
0.58579843
0.58579843
0.58579843
0.58579843
0.58579843
0.58579843
0.54450939
0.53243836
0.53243836
0.53243836
0.53243836
0.59576062
0.59576062
0.61496767
0.61496767
0.61496767
0.61496767
0.61496767
0.63335151
0.63335151
0.63335151
0.63335151
0.63406277
0.63406277
0.63406277
0.62924406
0.62924406
0.51412846
0.47619225
0.47619225
0.47619225
0.47432945
0.47432945
0.35276819
0.35276819
0.35276819
0.38352194
0.49889228
0.49889228
0.49889228
0.52491057
0.52491057
0.52491057
0.52491057
0.52491057
0.52491057
0.52491057
0.57322865
0.57322865
0.57322865
0.56756864
0.56756864
0.56756864
0.56756864
0.55330135
0.55330135
0.55330135
0.55338661
0.55338661
0.55338661
0.52953526
0.52953526
0.41529939
0.3752156
0.3752156
0.34768001
0.27998066
0.27998066
0.27998066
0.47145508
0.47145508
0.47145508
0.47145508
0.47145508
0.47145508
0.4857277
0.4857277
0.4857277
0.4857277
0.60697296
0.61908848
0.61908848
0.61908848
0.61908848
0.62102966
0.62102966
0.62102966
0.56993816
0.56993816
0.55128541
0.55128541
0.55128541
0.50374817
0.50374817
0.41324471
0.40421308
0.40421308
0.40421308
0.40421308
0.40378421
0.40378421
0.38307521
0.38307521
0.38307521
0.38343314
0.38343314
0.38343314
0.4817882
0.4817882
0.4817882
0.40902637
0.40902637
0.40902637
0.40902637
0.40902637
0.40902637
0.40902637
0.40902637
0.42351986
0.42351986
0.42351986
0.42351986
0.42351986
0.42351986
0.37994387
0.37994387
0.37994387
0.37994387
0.42743889
0.42743889
0.42743889
0.44681853
0.44681853
0.44681853
0.44681853
0.44681853
0.44681853
0.44681853
0.46659707
0.57146191
0.63355901
0.63355901
0.63355901
0.56023227
0.56023227
0.56023227
0.47305187
0.40535602
0.33085049
0.32877236
0.32877236
0.32877236
0.45473147
0.48577715
0.48577715
0.48577715
0.58345698
0.58345698
0.58345698
0.58345698
0.58345698
0.65976741
0.65976741
0.65976741
0.64207126
0.62490617
0.61866305
0.61866305
0.58717303
0.57071278
0.45420895
0.45420895
0.43547395
0.36918169
0.36918169
0.36918169
0.36918169
0.36918169
0.36918169
0.36918169
0.36918169
0.36918169
0.36918169
0.36918169
0.36918169
0.36918169
0.36918169
0.45850406
0.45850406
0.45850406
0.45850406
0.45850406
0.45850406
0.59202955
0.59202955
0.59202955
0.59202955
0.59202955
0.59202955
0.5054378
0.5054378
0.5054378
0.5054378
0.5054378
0.51322879
0.51322879
0.51322879
0.44308189
0.44308189
0.44308189
0.46985761
0.46985761
0.52801044
0.62148442
0.62148442
0.62148442
0.58996154
0.58996154
0.58996154
0.58996154
0.58996154
0.58996154
0.58996154
0.58996154
0.59449758
0.59449758
0.59449758
0.58584786
0.58584786
0.57826698
0.46575589
0.46575589
0.46575589
0.46575589
0.46575589
0.46575589
0.58580797
0.70764092
0.70764092
0.70764092
0.70764092
0.75257804
0.80392358
0.80392358
0.80392358
0.80392358
0.80392358
0.80392358
0.70044963
0.70044963
0.70044963
0.70616632
0.70616632
0.70616632
0.69799388
0.69799388
0.6825344
0.66394885
0.64209144
0.64209144
0.64209144
0.6487796
0.6487796
0.6487796
0.6487796
0.6487796
0.66589407
0.66589407
0.66589407
0.66793185
0.66831117
0.66831117
0.66831117
0.66831117
0.68025024
0.68025024
0.68025024
0.53910244
0.51014463
0.4791393
0.4791393
0.4791393
0.4791393
0.49800371
0.49800371
0.49800371
0.49800371
0.60684253
0.60684253
0.65271214
0.65271214
0.65271214
0.65271214
0.65271214
0.65933824
0.65933824
0.65933824
0.65933824
0.65933824
0.65933824
0.52725758
0.49575496
0.47187653
0.47187653
0.47187653
0.47187653
0.47187653
0.47187653
0.5229309
0.5229309
0.5229309
0.47276829
0.44719148
0.44719148
0.44719148
0.44719148
0.44719148
0.44719148
0.47336327
0.47336327
0.47336327
0.47336327
0.47336327
0.51315882
0.51315882
0.51509029
0.51509029
0.51509029
0.43100008
0.43100008
0.4028943
0.4028943
0.35168937
0.35168937
0.31467573
0.31467573
0.29456903
0.29456903
0.29456903
0.30324768
0.36681352
0.45054697
0.45054697
0.45054697
0.45054697
0.45054697
0.45054697
0.45054697
0.4143373
0.4143373
0.4143373
0.44247843
0.46342157
0.57247584
0.57804807
0.57804807
0.57804807
0.57804807
0.57804807
0.4646595
0.4646595
0.4646595
0.4646595
0.4646595
0.4570948
0.37786263
0.33476912
0.33476912
0.33476912
0.33476912
0.33476912
0.39396341
0.39396341
0.39483001
0.43361888
0.43361888
0.43361888
0.47730755
0.47730755
0.47730755
0.47730755
0.47730755
0.47730755
0.47730755
0.47730755
0.56549691
0.56549691
0.56549691
0.56549691
0.56549691
0.56549691
0.56549691
0.506509
0.506509
0.506509
0.506509
0.506509
0.51833239
0.52735345
0.52735345
0.52735345
0.59791424
0.59791424
0.59791424
0.59791424
0.59791424
0.59791424
0.58603956
0.58603956
0.58603956
0.63262261
0.63262261
0.63262261
0.64750004
0.65643659
0.65643659
0.65643659
0.65643659
0.65643659
0.64033226
0.64033226
0.57705024
0.57233588
0.57233588
0.50402061
0.50402061
0.50402061
0.50402061
0.50402061
0.50402061
0.50402061
0.50402061
0.50402061
0.44091759
0.44091759
0.44091759
0.44091759
0.44091759
0.44091759
0.44091759
0.44091759
0.44091759
0.43865954
0.43865954
0.43865954
0.43865954
0.43865954
0.43865954
0.43865954
0.43865954
0.43865954
0.43865954
0.4722796
0.4722796
0.4722796
0.37865289
0.37865289
0.37865289
0.37865289
0.37865289
0.37865289
0.37865289
0.37865289
0.48271708
0.48271708
0.48271708
0.48271708
0.48271708
0.44316128
0.44316128
0.44316128
0.44316128
0.44316128
0.44316128
0.44316128
0.59679596
0.62611619
0.62611619
0.62611619
0.61020502
0.61020502
0.59744309
0.59744309
0.59744309
0.5548576
0.5548576
0.48836759
0.45656947
0.45656947
0.45656947
0.45656947
0.45656947
0.45656947
0.45656947
0.50720318
0.50720318
0.50720318
0.50720318
0.50154453
0.50154453
0.50154453
0.46549133
0.38885219
0.38826336
0.38826336
0.38826336
0.39365832
0.48937069
0.48937069
0.48937069
0.48937069
0.48937069
0.5762699
0.5762699
0.5762699
0.5762699
0.5762699
0.5762699
0.5762699
0.5762699
0.5762699
0.54373367
0.54373367
0.54373367
0.54373367
0.54373367
0.54373367
0.61657665
0.61657665
0.61657665
0.61657665
0.61393099
0.61393099
0.54186133
0.54186133
0.54186133
0.54186133
0.54186133
0.54186133
0.58072836
0.62877172
0.69877698
0.69877698
0.69877698
0.69877698
0.64928877
0.61707404
0.61707404
0.61707404
0.61707404
0.61707404
0.59428626
0.59428626
0.59428626
0.59428626
0.52843488
0.50413735
0.50413735
0.50413735
0.48818671
0.45741939
0.45741939
0.45741939
0.45741939
0.46335992
0.46335992
0.46335992
0.46335992
0.46335992
0.44259144
0.41390718
0.41390718
0.39671572
0.39671572
0.39671572
0.41990904
0.41990904
0.41990904
0.39919194
0.39919194
0.36487632
0.36487632
0.36487632
0.36487632
0.36487632
0.35051458
0.32845924
0.32464723
0.32464723
0.32464723
0.33033631
0.33033631
0.33033631
0.40189152
0.40617527
0.40617527
0.40617527
0.40617527
0.40617527
0.40617527
0.40617527
0.40617527
0.40617527
0.40617527
0.40617527
0.40816904
0.40816904
0.40816904
0.40816904
0.45583025
0.45583025
0.45583025
0.48197393
0.48197393
0.48197393
0.4466657
0.4466657
0.4466657
0.4466657
0.39781486
0.39781486
0.39781486
0.47014019
0.47014019
0.47014019
0.47014019
0.47014019
0.47014019
0.45429986
0.45429986
0.39450655
0.39450655
0.39450655
0.39450655
0.40635695
0.40635695
0.40635695
0.40635695
0.40635695
0.40635695
0.40379941
0.38767861
0.34105005
0.34105005
0.34105005
0.45208381
0.45208381
0.45208381
0.45208381
0.47935531
0.48007334
0.48007794
0.49536915
0.62354163
0.62354163
0.62354163
0.5416519
0.5416519
0.5416519
0.55798034
0.59969315
0.59969315
0.59969315
0.59969315
0.59969315
0.57734288
0.57734288
0.57734288
0.57734288
0.57470742
0.57470742
0.54966505
0.54966505
0.51587043
0.49807472
0.49807472
0.49807472
0.49807472
0.51663762
0.53563669
0.53563669
0.53563669
0.56987767
0.56987767
0.56987767
0.55613654
0.55613654
0.55613654
0.55613654
0.53847501
0.53847501
0.53847501
0.53847501
0.53847501
0.49013189
0.49013189
0.4604639
0.4604639
0.4604639
0.4604639
0.4604639
0.42874413
0.42874413
0.3180957
0.3180957
0.3180957
0.3180957
0.3180957
0.18861088
0.18861088
0.17558353
0.17558353
0.17558353
0.17558353
0.17728798
0.17728798
0.23069037
0.23069037
0.29747812
0.31311995
0.31311995
0.31311995
0.31311995
0.31311995
0.35638567
0.35638567
0.35638567
0.35638567
0.35638567
0.35638567
0.24968671
0.24968671
0.24968671
0.24968671
0.27265886
0.27265886
0.27265886
0.27265886
0.27265886
0.27265886
0.27265886
0.27265886
0.27265886
0.27265886
0.27265886
0.27265886
0.27265886
0.3071418
0.3071418
0.3071418
0.33920887
0.33920887
0.33920887
0.33920887
0.33920887
0.33920887
0.23560205
0.23560205
0.23560205
0.23560205
0.25071811
0.25071811
0.25071811
0.25071811
0.31262835
0.31262835
0.31262835
0.31262835
0.38404468
0.40984405
0.43816976
0.44592351
0.44592351
0.44592351
0.44592351
0.44592351
0.44592351
0.44592351
0.47474533
0.47474533
0.47474533
0.47474533
0.47474533
0.47474533
0.36081692
0.36081692
0.36081692
0.40099776
0.40099776
0.40099776
0.40099776
0.45028785
0.45028785
0.45028785
0.42792378
0.40554866
0.40554866
0.40554866
0.40554866
0.40554866
0.40554866
0.47283233
0.47283233
0.47283233
0.47283233
0.52238881
0.52238881
0.52238881
0.52238881
0.57937288
0.57937288
0.57937288
0.57937288
0.56682044
0.56682044
0.44357534
0.42659083
0.42659083
0.42659083
0.42659083
0.39257742
0.39257742
0.39257742
0.4339921
0.4339921
0.4339921
0.33263185
0.33263185
0.33263185
0.41939333
0.47735651
0.47803473
0.47803473
0.47803473
0.38106746
0.38106746
0.2601829
0.21319095
0.19252271
0.19252271
0.19252271
0.19252271
0.19252271
0.29510422
0.36457345
0.44959139
0.44959139
0.44959139
0.37823912
0.37823912
0.37823912
0.42174718
0.50747107
0.50747107
0.50747107
0.42066508
0.42066508
0.42066508
0.42066508
0.45609798
0.4674752
0.4674752
0.56384405
0.56384405
0.61138039
0.61138039
0.61138039
0.60046817
0.56748755
0.52977689
0.39660136
0.36280965
0.36280965
0.36280965
0.36280965
0.41650303
0.41946265
0.41946265
0.41946265
0.32643409
0.32643409
0.32643409
0.25782652
0.25782652
0.25782652
0.44594919
0.45348365
0.45555437
0.4990483
0.4990483
0.4990483
0.45626484
0.40430098
0.40430098
0.40430098
0.40430098
0.40430098
0.40430098
0.42725611
0.42725611
0.42725611
0.43961022
0.43961022
0.43961022
0.43961022
0.43961022
0.43961022
0.43961022
0.48452456
0.57320923
0.57320923
0.57320923
0.57320923
0.57320923
0.57320923
0.57320923
0.52297744
0.52297744
0.52297744
0.52297744
0.60689117
0.60689117
0.60689117
0.5559588
0.54526511
0.54526511
0.54526511
0.54526511
0.54526511
0.54526511
0.54526511
0.58689061
0.58689061
0.58689061
0.58689061
0.58689061
0.56832605
0.56832605
0.56832605
0.47692691
0.47692691
0.47692691
0.496864
0.51513606
0.51513606
0.51513606
0.51251674
0.51251674
0.51251674
0.51251674
0.51251674
0.51251674
0.58750899
0.58750899
0.58750899
0.58750899
0.58750899
0.58750899
0.58750899
0.52625356
0.52625356
0.52625356
0.5099141
0.37188566
0.37188566
0.37188566
0.40057106
0.42934724
0.42934724
0.42934724
0.42934724
0.42934724
0.42225
0.42225
0.42225
0.42225
0.42225
0.42225
0.45822797
0.46949229
0.53143954
0.53143954
0.53143954
0.53143264
0.53143264
0.53143264
0.56694752
0.56694752
0.56694752
0.56694752
0.56694752
0.56694752
0.56694752
0.58669667
0.63405792
0.64411417
0.67326045
0.70881032
0.80759509
0.80759509
0.80759509
0.80288765
0.80288765
0.68793349
0.68582468
0.66098267
0.61622754
0.61622754
0.60382207
0.60382207
0.60382207
0.69418803
0.69418803
0.69418803
0.69418803
0.69418803
0.69697255
0.69697255
0.71441889
0.7522346
0.7522346
0.7522346
0.7522346
0.7522346
0.7522346
0.71840716
0.71840716
0.71840716
0.71840716
0.71840716
0.71840716
0.71840716
0.71840716
0.71840716
0.71840716
0.71570876
0.71570876
0.71570876
0.6592781
0.6592781
0.6592781
0.67487963
0.67487963
0.67487963
0.67487963
0.61747582
0.59806446
0.59806446
0.59806446
0.59806446
0.59806446
0.61654416
0.61654416
0.61654416
0.61654416
0.61654416
0.53037578
0.53037578
0.53037578
0.53037578
0.53037578
0.53037578
0.53037578
0.51139532
0.51139532
0.51139532
0.48071699
0.48071699
0.48071699
0.48071699
0.48071699
0.48071699
0.48568771
0.51772571
0.51772571
0.51772571
0.51772571
0.57312012
0.57312012
0.57312012
0.57312012
0.57312012
0.5578458
0.5578458
0.5578458
0.58012405
0.58012405
0.58012405
0.69093337
0.69093337
0.69093337
0.69093337
0.6796718
0.6796718
0.6796718
0.6796718
0.66842975
0.66842975
0.63795578
0.63795578
0.55267624
0.55023237
0.55023237
0.55023237
0.57017388
0.57017388
0.57017388
0.57017388
0.57017388
0.57017388
0.53744707
0.53744707
0.53744707
0.5545715
0.5545715
0.5545715
0.5545715
0.5545715
0.5545715
0.53960788
0.40650183
0.3847362
0.3847362
0.37641742
0.37641742
0.37641742
0.45320167
0.45320167
0.45320167
0.405018
0.405018
0.405018
0.405018
0.405018
0.405018
0.405018
0.47034451
0.47034451
0.47034451
0.47034451
0.47034451
0.47034451
0.47034451
0.47034451
0.47230272
0.64135394
0.68256609
0.68256609
0.68256609
0.69532528
0.69532528
0.69532528
0.69258828
0.69258828
0.69258828
0.69258828
0.6183039
0.60474543
0.60474543
0.60474543
0.60474543
0.56760975
0.56760975
0.56760975
0.56760975
0.61309123
0.61309123
0.61309123
0.61309123
0.61309123
0.61309123
0.61309123
0.61309123
0.46472851
0.46318411
0.42103757
0.42103757
0.42103757
0.42103757
0.42103757
0.3446305
0.31770467
0.31306613
0.31306613
0.31306613
0.33381979
0.35383156
0.38618332
0.49448053
0.52735396
0.52735396
0.52735396
0.52735396
0.52735396
0.52735396
0.52735396
0.53042526
0.53042526
0.54314353
0.54314353
0.54314353
0.54192601
0.54192601
0.54192601
0.54192601
0.54192601
0.54192601
0.52627235
0.416338
0.3647214
0.3043821
0.3043821
0.25857192
0.25857192
0.23970708
0.23970708
0.23970708
0.218976
0.218976
0.218976
0.218976
0.218976
0.24751202
0.24751202
0.24751202
0.20731581
0.20731581
0.20731581
0.20731581
0.20731581
0.20731581
0.20731581
0.20731581
0.20731581
0.25545307
0.25545307
0.29396839
0.29396839
0.29396839
0.29396839
0.29396839
0.29396839
0.29396839
0.31193013
0.38370871
0.38370871
0.38370871
0.38370871
0.38370871
0.38370871
0.38370871
0.38370871
0.42592758
0.42592758
0.52627167
0.52627167
0.52627167
0.52627167
0.56687702
0.59086964
0.622221
0.622221
0.622221
0.54346619
0.51220058
0.51220058
0.51220058
0.51220058
0.51220058
0.53345133
0.53345133
0.53345133
0.50882332
0.50882332
0.45533836
0.45255475
0.43399483
0.39262681
0.39262681
0.39262681
0.39262681
0.39428616
0.39428616
0.42157614
0.42157614
0.42157614
0.44173525
0.51163574
0.58244266
0.58244266
0.58244266
0.50217434
0.50217434
0.50217434
0.52231119
0.52231119
0.52231119
0.51596876
0.51596876
0.51596876
0.51908924
0.51908924
0.51950473
0.51950473
0.527419
0.527419
0.527419
0.527419
0.527419
0.527419
0.527419
0.50853321
0.50853321
0.50853321
0.50853321
0.50853321
0.50853321
0.50853321
0.50853321
0.50853321
0.50853321
0.52811736
0.52811736
0.52811736
0.43797654
0.43797654
0.43797654
0.43797654
0.43797654
0.43797654
0.35339013
0.35339013
0.35339013
0.35339013
0.35339013
0.35339013
0.35339013
0.35339013
0.35339013
0.35339013
0.35339013
0.35339013
0.35339013
0.37587194
0.42643923
0.42643923
0.48164538
0.48164538
0.48164538
0.48164538
0.49143527
0.49143527
0.49143527
0.49143527
0.49143527
0.49143527
0.49143527
0.49143527
0.40598195
0.40598195
0.40598195
0.40598195
0.40598195
0.40598195
0.42673621
0.47990801
0.47990801
0.47990801
0.47990801
0.47990801
0.48739659
0.53676921
0.53676921
0.53676921
0.58420839
0.58420839
0.58420839
0.58420839
0.56931515
0.56931515
0.56931515
0.56931515
0.56931515
0.56333303
0.52442539
0.52442539
0.52440023
0.50910008
0.50910008
0.40695163
0.40695163
0.40695163
0.40695163
0.40695163
0.40695163
0.40695163
0.40695163
0.40525994
0.40525994
0.40525994
0.44886797
0.44886797
0.44886797
0.44886797
0.36463164
0.28679814
0.28679814
0.28679814
0.28679814
0.28679814
0.28679814
0.28679814
0.30905895
0.48466825
0.53198963
0.53366568
0.53366568
0.53366568
0.53366568
0.53366568
0.48603528
0.48603528
0.48603528
0.65427905
0.65427905
0.65427905
0.65043824
0.64153372
0.64153372
0.62131797
0.62131797
0.52878137
0.52878137
0.52878137
0.52878137
0.51635377
0.51635377
0.51635377
0.51635377
0.50168615
0.50168615
0.50168615
0.46031481
0.46031481
0.46031481
0.46031481
0.46031481
0.46031481
0.46031481
0.46031481
0.46031481
0.46031481
0.46031481
0.46031481
0.47378128
0.47378128
0.47378128
0.47378128
0.44884802
0.38572915
0.38572915
0.38572915
0.41605765
0.4309193
0.4309193
0.4309193
0.4309193
0.40814665
0.40814665
0.40814665
0.40814665
0.38130976
0.38130976
0.38130976
0.38130976
0.39342897
0.4104369
0.4104369
0.4104369
0.28880225
0.28880225
0.18124407
0.18124407
0.18124407
0.18124407
0.16235559
0.16235559
0.16235559
0.19082329
0.29563002
0.35252704
0.44412692
0.44412692
0.44412692
0.37010777
0.37010777
0.37010777
0.45774239
0.45774239
0.45774239
0.45774239
0.45774239
0.45774239
0.5337757
0.5806404
0.5806404
0.5806404
0.54852051
0.54852051
0.53798457
0.53798457
0.51974469
0.51541335
0.51541335
0.51541335
0.51859235
0.51859235
0.51859235
0.51859235
0.51859235
0.51859235
0.51859235
0.55490934
0.55490934
0.55490934
0.55490934
0.55490934
0.55284405
0.55284405
0.55284405
0.55284405
0.51459208
0.51459208
0.51459208
0.51459208
0.55673374
0.55673374
0.55673374
0.55673374
0.60243387
0.60588232
0.60588232
0.60588232
0.57621287
0.56107286
0.52663925
0.49564366
0.47995858
0.46547552
0.46547552
0.46547552
0.46547552
0.46547552
0.46547552
0.46547552
0.43518648
0.43518648
0.43518648
0.43574562
0.46118081
0.54601388
0.54601388
0.54601388
0.54401841
0.54401841
0.54401841
0.54401841
0.54401841
0.54401841
0.54367207
0.54367207
0.54367207
0.54367207
0.51776762
0.51776762
0.51776762
0.51776762
0.52200164
0.52200164
0.54154117
0.55804002
0.55804002
0.55804002
0.50803685
0.50331644
0.50331644
0.50331644
0.50331644
0.50331644
0.50331644
0.50331644
0.50331644
0.45616291
0.45616291
0.45616291
0.39780116
0.39780116
0.39780116
0.39780116
0.39780116
0.42595638
0.42595638
0.42595638
0.47228133
0.47228133
0.47228133
0.47228133
0.47228133
0.49046771
0.49046771
0.49046771
0.49046771
0.49046771
0.49046771
0.49046771
0.49046771
0.54166817
0.54686108
0.6253963
0.6253963
0.62766593
0.62766593
0.62766593
0.62766593
0.62766593
0.62766593
0.61329154
0.61329154
0.61329154
0.61329154
0.61329154
0.61329154
0.61329154
0.57515723
0.57515723
0.57515723
0.5372683
0.53445
0.53445
0.53445
0.53445
0.53445
0.52621275
0.52621275
0.52621275
0.52621275
0.52621275
0.54435838
0.54435838
0.54435838
0.54435838
0.54435838
0.54435838
0.55441067
0.55441067
0.55441067
0.51324991
0.50033685
0.4255264
0.4255264
0.4255264
0.44744508
0.47520299
0.47520299
0.47520299
0.47520299
0.50884999
0.58579219
0.58579219
0.58579219
0.58579219
0.58579219
0.58579219
0.58579219
0.3855505
0.3855505
0.3855505
0.69228294
0.69228294
0.69228294
0.51629703
0.40238412
0.40238412
0.40238412
0.40238412
0.40238412
0.3941982
0.37750703
0.37750703
0.37750703
0.42293704
0.42293704
0.42293704
0.42293704
0.42293704
0.42293704
0.42293704
0.42293704
0.42293704
0.42293704
0.49035987
0.49035987
0.49035987
0.41849661
0.41849661
0.41849661
0.41849661
0.41849661
0.38845775
0.38845775
0.38845775
0.37455298
0.37455298
0.37455298
0.36765127
0.36765127
0.36765127
0.30839523
0.20431104
0.20431104
0.20431104
0.32119961
0.32119961
0.32119961
0.32119961
0.33736457
0.33736457
0.33736457
0.33736457
0.45270625
0.45270625
0.45270625
0.40797524
0.33472884
0.33472884
0.33472884
0.33472884
0.33472884
0.33472884
0.3691672
0.3691672
0.3691672
0.414928
0.54644544
0.54644544
0.54644544
0.54644544
0.41178686
0.41178686
0.41178686
0.41178686
0.39101147
0.39101147
0.37569346
0.37569346
0.37569346
0.2230416
0.2230416
0.2230416
0.2230416
0.2230416
0.22450906
0.31574915
0.31574915
0.31574915
0.30105302
0.30105302
0.30105302
0.37418142
0.39889451
0.39889451
0.51147221
0.51147221
0.51147221
0.41880789
0.37800556
0.37800556
0.37800556
0.46728828
0.46728828
0.46728828
0.35825625
0.35825625
0.30428474
0.30428474
0.30428474
0.30428474
0.30428474
0.30428474
0.30428474
0.30428474
0.30428474
0.30428474
0.37173259
0.44852235
0.61483999
0.68617362
0.71291484
0.71291484
0.71291484
0.69565918
0.69565918
0.69363238
0.69363238
0.59109891
0.53098091
0.47841533
0.47841533
0.47841533
0.47841533
0.47627454
0.46398831
0.46398831
0.40243104
0.40243104
0.40243104
0.40243104
0.40243104
0.45984646
0.48210444
0.51654107
0.51654107
0.51654107
0.65235613
0.65235613
0.65235613
0.63572833
0.6255972
0.61927379
0.6169164
0.6169164
0.6169164
0.6169164
0.6169164
0.6169164
0.57351673
0.57351673
0.57351673
0.67456664
0.67456664
0.67456664
0.67456664
0.65445126
0.65445126
0.59999173
0.59999173
0.59999173
0.59999173
0.66322807
0.66322807
0.66322807
0.66322807
0.66322807
0.66322807
0.6263847
0.59271142
0.59271142
0.59271142
0.59271142
0.59271142
0.59271142
0.60388923
0.60388923
0.60388923
0.60388923
0.60388923
0.66642421
0.72211272
0.72211272
0.72211272
0.64670751
0.62439523
0.62439523
0.56910837
0.56910837
0.56910837
0.46408868
0.46408868
0.42694604
0.42694604
0.42694604
0.42694604
0.51845703
0.62281609
0.74203867
0.74203867
0.74203867
0.70960069
0.69578961
0.69578961
0.69578961
0.69578961
0.57626722
0.53827601
0.53827601
0.53827601
0.53827601
0.53827601
0.52716609
0.49434496
0.49434496
0.49434496
0.39553769
0.37144636
0.37144636
0.37144636
0.39374421
0.39374421
0.39679848
0.39679848
0.4343617
0.4343617
0.4343617
0.4343617
0.4343617
0.4343617
0.44291587
0.45507669
0.49783367
0.49783367
0.49783367
0.47787138
0.47787138
0.47787138
0.47787138
0.47787138
0.47787138
0.47787138
0.50711354
0.51650206
0.65078954
0.66631336
0.66631336
0.66631336
0.63942311
0.63942311
0.63942311
0.63942311
0.58376299
0.58376299
0.58376299
0.61184611
0.61184611
0.61184611
0.61184611
0.59939618
0.55367445
0.51233743
0.51233743
0.51233743
0.53587158
0.54558466
0.54558466
0.54558466
0.54558466
0.54558466
0.56823029
0.56823029
0.56823029
0.56823029
0.56823029
0.53037126
0.50848335
0.49106042
0.40765737
0.35843584
0.24050871
0.24050871
0.24050871
0.27623089
0.39220916
0.39220916
0.43465339
0.43465339
0.43465339
0.46852197
0.46852197
0.48510861
0.48510861
0.48510861
0.48510861
0.47219496
0.47146549
0.46737517
0.46737517
0.46737517
0.46737517
0.46737517
0.47499313
0.47499313
0.53172714
0.53172714
0.53172714
0.4824407
0.4824407
0.41142536
0.41142536
0.41142536
0.55010254
0.55010254
0.55010254
0.55010254
0.55010254
0.55010254
0.55010254
0.55010254
0.55010254
0.55010254
0.59383453
0.59383453
0.59383453
0.55093896
0.54862441
0.54862441
0.54862441
0.54294545
0.51826933
0.512562
0.512562
0.512562
0.512562
0.512562
0.512562
0.512562
0.512562
0.512562
0.512562
0.52981065
0.52981065
0.52981065
0.52981065
0.52981065
0.52981065
0.52981065
0.52981065
0.52981065
0.62570425
0.63140861
0.63140861
0.63140861
0.53786942
0.45734349
0.45734349
0.45734349
0.47290351
0.59523949
0.62484776
0.65782328
0.65782328
0.65782328
0.65782328
0.59428357
0.59428357
0.59428357
0.59428357
0.59428357
0.59428357
0.58975868
0.55259143
0.55259143
0.55259143
0.55259143
0.55259143
0.55259143
0.53585886
0.41262249
0.39008618
0.37202483
0.37202483
0.37202483
0.53982401
0.53982401
0.53982401
0.53982401
0.53982401
0.53982401
0.50182281
0.50182281
0.50182281
0.50182281
0.50182281
0.4160422
0.4160422
0.4160422
0.52846144
0.55025587
0.55025587
0.58359544
0.58359544
0.60013834
0.60013834
0.60013834
0.54772695
0.50735991
0.50735991
0.50735991
0.50735991
0.50708745
0.50708745
0.50708745
0.50708745
0.55367105
0.55367105
0.55367105
0.55367105
0.55367105
0.51015463
0.51015463
0.51015463
0.51015463
0.51015463
0.51015463
0.51015463
0.51015463
0.53859828
0.53859828
0.53859828
0.36896103
0.26414267
0.25413558
0.23834918
0.23834918
0.23834918
0.31342397
0.31342397
0.37014285
0.37928072
0.41638905
0.41638905
0.41638905
0.41227632
0.41227632
0.3671163
0.23460101
0.23460101
0.23460101
0.29999485
0.29999485
0.29999485
0.29999485
0.41361439
0.52393092
0.52393092
0.52393092
0.52393092
0.54370499
0.54370499
0.54370499
0.54370499
0.54370499
0.54370499
0.55496789
0.65366123
0.66674019
0.66674019
0.66674019
0.5672977
0.54923205
0.54923205
0.54923205
0.54923205
0.595049
0.61591452
0.61591452
0.61591452
0.59323729
0.59323729
0.59323729
0.6038839
0.6038839
0.6038839
0.60133532
0.60133532
0.60133532
0.54572161
0.54572161
0.47179515
0.47179515
0.47179515
0.40192499
0.36435369
0.36435369
0.36435369
0.37898231
0.41241381
0.46943857
0.53394816
0.53394816
0.53394816
0.41625358
0.41625358
0.41625358
0.41625358
0.40719642
0.40719642
0.40719642
0.33069128
0.33069128
0.33069128
0.33069128
0.4220797
0.4220797
0.4220797
0.40739011
0.40739011
0.40739011
0.40739011
0.40739011
0.40739011
0.40739011
0.40739011
0.40739011
0.40739011
0.44187066
0.48732171
0.53771424
0.54458456
0.54458456
0.54458456
0.54458456
0.57377965
0.57377965
0.57377965
0.57377965
0.57377965
0.57377965
0.57377965
0.52873809
0.52873809
0.49359625
0.49359625
0.49359625
0.51972884
0.51972884
0.51972884
0.51058011
0.48019273
0.48019273
0.48019273
0.48019273
0.59648553
0.59648553
0.59648553
0.59648553
0.61036329
0.69396124
0.72985943
0.72985943
0.72985943
0.6577462
0.6577462
0.6577462
0.70798382
0.70798382
0.74358656
0.76295822
0.76295822
0.76295822
0.76235247
0.60945626
0.6047219
0.56590386
0.56590386
0.56590386
0.64895612
0.65911763
0.73475076
0.73475076
0.73475076
0.73061067
0.59166269
0.59166269
0.59166269
0.51731965
0.51731965
0.51731965
0.51093691
0.47761065
0.47761065
0.44533995
0.44533995
0.44533995
0.44533995
0.44533995
0.44533995
0.51364005
0.51364005
0.51364005
0.56846142
0.63335332
0.63335332
0.63335332
0.63335332
0.57069849
0.56893142
0.56893142
0.56893142
0.55746654
0.55746654
0.55432921
0.52690092
0.42385618
0.38482862
0.38482862
0.38482862
0.48335689
0.48335689
0.48335689
0.48335689
0.47008705
0.3687767
0.36802856
0.36802856
0.36802856
0.36802856
0.36802856
0.36802856
0.3489378
0.26919693
0.26919693
0.26919693
0.35907103
0.35907103
0.35907103
0.39962458
0.39962458
0.39962458
0.39962458
0.39962458
0.39962458
0.44770061
0.47289246
0.47289246
0.47289246
0.42495649
0.42495649
0.39021048
0.39021048
0.39021048
0.44083223
0.44204345
0.44204345
0.44204345
0.44760016
0.44760016
0.47650052
0.47650052
0.4971043
0.4971043
0.52910117
0.52910117
0.52910117
0.52910117
0.54865798
0.61835203
0.61835203
0.87012475
0.87012475
0.87012475
0.83395077
0.83395077
0.63822647
0.52174964
0.3530958
0.34090461
0.34090461
0.34090461
0.53299128
0.53299128
0.53299128
0.52923785
0.47873458
0.47873458
0.47873458
0.47873458
0.47873458
0.47873458
0.47873458
0.47873458
0.51621669
0.51621669
0.51621669
0.47409602
0.47409602
0.47409602
0.4897789
0.51618539
0.5294122
0.60413187
0.60413187
0.60413187
0.49396999
0.49396999
0.49396999
0.52616553
0.52616553
0.52616553
0.43947615
0.43947615
0.43947615
0.43947615
0.43947615
0.43947615
0.43947615
0.50581762
0.50581762
0.555006
0.60601934
0.60601934
0.60601934
0.59975245
0.48968448
0.48968448
0.48968448
0.48968448
0.47308604
0.47308604
0.47308604
0.56282474
0.56282474
0.56282474
0.48527716
0.48527716
0.47047419
0.47047419
0.47047419
0.56348654
0.64499403
0.64499403
0.64499403
0.56134582
0.56134582
0.53088955
0.53088955
0.53088955
0.44494722
0.44494722
0.44494722
0.44494722
0.44494722
0.41203454
0.41203454
0.41203454
0.46266803
0.46419355
0.46419355
0.46419355
0.46419355
0.46419355
0.53293543
0.53293543
0.53293543
0.42443913
0.42443913
0.42443913
0.42699629
0.54693172
0.54693172
0.54693172
0.64293255
0.64435324
0.66842852
0.66842852
0.6805303
0.6805303
0.6805303
0.56935748
0.54285638
0.44401773
0.34512731
0.33157789
0.27109502
0.24617547
0.20037048
0.20037048
0.20037048
0.25762414
0.25762414
0.25762414
0.33578419
0.33578419
0.36552553
0.36552553
0.36552553
0.36552553
0.36552553
0.36552553
0.3694265
0.3694265
0.3694265
0.36186192
0.36186192
0.36186192
0.36528728
0.36528728
0.45866157
0.45866157
0.45866157
0.45866157
0.45866157
0.45866157
0.45866157
0.45866157
0.45866157
0.45866157
0.45866157
0.45866157
0.45866157
0.45415032
0.45415032
0.45415032
0.45415032
0.45415032
0.45415032
0.49317267
0.49317267
0.50194362
0.52983312
0.56762298
0.56762298
0.56762298
0.56762298
0.5728348
0.62067783
0.66640838
0.68605728
0.68605728
0.68605728
0.73149839
0.79190018
0.81012779
0.81012779
0.82171995
0.82171995
0.82171995
0.81915138
0.78315186
0.78315186
0.7665892
0.7549009
0.73614603
0.73614603
0.68329392
0.68329392
0.68329392
0.65805359
0.64411985
0.62861045
0.59870003
0.59870003
0.59870003
0.6468574
0.69488414
0.69488414
0.69488414
0.63445135
0.63445135
0.63445135
0.55307834
0.54101309
0.54101309
0.54101309
0.60765533
0.60765533
0.60765533
0.60765533
0.60765533
0.63300536
0.63300536
0.63300536
0.6058789
0.59205146
0.57739975
0.57739975
0.57739975
0.57739975
0.57739975
0.57739975
0.57739975
0.57739975
0.57739975
0.57739975
0.57739975
0.57739975
0.57739975
0.57739975
0.59372299
0.59372299
0.59372299
0.59372299
0.59372299
0.59372299
0.60697532
0.60697532
0.60697532
0.56827023
0.56827023
0.53890785
0.53890785
0.53890785
0.53890785
0.53890785
0.53890785
0.53890785
0.54789931
0.54789931
0.55402286
0.55402286
0.55402286
0.55402286
0.57806646
0.59720982
0.63298673
0.66020348
0.66020348
0.66020348
0.66020348
0.66020348
0.66020348
0.66020348
0.66020348
0.66020348
0.66020348
0.66020348
0.66020348
0.64462889
0.64462889
0.60012512
0.57431844
0.57431844
0.57431844
0.62170568
0.62170568
0.62170568
0.57079923
0.56322157
0.56322157
0.56322157
0.56322157
0.56322157
0.56322157
0.56322157
0.56322157
0.6001376
0.6001376
0.61407513
0.61407513
0.61407513
0.61407513
0.61407513
0.54408182
0.54408182
0.54408182
0.54408182
0.54408182
0.54408182
0.54408182
0.59257439
0.59257439
0.59257439
0.59257439
0.59257439
0.59257439
0.59257439
0.58837734
0.5128057
0.5128057
0.47408025
0.47408025
0.47408025
0.45303995
0.45303995
0.45303995
0.44047158
0.44047158
0.44047158
0.44047158
0.44047158
0.41202356
0.41202356
0.41202356
0.41202356
0.51053245
0.54147439
0.54147439
0.54147439
0.544137
0.544137
0.55622272
0.55622272
0.55622272
0.55622272
0.55622272
0.55622272
0.55622272
0.55622272
0.55622272
0.55622272
0.58213585
0.58213585
0.60160531
0.60318858
0.60318858
0.60318858
0.60318858
0.59248058
0.59248058
0.56207196
0.56207196
0.56207196
0.61594347
0.61594347
0.68528806
0.73185986
0.79129018
0.79129018
0.79129018
0.79129018
0.78535889
0.77077081
0.75213018
0.72716729
0.65718596
0.60676737
0.52579889
0.50288959
0.45451373
0.45451373
0.45451373
0.45451373
0.45451373
