0.18206442
0.18240998
0.18206442
0.18206442
0.18206442
0.18206442
0.18339229999999998
0.18339229999999998
0.18339229999999998
0.18339229999999998
0.19068514
0.20391105
0.2169823
0.2169823
0.2169823
0.20014691
0.19248462
0.19248462
0.19248462
0.20104847
0.20520343
0.20520343
0.20520343
0.20520343
0.20520343
0.20835796
0.2103266
0.2103266
0.22318523
0.22979239
0.22979239
0.22979239
0.24809258
0.27194153
0.27194153
0.27194153
0.27194153
0.27194153
0.27577775
0.27577775
0.27577775
0.27501565
0.27410468
0.27410468
0.27410468
0.27410468
0.27410468
0.27410468
0.27410468
0.27245334
0.27245334
0.26620984
0.26620984
0.26620984
0.25849792
0.25849792
0.25849792
0.25937267
0.26161949
0.27187452
0.27187452
0.27187452
0.27388409
0.27388409
0.27388409
0.26411081
0.25707478
0.25707478
0.25707478
0.26239825
0.26239825
0.26239825
0.25836679999999995
0.25836679999999995
0.25836679999999995
0.25836679999999995
0.25836679999999995
0.24995907
0.24839865
0.23935668
0.23352792
0.23352792
0.23352792
0.23352792
0.23352792
0.23760320000000001
0.25549842
0.25845047
0.25845047
0.25845047
0.25845047
0.25845047
0.25845047
0.25845047
0.26624498
0.28037281
0.28037281
0.28037281
0.2797038
0.2797038
0.2797038
0.2797038
0.2797038
0.28664456
0.29575644
0.31095751
0.31345317
0.32461301
0.33384913
0.33384913
0.33384913
0.33230464
0.33230464
0.33230464
0.33230464
0.32832028
0.32497631
0.31278090000000003
0.29380084
0.27163473
0.25593815
0.25593815
0.25210374
0.25210374
0.25210374
0.25889527
0.25927958
0.25927958
0.26345085
0.27264169
0.28490665
0.29038479
0.29038479
0.29038479
0.29038479
0.29038479
0.2789388
0.27628086
0.27628086
0.27628086
0.27628086
0.27628086
0.27552927
0.2563786
0.25048827
0.25048827
0.25048827
0.25048827
0.25048827
0.25048827
0.25048827
0.25048827
0.26449222
0.26449222
0.28093025
0.28093025
0.28280254
0.29148991
0.29148991
0.29152721
0.29152721
0.29152721
0.29152721
0.29152721
0.2985118
0.31216187
0.31216187
0.31216187
0.31216187
0.30490816
0.30490816
0.30490816
0.3093337
0.3093337
0.3093337
0.3093337
0.3093337
0.31154321
0.31238174
0.32601116
0.32601116
0.32601116
0.32601116
0.32601116
0.31953548
0.31625707
0.31625707
0.31625707
0.31625707
0.31625707
0.31625707
0.31715645
0.31715645
0.31715645
0.29616139
0.29189812
0.29189812
0.29189812
0.29024751
0.29024751
0.2608813
0.23194467
0.23194467
0.23194467
0.23281653
0.24934656
0.25153434
0.25153434
0.25153434
0.25153434
0.25153434
0.24959396
0.24959396
0.24840915
0.24752969
0.24281764
0.24281764
0.24171759
0.23947838
0.23947838
0.23947838
0.23947838
0.23947838
0.23947838
0.23947838
0.23947838
0.23947838
0.25463454
0.27590851
0.2868713
0.2868713
0.2868713
0.30378602
0.30378602
0.30378602
0.30378602
0.30378602
0.30243423
0.30122733
0.29501643
0.29501643
0.29501643
0.29516204
0.29516204
0.29516204
0.29516204
0.29516204
0.29516204
0.29516204
0.29758634
0.29758634
0.29859475
0.29872225
0.29872225
0.29872225
0.29872225
0.301566
0.301566
0.301566
0.301566
0.31005632
0.31852816
0.31852816
0.31852816
0.31852816
0.32214053
0.33429031
0.33727351
0.34818632
0.34818632
0.34818632
0.34711706
0.34711706
0.34711706
0.34711706
0.34711706
0.33959965
0.32521248
0.32521248
0.32521248
0.32521248
0.32521248
0.32521248
0.32521248
0.32699493
0.35016908
0.35275819
0.35275819
0.35275819
0.35275819
0.35275819
0.34945733
0.31695325
0.31695325
0.31695325
0.31695325
0.32420479
0.32985136
0.32985136
0.32985136
0.32296022
0.32296022
0.32296022
0.32296022
0.32296022
0.32296022
0.32506324
0.33026682
0.33026682
0.33026682
0.33026682
0.33961052
0.33961052
0.33961052
0.33961052
0.33473366
0.33473366
0.33473366
0.33473366
0.33473366
0.34384481
0.34468877
0.34468877
0.34468877
0.34468877
0.35485832
0.35485832
0.36465587
0.37140538
0.37140538
0.37140538
0.36369056
0.36369056
0.36227974
0.35627023
0.344006
0.344006
0.344006
0.34531975
0.35111881
0.35111881
0.35282122
0.36878403
0.36878403
0.36878403
0.36826172
0.36826172
0.36573563
0.36573563
0.36573563
0.36573563
0.36527091
0.36147707
0.34959896
0.34296679999999996
0.34296679999999996
0.33966413
0.30106977
0.29928586
0.29928586
0.28401162
0.28401162
0.28401162
0.29824521
0.29824521
0.29824521
0.31295838
0.31583401
0.31583401
0.31583401
0.31197787
0.31197787
0.31197787
0.31197787
0.30204992
0.25953277
0.25529124
0.25529124
0.25529124
0.27959839
0.28570606
0.30238098
0.30238098
0.30238098
0.2964403
0.2964403
0.2964403
0.30533992
0.30533992
0.30533992
0.30217525
0.29656091
0.29656091
0.29656091
0.29938981
0.29938981
0.29938981
0.29938981
0.32937541
0.32937541
0.3320884
0.33777916
0.34377816
0.34377816
0.34774478
0.34774478
0.34774478
0.33978583
0.33978583
0.33978583
0.33522917
0.33522917
0.33522917
0.32545951
0.32545951
0.31169824
0.31169824
0.31169824
0.31169824
0.31021787
0.29622188
0.29555975
0.28528589
0.25301906
0.23738695
0.23738695
0.23738695
0.24505722
0.26585197
0.28370844
0.29161777
0.29161777
0.29582272
0.29582272
0.29582272
0.28882437
0.28518699999999997
0.28045793
0.28045793
0.28045793
0.27693502
0.27214328
0.27214328
0.2697715
0.2697715
0.26955091
0.26955091
0.25181325
0.25181325
0.25181325
0.25181325
0.25181325
0.25181325
0.25181325
0.25181325
0.25181325
0.26848455
0.26848455
0.26848455
0.28304088
0.28304088
0.28304088
0.28304088
0.28304088
0.28304088
0.24588886
0.24588886
0.24588886
0.25381775
0.25381775
0.25381775
0.26291151
0.28104254
0.28104254
0.28849982
0.29134393
0.29886895
0.29941988
0.29941988
0.29941988
0.29591871
0.29447963
0.28733313
0.28733313
0.28733313
0.28733313
0.28733313
0.28733313
0.27836577
0.27836577
0.27836577
0.28408804
0.29562205
0.29562205
0.29562205
0.29562205
0.29562205
0.30699017
0.30699017
0.30699017
0.30699017
0.31221403
0.33586666
0.33978329
0.35350798
0.35364526
0.35364526
0.35364526
0.37417234
0.37417234
0.37417234
0.37417234
0.36601453
0.36601453
0.36601453
0.37080954
0.38634638
0.39745443
0.40804378
0.40848133
0.40848133
0.40848133
0.40848133
0.40503449999999996
0.39547601
0.39547601
0.39464509
0.39464509
0.39464509
0.39464509
0.39464509
0.40136816
0.40136816
0.40136816
0.39251961
0.39245188
0.39245188
0.39245188
0.39245188
0.39245188
0.40494431
0.40494431
0.40494431
0.38793723
0.36949940000000003
0.35626154
0.35626154
0.35626154
0.35626154
0.35626154
0.35626154
0.35626154
0.35673097
0.35673097
0.35871916
0.35871916
0.35871916
0.35871916
0.36413247
0.36413247
0.36413247
0.33673163
0.32722313
0.32722313
0.32722313
0.32722313
0.32722313
0.32722313
0.32722313
0.32722313
0.32722313
0.32722313
0.32236764
0.32236764
0.32236764
0.32236764
0.32161822
0.31898455
0.31898455
0.31898455
0.32027911
0.32210105
0.32210105
0.32210105
0.35393829
0.35393829
0.35393829
0.33874591
0.33874591
0.33874591
0.33874591
0.34165232
0.34165232
0.34165232
0.34165232
0.34165232
0.34165232
0.34165232
0.34165232
0.34140855
0.31315144
0.31315144
0.31315144
0.31334632
0.31943768
0.33169829999999995
0.33607168
0.33607168
0.33607168
0.33206377
0.33130058
0.33130058
0.33130058
0.33130058
0.33130058
0.32590648
0.32590648
0.32590648
0.3168138
0.3168138
0.3168138
0.3168138
0.3446866
0.3446866
0.3446866
0.32366364
0.32366364
0.32366364
0.32366364
0.32366364
0.30318764
0.30030296
0.28933509
0.28933509
0.28933509
0.28933509
0.28933509
0.30125377
0.32918452
0.35430558
0.36389413
0.37367538
0.38942992
0.39597695
0.39597695
0.39597695
0.39597695
0.39376165
0.38653256
0.38653256
0.38653256
0.38653256
0.38271047
0.36244527
0.36068635
0.34186313
0.34186313
0.34186313
0.36156436
0.38186144
0.39322122
0.40764824
0.42114038
0.42114038
0.42189922
0.42189922
0.42189922
0.40964151
0.40620662
0.40189917
0.40189917
0.40189917
0.36612139
0.36612139
0.35555522
0.35555522
0.35555522
0.3584888
0.3584888
0.3584888
0.37249746
0.37249746
0.37249746
0.37843742
0.37843742
0.37843742
0.38805097
0.39999971
0.40970635
0.40970635
0.40970635
0.40970635
0.40970635
0.40703139
0.38496888
0.38496888
0.38496888
0.39177961
0.39177961
0.39177961
0.40072921
0.40072921
0.40072921
0.41673839
0.41673839
0.43145735
0.43145735
0.43145735
0.44499622
0.44499622
0.44499622
0.42652398
0.42322928
0.40838245
0.40227877
0.39681403
0.3937055
0.39360843
0.39360843
0.3864315
0.32833767
0.32833767
0.32833767
0.35139699
0.37727145
0.37727145
0.38152820000000004
0.38253516
0.38744534
0.39621022
0.3977087
0.3977087
0.3977087
0.38032854
0.36655496
0.36655496
0.36655496
0.36655496
0.36655496
0.36655496
0.36655496
0.36655496
0.36655496
0.36655496
0.36655496
0.36655496
0.36655496
0.36755974
0.36755974
0.36755974
0.35562005
0.35562005
0.35562005
0.36680597
0.39084473
0.39700202
0.39700202
0.39700202
0.39700202
0.41222193
0.41291122
0.41853678
0.41887473
0.41887473
0.43530407
0.43530407
0.43530407
0.43530407
0.43530407
0.43530407
0.43535442
0.43535442
0.43929496
0.43929496
0.43929496
0.43401096
0.43370163
0.40666446
0.40666446
0.40666446
0.41193542
0.41193542
0.41193542
0.41112840000000006
0.41112840000000006
0.41112840000000006
0.41162246
0.41162246
0.41162246
0.40996424
0.40901451
0.40901451
0.39712879
0.37659990000000004
0.37659990000000004
0.35388794
0.35388794
0.35388794
0.35388794
0.32982601
0.32982601
0.3192218
0.3192218
0.3192218
0.3192218
0.3192218
0.32227201
0.3227889
0.3227889
0.35026543
0.38138911
0.38493085
0.38493085
0.38723815
0.38723815
0.38723815
0.38723815
0.38723815
0.38723815
0.37424007
0.37104570000000003
0.35750574
0.35750574
0.35750574
0.35750574
0.35236954
0.35236954
0.34771906
0.34771906
0.34771906
0.35805052
0.35805052
0.37756919
0.37756919
0.37756919
0.34935519
0.33149256
0.31954888
0.31954888
0.31577026
0.30932066
0.30932066
0.30932066
0.31550765
0.32454455
0.32725754
0.32725754
0.35538461
0.35538461
0.36431864
0.38137426
0.38137426
0.38354429
0.38354429
0.38691289
0.39926152
0.39926152
0.39926152
0.39926152
0.39926152
0.39926152
0.39215305
0.39207083
0.36775317
0.36775317
0.3637228
0.3637228
0.35141257
0.35141257
0.35141257
0.36254017
0.38340809
0.4259448
0.4259448
0.4259448
0.4259448
0.42182207
0.42182207
0.42182207
0.42938947
0.42938947
0.43796599
0.47057801
0.47727971
0.48553821
0.48553821
0.48553821
0.48123292
0.47721741
0.47447472
0.47447472
0.45552725
0.44265921
0.43158268
0.43158268
0.43158268
0.43202313
0.43202313
0.43202313
0.42400768
0.40305427
0.40305427
0.40305427
0.42638598
0.46367637
0.46840870000000007
0.47905891
0.48536072
0.48536072
0.48536072
0.48536072
0.48536072
0.48536072
0.45666244
0.45666244
0.45666244
0.45666244
0.43345098
0.41747368
0.41745448
0.41745448
0.41503163
0.41503163
0.41367043
0.41367043
0.41367043
0.39481352
0.39481352
0.39481352
0.39812126
0.42437749999999996
0.42643415
0.42643415
0.4527085
0.4527085
0.4527085
0.37007678
0.35678421
0.35678421
0.35678421
0.35678421
0.36818203
0.36818203
0.38936544
0.38936544
0.40959551
0.42005048
0.42005048
0.42005048
0.42005048
0.42005048
0.40761202
0.38931111
0.38315962
0.355958
0.355958
0.355958
0.355958
0.37633404
0.39487401
0.39487401
0.42028266
0.45534361
0.45534361
0.45534361
0.44113501
0.44113501
0.43816122
0.41684162
0.38686218
0.38163143
0.37107468
0.37107468
0.37107468
0.47339821
0.49598521
0.50680384
0.50680384
0.50680384
0.49852361
0.48697765
0.48697765
0.47524696
0.45684282
0.45684282
0.45684282
0.48519845
0.51308393
0.5158114
0.5158114
0.5158114
0.49261444
0.44152113
0.42987556
0.42619075
0.42619075
0.42619075
0.42619075
0.42619075
0.47216161
0.50685455
0.52168943
0.57345501
0.57345501
0.57345501
0.55723068
0.50363229
0.50363229
0.50363229
0.45710615
0.41002292
0.3888185
0.3888185
0.38165968
0.37360656
0.37360656
0.37360656
0.37360656
0.3833371
0.38987037
0.39455888
0.39455888
0.39455888
0.36662088
0.36370397
0.30384687
0.29296086
0.29296086
0.29296086
0.32332968
0.32332968
0.36507495
0.37859136
0.37859136
0.39156009999999997
0.39664198
0.39664198
0.39664198
0.38363774
0.38363774
0.38363774
0.39008009
0.39008009
0.40337157
0.40337157
0.40337157
0.40337157
0.40337157
0.40337157
0.37938099
0.37938099
0.37938099
0.36954577
0.3553886
0.3553886
0.3553886
0.37744097
0.39630294
0.42644466
0.44889003
0.44889003
0.44889003
0.43994115
0.42782252
0.38263585
0.36668608
0.36668608
0.35433383
0.33439752
0.33439752
0.33439752
0.35909840000000004
0.39336067
0.40408042
0.4286922
0.42993895
0.42993895
0.42993895
0.41504177
0.41504177
0.38545244
0.38545244
0.38545244
0.38545244
0.41610523
0.43329124
0.47535671
0.47535671
0.47535671
0.46166607
0.43552539
0.43552539
0.43552539
0.43552539
0.43552539
0.43595316
0.44046346
0.45722097
0.45722097
0.45722097
0.45722097
0.45722097
0.45002086
0.45002086
0.45002086
0.46622274
0.48650387
0.48896041
0.51288398
0.51288398
0.51288398
0.5315395
0.55883239
0.55883239
0.55883239
0.54940466
0.54940466
0.47556897
0.47556897
0.47556897
0.45763788
0.45327681
0.45327681
0.45327681
0.45327681
0.41507292
0.41507292
0.39459546
0.38932922
0.38932922
0.37423174
0.37423174
0.37423174
0.37539699
0.38536116
0.38536116
0.38536116
0.38536116
0.38536116
0.39753701
0.42971908
0.44506142
0.46772629
0.46857713
0.46969638
0.49273976
0.49273976
0.50648075
0.52872654
0.53301009
0.54102156
0.54102156
0.54102156
0.51784271
0.51784271
0.51784271
0.51784271
0.51784271
0.48345692
0.48345692
0.48345692
0.48613586
0.48613586
0.48613586
0.48613586
0.43772331
0.43772331
0.42866504
0.40612984
0.40612984
0.40612984
0.43383529
0.51444513
0.54270876
0.54270876
0.54270876
0.54270876
0.52285214
0.51629098
0.51629098
0.51629098
0.53890405
0.55255014
0.55338178
0.55338178
0.55338178
0.54866719
0.54866719
0.54866719
0.58294431
0.59092463
0.60854929
0.64322122
0.64322122
0.64322122
0.63730553
0.63730553
0.63730553
0.63730553
0.66590312
0.70058157
0.70058157
0.70058157
0.65826111
0.64001634
0.63994752
0.59060951
0.59060951
0.59060951
0.59217717
0.59217717
0.59614777
0.59614777
0.60258216
0.60258216
0.60258216
0.60258216
0.58900272
0.58900272
0.58900272
0.58900272
0.58378176
0.58378176
0.5725444000000001
0.5335353
0.48202255
0.48202255
0.48202255
0.48202255
0.48202255
0.50938861
0.50938861
0.50938861
0.46620969999999995
0.45741947
0.43021785
0.40405724
0.40405724
0.40405724
0.42533048
0.42559526
0.42559526
0.42559526
0.41520839
0.37265321
0.33787659
0.33787659
0.33787659
0.38408471
0.41568362
0.41568362
0.41568362
0.40336614
0.38824077
0.38824077
0.38824077
0.45353181
0.46458299
0.51065129
0.51065129
0.51065129
0.49507678
0.46552946
0.45218836
0.45218836
0.45218836
0.46502996
0.47839895
0.49200664
0.49200664
0.49200664
0.50055346
0.50055346
0.50055346
0.50055346
0.50055346
0.51703424
0.51703424
0.51703424
0.4944755
0.44022476
0.41021598
0.41021598
0.41021598
0.42679601
0.45941672
0.51777171
0.51777171
0.51777171
0.49424513
0.47830115
0.47830115
0.47830115
0.48484783
0.50377573
0.53515078
0.53515078
0.53515078
0.49317152
0.49317152
0.49317152
0.54001605
0.57241038
0.57241038
0.60324718
0.63572772
0.63572772
0.63572772
0.6248916999999999
0.61739312
0.6117969
0.6096439
0.60396002
0.60396002
0.60396002
0.60396002
0.60396002
0.57552326
0.57552326
0.57552326
0.57552326
0.5874749
0.60291684
0.64446289
0.65010982
0.65642902
0.65662317
0.65662317
0.65662317
0.68779176
0.68779176
0.68779176
0.67001063
0.67001063
0.67001063
0.69071267
0.72200948
0.72200948
0.7632165
0.77290067
0.77290067
0.77290067
0.77290067
0.77290067
0.77290067
0.77290067
0.77162568
0.69441305
0.6863132
0.6863132
0.67745922
0.67745922
0.67745922
0.67745922
0.66100959
0.64535539
0.5548828
0.52367147
0.52367147
0.52367147
0.52367147
0.5557753000000001
0.58543346
0.62402673
0.62402673
0.62402673
0.58488289
0.5392640999999999
0.5392640999999999
0.5392640999999999
0.5392640999999999
0.5392640999999999
0.5392640999999999
0.5392640999999999
0.5392640999999999
0.51907569
0.48002385
0.47517234
0.47517234
0.47517234
0.49350186
0.52221971
0.52221971
0.52221971
0.52221971
0.52221971
0.45715505
0.45037656
0.45037656
0.45037656
0.45864846
0.50714143
0.5237526
0.55083034
0.55083034
0.55083034
0.54528266
0.53293113
0.53293113
0.53293113
0.56672506
0.59514371
0.61527707
0.61530314
0.63287709
0.63287709
0.63287709
0.59773645
0.59773645
0.59773645
0.59773645
0.59773645
0.65052202
0.65998018
0.65998018
0.65998018
0.66222881
0.70460795
0.71873796
0.7239821
0.7239821
0.7239821
0.7239821
0.68810399
0.64333785
0.64183901
0.64183901
0.64183901
0.66974477
0.66974477
0.66974477
0.65093205
0.64015978
0.64015978
0.64015978
0.6410855999999999
0.69223904
0.69223904
0.69223904
0.61033718
0.58232058
0.57400413
0.57400413
0.55959087
0.55959087
0.55959087
0.55959087
0.54519935
0.54519935
0.54519935
0.54519935
0.560416
0.5678769
0.60807261
0.60807261
0.60807261
0.59948739
0.59948739
0.59948739
0.55908305
0.55908305
0.55908305
0.55930762
0.55930762
0.5864223000000001
0.64122252
0.67875885
0.67875885
0.67875885
0.63344287
0.63344287
0.63344287
0.67213032
0.72550051
0.72550051
0.72550051
0.66165434
0.63634131
0.63634131
0.63634131
0.6341318
0.6341318
0.6341318
0.6341318
0.6176829
0.6176829
0.6176829
0.6176829
0.6176829
0.6176829
0.6176829
0.6176829
0.6037724
0.591155
0.57794575
0.57794575
0.56000452
0.54049563
0.54049563
0.53059412
0.50650176
0.50650176
0.49944581
0.49944581
0.49944581
0.52627942
0.52642575
0.53352226
0.54625412
0.54625412
0.54625412
0.50570923
0.50570923
0.48220799999999997
0.48220799999999997
0.48220799999999997
0.48762529
0.49191971
0.49191971
0.49191971
0.49191971
0.49191971
0.49191971
0.47837287
0.47837287
0.47837287
0.48201386
0.52736461
0.52736461
0.52736461
0.49841205
0.47997676
0.46918167
0.44921385
0.44921385
0.44921385
0.44921385
0.44921385
0.43258022
0.39743306
0.38620946
0.38620946
0.38620946
0.38620946
0.38620946
0.38620946
0.38620946
0.38620946
0.37388546
0.37388546
0.37388546
0.37805456
0.37805456
0.37805456
0.37805456
0.37805456
0.37805456
0.36362138
0.35854349
0.35854349
0.35854349
0.35854349
0.35854349
0.35142379
0.35142379
0.35142379
0.35142379
0.35544402
0.36070591
0.36070591
0.36070591
0.36070591
0.40855849
0.40855849
0.40855849
0.39932744
0.38244605
0.36595803
0.33536355
0.32802725
0.30610129
0.28832994
0.28832994
0.28832994
0.28832994
0.28832994
0.28832994
0.26709183
0.26709183
0.26709183
0.25351856
0.24734605
0.22465945
0.22465945
0.22465945
0.22761621
0.23109673
0.23109673
0.23109673
0.23109673
0.24297557
0.24297557
0.24839973
0.25824148
0.27161047
0.28058543
0.28058543
0.29618095
0.3083597
0.31800295
0.31800295
0.31800295
0.31800295
0.3125748
0.3125748
0.29369290000000003
0.27270798
0.27199079
0.27199079
0.27199079
0.25417561
0.23791434
0.23791434
0.23791434
0.24343522
0.27875334
0.27875334
0.27875334
0.27875334
0.24802086
0.22352209
0.22352209
0.22352209
0.23818419
0.25324545
0.25324545
0.25324545
0.22754449
0.18702025
0.18702025
0.18702025
0.21452322
0.21452322
0.21452322
0.19632337
0.19632337
0.19632337
0.19632337
0.21714131
0.22429977
0.22429977
0.22429977
0.22429977
0.22429977
0.22429977
0.23188889
0.23188889
0.23188889
0.22286069
0.22286069
0.22286069
0.24324759
0.25412563
0.25412563
0.25412563
0.22756224
0.20836267
0.20836267
0.20836267
0.20836267
0.20836267
0.20836267
0.20836267
0.21910162
0.21910162
0.21910162
0.21910162
0.21838117
0.21838117
0.21147845
0.21147845
0.19614372
0.16158588
0.16158588
0.16158588
0.16347483
0.17461656
0.17461656
0.17461656
0.16057928
0.16057928
0.16057928
0.20018169
0.2113658
0.2113658
0.2113658
0.20807507
0.20807507
0.20807507
0.20810985
0.20810985
0.20810985
0.18069199
0.14333858
0.14333858
0.14333858
0.16849875
0.16849875
0.16849875
0.14899891
0.14899891
0.14899891
0.17876175
0.19952318
0.19952318
0.19952318
0.18071046
0.1399381
0.1399381
0.1399381
0.1399381
0.1399381
0.1399381
0.14338929
0.14338929
0.14338929
0.15834079
0.15834079
0.15834079
0.15488889
0.15488889
0.15488889
0.15779639
0.15779639
0.16713175
0.16713175
0.16713175
0.15927531
0.15927531
0.15927531
0.19514762
0.23745469
0.2455951
0.2455951
0.2455951
0.2455951
0.25839433
0.29253634
0.30557391
0.30557391
0.30557391
0.28864942
0.28864942
0.28864942
0.28864942
0.30840462
0.30840462
0.30840462
0.27860484
0.27860484
0.27860484
0.2762834
0.27407172
0.27342371
0.25475661
0.21634299
0.21459023
0.21459023
0.21459023
0.22533425
0.26402134
0.26402134
0.26402134
0.25705232
0.24630758
0.24630758
0.24630758
0.2473609
0.25348596
0.25348596
0.25348596
0.25348596
0.25348596
0.25348596
0.25348596
0.26498954
0.26498954
0.28445135
0.28445135
0.28445135
0.28307203
0.28307203
0.28307203
0.29158988
0.29158988
0.29158988
0.29158988
0.29158988
0.28392577
0.28392577
0.28392577
0.26648875
0.26181183
0.26181183
0.26181183
0.27663149
0.27663149
0.28361789
0.28739434
0.28739434
0.28739434
0.28739434
0.28739434
0.2768662
0.2768662
0.25347364
0.24260285
0.22318161
0.22318161
0.22318161
0.24051069
0.25423609999999996
0.26978345
0.26978345
0.26978345
0.27225195
0.27402716
0.27402716
0.29556337
0.29556337
0.29556337
0.29556337
0.29556337
0.29556337
0.31620166
0.33745172
0.33745172
0.33745172
0.33745172
0.34435807
0.34435807
0.34435807
0.37008438
0.37554006
0.37554006
0.37554006
0.37399739
0.36947695
0.36947695
0.35985181
0.34417841
0.34417841
0.34311857
0.32668850000000005
0.31988321
0.31988321
0.31988321
0.31988321
0.33010998
0.33010998
0.33010998
0.33010998
0.32149941
0.32149941
0.32149941
0.32751109
0.33867673
0.36846601
0.38142243
0.38142243
0.38142243
0.38142243
0.38142243
0.38752865
0.38752865
0.38752865
0.37802051
0.37802051
0.37802051
0.36168752
0.35739925
0.34214457
0.34214457
0.34214457
0.34214457
0.34214457
0.36152379
0.36580988
0.37345878
0.37345878
0.39913655
0.39913655
0.40629718
0.40629718
0.4074349
0.4142123
0.4142123
0.4142123
0.4142123
0.4142123
0.4142123
0.39733308
0.39733308
0.38310890000000003
0.38310890000000003
0.38310890000000003
0.38310890000000003
0.37655789
0.35986702
0.34305518
0.32979304
0.31920731
0.3181884
0.3181884
0.3181884
0.29211292
0.28668513
0.27958861
0.27958861
0.264502
0.25385578
0.25385578
0.25385578
0.23243656
0.23243656
0.23243656
0.27237039
0.27942199
0.30321698
0.30367192
0.32310366
0.32679246
0.32748827
0.34569355
0.34569355
0.34616081
0.35119053
0.35119053
0.35119053
0.35119053
0.3452263
0.34115645
0.33896759
0.33896759
0.33896759
0.33896759
0.33896759
0.33896759
0.33896759
0.30515953
0.29213211
0.29213211
0.29213211
0.31689349
0.32971843
0.34480142
0.34480142
0.35021219
0.35411578
0.35411578
0.35546249
0.35546249
0.35777342
0.35777342
0.35777342
0.35777342
0.36229966
0.36229966
0.36229966
0.36229966
0.36229966
0.36229966
0.36229966
0.39554881
0.47803674
0.47803674
0.48212904
0.48212904
0.48212904
0.49977253
0.49977253
0.50941904
0.50941904
0.50941904
0.50941904
0.50941904
0.50941904
0.50941904
0.50941904
0.50941904
0.50941904
0.50941904
0.49788177
0.49788177
0.49788177
0.42703108
0.42703108
0.42703108
0.42703108
0.36646151
0.33612384
0.33612384
0.33612384
0.33612384
0.35286541
0.36127858
0.3738985
0.3738985
0.3738985
0.37053969
0.36165129
0.35493148
0.33845397
0.31716913
0.29855925
0.29855925
0.29855925
0.30791164
0.30791164
0.30791164
0.30200899
0.28019568
0.26275105
0.25264453
0.23326857
0.18558914
0.18490564
0.17697603
0.17697603
0.16998673
0.16998673
0.16717159
0.15975235
0.15169524
0.15169524
0.14640799
0.14523224
0.14523224
0.14523224
0.15417677
0.18890883
0.20441127
0.20441127
0.20609086
0.21023713
0.21023713
0.2133482
0.21988256
0.21988256
0.21988256
0.21988256
0.21988256
0.21988256
0.21372779999999997
0.21372779999999997
0.21372779999999997
0.19453258
0.19453258
0.18140084
0.18140084
0.16579083
0.14150396
0.14139348
0.14139348
0.14139348
0.14139348
0.14139348
0.15033802
0.15033802
0.15033802
0.14182126
0.13082731
0.13082731
0.13082731
0.13831828
0.15091322
0.15091322
0.16227445
0.16227445
0.16227445
0.18149719
0.18407073
0.18407073
0.18407073
0.18407073
0.18407073
0.18407073
0.18407073
0.18407073
0.1853287
0.1853287
0.1853287
0.15575422
0.1509719
0.1509719
0.1509719
0.1509719
0.17183366
0.17183366
0.17183366
0.16133197
0.16133197
0.16133197
0.16133197
0.14961649
0.14961649
0.14961649
0.15828284
0.16731467
0.16841254
0.16841254
0.16841254
0.14226787
0.13354791
0.12767206
0.12767206
0.10750973
0.10615939
0.10615939
0.10615939
0.10638143
0.10638143
0.10638143
0.10638143
0.11804403
0.1267897
0.1267897
0.13561833
0.13561833
0.13561833
0.13561833
0.13561833
0.13561833
0.13561833
0.13561833
0.13561833
0.13060817
0.13060817
0.13060817
0.13460195
0.13460195
0.13460195
0.12614532
0.12461424
0.12461424
0.12461424
0.12461424
0.12461424
0.12461424
0.10571169
0.10571169
0.10571169
0.11425779
0.12364459
0.12364459
0.14641958
0.16622513
0.16805069
0.16805069
0.16805069
0.16805069
0.18791021
0.19426599
0.20261215
0.20734449
0.20734449
0.20734449
0.20734449
0.20734449
0.21270418
0.23925381
0.25086352
0.25086352
0.25086352
0.23719859999999998
0.23719859999999998
0.23719859999999998
0.20717823
0.17168479
0.17168479
0.16952889
0.15907826
0.15907826
0.15907826
0.16001495
0.16001495
0.16001495
0.14572811
0.13400213
0.12666365
0.10611122
0.10611122
0.10611122
0.10611122
0.10611122
0.12257968
0.12257968
0.12257968
0.12257968
0.12257968
0.15643156
0.15643156
0.15750335
0.16236718
0.18663594
0.18663594
0.18663594
0.17819343
0.161023
0.1221903
0.11321172
0.11321172
0.11321172
0.12660244
0.12660244
0.12797125
0.12797125
0.12797125
0.12797125
0.12797125
0.12797125
0.12797125
0.12797125
0.12797125
0.12797125
0.11867537
0.1174576
0.11507966
0.11507966
0.11507966
0.1202673
0.1202673
0.1202673
0.10749488
0.06686596
0.05248747
0.03779278
0.03750518
0.03750518
0.03750518
0.03850417
0.03881857
0.04482989
0.054454300000000004
0.06254546
0.06254546
0.06254546
0.06551924
0.06551924
0.06551924
0.06551924
0.06551924
0.0649962
0.0649962
0.0649962
0.07758245
0.08833009
0.09790959
0.09790959
0.11387747
0.14146774
0.14146774
0.14146774
0.14146774
0.15087591
0.15924995
0.15924995
0.15924995
0.13947012
0.13111383
0.12741344
0.12741344
0.12741344
0.13055999999999998
0.13055999999999998
0.13833929
0.14331105
0.1577301
0.16456546
0.16456546
0.17951044
0.17951044
0.17951044
0.17951044
0.17951044
0.17934491
0.17934491
0.17934491
0.14479251
0.14479251
0.14278475
0.12465553
0.12043718
0.12043718
0.12043718
0.12043718
0.12043718
0.10450262
0.09439755
0.07920698
0.07094015
0.07094015
0.06752193
0.06752193
0.06752193
0.06752193
0.06752193
0.06752193
0.0954726
0.0954726
0.0954726
0.0954726
0.0954726
0.0954726
0.12250977
0.13184912
0.16599693
0.16599693
0.16599693
0.16599693
0.16220273
0.15492475
0.15492475
0.14903477
0.14903477
0.14903477
0.14903477
0.14903477
0.14472224
0.13875113
0.13875113
0.13875113
0.15694663
0.15987115
0.15987115
0.15987115
0.15987115
0.15987115
0.15193539
0.15193539
0.13154631
0.13154631
0.13154631
0.13154631
0.13154631
0.14162168
0.14569623
0.14569623
0.14569623
0.14569623
0.13114824
0.12295928
0.12295928
0.12295928
0.12295928
0.12295928
0.10882022
0.09898789999999999
0.09898789999999999
0.09898789999999999
0.08402227
0.07689931
0.06355857
0.03149893
0.03149893
0.03149893
0.03037099
0.02631926
0.02631926
0.02631926
0.02631926
0.02631926
0.02628014
0.02628014
0.02628014
0.03864905
0.03864905
0.03864905
0.03712558
0.03712558
0.03712558
0.06048627
0.06048627
0.06048627
0.06048627
0.06048627
0.06841696
0.06841696
0.06841696
0.07157077
0.07157077
0.07157077
0.06938661
0.05475023
0.05475023
0.05475023
0.07622668
0.07622668
0.07622668
0.05625922
0.04757475
0.04757475
0.04757475
0.05241865
0.05339084
0.05339084
0.05339084
0.05169024
0.05158447
0.05158447
0.05158447
0.04140696
0.04140696
0.04140696
0.05368351
0.07247413
0.07247413
0.07247413
0.07223905
0.06884293
0.06495274
0.06495274
0.06495274
0.07640778
0.08486043
0.10568598
0.10568598
0.10568598
0.08354668
0.08354668
0.08354668
0.10226087
0.10226087
0.10226087
0.10226087
0.10260498
0.10582072
0.10582072
0.10582072
0.09434974
0.09434974
0.09434974
0.10147668
0.10147668
0.10147668
0.10147668
0.10314214
0.10314214
0.10314214
0.10129448
0.09998218
0.08861877
0.08861877
0.08861877
0.08779981
0.08779981
0.08779981
0.08779981
0.08447141
0.07464307
0.06848904
0.06848904
0.06848904
0.07980826
0.10842722
0.11704323
0.12500362
0.13204870000000002
0.13204870000000002
0.13204870000000002
0.13204870000000002
0.13204870000000002
0.13204870000000002
0.13571721
0.13571721
0.13571721
0.13571721
0.13571721
0.13571721
0.13172235
0.12204034
0.10267851
0.10267851
0.10267851
0.10267851
0.10267851
0.10267851
0.11157016
0.11157016
0.11157016
0.11157016
0.12729101
0.1495042
0.15733348
0.17577565
0.17663337
0.17663337
0.17663337
0.15854545
0.15044994
0.14049736
0.14049736
0.14049736
0.15146922
0.15146922
0.15632905
0.15632905
0.15632905
0.15632905
0.15632905
0.15632905
0.15632905
0.15685137
0.15685137
0.15685137
0.15163837
0.14058864
0.13974287
0.13045858
0.11540819
0.07179498
0.06035007
0.06035007
0.06035007
0.04921197
0.04921197
0.04921197
0.04249505
0.03300937
0.03300937
0.03300937
0.03384065
0.03708284
0.04364255
0.05094408
0.05134069999999999
0.06061884
0.06061884
0.06061884
0.09798456
0.09798456
0.09798456
0.11472360000000001
0.11944471
0.12809042
0.12809042
0.15292496
0.15292496
0.15292496
0.15292496
0.15573104
0.15573104
0.15573104
0.1268147
0.1268147
0.1268147
0.14393551
0.14393551
0.14556946
0.17033879999999998
0.17851146
0.17863714
0.19181452
0.19181452
0.19181452
0.20311237
0.20311237
0.21339166
0.22438742
0.22438742
0.23794331
0.26113267
0.26113267
0.26113267
0.26113267
0.29107082
0.29416124
0.29416124
0.29416124
0.28545468
0.26475084
0.25860514
0.25860514
0.25860514
0.27006019
0.27155722
0.27155722
0.27859578
0.27877508
0.27877508
0.28673439
0.28673439
0.28673439
0.28673439
0.28673439
0.28673439
0.28673439
0.28673439
0.28673439
0.28673439
0.28673439
0.28673439
0.28673439
0.28673439
0.26218817
0.2323384
0.1963433
0.19328222
0.15757471
0.15216576
0.14364936
0.14364936
0.14364936
0.17146312
0.17146312
0.19470536
0.20823228
0.22281541
0.22281541
0.22281541
0.22281541
0.22281541
0.22281541
0.22281541
0.22281541
0.22281541
0.24519051
0.24519051
0.24519051
0.21297222
0.21297222
0.21297222
0.21297222
0.21512595
0.22767887
0.22767887
0.22767887
0.23473445
0.23473445
0.23473445
0.22761295
0.22113727
0.20936637
0.19687213
0.19048845
0.1666721
0.15491931
0.15491931
0.15491931
0.14283401
0.12445197
0.11656655
0.11656655
0.11656655
0.13653546
0.13653546
0.13653546
0.13111201
0.12403035
0.12345008
0.10506079
0.10506079
0.10506079
0.11252351
0.12837005
0.15441909
0.16486429
0.16927824
0.19825072
0.20430768
0.20430768
0.20430768
0.20430768
0.20430768
0.23263614
0.25304659
0.25304659
0.25304659
0.25217619
0.23106268
0.23106268
0.23106268
0.23159659
0.23159659
0.23795273
0.23795273
0.23795273
0.23471018
0.23176683
0.23176683
0.23176683
0.23176683
0.23176683
0.23118112
0.23118112
0.23118112
0.23118112
0.23118112
0.22687584
0.2234779
0.19982418
0.17694198
0.14999138
0.13784052
0.11419694
0.11419694
0.11419694
0.12708527
0.13610225
0.13931763
0.16333139
0.16760118
0.16760118
0.16760118
0.16760118
0.15889933
0.15889933
0.15889933
0.15889933
0.194379
0.194379
0.194379
0.194379
0.19338328
0.17924132
0.15357622
0.15250914
0.15250914
0.15250914
0.15250914
0.15250914
0.15250914
0.15250914
0.16615015
0.17217704
0.22459606
0.22459606
0.24032379
0.27225376
0.27438431
0.27438431
0.27438431
0.2563844
0.2563844
0.2216853
0.16608604
0.16589189
0.16228097
0.14824804
0.13221097
0.12439945
0.12439945
0.12439945
0.12815344
0.13282891
0.14961975
0.16571803
0.20793743
0.22623472
0.22623472
0.22623472
0.2547787
0.2547787
0.2547787
0.2547787
0.2547787
0.2547787
0.2547787
0.2547787
0.2547787
0.25314765
0.25314765
0.25314765
0.25314765
0.25144488
0.23508834
0.21347135
0.21347135
0.21347135
0.21556350000000002
0.21556350000000002
0.21556350000000002
0.21556350000000002
0.18944854
0.18654864
0.17034822
0.17034822
0.17034822
0.1747082
0.18645157
0.19763459
0.20233433
0.20233433
0.22727174
0.24109024
0.25287888
0.27300934
0.29360959
0.3000313
0.33325582
0.34945624
0.34945624
0.34945624
0.33737384
0.31539681
0.23855075
0.21383646
0.21383646
0.21383646
0.21383646
0.19239479
0.14125476
0.14125476
0.14125476
0.14468022
0.14468022
0.14468022
0.14214327
0.14214327
0.14136813
0.12115292
0.1136174
0.1032374
0.1032374
0.1032374
0.16246932
0.16246932
0.16246932
0.16246932
0.16246932
0.15635948
0.13371091
0.12430455
0.12008257
0.12008257
0.12008257
0.12008257
0.12008257
0.12008257
0.12008257
0.12008257
0.13596823
0.14934229
0.15522176
0.16820463
0.16900875
0.19786496
0.19786496
0.19786496
0.18998679
0.18998679
0.18998679
0.18998679
0.1960499
0.1960499
0.1960499
0.21802222
0.21802222
0.21802222
0.18612232
0.18612232
0.18612232
0.18612232
0.18612232
0.16316477
0.14965524
0.14965524
0.14965524
0.14965524
0.14965524
0.16934814
0.19207532
0.20433122
0.22985216
0.22985216
0.22985216
0.22985216
0.22985216
0.21958989
0.21958989
0.21958989
0.21958989
0.21958989
0.21958989
0.21958989
0.21958989
0.21958989
0.23113621
0.23113621
0.23113621
0.23113621
0.23113621
0.24065341
0.26591138
0.26591138
0.26591138
0.26591138
0.26591138
0.27209801
0.27209801
0.29258561
0.31822789
0.32389691
0.36304003
0.37896734
0.37896734
0.3883737
0.39387212
0.40265257
0.40265257
0.40265257
0.40265257
0.40265257
0.40265257
0.37857108
0.34880679
0.30618315
0.29622369
0.28627655
0.28627655
0.27428904
0.27428904
0.27428904
0.28864072
0.29789676
0.29789676
0.29789676
0.32289828
0.37003584
0.37003584
0.37003584
0.36314579
0.33046749
0.27170247
0.25332441
0.25332441
0.25332441
0.21106842
0.21106842
0.21106842
0.12895068
0.10006766
0.07583730000000001
0.07583730000000001
0.07583730000000001
0.07583730000000001
0.09223621
0.11123583
0.17261822
0.18025625
0.19542907
0.20571923
0.25371632
0.25371632
0.25371632
0.25371632
0.21678924
0.21678924
0.183238
0.17411055
0.16791667
0.12709034
0.12709034
0.12709034
0.09940916
0.09940916
0.09940916
0.11944978
0.14142898
0.16451873
0.17730057
0.18959233
0.18959233
0.22455404
0.22455404
0.24612285
0.24612285
0.24612285
0.24612285
0.24226671
0.24226671
0.23770570000000002
0.22621443
0.19898855
0.18517585
0.18229878
0.18229878
0.16430321
0.11048243
0.10185989999999999
0.10185989999999999
0.10185989999999999
0.11395607
0.11814508
0.13517099
0.16399207
0.16399207
0.16399207
0.16399207
0.16399207
0.16399207
0.16399207
0.16936843
0.20094958
0.23857609999999999
0.26077843
0.26077843
0.26077843
0.26077843
0.26077843
0.26077843
0.26921259999999997
0.27317089
0.27317089
0.27317089
0.26126959
0.24109966
0.24109966
0.24109966
0.24109966
0.24109966
0.24025932
0.21794833
0.20395307
0.18216548
0.17526058
0.17526058
0.17526058
0.17526058
0.20807689
0.25006013
0.25354608
0.27646849
0.27646849
0.27646849
0.27646849
0.27646849
0.25889781
0.25889781
0.25889781
0.25919193
0.25919193
0.25919193
0.25919193
0.25420676
0.25420676
0.25420676
0.25420676
0.2603032
0.2603032
0.26282857
0.26282857
0.27802529
0.27802529
0.2865377
0.29907649999999997
0.29907649999999997
0.29907649999999997
0.27415756
0.23560993
0.23460007
0.19540769
0.19540769
0.19540769
0.14001055
0.13881524
0.08490716
0.0495807
0.023215799999999998
0.023215799999999998
0.023215799999999998
0.023215799999999998
0.023215799999999998
0.02935462
0.02935462
0.05459267
0.10560049
0.12148978
0.12664482
0.12664482
0.12664482
0.12664482
0.12664482
0.11764631
0.11764631
0.09723659
0.09723659
0.09723659
0.09723659
0.09066927
0.07048738
0.06191303
0.05529066
0.05529066
0.05529066
0.05529066
0.05529066
0.05529066
0.05529066
0.05883384
0.06331227
0.06331227
0.06331227
0.06331227
0.06331227
0.06331227
0.06331227
0.08032260000000001
0.08032260000000001
0.08394837
0.08394837
0.09873109
0.10112316
0.12843561
0.14386886
0.14386886
0.14386886
0.14386886
0.15810536
0.15810536
0.15810536
0.13718962
0.13718962
0.13718962
0.13718962
0.13718962
0.13718962
0.13718962
0.13718962
0.13718962
0.13629966
0.12921691
0.1171805
0.10114054
0.10114054
0.08635928
0.08635928
0.08262049
0.07812468
0.07291784
0.06542108
0.06542108
0.06542108
0.09035632
0.09035632
0.09035632
0.09035632
0.11001843
0.11001843
0.11001843
0.12269885
0.12269885
0.12269885
0.12269885
0.12332548
0.12332548
0.12332548
0.12332548
0.12527383
0.12834831
0.12834831
0.12834831
0.17162684
0.18691846
0.18691846
0.18691846
0.22451275
0.22451275
0.22598733
0.22598733
0.22598733
0.21210797
0.21210797
0.21210797
0.21210797
0.21210797
0.21210797
0.22890533
0.22890533
0.22890533
0.24272962
0.24743769
0.24743769
0.24743769
0.24743769
0.24743769
0.24743769
0.24743769
0.24743769
0.22930739
0.22930739
0.22807984
0.21441202
0.21441202
0.21441202
0.21444136
0.21444136
0.21444136
0.19110168
0.19110168
0.15837738
0.15837738
0.15674488
0.15674488
0.15674488
0.15980052
0.19285879
0.19354156
0.2058355
0.21951599
0.23254088
0.23254088
0.24754817
0.24754817
0.25098052
0.25098052
0.25098052
0.25098052
0.23916941
0.23916941
0.23916941
0.23973121
0.25231781
0.25231781
0.25231781
0.2522432
0.2522432
0.2522432
0.26801295
0.26801295
0.29332235
0.29335676
0.29751318
0.29751318
0.29751318
0.29751318
0.29751318
0.30745634
0.30823148
0.30823148
0.31035225
0.34127236
0.34217935
0.34217935
0.35809833
0.35809833
0.35809833
0.39508445
0.40643554
0.41875411
0.41875411
0.41875411
0.41875411
0.40792932
0.40792932
0.40792932
0.42996901
0.42996901
0.43295837
0.44367921
0.44367921
0.44367921
0.43165367
0.40512179
0.38648113
0.37322297
0.37322297
0.37322297
0.37322297
0.36477866
0.30852741
0.30852741
0.30852741
0.30852741
0.30852741
0.30852741
0.30852741
0.30852741
0.30852741
0.30852741
0.2940638
0.28700243
0.28700243
0.28700243
0.28700243
0.28700243
0.28700243
0.28125625
0.28125625
0.28125625
0.28831582
0.28831582
0.28831582
0.27188611
0.27188611
0.27188611
0.27188611
0.26045244
0.25815853
0.25815853
0.25815853
0.25815853
0.25815853
0.24734714
0.24734714
0.24734714
0.22742061
0.22742061
0.22742061
0.25654015
0.25654015
0.25913832
0.28474148
0.30149899
0.33200147
0.36172519
0.40381057
0.40738237
0.42703326
0.42703326
0.42703326
0.41489254
0.38018873
0.37876595
0.37485765
0.37485765
0.37485765
0.37485765
0.34650129
0.33551024
0.31689312
0.31689312
0.30464555
0.28509718
0.28103675
0.28103675
0.28103675
0.28103675
0.28328538
0.29218536
0.29776274
0.32294936
0.32294936
0.35411795
0.36065267
0.36065267
0.36065267
0.36065267
0.37427159
0.41202778
0.43684023
0.43684023
0.44271897
0.46750969
0.47968844
0.47968844
0.4906027
0.50756305
0.50756305
0.50756305
0.50756305
0.50756305
0.50756305
0.50436976
0.49209792
0.49209792
0.48929293
0.48929293
0.47565409
0.47565409
0.47565409
0.49201751
0.49201751
0.49201751
0.49201751
0.49532308
0.49532308
0.49532308
0.49532308
0.49532308
0.49532308
0.49532308
0.49532308
0.49532308
0.48215947
0.48215947
0.48215947
0.48333087
0.48333087
0.50746308
0.52955166
0.54794856
0.54794856
0.54794856
0.55775154
0.55775154
0.55775154
0.57469161
0.57469161
0.57469161
0.56945398
0.56945398
0.56945398
0.53335709
0.53289563
0.53289563
0.53289563
0.49827948
0.47805775
0.47632708
0.47632708
0.47167045
0.47167045
0.47167045
0.47167045
0.47167045
0.44753643
0.42697856
0.40586976
0.40586976
0.40586976
0.40586976
0.40586976
0.40586976
0.40586976
0.4135643
0.41585494
0.41790073
0.43004725
0.44609301
0.44609301
0.44677542
0.45544974
0.45544974
0.45544974
0.44733033
0.44733033
0.44733033
0.44733033
0.44733033
0.44733033
0.44733033
0.432381
0.432381
0.40353891
0.40353891
0.39862509999999995
0.38573859
0.38573859
0.38573859
0.37956463
0.37956463
0.37956463
0.37956463
0.37956463
0.38970701
0.40581435
0.40581435
0.40581435
0.44494189
0.44592639
0.45441308
0.45441308
0.45441308
0.44464632
0.44464632
0.44464632
0.45143205
0.45143205
0.45143205
0.45143205
0.45143205
0.45143205
0.45143205
0.45771612
0.45771612
0.45771612
0.45771612
0.45771612
0.47224275
0.5032708
0.506417
0.51445093
0.51445093
0.51445093
0.51784705
0.51784705
0.51784705
0.51333313
0.51333313
0.51333313
0.49625615
0.49625615
0.49625615
0.47116697
0.46847861
0.46847861
0.45611694
0.45611694
0.44146716
0.42819379
0.42819379
0.42819379
0.42246537
0.37256193
0.36517275
0.34527411
0.34331235
0.33381218
0.32976659999999997
0.32081808
0.32081808
0.32081808
0.30468576
0.30468576
0.30297176
0.30297176
0.28396562
0.27766127
0.26819333
0.26819333
0.26819333
0.28481247
0.30023486
0.30023486
0.30023486
0.30345495
0.33957719
0.33957719
0.37832332
0.37832332
0.37832332
0.35328775
0.32298232
0.31896644
0.31896644
0.28791593
0.28791593
0.28791593
0.30150913
0.32417183
0.35897598
0.35897598
0.38443534
0.38546475
0.43268019
0.44029938
0.4413661
0.45909797
0.45909797
0.46852715
0.46852715
0.46852715
0.46852715
0.43897005
0.43897005
0.42964302
0.41773809999999995
0.41773809999999995
0.40138518
0.40138518
0.40138518
0.40138518
0.40138518
0.40138518
0.40138518
0.40138518
0.40138518
0.40138518
0.40138518
0.42149789
0.42149789
0.42149789
0.42149789
0.42149789
0.42149789
0.42855709999999997
0.43501068
0.43501068
0.43501068
0.43501068
0.45094198
0.45094198
0.45094198
0.45094198
0.45094198
0.45094198
0.48216164
0.48889666
0.48889666
0.48889666
0.50452769
0.50452769
0.50452769
0.45263207
0.45263207
0.45078151
0.44848507
0.44848507
0.44848507
0.34124302
0.34124302
0.34124302
0.34124302
0.30475748
0.28682929
0.28682929
0.28682929
0.28682929
0.28682929
0.28515259
0.28515259
0.26930968
0.26059986
0.26059986
0.2236322
0.21749411
0.21749411
0.19524470000000002
0.18643237
0.18643237
0.18643237
0.18643237
0.18990203
0.18990203
0.19642842
0.20379406
0.20379406
0.20379406
0.20620967
0.21440732
0.21859524
0.21859524
0.21859524
0.24610438
0.2700725
0.2700725
0.2700725
0.2700725
0.2700725
0.28514281
0.29618602
0.3011346
0.3011346
0.3011346
0.3011346
0.3011346
0.3011346
0.3011346
0.3011346
0.3011346
0.30520590000000003
0.32602782
0.38377719
0.38377719
0.38377719
0.38099429
0.37476746
0.37222616
0.35718192
0.35718192
0.35718192
0.35718192
0.3601999
0.3601999
0.3601999
0.3601999
0.3601999
0.3601999
0.35838774
0.35838774
0.33693049
0.33693049
0.33693049
0.33100212
0.32645632
0.32645632
0.32645632
0.32645632
0.32645632
0.32645632
0.32645632
0.35489454
0.35489454
0.35489454
0.35489454
0.35489454
0.35489454
0.35489454
0.35489454
0.34199824
0.34199824
0.33502234
0.33502234
0.31337602
0.31337602
0.31337602
0.32546529999999996
0.35371589
0.35548169
0.35548169
0.35548169
0.35548169
0.36062188
0.36834647
0.36834647
0.36834647
0.36834647
0.36271838
0.34539799
0.34539799
0.3303581
0.31833474
0.31833474
0.31833474
0.29309379
0.29309379
0.29309379
0.29645406
0.29645406
0.29645406
0.28795505
0.28795505
0.28795505
0.29089008
0.29089008
0.29089008
0.30820467
0.31975027
0.32761251
0.33360934
0.34424977
0.34424977
0.34440733
0.34440733
0.34440733
0.34440733
0.33210905
0.33210905
0.32799356
0.32799356
0.32799356
0.32799356
0.32799356
0.32799356
0.30570648
0.30570648
0.30069596
0.30009794
0.30009794
0.22817003
0.22817003
0.22817003
0.22817003
0.24123078
0.24123078
0.24123078
0.24123078
0.24123078
0.24184835
0.24184835
0.24184835
0.24184835
0.24184835
0.24184835
0.24173643
0.22781941
0.22781941
0.22651254
0.22651254
0.22651254
0.23379378
0.23379378
0.23379378
0.25774271
0.26042165
0.26042165
0.26042165
0.26042165
0.26042165
0.26678649
0.26678649
0.26678649
0.26590087
0.26590087
0.26590087
0.29061045
0.30241684
0.30241684
0.33147807
0.33147807
0.33147807
0.33147807
0.33147807
0.3198028
0.29433003
0.29433003
0.29433003
0.29433003
0.26816725
0.26816725
0.26816725
0.26816725
0.26816725
0.26816725
0.26816725
0.25433897
0.25433897
0.25433897
0.27825747
0.27825747
0.27825747
0.27605194
0.26974941
0.26085956
0.24728158
0.17793299999999998
0.16081834
0.16081834
0.16081834
0.18026494
0.1973115
0.1973115
0.1973115
0.17428332
0.16571223
0.16571223
0.16571223
0.16571223
0.19294391
0.20341264
0.20341264
0.20341264
0.20013351
0.20013351
0.20013351
0.20013351
0.20013351
0.20013351
0.21054683
0.25310925
0.25310925
0.25310925
0.25310925
0.25310925
0.27354361
0.27354361
0.27354361
0.27354361
0.27354361
0.30792070000000005
0.30792070000000005
0.30792070000000005
0.30792070000000005
0.30792070000000005
0.32742669
0.34503541
0.34503541
0.34503541
0.33794505
0.32107815
0.29986395
0.28662898
0.28662898
0.28662898
0.28662898
0.28662898
0.28662898
0.28662898
0.28662898
0.28662898
0.27721828
0.25503225
0.19941814
0.19941814
0.19941814
0.22087213
0.24779846
0.26622397
0.27745951
0.27745951
0.27745951
0.27745951
0.27745951
0.26605445
0.26605445
0.26605445
0.28774786
0.28774786
0.28774786
0.28774786
0.28774786
0.30094045
0.31449164
0.31449164
0.31449164
0.31714233
0.31714233
0.33955219999999997
0.34921392
0.40706399
0.42657759
0.42657759
0.42657759
0.36324106
0.35022667
0.31033595
0.31033595
0.26498954
0.23419801
0.19861982
0.19861982
0.19861982
0.19861982
0.19861982
0.19861982
0.19861982
0.19861982
0.19301019
0.19301019
0.19301019
0.18661529
0.18661529
0.15041445
0.11477033
0.1079817
0.1079817
0.10792845
0.09673999
0.0953288
0.0953288
0.0953288
0.17237916
0.24308604
0.32333693
0.37975335
0.37975335
0.37975335
0.36960988
0.36960988
0.36960988
0.36960988
0.36960988
0.36960988
0.36960988
0.33513137
0.33513137
0.33513137
0.3444182
0.39367652
0.39367652
0.39367652
0.42304237
0.46786103
0.51447338
0.51447338
0.51447338
0.47430846
0.47430846
0.44385162
0.36577329999999997
0.36577329999999997
0.36577329999999997
0.3876873
0.39741965
0.39741965
0.40323501
0.40323501
0.40323501
0.35200913
0.27854
0.24034806
0.24034806
0.24034806
0.28327125
0.28327125
0.28327125
0.36123112
0.40376204
0.40376204
0.40376204
0.39035972
0.39035972
0.39035972
0.41985706
0.45172907
0.45172907
0.45172907
0.45172907
0.45172907
0.45172907
0.45172907
0.45172907
0.50403942
0.52484504
0.52484504
0.52484504
0.52484504
0.52484504
0.53323394
0.53323394
0.61167882
0.65570242
0.65570242
0.65570242
0.6396265999999999
0.61390427
0.61390427
0.54744581
0.44196086
0.41304959
0.40788766
0.39145905
0.39145905
0.39145905
0.40808652
0.40808652
0.40808652
0.40808652
0.40808652
0.40808652
0.41330821
0.41330821
0.41330821
0.41330821
0.41330821
0.45209817
0.45209817
0.45209817
0.44026388
0.44026388
0.44026388
0.47524044
0.47524044
0.52253556
0.56290152
0.63742723
0.63742723
0.63742723
0.63657096
0.63657096
0.63657096
0.70638788
0.71908786
0.71908786
0.73829973
0.74407054
0.74407054
0.74407054
0.74407054
0.72216234
0.71841703
0.71841703
0.71841703
0.69407112
0.69407112
0.69407112
0.69646826
0.77273623
0.77273623
0.77273623
0.77273623
0.76288543
0.76288543
0.76288543
0.76288543
0.76525142
0.84385495
0.93744404
0.93744404
0.93744404
0.92318291
0.87383403
0.82823407
0.82823407
0.82823407
0.78830567
0.74773905
0.73688058
0.73688058
0.73688058
0.74708779
0.74708779
0.74708779
0.72413279
0.72413279
0.72413279
0.62428028
0.62428028
0.62152165
0.62152165
0.62152165
0.69455794
0.73890753
0.73987464
0.73987464
0.73987464
0.73987464
0.72305773
0.65680211
0.61949904
0.59037841
0.55034352
0.500418
0.500418
0.49256373
0.49256373
0.49256373
0.51656481
0.51656481
0.51656481
0.51656481
0.51633155
0.46612023
0.39573065
0.39044738
0.39044738
0.39044738
0.39044738
0.39044738
0.39044738
0.39044738
0.40246205
0.40246205
0.40246205
0.40246205
0.40246205
0.42033590000000004
0.49424368
0.49424368
0.49424368
0.49424368
0.48200661
0.48200661
0.48200661
0.49208198
0.49208198
0.49208198
0.49208198
0.49208198
0.49208198
0.49208198
0.49208198
0.49208198
0.45944207
0.45944207
0.41306915
0.41306915
0.41306915
0.41306915
0.41306915
0.41306915
0.40827922
0.40827922
0.40827922
0.41946804
0.41946804
0.45854813
0.48815992
0.48815992
0.48815992
0.45534904
0.40967483
0.39059299
0.39059299
0.39059299
0.39059299
0.33500749
0.30982704
0.26352438
0.25659811
0.25659811
0.20719344
0.15117727
0.15117727
0.15117727
0.15117727
0.15117727
0.17951660000000003
0.17951660000000003
0.17951660000000003
0.17951660000000003
0.17951660000000003
0.21044251
0.26285211
0.26285211
0.26285211
0.26285211
0.26285211
0.2493759
0.2493759
0.2493759
0.25705124
0.29202924
0.3155225
0.3155225
0.3155225
0.3155225
0.3155225
0.3155225
0.34978115
0.34978115
0.35006476
0.35006476
0.35006476
0.41587197
0.41587197
0.41587197
0.41587197
0.41587197
0.41587197
0.39579584
0.39579584
0.39579584
0.39579584
0.39579584
0.42640011
0.42640011
0.43160441
0.43160441
0.43160441
0.43160441
0.43378313
0.43378313
0.43378313
0.42848501
0.42848501
0.40137902
0.38171438
0.28277465
0.27367002
0.25328275
0.25328275
0.25328275
0.25328275
0.25328275
0.27761237
0.27761237
0.27761237
0.27761237
0.29505591
0.29721326
0.29721326
0.29721326
0.25745728
0.25745728
0.25745728
0.28205240000000004
0.29919385
0.29919385
0.29919385
0.29905295
0.29905295
0.29905295
0.29905295
0.29905295
0.29905295
0.27714004
0.25989933
0.25989933
0.25989933
0.25989933
0.24036219
0.23541868
0.17952964
0.17952964
0.17952964
0.18733537
0.23391005
0.23391005
0.24462401
0.24462401
0.25676545
0.25676545
0.25676545
0.25676545
0.25676545
0.24781874
0.24781874
0.24781874
0.27775834
0.27775834
0.28807603
0.31592456
0.31592456
0.31592456
0.32826740000000004
0.32826740000000004
0.32826740000000004
0.28819447
0.24965227
0.18799279
0.17670328
0.166328
0.16357915
0.16357915
0.16357915
0.15365844
0.15365844
0.15365844
0.15365844
0.15365844
0.15365844
0.1351326
0.09960039999999999
0.09960039999999999
0.09960039999999999
0.13918108
0.13918108
0.13918108
0.11965624
0.11965624
0.10880465
0.08266794
0.08266794
0.08266794
0.08266794
0.08266794
0.08266794
0.09594421
0.09594421
0.09594421
0.09594421
0.09594421
0.09594421
0.09594421
0.093751
0.08495280000000001
0.08495280000000001
0.07682649999999999
0.07682649999999999
0.06790443
0.06572679
0.06572679
0.06572679
0.06624403
0.08429936
0.08429936
0.10075732
0.10075732
0.10075732
0.10075732
0.10075732
0.10075732
0.07671241
0.07671241
0.07671241
0.07671241
0.07671241
0.07671241
0.08898461
0.08898461
0.09039073
0.10703233
0.10703233
0.11131733
0.12484280000000002
0.13235043
0.13235043
0.13422996
0.13422996
0.13422996
0.12829434
0.12829434
0.12829434
0.13271844
0.13271844
0.13271844
0.13580052
0.13580052
0.13580052
0.13580052
0.13673938
0.13673938
0.13673938
0.12270827
0.12270827
0.12270827
0.12270827
0.12270827
0.10723734
0.10723734
0.10723734
0.10723734
0.10723734
0.10723734
0.11334066
0.11453815
0.13703387
0.13703387
0.13703387
0.13003986
0.10515642
0.10515642
0.10515642
0.11456966
0.11456966
0.11936647
0.11936647
0.11936647
0.1180625
0.1180625
0.11654989
0.11654989
0.11654989
0.12643473
0.13357435
0.1365782
0.13985443
0.1494611
0.1494611
0.1494611
0.1494611
0.1494611
0.1494611
0.15286954
0.15286954
0.15286954
0.15866244
0.15866244
0.15866244
0.15866244
0.15592591
0.15592591
0.15592591
0.18741144
0.18741144
0.18741144
0.16870195
0.16870195
0.16870195
0.17222159
0.17337344
0.18299676
0.18299676
0.18299676
0.18299676
0.18299676
0.17381606
0.17059054
0.13690274
0.13690274
0.13690274
0.13803865
0.13803865
0.15650509
0.15650509
0.15650509
0.15650509
0.15707196
0.15707196
0.15707196
0.15497147
0.14234104
0.14234104
0.14234104
0.12761483
0.12761483
0.12761483
0.14584547
0.14799449
0.14799449
0.14799449
0.14799449
0.15810970000000002
0.15810970000000002
0.15810970000000002
0.16636893
0.16636893
0.16636893
0.16636893
0.16636893
0.16636893
0.16636893
0.16636893
0.16544202
0.16544202
0.16544202
0.16544202
0.16544202
0.16960242
0.16960242
0.16960242
0.16960242
