0.76430755
0.76380315
0.76430755
0.77691256
0.78856409
0.78856409
0.78856409
0.78479884
0.77395164
0.77395164
0.77395164
0.77395164
0.77395164
0.77395164
0.77734397
0.78455055
0.80314088
0.80314088
0.80477689
0.80477689
0.80477689
0.79950343
0.79950343
0.79950343
0.80986705
0.80986705
0.80986705
0.80986705
0.80041875
0.8001853
0.8001853
0.8001853
0.8001853
0.8001853
0.8001853
0.7837992
0.7837992
0.7837992
0.7837992
0.7837992
0.7837992
0.79449225
0.79449225
0.79449225
0.79256247
0.79256247
0.79256247
0.81517667
0.81517667
0.81517667
0.79824385
0.79145419
0.79145419
0.78194307
0.76309112
0.76309112
0.76309112
0.76309112
0.76309112
0.7643947
0.7643947
0.7643947
0.75398375
0.75398375
0.75398375
0.71294586
0.71294586
0.71263675
0.68886995
0.68687484
0.68687484
0.67323904
0.67323904
0.67082485
0.59382005
0.5745222
0.53200776
0.38345377
0.34578921
0.34578921
0.34578921
0.34578921
0.34578921
0.34578921
0.34578921
0.34578921
0.34578921
0.34578921
0.36518271
0.36518271
0.36680172
0.36680172
0.36680172
0.37153046
0.37153046
0.37153046
0.2972018
0.29649811
0.25749381
0.25749381
0.25394601
0.248102
0.248102
0.248102
0.248102
0.248102
0.27929584
0.30944338
0.31302734
0.31402748
0.36733595
0.38232966
0.38894885
0.39845997
0.39845997
0.39845997
0.39845997
0.39845997
0.43866403
0.43866403
0.475083
0.475083
0.475083
0.475083
0.475083
0.51361423
0.51361423
0.51361423
0.51361423
0.51361423
0.51361423
0.47417335
0.47417335
0.47417335
0.47417335
0.47417335
0.4619606
0.4619606
0.4619606
0.46134805
0.41522416
0.34691648
0.33122175
0.33122175
0.33122175
0.33175981
0.35347386
0.39429496
0.39429496
0.42677121
0.42677121
0.42677121
0.40180998
0.36462365
0.32493549
0.29661875
0.24494229
0.2426914
0.2426914
0.2426914
0.2652951
0.2652951
0.2652951
0.2652951
0.2652951
0.2652951
0.2652951
0.2652951
0.2652951
0.2652951
0.2652951
0.28014517
0.28014517
0.28014517
0.27608614
0.27608614
0.27608614
0.27938965
0.28200114
0.28823407
0.28823407
0.28823407
0.27059956
0.27059956
0.2492866
0.2492866
0.2492866
0.2492866
0.27292476
0.27292476
0.27292476
0.25982485
0.24800185
0.24800185
0.24800185
0.27472624
0.29187202
0.29258771
0.29258771
0.29258771
0.29258771
0.29258771
0.29258771
0.28890011
0.28121596
0.28121596
0.28121596
0.28121596
0.305501
0.3378856
0.38856876
0.38856876
0.38856876
0.3596798
0.3346949
0.33392938
0.31824581
0.31819266
0.31819266
0.31819266
0.33004715
0.3368643
0.3368643
0.3368643
0.34117129
0.34120828
0.36391713
0.36746526
0.37916162
0.44077878
0.44077878
0.44077878
0.43754009
0.43754009
0.43754009
0.43754009
0.43754009
0.43098921
0.40744236
0.40744236
0.40744236
0.41005968
0.41005968
0.41005968
0.39397236
0.39397236
0.39397236
0.39397236
0.39397236
0.4020291
0.4020291
0.4020291
0.4020291
0.39617559
0.39557904
0.37923677
0.37923677
0.33892573
0.32750815
0.28043345
0.28043345
0.28043345
0.30882351
0.3159311
0.3159311
0.3159311
0.3159311
0.3159311
0.3159311
0.30574162
0.30574162
0.30376801
0.30376801
0.27387624
0.27387624
0.27387624
0.28166287
0.28166287
0.28635228
0.32098444
0.32098444
0.32098444
0.30693255
0.24539703
0.24539703
0.24539703
0.24539703
0.29389129
0.30976832
0.30976832
0.30976832
0.30976832
0.30976832
0.30976832
0.32417797
0.32417797
0.32417797
0.32125872
0.32125872
0.32125872
0.32125872
0.32125872
0.32125872
0.32125872
0.32125872
0.32125872
0.35535798
0.35535798
0.35535798
0.35433935
0.33160417
0.31705788
0.31705788
0.31017891
0.31017891
0.31017891
0.31017891
0.31017891
0.32797006
0.32797006
0.32995633
0.38400366
0.38400366
0.38400366
0.43973265
0.43973265
0.43973265
0.48169253
0.48169253
0.48169253
0.45765095
0.45765095
0.45765095
0.49281267
0.49281267
0.49281267
0.49213447
0.48374629
0.48374629
0.48374629
0.48374629
0.48374629
0.48803911
0.48803911
0.48803911
0.47161102
0.47161102
0.47161102
0.48376196
0.48376196
0.48376196
0.48376196
0.49496941
0.49496941
0.49496941
0.47198778
0.47198778
0.47198778
0.47198778
0.47198778
0.47198778
0.47198778
0.47198778
0.47198778
0.48359532
0.48698815
0.48698815
0.48698815
0.48698815
0.48698815
0.48698815
0.48698815
0.4587509
0.4587509
0.4587509
0.46553189
0.46553189
0.47802659
0.48815726
0.48815726
0.48815726
0.47471341
0.47168718
0.45785557
0.45785557
0.4440383
0.4411612
0.41232873
0.41198613
0.41198613
0.41198613
0.3841388
0.3841388
0.3841388
0.3841388
0.3841388
0.3841388
0.3841388
0.3841388
0.41475059
0.41475059
0.41475059
0.41475059
0.41475059
0.41475059
0.41475059
0.45473086
0.48063357
0.48063357
0.48063357
0.48710713
0.48710713
0.48710713
0.51143816
0.51143816
0.51143816
0.51253961
0.51253961
0.53715858
0.53715858
0.53715858
0.59397569
0.63396246
0.63396246
0.63396246
0.63396246
0.63396246
0.63922809
0.66406118
0.66406118
0.66406118
0.66543174
0.66543174
0.66543174
0.66768363
0.66768363
0.68509803
0.68509803
0.68509803
0.68509803
0.65340095
0.65340095
0.65340095
0.65340095
0.65340095
0.65340095
0.62432186
0.62392794
0.61405656
0.61405656
0.61018799
0.55427386
0.52546505
0.52546505
0.52546505
0.51549886
0.49235743
0.48174536
0.48174536
0.48174536
0.48174536
0.48174536
0.48174536
0.453156
0.453156
0.44283371
0.38185775
0.38185775
0.38185775
0.39052304
0.41074271
0.41492772
0.42864718
0.42864718
0.42864718
0.43259523
0.43259523
0.43418625
0.43963234
0.43963234
0.43963234
0.43863404
0.43863404
0.43863404
0.43863404
0.43183321
0.43183321
0.43183321
0.43268788
0.43318478
0.46031092
0.46031092
0.46031092
0.46031092
0.43879167
0.43879167
0.43879167
0.44265341
0.44430375
0.44430375
0.50947904
0.50947904
0.51197605
0.51197605
0.51197605
0.51928961
0.54770516
0.54770516
0.54770516
0.54770516
0.54770516
0.54770516
0.54770516
0.54770516
0.52737001
0.49755857
0.49755857
0.49755857
0.49698168
0.49698168
0.49698168
0.49698168
0.49698168
0.49698168
0.49698168
0.49698168
0.49698168
0.49698168
0.49698168
0.49698168
0.50743578
0.50743578
0.50743578
0.50743578
0.50743578
0.50743578
0.50743578
0.5056543
0.48992907
0.48287513
0.48287513
0.46703193
0.45697841
0.45691559
0.42091904
0.42091904
0.42091904
0.43783303
0.43783303
0.43783303
0.42531667
0.42531667
0.39623391
0.39623391
0.39623391
0.39623391
0.39623391
0.38950407
0.38229666
0.38229666
0.37724366
0.37724366
0.37724366
0.37838344
0.37838344
0.37838344
0.35114948
0.34918687
0.34918687
0.34918687
0.36521537
0.38861108
0.38861108
0.38861108
0.38602193
0.35395759
0.34270532
0.34270532
0.34270532
0.34270532
0.34270532
0.35927471
0.36197834
0.36757507
0.40022562
0.40022562
0.40022562
0.40022562
0.40022562
0.37614988
0.37614988
0.37519623
0.37519623
0.37519623
0.39004313
0.41836537
0.41836537
0.41836537
0.42324907
0.42324907
0.42324907
0.40669568
0.40110861
0.40110861
0.40110861
0.40110861
0.40110861
0.40110861
0.40900772
0.40900772
0.40900772
0.40900772
0.40900772
0.40872744
0.40872744
0.40872744
0.40872744
0.39002264
0.39002264
0.39002264
0.37355789
0.37342442
0.37342442
0.37342442
0.3669117
0.3669117
0.3669117
0.37742762
0.37895949
0.37895949
0.37895949
0.37880869
0.37880869
0.37880869
0.37880869
0.38614224
0.38614224
0.38614224
0.38614224
0.38573932
0.38523542
0.37813748
0.37813748
0.37813748
0.37813748
0.39452508
0.39452508
0.39452508
0.37629335
0.37629335
0.37629335
0.37629335
0.37629335
0.37629335
0.38533606
0.38754996
0.38754996
0.39065868
0.39173263
0.41546745
0.41546745
0.41546745
0.41546745
0.42768337
0.42790749
0.42790749
0.42790749
0.42790749
0.42790749
0.42790749
0.42790749
0.42790749
0.42790749
0.42790749
0.42790749
0.42357134
0.42303078
0.42303078
0.39670815
0.39388021
0.39388021
0.39388021
0.3922342
0.39035307
0.3900258
0.3900258
0.3900258
0.3900258
0.3900258
0.3900258
0.41486556
0.41486556
0.41486556
0.40139756
0.4005189
0.4005189
0.4005189
0.4005189
0.4005189
0.4005189
0.4005189
0.4005189
0.4005189
0.4005189
0.4005189
0.4005189
0.4005189
0.42834024
0.42834024
0.42834024
0.44499411
0.44499411
0.44499411
0.44499411
0.4332486
0.40624043
0.37042517
0.37042517
0.37042517
0.37042517
0.37042517
0.36359369
0.36359369
0.35965563
0.35581623
0.35581623
0.35581623
0.37615654
0.39094496
0.39094496
0.39214888
0.43584059
0.48592403
0.48592403
0.48592403
0.48339453
0.48332871
0.48332871
0.44448205
0.44448205
0.34866431
0.34866431
0.34866431
0.37237712
0.37237712
0.37237712
0.3663938
0.3663938
0.3663938
0.36859287
0.42745441
0.42745441
0.42745441
0.42745441
0.42745441
0.42006954
0.39606344
0.39606344
0.39606344
0.40604164
0.40604164
0.40604164
0.42560361
0.42560361
0.42560361
0.42223178
0.4219555
0.41737557
0.38279956
0.38279956
0.37358472
0.37358472
0.37358472
0.37358472
0.37258625
0.37258625
0.37258625
0.37258625
0.37258625
0.37258625
0.37258625
0.37258625
0.37258625
0.37258625
0.37258625
0.37258625
0.37258625
0.4045756
0.42642778
0.44038152
0.44038152
0.44038152
0.44038152
0.44038152
0.44038152
0.44038152
0.44038152
0.44894367
0.44967019
0.48993374
0.50656595
0.50656595
0.50656595
0.50537002
0.50537002
0.50537002
0.50678974
0.50678974
0.50678974
0.50718666
0.51250878
0.51250878
0.51250878
0.51250878
0.49925473
0.49925473
0.49925473
0.5051449
0.5051449
0.5051449
0.48466894
0.48466894
0.48466894
0.48466894
0.48466894
0.48557293
0.48557293
0.48557293
0.48557293
0.48557293
0.48557293
0.46795575
0.45224885
0.45224885
0.44988848
0.44988848
0.44874987
0.44874987
0.44874987
0.44874987
0.44874987
0.43075343
0.43075343
0.43075343
0.43075343
0.43075343
0.43075343
0.42131196
0.42131196
0.42131196
0.44347825
0.44347825
0.44347825
0.44347825
0.44347825
0.43796467
0.43796467
0.43796467
0.43920976
0.43920976
0.43920976
0.43920976
0.45833365
0.45833365
0.45833365
0.45833365
0.45833365
0.45627372
0.44479082
0.44479082
0.44479082
0.45949708
0.45949708
0.45949708
0.44951289
0.44951289
0.44951289
0.44951289
0.44951289
0.44951289
0.49192751
0.49192751
0.50634716
0.50634716
0.50634716
0.50634716
0.50634716
0.50634716
0.50634716
0.50634716
0.50634716
0.50860538
0.51472601
0.51472601
0.51472601
0.51472601
0.51472601
0.52338347
0.52338347
0.52338347
0.52584465
0.52584465
0.52584465
0.52584465
0.52220603
0.52220603
0.52220603
0.52220603
0.53714291
0.59264145
0.61730925
0.61730925
0.61730925
0.61730925
0.61730925
0.63688105
0.63688105
0.63688105
0.63688105
0.63688105
0.63688105
0.61741523
0.6128143
0.6128143
0.6128143
0.6128143
0.6079176
0.60012014
0.60012014
0.60012014
0.60012014
0.5959583
0.5959583
0.5959583
0.59467588
0.59467588
0.59467588
0.59467588
0.59467588
0.59467588
0.57627302
0.57282687
0.56466531
0.55953366
0.54579304
0.54579304
0.54579304
0.54579304
0.54579304
0.55829657
0.55829657
0.5643942
0.57221815
0.57221815
0.57221815
0.57221815
0.57221815
0.54930984
0.54446947
0.54446947
0.54446947
0.54446947
0.53399187
0.53399187
0.53399187
0.53399187
0.51489381
0.50870236
0.50870236
0.50584576
0.50584576
0.50584576
0.52968855
0.52968855
0.52968855
0.52968855
0.53858863
0.53858863
0.53858863
0.53858863
0.53858863
0.53858863
0.5081753
0.5081753
0.48651558
0.48651558
0.48651558
0.49394211
0.49394211
0.49533301
0.49533301
0.49533301
0.49533301
0.49533301
0.48424253
0.4798284
0.4798284
0.4798284
0.483534
0.483534
0.483534
0.4347438
0.4347438
0.4347438
0.43292783
0.42757655
0.42757655
0.42757655
0.42757655
0.42757655
0.41038528
0.41038528
0.3782468
0.3782468
0.3782468
0.39083764
0.39083764
0.43820729
0.43820729
0.43820729
0.44450671
0.44450671
0.44450671
0.42586506
0.40371743
0.39276343
0.39276343
0.39276343
0.39276343
0.39826151
0.39826151
0.39826151
0.39826151
0.39658034
0.39313786
0.39313786
0.39313786
0.39313786
0.39313786
0.39313786
0.41487456
0.41487456
0.43473247
0.43473247
0.43473247
0.43473247
0.43473247
0.43247309
0.43247309
0.43247309
0.43247309
0.43779254
0.43779254
0.43779254
0.41881912
0.37363137
0.37363137
0.37363137
0.37357572
0.34454928
0.34454928
0.34454928
0.34454928
0.34454928
0.35749556
0.35749556
0.35749556
0.35749556
0.35749556
0.35749556
0.35749556
0.35749556
0.35749556
0.35749556
0.35749556
0.35749556
0.34463543
0.34463543
0.34463543
0.34670386
0.34670386
0.34670386
0.34534229
0.32628673
0.31781023
0.31781023
0.31781023
0.31948407
0.31948407
0.32962573
0.3424547
0.3424547
0.3424547
0.3424547
0.3424547
0.32913616
0.32292572
0.31909831
0.31909831
0.31909831
0.32936528
0.32936528
0.32936528
0.32936528
0.32936528
0.33442445
0.35033164
0.362037
0.362037
0.362037
0.3574524
0.3574524
0.3574524
0.38072964
0.38784273
0.40204276
0.40204276
0.40204276
0.40204276
0.40204276
0.39452225
0.39452225
0.39452225
0.39452225
0.39452225
0.4025175
0.4025175
0.4025175
0.4025175
0.4025175
0.3986521
0.39160216
0.39160216
0.39160216
0.39160216
0.39160216
0.39160216
0.38061866
0.38061866
0.38061866
0.38777741
0.38777741
0.39052254
0.39703875
0.39703875
0.39874375
0.39952326
0.40259699
0.40379408
0.40379408
0.40379408
0.40026595
0.40026595
0.40026595
0.40760566
0.40760566
0.40760566
0.41766418
0.41766418
0.43732496
0.45228034
0.45228034
0.45228034
0.47504834
0.47504834
0.47504834
0.47504834
0.47504834
0.48140059
0.48140059
0.48140059
0.48140059
0.48140059
0.48140059
0.47472374
0.47472374
0.47398089
0.4555167
0.44490346
0.44490346
0.44490346
0.44490346
0.44490346
0.4283689
0.4283689
0.4283689
0.4283689
0.40884425
0.40884425
0.40884425
0.40879793
0.40879793
0.40879793
0.41029647
0.41029647
0.41029647
0.41429801
0.41429801
0.41429801
0.39324917
0.39324917
0.39324917
0.39324917
0.38794688
0.36905778
0.36853438
0.36853438
0.36853438
0.38369072
0.38369072
0.38369072
0.38369072
0.38449773
0.38579114
0.38579114
0.38579114
0.37345891
0.36907377
0.36907377
0.36907377
0.38933894
0.39338414
0.40179948
0.41774933
0.42337822
0.42337822
0.42337822
0.39676081
0.39676081
0.36376132
0.36376132
0.36376132
0.36376132
0.38121521
0.38121521
0.38121521
0.38592895
0.38592895
0.38592895
0.38592895
0.38592895
0.38592895
0.38592895
0.38592895
0.38592895
0.37526339
0.36535134
0.36535134
0.36535134
0.36535134
0.37865422
0.37865422
0.37865422
0.37865422
0.37865422
0.37865422
0.39219854
0.39219854
0.39219854
0.39219854
0.31858441
0.31858441
0.31858441
0.32515495
0.32515495
0.32515495
0.32515495
0.32515495
0.32515495
0.32515495
0.32503547
0.32167064
0.32167064
0.32167064
0.32772477
0.32772477
0.32772477
0.3230157
0.3230157
0.3230157
0.3230157
0.3230157
0.32476969
0.34572639
0.36823011
0.36823011
0.36823011
0.36823011
0.40144022
0.40144022
0.40144022
0.4013264
0.38715187
0.38715187
0.38715187
0.38715187
0.38392967
0.38392967
0.38392967
0.38392967
0.39944061
0.39944061
0.39944061
0.39742351
0.39742351
0.39742351
0.40462175
0.40716059
0.41341318
0.41341318
0.43460816
0.43460816
0.43460816
0.43460816
0.43460816
0.43460816
0.43460816
0.43503691
0.44577679
0.44577679
0.44577679
0.44577679
0.44577679
0.44577679
0.43726447
0.41885761
0.41885761
0.41885761
0.38238148
0.37099656
0.37099656
0.37099656
0.37099656
0.37099656
0.37187272
0.38438242
0.38438242
0.38438242
0.3827659
0.3827659
0.3827659
0.3827659
0.37118736
0.37060764
0.37060764
0.37060764
0.37060764
0.37060764
0.35895777
0.32953775
0.29995842
0.29995842
0.29995842
0.29404009
0.29404009
0.29404009
0.32437177
0.32574217
0.32574217
0.32692843
0.33920184
0.33920184
0.34893958
0.34893958
0.34893958
0.33523529
0.33523529
0.33523529
0.33523529
0.33523529
0.34802127
0.34802127
0.37539769
0.3768584
0.3768584
0.3768584
0.35694834
0.33375958
0.33375958
0.33375958
0.34640442
0.34640442
0.36303647
0.39559137
0.39559137
0.39559137
0.36293099
0.36293099
0.36293099
0.36293099
0.36293099
0.33764915
0.33764915
0.33764915
0.41778032
0.41778032
0.41778032
0.38221385
0.35890645
0.35890645
0.35890645
0.3429651
0.3429651
0.3429651
0.44950439
0.44950439
0.44950439
0.40840801
0.40840801
0.40840801
0.32936862
0.31278189
0.31278189
0.31278189
0.31278189
0.31278189
0.31278189
0.33867411
0.33867411
0.33867411
0.33867411
0.344319
0.41239855
0.41239855
0.41239855
0.41239855
0.41239855
0.35624881
0.34983474
0.34983474
0.34983474
0.34983474
0.34983474
0.34983474
0.40955978
0.40955978
0.40955978
0.40955978
0.34413053
0.28245971
0.2673662
0.2673662
0.2673662
0.32350911
0.32350911
0.32350911
0.3312999
0.3312999
0.33338066
0.33928749
0.33928749
0.33928749
0.33928749
0.3669217
0.3669217
0.3669217
0.32589047
0.31576114
0.31576114
0.29903611
0.29903611
0.29903611
0.3063075
0.3063075
0.3063075
0.34673869
0.34673869
0.34673869
0.34673869
0.33211707
0.30711285
0.30711285
0.30711285
0.31749113
0.31861224
0.35998257
0.35998257
0.36107319
0.36107319
0.3638983
0.3638983
0.3638983
0.35029982
0.35029982
0.34791962
0.34791962
0.34791962
0.35953416
0.40457393
0.4190919
0.4190919
0.4190919
0.3608494
0.3551257
0.3551257
0.33611362
0.33611362
0.33611362
0.34898424
0.34898424
0.34898424
0.36443819
0.36443819
0.36443819
0.36443819
0.36443819
0.36443819
0.36443819
0.36443819
0.39113642
0.39113642
0.44935709
0.45249213
0.45249213
0.45249213
0.45249213
0.45249213
0.45249213
0.43782303
0.39844747
0.39607461
0.3664313
0.31984516
0.3162862
0.30837243
0.28887678
0.28887678
0.28887678
0.28887678
0.28702815
0.25730935
0.25730935
0.25730935
0.25730935
0.25730935
0.25730935
0.2680189
0.2680189
0.2680189
0.31333695
0.31333695
0.31333695
0.3258903
0.33067169
0.33067169
0.3522551
0.3522551
0.3522551
0.34543361
0.33773713
0.33773713
0.33773713
0.34088784
0.34088784
0.34088784
0.30694005
0.30625718
0.30625718
0.30625718
0.30625718
0.27785529
0.27785529
0.27785529
0.27785529
0.27785529
0.27785529
0.28475343
0.28475343
0.28475343
0.30402279
0.31385851
0.31392967
0.31502895
0.31502895
0.31502895
0.30616203
0.30616203
0.30616203
0.30027386
0.25253929
0.25253929
0.25253929
0.25253929
0.25253929
0.25253929
0.25253929
0.25253929
0.25253929
0.27102231
0.29215563
0.30733913
0.32864876
0.32864876
0.32864876
0.32864876
0.32864876
0.32864876
0.32864876
0.32864876
0.31625471
0.29150893
0.29150893
0.29150893
0.29150893
0.33790443
0.33790443
0.36727096
0.36727096
0.36727096
0.36337307
0.36337307
0.36337307
0.36622734
0.36622734
0.36622734
0.43684839
0.43684839
0.43684839
0.40002549
0.40002549
0.31968203
0.3193016
0.3193016
0.3193016
0.36197284
0.37354522
0.37354522
0.37354522
0.36041682
0.36041682
0.36041682
0.39541207
0.402531
0.41270049
0.41270049
0.41270049
0.41270049
0.42030849
0.42030849
0.42030849
0.37945722
0.37945722
0.37945722
0.33074185
0.29455133
0.26541941
0.24117054
0.24117054
0.24117054
0.24552634
0.25352026
0.25352026
0.25352026
0.25352026
0.25352026
0.25546505
0.25546505
0.25546505
0.24704604
0.24704604
0.24704604
0.24704604
0.26335132
0.26592248
0.26592248
0.26592248
0.25814668
0.2280333
0.2280333
0.21688517
0.21688517
0.21688517
0.21688517
0.21688517
0.21688517
0.24030771
0.24030771
0.24030771
0.24239179
0.24239179
0.24239179
0.23958585
0.23958585
0.23958585
0.23958585
0.23958585
0.26581084
0.26581084
0.26581084
0.26475838
0.26475838
0.26475838
0.26475838
0.28341003
0.28341003
0.30397313
0.30941939
0.30941939
0.31786172
0.31786172
0.33233253
0.33339832
0.34371862
0.34371862
0.34371862
0.32231684
0.32231684
0.32231684
0.32231684
0.32231684
0.29444685
0.29444685
0.29444685
0.29444685
0.29444685
0.26957992
0.26957992
0.26957992
0.27453661
0.27453661
0.27453661
0.27453661
0.27453661
0.27409403
0.26703676
0.26703676
0.26703676
0.28635211
0.28635211
0.28635211
0.28635211
0.28635211
0.30627951
0.30627951
0.30627951
0.30627951
0.30627951
0.30627951
0.29513454
0.29513454
0.27884409
0.25919148
0.25919148
0.25919148
0.25919148
0.27238287
0.2737666
0.2737666
0.2737666
0.27838918
0.27838918
0.27838918
0.27838918
0.29046813
0.29046813
0.29046813
0.3323422
0.33617361
0.33617361
0.33617361
0.33032543
0.32177278
0.31691691
0.31691691
0.31691691
0.31691691
0.32937278
0.32937278
0.32937278
0.32937278
0.33063987
0.33063987
0.33451643
0.33451643
0.33451643
0.33451643
0.33451643
0.33451643
0.32569684
0.32569684
0.32569684
0.32569684
0.3043119
0.28608466
0.28608466
0.28608466
0.25739033
0.25739033
0.25576365
0.25576365
0.25576365
0.25185809
0.244739
0.22071757
0.22071757
0.22071757
0.21620763
0.21620763
0.21620763
0.21620763
0.21620763
0.15588405
0.15588405
0.15588405
0.15668056
0.15668056
0.1608294
0.1608294
0.1608294
0.16382498
0.16382498
0.16382498
0.16856221
0.16856221
0.16856221
0.15382245
0.15256737
0.14494937
0.14494937
0.14494937
0.1198435
0.09058294
0.09058294
0.09058294
0.13600997
0.13600997
0.13600997
0.11463919
0.11463919
0.11393233
0.10909379
0.10909379
0.10175574
0.08260319
0.08260319
0.07284811
0.07284811
0.07284811
0.09144811
0.11108906
0.11110489
0.11110489
0.11110489
0.09061877
0.09061877
0.08179868
0.08179868
0.08179868
0.08179868
0.12945277
0.12945277
0.12945277
0.12945277
0.10742395
0.10742395
0.10742395
0.08049544
0.08049544
0.08049544
0.08049544
0.08049544
0.08049544
0.0698932
0.0698932
0.0698932
0.10855039
0.10855039
0.10855039
0.11672978
0.11672978
0.11672978
0.11672978
0.11672978
0.11672978
0.11672978
0.13374492
0.13374492
0.13374492
0.13152352
0.13152352
0.12712906
0.12712906
0.12712906
0.12712906
0.12712906
0.12712906
0.12712906
0.12712906
0.12712906
0.12246998
0.12246998
0.12246998
0.12246998
0.12246998
0.12246998
0.11042236
0.11042236
0.11042236
0.11042236
0.10941939
0.10941939
0.10941939
0.09664491
0.09664491
0.07603948
0.07603948
0.07603948
0.07603948
0.09609702
0.09609702
0.09609702
0.08034763
0.08034763
0.08034763
0.07141273
0.07141273
0.07141273
0.06234985
0.06234985
0.06234985
0.04926894
0.04926894
0.04926894
0.08776517
0.08776517
0.08776517
0.08776517
0.08776517
0.08776517
0.10335342
0.10335342
0.12062301
0.12062301
0.12062301
0.12062301
0.12062301
0.12062301
0.12672397
0.12672397
0.14347033
0.16753375
0.17207635
0.17207635
0.17207635
0.12989918
0.12989918
0.12839781
0.10996911
0.10796101
0.08801045
0.08801045
0.08801045
0.09247957
0.10279753
0.10279753
0.10279753
0.10320912
0.13228171
0.13228171
0.14847484
0.14847484
0.16009555
0.16009555
0.16009555
0.15528683
0.15528683
0.15507637
0.15507637
0.15507637
0.15507637
0.15507637
0.15507637
0.15507637
0.15507637
0.15507637
0.18367389
0.20184347
0.20184347
0.20184347
0.20184347
0.20184347
0.20184347
0.22447383
0.23066711
0.23066711
0.23066711
0.23066711
0.23066711
0.23066711
0.22713797
0.22713797
0.22713797
0.20270347
0.20270347
0.19989452
0.19989452
0.19922915
0.19062485
0.19062485
0.18413497
0.18413497
0.18197639
0.18046253
0.18046253
0.18046253
0.18046253
0.18046253
0.16624567
0.16624567
0.16624567
0.1669377
0.1669377
0.1669377
0.1669377
0.1669377
0.1669377
0.13677182
0.13247567
0.11387534
0.08505237
0.06855229
0.06855229
0.06855229
0.06855229
0.06855229
0.06928648
0.09155508
0.09155508
0.09155508
0.09155508
0.09155508
0.10133499
0.10133499
0.10133499
0.12246048
0.12246048
0.12246048
0.10898298
0.10898298
0.10898298
0.1182923
0.1182923
0.1182923
0.11798187
0.11798187
0.11798187
0.11798187
0.15120064
0.15264435
0.15264435
0.15264435
0.15264435
0.12120156
0.12120156
0.08278315
0.08278315
0.08278315
0.08278315
0.08278315
0.08278315
0.08278315
0.09194334
0.1112142
0.1112142
0.1112142
0.10088691
0.10088691
0.09058311
0.09058311
0.09058311
0.09325075
0.09325075
0.09325075
0.09814995
0.09814995
0.09814995
0.09814995
0.09814995
0.10218082
0.12632538
0.13770897
0.13841433
0.14578804
0.14578804
0.14885443
0.14885443
0.14885443
0.14930135
0.20858014
0.20858014
0.20858014
0.21897925
0.21897925
0.21897925
0.21787847
0.21787847
0.21787847
0.24998429
0.25034456
0.25034456
0.25034456
0.25034456
0.25403633
0.25403633
0.25403633
0.25403633
0.25403633
0.24880769
0.24866805
0.24866805
0.24866805
0.24866805
0.24866805
0.24866805
0.25556119
0.25556119
0.28189683
0.28189683
0.28189683
0.24435191
0.24213918
0.22188501
0.22188501
0.22188501
0.22391494
0.22391494
0.22391494
0.2305513
0.2305513
0.2305513
0.22586039
0.22297113
0.22297113
0.21157538
0.21157538
0.21048493
0.19563036
0.19563036
0.19563036
0.19761647
0.19761647
0.19761647
0.17325662
0.17325662
0.17325662
0.17325662
0.16809214
0.16809214
0.16809214
0.16809214
0.1686297
0.1686297
0.17235896
0.17675959
0.19015328
0.19015328
0.19015328
0.17870221
0.17870221
0.17802234
0.15653642
0.15445649
0.15445649
0.15445649
0.16290666
0.16351404
0.17748911
0.17748911
0.17748911
0.16617701
0.16442286
0.16182304
0.15982843
0.15982843
0.11372037
0.11372037
0.11372037
0.11372037
0.09024701
0.09024701
0.09024701
0.09451517
0.09822993
0.09822993
0.09822993
0.09822993
0.08465728
0.08465728
0.08465728
0.08465728
0.09802697
0.11270557
0.11270557
0.12802205
0.12802205
0.12922148
0.14042943
0.14042943
0.14042943
0.12611559
0.12611559
0.12611559
0.12496865
0.12045721
0.12045721
0.12045721
0.12045721
0.1633779
0.1633779
0.1633779
0.1633779
0.1633779
0.1633779
0.14672802
0.14672802
0.14672802
0.16225329
0.18684826
0.18684826
0.18684826
0.18684826
0.1891783
0.227851
0.25580365
0.26622009
0.26622009
0.26622009
0.24109588
0.21549261
0.21549261
0.21549261
0.21549261
0.21549261
0.19407467
0.18762111
0.18762111
0.18762111
0.1839735
0.1839735
0.1839735
0.1839735
0.1839735
0.19002764
0.20202177
0.20202177
0.20202177
0.22592288
0.22725378
0.22725378
0.23318528
0.23318528
0.23318528
0.23318528
0.23318528
0.28958297
0.38440858
0.38440858
0.38440858
0.37888534
0.37888534
0.37888534
0.39440894
0.39440894
0.39440894
0.31602925
0.29177887
0.26222038
0.26222038
0.26222038
0.26222038
0.26222038
0.26222038
0.25145967
0.25145967
0.25145967
0.26814837
0.28837671
0.28837671
0.28837671
0.28837671
0.28002569
0.28002569
0.28002569
0.28828256
0.28828256
0.31067198
0.31089277
0.33550624
0.34334802
0.34334802
0.34334802
0.36101403
0.36101403
0.36101403
0.36101403
0.34202095
0.3417805
0.33920884
0.33920884
0.31836446
0.31478133
0.30795651
0.29152459
0.29152459
0.29152459
0.30268622
0.30268622
0.32615042
0.32615042
0.32615042
0.32615042
0.32615042
0.32615042
0.32615042
0.31321181
0.29121732
0.29121732
0.29121732
0.29297997
0.29297997
0.29297997
0.30574478
0.30574478
0.31459903
0.31459903
0.31459903
0.31459903
0.31459903
0.31459903
0.31822932
0.31822932
0.31822932
0.31822932
0.33007364
0.33007364
0.33007364
0.31348325
0.31348325
0.31348325
0.31348325
0.31348325
0.31348325
0.31348325
0.31348325
0.31348325
0.33443612
0.33443612
0.33560005
0.33560005
0.33560005
0.30475431
0.30475431
0.30475431
0.31623704
0.31623704
0.31623704
0.28104566
0.28104566
0.28104566
0.29455949
0.32684828
0.32684828
0.32684828
0.32583598
0.32583598
0.32583598
0.31323197
0.30352822
0.30168742
0.30168742
0.30168742
0.30168742
0.28963163
0.28940118
0.28154756
0.27480806
0.27480806
0.27480806
0.29982662
0.29982662
0.29982662
0.29554446
0.29554446
0.28730092
0.28389326
0.28389326
0.28389326
0.28836638
0.28883845
0.29731228
0.29731228
0.29731228
0.30839576
0.32290923
0.32290923
0.32290923
0.32290923
0.33809139
0.33809139
0.33809139
0.32694743
0.32694743
0.32694743
0.32694743
0.32694743
0.32033457
0.32033457
0.32033457
0.32661399
0.32661399
0.33236752
0.33236752
0.33468307
0.33468307
0.33972207
0.33972207
0.33972207
0.33972207
0.32553287
0.32541023
0.32531442
0.32531442
0.32531442
0.3461488
0.3461488
0.3461488
0.36064827
0.36064827
0.36064827
0.37456619
0.38216636
0.38260127
0.38444291
0.38444291
0.38444291
0.38444291
0.38444291
0.38444291
0.38444291
0.38444291
0.3748463
0.36755607
0.34675485
0.34675485
0.34675485
0.34675485
0.34675485
0.33802041
0.33802041
0.33802041
0.33802041
0.33802041
0.33105995
0.30518156
0.29099403
0.29099403
0.29099403
0.29099403
0.29099403
0.25601727
0.25601727
0.25601727
0.2787956
0.33617177
0.33617177
0.33617177
0.33617177
0.33617177
0.31200355
0.31200355
0.31200355
0.32193442
0.33678648
0.33679065
0.33679065
0.33679065
0.33679065
0.33679065
0.44416878
0.44416878
0.63959135
0.75863584
0.75863584
0.75863584
0.70675692
0.70675692
0.70675692
0.71777541
0.73481287
0.73481287
0.73481287
0.73627542
0.83866003
0.85436843
0.86005064
0.88920205
0.88920205
0.88920205
0.88920205
0.88920205
0.86031842
0.78891252
0.78891252
0.78891252
0.78891252
0.78891252
0.78891252
0.73859279
0.39844781
0.39844781
0.34791995
0.34791995
0.34791995
0.37397481
0.37397481
0.37397481
0.37375818
0.37375818
0.37375818
0.4011816
0.4011816
0.4011816
0.4011816
0.38446657
0.30602173
0.28441699
0.17006291
0.17006291
0.11502928
0.05972437
0.05972437
0.0356108
0.0356108
0.0356108
0.0356108
0.0356108
0.03445936
0.03445936
0.03445936
0.03445936
0.04755961
0.09828409
0.10540902
0.12908784
0.19747633
0.19747633
0.19747633
0.24766059
0.26487985
0.26519312
0.26813488
0.26813488
0.26813488
0.27298242
0.27298242
0.29609952
0.29609952
0.29978396
0.31031505
0.32678596
0.32678596
0.33576502
0.33576502
0.33576502
0.33576502
0.33576502
0.33576502
0.33576502
0.29401976
0.29401976
0.28762286
0.25002379
0.19879874
0.14917504
0.14917504
0.14917504
0.26541291
0.31889785
0.32393969
0.34836536
0.35548029
0.35548029
0.38012443
0.38107957
0.38107957
0.38107957
0.38107957
0.38107957
0.39072367
0.4112841
0.4112841
0.4112841
0.38757112
0.38757112
0.38757112
0.38757112
0.38757112
0.37965618
0.37965618
0.37965618
0.37965618
0.37965618
0.27715909
0.18150499
0.16576676
0.16576676
0.16576676
0.42711764
0.58250912
0.75922739
0.8298586
0.90793235
0.90793235
0.91051134
0.93436796
0.9353571
0.96951435
0.97789353
0.97789353
0.97789353
0.93674583
0.93674583
0.92697259
0.90944738
0.90755559
0.87467758
0.84502827
0.70254291
0.65592862
0.551884
0.551884
0.49413408
0.49413408
0.49377165
0.46310154
0.40694579
0.40232471
0.40232471
0.40232471
0.40232471
0.39785126
0.39785126
0.39785126
0.43601339
0.44001193
0.44001193
0.44001193
0.44001193
0.44001193
0.42554679
0.42554679
0.42554679
0.43754075
0.47283778
0.47421234
0.47421234
0.47421234
0.46565437
0.38571266
0.31186557
0.30859005
0.26141954
0.23638615
0.20435964
0.20435964
0.20435964
0.20435964
0.19064785
0.19064785
0.19064785
0.19064785
0.15547379
0.1530776
0.1530776
0.1530776
0.16649195
0.17897432
0.18444174
0.18444174
0.18444174
0.18299303
0.18299303
0.17042051
0.17042051
0.17029687
0.16517171
0.16517171
0.16517171
0.19668932
0.19668932
0.19668932
0.19668932
0.19668932
0.19668932
0.19668932
0.20600548
0.20600548
0.21774016
0.21774016
0.21774016
0.17679525
0.15964514
0.15964514
0.15964514
0.15157056
0.15157056
0.15157056
0.17857473
0.17857473
0.17857473
0.17857473
0.17857473
0.17857473
0.186506
0.19114192
0.19394753
0.19394753
0.2074412
0.2074412
0.2074412
0.2074412
0.2074412
0.22622782
0.22622782
0.23307447
0.25510845
0.25510845
0.25510845
0.25510845
0.23689221
0.22661558
0.21185682
0.21185682
0.21185682
0.22171688
0.22171688
0.26057004
0.26057004
0.26057004
0.26068685
0.26356978
0.26356978
0.26356978
0.26482286
0.26482286
0.26482286
0.26543724
0.26543724
0.26543724
0.23567629
0.22315626
0.1947872
0.18101408
0.1591674
0.1591674
0.1591674
0.1591674
0.1591674
0.1591674
0.1591674
0.19797523
0.19969306
0.19995301
0.20458026
0.20853082
0.25548504
0.25548504
0.25757829
0.25757829
0.2909557
0.29555713
0.29555713
0.33766414
0.33766414
0.33766414
0.33766414
0.39254531
0.39254531
0.39254531
0.37674409
0.37199486
0.35640978
0.35640978
0.35640978
0.33692729
0.33692729
0.33692729
0.36104603
0.38351942
0.38351942
0.38351942
0.38351942
0.38351942
0.37245494
0.37245494
0.37245494
0.42848187
0.46688112
0.46688112
0.46688112
0.46688112
0.46688112
0.45420913
0.45420913
0.40373676
0.40373676
0.40373676
0.40508533
0.44888385
0.44888385
0.51018524
0.51018524
0.51018524
0.51018524
0.52311185
0.52892537
0.52892537
0.52892537
0.52892537
0.52892537
0.52702108
0.52702108
0.52702108
0.52702108
0.5512138
0.5512138
0.5512138
0.49962816
0.49962816
0.49962816
0.49962816
0.49962816
0.49962816
0.53206208
0.53206208
0.53206208
0.53206208
0.53206208
0.53206208
0.55108983
0.55108983
0.55108983
0.55108983
0.55108983
0.55108983
0.55108983
0.55108983
0.55108983
0.57999278
0.61097083
0.61097083
0.62367699
0.64819681
0.64819681
0.64819681
0.6502879
0.6502879
0.6502879
0.63793068
0.63793068
0.63793068
0.63793068
0.63793068
0.60621227
0.60621227
0.60621227
0.60954995
0.60954995
0.60954995
0.59807755
0.59482602
0.59232785
0.55891178
0.55891178
0.55891178
0.55891178
0.55891178
0.55891178
0.63000374
0.63892981
0.63892981
0.63892981
0.63892981
0.63892981
0.67744387
0.68777583
0.68777583
0.71033121
0.7373722
0.74096199
0.74380277
0.76109752
0.76109752
0.76109752
0.72909667
0.72909667
0.69963865
0.69963865
0.63915293
0.60143722
0.60143722
0.60143722
0.53843783
0.53843783
0.53174181
0.46740119
0.46740119
0.46663501
0.45256195
0.45256195
0.44011324
0.42450283
0.42450283
0.42450283
0.42450283
0.42705349
0.42705349
0.44631902
0.46786393
0.46786393
0.46786393
0.46786393
0.47618129
0.58402565
0.58402565
0.58402565
0.54031629
0.54031629
0.54031629
0.54031629
0.54031629
0.54031629
0.55568109
0.55568109
0.55568109
0.51003677
0.49758123
0.49758123
0.48624363
0.48624363
0.48624363
0.48093318
0.42135012
0.42135012
0.42135012
0.46797774
0.46797774
0.46797774
0.4558583
0.45438259
0.45438259
0.45438259
0.45438259
0.40848199
0.40848199
0.40848199
0.46434979
0.48883462
0.49133313
0.49174905
0.50225597
0.50225597
0.50225597
0.50225597
0.50225597
0.43280652
0.424452
0.424452
0.424452
0.35489457
0.340103
0.340103
0.340103
0.340103
0.340103
0.340103
0.340103
0.340103
0.34158737
0.34158737
0.34158737
0.34158737
0.34158737
0.37256242
0.41580171
0.41580171
0.41580171
0.41580171
0.41580171
0.41053042
0.39333148
0.39333148
0.39333148
0.39333148
0.39333148
0.40056839
0.40056839
0.40056839
0.40056839
0.40056839
0.39648236
0.39648236
0.39648236
0.39976021
0.39976021
0.39976021
0.42661791
0.42661791
0.42661791
0.42661791
0.42902643
0.42902643
0.42902643
0.42902643
0.42902643
0.46088881
0.46088881
0.46088881
0.45752764
0.45752764
0.4475936
0.4475936
0.4475936
0.4475936
0.4475936
0.4475936
0.4475936
0.43841258
0.43841258
0.3927676
0.34892809
0.33100196
0.33100196
0.33100196
0.33100196
0.33100196
0.33100196
0.33100196
0.34861248
0.34861248
0.34861248
0.34861248
0.34861248
0.34953597
0.34953597
0.39555471
0.39555471
0.39555471
0.38376854
0.38376854
0.38376854
0.3574909
0.35678553
0.3287604
0.3287604
0.3287604
0.3422639
0.3422639
0.3422639
0.3422639
0.3422639
0.3422639
0.35575457
0.35575457
0.35575457
0.34706079
0.33496118
0.33496118
0.33496118
0.36562829
0.36562829
0.36562829
0.34196796
0.34196796
0.34196796
0.31138867
0.31138867
0.31138867
0.31138867
0.33666867
0.34782214
0.3478673
0.3478673
0.3478673
0.34432683
0.34432683
0.34432683
0.34432683
0.34432683
0.34202262
0.34202262
0.34202262
0.34202262
0.35845537
0.36018336
0.36923458
0.37173258
0.37173258
0.39478703
0.39478703
0.39478703
0.37499411
0.37499411
0.37499411
0.38204021
0.40731489
0.40905688
0.41313357
0.41313357
0.45310834
0.46763548
0.52195775
0.52500315
0.52638437
0.53103529
0.53103529
0.53103529
0.48706864
0.48706864
0.48706864
0.50279486
0.50279486
0.50279486
0.4757887
0.4757887
0.4757887
0.4757887
0.4757887
0.43536185
0.39921382
0.39921382
0.39921382
0.39921382
0.39921382
0.39921382
0.4541913
0.4541913
0.4664862
0.47523497
0.48215644
0.50331276
0.50331276
0.50331276
0.50024887
0.50024887
0.50024887
0.50024887
0.48239789
0.48239789
0.48239789
0.48239789
0.50983281
0.53915468
0.53915468
0.53915468
0.53915468
0.53915468
0.53915468
0.50041917
0.50041917
0.50041917
0.49508922
0.4737576
0.4737576
0.4737576
0.4737576
0.4737576
0.44088742
0.44088742
0.44088742
0.45428178
0.46316436
0.46316436
0.46342947
0.46342947
0.46342947
0.45408565
0.45408565
0.45408565
0.4300284
0.4300284
0.42517519
0.42517519
0.42517519
0.42517653
0.46078383
0.50065779
0.54778765
0.56734378
0.57817464
0.57817464
0.57817464
0.57817464
0.57817464
0.56645446
0.56645446
0.56645446
0.57961503
0.57961503
0.57961503
0.53501367
0.49626082
0.44274472
0.4403357
0.42055394
0.39422164
0.37983832
0.37312714
0.37312714
0.37312714
0.37312714
0.37312714
0.34564024
0.29900945
0.286078
0.286078
0.25321416
0.25321416
0.25321416
0.30894182
0.32595596
0.32595596
0.32595596
0.32595596
0.38795921
0.39561087
0.39561087
0.39585232
0.44585928
0.44585928
0.5166308
0.5387276
0.5387276
0.5387276
0.53862579
0.52564702
0.50221465
0.50221465
0.50221465
0.50565947
0.51897484
0.55020783
0.55020783
0.56899562
0.57371436
0.57371436
0.57371436
0.57371436
0.57042967
0.5493845
0.5493845
0.54558975
0.54367979
0.54106864
0.53917501
0.5059799
0.5059799
0.50497044
0.49171922
0.48816925
0.48816925
0.48554644
0.44966586
0.44966586
0.44966586
0.44966586
0.44966586
0.46516663
0.46516663
0.46516663
0.46516663
0.46516663
0.46516663
0.46516663
0.46516663
0.46516663
0.46516663
0.46291957
0.46291957
0.45863392
0.42625082
0.42494441
0.39571301
0.34738789
0.34738789
0.34738789
0.34860798
0.34860798
0.34860798
0.34015415
0.34015415
0.34015415
0.31684059
0.31684059
0.31684059
0.32266611
0.32266611
0.32266611
0.30897748
0.30897748
0.30897748
0.32429012
0.33135622
0.33135622
0.33135622
0.33135622
0.33135622
0.31665546
0.31665546
0.31665546
0.34957946
0.34957946
0.34957946
0.34957946
0.34957946
0.34957946
0.39794557
0.39794557
0.39794557
0.39010029
0.39010029
0.37528288
0.37528288
0.37528288
0.37832745
0.37832745
0.37832745
0.37164577
0.3708216
0.3708216
0.36311379
0.36311379
0.36311379
0.36311379
0.35181035
0.35016468
0.34647924
0.34647924
0.34647924
0.34647924
0.34647924
0.34647924
0.34647924
0.34647924
0.34647924
0.37591926
0.3775301
0.3775301
0.40244618
0.40244618
0.44351657
0.4705314
0.50362637
0.50362637
0.50362637
0.48745239
0.46440095
0.46066485
0.46066485
0.46066485
0.46066485
0.50712868
0.50712868
0.50712868
0.50712868
0.50712868
0.51202388
0.51202388
0.51202388
0.51202388
0.51202388
0.51202388
0.51214802
0.51214802
0.51214802
0.48516368
0.48516368
0.48516368
0.48516368
0.48516368
0.48516368
0.48516368
0.48516368
0.48516368
0.47284478
0.47284478
0.47284478
0.52631172
0.55106933
0.55106933
0.55106933
0.55106933
0.55106933
0.55106933
0.57437689
0.57437689
0.57437689
0.51294019
0.51294019
0.51294019
0.51294019
0.50214833
0.50133349
0.49610919
0.48107066
0.48107066
0.48107066
0.42094536
0.42094536
0.42094536
0.42094536
0.42094536
0.39111975
0.39101727
0.39101727
0.39101727
0.40817872
0.40817872
0.46505349
0.48141042
0.48141042
0.48141042
0.49714981
0.50845641
0.50845641
0.50845641
0.50845641
0.52195408
0.52195408
0.56523587
0.56523587
0.56523587
0.56523587
0.56523587
0.56523587
0.56523587
0.54774899
0.54774899
0.54774899
0.59421198
0.6217562
0.6217562
0.6271788
0.6271788
0.6271788
0.63135197
0.63135197
0.63135197
0.62863551
0.62863551
0.62863551
0.56448968
0.51831213
0.51831213
0.51831213
0.45483834
0.45483834
0.45483834
0.45483834
0.43936456
0.43936456
0.41510118
0.41510118
0.38889253
0.38889253
0.38889253
0.39335964
0.4187503
0.4187503
0.4187503
0.44003759
0.47211142
0.52702991
0.54461027
0.54461027
0.54461027
0.46985487
0.46392604
0.46392604
0.46392604
0.46392604
0.46392604
0.46392604
0.46054288
0.41360331
0.41360331
0.41360331
0.41360331
0.41325222
0.41325222
0.38434476
0.38434476
0.38434476
0.38434476
0.43090306
0.43090306
0.43090306
0.48933702
0.48933702
0.48933702
0.46389055
0.46389055
0.46389055
0.48262751
0.48262751
0.48262751
0.50376717
0.50376717
0.50376717
0.49380764
0.49380764
0.49380764
0.49380764
0.46585516
0.44133967
0.44133967
0.44133967
0.37841126
0.37841126
0.37841126
0.37555399
0.37555399
0.37555399
0.42216379
0.42216379
0.42216379
0.42216379
0.48326172
0.48561409
0.51408014
0.51408014
0.53745952
0.56394979
0.56976797
0.56976797
0.56976797
0.58452922
0.58452922
0.58452922
0.58431326
0.58431326
0.58431326
0.53365027
0.53365027
0.53365027
0.53396588
0.53396588
0.53396588
0.49410075
0.49410075
0.46139921
0.4411787
0.4411787
0.4411787
0.48325522
0.49788883
0.51094842
0.51094842
0.51094842
0.51048901
0.48994107
0.48014084
0.48014084
0.48014084
0.48014084
0.49355286
0.49355286
0.49355286
0.49355286
0.49355286
0.49355286
0.49355286
0.49355286
0.49355286
0.48290463
0.47803909
0.47803909
0.46289841
0.46289841
0.46289841
0.44218084
0.39217055
0.39217055
0.39217055
0.44455403
0.44455403
0.44455403
0.42457065
0.42457065
0.39673914
0.39673914
0.38086911
0.38086911
0.38086911
0.38086911
0.42950584
0.42950584
0.43446203
0.43446203
0.43446203
0.43446203
0.43446203
0.55848787
0.55913807
0.58791055
0.58791055
0.58791055
0.58855559
0.60480122
0.60480122
0.60480122
0.60480122
0.60480122
0.60480122
0.60555207
0.60555207
0.63622918
0.63622918
0.63622918
0.63622918
0.6285447
0.6285447
0.6285447
0.66281043
0.69130397
0.69130397
0.69130397
0.69130397
0.70437988
0.72462605
0.72811703
0.72811703
0.73836334
0.74578821
0.74578821
0.74578821
0.74578821
0.74578821
0.78073264
0.78073264
0.78073264
0.79256913
0.79256913
0.79256913
0.78600993
0.78600993
0.78600993
0.78600993
0.78600993
0.78600993
0.71966353
0.71966353
0.71966353
0.71929227
0.71929227
0.71929227
0.71929227
0.67398389
0.65047003
0.63098805
0.63098805
0.63098805
0.63098805
0.63098805
0.63098805
0.6305448
0.6305448
0.6305448
0.6305448
0.6305448
0.54970727
0.54281729
0.54281729
0.54281729
0.54281729
0.54281729
0.54281729
0.49442885
0.49442885
0.49442885
0.52837481
0.52837481
0.54251169
0.55339737
0.57556283
0.57556283
0.57556283
0.57556283
0.57556283
0.61825156
0.61825156
0.61825156
0.61825156
0.53443745
0.52579032
0.5220119
0.5220119
0.5220119
0.54686166
0.5503963
0.5503963
0.5503963
0.5503963
0.5503963
0.5503963
0.54299642
0.54299642
0.49102252
0.47202611
0.47138274
0.47138274
0.47138274
0.47138274
0.47138274
0.47138274
0.47138274
0.433762
0.42311177
0.40952262
0.40952262
0.40952262
0.40789944
0.39146968
0.32350311
0.32350311
0.32350311
0.39043206
0.39448076
0.40478772
0.40806957
0.40806957
0.40806957
0.40806957
0.40806957
0.43214099
0.43214099
0.47117278
0.50457168
0.51048368
0.51048368
0.51048368
0.50026536
0.50026536
0.4948601
0.4948601
0.4948601
0.4948601
0.4948601
0.58239781
0.58239781
0.5937569
0.5937569
0.62873266
0.62873266
0.64628869
0.66486786
0.66486786
0.66486786
0.66486786
0.66486786
0.66486786
0.63823945
0.63823945
0.63823945
0.61058358
0.61058358
0.61058358
0.61058358
0.61058358
0.61058358
0.61058358
0.61058358
0.61058358
0.6172141
0.6172141
0.6172141
0.62039397
0.62039397
0.62039397
0.62039397
0.62039397
0.62039397
0.62039397
0.64225132
0.64289086
0.64355073
0.64355073
0.64355073
0.63785002
0.63785002
0.60951929
0.60739204
0.54140474
0.54140474
0.50310964
0.50310964
0.44669161
0.44669161
0.44669161
0.44628952
0.3898585
0.3898585
0.3898585
0.3898585
0.42011586
0.58538389
0.58538389
0.58538389
0.58538389
0.58538389
0.56145161
0.56145161
0.56103969
0.50951404
0.44576446
0.39193743
0.33244351
0.31182075
0.30962185
0.19979054
0.19979054
0.19979054
0.20822071
0.24485281
0.24705071
0.28398708
0.3579503
0.41962762
0.50110087
0.56581992
0.56581992
0.67781247
0.67781247
0.67781247
0.66842382
0.66842382
0.66842382
0.39089313
0.23697686
0.20805608
0.20805608
0.20805608
0.20805608
0.20805608
0.2842137
0.30539785
0.3968123
0.88732509
0.88732509
0.88732509
0.80700528
0.77179107
0.76436787
0.75342287
0.75342287
0.74429633
0.73722023
0.73722023
0.73722023
0.73722023
0.73722023
0.73722023
0.73722023
0.75420788
0.76657094
0.76657094
0.76657094
0.75181635
0.75181635
0.75181635
0.80374626
0.80374626
0.80374626
0.75878981
0.75878981
0.75878981
0.83807248
0.88953582
0.88957631
0.9284573
0.9284573
0.9284573
0.91401232
0.87586085
0.87586085
0.87586085
0.81143091
0.79024526
0.79024526
0.79024526
0.78795255
0.78795255
0.78795255
0.81159404
0.81159404
0.81159404
0.81159404
0.81159404
0.83704335
0.89458282
0.91360156
0.91360156
0.91360156
0.91360156
0.90919343
0.90919343
0.90919343
0.92285374
0.92285374
0.92285374
0.92285374
0.92285374
0.92285374
0.89390312
0.89382347
0.88166987
0.85446891
0.81819324
0.78912965
0.78912965
0.78802986
0.73320669
0.73320669
0.70472865
0.65926829
0.65926829
0.65926829
0.61408455
0.56740044
0.56740044
0.54788346
0.51990848
0.51990848
0.51990848
0.51990848
0.64556433
0.77053232
0.81049009
0.81049009
0.81049009
0.81049009
0.81049009
0.80605197
0.80605197
0.80605197
0.80605197
0.80447778
0.80447778
0.79351378
0.79351378
0.79351378
0.78384119
0.70267639
0.67061355
0.64528922
0.54184182
0.54184182
0.54184182
0.49369483
0.44526456
0.42193517
0.42193517
0.42193517
0.49233226
0.50359421
0.50359421
0.50359421
0.50188171
0.50146279
0.38374554
0.32910067
0.31981617
0.31981617
0.31981617
0.31981617
0.31981617
0.3140823
0.28991124
0.28991124
0.28991124
0.28991124
0.33318536
0.33318536
0.33318536
0.34945032
0.34945032
0.34945032
0.34945032
0.34945032
0.35582139
0.39805838
0.44897483
0.45472403
0.47206327
0.47206327
0.47206327
0.42097469
0.42097469
0.42097469
0.42097469
0.42097469
0.42097469
0.42097469
0.42278233
0.42522335
0.42522335
0.42889679
0.42889679
0.42889679
0.47198362
0.47198362
0.47198362
0.47198362
0.47198362
0.44198154
0.44198154
0.44198154
0.44198154
0.44198154
0.44198154
0.43753275
0.43753275
0.43354238
0.43250541
0.43039933
0.43039933
0.43039933
0.43039933
0.44577496
0.44687041
0.50149479
0.54865614
0.55321807
0.55520085
0.6016715
0.6016715
0.6016715
0.6016715
0.6260157
0.63073826
0.63073826
0.63073826
0.60815572
0.60815572
0.60815572
0.64803901
0.64803901
0.65376638
0.70641332
0.70641332
0.70641332
0.70641332
0.70641332
0.7086927
0.7086927
0.7086927
0.65646318
0.62745741
0.62745741
0.62609035
0.51214235
0.51214235
0.51214235
0.57752744
0.57752744
0.57752744
0.49458615
0.48216811
0.35727311
0.35727311
0.35727311
0.35727311
0.36107952
0.36107952
0.36107952
0.36107952
0.43842691
0.43842691
0.52952858
0.57007708
0.59387704
0.59387704
0.59387704
0.59387704
0.59387704
0.59387704
0.59387704
0.59387704
0.64945773
0.64945773
0.64945773
0.64945773
0.67216008
0.7461498
0.78333379
0.78333379
0.80532778
0.84561732
0.84948439
0.84948439
0.85998565
0.85998565
0.88888495
0.88888495
0.88888495
0.88327422
0.88327422
0.88327422
0.84557933
0.76495642
0.70169308
0.61562308
0.51868889
0.51868889
0.42609885
0.2453847
0.17066379
0.17066379
0.15939135
0.15939135
0.15939135
0.17211051
0.17211051
0.17211051
0.16264721
0.16264721
0.16264721
0.16264721
0.13682814
0.13682814
0.13682814
0.13682814
0.13682814
0.13682814
0.13682814
0.13682814
0.13682814
0.13682814
0.13682814
0.16452167
0.22619349
0.23201334
0.23201334
0.23201334
0.32529959
0.45847828
0.53606046
0.6069298
0.63570978
0.63570978
0.63570978
0.63570978
0.61925336
0.55249971
0.55249971
0.55249971
0.55249971
0.55249971
0.55249971
0.55249971
0.55249971
0.5524179
0.5524179
0.5524179
0.56341456
0.56341456
0.61964895
0.61964895
0.64384284
0.65794022
0.68179984
0.69018719
0.70765574
0.70765574
0.71103107
0.7518865
0.7518865
0.7518865
0.7518865
0.7518865
0.76900296
0.76900296
0.76900296
0.73962726
0.73962726
0.73962726
0.73962726
0.73962726
0.71765076
0.66418932
0.62149675
0.62095103
0.56476796
0.54745121
0.52922598
0.52922598
0.4677013
0.4677013
0.45407449
0.3728367
0.3728367
0.3728367
0.40928433
0.40928433
0.40928433
0.40928433
0.39089363
0.39089363
0.39089363
0.4386277
0.43979097
0.45371856
0.53028743
0.53028743
0.53028743
0.59657151
0.59657151
0.60275912
0.61499854
0.61742056
0.61742056
0.62108334
0.62108334
0.62108334
0.62108334
0.62108334
0.61071405
0.60733189
0.60733189
0.60733189
0.60357729
0.60357729
0.57701871
0.55376763
0.55376763
0.55376763
0.60202443
0.63419708
0.69908876
0.70873019
0.70873019
0.74456278
0.78021707
0.78021707
0.83180239
0.83180239
0.83180239
0.83521888
0.8415193
0.85135336
0.85135336
0.85135336
0.85135336
0.85135336
0.85135336
0.84101373
0.83538368
0.81379678
0.81379678
0.74284645
0.66819953
0.6534881
0.61445015
0.61445015
0.61260618
0.56064294
0.54489122
0.53563488
0.52155766
0.52155766
0.52016927
0.49188469
0.47665403
0.47665403
0.44784038
0.44784038
0.44784038
0.44784038
0.42459464
0.41370246
0.41370246
0.40109345
0.39859728
0.35502955
0.34126827
0.34126827
0.34126827
0.29461848
0.29461848
0.29461848
0.30036884
0.31129202
0.35116098
0.38287871
0.38376904
0.39059552
0.39059552
0.39059552
0.37969818
0.37969818
0.37969818
0.40289326
0.40289326
0.40289326
0.3773763
0.3773763
0.3773763
0.40325052
0.40325052
0.42243074
0.47653072
0.60075668
0.60075668
0.64558933
0.69212131
0.73050489
0.74627378
0.7954679
0.79619325
0.80409036
0.81490439
0.81490439
0.8183867
0.8183867
0.81893159
0.84620204
0.85043954
0.85761545
0.87301391
0.89918091
0.89989277
0.91108273
0.91413163
0.91413163
0.91413163
0.90824462
0.90824462
0.90824462
0.90143213
0.8614437
0.84259125
0.8362625
0.8362625
0.8362625
0.8362625
0.8362625
0.8362625
0.8362625
0.8362625
0.8362625
0.8362625
0.8362625
0.83338524
0.83338524
0.83123433
0.81574156
0.79937096
0.77322612
0.76148994
0.76148994
0.76148994
0.76148994
0.76148994
0.76148994
0.76148994
0.77634284
0.77634284
0.77634284
0.77634284
0.77634284
0.79717922
0.79717922
0.79717922
0.79717922
0.78333063
0.78333063
0.78333063
0.78284039
0.78089511
0.77669344
0.76559113
0.76559113
0.76559113
0.76559113
0.76559113
0.76559113
0.76559113
0.76559113
0.76559113
0.77002392
0.77079493
0.79455424
0.79455424
0.79455424
0.76730579
0.76730579
0.76730579
0.76730579
0.72696826
0.72696826
0.72696826
0.74053691
0.74966827
0.7503618
0.7503618
0.7503618
0.74915588
0.74392258
0.74392258
0.74392258
0.74769816
0.74769816
0.74769816
0.7289492
0.7289492
0.7289492
0.74594451
0.74594451
0.74594451
0.74584186
0.7133956
0.7133956
0.7133956
0.72693543
0.72725603
0.7384055
0.7384055
0.7384055
0.7384055
0.72236583
0.72236583
0.72236583
0.72795256
0.72795256
0.72795256
0.72795256
0.72795256
0.71892818
0.70370785
0.70370785
0.70370785
0.70370785
0.70370785
0.70400163
0.72528142
0.72528142
0.72528142
0.68507486
0.67688565
0.67389757
0.67097898
0.67013948
0.67013948
0.67013948
0.69604653
0.69604653
0.70581327
0.70581327
0.70581327
0.70581327
0.7083536
0.7083536
0.7083536
0.7078657
0.69496058
0.69496058
0.69496058
0.69616234
0.69616234
0.69616234
0.68875414
0.68875414
0.68875414
0.68875414
0.6891139
0.6891139
0.6891139
0.6891139
0.70184672
0.74223608
0.74223608
0.74223608
0.73297807
0.73297807
0.73297807
0.71680027
0.68702848
0.68702848
0.68702848
0.68702848
0.68702848
0.72212305
0.72212305
0.72212305
0.72212305
0.7267348
0.7267348
0.7491887
0.7491887
0.74919487
0.76679756
0.76679756
0.76679756
0.76723814
0.76723814
0.76723814
0.76723814
0.75552945
0.75552945
0.75552945
0.78904866
0.78904866
0.78904866
0.78904866
0.78904866
0.78904866
0.7871587
0.7871587
0.77088042
0.77088042
0.77088042
0.77121019
0.77121019
0.77121019
0.75335705
0.75335705
0.75335705
0.75335705
0.75335705
0.75335705
0.74349266
0.74349266
0.74349266
0.74349266
0.7150891
0.71403731
0.71403731
0.71403731
0.71403731
0.69328258
0.67420701
0.67420701
0.58923946
0.58923946
0.57347007
0.57347007
0.49291198
0.49291198
0.40334384
0.35196149
0.35196149
0.35196149
0.31269574
0.31269574
0.31269574
0.29065843
0.29065843
0.29065843
0.29065843
0.29065843
0.22980478
0.20517681
0.20517681
0.20517681
0.20778196
0.20778196
0.20778196
0.21287479
0.23707684
0.23707684
0.23707684
0.23707684
0.23301381
0.23301381
0.2207754
0.21004235
0.21004235
0.21004235
0.21250453
0.2265131
0.2265131
0.2265131
0.22704716
0.22704716
0.22704716
0.22808879
0.22808879
0.24722034
0.24722034
0.24722034
0.24722034
0.26993519
0.26993519
0.26993519
0.26563287
0.26563287
0.26563287
0.31142833
0.31142833
0.3524134
0.37876586
0.39801473
0.39801473
0.39801473
0.41632294
0.42083155
0.44353224
0.50208484
0.50404378
0.54104248
0.54104248
0.54104248
0.54104248
0.53290775
0.52891887
0.49609885
0.49609885
0.49609885
0.49609885
0.49609885
0.49609885
0.49609885
0.49609885
0.50084075
0.50545467
0.5093759
0.5093759
0.5093759
0.5093759
0.5093759
0.5075201
0.5075201
0.5075201
0.5075201
0.5075201
0.5075201
0.5075201
0.48503237
0.48503237
0.48503237
0.47131342
0.47131342
0.47131342
0.53325468
0.53325468
0.53325468
0.53087315
0.53087315
0.53087315
0.53279461
0.53279461
0.54620862
0.54620862
0.54620862
0.59578667
0.69623716
0.69765621
0.70102755
0.79160382
0.79160382
0.82409591
0.82409591
0.82409591
0.79517362
0.79318951
0.79318951
0.79318951
0.8011841
0.8011841
0.8011841
0.8011841
0.80500085
0.81737457
0.81737457
0.81737457
0.81737457
0.8268267
0.8268267
0.83873152
0.83873152
0.83976548
0.85309468
0.85309468
0.85660949
0.85660949
0.86786276
0.86786276
0.86786276
0.86786276
0.86786276
0.83320028
0.825327
0.82445667
0.76001706
0.71487931
0.68223376
0.62554829
0.62554829
0.62554829
0.66737253
0.73702677
0.73702677
0.73702677
0.73702677
0.73702677
0.75107266
0.79502915
0.82810628
0.82810628
0.82810628
0.82810628
0.82810628
0.82810628
0.86751
0.89908143
0.90230996
0.90230996
0.90230996
0.8828468
