0.66902672
0.65470755
0.59535539
0.59535539
0.59535539
0.59535539
0.59535539
0.59535539
0.59535539
0.59535539
0.56292576
0.56255115
0.56255115
0.51126376
0.50800483
0.4758313
0.46709251
0.46709251
0.46709251
0.47033318
0.47033318
0.47033318
0.47033318
0.47033318
0.52928458
0.52928458
0.58356718
0.59532624
0.59532624
0.59532624
0.59532624
0.59532624
0.59532624
0.60860878
0.63453963
0.63453963
0.63453963
0.63453963
0.63453963
0.63453963
0.69548202
0.72372615
0.72372615
0.72372615
0.75865842
0.75865842
0.75865842
0.75865842
0.71998419
0.71998419
0.71998419
0.65469719
0.65469719
0.65469719
0.65469719
0.65469719
0.65469719
0.65469719
0.65469719
0.65469719
0.69561143
0.69561143
0.69561143
0.69561143
0.69561143
0.69561143
0.69318943
0.66627917
0.66627917
0.66627917
0.66627917
0.66627917
0.66627917
0.66627917
0.66627917
0.66708041
0.67461747
0.6786869
0.6786869
0.6786869
0.67095969
0.67095969
0.67095969
0.67095969
0.67095969
0.67095969
0.68668193
0.68668193
0.68668193
0.66258679
0.66032281
0.62392155
0.62361968
0.62361968
0.62361968
0.65506363
0.65506363
0.70441369
0.70441369
0.70441369
0.70441369
0.69519514
0.69519514
0.69519514
0.70609873
0.70609873
0.70609873
0.7015825
0.7015825
0.7015825
0.78185941
0.78185941
0.78185941
0.78185941
0.78185941
0.78185941
0.78185941
0.81955041
0.83244963
0.83244963
0.83244963
0.8198975
0.8198975
0.8198975
0.8198975
0.8349035
0.8349035
0.8349035
0.8349035
0.8349035
0.8349035
0.82710163
0.78207573
0.73542636
0.72622661
0.70144818
0.65669445
0.65669445
0.63363676
0.63363676
0.63363676
0.63363676
0.63363676
0.63363676
0.63363676
0.63363676
0.62986265
0.62986265
0.62986265
0.62986265
0.66995384
0.68951749
0.68951749
0.71659694
0.71659694
0.73721602
0.73721602
0.73721602
0.73721602
0.73721602
0.72905481
0.72905481
0.72905481
0.68879498
0.6598978
0.6598978
0.6598978
0.65846722
0.65846722
0.65846722
0.65846722
0.65846722
0.63217049
0.63217049
0.63217049
0.5634295
0.5634295
0.5634295
0.5634295
0.5634295
0.57541768
0.64689478
0.64689478
0.67581184
0.67581184
0.67581184
0.7163719
0.7163719
0.7163719
0.7163719
0.7163719
0.73996086
0.73996086
0.73996086
0.72731528
0.71676967
0.71676967
0.71676967
0.71676967
0.71676967
0.71676967
0.65597031
0.65040054
0.63804075
0.63804075
0.63804075
0.63804075
0.59654568
0.59654568
0.59654568
0.59654568
0.62590191
0.62590191
0.62590191
0.62590191
0.62590191
0.62590191
0.62590191
0.65915132
0.69806775
0.69806775
0.69806775
0.64860734
0.64860734
0.64860734
0.71746357
0.71746357
0.71746357
0.71172408
0.71172408
0.68757363
0.68757363
0.68757363
0.68757363
0.68757363
0.68757363
0.68757363
0.68757363
0.68757363
0.68757363
0.68757363
0.68757363
0.68327643
0.68327643
0.68327643
0.68327643
0.68327643
0.68018941
0.66517606
0.66517606
0.66517606
0.63247916
0.63247916
0.63247916
0.63247916
0.63247916
0.63247916
0.63247916
0.64334162
0.64334162
0.64334162
0.64334162
0.64334162
0.64334162
0.64334162
0.64334162
0.62849609
0.62849609
0.62849609
0.62849609
0.62849609
0.62849609
0.62849609
0.62849609
0.62636452
0.62636452
0.62636452
0.61016278
0.54642815
0.54642815
0.54642815
0.54642815
0.54415872
0.52040304
0.45072567
0.45072567
0.45072567
0.46474571
0.46474571
0.46474571
0.42484741
0.42484741
0.42484741
0.42484741
0.47473745
0.50689818
0.6095141
0.67952656
0.75495923
0.76252979
0.76252979
0.78459253
0.78459253
0.78459253
0.80351786
0.80351786
0.80351786
0.79433499
0.79433499
0.79433499
0.8378107
0.8460403
0.85369777
0.85369777
0.85369777
0.84832607
0.82241294
0.82241294
0.82241294
0.81237815
0.81237815
0.72625549
0.72625549
0.72625549
0.73849894
0.73849894
0.84644842
0.84644842
0.84644842
0.8376061
0.8376061
0.8376061
0.82944679
0.80143287
0.76888064
0.76888064
0.76888064
0.76888064
0.76888064
0.76888064
0.76888064
0.76888064
0.76888064
0.79541549
0.79541549
0.79541549
0.78925153
0.78925153
0.78925153
0.78925153
0.78925153
0.74305332
0.74305332
0.74305332
0.77374669
0.77374669
0.7941955
0.80901324
0.8093102
0.8093102
0.8553098
0.8553098
0.8553098
0.82520191
0.75357305
0.70368682
0.68473099
0.68473099
0.68473099
0.72076255
0.72076255
0.72076255
0.70981536
0.69108483
0.65142737
0.61935681
0.61935681
0.61935681
0.61935681
0.63640747
0.65678054
0.65678054
0.65678054
0.60771627
0.60771627
0.60771627
0.61715304
0.61715304
0.61715304
0.62928371
0.62928371
0.62928371
0.57576885
0.57576885
0.57576885
0.57576885
0.58656048
0.64134763
0.67004483
0.67004483
0.67004483
0.65371178
0.65371178
0.65371178
0.65371178
0.63650392
0.63585388
0.63585388
0.63585388
0.63585388
0.63585388
0.63585388
0.63585388
0.67123839
0.67123839
0.67123839
0.67123839
0.67123839
0.71138652
0.74757774
0.74757774
0.75760081
0.75760081
0.75760081
0.760262
0.760262
0.760262
0.76856216
0.76856216
0.84076014
0.84076014
0.84076014
0.84076014
0.74739111
0.74739111
0.74739111
0.74739111
0.74739111
0.78181828
0.78181828
0.78181828
0.78181828
0.87514807
0.87514807
0.87514807
0.85167273
0.8448541
0.84024659
0.78069065
0.78069065
0.71090812
0.71090812
0.71090812
0.77278525
0.81015504
0.81015504
0.81015504
0.81015504
0.76952524
0.76457173
0.74534781
0.74534781
0.74534781
0.76188901
0.76188901
0.76188901
0.76188901
0.81577739
0.81577739
0.81577739
0.81577739
0.80814934
0.80814934
0.80814934
0.80814934
0.80814934
0.75864343
0.75864343
0.75864343
0.75864343
0.71810626
0.71810626
0.71810626
0.71810626
0.71810626
0.71353253
0.71353253
0.71353253
0.71353253
0.71353253
0.7069136
0.7069136
0.7069136
0.7448942
0.7448942
0.7448942
0.72965826
0.72965826
0.72965826
0.76975463
0.76975463
0.76975463
0.76975463
0.66686301
0.60938442
0.60938442
0.60938442
0.58695633
0.58695633
0.58695633
0.58695633
0.58695633
0.57122128
0.57122128
0.57122128
0.57122128
0.57122128
0.57122128
0.57122128
0.57122128
0.57122128
0.61275859
0.62140311
0.62140311
0.62140311
0.67103815
0.67103815
0.67103815
0.67103815
0.68160801
0.69144391
0.70450251
0.74497512
0.74497512
0.74497512
0.7864296
0.7864296
0.791652
0.791652
0.791652
0.71471057
0.71471057
0.71471057
0.71471057
0.70018243
0.68833074
0.68833074
0.68833074
0.68833074
0.69400376
0.70821341
0.73853954
0.73853954
0.73853954
0.73853954
0.75914554
0.75914554
0.79569283
0.79569283
0.79569283
0.79569283
0.79569283
0.79569283
0.7834145
0.76871064
0.76871064
0.76871064
0.76871064
0.76871064
0.7725139
0.7725139
0.7725139
0.7725139
0.7725139
0.77120728
0.76911848
0.76911848
0.76911848
0.76911848
0.76911848
0.76911848
0.76911848
0.74672309
0.74672309
0.70869972
0.70869972
0.70869972
0.70869972
0.70869972
0.70869972
0.70869972
0.70869972
0.70869972
0.69372124
0.69372124
0.69372124
0.69372124
0.71611935
0.72319162
0.72319162
0.72319162
0.72319162
0.7190628
0.71457652
0.69637044
0.69637044
0.69637044
0.69637044
0.69637044
0.71748809
0.71748809
0.74519225
0.74519225
0.74519225
0.74519225
0.74519225
0.74519225
0.74157234
0.73437202
0.72288159
0.71453866
0.71453866
0.71453866
0.69263584
0.63215768
0.57940865
0.57940865
0.57940865
0.62713389
0.62713389
0.62713389
0.62713389
0.66369453
0.72681399
0.72681399
0.72681399
0.73047994
0.73950697
0.73950697
0.73950697
0.73950697
0.75956946
0.77370692
0.77370692
0.81140064
0.81140064
0.81140064
0.81006323
0.75208853
0.75141015
0.73964374
0.73411974
0.72809691
0.72809691
0.72563677
0.72563677
0.72563677
0.72563677
0.74243897
0.74320643
0.74320643
0.74320643
0.74320643
0.74320643
0.72227895
0.72227895
0.72227895
0.72227895
0.72227895
0.72227895
0.76414427
0.77546334
0.77640217
0.77640217
0.77640217
0.77640217
0.77640217
0.78497449
0.78497449
0.78497449
0.79811264
0.80129965
0.80129965
0.80129965
0.78123117
0.77007393
0.7477273
0.7477273
0.7477273
0.7477273
0.7477273
0.7477273
0.7477273
0.72655844
0.72655844
0.69923161
0.69923161
0.67803523
0.67803523
0.67803523
0.66001223
0.66001223
0.66001223
0.66001223
0.66001223
0.67431424
0.68446236
0.75572042
0.79013069
0.79013069
0.79013069
0.7908434
0.79764214
0.79764214
0.79764214
0.79764214
0.79764214
0.80144268
0.80144268
0.80144268
0.80144268
0.80144268
0.80144268
0.80144268
0.80144268
0.80144268
0.80144268
0.80144268
0.80144268
0.80144268
0.80144268
0.80046271
0.80046271
0.80046271
0.80046271
0.79771188
0.79771188
0.79644858
0.79644858
0.78076257
0.77817984
0.76705039
0.76705039
0.75849768
0.75849768
0.75849768
0.79576939
0.80218099
0.80218099
0.8219863
0.8219863
0.8219863
0.74724045
0.71020114
0.71020114
0.71020114
0.71020114
0.68142711
0.68142711
0.64951266
0.64951266
0.64951266
0.65145488
0.68457978
0.73748247
0.73748247
0.73748247
0.73748247
0.73748247
0.73748247
0.73748247
0.73748247
0.73748247
0.73748247
0.7304151
0.72954765
0.71476069
0.68927093
0.68927093
0.68927093
0.74975072
0.74975072
0.74975072
0.74975072
0.71817273
0.71817273
0.71817273
0.71817273
0.71817273
0.81313145
0.81313145
0.81313145
0.81313145
0.83363556
0.83363556
0.83363556
0.83363556
0.83363556
0.8227543
0.8227543
0.8227543
0.8227543
0.8227543
0.8227543
0.81940956
0.81940956
0.81940956
0.81940956
0.81775448
0.80624961
0.80624961
0.76347489
0.76347489
0.76347489
0.76347489
0.76344138
0.76344138
0.76344138
0.76035191
0.76035191
0.76035191
0.76806305
0.76806305
0.76806305
0.79582033
0.79695477
0.79695477
0.79695477
0.77569219
0.77569219
0.77569219
0.77569219
0.77569219
0.77569219
0.7771996
0.80040169
0.80040169
0.80040169
0.79274612
0.79274612
0.79274612
0.79274612
0.79274612
0.77538733
0.75529678
0.74047032
0.74047032
0.74047032
0.74047032
0.74047032
0.74047032
0.74047032
0.73454992
0.72577817
0.72577817
0.72577817
0.72577817
0.72577817
0.72577817
0.74477814
0.76349477
0.76349477
0.76349477
0.76349477
0.76970477
0.76970477
0.76970477
0.76970477
0.76970477
0.77514949
0.77514949
0.78061518
0.78957682
0.78957682
0.78957682
0.71764692
0.71764692
0.68287594
0.66349483
0.64644471
0.64644471
0.618922
0.618922
0.618922
0.63937162
0.63937162
0.68491516
0.68513338
0.68936574
0.68936574
0.68936574
0.68936574
0.70221674
0.70221674
0.70221674
0.70221674
0.70206335
0.67349883
0.67349883
0.67349883
0.67349883
0.67349883
0.68492578
0.68492578
0.68492578
0.68492578
0.7102924
0.7102924
0.71300618
0.71300618
0.71300618
0.71300618
0.75185314
0.75185314
0.75185314
0.75185314
0.75185314
0.75185314
0.75185314
0.7401344
0.72206154
0.72206154
0.72206154
0.72299928
0.72299928
0.72299928
0.72299928
0.74953004
0.74953004
0.74953004
0.74953004
0.74953004
0.74953004
0.75518917
0.7653035
0.7653035
0.7653035
0.7653035
0.7653035
0.76678067
0.78991492
0.78991492
0.78991492
0.78991492
0.78991492
0.78991492
0.78991492
0.78400542
0.77891733
0.76564569
0.76564569
0.76564569
0.78007302
0.78819855
0.78819855
0.7969259
0.7969259
0.7969259
0.78686795
0.78686795
0.77560637
0.76302209
0.76262923
0.76262923
0.76262923
0.76262923
0.76262923
0.7555447
0.7525593
0.7525593
0.7525593
0.74970386
0.74706037
0.74706037
0.74706037
0.73558002
0.73527543
0.72806422
0.72806422
0.7261209
0.71076536
0.71076536
0.71076536
0.71076536
0.71076536
0.71076536
0.71076536
0.71076536
0.74261687
0.74261687
0.74261687
0.72670883
0.71586435
0.71586435
0.71586435
0.72257727
0.72257727
0.74130616
0.74903883
0.74903883
0.77045453
0.77045453
0.77045453
0.77844846
0.77844846
0.79134251
0.79134251
0.79134251
0.77991174
0.75851893
0.75851893
0.75851893
0.75851893
0.75851893
0.74867621
0.74077109
0.71902302
0.71902302
0.69140059
0.69140059
0.69140059
0.69140059
0.71093128
0.71093128
0.7117584
0.7117584
0.71982372
0.71982372
0.71982372
0.73438183
0.74386165
0.74386165
0.74386165
0.73786852
0.73592629
0.72396345
0.72396345
0.72396345
0.72396345
0.72396345
0.69340003
0.69340003
0.69340003
0.69340003
0.69340003
0.69340003
0.70557102
0.7228241
0.7228241
0.7228241
0.70546994
0.70383666
0.70383666
0.70383666
0.70383666
0.72660639
0.76027617
0.76027617
0.76027617
0.76027617
0.76194759
0.77943443
0.77943443
0.77943443
0.77698328
0.77698328
0.77610602
0.77610602
0.73150241
0.73150241
0.73150241
0.73150241
0.73150241
0.73150241
0.75351693
0.76277989
0.76277989
0.78232828
0.78232828
0.78232828
0.78232828
0.78232828
0.78232828
0.78232828
0.79589553
0.79589553
0.79589553
0.79589553
0.79589553
0.79589553
0.83402978
0.86618452
0.86618452
0.86618452
0.83794229
0.8078709
0.8078709
0.8078709
0.78629583
0.78629583
0.78629583
0.78629583
0.78629583
0.78629583
0.79308776
0.82297226
0.82297226
0.82297226
0.79869376
0.79869376
0.79869376
0.79869376
0.75335265
0.75335265
0.75335265
0.75335265
0.75335265
0.75335265
0.75335265
0.75335265
0.68445446
0.68445446
0.68445446
0.68445446
0.68445446
0.67374648
0.67374648
0.66401519
0.62499033
0.62499033
0.62499033
0.62499033
0.62499033
0.62499033
0.62499033
0.58393552
0.58393552
0.44700877
0.44700877
0.44700877
0.46488847
0.50141778
0.55144677
0.55144677
0.55144677
0.53920331
0.53920331
0.48856406
0.48856406
0.48856406
0.47462902
0.47462902
0.47462902
0.47609011
0.50595527
0.50595527
0.50595527
0.50595527
0.50595527
0.50595527
0.48167214
0.48167214
0.48167214
0.48167214
0.48167214
0.48167214
0.50168695
0.50168695
0.50168695
0.50168695
0.50168695
0.50168695
0.50168695
0.50589206
0.5073033
0.51390098
0.51390098
0.54448946
0.54448946
0.54448946
0.59320774
0.62721971
0.63056009
0.63056009
0.63056009
0.50143521
0.49090622
0.49090622
0.49090622
0.49090622
0.49090622
0.49090622
0.49090622
0.49090622
0.49090622
0.47424461
0.45485532
0.45485532
0.44576672
0.44576672
0.44576672
0.46339986
0.46339986
0.46339986
0.47090531
0.47090531
0.47090531
0.46832067
0.46832067
0.46832067
0.46832067
0.4759005
0.4759005
0.4759005
0.4759005
0.4759005
0.4759005
0.4759005
0.4759005
0.49847515
0.49847515
0.5185973
0.5185973
0.5185973
0.55214857
0.55214857
0.55214857
0.5465611
0.5465611
0.5465611
0.4791785
0.4791785
0.4791785
0.50415526
0.50415526
0.50415526
0.50415526
0.50415526
0.50415526
0.50415526
0.50415526
0.50415526
0.50415526
0.50415526
0.46325601
0.46325601
0.46325601
0.46325601
0.46325601
0.46325601
0.46325601
0.51815077
0.56401225
0.56612202
0.56612202
0.56612202
0.56433345
0.56433345
0.56091896
0.52454549
0.52454549
0.52454549
0.52454549
0.52454549
0.56283803
0.56283803
0.56283803
0.56283803
0.56283803
0.56283803
0.56283803
0.56283803
0.56283803
0.55506967
0.55506967
0.55506967
0.53367332
0.53367332
0.52274766
0.52274766
0.48806794
0.48806794
0.48806794
0.48806794
0.48806794
0.48806794
0.48806794
0.52293346
0.5512626
0.5512626
0.5512626
0.5512626
0.5512626
0.5512626
0.5512626
0.5512626
0.5512626
0.5512626
0.5512626
0.5512626
0.5512626
0.5512626
0.5512626
0.5512626
0.59762863
0.59762863
0.59762863
0.59762863
0.59762863
0.59762863
0.59762863
0.59762863
0.58862966
0.58862966
0.58862966
0.63189178
0.63189178
0.63189178
0.63189178
0.63189178
0.60943809
0.60943809
0.60943809
0.60943809
0.60943809
0.60943809
0.60943809
0.5815059
0.5815059
0.5815059
0.5815059
0.5815059
0.57043012
0.57043012
0.57043012
0.50378773
0.50378773
0.49773303
0.49773303
0.49773303
0.49773303
0.49773303
0.52787471
0.52787471
0.52787471
0.52787471
0.59987408
0.60204788
0.60204788
0.60204788
0.60204788
0.60204788
0.61235728
0.61235728
0.61235728
0.57617615
0.57617615
0.56951526
0.54855155
0.54855155
0.54855155
0.54855155
0.54855155
0.53048087
0.53048087
0.53048087
0.53048087
0.53048087
0.53048087
0.53048087
0.53048087
0.53048087
0.55604664
0.55604664
0.55657382
0.64329748
0.6465259
0.6465259
0.6465259
0.6465259
0.6465259
0.6465259
0.6465259
0.6465259
0.6465259
0.6465259
0.6465259
0.6465259
0.6465259
0.67096786
0.67096786
0.67096786
0.67096786
0.67096786
0.67096786
0.67096786
0.67096786
0.67096786
0.67096786
0.66536676
0.66536676
0.66536676
0.66536676
0.66536676
0.69198825
0.7333204
0.7333204
0.7333204
0.7333204
0.6978062
0.6978062
0.6978062
0.6978062
0.6978062
0.63520356
0.62502629
0.62502629
0.62502629
0.64777585
0.64777585
0.66549508
0.6796745
0.68397715
0.73220013
0.73220013
0.73220013
0.73220013
0.73220013
0.73220013
0.70530266
0.67524026
0.67524026
0.67524026
0.67524026
0.6312194
0.6312194
0.6312194
0.6312194
0.63825407
0.64322692
0.64322692
0.64322692
0.64322692
0.64322692
0.64322692
0.62121921
0.62121921
0.62121921
0.67556774
0.67556774
0.68939135
0.69389778
0.69389778
0.70633794
0.71207117
0.71207117
0.71207117
0.70124848
0.6731245
0.66281781
0.65226103
0.65226103
0.65226103
0.65226103
0.65226103
0.59897639
0.59897639
0.59897639
0.59897639
0.59897639
0.59897639
0.59897639
0.55330344
0.55330344
0.55330344
0.55330344
0.55330344
0.55330344
0.55330344
0.55330344
0.60526485
0.62988008
0.62988008
0.62988008
0.62988008
0.63311831
0.63311831
0.63311831
0.63311831
0.63311831
0.63311831
0.63985302
0.63985302
0.63985302
0.59051958
0.59051958
0.59051958
0.59051958
0.59051958
0.53817294
0.53817294
0.53817294
0.58805917
0.58805917
0.58805917
0.58805917
0.55160778
0.5482317
0.53290994
0.53290994
0.53290994
0.53290994
0.53290994
0.53290994
0.5610244
0.5610244
0.56736626
0.56736626
0.56736626
0.63293223
0.63293223
0.63293223
0.59600216
0.59600216
0.59600216
0.60245
0.6155669
0.6155669
0.6155669
0.6155669
0.6155669
0.60736809
0.60736809
0.60736809
0.60736809
0.60736809
0.60201764
0.52201261
0.52201261
0.51186858
0.51186858
0.51186858
0.51186858
0.52090106
0.52798641
0.52798641
0.52798641
0.52798641
0.57142589
0.57142589
0.57142589
0.57142589
0.57142589
0.57142589
0.57689893
0.57689893
0.57689893
0.57689893
0.61453135
0.72940081
0.73599113
0.73599113
0.74468497
0.74468497
0.74468497
0.74468497
0.74468497
0.74468497
0.74468497
0.73364025
0.73364025
0.73364025
0.71354834
0.71354834
0.69264292
0.69264292
0.69264292
0.69264292
0.69264292
0.674976
0.674976
0.674976
0.63633201
0.63633201
0.63633201
0.68118463
0.72289466
0.72289466
0.72289466
0.72289466
0.69692377
0.69692377
0.69692377
0.69692377
0.73659213
0.79112864
0.79112864
0.79112864
0.77894376
0.77894376
0.77894376
0.73760588
0.73760588
0.73760588
0.73760588
0.7102608
0.69271321
0.69271321
0.69271321
0.69271321
0.69271321
0.6849078
0.6849078
0.67680462
0.67680462
0.67680462
0.67088885
0.67088885
0.67088885
0.67088885
0.67088885
0.67970229
0.67970229
0.67970229
0.67970229
0.65245692
0.60756724
0.60756724
0.60756724
0.61824934
0.6611671
0.6611671
0.66527304
0.66527304
0.66527304
0.66527304
0.66527304
0.64963226
0.64758406
0.64758406
0.64758406
0.63507007
0.63507007
0.63507007
0.63507007
0.63507007
0.63507007
0.64706533
0.67322884
0.67322884
0.67322884
0.67322884
0.67322884
0.67322884
0.6464349
0.6464349
0.6464349
0.6464349
0.63700167
0.61838992
0.61838992
0.61838992
0.61838992
0.61838992
0.63787974
0.63787974
0.70161274
0.70161274
0.70161274
0.67272019
0.67272019
0.67272019
0.6585623
0.6585623
0.63039908
0.57508448
0.57508448
0.57508448
0.57508448
0.57508448
0.5928127
0.5928127
0.5928127
0.63206478
0.63313629
0.69504993
0.69504993
0.69504993
0.69504993
0.69504993
0.69504993
0.66470038
0.63796147
0.63796147
0.63796147
0.64431042
0.64431042
0.64431042
0.64431042
0.64431042
0.64431042
0.64431042
0.64431042
0.62252066
0.62252066
0.62252066
0.58794747
0.57946042
0.57946042
0.57946042
0.57946042
0.57946042
0.54704904
0.53783675
0.53783675
0.53783675
0.53783675
0.53783675
0.53783675
0.56085521
0.56085521
0.56085521
0.56085521
0.62480997
0.62480997
0.62480997
0.62480997
0.62480997
0.62480997
0.62480997
0.62480997
0.62409863
0.61928135
0.61928135
0.61928135
0.61928135
0.61928135
0.57804509
0.56118759
0.53618277
0.53614544
0.53614544
0.51103573
0.51103573
0.49377938
0.49377938
0.49377938
0.49377938
0.49377938
0.49377938
0.52319909
0.52582568
0.52582568
0.52582568
0.53920522
0.53920522
0.53920522
0.49167968
0.49167968
0.49167968
0.49409186
0.54300576
0.58178869
0.58178869
0.58178869
0.55263951
0.53026373
0.4960033
0.4960033
0.4960033
0.49733009
0.49733009
0.49733009
0.49733009
0.49733009
0.49733009
0.51050202
0.51205547
0.51205547
0.56011363
0.56011363
0.56011363
0.51976035
0.51976035
0.51976035
0.51976035
0.53489576
0.57135369
0.57135369
0.57135369
0.57135369
0.58099916
0.58099916
0.59159626
0.59159626
0.59159626
0.59061193
0.59061193
0.59061193
0.59061193
0.65655524
0.65655524
0.75011524
0.75011524
0.75011524
0.74264303
0.73072841
0.72005775
0.72005775
0.72005775
0.72005775
0.72005775
0.72621244
0.74632369
0.74632369
0.74632369
0.73853409
0.73853409
0.73853409
0.73853409
0.7876929
0.7876929
0.7876929
0.79576339
0.79576339
0.81725837
0.82974294
0.82974294
0.82974294
0.79898146
0.79898146
0.79898146
0.79898146
0.79898146
0.79898146
0.79898146
0.83822018
0.83822018
0.83822018
0.83139501
0.83139501
0.82755116
0.82741439
0.82741439
0.82428923
0.81544555
0.78059611
0.76317057
0.76317057
0.71087733
0.6958746
0.68926439
0.68926439
0.68926439
0.68926439
0.66000242
0.66000242
0.66000242
0.66000242
0.67055593
0.67055593
0.67055593
0.67055593
0.6081756
0.6081756
0.6081756
0.59898347
0.59898347
0.59898347
0.61130757
0.61130757
0.61130757
0.61130757
0.61130757
0.61769738
0.61769738
0.61769738
0.61769738
0.61769738
0.70105669
0.70105669
0.70105669
0.70105669
0.73655862
0.73655862
0.73655862
0.67825182
0.67825182
0.67825182
0.67825182
0.64777231
0.6307083
0.59179814
0.59179814
0.59179814
0.59179814
0.59081763
0.59081763
0.59081763
0.59081763
0.53170848
0.53170848
0.53170848
0.53699491
0.55847654
0.55847654
0.55847654
0.55383361
0.55383361
0.55383361
0.55383361
0.51490983
0.51490983
0.51490983
0.53798359
0.53798359
0.53798359
0.53798359
0.53798359
0.53798359
0.53798359
0.53798359
0.53798359
0.51674417
0.45656025
0.45656025
0.42313948
0.42313948
0.42313948
0.42373994
0.42373994
0.42373994
0.45216198
0.45216198
0.45216198
0.45216198
0.45216198
0.45216198
0.45216198
0.45216198
0.45216198
0.46697209
0.46697209
0.47963565
0.47963565
0.49476861
0.49476861
0.49476861
0.53277236
0.54358169
0.54358169
0.54358169
0.54358169
0.54358169
0.54358169
0.53368068
0.49292473
0.49292473
0.49292473
0.49292473
0.49292473
0.49292473
0.49292473
0.49292473
0.49292473
0.47991109
0.47991109
0.47991109
0.47991109
0.47991109
0.50707254
0.5535609
0.5535609
0.5710758
0.59285411
0.59285411
0.59285411
0.58126778
0.58126778
0.58126778
0.58126778
0.58126778
0.58126778
0.6122069
0.63646687
0.7029605
0.7029605
0.7029605
0.6740715
0.6740715
0.6740715
0.68882794
0.68882794
0.72571878
0.72571878
0.72571878
0.72571878
0.72571878
0.72571878
0.72571878
0.65447652
0.65447652
0.65447652
0.65447652
0.68303723
0.68303723
0.68303723
0.66642874
0.57251646
0.53986016
0.53986016
0.53986016
0.59618633
0.69200595
0.69200595
0.69200595
0.69133575
0.68688299
0.68688299
0.68688299
0.71070079
0.71070079
0.71070079
0.71070079
0.71070079
0.71070079
0.71252723
0.71252723
0.71252723
0.71252723
0.71252723
0.64850599
0.64850599
0.64850599
0.64850599
0.61784586
0.61784586
0.61784586
0.61784586
0.61784586
0.61784586
0.62435908
0.62435908
0.62435908
0.62435908
0.62390792
0.62390792
0.62390792
0.62390792
0.69644291
0.69644291
0.69644291
0.68153445
0.68153445
0.68153445
0.68153445
0.68153445
0.72000162
0.7807277
0.7807277
0.7807277
0.68707261
0.68707261
0.68707261
0.68707261
0.68707261
0.67563285
0.67563285
0.67563285
0.67563285
0.65713117
0.64642428
0.64642428
0.64642428
0.73198354
0.73198354
0.73198354
0.73198354
0.73198354
0.73198354
0.73198354
0.77718135
0.77718135
0.77718135
0.86588048
0.86588048
0.86588048
0.86588048
0.80230604
0.78146383
0.78146383
0.73351819
0.73351819
0.73351819
0.69957516
0.67756827
0.67070659
0.63868398
0.63868398
0.63868398
0.63868398
0.61363693
0.61363693
0.61363693
0.60512999
0.58989596
0.58989596
0.56739214
0.56739214
0.56739214
0.52031286
0.49835937
0.49835937
0.49835937
0.49835937
0.51355744
0.51355744
0.51355744
0.54444751
0.54444751
0.55807632
0.55807632
0.57272706
0.61263081
0.61263081
0.63209339
0.64453927
0.64453927
0.64453927
0.61349635
0.6052861
0.60101615
0.55650707
0.55218808
0.54164655
0.54164655
0.53169595
0.53169595
0.44602526
0.43370961
0.43370961
0.43370961
0.45199524
0.45199524
0.47282438
0.47282438
0.47282438
0.47282438
0.47282438
0.47282438
0.47282438
0.47282438
0.47189644
0.43401284
0.43401284
0.43401284
0.43401284
0.43401284
0.43401284
0.47756129
0.47756129
0.47756129
0.47756129
0.52507375
0.5758326
0.5758326
0.5758326
0.5758326
0.5758326
0.5758326
0.5758326
0.54789714
0.54789714
0.54789714
0.54789714
0.54789714
0.54789714
0.54789714
0.54789714
0.54789714
0.54789714
0.54789714
0.5435332
0.53213349
0.53213349
0.53213349
0.56925181
0.56925181
0.56925181
0.56716792
0.48294307
0.48294307
0.48294307
0.48190998
0.48190998
0.48190998
0.50430128
0.5136863
0.5136863
0.5136863
0.5136863
0.5136863
0.5136863
0.51418895
0.51418895
0.51418895
0.54191082
0.54191082
0.59178016
0.59178016
0.59178016
0.59178016
0.59178016
0.59178016
0.59178016
0.68917421
0.68917421
0.68917421
0.65467104
0.65467104
0.65467104
0.61020637
0.61020637
0.61020637
0.61020637
0.61020637
0.55927996
0.55927996
0.55927996
0.59067977
0.59067977
0.59067977
0.59067977
0.51515884
0.48633631
0.45254884
0.45254884
0.45254884
0.45254884
0.45254884
0.48272675
0.48272675
0.48272675
0.48272675
0.41752204
0.41752204
0.41752204
0.42567562
0.42567562
0.42567562
0.42567562
0.42866375
0.42866375
0.45685503
0.48852101
0.48852101
0.48852101
0.48852101
0.48852101
0.50399179
0.50399179
0.50399179
0.42572712
0.42572712
0.42572712
0.46715054
0.47431898
0.48523647
0.48523647
0.48523647
0.47394737
0.46464
0.46464
0.46464
0.46464
0.46464
0.43002077
0.43002077
0.43002077
0.44093091
0.44093091
0.44093091
0.45556257
0.46424905
0.46424905
0.46424905
0.46424905
0.46424905
0.46424905
0.46424905
0.46424905
0.46424905
0.46424905
0.46424905
0.43077162
0.43077162
0.43077162
0.46408749
0.46408749
0.46408749
0.46408749
0.4428467
0.4428467
0.4428467
0.44891503
0.44891503
0.44891503
0.41062903
0.41062903
0.41062903
0.41062903
0.39389712
0.39389712
0.39389712
0.4037096
0.4037096
0.4037096
0.4037096
0.4037096
0.4037096
0.4037096
0.4037096
0.40988581
0.40988581
0.42466024
0.42466024
0.42466024
0.44144609
0.44144609
0.44144609
0.41912399
0.40099228
0.40099228
0.40099228
0.40099228
0.40099228
0.38858182
0.38858182
0.38858182
0.36891818
0.36891818
0.36891818
0.39567343
0.39567343
0.42548001
0.42548001
0.42548001
0.40102361
0.39884981
0.39884981
0.39884981
0.35103113
0.35103113
0.35103113
0.35103113
0.36155794
0.3716009
0.3716009
0.40293124
0.40293124
0.40293124
0.39943583
0.39943583
0.39943583
0.39943583
0.39943583
0.39943583
0.37432557
0.37432557
0.37432557
0.42636898
0.42636898
0.42636898
0.41654588
0.41654588
0.41654588
0.42187182
0.42187182
0.42187182
0.42187182
0.42187182
0.42187182
0.42717159
0.42717159
0.42717159
0.38887524
0.38887524
0.38887524
0.44363923
0.44709949
0.44709949
0.44709949
0.44709949
0.44709949
0.44607212
0.44607212
0.44607212
0.44607212
0.44607212
0.44607212
0.44607212
0.44607212
0.44607212
0.44607212
0.44607212
0.44607212
0.48690081
0.48690081
0.48690081
0.4927046
0.51227697
0.51227697
0.51379473
0.5313208
0.5313208
0.5313208
0.4931198
0.4931198
0.4931198
0.48229766
0.48229766
0.48229766
0.48229766
0.48229766
0.48229766
0.48229766
0.48229766
0.49635611
0.49635611
0.49635611
0.49635611
0.49635611
0.49635611
0.49635611
0.49635611
0.49762759
0.49762759
0.49762759
0.53500119
0.58390092
0.58390092
0.58390092
0.50529269
0.50529269
0.46439644
0.38209774
0.38209774
0.38209774
0.39778321
0.41068434
0.41068434
0.41068434
0.41068434
0.41068434
0.40030655
0.32385523
0.30532413
0.30532413
0.30532413
0.30532413
0.30532413
0.29400615
0.28184225
0.28184225
0.28184225
0.27584639
0.27584639
0.27584639
0.25654074
0.25654074
0.23321905
0.23321905
0.23321905
0.23321905
0.23321905
0.23321905
0.23649297
0.23649297
0.23649297
0.23385847
0.23385847
0.23385847
0.18925431
0.18925431
0.18925431
0.20674469
0.20674469
0.20674469
0.20674469
0.20674469
0.22562887
0.24511052
0.28186078
0.30656564
0.30656564
0.30656564
0.30656564
0.298202
0.298202
0.27525792
0.27525792
0.27525792
0.29206093
0.29206093
0.29206093
0.25522022
0.25522022
0.16962909
0.14452183
0.14452183
0.14452183
0.14452183
0.14452183
0.14452183
0.13694445
0.13694445
0.13694445
0.13731579
0.13731579
0.13731579
0.13480634
0.13480634
0.13480634
0.13551278
0.13551278
0.13551278
0.13551278
0.13551278
0.13551278
0.11198813
0.11198813
0.11198813
0.11006906
0.11006906
0.11006906
0.11006906
0.13907194
0.15481353
0.15481353
0.15481353
0.15481353
0.15481353
0.16170898
0.16170898
0.16170898
0.16170898
0.21589459
0.21589459
0.21589459
0.19504557
0.19504557
0.12529246
0.10421759
0.10421759
0.10421759
0.10421759
0.10421759
0.10421759
0.10421759
0.10421759
0.086151
0.086151
0.086151
0.09171232
0.12289608
0.12289608
0.12289608
0.1179799
0.1179799
0.09426372
0.09426372
0.04748712
0.04748712
0.04748712
0.04748712
0.04748712
0.05829782
0.09909626
0.13330275
0.13330275
0.13330275
0.13330275
0.13638078
0.13638078
0.13638078
0.24441362
0.24441362
0.24441362
0.33235809
0.33235809
0.33235809
0.33235809
0.33235809
0.33235809
0.32992111
0.32992111
0.32992111
0.34999477
0.40233269
0.40233269
0.40233269
0.40233269
0.40233269
0.37791742
0.37148457
0.36530699
0.36530699
0.36530699
0.36530699
0.36530699
0.39318769
0.39318769
0.39318769
0.39318769
0.39318769
0.39318769
0.39318769
0.39318769
0.41536268
0.41536268
0.41536268
0.41536268
0.41536268
0.41536268
0.41536268
0.41536268
0.42568162
0.51024211
0.52475663
0.52475663
0.52475663
0.50946566
0.50946566
0.46937256
0.46937256
0.46937256
0.50683661
0.50683661
0.50683661
0.50683661
0.50683661
0.50683661
0.45586171
0.45586171
0.45586171
0.45586171
0.45586171
0.45586171
0.46841657
0.46841657
0.46841657
0.43473017
0.42963854
0.42963854
0.42963854
0.42963854
0.42963854
0.42963854
0.42963854
0.42963854
0.45141631
0.45141631
0.48739992
0.48739992
0.48739992
0.48739992
0.48784291
0.51802191
0.51802191
0.56524776
0.56696305
0.59910879
0.59910879
0.59910879
0.5688704
0.52104354
0.51566721
0.51566721
0.45868283
0.44414352
0.44414352
0.44414352
0.44414352
0.44414352
0.48878446
0.48878446
0.48878446
0.47904445
0.37986646
0.37986646
0.37986646
0.37986646
0.37986646
0.37986646
0.35091344
0.35091344
0.35091344
0.36130948
0.36130948
0.36130948
0.39376663
0.42712419
0.42712419
0.42712419
0.48579062
0.50611356
0.52638255
0.52638255
0.52638255
0.52638255
0.52638255
0.52638255
0.52638255
0.52638255
0.52638255
0.5789109
0.5789109
0.5789109
0.5789109
0.55996733
0.55996733
0.55996733
0.55996733
0.55996733
0.55996733
0.55996733
0.55996733
0.55996733
0.59985419
0.61362331
0.61362331
0.61362331
0.61697977
0.61697977
0.61697977
0.56181039
0.53538397
0.53538397
0.53538397
0.53538397
0.51787915
0.51787915
0.51787915
0.64010966
0.64010966
0.64010966
0.64010966
0.64010966
0.55980822
0.55980822
0.55980822
0.61187861
0.61187861
0.61948377
0.63572202
0.63572202
0.63572202
0.63572202
0.63490742
0.61427363
0.61427363
0.61427363
0.61427363
0.61427363
0.59599235
0.59599235
0.59599235
0.59599235
0.59599235
0.59599235
0.59946133
0.59946133
0.60063555
0.60063555
0.60063555
0.60063555
0.60063555
0.60063555
0.61492585
0.61492585
0.63151881
0.63151881
0.65337668
0.68448225
0.68448225
0.68448225
0.68448225
0.68448225
0.68448225
0.67668529
0.67668529
0.67668529
0.70342392
0.70342392
0.70342392
0.70263657
0.70263657
0.70263657
0.68991252
0.65849501
0.65768995
0.63019257
0.62526059
0.62116118
0.62116118
0.62116118
0.62116118
0.62116118
0.62116118
0.62116118
0.62116118
0.61476838
0.61476838
0.60148447
0.60148447
0.60148447
0.64857465
0.64857465
0.64857465
0.64857465
0.64857465
0.64857465
0.64857465
0.64857465
0.65562485
0.65562485
0.65562485
0.65562485
0.56675599
0.54009855
0.54009855
0.53786536
0.53786536
0.53786536
0.53786536
0.53786536
0.53786536
0.53786536
0.55298415
0.55298415
0.55298415
0.55298415
0.55298415
0.55298415
0.57336266
0.57336266
0.57336266
0.57336266
0.6484308
0.6484308
0.6484308
0.6484308
0.67081448
0.67081448
0.67081448
0.67081448
0.67081448
0.67081448
0.74211831
0.74211831
0.74211831
0.70308119
0.68096069
0.68096069
0.68096069
0.68096069
0.6517938
0.6517938
0.6517938
0.67735849
0.67735849
0.67735849
0.67735849
0.67735849
0.66259414
0.66259414
0.66259414
0.69809581
0.69809581
0.69809581
0.66535614
0.66535614
0.6113874
0.6113874
0.6113874
0.62324753
0.65440922
0.65440922
0.65440922
0.65440922
0.65440922
0.61602514
0.61602514
0.61602514
0.60386614
0.60386614
0.60386614
0.60386614
0.60386614
0.60386614
0.6432825
0.68405234
0.73085564
0.73085564
0.73085564
0.70510651
0.70510651
0.69944929
0.66281618
0.66281618
0.66281618
0.65595314
0.65595314
0.61355248
0.61355248
0.61355248
0.61355248
0.68527423
0.68527423
0.68527423
0.69608275
0.69608275
0.69608275
0.69608275
0.73553016
0.73553016
0.76866541
0.76866541
0.8697573
0.88533106
0.88932476
0.88932476
0.88932476
0.88802223
0.88802223
0.88802223
0.88802223
0.87926655
0.87926655
0.87926655
0.87504563
0.8238991
0.81053319
0.81053319
0.81053319
0.81053319
0.80863973
0.80863973
0.74896364
0.74896364
0.74896364
0.7592112
0.7592112
0.7592112
0.80855718
0.81959155
0.81959155
0.81959155
0.81959155
0.84182266
0.84182266
0.84182266
0.84182266
0.84182266
0.87541343
0.87541343
0.87541343
0.87541343
0.87541343
0.88780754
0.88780754
0.92355168
0.9397477
0.9397477
0.9397477
0.9397477
0.9397477
0.9234724
0.9234724
0.9234724
0.9234724
0.9234724
0.9234724
0.92804858
0.92804858
0.92804858
0.92804858
0.92804858
0.92804858
0.91104859
0.91104859
0.88086795
0.86480161
0.85644097
0.84467919
0.7614136
0.7614136
0.7614136
0.78144776
0.83378213
0.86111005
0.86111005
0.86111005
0.83547017
0.83547017
0.83547017
0.83547017
0.83547017
0.83547017
0.83547017
0.83547017
0.90356602
0.90356602
0.90356602
0.85135016
0.85135016
0.85135016
0.85135016
0.85135016
0.85135016
0.85135016
0.85486109
0.85486109
0.87737799
0.87737799
0.90942294
0.90942294
0.9575127
0.9575127
0.9575127
0.95165687
0.91352425
0.91154606
0.91154606
0.87721889
0.87721889
0.8239999
0.8239999
0.8239999
0.8239999
0.84063128
0.84063128
0.84063128
0.84063128
0.84063128
0.84063128
0.8413636
0.85747543
0.86967829
0.86967829
0.86967829
0.86967829
0.86967829
0.86967829
0.85643852
0.81328183
0.79284692
0.79284692
0.79284692
0.79300221
0.84513798
0.84513798
0.84513798
0.83108743
0.83108743
0.81099851
0.81099851
0.81099851
0.81760055
0.81760055
0.81760055
0.79006286
0.79006286
0.79006286
0.79006286
0.79006286
0.79006286
0.79006286
0.78691999
0.78691999
0.78691999
0.78691999
0.78691999
0.79231076
0.79231076
0.79231076
0.79231076
0.79231076
0.79231076
0.79231076
0.79231076
0.82356999
0.88788001
0.88788001
0.88788001
0.88788001
0.88788001
0.88788001
0.88788001
0.85811702
0.85811702
0.85811702
0.83776248
0.7599694
0.7599694
0.7599694
0.7599694
0.86629023
0.86629023
0.86629023
0.86629023
0.86629023
0.86629023
0.86629023
0.86629023
0.86629023
0.88504936
0.88504936
0.88970999
0.9071606
0.9071606
0.9071606
0.9071606
0.9071606
0.91074564
0.94674532
0.94674532
0.94674532
0.94674532
0.94496329
0.91161935
0.90481788
0.90481788
0.90481788
0.90481788
0.90481788
0.90481788
0.90481788
0.86231941
0.86231941
0.86231941
0.86231941
0.86231941
0.80850133
0.79945768
0.79157544
0.79157544
0.79157544
0.79157544
0.79157544
0.79157544
0.83081036
0.83574343
0.83574343
0.83574343
0.83574343
0.75363517
0.75363517
0.75363517
0.82396367
0.82396367
0.82396367
0.81596482
0.81596482
0.81596482
0.83198594
0.84751556
0.84751556
0.91998708
0.91998708
0.91998708
0.8633367
0.8633367
0.8633367
0.8633367
0.8633367
0.8633367
0.8633367
0.79276683
0.79276683
0.79276683
0.75027516
0.75027516
0.75027516
0.75027516
0.70991099
0.70991099
0.70991099
0.70991099
0.60634262
0.57808132
0.57323489
0.57323489
0.57323489
0.67145308
0.67145308
0.70161301
0.70161301
0.70161301
0.72644047
0.72644047
0.72644047
0.71343446
0.71343446
0.71343446
0.71343446
0.71343446
0.71343446
0.71343446
0.74457436
0.75789504
0.76281367
0.79072925
0.79072925
0.79072925
0.76655128
0.76655128
0.76655128
0.76655128
0.76655128
0.76655128
0.67571295
0.67571295
0.67571295
0.69848785
0.69848785
0.69848785
0.69848785
0.74627384
0.74627384
0.74627384
0.74627384
0.74341621
0.74341621
0.74341621
0.75873388
0.79633089
0.7986172
0.7986172
0.81765886
0.81765886
0.81765886
0.81765886
0.81765886
0.81765886
0.81765886
0.83453189
0.83453189
0.83715167
0.83715167
0.83715167
0.83715167
0.83715167
0.86365737
0.86365737
0.86365737
0.90846341
0.90846341
0.90846341
0.90846341
0.86986001
0.81125379
0.81125379
0.81125379
0.81125379
0.81125379
0.82334141
0.8341126
0.8341126
0.89967531
0.89967531
0.89967531
0.83227064
0.83227064
0.83227064
0.83227064
0.83227064
0.83227064
0.83227064
0.79795299
0.79795299
0.77202596
0.77202596
0.77202596
0.85687497
0.85687497
0.85687497
0.83276648
0.83276648
0.83276648
0.83739632
0.84009103
0.84009103
0.84009103
0.81755696
0.81755696
0.81755696
0.81755696
0.81755696
0.81282032
0.81282032
0.81282032
0.81282032
0.81282032
0.81282032
0.81282032
0.81282032
0.81282032
0.81282032
0.81282032
0.81282032
0.80365271
0.79793801
0.78915536
0.78915536
0.78360766
0.78360766
0.78360766
0.78360766
0.71643784
0.71643784
0.71643784
0.71643784
0.64211673
0.64211673
0.64211673
0.57206694
0.57206694
0.51583612
0.51583612
0.44170872
