0.80131218
0.75923411
0.81092179
0.81104824
0.8349677
0.8349677
0.8349677
0.8349677
0.8349677
0.8349677
0.8349677
0.8349677
0.8349677
0.84682619
0.85642812
0.85642812
0.85642812
0.85642812
0.81128006
0.81128006
0.81128006
0.79118141
0.7889414
0.74274059
0.74274059
0.74274059
0.74274059
0.74274059
0.72247571
0.72247571
0.72247571
0.70503856
0.70503856
0.65094247
0.60299523
0.58404583
0.56934109
0.56934109
0.54011458
0.46621016
0.46621016
0.46621016
0.4771262
0.4771262
0.4771262
0.47398372
0.45586451
0.45586451
0.45586451
0.45586451
0.45586451
0.45586451
0.43701319
0.43701319
0.43701319
0.42407163
0.42407163
0.39858221
0.33578882
0.32165329
0.32165329
0.32165329
0.32165329
0.3059023
0.27764483
0.27696572
0.25321742
0.25321742
0.25321742
0.22244695
0.22244695
0.21928892
0.21928892
0.21928892
0.21928892
0.21928892
0.21928892
0.21928892
0.21928892
0.219439
0.219439
0.219439
0.20642357
0.20642357
0.20642357
0.20279835
0.20279835
0.20279835
0.20918749
0.24296572
0.24296572
0.24296572
0.19086955
0.17555187
0.12963862
0.12963862
0.12963862
0.12963862
0.12963862
0.12721091
0.08254048
0.08254048
0.05748221
0.05529734
0.05529734
0.05529734
0.08195945
0.08195945
0.08195945
0.08195945
0.08195945
0.12684989
0.14810705
0.15420233
0.15891142
0.159353
0.159353
0.159353
0.1475727
0.1475727
0.11293731
0.11293731
0.11293731
0.18256852
0.2118683
0.24358259
0.24358259
0.24358259
0.24358259
0.24358259
0.24358259
0.24358259
0.24336436
0.22976751
0.20850484
0.20850484
0.20850484
0.20850484
0.20850484
0.20850484
0.20850484
0.23971629
0.23971629
0.26348803
0.26348803
0.26348803
0.25233504
0.24077219
0.21912741
0.19288286
0.1392829
0.12162575
0.09425637
0.09425637
0.09425637
0.09425637
0.14714628
0.1799015
0.18116303
0.24203135
0.24330685
0.26596597
0.32456769
0.32769244
0.35491725
0.3720501
0.3720501
0.3720501
0.40808567
0.40808567
0.46814665
0.50009316
0.54806344
0.6065267
0.6237338
0.64299814
0.68252322
0.69493438
0.72214817
0.75913091
0.76921382
0.77971152
0.78273582
0.78273582
0.78273582
0.78243664
0.78243664
0.78243664
0.78243664
0.78243664
0.78243664
0.78243664
0.77416221
0.77416221
0.77416221
0.77416221
0.74364542
0.73406574
0.73406574
0.73406574
0.73406574
0.71628116
0.7148087
0.7148087
0.7148087
0.71864191
0.71864191
0.71864191
0.71864191
0.71701345
0.71178853
0.71178853
0.71178853
0.7129689
0.7129689
0.7129689
0.73617084
0.73617084
0.73617084
0.7198599
0.7198599
0.7198599
0.71167272
0.71167272
0.71167272
0.72901513
0.74868225
0.74868225
0.75155213
0.77321877
0.80000555
0.80000555
0.80000555
0.81338181
0.81338181
0.81338181
0.81338181
0.81338181
0.81338181
0.81338181
0.81338181
0.81338181
0.82308124
0.82308124
0.82308124
0.82079671
0.82079671
0.79797983
0.79797983
0.79797983
0.79797983
0.79797983
0.81661154
0.81661154
0.81661154
0.81211123
0.81211123
0.81211123
0.78417992
0.78417992
0.78417992
0.78417992
0.78417992
0.78417992
0.78417992
0.78417992
0.78417992
0.78417992
0.78255895
0.78255895
0.78255895
0.78255895
0.79042962
0.79042962
0.79042962
0.78493526
0.78493526
0.78493526
0.78493526
0.78493526
0.76212606
0.74373799
0.74373799
0.74373799
0.74846658
0.75504579
0.75504579
0.75504579
0.76060554
0.76060554
0.76060554
0.74009701
0.74009701
0.74009701
0.74009701
0.73600579
0.65424803
0.65424803
0.65424803
0.71384793
0.74893829
0.74893829
0.74893829
0.74893829
0.74893829
0.77053954
0.78000341
0.78000341
0.78000341
0.77034278
0.76068905
0.72097862
0.72097862
0.72097862
0.72097862
0.72097862
0.72097862
0.72097862
0.72097862
0.72097862
0.58218437
0.42873777
0.35533185
0.34951999
0.26933948
0.26933948
0.26933948
0.23172784
0.23172784
0.17314031
0.16798353
0.16798353
0.15866463
0.15866463
0.1464392
0.14490312
0.14490312
0.14490312
0.11565081
0.1052382
0.1052382
0.1052382
0.10749396
0.10749396
0.10749396
0.13245198
0.13391086
0.13391086
0.13391086
0.13391086
0.15177619
0.15177619
0.15177619
0.15177619
0.15177619
0.09268523
0.09268523
0.09268523
0.13372414
0.13372414
0.13372414
0.13372414
0.13372414
0.13372414
0.13372414
0.13372414
0.14124107
0.14124107
0.14124107
0.14124107
0.14124107
0.15629147
0.15629147
0.15976425
0.15976425
0.15976425
0.15976425
0.15976425
0.15976425
0.15976425
0.15976425
0.15492576
0.15139075
0.15139075
0.15139075
0.1594698
0.1594698
0.1594698
0.1594698
0.1594698
0.16440263
0.17806861
0.17806861
0.17806861
0.17806861
0.17806861
0.187265
0.187265
0.187265
0.187265
0.20405337
0.22316309
0.22316309
0.22316309
0.22316309
0.17179055
0.14374185
0.14374185
0.14374185
0.14374185
0.14374185
0.14374185
0.15018733
0.15565116
0.17863605
0.17863605
0.17863605
0.15550482
0.15550482
0.15550482
0.15854212
0.16484874
0.18145827
0.18145827
0.18145827
0.17541754
0.1715863
0.1715863
0.1556547
0.13970617
0.13970617
0.13970617
0.1636205
0.1636205
0.1636205
0.1636205
0.1636205
0.15947472
0.15947472
0.15947472
0.15941937
0.15941937
0.15941937
0.15941937
0.15941937
0.16048728
0.16095683
0.16095683
0.16095683
0.16095683
0.16095683
0.16095683
0.16095683
0.15758293
0.15714096
0.14947375
0.14947375
0.14947375
0.14193456
0.14193456
0.14193456
0.14193456
0.14193456
0.14193456
0.14193456
0.13060471
0.1207093
0.1207093
0.1207093
0.1207093
0.17174367
0.17314897
0.17314897
0.17314897
0.16281829
0.16281829
0.16281829
0.16281829
0.16281829
0.16281829
0.16281829
0.16281829
0.16281829
0.16281829
0.18434923
0.19507954
0.19507954
0.19507954
0.19507954
0.19507954
0.19507954
0.15830341
0.15830341
0.15830341
0.15830341
0.1591911
0.1591911
0.1591911
0.1591911
0.1591911
0.1591911
0.1591911
0.1591911
0.15860633
0.15860633
0.15860633
0.15860633
0.15693159
0.15693159
0.15693159
0.15767747
0.15767747
0.15767747
0.15767747
0.15767747
0.1658548
0.1658548
0.1658548
0.16446959
0.16446959
0.16446959
0.16446959
0.16446959
0.14095292
0.14095292
0.13472351
0.13472351
0.12520981
0.12520981
0.12199544
0.12199544
0.12199544
0.12199544
0.13021355
0.13021355
0.13163992
0.13163992
0.13163992
0.1218493
0.12067759
0.12067759
0.11041663
0.11041663
0.10276853
0.10276853
0.10276853
0.12279017
0.12279017
0.12279017
0.12279017
0.12279017
0.11759342
0.11521356
0.11521356
0.10840982
0.10840982
0.10840982
0.11741182
0.11741182
0.11741182
0.11741182
0.11741182
0.11741182
0.11741182
0.11741182
0.11741182
0.11741182
0.11741182
0.11886656
0.11886656
0.11886656
0.11886656
0.11886656
0.12236474
0.12236474
0.12236474
0.12162418
0.10307874
0.10307874
0.10307874
0.12801903
0.12801903
0.12801903
0.12801903
0.14041089
0.14308677
0.14308677
0.14308677
0.12567247
0.11611248
0.11512434
0.11512434
0.11512434
0.11512434
0.11512434
0.11653851
0.11653851
0.11653851
0.11653851
0.11653851
0.11653851
0.11653851
0.11541919
0.1060542
0.1060542
0.0995778
0.0995778
0.0995778
0.0995778
0.0995778
0.11262041
0.11457818
0.11457818
0.1206059
0.1206059
0.1206059
0.1206059
0.1206059
0.1206059
0.1206059
0.1206059
0.1206059
0.1206059
0.1206059
0.1206059
0.1206059
0.14779684
0.14779684
0.14779684
0.14087532
0.14087532
0.14087532
0.14087532
0.14087532
0.14846433
0.14846433
0.14846433
0.14397151
0.14298908
0.14298908
0.14298908
0.14298908
0.17538426
0.18123748
0.18123748
0.19175744
0.19225495
0.19225495
0.19225495
0.19225495
0.19225495
0.19225495
0.19225495
0.19225495
0.16543902
0.16389703
0.13855593
0.13855593
0.13855593
0.16867249
0.16867249
0.16867249
0.16867249
0.16867249
0.16867249
0.18401105
0.20660871
0.20660871
0.20660871
0.20660871
0.25695136
0.25695136
0.25695136
0.25695136
0.28643273
0.28643273
0.28643273
0.28643273
0.28643273
0.31117843
0.31117843
0.31117843
0.31117843
0.33357146
0.33397286
0.33397286
0.33397286
0.31167989
0.31167989
0.31167989
0.31167989
0.31167989
0.31167989
0.36176748
0.3954941
0.48597674
0.48597674
0.48597674
0.48597674
0.48597674
0.50493992
0.5400488
0.5400488
0.5400488
0.5400488
0.53211373
0.53211373
0.53211373
0.51156463
0.51156463
0.51156463
0.54808353
0.54808353
0.54808353
0.54808353
0.54808353
0.54808353
0.53881603
0.53439273
0.53439273
0.47501992
0.41562938
0.33011877
0.33011877
0.33011877
0.33011877
0.33011877
0.38100739
0.38100739
0.44857073
0.44857073
0.44857073
0.39258383
0.39113737
0.3817576
0.3817576
0.37212829
0.29110696
0.23708926
0.23708926
0.23708926
0.23890325
0.23890325
0.23890325
0.3338084
0.35765064
0.41056341
0.41056341
0.41056341
0.42926858
0.42926858
0.42926858
0.42926858
0.47619065
0.52095306
0.52095306
0.52095306
0.63718805
0.63718805
0.63718805
0.63718805
0.63718805
0.63002762
0.63002762
0.57013109
0.5236833
0.5236833
0.5236833
0.54677809
0.54677809
0.54677809
0.53210073
0.53210073
0.49658119
0.49620106
0.49620106
0.49620106
0.49620106
0.49620106
0.49620106
0.52853085
0.53258071
0.53258071
0.56756472
0.65552904
0.65552904
0.65552904
0.65552904
0.65552904
0.65552904
0.65552904
0.63639707
0.60929377
0.60929377
0.60929377
0.60929377
0.60929377
0.60929377
0.60929377
0.58666558
0.57635262
0.57635262
0.57635262
0.57635262
0.51753484
0.44979936
0.44979936
0.44979936
0.45159799
0.45159799
0.45159799
0.41208472
0.41208472
0.41208472
0.41740595
0.41740595
0.41740595
0.41740595
0.41740595
0.41740595
0.41740595
0.37815287
0.34778301
0.32156722
0.32156722
0.3059021
0.30199937
0.30199937
0.30199937
0.22287002
0.19430194
0.1606807
0.14188473
0.14188473
0.14188473
0.13347696
0.13347696
0.13347696
0.13347696
0.17060249
0.17060249
0.17060249
0.17060249
0.17060249
0.17060249
0.14959428
0.14959428
0.14959428
0.14959428
0.17214901
0.17214901
0.17214901
0.16043726
0.16043726
0.16043726
0.16043726
0.14573803
0.14573803
0.14573803
0.2206694
0.2206694
0.2206694
0.26244021
0.26928295
0.26928295
0.29553499
0.32260992
0.32260992
0.35529679
0.35529679
0.36620673
0.36620673
0.36620673
0.36620673
0.3721667
0.3721667
0.3721667
0.40315382
0.45623282
0.45623282
0.45623282
0.41149286
0.4044504
0.4044504
0.38940256
0.35689058
0.35689058
0.35689058
0.34849305
0.33930689
0.33930689
0.33930689
0.33930689
0.37169164
0.37169164
0.37169164
0.37947603
0.37947603
0.37947603
0.37986503
0.37986503
0.37986503
0.37986503
0.37986503
0.3678019
0.3678019
0.3678019
0.3678019
0.3678019
0.34622251
0.31723255
0.31723255
0.31723255
0.31723255
0.31723255
0.31723255
0.36032141
0.36804396
0.36804396
0.36804396
0.36804396
0.36804396
0.38049313
0.38049313
0.38049313
0.43740061
0.46082983
0.47846512
0.47846512
0.47846512
0.43831666
0.43753415
0.43753415
0.43753415
0.5221029
0.5731613
0.5731613
0.5731613
0.6520604
0.6520604
0.6520604
0.6520604
0.68906974
0.70065505
0.77494984
0.88542734
0.89858556
0.89858556
0.89858556
0.89858556
0.86814736
0.86121225
0.86121225
0.85995073
0.85995073
0.84958558
0.83668419
0.83239286
0.83239286
0.83239286
0.78816124
0.74669789
0.74669789
0.74669789
0.74669789
0.74669789
0.75057384
0.8152862
0.82911842
0.83359726
0.83359726
0.83359726
0.89260333
0.90621791
0.90621791
0.91416893
0.91416893
0.91416893
0.88691339
0.83712932
0.78663186
0.75918507
0.75918507
0.74230492
0.71647851
0.71647851
0.71647851
0.71647851
0.71647851
0.72519689
0.72519689
0.76772638
0.85395865
0.85395865
0.85395865
0.85395865
0.85395865
0.85395865
0.8245411
0.76484901
0.76484901
0.76484901
0.76484901
0.76484901
0.76787528
0.76787528
0.76787528
0.71522329
0.69590736
0.67003604
0.59585095
0.58642135
0.58642135
0.52332858
0.52332858
0.51373137
0.51130976
0.51130976
0.51130976
0.51130976
0.53175172
0.5612195
0.5612195
0.5612195
0.5612195
0.54806581
0.54806581
0.54049156
0.53355861
0.52529029
0.52529029
0.51266405
0.51266405
0.51266405
0.51180275
0.51180275
0.51180275
0.51180275
0.45218177
0.45218177
0.45218177
0.45218177
0.45218177
0.45218177
0.45218177
0.45218177
0.45218177
0.45218177
0.45218177
0.45218177
0.45218177
0.46830658
0.46830658
0.46830658
0.46830658
0.46830658
0.46830658
0.46830658
0.47176498
0.47916768
0.47916768
0.49323033
0.49323033
0.49323033
0.48255694
0.47004888
0.47004888
0.44754241
0.44645854
0.44645854
0.44645854
0.44743881
0.47125525
0.47125525
0.47125525
0.45870544
0.45870544
0.45870544
0.43406216
0.43406216
0.43187237
0.42039972
0.42039972
0.42039972
0.42039972
0.42039972
0.42039972
0.42039972
0.42039972
0.41950986
0.41950986
0.41950986
0.43077669
0.43790423
0.43804979
0.43804979
0.43804979
0.43804979
0.4286775
0.4286775
0.40538024
0.35102279
0.3328754
0.3249553
0.3249553
0.3249553
0.32814386
0.35705681
0.3678407
0.44314393
0.44314393
0.47775785
0.47775785
0.47775785
0.45659542
0.45659542
0.45659542
0.45659542
0.45659542
0.53218463
0.60793811
0.67033857
0.69590223
0.71241171
0.76946592
0.84177676
0.88727678
0.90920341
0.92002944
0.92002944
0.92002944
0.93850102
0.95302613
0.95302613
0.95302613
0.95302613
0.95302613
0.92169039
0.91366807
0.86354897
0.86354897
0.86354897
0.86354897
0.83655558
0.83655558
0.79783645
0.79614654
0.79614654
0.79614654
0.79614654
0.79614654
0.80713211
0.80850235
0.81464904
0.81464904
0.81464904
0.81374894
0.81374894
0.81374894
0.80735645
0.80735645
0.80735645
0.80735645
0.82206119
0.83706866
0.83706866
0.83706866
0.87862793
0.88924066
0.91471037
0.91471037
0.91471037
0.92171777
0.92171777
0.92171777
0.89716962
0.88469702
0.87405475
0.87405475
0.86834432
0.86834432
0.86834432
0.86834432
0.86834432
0.86052014
0.79658714
0.74656159
0.74656159
0.74656159
0.75213868
0.75213868
0.75213868
0.7282661
0.7282661
0.7282661
0.7282661
0.73177846
0.73177846
0.73177846
0.67392184
0.66926948
0.56668274
0.53449259
0.51882788
0.49260715
0.48752148
0.47305644
0.47305644
0.47305644
0.48156959
0.48156959
0.49701745
0.51067004
0.57253714
0.57253714
0.57253714
0.57253714
0.57253714
0.57253714
0.57253714
0.72213477
0.72709853
0.76581155
0.76581155
0.76581155
0.76581155
0.76581155
0.77527069
0.77527069
0.78512788
0.78512788
0.78512788
0.78512788
0.78512788
0.78512788
0.78512788
0.78512788
0.79259794
0.79259794
0.79259794
0.76454235
0.75991539
0.73612731
0.71915006
0.71915006
0.71915006
0.71915006
0.71915006
0.71915006
0.71915006
0.75184737
0.80767591
0.86485796
0.87585455
0.87585455
0.87585455
0.8571224
0.8571224
0.8571224
0.8571224
0.8571224
0.8571224
0.88496882
0.92330506
0.92330506
0.92330506
0.91439819
0.91439819
0.91439819
0.88769276
0.87731717
0.87731717
0.85182165
0.79543552
0.78208507
0.72539306
0.72539306
0.72539306
0.74915022
0.76689502
0.76689502
0.76689502
0.7501945
0.743038
0.743038
0.743038
0.76831135
0.76831135
0.76831135
0.7643903
0.7643903
0.7643903
0.7643903
0.7643903
0.7643903
0.7643903
0.7643903
0.7643903
0.78398986
0.80141322
0.80141322
0.80141322
0.80141322
0.80141322
0.80141322
0.78728241
0.78728241
0.78728241
0.78728241
0.82392777
0.82392777
0.82392777
0.82392777
0.82390236
0.82390236
0.82390236
0.82390236
0.81940205
0.81940205
0.81940205
0.82488046
0.82488046
0.82488046
0.81772849
0.80886338
0.78606521
0.78606521
0.74482895
0.74482895
0.74482895
0.74482895
0.74482895
0.74126301
0.73305042
0.73305042
0.73305042
0.72406832
0.72406832
0.72406832
0.72406832
0.7504531
0.76924218
0.76924218
0.76924218
0.79194266
0.79524388
0.79524388
0.79900737
0.84239245
0.84239245
0.84239245
0.84239245
0.84239245
0.84239245
0.83905695
0.83905695
0.80196391
0.80196391
0.80196391
0.80589265
0.84436755
0.88269986
0.8835129
0.8835129
0.8835129
0.8835129
0.88984611
0.88984611
0.88984611
0.88210701
0.87488926
0.86914122
0.86914122
0.85613465
0.85613465
0.85613465
0.85613465
0.84902563
0.84902563
0.84902563
0.84902563
0.84998265
0.84998265
0.84998265
0.84998265
0.84998265
0.84998265
0.84998265
0.84750176
0.83010754
0.79200785
0.79200785
0.79200785
0.79889431
0.79889431
0.79889431
0.79889431
0.79889431
0.78688594
0.75120943
0.71058275
0.6612568
0.65749844
0.65749844
0.65749844
0.65749844
0.65749844
0.65749844
0.65749844
0.65732944
0.65732944
0.65732944
0.65732944
0.64453264
0.64453264
0.64453264
0.64453264
0.60587536
0.60020019
0.58946594
0.53452155
0.47083297
0.44697241
0.3808904
0.29223021
0.27091377
0.27091377
0.27091377
0.27091377
0.27091377
0.25659959
0.25283571
0.25283571
0.25283571
0.25283571
0.25283571
0.24006215
0.21458003
0.21458003
0.21458003
0.22039799
0.22545727
0.22545727
0.22545727
0.22545727
0.22545727
0.23748396
0.23748396
0.23748396
0.23748396
0.28865522
0.3027358
0.31441308
0.32358427
0.35165936
0.36647026
0.36647026
0.37188209
0.41220289
0.41829542
0.56501686
0.58545172
0.64270841
0.64270841
0.64270841
0.64270841
0.65540398
0.65540398
0.65540398
0.65540398
0.66141791
0.72727638
0.74326411
0.79315159
0.79701651
0.79701651
0.79701651
0.79701651
0.79701651
0.79943989
0.81156329
0.86036395
0.86036395
0.86036395
0.804976
0.6465562
0.6465562
0.6465562
0.6465562
0.66390038
0.66390038
0.66390038
0.61683867
0.55522979
0.55522979
0.55522979
0.56208651
0.65888483
0.65888483
0.65888483
0.54260355
0.48710728
0.41761847
0.3793874
0.3793874
0.3793874
0.3793874
0.38133848
0.38133848
0.38133848
0.3617011
0.34409102
0.31281319
0.31281319
0.31281319
0.32197374
0.33203971
0.33203971
0.33203971
0.32572364
0.3227017
0.27634431
0.24845732
0.24522326
0.24522326
0.24522326
0.24522326
0.21741623
0.21741623
0.20731284
0.20731284
0.20731284
0.20731284
0.20731284
0.20731284
0.20731284
0.20731284
0.21460859
0.28320793
0.31546347
0.31546347
0.31546347
0.31546347
0.31546347
0.27816126
0.27816126
0.27816126
0.27816126
0.27117198
0.25885477
0.25885477
0.25885477
0.25885477
0.25885477
0.25885477
0.24395248
0.24395248
0.20928203
0.20928203
0.20928203
0.20928203
0.20928203
0.20928203
0.20928203
0.21600483
0.21600483
0.21600483
0.24755131
0.24755131
0.24755131
0.24755131
0.24755131
0.23607531
0.23607531
0.22711212
0.20622386
0.18576221
0.18576221
0.18576221
0.10245123
0.07970919
0.07970919
0.07970919
0.07970919
0.07970919
0.07970919
0.07970919
0.08100262
0.0946042
0.0946042
0.0946042
0.10833892
0.10833892
0.10833892
0.10833892
0.15026828
0.29032641
0.33995784
0.3940561
0.3940561
0.3940561
0.33332033
0.33332033
0.32212264
0.32212264
0.32212264
0.32212264
0.32212264
0.27958645
0.27182884
0.27182884
0.27182884
0.2610871
0.2610871
0.2610871
0.2610871
0.25612217
0.25612217
0.24408819
0.24408819
0.24408819
0.24408819
0.24408819
0.24408819
0.24408819
0.24408819
0.24408819
0.24408819
0.24408819
0.24408819
0.24408819
0.24408819
0.24408819
0.20659335
0.15294987
0.15294987
0.15294987
0.15891989
0.15891989
0.15891989
0.17430512
0.17430512
0.17430512
0.17430512
0.17430512
0.17430512
0.17430512
0.17430512
0.17430512
0.17430512
0.26771831
0.39642492
0.43333203
0.43333203
0.43333203
0.43333203
0.43333203
0.43333203
0.37238907
0.37238907
0.37238907
0.37238907
0.37238907
0.37238907
0.33371465
0.33034173
0.33034173
0.33034173
0.33034173
0.33034173
0.33034173
0.33034173
0.32089559
0.32089559
0.26433948
0.25258085
0.25258085
0.25258085
0.25258085
0.25258085
0.25258085
0.25258085
0.25258085
0.25258085
0.25258085
0.25258085
0.25258085
0.25258085
0.25258085
0.25258085
0.25258085
0.25258085
0.26634432
0.26634432
0.26634432
0.24453942
0.24453942
0.24453942
0.27523031
0.27523031
0.27523031
0.28018875
0.28018875
0.28018875
0.3253636
0.3253636
0.3253636
0.3253636
0.32276039
0.32276039
0.32276039
0.3359517
0.3359517
0.3359517
0.38110803
0.38110803
0.38110803
0.36906086
0.36581419
0.36581419
0.36581419
0.36581419
0.36581419
0.41369466
0.41369466
0.41369466
0.40419967
0.38569028
0.31768437
0.15563284
0.14106479
0.13263634
0.12795522
0.12795522
0.12795522
0.12795522
0.17139584
0.26605361
0.33061885
0.37209264
0.40931725
0.41339371
0.4430679
0.4430679
0.52235501
0.52235501
0.52235501
0.48051842
0.41305986
0.36476499
0.36476499
0.36476499
0.38922431
0.39052601
0.39052601
0.39052601
0.39052601
0.39052601
0.39052601
0.31665113
0.29231451
0.29231451
0.29231451
0.28908006
0.2712354
0.2712354
0.21688641
0.18459858
0.15732137
0.15732137
0.15732137
0.1584141
0.1584141
0.17326084
0.17326084
0.17326084
0.17326084
0.16418518
0.16418518
0.16418518
0.16418518
0.16418518
0.16418518
0.16418518
0.16418518
0.16418518
0.19332385
0.19436694
0.19436694
0.19436694
0.21675603
0.21675603
0.21675603
0.21333879
0.21333879
0.17106298
0.17106298
0.17106298
0.17106298
0.17106298
0.2052822
0.24012991
0.27492916
0.27492916
0.28754122
0.315688
0.315688
0.31708739
0.34996748
0.38984099
0.38984099
0.47857975
0.50400634
0.5085094
0.55212237
0.55212237
0.55212237
0.55212237
0.55212237
0.55212237
0.55212237
0.53122229
0.50086465
0.50086465
0.50086465
0.50086465
0.50583924
0.50583924
0.50583924
0.50689809
0.50689809
0.50689809
0.49826952
0.44959905
0.42200888
0.42200888
0.42200888
0.42200888
0.39819184
0.39770063
0.39770063
0.37962237
0.37678932
0.31793707
0.27507038
0.27507038
0.26387525
0.26387525
0.22753617
0.22753617
0.22753617
0.24865743
0.24865743
0.24865743
0.24865743
0.24865743
0.28730684
0.28730684
0.29162417
0.30411411
0.31815569
0.31815569
0.35956784
0.35956784
0.35956784
0.35995821
0.35995821
0.38951364
0.38951364
0.38951364
0.38951364
0.39830332
0.41026265
0.41026265
0.41986242
0.42317763
0.42317763
0.42317763
0.42317763
0.42317763
0.42317763
0.42675046
0.42675046
0.42675046
0.42675046
0.44307952
0.45030594
0.47234503
0.48468075
0.51101866
0.51244661
0.51244661
0.51244661
0.51244661
0.5414283
0.5414283
0.5414283
0.45059251
0.44127262
0.42050135
0.41582043
0.41582043
0.41582043
0.41582043
0.38964521
0.38964521
0.38964521
0.39019551
0.39019551
0.39019551
0.39019551
0.39019551
0.39019551
0.27934321
0.27934321
0.24625434
0.24625434
0.24625434
0.21983843
0.21983843
0.21983843
0.21983843
0.21829703
0.21829703
0.21829703
0.21829703
0.21829703
0.1947516
0.1947516
0.16604546
0.16604546
0.16604546
0.16604546
0.17718525
0.17718525
0.17718525
0.17620498
0.15960983
0.14829613
0.14829613
0.14829613
0.12807517
0.12807517
0.12807517
0.12807517
0.12807517
0.12807517
0.12807517
0.13308914
0.13308914
0.13308914
0.12573746
0.12573746
0.12573746
0.12573746
0.12573746
0.12573746
0.12573746
0.12573746
0.12573746
0.12573746
0.12573746
0.12573746
0.12573746
0.11382343
0.11382343
0.11382343
0.13498802
0.15337845
0.15337845
0.15337845
0.14916964
0.14916964
0.14916964
0.14916964
0.14916964
0.14916964
0.14916964
0.13664622
0.13664622
0.13664622
0.13664622
0.13664622
0.13813503
0.13813503
0.13813503
0.13813503
0.13813503
0.15207143
0.16247223
0.16247223
0.16247223
0.16247223
0.10878621
0.10878621
0.10878621
0.10878621
0.13765425
0.13765425
0.14021216
0.14021216
0.14021216
0.14021216
0.14021216
0.14021216
0.13164938
0.13164938
0.13164938
0.13164938
0.13164938
0.11504595
0.11504595
0.1134953
0.1134953
0.10415
0.10415
0.0799422
0.0799422
0.0799422
0.0799422
0.08814848
0.08814848
0.08814848
0.09624565
0.13269267
0.13269267
0.13269267
0.10738249
0.10738249
0.10738249
0.10738249
0.06961723
0.06961723
0.06961723
0.06961723
0.06961723
0.06961723
0.06961723
0.06961723
0.08937967
0.10240534
0.10925478
0.10925478
0.10925478
0.10925478
0.10925478
0.10980724
0.12617589
0.12617589
0.12617589
0.12617589
0.12617589
0.12617589
0.07651551
0.07651551
0.07651551
0.07651551
0.07651551
0.07651551
0.10302891
0.13659777
0.13659777
0.17112404
0.17112404
0.17112404
0.17112404
0.1689246
0.1689246
0.1689246
0.1689246
0.1689246
0.16806389
0.16806389
0.16806389
0.16806389
0.16806389
0.15146027
0.11394298
0.11394298
0.11394298
0.11394298
0.15477351
0.15477351
0.15477351
0.15477351
0.16768179
0.17900869
0.20694965
0.20694965
0.20694965
0.20694965
0.20694965
0.24128861
0.24991935
0.29692512
0.29692512
0.31068643
0.39307525
0.40001981
0.42788002
0.42788002
0.469005
0.46974123
0.46974123
0.48503842
0.52092115
0.5243378
0.53806011
0.53806011
0.5892416
0.5892416
0.5892416
0.5892416
0.5892416
0.5892416
0.5892416
0.5892416
0.5892416
0.5892416
0.5892416
0.56683046
0.56683046
0.56683046
0.5706485
0.5706485
0.5706485
0.55878666
0.55878666
0.55878666
0.55878666
0.55878666
0.56033988
0.56962412
0.56962412
0.56962412
0.56962412
0.56962412
0.55484375
0.55394404
0.51969922
0.51969922
0.51969922
0.52056505
0.52056505
0.52572931
0.52572931
0.52572931
0.50821672
0.50821672
0.50821672
0.52693982
0.52693982
0.52693982
0.53946285
0.53946285
0.53946285
0.50072205
0.50072205
0.50072205
0.50072205
0.50072205
0.50072205
0.50072205
0.50072205
0.50072205
0.52582976
0.52582976
0.52582976
0.52582976
0.52582976
0.48648765
0.48516566
0.46057339
0.45060315
0.45060315
0.45060315
0.45060315
0.45060315
0.45060315
0.45060315
0.44838677
0.41800727
0.41800727
0.41800727
0.41800727
0.41800727
0.42964142
0.45697141
0.48666018
0.49302549
0.50903765
0.50903765
0.50903765
0.54858282
0.54858282
0.54858282
0.68505532
0.69814914
0.69814914
0.69814914
0.65387341
0.54963025
0.53303234
0.53303234
0.51346587
0.50134779
0.50134779
0.49759198
0.49759198
0.49759198
0.49759198
0.49759198
0.48433252
0.48433252
0.48433252
0.48433252
0.48433252
0.47165409
0.47165409
0.45007924
0.45007924
0.45007924
0.46831348
0.46831348
0.46831348
0.44317564
0.44317564
0.44317564
0.44567819
0.44567819
0.44567819
0.44567819
0.46768026
0.46768026
0.46768026
0.46768026
0.46768026
0.45627969
0.45600769
0.45600769
0.45600769
0.45600769
0.48040044
0.48911547
0.54887787
0.55310243
0.56213929
0.58033277
0.58033277
0.58033277
0.56577791
0.56577791
0.56577791
0.48371683
0.48142325
0.47529094
0.47137599
0.47137599
0.47137599
0.47137599
0.47137599
0.49630781
0.49630781
0.49630781
0.55639913
0.59050096
0.62647488
0.62647488
0.62647488
0.62255796
0.62255796
0.61098624
0.57916263
0.48894687
0.47657274
0.32975853
0.25995715
0.25995715
0.25995715
0.31954189
0.47642956
0.56024672
0.62821087
0.65670745
0.65670745
0.65670745
0.71183816
0.74642904
0.7556278
0.82302373
0.82473293
0.82761956
0.82800915
0.82800915
0.82800915
0.82800915
0.82744762
0.78698698
0.73681155
0.73681155
0.56988411
0.48694282
0.33931339
0.33931339
0.33931339
0.33931339
0.33830654
0.3029751
0.26477358
0.26477358
0.23916225
0.2382519
0.2382519
0.2382519
0.30609768
0.45931049
0.45931049
0.48668992
0.52961865
0.54054966
0.54054966
0.54054966
0.50246021
0.50246021
0.50246021
0.54378629
0.54378629
0.54378629
0.54378629
0.54378629
0.54378629
0.54378629
0.52263312
0.52263312
0.52263312
0.52263312
0.52263312
0.52875381
0.52875381
0.5466414
0.55168847
0.57936747
0.60730193
0.60730193
0.60730193
0.5993836
0.5993836
0.5993836
0.64703914
0.64703914
0.64703914
0.62013182
0.62013182
0.62013182
0.62013182
0.6298539
0.6298539
0.6298539
0.57172311
0.55828521
0.55828521
0.52143246
0.52143246
0.52143246
0.52143246
0.52143246
0.52143246
0.52143246
0.51421156
0.51421156
0.46606224
0.46606224
0.46606224
0.47050366
0.47050366
0.47050366
0.4970988
0.4970988
0.4970988
0.4970988
0.4970988
0.54346071
0.54346071
0.54346071
0.54346071
0.54346071
0.54346071
0.54346071
0.59899283
0.59899283
0.59899283
0.59899283
0.59899283
0.59899283
0.5737703
0.50307531
0.50307531
0.49572304
0.48802235
0.48802235
0.48802235
0.48802235
0.48802235
0.48802235
0.48461949
0.48461949
0.42776263
0.35052291
0.26823749
0.11518717
0.09831608
0.09831608
0.09831608
0.09831608
0.09831608
0.22949197
0.34428975
0.41010193
0.41010193
0.42206186
0.42758261
0.42758261
0.42758261
0.40818375
0.40818375
0.40818375
0.40818375
0.38384675
0.36631722
0.36631722
0.36631722
0.36631722
0.36631722
0.36631722
0.35349856
0.28653574
0.2610934
0.2610934
0.2610934
0.30219652
0.38352393
0.38352393
0.38352393
0.38352393
0.39160849
0.4124229
0.4124229
0.4124229
0.4124229
0.33892164
0.33892164
0.29073097
0.29073097
0.29073097
0.29073097
0.27257649
0.24562978
0.19076299
0.19076299
0.19076299
0.2322295
0.2322295
0.2322295
0.28887601
0.28887601
0.28887601
0.28887601
0.28887601
0.28887601
0.28887601
0.30254652
0.30254652
0.3402976
0.3402976
0.3402976
0.31799439
0.29606736
0.29606736
0.29606736
0.29767199
0.29767199
0.30808598
0.3107209
0.3107209
0.3107209
0.3107209
0.31350097
0.31350097
0.31723353
0.31723353
0.31723353
0.2995878
0.29942118
0.26262968
0.26262968
0.23858417
0.23858417
0.23858417
0.27077649
0.27077649
0.27077649
0.27077649
0.24719954
0.24719954
0.24719954
0.24719954
0.24719954
0.23852883
0.23852883
0.2371773
0.2371773
0.2371773
0.2743698
0.2743698
0.29550032
0.29633602
0.29633602
0.30634034
0.30729519
0.30729519
0.36941991
0.36941991
0.36941991
0.3644922
0.34568442
0.33916902
0.33916902
0.33916902
0.34047801
0.35401814
0.35401814
0.35401814
0.35401814
0.36555184
0.36555184
0.37229137
0.37229137
0.37679523
0.39606981
0.39606981
0.39606981
0.39606981
0.39931963
0.39931963
0.39931963
0.41341478
0.43493607
0.43493607
0.43493607
0.43493607
0.43493607
0.43493607
0.44904461
0.47254553
0.47469455
0.47469455
0.47469455
0.52357222
0.52357222
0.52357222
0.52357222
0.52357222
0.52357222
0.49268771
0.49268771
0.48199876
0.47693436
0.47693436
0.47693436
0.47693436
0.47578097
0.47578097
0.47578097
0.47578097
0.49992949
0.49992949
0.5096238
0.54590596
0.55755173
0.55755173
0.55755173
0.5292984
0.5292984
0.5292984
0.5292984
0.63260029
0.63260029
0.70783163
0.72618464
0.72618464
0.72618464
0.60468809
0.60468809
0.58633745
0.58633745
0.56729095
0.56729095
0.56729095
0.57384199
0.57384199
0.57384199
0.57384199
0.57384199
0.57384199
0.57384199
0.5927325
0.5927325
0.5927325
0.52908627
0.48186562
0.40213023
0.40213023
0.40213023
0.40609658
0.40609658
0.40609658
0.39459439
0.39459439
0.38329822
0.38329822
0.38329822
0.33397227
0.32608348
0.32042151
0.32042151
0.32042151
0.3883833
0.39735713
0.39922213
0.40354222
0.482916
0.49834082
0.53368841
0.53368841
0.53368841
0.52970236
0.50768868
0.45533213
0.44954863
0.44954863
0.44954863
0.44722471
0.44722471
0.44722471
0.44110127
0.44110127
0.44110127
0.44110127
0.41906277
0.36648011
0.36648011
0.36648011
0.36648011
0.36648011
0.36648011
0.39141331
0.40876065
0.41120746
0.41120746
0.44895677
0.44895677
0.44895677
0.42171521
0.40686275
0.40686275
0.40686275
0.42108869
0.42441906
0.42441906
0.42441906
0.42441906
0.42441906
0.37305006
0.32823348
0.21250231
0.21250231
0.21250231
0.29803932
0.34853323
0.34928404
0.34928404
0.34928404
0.34116599
0.34116599
0.34116599
0.32339027
0.3107014
0.3107014
0.3107014
0.3107014
0.2898541
0.2898541
0.27951751
0.18255119
0.18255119
0.18255119
0.20770065
0.20770065
0.20770065
0.20770065
0.19345876
0.19345876
0.19345876
0.21597981
0.21597981
0.21597981
0.21597981
0.21597981
0.21597981
0.19636016
0.19150493
0.19150493
0.16212283
0.16212283
0.16212283
0.1863842
0.18748107
0.20214701
0.21248557
0.21248557
0.32213958
0.32213958
0.33946801
0.33946801
0.33946801
0.33946801
0.34676789
0.36047011
0.36047011
0.36047011
0.35340205
0.35340205
0.35336502
0.35336502
0.35336502
0.28353488
0.28353488
0.28353488
0.30905916
0.30905916
0.30905916
0.30905916
0.33762309
0.34174485
0.34174485
0.36292618
0.36292618
0.36480103
0.36480103
0.36480103
0.35705189
0.35141533
0.30427719
0.26095022
0.26095022
0.21538342
0.16465887
0.14853031
0.11955828
0.07586436
0.07586436
0.06587993
0.06587993
0.06587993
0.06587993
0.06587993
0.11204824
0.14212699
0.16386788
0.17082959
0.17082959
0.17082959
0.17082959
0.17082959
0.13412869
0.10978006
0.10978006
0.05388928
0.05388928
0.05388928
0.05388928
0.05388928
0.05388928
0.05388928
0.09032901
0.09032901
0.09032901
0.06544111
0.06544111
0.06544111
0.04950124
0.04950124
0.04950124
0.09194959
0.20716
0.20716
0.30288864
0.32236608
0.32236608
0.34563794
0.34563794
0.36600839
0.36600839
0.36600839
0.34738732
0.27750007
0.27750007
0.27750007
0.29561948
0.29561948
0.29561948
0.30747364
0.30747364
0.30747364
0.30747364
0.30747364
0.30747364
0.23590278
0.23590278
0.23590278
0.28502586
0.28502586
0.28502586
0.24724721
0.24724721
0.24724721
0.28450471
0.28450471
0.31831247
0.31831247
0.31831247
0.28613316
0.28613316
0.27182194
0.27182194
0.27182194
0.27708173
0.28806178
0.30393862
0.30393862
0.30393862
0.30393862
0.30393862
0.30393862
0.26637722
0.26637722
0.26637722
0.29669389
0.29669389
0.29669389
0.29669389
0.29669389
0.32475558
0.34095721
0.34095721
0.34095721
0.34095721
0.32772887
0.32772887
0.31776158
0.2752634
0.2752634
0.2752634
0.2752634
0.2752634
0.36821413
0.38942048
0.38942048
0.38942048
0.38942048
0.38942048
0.38942048
0.38942048
0.38942048
0.38942048
0.3977928
0.3977928
0.3977928
0.3977928
0.3977928
0.3977928
0.40564653
0.40564653
0.40564653
0.40564653
0.40564653
0.40564653
0.40564653
0.40564653
0.39226988
0.39226988
0.39226988
0.38984788
0.38627091
0.38089847
0.38089847
0.37877073
0.37877073
0.37877073
0.36704873
0.36704873
0.36704873
0.36704873
0.36910557
0.36910557
0.36910557
0.36910557
0.44350456
0.51829983
0.51829983
0.58750187
0.58750187
0.58750187
0.6031784
0.64056058
0.64634506
0.64634506
0.64634506
0.7232533
0.7232533
0.7232533
0.70977995
0.69891157
0.69891157
0.69891157
0.68870635
0.68870635
0.65958541
0.65958541
0.65958541
0.65958541
0.65958541
0.65958541
0.65600312
0.62668739
0.58055868
0.55635974
0.55635974
0.54991407
0.54991407
0.54991407
0.57525359
0.61339268
0.64375052
0.64375052
0.64375052
0.60428393
0.5711277
0.5711277
0.5711277
0.5711277
0.56125397
0.55037869
0.46057339
0.46057339
0.46057339
0.4453737
0.42282626
0.42282626
0.42282626
0.40623268
0.39549823
0.39549823
0.39549823
0.39549823
0.39549823
0.39549823
0.39549823
0.39549823
0.39549823
0.40141802
0.4190803
0.4190803
0.4190803
0.4190803
0.42299505
0.42299505
0.42299505
0.42299505
0.42299505
0.4498872
0.4498872
0.4498872
0.4498872
0.47600314
0.48494014
0.48494014
0.48947531
0.48947531
0.48947531
0.49634779
0.49634779
0.49634779
0.49110239
0.45651762
0.45651762
0.45651762
0.49218744
0.49352735
0.49352735
0.49352735
0.49352735
0.49352735
0.47840623
0.47840623
0.47840623
0.53361928
0.53361928
0.53361928
0.53071788
0.53071788
0.53071788
0.54580708
0.54935392
0.54935392
0.54935392
0.54935392
0.54519139
0.54390702
0.54390702
0.54390702
0.54889697
0.55769748
0.55769748
0.55769748
0.55769748
0.55769748
0.55769748
0.55769748
0.58188224
0.58188224
0.58188224
0.57926623
0.54670009
0.54670009
0.54670009
0.60530713
0.60530713
0.60530713
0.5857769
0.5857769
0.5857769
0.5857769
0.5857769
0.5857769
0.61992718
0.61992718
0.61992718
0.61992718
0.60118203
0.54729058
0.54321491
0.54321491
0.49759632
