0.42238775
0.42227044
0.40223187
0.38754672
0.38754672
0.38754672
0.38754672
0.38754672
0.38754672
0.38189839
0.38189839
0.38189839
0.38387869
0.38413333
0.40631863
0.41301576
0.41301576
0.41301576
0.40423312
0.38388288
0.38388288
0.38388288
0.40233032
0.40839273
0.40839273
0.40839273
0.40058348
0.40058348
0.40058348
0.40058348
0.40058348
0.40058348
0.40058348
0.40058348
0.40599672
0.40599672
0.42161779
0.43218872
0.43218872
0.43218872
0.43218872
0.43218872
0.4254832
0.4254832
0.39819864
0.39819864
0.39819864
0.41678272
0.41678272
0.41678272
0.41546624
0.41546624
0.41546624
0.41546624
0.48982255
0.48982255
0.55102736
0.55102736
0.55102736
0.47706929
0.47706929
0.47560059
0.47560059
0.47560059
0.47560059
0.47560059
0.48594341
0.48594341
0.50972962
0.50972962
0.50972962
0.50972962
0.50972962
0.50972962
0.51686341
0.54416147
0.54416147
0.54416147
0.53173081
0.53173081
0.53173081
0.53173081
0.53173081
0.53173081
0.53173081
0.49434527
0.49434527
0.49434527
0.51126256
0.51126256
0.53033613
0.54105462
0.54105462
0.54105462
0.52662271
0.5124764
0.50776026
0.48762113
0.48752826
0.48752826
0.48752826
0.48752826
0.48822933
0.50669772
0.53321371
0.53321371
0.53321371
0.51962089
0.51962089
0.50291238
0.49393655
0.48513737
0.48513737
0.48513737
0.49406317
0.49473467
0.50098305
0.51253435
0.54317109
0.54947463
0.54947463
0.54947463
0.54947463
0.54294391
0.54294391
0.47229124
0.46057236
0.46057236
0.46057236
0.47494561
0.47494561
0.47494561
0.49763041
0.50017562
0.50017562
0.50017562
0.50017562
0.50017562
0.50017562
0.50017562
0.50017562
0.49024943
0.47950627
0.45586483
0.43565867
0.43565867
0.43565867
0.43565867
0.43565867
0.41870483
0.41870483
0.41870483
0.41870483
0.4303774
0.4303774
0.4303774
0.4303774
0.4303774
0.4303774
0.4303774
0.44703493
0.44703493
0.44703493
0.44703493
0.44703493
0.46944531
0.46944531
0.47081579
0.47081579
0.50007297
0.51903225
0.53238952
0.57771582
0.58092858
0.58092858
0.58092858
0.53846775
0.48539387
0.48539387
0.48539387
0.50559491
0.50559491
0.50559491
0.52869658
0.52869658
0.52869658
0.53171522
0.53754394
0.54334542
0.54334542
0.54334542
0.54334542
0.54334542
0.54334542
0.53961734
0.53961734
0.53961734
0.57360183
0.59775277
0.59775277
0.59775277
0.53506576
0.53506576
0.53506576
0.53506576
0.5321812
0.50409013
0.49592336
0.49592336
0.49592336
0.49592336
0.49592336
0.48286286
0.48116443
0.48116443
0.48116443
0.48116443
0.47081626
0.47081626
0.47081626
0.49642333
0.49642333
0.49642333
0.49062626
0.49062626
0.49062626
0.49062626
0.49212127
0.49212127
0.49212127
0.49212127
0.49212127
0.50425446
0.54204198
0.54204198
0.54204198
0.51599313
0.51599313
0.51599313
0.5573067
0.60437775
0.61454577
0.61454577
0.61454577
0.60875732
0.60875732
0.60875732
0.61673207
0.61869957
0.61869957
0.61869957
0.62503221
0.62503221
0.62503221
0.61366711
0.59983106
0.59983106
0.59983106
0.59983106
0.59983106
0.59983106
0.59983106
0.59983106
0.57185382
0.57185382
0.57185382
0.55829196
0.54758929
0.54758929
0.54758929
0.56795908
0.56795908
0.56795908
0.56375339
0.51540286
0.50943821
0.50943821
0.50943821
0.50943821
0.50943821
0.50943821
0.51013043
0.51013043
0.51013043
0.50742253
0.50742253
0.50742253
0.50823834
0.5271648
0.5271648
0.5271648
0.52788984
0.52788984
0.52788984
0.52788984
0.52788984
0.52788984
0.5299686
0.5299686
0.5299686
0.5299686
0.5299686
0.5299686
0.5299686
0.52538584
0.52538584
0.52538584
0.54049228
0.54049228
0.54049228
0.54049228
0.54049228
0.55484272
0.55484272
0.55484272
0.55023133
0.53352724
0.53352724
0.53352724
0.53419083
0.53419083
0.53419083
0.53419083
0.53419083
0.53419083
0.55395173
0.56888453
0.57282745
0.57282745
0.57282745
0.57282745
0.57282745
0.56663446
0.56663446
0.56663446
0.56663446
0.58857793
0.58857793
0.58857793
0.58857793
0.58857793
0.58857793
0.58857793
0.58857793
0.60046044
0.61834229
0.63023015
0.63023015
0.64024944
0.64024944
0.64024944
0.62808552
0.62337009
0.62337009
0.62337009
0.62337009
0.62337009
0.62337009
0.62337009
0.62337009
0.62337009
0.62337009
0.62337009
0.62337009
0.5445681
0.5445681
0.5445681
0.5445681
0.5445681
0.55185574
0.60253012
0.60253012
0.60253012
0.59806257
0.59806257
0.59731728
0.58154911
0.57857633
0.57467857
0.57467857
0.57467857
0.57467857
0.57217596
0.56419772
0.56419772
0.56419772
0.56419772
0.56272995
0.56272995
0.56272995
0.56272995
0.56272995
0.56272995
0.57926878
0.59282413
0.59282413
0.5991947
0.5991947
0.5991947
0.5991947
0.5991947
0.5991947
0.60036804
0.60036804
0.60036804
0.57726125
0.5470067
0.5470067
0.5470067
0.5470067
0.5470067
0.5470067
0.5470067
0.5470067
0.5470067
0.5470067
0.57693422
0.57877766
0.58400773
0.58652198
0.58652198
0.60061546
0.60463449
0.60463449
0.60463449
0.60463449
0.60463449
0.59534094
0.59534094
0.59534094
0.59534094
0.59534094
0.59534094
0.59002638
0.56852119
0.55573744
0.55573744
0.55573744
0.55573744
0.54860226
0.54201032
0.54201032
0.54201032
0.54201032
0.54201032
0.54201032
0.54201032
0.48645338
0.46948605
0.46948605
0.46948605
0.48870881
0.50635952
0.50635952
0.52787728
0.52787728
0.52787728
0.54397573
0.54397573
0.54397573
0.54397573
0.56265314
0.56265314
0.56265314
0.56265314
0.56265314
0.55174076
0.54800127
0.54800127
0.54800127
0.54800127
0.54800127
0.54800127
0.54800127
0.54800127
0.54798545
0.53851779
0.51027195
0.51027195
0.51027195
0.51027195
0.49450215
0.49450215
0.49450215
0.5378698
0.5378698
0.53929963
0.53929963
0.53929963
0.55829312
0.56463949
0.56463949
0.57019728
0.57019728
0.57019728
0.57019728
0.57019728
0.57019728
0.57019728
0.55424244
0.55424244
0.53950678
0.53950678
0.53950678
0.53950678
0.5418062
0.54826895
0.54826895
0.54826895
0.51045071
0.51045071
0.51045071
0.51045071
0.52814076
0.53513094
0.53513094
0.53513094
0.52549826
0.52549826
0.52549826
0.55606004
0.55606004
0.55606004
0.55465861
0.55465861
0.54308683
0.54308683
0.54308683
0.54945741
0.55356372
0.57809941
0.57809941
0.57809941
0.5201041
0.5201041
0.51062411
0.51062411
0.51062411
0.53937225
0.53937225
0.53937225
0.53937225
0.53937225
0.53937225
0.53937225
0.54186904
0.55331793
0.55331793
0.55331793
0.59118318
0.59118318
0.59118318
0.58331784
0.57044773
0.57044773
0.56247136
0.56247136
0.56247136
0.57744769
0.57792042
0.57792042
0.59724163
0.60120317
0.60228759
0.60615765
0.60615765
0.60615765
0.6055597
0.59262698
0.59262698
0.57553837
0.57553837
0.57553837
0.57553837
0.57553837
0.57553837
0.57553837
0.57412065
0.57402103
0.57402103
0.57402103
0.57402103
0.57402103
0.57402103
0.57402103
0.57402103
0.57402103
0.57402103
0.56547882
0.56166834
0.56166834
0.56166834
0.56166834
0.56166834
0.57788783
0.59052844
0.59052844
0.59194104
0.59194104
0.59194104
0.59194104
0.59194104
0.59194104
0.56793302
0.56793302
0.56793302
0.56443886
0.56443886
0.56443886
0.56443886
0.56443886
0.54984262
0.54984262
0.54984262
0.55306213
0.55306213
0.55306213
0.577926
0.60521126
0.60521126
0.60521126
0.59654941
0.59580761
0.59580761
0.59580761
0.59580761
0.59580761
0.59580761
0.58649847
0.582806
0.57300713
0.57300713
0.57300713
0.58147649
0.58147649
0.58147649
0.58147649
0.60602242
0.60602242
0.60602242
0.59580575
0.59580575
0.59580575
0.59580575
0.59752211
0.59752211
0.59752211
0.59752211
0.59752211
0.60637086
0.61490608
0.61490608
0.61490608
0.61490608
0.61890533
0.63095356
0.64116465
0.64116465
0.64116465
0.63208919
0.62815861
0.61264833
0.61264833
0.61264833
0.60371975
0.60371975
0.60371975
0.60371975
0.60371975
0.60371975
0.60371975
0.60358149
0.59815567
0.59815567
0.59815567
0.60259879
0.60615276
0.60615276
0.60615276
0.60585297
0.60585297
0.60585297
0.60585297
0.60585297
0.60585297
0.6311549
0.63847583
0.63847583
0.63847583
0.65338489
0.68391782
0.69495682
0.71844463
0.71844463
0.71844463
0.71769794
0.67129304
0.66467806
0.66467806
0.66467806
0.66708268
0.66708268
0.66708268
0.66708268
0.65297268
0.64219111
0.64219111
0.64219111
0.64219111
0.64219111
0.64219111
0.64219111
0.64219111
0.63820723
0.63820723
0.59208722
0.59208722
0.59208722
0.59337367
0.59493803
0.60204296
0.60204296
0.60204296
0.60204296
0.60204296
0.60204296
0.60204296
0.60204296
0.60204296
0.61033589
0.61033589
0.61033589
0.61033589
0.59146878
0.59146878
0.59146878
0.59146878
0.59146878
0.60080516
0.60345976
0.62408721
0.62408721
0.62408721
0.61461537
0.61461537
0.6145886
0.6145886
0.60929313
0.60929313
0.60929313
0.60929313
0.60929313
0.59141617
0.59141617
0.58373214
0.57917638
0.57917638
0.57917638
0.57917638
0.58706081
0.58706081
0.58706081
0.58706081
0.58940049
0.58940049
0.59533395
0.59533395
0.59533395
0.59533395
0.61443661
0.61443661
0.61443661
0.6020681
0.58006272
0.58006272
0.58006272
0.58598035
0.58598035
0.58598035
0.58598035
0.58859492
0.58859492
0.59710454
0.59710454
0.62598489
0.62758742
0.62758742
0.62758742
0.62758742
0.6203589
0.6203589
0.6203589
0.6203589
0.66512682
0.66512682
0.6700003
0.6700003
0.6700003
0.6700003
0.6700003
0.65249389
0.64015913
0.64015913
0.6290652
0.61893605
0.61893605
0.61893605
0.61893605
0.61893605
0.62181666
0.62181666
0.64237708
0.64237708
0.64237708
0.64237708
0.64702595
0.64702595
0.64702595
0.64078572
0.62316922
0.61535856
0.61535856
0.61535856
0.61606871
0.61606871
0.61606871
0.61606871
0.61606871
0.61606871
0.61606871
0.63440373
0.63473215
0.63473215
0.63473215
0.63473215
0.64748192
0.65750144
0.65750144
0.66452491
0.66452491
0.66452491
0.66363531
0.63511853
0.58686576
0.577754
0.577754
0.577754
0.57952412
0.59660178
0.59660178
0.59663041
0.59663041
0.61644787
0.62116028
0.62116028
0.62116028
0.62116028
0.62116028
0.62116028
0.62280123
0.62280123
0.62280123
0.61868048
0.60700885
0.60093154
0.60093154
0.59920751
0.59920751
0.59920751
0.59920751
0.59920751
0.59068997
0.59068997
0.59068997
0.60228503
0.60565396
0.60565396
0.60565396
0.60565396
0.60053329
0.59736476
0.59736476
0.59736476
0.59736476
0.59736476
0.586579
0.586579
0.586579
0.56799819
0.56799819
0.56799819
0.58111455
0.58303666
0.58303666
0.58303666
0.58303666
0.58303666
0.58456402
0.58918496
0.58918496
0.58918496
0.58918496
0.58918496
0.58918496
0.5848559
0.5848559
0.5848559
0.59066064
0.59066064
0.59066064
0.60577802
0.61018529
0.61018529
0.61018529
0.61018529
0.61018529
0.61018529
0.60705936
0.60705936
0.60705936
0.60891909
0.62035052
0.65154727
0.65154727
0.65154727
0.65154727
0.65154727
0.65154727
0.65537264
0.65537264
0.65537264
0.61635058
0.61635058
0.59556578
0.59556578
0.59556578
0.62700111
0.64129592
0.64129592
0.64129592
0.64504285
0.64510221
0.65560284
0.66438293
0.67988482
0.67988482
0.68139565
0.6869709
0.6869709
0.6869709
0.6869709
0.6869709
0.6778589
0.67390039
0.67390039
0.66822669
0.64366423
0.64366423
0.64366423
0.67211956
0.67255365
0.67255365
0.67255365
0.6655914
0.65353828
0.65353828
0.65353828
0.67055357
0.67055357
0.67055357
0.66182538
0.66182538
0.65881978
0.65809265
0.65809265
0.65809265
0.65809265
0.65809265
0.65809265
0.65809265
0.65809265
0.63574535
0.61612178
0.61612178
0.61612178
0.62229521
0.62229521
0.62229521
0.62229521
0.62229521
0.62229521
0.62229521
0.62229521
0.59807444
0.5857569
0.5857569
0.5857569
0.59391669
0.6068678
0.6068678
0.62668595
0.63405157
0.64824327
0.6538525
0.6538525
0.6538525
0.6358054
0.6358054
0.6358054
0.6358054
0.6270046
0.6270046
0.6270046
0.63011866
0.63011866
0.63364215
0.63405855
0.63405855
0.63405855
0.63405855
0.63405855
0.62407045
0.62407045
0.62407045
0.61160511
0.61160511
0.61160511
0.61956869
0.62722153
0.62722153
0.62722153
0.62722153
0.63607214
0.63607214
0.64607467
0.6635862
0.6635862
0.6635862
0.63339566
0.63339566
0.63339566
0.6426913
0.6592967
0.6592967
0.6592967
0.64625087
0.64625087
0.64625087
0.64625087
0.64625087
0.64587333
0.64587333
0.63703529
0.62392056
0.61762679
0.61762679
0.61762679
0.61762679
0.61762679
0.63295388
0.63761695
0.63875723
0.6525579
0.65280113
0.66209306
0.67855554
0.68696019
0.68696019
0.68696019
0.68541934
0.64705923
0.63522886
0.63522886
0.62323648
0.61536345
0.61536345
0.60793266
0.60198012
0.59533372
0.59533372
0.59533372
0.60358917
0.60358917
0.61838651
0.61838651
0.61838651
0.61838651
0.61838651
0.61838651
0.59818361
0.59818361
0.59818361
0.60105933
0.62151175
0.63519092
0.63519092
0.63519092
0.62526171
0.62526171
0.62526171
0.62526171
0.62526171
0.62487742
0.62351765
0.62202777
0.61669506
0.61669506
0.61669506
0.61669506
0.60728443
0.60728443
0.60728443
0.6210439
0.6210439
0.6210439
0.6210439
0.62717893
0.62717893
0.62717893
0.62717893
0.62717893
0.58642981
0.57656972
0.57656972
0.57656972
0.58892474
0.615518
0.615518
0.615518
0.57649338
0.56403851
0.56403851
0.56403851
0.5475446
0.54577146
0.54577146
0.54509227
0.53822499
0.5305768
0.5305768
0.52141383
0.51976101
0.51976101
0.51976101
0.51976101
0.51722628
0.51722628
0.51722628
0.52157652
0.52668719
0.53026118
0.53032682
0.53032682
0.53799269
0.54793727
0.55758368
0.58145531
0.58245733
0.58245733
0.58491432
0.59009132
0.5926861
0.59739665
0.60376956
0.60979566
0.62184436
0.63796958
0.65835147
0.65835147
0.65835147
0.65835147
0.65835147
0.65835147
0.65835147
0.65210752
0.64915475
0.64915475
0.62879334
0.62636451
0.62636451
0.62636451
0.62636451
0.64689723
0.65166458
0.6574926
0.6574926
0.6589066
0.6589066
0.6589066
0.661456
0.661456
0.661456
0.6573967
0.64947642
0.64883937
0.64282397
0.61154064
0.60623795
0.58635835
0.58635835
0.58635835
0.61355027
0.63313125
0.63313125
0.63412
0.63412
0.63412
0.61307707
0.61307707
0.61307707
0.61307707
0.61307707
0.61307707
0.61307707
0.61307707
0.60561765
0.60561765
0.60561765
0.60561765
0.56655998
0.56655998
0.56655998
0.56167486
0.56167486
0.56167486
0.56511339
0.56511339
0.56511339
0.54028559
0.54028559
0.53320091
0.53201268
0.53201268
0.53201268
0.53201268
0.53201268
0.48542622
0.45988642
0.45988642
0.45988642
0.49395959
0.49395959
0.49395959
0.49395959
0.49395959
0.49395959
0.48744819
0.48744819
0.4772932
0.4772932
0.4772932
0.4772932
0.4772932
0.4772932
0.4772932
0.4772932
0.50696469
0.50696469
0.50696469
0.50696469
0.50696469
0.50696469
0.52577571
0.52577571
0.52577571
0.52577571
0.52577571
0.54225193
0.54225193
0.55266062
0.55266062
0.55266062
0.56590616
0.56590616
0.56590616
0.57346823
0.57346823
0.57346823
0.55776756
0.55776756
0.55776756
0.55776756
0.55776756
0.55776756
0.55776756
0.55216624
0.54257057
0.53867025
0.53867025
0.53867025
0.53867025
0.53867025
0.58159264
0.58159264
0.58159264
0.56278511
0.56102151
0.56102151
0.56102151
0.56102151
0.56102151
0.56102151
0.56102151
0.56102151
0.56102151
0.56102151
0.58305901
0.58305901
0.58305901
0.58305901
0.58305901
0.55544324
0.55544324
0.55544324
0.55544324
0.55809854
0.56632489
0.56632489
0.57451424
0.58273594
0.58273594
0.60039899
0.62107812
0.62266599
0.62266599
0.62266599
0.61599167
0.61599167
0.61599167
0.61599167
0.61599167
0.61068549
0.58829606
0.58829606
0.58829606
0.58829606
0.58829606
0.58829606
0.58829606
0.58829606
0.55229798
0.55229798
0.55229798
0.54424736
0.54424736
0.54424736
0.54424736
0.54424736
0.58134661
0.58134661
0.58134661
0.58134661
0.58134661
0.53768894
0.53768894
0.53159092
0.51753376
0.51753376
0.51753376
0.51753376
0.52965834
0.52965834
0.52965834
0.52616581
0.50131776
0.50131776
0.50131776
0.4917833
0.4917833
0.4917833
0.49789575
0.49789575
0.49789575
0.49146675
0.49146675
0.49146675
0.52034244
0.52079748
0.52079748
0.52079748
0.52079748
0.52079748
0.52079748
0.52079748
0.52079748
0.48048385
0.46388287
0.46388287
0.46388287
0.45950958
0.45950958
0.44846244
0.43617935
0.43617935
0.39495982
0.38871702
0.38871702
0.38871702
0.39120055
0.39120055
0.39120055
0.39120055
0.39120055
0.39120055
0.42512266
0.4560913
0.4560913
0.4560913
0.4560913
0.48265408
0.48265408
0.48265408
0.48265408
0.53112611
0.53112611
0.54540975
0.57784407
0.57784407
0.57784407
0.57784407
0.57784407
0.57784407
0.58501999
0.58501999
0.58501999
0.57936142
0.57936142
0.57936142
0.61161
0.61368643
0.61368643
0.61368643
0.61368643
0.61368643
0.61368643
0.61368643
0.61368643
0.66558372
0.66558372
0.66558372
0.66558372
0.66558372
0.66558372
0.66558372
0.66558372
0.66558372
0.66558372
0.66558372
0.66558372
0.66558372
0.66558372
0.67984479
0.67984479
0.67984479
0.67984479
0.67984479
0.67984479
0.67984479
0.67984479
0.67984479
0.67984479
0.67984479
0.65745931
0.65745931
0.65745931
0.65745931
0.71026785
0.71026785
0.71026785
0.71026785
0.71026785
0.71026785
0.71454524
0.71454524
0.72567967
0.72567967
0.72567967
0.72567967
0.72567967
0.73289819
0.73289819
0.73289819
0.72420049
0.72420049
0.70600024
0.65148349
0.64829704
0.64829704
0.64829704
0.64829704
0.64858938
0.64858938
0.64864687
0.64864687
0.64864687
0.64864687
0.64819556
0.64819556
0.64819556
0.64819556
0.64819556
0.64819556
0.64819556
0.61757884
0.61757884
0.61757884
0.6216244
0.6216244
0.6216244
0.6216244
0.6216244
0.6216244
0.6216244
0.6216244
0.6216244
0.62951
0.62951
0.62951
0.61426949
0.61426949
0.61426949
0.6312885
0.6312885
0.6312885
0.6312885
0.6176368
0.61557061
0.61557061
0.61557061
0.64385858
0.64385858
0.64385858
0.63649948
0.62594485
0.62594485
0.62594485
0.62594485
0.62594485
0.62787069
0.65305205
0.65305205
0.65305205
0.63829637
0.61164003
0.61164003
0.61164003
0.61164003
0.61164003
0.60432841
0.60432841
0.60432841
0.62331003
0.62331003
0.62331003
0.62331003
0.62331003
0.61841025
0.61841025
0.61435119
0.61435119
0.61435119
0.61435119
0.61435119
0.61435119
0.5938976
0.5938976
0.5938976
0.60306942
0.60306942
0.60306942
0.60306942
0.60306942
0.60306942
0.60306942
0.60306942
0.60306942
0.60306942
0.60215306
0.60215306
0.60076582
0.59201343
0.59201343
0.59201343
0.61493006
0.61493006
0.61493006
0.62103157
0.62103157
0.62103157
0.62103157
0.62103157
0.62103157
0.61719502
0.61380281
0.61380281
0.61380281
0.62435232
0.62435232
0.62435232
0.60575987
0.60575987
0.60575987
0.60575987
0.58910745
0.56070729
0.54988894
0.54988894
0.54988894
0.54988894
0.55424872
0.5757553
0.5757553
0.5757553
0.5757553
0.5757553
0.57481869
0.57481869
0.57481869
0.57481869
0.57481869
0.57481869
0.56982673
0.53844098
0.53844098
0.53844098
0.53844098
0.49613797
0.49613797
0.49613797
0.50627945
0.54923303
0.55949276
0.55949276
0.55949276
0.55949276
0.55949276
0.55949276
0.55949276
0.58147439
0.58147439
0.64415675
0.64415675
0.75054378
0.75054378
0.76176829
0.76176829
0.77769753
0.82912279
0.82912279
0.82912279
0.82912279
0.82912279
0.82912279
0.82912279
0.82912279
0.82912279
0.82912279
0.85147195
0.87544855
0.87544855
0.87544855
0.85513695
0.85064403
0.84301958
0.81283114
0.81283114
0.78016779
0.78016779
0.78016779
0.78016779
0.72393329
0.72393329
0.72393329
0.7284574
0.7284574
0.7284574
0.7284574
0.7284574
0.71208941
0.67582716
0.67582716
0.67582716
0.64921248
0.63908612
0.63772891
0.63422614
0.63422614
0.63422614
0.63422614
0.63264664
0.63264664
0.57599342
0.57599342
0.56322363
0.56322363
0.56322363
0.56322363
0.56322363
0.55058326
0.55058326
0.55058326
0.55058326
0.55058326
0.55058326
0.55058326
0.55058326
0.53964923
0.53964923
0.53964923
0.53964923
0.53099856
0.53099856
0.53099856
0.53099856
0.53099856
0.53099856
0.53099856
0.53099856
0.53099856
0.55281494
0.56394378
0.58720838
0.58720838
0.58720838
0.55567483
0.55567483
0.53916858
0.52829089
0.5217597
0.5217597
0.5014232
0.5014232
0.5014232
0.50741461
0.52456071
0.54172543
0.54172543
0.54172543
0.52164961
0.52164961
0.52164961
0.48824702
0.48824702
0.48824702
0.45977865
0.45977865
0.45977865
0.45977865
0.45977865
0.42407408
0.42407408
0.42407408
0.48589663
0.48589663
0.48589663
0.48589663
0.48589663
0.48589663
0.48768816
0.48768816
0.48768816
0.49091232
0.49091232
0.49091232
0.48909216
0.48180661
0.48180661
0.44785564
0.44785564
0.40371849
0.40371849
0.40371849
0.42019425
0.42510916
0.42510916
0.42510916
0.42510916
0.42510916
0.41731876
0.41196673
0.41196673
0.41196673
0.42921198
0.42921198
0.42921198
0.43860748
0.47708512
0.4827274
0.51631434
0.51631434
0.51631434
0.48305908
0.45758235
0.45758235
0.45571726
0.45571726
0.45571726
0.41763554
0.41763554
0.41763554
0.41763554
0.43108382
0.43108382
0.43108382
0.3970139
0.39599722
0.39599722
0.39599722
0.40054624
0.40054624
0.41950039
0.41950039
0.41950039
0.41950039
0.42965259
0.42965259
0.42965259
0.44294398
0.44949379
0.4564281
0.4564281
0.4564281
0.47828964
0.47847352
0.49551278
0.49551278
0.49551278
0.4898293
0.47304119
0.47304119
0.47304119
0.4710141
0.4667665
0.4667665
0.4667665
0.46706513
0.46706513
0.46706513
0.45459002
0.42925224
0.42841432
0.42841432
0.42841432
0.41414371
0.41414371
0.41414371
0.42622942
0.42946243
0.42946243
0.42946243
0.42946243
0.42946243
0.42649383
0.42649383
0.42649383
0.42649383
0.42649383
0.44171782
0.44171782
0.44171782
0.44171782
0.44171782
0.44246986
0.47876749
0.47876749
0.47876749
0.47876749
0.47876749
0.47876749
0.47876749
0.47876749
0.47876749
0.49080898
0.49080898
0.49080898
0.49080898
0.49080898
0.49080898
0.49080898
0.49080898
0.55639172
0.61177689
0.62584756
0.63241691
0.63241691
0.63241691
0.64074941
0.64074941
0.64074941
0.64074941
0.63392472
0.63392472
0.63392472
0.6505634
0.67464684
0.67464684
0.67464684
0.66009902
0.66009902
0.66009902
0.65983763
0.65006856
0.65006856
0.65006856
0.65006856
0.63202565
0.6183232
0.6183232
0.6183232
0.6183232
0.61936363
0.62322694
0.62322694
0.6384074
0.6384074
0.6384074
0.6384074
0.6384074
0.6384074
0.61952283
0.61952283
0.61952283
0.61952283
0.61952283
0.61952283
0.60688805
0.60688805
0.60688805
0.62036984
0.62135045
0.62135045
0.62135045
0.62135045
0.61758792
0.58557046
0.58557046
0.58557046
0.58557046
0.58557046
0.58557046
0.57781009
0.56128127
0.52810631
0.52810631
0.52810631
0.52309806
0.52309806
0.51741388
0.50978641
0.50978641
0.50978641
0.50978641
0.50978641
0.50978641
0.50978641
0.50362625
0.49227093
0.47085606
0.47085606
0.47085606
0.46601097
0.46601097
0.46601097
0.40887594
0.39091565
0.39091565
0.39091565
0.38700905
0.38700905
0.38700905
0.39504757
0.39504757
0.40613009
0.41826073
0.41826073
0.41826073
0.41826073
0.41826073
0.42915565
0.43055127
0.43055127
0.43296915
0.43348075
0.46594184
0.46594184
0.46594184
0.45413637
0.44802415
0.44802415
0.44802415
0.44802415
0.44802415
0.44802415
0.44802415
0.4465352
0.44524968
0.44524968
0.44524968
0.44524968
0.44484143
0.44484143
0.44484143
0.42880093
0.42506121
0.42506121
0.41407365
0.40985864
0.40985864
0.4008437
0.4008437
0.4008437
0.4027558
0.4027558
0.4027558
0.4027558
0.40583496
0.40922833
0.40922833
0.4224243
0.4224243
0.4224243
0.4032006
0.38833344
0.38833344
0.3851549
0.3851549
0.36738711
0.36007712
0.36007712
0.36007712
0.37013528
0.37013993
0.37013993
0.37013993
0.35957413
0.35957413
0.35835192
0.35835192
0.35835192
0.35835192
0.35835192
0.34500606
0.34500606
0.34500606
0.34500606
0.33227444
0.33227444
0.33227444
0.33227444
0.33227444
0.34065814
0.34156054
0.34156054
0.3520507
0.36755492
0.36755492
0.36755492
0.35417252
0.35417252
0.35159543
0.3462555
0.31394826
0.31394826
0.31394826
0.33467301
0.35525764
0.35681269
0.35681269
0.35681269
0.36731309
0.36731309
0.36731309
0.36101676
0.36101676
0.36101676
0.36101676
0.35601899
0.35601899
0.31936872
0.31377625
0.31377625
0.31377625
0.32110929
0.33391887
0.33391887
0.33391887
0.34515991
0.35313139
0.35313139
0.35313139
0.35313139
0.34282186
0.34282186
0.34282186
0.37864513
0.37864513
0.37864513
0.37864513
0.37864513
0.37864513
0.37864513
0.37864513
0.37864513
0.37727349
0.36325868
0.36254784
0.35116296
0.35116296
0.35116296
0.35300454
0.35300454
0.35300454
0.34994843
0.30907338
0.29232437
0.29232437
0.29232437
0.29232437
0.29232437
0.29232437
0.29232437
0.28504674
0.28504674
0.28504674
0.28884162
0.28884162
0.30043016
0.30752299
0.30752299
0.30752299
0.31878869
0.32467607
0.33004718
0.33237988
0.33237988
0.33237988
0.34146278
0.34146278
0.34146278
0.33752243
0.33752243
0.33752243
0.33752243
0.34650525
0.36444901
0.36444901
0.36444901
0.35216894
0.32213458
0.29886347
0.29886347
0.29886347
0.29886347
0.28095928
0.28095928
0.28095928
0.28095928
0.28095928
0.28095928
0.28095928
0.32700457
0.36810377
0.36810377
0.37342763
0.37342763
0.37342763
0.42126586
0.42126586
0.42126586
0.42126586
0.42126586
0.42126586
0.42126586
0.42126586
0.42126586
0.41045729
0.41045729
0.41045729
0.43910348
0.43910348
0.43910348
0.43910348
0.45962992
0.46616203
0.46616203
0.46616203
0.46173009
0.46173009
0.46173009
0.45650142
0.45650142
0.45650142
0.45650142
0.45650142
0.45650142
0.45621862
0.45287296
0.4378154
0.4378154
0.4378154
0.4378154
0.44298472
0.44298472
0.44298472
0.43235118
0.43235118
0.42738134
0.42738134
0.42583536
0.4244444
0.4244444
0.4244444
0.4244444
0.4244444
0.4244444
0.42577554
0.44547592
0.45695018
0.45695018
0.45695018
0.46270674
0.46270674
0.46270674
0.46270674
0.46270674
0.46270674
0.46279333
0.46279333
0.46279333
0.46090497
0.45640157
0.45640157
0.45322419
0.45322419
0.45322419
0.45028004
0.45028004
0.45028004
0.46370597
0.46370597
0.46370597
0.46370597
0.46370597
0.44834373
0.43227041
0.42669913
0.42669913
0.3934974
0.39199472
0.39199472
0.39199472
0.41111623
0.4129592
0.4129592
0.4129592
0.40746147
0.40746147
0.40746147
0.41738533
0.44589209
0.44589209
0.44589209
0.44070765
0.44054262
0.44054262
0.42971031
0.42205561
0.42205561
0.42205561
0.42205561
0.42205561
0.42634161
0.42634161
0.42890334
0.45079211
0.45079211
0.4519403
0.47072222
0.47072222
0.47072222
0.4321275
0.4051169
0.4051169
0.4051169
0.43553414
0.43553414
0.43553414
0.40356953
0.40356953
0.40356953
0.42100098
0.4286103
0.4286103
0.4286103
0.40082136
0.39896628
0.39896628
0.39896628
0.45230643
0.45456116
0.45456116
0.45456116
0.45456116
0.45456116
0.45456116
0.45456116
0.43899385
0.42647475
0.42464271
0.42464271
0.42464271
0.4378431
0.46211344
0.46211344
0.46211344
0.47979163
0.50241125
0.50241125
0.50241125
0.47915573
0.46577821
0.45989945
0.44994301
0.44994301
0.44994301
0.45000469
0.46295812
0.46295812
0.46295812
0.46589087
0.46589087
0.46589087
0.46589087
0.46589087
0.46589087
0.49067957
0.49067957
0.49067957
0.47611545
0.45281896
0.45281896
0.45281896
0.49561845
0.49601647
0.5236618
0.5241329
0.5241329
0.5241329
0.5241329
0.5241329
0.53147711
0.53363524
0.53363524
0.53363524
0.53363524
0.52692716
0.52692716
0.52692716
0.52692716
0.52161516
0.51996398
0.51996398
0.51580204
0.49869947
0.49869947
0.49869947
0.49869947
0.49869947
0.49869947
0.50690115
0.53745991
0.53759305
0.54914062
0.54914062
0.54914062
0.54914062
0.55372362
0.55372362
0.55372362
0.55372362
0.55372362
0.55372362
0.55372362
0.55372362
0.55372362
0.54534644
0.54467377
0.54467377
0.54467377
0.54142052
0.53519937
0.53519937
0.51881578
0.49360836
0.49360836
0.49360836
0.49360836
0.49360836
0.50596639
0.50596639
0.50596639
0.50596639
0.50596639
0.50596639
0.50596639
0.50596639
0.49879234
0.49879234
0.49879234
0.50856886
0.51443342
0.53561368
0.53561368
0.53561368
0.50201161
0.50201161
0.50201161
0.50201161
0.50201161
0.50201161
0.49436482
0.4841165
0.4841165
0.4841165
0.4841165
0.50357877
0.54865369
0.55862038
0.55862038
0.57301714
0.57301714
0.5732925
0.5732925
0.5732925
0.65504562
0.67006012
0.68003658
0.68003658
0.68003658
0.61798663
0.61798663
0.61660079
0.61660079
0.61660079
0.61660079
0.61660079
0.64282211
0.68628822
0.69257943
0.72938168
0.73287305
0.73287305
0.73287305
0.74120112
0.74120112
0.75522012
0.75522012
0.75522012
0.75522012
0.77794798
0.77794798
0.79848093
0.79848093
0.79848093
0.79817206
0.79817206
0.79817206
0.79817206
0.79817206
0.79817206
0.79817206
0.79468814
0.79468814
0.79468814
0.76002354
0.73777516
0.69029026
0.65441438
0.64682671
0.64682671
0.64682671
0.67438452
0.68480113
0.68480113
0.68480113
0.68480113
0.68096528
0.68096528
0.68096528
0.68624306
0.68842214
0.68842214
0.68842214
0.70953466
0.72128241
0.7279877
0.7279877
0.7279877
0.7279877
0.7279877
0.72960536
0.73966329
0.73966329
0.73966329
0.73966329
0.72451611
0.69032307
0.69032307
0.69032307
0.71437067
0.71437067
0.71437067
0.70109045
0.70109045
0.70109045
0.70109045
0.7007981
0.7007981
0.7007981
0.7007981
0.7007981
0.71692146
0.71692146
0.71692146
0.79642894
0.79642894
0.79642894
0.78131621
0.78131621
0.78131621
0.78131621
0.79795606
0.79795606
0.83810281
0.83810281
0.83810281
0.89099979
0.89099979
0.89099979
0.87673198
0.87313797
0.85358446
0.83589417
0.82496224
0.82496224
0.82496224
0.83389967
0.83389967
0.83389967
0.83389967
0.84438075
0.84438075
0.84438075
0.82447252
0.82447252
0.82447252
0.84387567
0.84387567
0.85644831
0.87866433
0.87866433
0.87866433
0.87866433
0.87866433
0.87866433
0.84332054
0.83068948
0.78771077
0.78771077
0.78771077
0.78771077
0.78771077
0.78771077
0.78771077
0.78771077
0.78771077
0.76522265
0.76522265
0.76522265
0.7786253
0.80335767
0.80335767
0.80335767
0.76864488
0.76864488
0.76864488
0.76317368
0.76317368
0.76317368
0.77223214
0.79145933
0.81595452
0.82160587
0.82876527
0.82876527
0.82876527
0.82876527
0.82876527
0.82043464
0.80817785
0.7968877
0.7849726
0.77437282
0.75932782
0.75932782
0.75932782
0.75932782
0.75274264
0.73526068
0.73526068
0.73526068
0.73526068
0.72591941
0.70185692
0.70185692
0.70185692
0.70185692
0.70185692
0.70185692
0.70781435
0.72303508
0.72303508
0.72303508
0.73738552
0.73738552
0.73738552
0.73221853
0.73221853
0.73221853
0.7552541
0.76711241
0.76711241
0.76711241
0.76711241
0.75280362
0.73671332
0.73671332
0.73671332
0.7551042
0.7551042
0.77023485
0.77641806
0.77641806
0.77641806
0.77641806
0.77641806
0.77641806
0.77588947
0.77588947
0.77588947
0.78602886
0.78725689
0.78725689
0.78725689
0.77297068
0.77297068
0.77297068
0.79183407
0.79183407
0.79183407
0.78901235
0.78901235
0.78901235
0.77480784
0.77480784
0.76865838
0.76865838
0.75099207
0.73070817
0.73070817
0.73070817
0.73069746
0.73069746
0.73069746
0.73069746
0.70042848
0.70042848
0.70042848
0.70042848
0.70042848
0.64555027
0.64141789
0.64141789
0.64141789
0.64141789
0.64141789
0.64141789
0.64141789
0.64141789
0.64141789
0.66383525
0.69605543
0.69605543
0.69605543
0.69605543
0.69605543
0.69605543
0.69605543
0.72983696
0.72983696
0.72983696
0.70215671
0.70215671
0.70215671
0.70001674
0.67709406
0.65777447
0.65777447
0.65777447
0.65777447
0.65777447
0.6617225
0.6617225
0.67366949
0.67366949
0.67366949
0.70498635
0.70498635
0.70498635
0.70498635
0.70498635
0.69877823
0.69877823
0.69877823
0.69877823
0.68161049
0.68161049
0.67189332
0.67189332
0.67189332
0.67255342
0.67458353
0.67458353
0.67458353
0.68160583
0.68160583
0.68160583
0.68256433
0.69664571
0.70068964
0.70333563
0.70333563
0.70333563
0.70333563
0.70333563
0.71524258
0.71524258
0.71524258
0.69881594
0.67416806
0.67416806
0.67416806
0.69295091
0.69295091
0.69295091
0.69295091
0.68106421
0.68106421
0.68106421
0.68106421
0.70411467
0.70411467
0.70411467
0.70411467
0.70411467
0.70411467
0.70411467
0.69798057
0.69798057
0.69720525
0.69720525
0.69720525
0.69720525
0.69720525
0.69896304
0.69896304
0.69896304
0.69462676
0.67809608
0.67809608
0.67809608
0.68386894
0.68386894
0.68386894
0.6832768
0.67349353
0.65543316
0.64362629
0.64362629
0.64362629
0.65272153
0.6705247
0.6705247
0.6705247
0.69430626
0.69430626
0.69430626
0.68838048
0.68838048
0.68838048
0.67632153
0.67526016
0.67526016
0.67526016
0.67526016
0.66191523
0.66191523
0.66191523
0.67219241
0.67219241
0.67219241
0.69927098
0.70896324
0.70896324
0.70896324
0.70059816
0.70059816
0.69888297
0.69888297
0.69888297
0.72033998
0.73357993
0.73357993
0.73357993
0.73357993
0.72912774
0.72905652
0.72905652
0.72905652
0.72905652
0.73136687
0.73136687
0.73136687
0.73136687
0.73136687
0.72985115
0.72985115
0.72985115
0.75264582
0.75264582
0.76676816
0.76696367
0.76696367
0.76696367
0.744969
0.73743859
0.73743859
0.73743859
0.73743859
0.73345494
0.73345494
0.73345494
0.73489245
0.74880415
0.75619816
0.75619816
0.75619816
0.7567612
0.7567612
0.7567612
0.75040575
0.72230189
0.70465723
0.70465723
0.70465723
0.70465723
0.70465723
0.70465723
0.70465723
0.70465723
0.70465723
0.70465723
0.70465723
0.70465723
0.70465723
0.72061835
0.7283245
0.7283245
0.73150676
0.73150676
0.73150676
0.73150676
0.73150676
0.73150676
0.73150676
0.73150676
0.71428571
0.68426067
0.68426067
0.68426067
0.68956219
0.69668155
0.7014859
0.7014859
0.7014859
0.69799523
0.69799523
0.69799523
0.69799523
0.69799523
0.69799523
0.68977051
0.68977051
0.68977051
0.69028188
0.69028188
0.69028188
0.69028188
0.69938247
0.70255403
0.70255403
0.70255403
0.70255403
0.68476738
0.68476738
0.68476738
0.68476738
0.68476738
0.68476738
0.68476738
0.69988546
0.71123566
0.71123566
0.71123566
0.70740865
0.70740865
0.70740865
0.70740865
0.6819019
0.6819019
0.67001427
0.66910907
0.66910907
0.66910907
0.66910907
0.66910907
0.66175719
0.6401447
0.6401447
0.62011031
0.58658436
0.56357253
0.56259472
0.56259472
0.55762464
0.55762464
0.55418937
0.55027136
0.54462396
0.54462396
0.54462396
0.53674325
0.50539986
0.50539986
0.50539986
0.51143085
0.51550667
0.51550667
0.51550667
0.51247779
0.50219432
0.50219432
0.50219432
0.50219432
0.50219432
0.49090813
0.49090813
0.49090813
0.49090813
0.49090813
0.49090813
0.49090813
0.50191525
0.50863263
0.51986692
0.53957079
0.5413607
0.54544397
0.54544397
0.55043685
0.55113396
0.55113396
0.55146355
0.55515066
0.55515066
0.55515066
0.55515066
0.55515066
0.5656073
0.56668753
0.56668753
0.56668753
0.56668753
0.56668753
0.56668753
0.56668753
0.56668753
0.53052745
0.53052745
0.53052745
0.53052745
0.53052745
0.53052745
0.53052745
0.53052745
0.54997948
0.54997948
0.54997948
0.54997948
0.54997948
0.53866839
0.53866839
0.53763704
0.53763704
0.53019042
0.53019042
0.52574545
0.52474692
0.52474692
0.52474692
0.52474692
0.52474692
0.52474692
0.52474692
0.52474692
0.52542261
0.53612621
0.53612621
0.54018062
0.56471398
0.56989563
0.56989563
0.57009999
0.57459873
0.5805813
0.58116227
0.58116227
0.58116227
0.57942147
0.57861636
0.57699614
0.57291892
0.57210287
0.5612687
0.55168746
0.54760442
0.54358633
0.54358633
0.54358633
0.55431506
0.55431506
0.56191297
0.56191297
0.56191297
0.56191297
0.56191297
0.56512689
0.56512689
0.56751568
0.56846184
0.56846184
0.57233353
0.58052148
0.58052148
0.58052148
0.58052148
0.58055779
0.58508121
0.58508121
0.58508121
0.57952226
0.57952226
0.57952226
0.57952226
0.57952226
0.56928092
0.55691892
0.54400389
0.53771501
0.53211137
0.52787402
0.52787402
0.52787402
0.53237415
0.54772872
0.54833691
0.54833691
0.54833691
0.54945811
0.54945811
0.54945811
0.53422621
0.52583576
0.52583576
0.5097366
0.5097366
0.5097366
0.5097366
0.5097366
0.49668076
0.49668076
0.48883636
0.48883636
0.48883636
0.48883636
0.48883636
0.48883636
0.48883636
0.48883636
0.46224239
0.46224239
0.46224239
0.46224239
0.46224239
0.46224239
0.44732681
0.44728492
0.43274361
0.43274361
0.43274361
0.43274361
0.43274361
0.43274361
0.45629636
0.45629636
0.45629636
0.45495452
0.45495452
0.45495452
0.45495452
0.43996655
0.43996655
0.43996655
0.43996655
0.43996655
0.44333176
0.44333176
0.44333176
0.44333176
0.44333176
0.44333176
0.44333176
0.44333176
0.44702493
0.44702493
0.44702493
0.39328466
0.39328466
0.39328466
0.39328466
0.39856105
0.39856105
0.39856105
0.39856105
0.46311477
0.52100906
0.56341589
0.56341589
0.56341589
0.62410513
0.63333584
0.63663239
0.67118178
0.67118178
0.67118178
0.67118178
0.67118178
0.67118178
0.67118178
0.67118178
0.67118178
0.67118178
0.68990714
0.71455339
0.71455339
0.71455339
0.71455339
0.71455339
0.71455339
0.71455339
0.71455339
0.69822171
0.69822171
0.69822171
0.70303444
0.70376646
0.70376646
0.70376646
0.70376646
0.70376646
0.70376646
0.70376646
0.71195465
0.7153571
0.7153571
0.74424862
0.74424862
0.74424862
0.73689184
0.73689184
0.73689184
0.73689184
0.73689184
0.73689184
0.73689184
0.73689184
0.74715902
0.75000122
0.75000122
0.75000122
0.74360341
0.74360341
0.74360341
0.74360341
0.74360341
0.74360341
0.74837308
0.76695017
0.76695017
0.76960594
0.76960594
0.78849888
0.78849888
0.78849888
0.76400253
0.76400253
0.76400253
0.76400253
0.77876891
0.79499306
0.79499306
0.79499306
0.78599301
0.78266155
0.78266155
0.7704427
0.7704427
0.75985269
0.73938538
0.73913958
0.72753871
0.72753871
0.72015074
0.72015074
0.71124939
0.71124939
0.71124939
0.71124939
0.71124939
0.71124939
0.7115557
0.7115557
0.7115557
0.7115557
0.7115557
0.7115557
0.7115557
0.7115557
0.7115557
0.69614853
0.68876383
0.67658129
0.67658129
0.66548317
0.64549999
0.64549999
0.64549999
0.64549999
0.64549999
0.64549999
0.65301667
0.65301667
0.65301667
0.64035977
0.64035977
0.64035977
0.6269343
0.62203848
0.62203848
0.62203848
0.62226565
0.63085045
0.63085045
0.63085045
0.62080812
0.62080812
0.62080812
0.62080812
0.59649192
0.54022135
0.48825772
0.46643529
0.46643529
0.46643529
0.46200288
0.41162248
0.38078441
0.33235311
0.27705756
0.2689399
0.21245496
0.21245496
0.21245496
0.21199806
0.21199806
0.17877282
0.12105263
0.07875497
0.06776043
0.05617724
0.04341071
0.04341071
0.04341071
0.04341071
0.04341071
0.04406895
0.08162161
0.08162161
0.08574841
0.10800773
0.15432069
0.18242316
0.21763964
0.21763964
0.21763964
0.21763964
0.23874261
0.2520382
0.25839598
0.27135663
0.28600128
0.28600128
0.29459073
0.29459073
0.29459073
0.29459073
0.3091744
0.3412277
0.36057662
0.36095834
0.37247263
0.3833885
0.3833885
0.3833885
0.3746552
0.3746552
0.3746552
0.38557712
0.39439398
0.43150394
0.43150394
0.43150394
0.43150394
0.43193338
0.43841685
0.43841685
0.43841685
0.43841685
0.43841685
0.43835191
0.43835191
0.43835191
0.39538809
0.38051231
0.38051231
0.38051231
0.38051231
0.38051231
0.40560941
0.40560941
0.40560941
0.4502684
0.4502684
0.46306961
0.46306961
0.46306961
0.43567519
0.43028476
0.42536286
0.42536286
0.42536286
0.42536286
0.4382467
0.4382467
0.4382467
0.45261437
0.45261437
0.45261437
0.50546434
0.52354635
0.52354635
0.52354635
0.52354635
0.52354635
0.52354635
0.5092804
0.5092804
0.5092804
0.52384452
0.52384452
0.54199031
0.54199031
0.54199031
0.54199031
0.54203756
0.54203756
0.54203756
0.54203756
0.54203756
0.52552572
0.52552572
0.52552572
0.55241646
0.55241646
0.58202859
0.58202859
0.5839002
0.5839002
0.5839002
0.57986185
0.54030095
0.52471107
0.52471107
0.52471107
0.52471107
0.52471107
0.51269495
0.51269495
0.49199209
0.4779277
0.47270904
0.47270904
0.47270904
0.47270904
0.47270904
0.47270904
0.42682016
0.40171398
0.40171398
0.40171398
0.40171398
0.40768212
0.40768212
0.40768212
0.40768212
0.41172396
0.41172396
0.41172396
0.43005503
0.43005503
0.43005503
0.43005503
0.43005503
0.43005503
0.42731244
0.42731244
0.42731244
0.44652333
0.44653171
0.44653171
0.46158997
0.46158997
0.46170239
0.46170239
0.46428228
0.46428228
0.46428228
0.47078251
0.48217693
0.48217693
0.48217693
0.48217693
0.48217693
0.48349946
0.48349946
0.48349946
0.48349946
0.48918107
0.52688736
0.52688736
0.52688736
0.52688736
0.52688736
0.52688736
0.52688736
0.52688736
0.52688736
0.53240907
0.53431489
0.53431489
0.53431489
0.56825026
0.57062835
0.57062835
0.58865171
0.58865171
0.6203703
0.6203703
0.6203703
0.60844101
0.50452167
0.45742221
0.40694381
0.40694381
0.40694381
0.40694381
0.45413358
0.50622452
0.50622452
0.59326823
0.59326823
0.59326823
0.59153488
0.59153488
0.59153488
0.57854816
0.57854816
0.57854816
0.57854816
0.57854816
0.63319618
0.65372518
0.67641836
0.67641836
0.67641836
0.67641836
0.67641836
0.67641836
0.67641836
0.67641836
0.67641836
0.67790312
0.67790312
0.67790312
0.67024795
0.65703546
0.62308286
0.62308286
0.61765076
0.55934239
0.54781041
0.54781041
0.54781041
0.54781041
0.54781041
0.54781041
0.54781041
0.54781041
0.54781041
0.54792749
0.55138022
0.55138022
0.55138022
0.55138022
0.56881912
0.56881912
0.60001262
0.60001262
0.60001262
0.64380668
0.64380668
0.65821601
0.65821601
0.6748242
0.6748242
0.6748242
0.6748242
0.6820113
0.6820113
0.6820113
0.6820113
0.66800091
0.66800091
0.66800091
0.66800091
0.66800091
0.66800091
0.65312769
0.60815727
0.60815727
0.60815727
0.60815727
0.60815727
0.60815727
0.56842367
0.56842367
0.5315595
0.5315595
0.44967627
0.44015159
0.42937887
0.42937887
0.42937887
0.45762169
0.49574461
0.57138621
0.58642585
0.58642585
0.5978745
0.62488976
0.62488976
0.62488976
0.62832922
0.62832922
0.67623099
0.68740895
0.74451093
0.74891797
0.74891797
0.76306382
0.76306382
0.76306382
0.76306382
0.72102102
0.72102102
0.72102102
0.75991507
0.79479731
0.79479731
0.79479731
0.79479731
0.78290734
0.78290734
0.78290734
0.78290734
0.78290734
0.75495919
0.74175252
0.74175252
0.74175252
0.73446977
0.73446977
0.73446977
0.73446977
0.73446977
0.73446977
0.71978531
0.71978531
0.71978531
0.73086877
0.73086877
0.73086877
0.72537359
0.72537359
0.71883985
0.70779736
0.70779736
0.70779736
0.71949274
0.71949274
0.71949274
0.71949274
0.72624574
0.72624574
0.74561118
0.75503484
0.78745101
0.79199863
0.79199863
0.80214244
0.80214244
0.80214244
0.79718656
0.79718656
0.79718656
0.79718656
0.79718656
0.80272876
0.80312887
0.80312887
0.81364812
0.82262815
0.82449091
0.84096154
0.84096154
0.84096154
0.84096154
0.84096154
0.83948027
0.83539281
0.83017508
0.83017508
0.83017508
0.83017508
0.83017508
0.81663976
0.81663976
0.81663976
0.8188747
0.8188747
0.8188747
0.81224389
0.81086318
0.81086318
0.81086318
0.81086318
0.81086318
0.81086318
0.81086318
0.80790273
0.78497726
0.78497726
0.78497726
0.78097871
0.77075856
0.72893805
0.72893805
0.71089118
0.68161887
0.63918667
0.63918667
0.63918667
0.62911757
0.62911757
0.62911757
0.62911757
0.63524748
0.63524748
0.63524748
0.64456384
0.64971197
0.64971197
0.64971197
0.64971197
0.65238217
0.65238217
0.65238217
0.66860981
0.70183341
0.70903866
0.70903866
0.70903866
0.70903866
0.70903866
0.70903866
0.70903866
0.72175724
0.72175724
0.72175724
0.71792535
0.71792535
0.71792535
0.72154287
0.73512242
0.73645123
0.73645123
0.75538793
0.78743355
0.78743355
0.81035437
0.82847549
0.82847549
0.82847549
0.82847549
0.82847549
0.84867234
0.84867234
0.84867234
0.8229298
0.8229298
0.80735971
0.80093117
0.80093117
0.80093117
0.82289605
0.82289605
0.82289605
0.79871508
0.79871508
0.79871508
0.79871508
0.79871508
0.79871508
0.79034791
0.79034791
0.79034791
0.79601347
0.80562357
0.80562357
0.80562357
0.80562357
0.82014951
0.83309736
0.86740398
0.86740398
0.88809777
0.89756077
0.89756077
0.89756077
0.89411758
0.87761204
0.87761204
0.81415204
0.81415204
0.81415204
0.82513122
0.82513122
0.82513122
0.82513122
0.83767849
0.83767849
0.83767849
0.83265698
0.83265698
0.83265698
0.83265698
0.83265698
0.83265698
0.83265698
0.83265698
0.83265698
0.83265698
0.83265698
0.83265698
0.83265698
0.8737699
0.88450795
0.88450795
0.89048214
0.89048214
0.89048214
0.86237804
0.86237804
0.86237804
0.8908229
0.90675656
0.90675656
0.90675656
0.90675656
0.86433414
0.85517117
0.85094987
0.82472273
0.82472273
0.82472273
0.82472273
0.82472273
0.81139852
0.7812557
0.7812557
0.75396881
0.72974292
0.70370711
0.67374235
0.67374235
0.67374235
0.67374235
0.67374235
0.67374235
0.67374235
0.69453483
0.69453483
0.69453483
0.70148637
0.70148637
0.71740886
0.71740886
0.73637326
0.73637326
0.73637326
0.75960434
0.75960434
0.75960434
0.77889926
0.77889926
0.79168743
0.79387303
0.79387303
0.79387303
0.87001482
0.87001482
0.87001482
0.87001482
0.87001482
0.87583028
0.87583028
0.87689491
0.87689491
0.87689491
0.87689491
0.87689491
0.87689491
0.91736938
0.91736938
0.91736938
0.93984656
0.93984656
0.93984656
0.93990242
0.93990242
0.93990242
0.93990242
0.93990242
0.93990242
0.93990242
0.93990242
0.93990242
0.93990242
0.93888201
0.91654472
0.91654472
0.91654472
0.95977342
0.95977342
0.95977342
0.9552926
0.9552926
0.9552926
0.9552926
0.9552926
0.9552926
0.9552926
0.9552926
0.9552926
0.9552926
0.92217839
0.92217839
0.92217839
0.92217839
0.92048484
0.87689328
0.87689328
0.87689328
0.84335196
0.81513125
0.80654738
0.80654738
0.80654738
0.82431704
0.82431704
0.82431704
0.82431704
0.84887414
0.84887414
0.84887414
0.82223292
0.81905066
0.81905066
0.81787314
0.81787314
0.81787314
0.82206278
0.82206278
0.82206278
0.82206278
0.81929901
0.81929901
0.81929901
0.83137122
0.83978798
0.83978798
0.83978798
0.83130605
0.83130605
0.83130605
0.83130605
0.83130605
0.83130605
0.84813304
0.84813304
0.84813304
0.84813304
0.84813304
0.84813304
0.84813304
0.79333419
0.79333419
0.79333419
0.82043859
0.82417273
0.85709281
0.85908894
0.86316267
0.86316267
0.86316267
0.86008631
0.81911769
0.81911769
0.81911769
0.81911769
0.81911769
0.81945333
0.84041968
0.84041968
0.91367528
0.91367528
0.93093148
0.93908149
0.93908149
0.93908149
0.93908149
0.91383496
0.86139255
0.86139255
0.86139255
0.86139255
0.8071856
0.76400835
0.70667337
0.70667337
0.70667337
0.68657498
0.67422276
0.66934555
0.65615704
0.65615704
0.63886058
0.635092
0.635092
0.59128583
0.57568362
0.57568362
0.57568362
0.57568362
0.57568362
0.57568362
0.57568362
0.57568362
0.57568362
0.57568362
0.57568362
0.56041564
0.56041564
0.56041564
0.56041564
0.56041564
0.56041564
0.56310678
0.57753963
0.57753963
0.58044188
0.58044188
0.58044188
0.58044188
0.56284423
0.55809877
0.54490141
0.53484953
0.53413939
0.5265338
0.51411291
0.49231376
0.49231376
0.49231376
0.49231376
0.49231376
0.49231376
0.49231376
0.50633229
0.50633229
0.56812853
0.59500972
0.59872267
0.59872267
0.60654612
0.60654612
0.60654612
0.68724904
0.70780993
0.77838765
0.81655806
0.83629452
0.83629452
0.83629452
0.89855651
0.89855651
0.89855651
0.91357939
0.91357939
0.94652973
0.94652973
0.94652973
0.94652973
0.88399681
0.86160971
0.78720684
0.66429168
0.5858514
0.5858514
0.5858514
0.48655487
0.48655487
0.48655487
0.48655487
0.44254434
0.44254434
0.43784263
0.43784263
0.43784263
0.43784263
0.43784263
0.42619427
0.42619427
0.42619427
0.43330758
0.43330758
0.43330758
0.43330758
0.43330758
0.43330758
0.43330758
0.43566146
0.44802136
0.44802136
0.45891698
0.45891698
0.45891698
0.45891698
0.44674981
0.44674981
0.43763757
0.43763757
0.43763757
0.5154273
0.5154273
0.5154273
0.5154273
0.5154273
0.52706658
0.52706658
0.52889931
0.52889931
0.52889931
0.52889931
0.52889931
0.52889931
0.52889931
0.46795427
0.46795427
0.45514538
0.44305059
0.44305059
0.44305059
0.44305059
0.41861917
0.41861917
0.41861917
0.44527598
0.44527598
0.44527598
0.44527598
0.44527598
0.47385467
0.47602491
0.47602491
0.53456254
0.53456254
0.54534877
0.54534877
0.54534877
0.54534877
0.54847145
0.59926779
0.59926779
0.59926779
0.59926779
0.60472014
0.64361605
0.64598832
0.66910535
0.6920769
0.73502303
0.73502303
0.73502303
0.73502303
0.72296874
0.72188037
0.72188037
0.72188037
0.72188037
0.68971953
0.6882634
0.6882634
0.68052141
0.68052141
0.68052141
0.68052141
0.68052141
0.68378817
0.69464841
0.69464841
0.69464841
0.69464841
0.68575986
0.68575986
0.68575986
0.68575986
0.66003501
0.66003501
0.61743965
0.60611087
0.60611087
0.60611087
0.62046992
0.62046992
0.62046992
0.62046992
0.62046992
0.62046992
0.62046992
0.63056113
0.63056113
0.63056113
0.63056113
0.6500241
0.6500241
0.6500241
0.6500241
0.6500241
0.6500241
0.6500241
0.6500241
0.64412951
0.63552167
0.63552167
0.63552167
0.64133456
0.64133456
0.64133456
0.61879081
0.61297675
0.61297675
0.61297675
0.61297675
0.60443641
0.59536724
0.59536724
0.59536724
0.59536724
0.60351469
0.60351469
0.60351469
0.61203897
0.61203897
0.61203897
0.60460516
0.60460516
0.60460516
0.60287391
0.593089
0.593089
0.593089
0.59717157
0.59717157
0.59717157
0.59717157
0.59717157
0.5954771
0.5954771
0.5954771
0.59731844
0.59731844
0.59731844
0.54060703
0.53504249
0.53504249
0.53504249
0.53592255
0.55113163
0.55113163
0.58709782
0.58809542
0.58809542
0.59303244
0.59303244
0.6373821
0.6373821
0.6373821
0.60180089
0.60180089
0.60180089
0.60180089
0.60011899
0.58558559
0.58558559
0.58558559
0.59652404
0.59652404
0.59652404
0.57225998
0.57102008
0.55653115
0.55653115
0.55030208
0.55030208
0.55030208
0.55030208
0.55030208
0.55030208
0.55030208
0.54697062
0.54697062
0.54697062
0.54697062
0.54697062
0.51738898
0.49318544
0.48011819
0.47744682
0.47435697
0.47435697
0.47435697
0.46060308
0.43211098
0.43008063
0.43008063
0.43008063
0.44403655
0.4595019
0.4692598
0.48515576
0.48515576
0.48515576
0.48515576
0.48515576
0.48515576
0.48515576
0.48515576
0.50149838
0.50229697
0.50998682
0.50998682
0.50998682
0.50998682
0.52440569
0.52697138
0.52697138
0.54912619
0.54912619
0.54912619
0.54912619
0.54912619
0.54912619
0.56549884
0.57415021
0.59137009
0.59137009
0.59137009
0.59137009
0.5872547
0.57402033
0.57402033
0.55680859
0.54477199
0.53929125
0.53360102
0.53360102
0.53360102
0.5242558
0.5242558
0.5242558
0.53792031
0.54674275
0.54674275
0.5547836
0.56995638
0.58707431
0.58707431
0.58707431
0.56903093
0.56260449
0.54787628
0.54787628
0.54787628
0.58398911
0.60062267
0.61846379
0.61846379
0.61846379
0.61002446
0.61002446
0.61002446
0.59934576
0.5811746
0.57334789
0.57334789
0.57334789
0.57334789
0.54621975
0.54535435
0.5375707
0.5375707
0.53717874
0.53717874
0.53717874
0.53863091
0.53863091
0.53887322
0.53887322
0.53887322
0.53887322
0.53887322
0.53887322
0.53887322
0.53887322
0.53887322
0.53887322
0.53887322
0.53887322
0.53887322
0.53887322
0.53457092
0.53457092
0.53457092
0.53540675
0.55231288
0.56765603
0.56765603
0.57246667
0.58723073
0.58723073
0.58723073
0.57623013
0.57623013
0.57623013
0.57623013
0.56116884
0.55942642
0.55935101
0.54306216
0.54306216
0.54306216
0.54306216
0.54306216
0.5341231
0.5341231
0.5265054
0.5265054
0.5265054
0.52278384
0.52278384
0.52278384
0.52278384
0.52860278
0.52860278
0.54118892
0.55261523
0.56082599
0.57693492
0.57693492
0.57693492
0.55686608
0.55686608
0.55686608
0.55686608
0.55686608
0.55686608
0.55686608
0.56857729
0.59416877
0.59416877
0.59416877
0.58196016
0.56102686
0.54933754
0.51723862
0.46941924
0.46941924
0.46941924
0.46941924
0.47399317
0.49218365
0.49218365
0.49218365
0.49218365
0.50505841
0.54546864
0.56154847
0.56154847
0.56154847
0.56154847
0.54248655
0.54248655
0.54248655
0.54248655
0.54248655
0.54248655
0.54248655
0.54248655
0.54248655
0.54248655
0.53282989
0.50618845
0.50618845
0.50618845
0.50618845
0.50618845
0.54319157
0.54756625
0.54756625
0.55679044
0.59756331
0.61133302
0.61133302
0.64123028
0.64123028
0.64123028
0.64123028
0.64039585
0.64039585
0.64039585
0.64039585
0.64039585
0.64039585
0.64039585
0.64039585
0.64039585
0.64039585
0.62121708
0.62121708
0.58724679
0.57913052
0.57913052
0.57913052
0.6134695
0.6134695
0.6134695
0.59433193
0.57680993
0.55263478
0.55263478
0.55263478
0.55390354
0.57800421
0.57800421
0.57800421
0.57800421
0.57800421
0.62038008
0.6205458
0.6205458
0.6205458
0.6205458
0.6205458
0.62924279
0.64482104
0.64482104
0.64482104
0.64482104
0.64482104
0.6499843
0.6499843
0.6499843
0.6499843
0.64165367
0.64165367
0.64165367
0.65766158
0.67422765
0.69228918
0.71043125
0.71043125
0.71908657
0.71908657
0.71908657
0.69607359
0.69016387
0.69016387
0.69016387
0.69016387
0.66311393
0.66311393
0.6618042
0.6338521
0.61885459
0.61885459
0.61885459
0.61885459
0.61885459
0.61885459
0.61885459
0.61508926
0.60420784
0.60420784
0.56823397
0.56823397
0.56823397
0.56823397
0.56823397
0.56823397
0.56823397
0.56823397
0.50516222
0.4750422
0.4750422
0.46373902
0.41804659
0.41804659
0.41804659
0.41804659
0.41804659
0.41804659
0.41804659
0.41804659
0.41804659
0.41804659
0.41804659
0.41804659
0.41804659
0.41804659
0.41804659
0.46190001
0.51189543
0.51189543
0.51189543
0.48735718
0.47149079
0.47149079
0.47149079
0.47149079
0.47149079
0.48697825
0.49629438
0.49629438
0.49629438
0.48014309
0.48014309
0.48014309
0.52518357
0.52518357
0.52518357
0.52518357
0.52518357
0.49131546
0.49131546
0.49131546
0.49131546
0.49131546
0.49131546
0.49131546
0.49131546
0.49131546
0.48753059
0.46148314
0.46148314
0.46148314
0.4504709
0.39216812
0.39216812
0.39216812
0.38832296
0.38832296
0.38181995
0.38181995
0.38181995
0.38181995
0.37896657
0.37896657
0.37896657
0.39120381
0.40433367
0.40433367
0.40433367
0.41310445
0.42826372
0.42826372
0.43741576
0.45547403
0.46395083
0.46744453
0.46744453
0.46744453
0.46744453
0.46991292
0.52147085
0.52147085
0.52147085
0.52147085
0.52147085
0.51556509
0.51556509
0.51556509
0.51805257
0.52587696
0.53822638
0.53822638
0.53822638
0.53822638
0.53822638
0.53822638
0.53822638
0.53822638
0.49677782
0.49677782
0.47093077
0.47093077
0.46584711
0.46584711
0.46584711
0.46584711
0.48396963
0.48396963
0.50060342
0.50060342
0.50060342
0.50060342
0.50060342
0.48794606
0.48794606
0.48794606
0.48794606
0.49280022
0.49280022
0.49280022
0.4524682
0.43431356
0.43431356
0.43431356
0.42780123
0.40715399
0.40715399
0.40715399
0.4378296
0.4378296
0.4378296
0.4378296
0.4378296
0.45906897
0.46594603
0.49271108
0.50473999
0.50473999
0.50473999
0.50850927
0.51552575
0.51573268
0.51573268
0.51573268
0.51573268
0.51573268
0.51573268
0.51098931
0.51098931
0.51098931
0.51940606
0.52756747
0.52893912
0.52893912
0.52893912
0.52359197
0.50909466
0.50909466
0.50909466
0.50909466
0.50909466
0.48591711
0.48591711
0.48591711
0.48591711
0.47358887
0.47358887
0.46477433
0.46477433
0.46477433
0.51246918
0.51246918
0.51246918
0.5050605
0.47157714
0.43750095
0.43750095
0.43750095
0.45153973
0.45153973
0.45153973
0.42088763
0.42088763
0.42088763
0.42088763
0.42088763
0.42088763
0.42705757
0.42705757
0.42705757
0.42705757
0.42705757
0.43905553
0.43905553
0.43905553
0.43905553
0.43905553
0.43905553
0.43905553
0.45491844
0.45491844
0.45491844
0.45491844
0.47997597
0.47997597
0.47997597
0.47632959
0.47632959
0.47632959
0.47632959
0.48047128
0.48047128
0.48047128
0.48047128
0.49828516
0.51273708
0.54042199
0.54042199
0.54042199
0.54042199
0.53739078
0.53739078
0.53739078
0.53739078
0.53739078
0.53739078
0.53739078
0.57231189
0.57777238
0.57777238
0.57777238
0.57777238
0.55245905
0.53190049
0.53190049
0.52707659
0.52178065
0.52178065
0.50120534
0.47122009
0.47122009
0.4697721
0.46403486
0.46403486
0.46403486
0.46403486
0.46403486
0.46035426
0.46035426
0.46035426
0.46035426
0.45195753
0.45091873
0.44721113
0.44721113
0.4240934
0.41560194
0.404498
0.38357028
0.38357028
0.38357028
0.40269506
0.40269506
0.40269506
0.37169848
0.37169848
0.37169848
0.39679674
0.39679674
0.39679674
0.39552519
0.39552519
0.39552519
0.41335303
0.41335303
0.41752707
0.41752707
0.41752707
0.43609416
0.43609416
0.43609416
0.42353246
0.42353246
0.42353246
0.44753164
0.46628819
0.46628819
0.46628819
0.45034475
0.45034475
0.45034475
0.45034475
0.44655057
0.43640256
0.43248804
0.41832078
0.37707332
0.37707332
0.37407121
0.36492895
0.36492895
0.36492895
0.36492895
0.36492895
0.36492895
0.36492895
0.35697888
0.35697888
0.35697888
0.36174878
0.36174878
0.36174878
0.36174878
0.36174878
0.36174878
0.36174878
0.43303828
0.43648379
0.47612336
0.48012051
0.48012051
0.48012051
0.51945401
0.51945401
0.51945401
0.47385561
0.44523223
0.44523223
0.43077867
0.4176637
0.4176637
0.4176637
0.4176637
0.4176637
0.42774235
0.44453163
0.47125454
0.47125454
0.47125454
0.47125454
0.47125454
0.46090334
0.46090334
0.4531944
0.4531944
0.44585625
0.44585625
0.44050794
0.44050794
0.44050794
0.46343528
0.46343528
0.46343528
0.46343528
0.46343528
0.39801523
0.37710428
0.36524667
0.36524667
0.36524667
0.34484033
0.31223237
0.31223237
0.31223237
0.31223237
0.31223237
0.31223237
0.31223237
0.31223237
0.31223237
0.32235105
0.35352313
0.40331582
0.40331582
0.40331582
0.40331582
0.41346475
0.45140799
0.4698552
0.47191627
0.47191627
0.47191627
0.47191627
0.43017676
0.4212896
0.4212896
0.4212896
0.42066488
0.37761611
0.37761611
0.37761611
0.37761611
0.37761611
0.37761611
0.37761611
0.38332193
0.4092949
0.4092949
0.4092949
0.4092949
0.4092949
0.40900139
0.40048642
0.40048642
0.40048642
0.41198837
0.41198837
0.41198837
0.41198837
0.41198837
0.41198837
0.41198837
0.4019642
0.38410958
0.38410958
0.38410958
0.38725949
0.42064463
0.42064463
0.42064463
0.42041723
0.42041723
0.40275627
0.40275627
0.40275627
0.43259395
0.43395791
0.43395791
0.43395791
0.43395791
0.43395791
0.43395791
0.43395791
0.43395791
0.43395791
0.49144045
0.49144045
0.49144045
0.48526632
0.48526632
0.46987196
0.45784001
0.448492
0.44030265
0.44030265
0.42115693
0.42115693
0.42115693
0.42115693
0.3985664
0.3985664
0.3985664
0.43699563
0.47026276
0.47026276
0.47026276
0.47026276
0.47026276
0.50196738
0.50982947
0.50982947
0.50982947
0.50982947
0.50982947
0.5063153
0.46848658
0.46848658
0.46848658
0.46848658
0.46848658
0.4616982
0.4616982
0.4616982
0.4616982
0.47685841
0.47685841
0.47685841
0.47685841
0.47685841
0.47141863
0.46648394
0.46648394
0.46648394
0.46648394
0.46648394
0.46648394
0.51456703
0.52212304
0.52212304
0.52308735
0.52308735
0.52308735
0.52308735
0.53080583
0.53080583
0.53080583
0.53080583
0.53080583
0.5245933
0.51715017
0.51715017
0.51165895
0.49897156
0.46764586
0.40879238
0.40879238
0.40879238
0.40879238
0.40879238
0.40879238
0.37468429
0.37468429
0.37468429
0.35144902
0.35144902
0.35144902
0.37985501
0.37985501
0.42455962
0.44807932
0.44807932
0.44807932
0.44608296
0.4169368
0.38953493
0.38953493
0.38953493
0.39014662
0.39014662
0.41782082
0.41782082
0.41782082
0.41782082
0.41782082
0.40250745
0.40250745
0.39832247
0.39832247
0.39832247
