0.16119784
0.16306589
0.15460785
0.15460785
0.1498715
0.1498715
0.14974673
0.14974673
0.14974673
0.14974673
0.14974673
0.14999179
0.14999179
0.15505008
0.15505008
0.1551252
0.1551252
0.1551252
0.1551252
0.15614612
0.15614612
0.15846952
0.15846952
0.15846952
0.15846952
0.15846952
0.15846952
0.15846952
0.15846952
0.15846952
0.15846952
0.15853375
0.15853375
0.15853375
0.15521025
0.15267141
0.15267141
0.15267141
0.15524196
0.15673057
0.15673057
0.15673057
0.15673057
0.15673057
0.15932178
0.15932178
0.15932178
0.15932178
0.15818154
0.15818154
0.15818154
0.15818154
0.15818154
0.15818154
0.15818154
0.15818154
0.16152522
0.16273402
0.16273402
0.16273402
0.16266979
0.15663383
0.15663383
0.15663383
0.15663383
0.16184668
0.16221699
0.16221699
0.16221699
0.16221699
0.16221699
0.15625311
0.15625311
0.15625311
0.16065983
0.16065983
0.16065983
0.16065983
0.16275436
0.16275436
0.16275436
0.16419331
0.16757672
0.16868332
0.16868332
0.16868332
0.16722259
0.16516394
0.16516394
0.16516394
0.16516394
0.16516394
0.16516394
0.17366329
0.17437508
0.17437508
0.17437508
0.17437508
0.17072996
0.17072996
0.17072996
0.17072996
0.17195365
0.17211414
0.17211414
0.17211414
0.170162
0.170162
0.170162
0.170162
0.170162
0.170162
0.17050284
0.17182744
0.17182744
0.17182744
0.16589559
0.16589559
0.16589559
0.16537616
0.16266514
0.16266514
0.16266514
0.16266514
0.16498166
0.16520334
0.16570274
0.16570274
0.16570274
0.16570274
0.16570274
0.16230733
0.16230733
0.16230733
0.16230733
0.16230733
0.16230733
0.16230733
0.16230733
0.16230733
0.16430783
0.16430783
0.16430783
0.16366171
0.16366171
0.16366171
0.16366171
0.16366171
0.16366171
0.16639483
0.16639483
0.16639483
0.15719778
0.15719778
0.15719778
0.15766179
0.15766179
0.15766179
0.15951943
0.15951943
0.15951943
0.15951943
0.15951943
0.15951943
0.15951943
0.15951943
0.16202463
0.1640804
0.1640804
0.16562074
0.16562074
0.16562074
0.16334746
0.16334746
0.16334746
0.16621112
0.16621112
0.16621112
0.16621112
0.16348841
0.16348841
0.16348841
0.16074728
0.16074728
0.16074728
0.16395418
0.16395418
0.16395418
0.16476784
0.16476784
0.16476784
0.16476784
0.16476784
0.16476784
0.16476784
0.16476784
0.16476784
0.16041349
0.15860278
0.15860278
0.15860278
0.16390966
0.16491632
0.16491632
0.16491632
0.16934738
0.17155771
0.17155771
0.17155771
0.17026547
0.16600995
0.16600995
0.16600995
0.16600995
0.16600995
0.16600995
0.16600995
0.16600995
0.16600995
0.16610028
0.16610028
0.16610028
0.16673215
0.17189391
0.17189391
0.17189391
0.17033739
0.17033739
0.17033739
0.17104902
0.17242855
0.17287222
0.17287222
0.17287222
0.17287222
0.17287222
0.17528036
0.17528036
0.17528036
0.1751354
0.16996035
0.16996035
0.16996035
0.17251248
0.17251248
0.17696805
0.17696805
0.17696805
0.17696805
0.17696805
0.17696805
0.17696805
0.17696805
0.17696805
0.17696805
0.17696805
0.17696805
0.17677793
0.17677793
0.17677793
0.17677793
0.17677793
0.17677793
0.1758395
0.17024785
0.17024785
0.16953718
0.16740101
0.16526805
0.16526805
0.16376775
0.16376775
0.16376775
0.16514648
0.16514648
0.16514648
0.16514648
0.16514648
0.16271544
0.16271544
0.16271544
0.16417361
0.16417361
0.16417361
0.16417361
0.16419155
0.16461248
0.16461248
0.16461248
0.16461248
0.16461248
0.16461248
0.16476448
0.16814067
0.16814067
0.16814067
0.16497414
0.16497414
0.16497414
0.16497414
0.16497414
0.16497414
0.16379369
0.16379369
0.16379369
0.16718399
0.16804858
0.16804858
0.16804858
0.16804858
0.16804858
0.16804858
0.16234737
0.16234737
0.16234737
0.16519229
0.16519229
0.16909912
0.16909912
0.16955368
0.16955368
0.16955368
0.1747353
0.17670201
0.17670201
0.17670201
0.17624377
0.17624377
0.17624377
0.17609529
0.16877686
0.16877686
0.16877686
0.16877686
0.16877686
0.17078346
0.17078346
0.17078346
0.16485641
0.16485641
0.15819996
0.15819996
0.15819996
0.15915088
0.16017484
0.16017484
0.16017484
0.16162709
0.16250225
0.16750496
0.16750496
0.16750496
0.16750496
0.16750496
0.16789577
0.16789577
0.16789577
0.16789577
0.16789577
0.16765024
0.163063
0.163063
0.163063
0.16623915
0.16623915
0.16623915
0.16623915
0.16623915
0.16623915
0.16623915
0.16623915
0.16572421
0.16497846
0.16497846
0.16497846
0.16598528
0.16598528
0.1678796
0.1678796
0.1678796
0.17285364
0.17285364
0.17285364
0.16716364
0.16716364
0.16468087
0.16468087
0.16468087
0.17059478
0.17059478
0.17059478
0.16829219
0.16762685
0.16762685
0.16762685
0.16707811
0.16707811
0.16707811
0.16717085
0.16717085
0.16717085
0.16024451
0.16024451
0.16024451
0.16200173
0.16200173
0.16226809
0.16226809
0.16560168
0.16960958
0.16960958
0.16960958
0.16735825
0.16735825
0.16735825
0.16735825
0.16758505
0.16758505
0.16758505
0.16553777
0.16553777
0.16553777
0.16802151
0.16802151
0.16802151
0.16802151
0.16802151
0.16802151
0.17041058
0.1721718
0.1721718
0.1721718
0.1721718
0.17272294
0.17272294
0.17272294
0.17186908
0.17054961
0.17054961
0.17054961
0.17443691
0.17443691
0.17443691
0.17415757
0.17415757
0.17207698
0.16940745
0.16822877
0.16822877
0.16508786
0.16171566
0.16171566
0.16171566
0.16171566
0.16171566
0.1632275
0.16436341
0.16436341
0.16436341
0.16436341
0.16673103
0.16673103
0.16673103
0.16673103
0.16673103
0.16715467
0.16715467
0.16715467
0.17420771
0.17420771
0.17420771
0.17467588
0.17467588
0.17467588
0.17191761
0.17191761
0.166785
0.166785
0.166785
0.166785
0.16593259
0.16593259
0.16593259
0.16593259
0.16593259
0.16593259
0.16593259
0.16406998
0.16406998
0.16406998
0.16312082
0.16312082
0.16312082
0.16312082
0.16312082
0.16312082
0.16312082
0.16312082
0.16312082
0.16312082
0.1633638
0.1633638
0.1633638
0.16415183
0.16415183
0.16415183
0.16415183
0.16415183
0.16415183
0.16415183
0.16415183
0.16415183
0.1680497
0.1680497
0.1680497
0.16926762
0.16941097
0.16941097
0.17194148
0.17194148
0.17194148
0.17194148
0.17194148
0.17247996
0.17247996
0.17658237
0.17881015
0.17881015
0.17881015
0.17826798
0.17628237
0.17628237
0.17276619
0.17276619
0.17276619
0.17970069
0.17970069
0.17970069
0.1764073
0.17272054
0.1696059
0.1696059
0.1696059
0.16975646
0.16975646
0.16975646
0.16975646
0.16975646
0.16975646
0.16975646
0.1754889
0.1754889
0.1754889
0.1709795
0.1709795
0.1709795
0.1709795
0.1709795
0.1709795
0.17700986
0.17700986
0.17700986
0.17700986
0.17700986
0.17735983
0.17735983
0.18044067
0.18044067
0.18044067
0.18044067
0.18044067
0.18044067
0.18044067
0.17193283
0.17193283
0.17193283
0.17193283
0.17283634
0.17303831
0.1750172
0.1750172
0.1750172
0.1750172
0.1750172
0.17517464
0.17636966
0.17636966
0.17636966
0.17636966
0.17636966
0.17449921
0.17449921
0.17449921
0.17449921
0.17696966
0.17696966
0.17696966
0.1741076
0.17394006
0.17228264
0.16518908
0.16518908
0.16518908
0.16546089
0.16749167
0.16749167
0.16749167
0.16749167
0.16749167
0.16749167
0.16749167
0.17025298
0.17025298
0.17025298
0.17324877
0.1753433
0.1753433
0.1753433
0.1703273
0.1703273
0.1703273
0.17104822
0.17324301
0.17324301
0.17324301
0.17324301
0.17324301
0.17324301
0.17324301
0.17324301
0.17324301
0.17324301
0.17514565
0.17557939
0.17557939
0.17557939
0.17496803
0.17496803
0.17496803
0.17613165
0.17613165
0.17613165
0.17355758
0.17355758
0.17355438
0.17331092
0.17331092
0.17331092
0.17158286
0.17158286
0.17158286
0.17158286
0.17158286
0.17158286
0.17158286
0.17158286
0.17158286
0.17212936
0.17212936
0.17212936
0.17212936
0.17212936
0.17275946
0.17275946
0.17275946
0.17275946
0.17275946
0.17275946
0.17275946
0.17275946
0.17275946
0.17316885
0.17961004
0.17961004
0.17961004
0.17961004
0.17961004
0.17961004
0.17961004
0.17961004
0.17961004
0.17961004
0.17961004
0.17840877
0.17840877
0.17658189
0.1756606
0.1756606
0.17440615
0.17346292
0.17346292
0.1708227
0.1708227
0.1708227
0.1708227
0.17063802
0.16991791
0.16905684
0.16905684
0.16905684
0.17286245
0.17286245
0.17286245
0.16804281
0.16804281
0.16804281
0.16556452
0.16556452
0.16556452
0.16916287
0.16916287
0.16916287
0.16916287
0.17005213
0.17183416
0.17183416
0.17183416
0.17183416
0.17183416
0.17183416
0.17183416
0.17183416
0.17183416
0.1748085
0.1748085
0.1748085
0.1748085
0.1748085
0.17648547
0.17729047
0.17729047
0.17729047
0.17355918
0.17355918
0.17355918
0.18387581
0.18387581
0.18387581
0.18387581
0.18387581
0.18281822
0.18136885
0.17063466
0.17063466
0.17063466
0.17063466
0.17063466
0.17067839
0.17067839
0.17067839
0.17067839
0.17067839
0.17067839
0.17067839
0.16948865
0.16948865
0.16865658
0.16835946
0.16835946
0.16835946
0.16835946
0.16835946
0.16835946
0.16835946
0.17233645
0.17233645
0.17233645
0.17233645
0.17233645
0.17233645
0.17233645
0.17233645
0.17233645
0.17233645
0.17449072
0.17449072
0.17449072
0.17449072
0.17449072
0.17449072
0.17449072
0.17449072
0.17449072
0.17449072
0.17331941
0.17221344
0.16775755
0.16775755
0.16775755
0.16909816
0.17188526
0.17188526
0.17188526
0.17188526
0.17068575
0.17064747
0.17064747
0.17064747
0.17064747
0.17064747
0.17064747
0.17064747
0.17064747
0.1687775
0.1687775
0.1687775
0.1687775
0.1687775
0.1687775
0.1687775
0.1687775
0.1687775
0.1759127
0.1759127
0.1759127
0.1759127
0.17167912
0.17167912
0.17167912
0.17167912
0.17167912
0.1782076
0.1782076
0.1782076
0.17550539
0.17085089
0.17085089
0.17085089
0.1748889
0.17733292
0.17733292
0.17733292
0.17675871
0.17622807
0.17622807
0.17622807
0.1724939
0.1724939
0.1724939
0.1723789
0.1700297
0.1700297
0.1700297
0.17066237
0.17294349
0.17299507
0.17299507
0.17299507
0.17045607
0.1693051
0.1693051
0.1693051
0.169139
0.169139
0.169139
0.169139
0.169139
0.17219615
0.17219615
0.17219615
0.17219615
0.17219615
0.17094779
0.17094779
0.17094779
0.17094779
0.17094779
0.17094779
0.17094779
0.17094779
0.1698548
0.16975838
0.16975838
0.16975838
0.16975838
0.16975838
0.16975838
0.16975838
0.16975838
0.16975838
0.16789978
0.16789978
0.16437495
0.16437495
0.16437495
0.16930062
0.16930062
0.16930062
0.16789497
0.16743769
0.16743769
0.16743769
0.1699525
0.17289
0.17289
0.17289
0.17127502
0.17104549
0.17104549
0.17104549
0.17600944
0.17600944
0.17779821
0.18051643
0.18051643
0.18051643
0.18043491
0.18043491
0.17565899
0.17386478
0.17289624
0.17289624
0.17289624
0.17217885
0.17056691
0.16421622
0.16421622
0.16421622
0.16478706
0.16478706
0.16478706
0.16478706
0.16478706
0.16875556
0.16875556
0.16875556
0.16875556
0.16875556
0.16476015
0.16476015
0.16476015
0.16476015
0.16476015
0.16174946
0.16159265
0.16159265
0.16159265
0.16159265
0.16159265
0.16159265
0.1686247
0.17068768
0.17068768
0.17068768
0.17068768
0.17073925
0.17073925
0.17073925
0.17063386
0.16887361
0.16887361
0.16887361
0.17181334
0.17181334
0.17181334
0.17051614
0.16987754
0.16987754
0.16987754
0.16987754
0.16345542
0.16345542
0.16345542
0.16515032
0.16515032
0.16515032
0.16899389
0.17032185
0.17032185
0.17299299
0.17317542
0.17814898
0.17814898
0.17814898
0.17487
0.17487
0.17487
0.17487
0.17487
0.17487
0.17531383
0.17531383
0.17531383
0.17531383
0.17449024
0.17449024
0.17449024
0.17478928
0.17478928
0.17478928
0.17145857
0.17145857
0.17102435
0.1695367
0.1695367
0.1695367
0.16817719
0.16817719
0.16817719
0.16817719
0.17446798
0.1782502
0.17878997
0.18106165
0.18106165
0.18106165
0.18106165
0.18106165
0.18106165
0.18106165
0.18106165
0.17790664
0.17790664
0.17790664
0.17790664
0.17790664
0.17790664
0.17790664
0.17747547
0.17747547
0.17747547
0.17747547
0.17747547
0.17747547
0.17747547
0.17747547
0.17747547
0.17747547
0.18005274
0.18005274
0.18110137
0.18110137
0.18110137
0.18110137
0.17985542
0.17614479
0.17284771
0.17284771
0.17284771
0.17460476
0.17460476
0.17460476
0.17460476
0.17939045
0.18222527
0.18222527
0.18222527
0.18222527
0.18222527
0.18222527
0.18220845
0.17704622
0.17704622
0.17704622
0.17704622
0.17704622
0.17704622
0.17704622
0.17704622
0.17704622
0.17704622
0.17704622
0.17395352
0.17395352
0.1708094
0.1708094
0.1708094
0.1708094
0.16884638
0.16884638
0.16884638
0.16884638
0.16884638
0.16884638
0.16718318
0.16440778
0.15560426
0.15344631
0.14917269
0.13849584
0.13495627
0.13495627
0.13495627
0.20540714
0.20540714
0.57927721
0.57927721
0.57927721
0.58734923
0.58734923
0.58734923
0.58495839
0.58423763
0.58360272
0.50725396
0.48896942
0.48896942
0.48896942
0.48896942
0.48896942
0.54737191
0.57652086
0.58640968
0.58640968
0.58640968
0.58640968
0.58640968
0.58640968
0.58715591
0.59020264
0.59020264
0.59020264
0.59020264
0.59575505
0.59575505
0.59575505
0.60769066
0.62822254
0.62822254
0.64257173
0.64672715
0.64863732
0.65106484
0.65479549
0.6588231
0.6588231
0.6588231
0.6588231
0.6588231
0.66116492
0.66136049
0.66377231
0.66377231
0.66430151
0.66430151
0.66430151
0.66430151
0.66931687
0.66931687
0.66931687
0.66931687
0.66931687
0.66693853
0.66693853
0.66693853
0.66693853
0.66868148
0.66868148
0.66960486
0.66960486
0.66960486
0.66960486
0.66497117
0.66497117
0.66497117
0.66731332
0.66731332
0.66982557
0.66982557
0.66982557
0.6728369
0.6728369
0.6728369
0.67201267
0.67201267
0.67201267
0.67012556
0.66952413
0.66952413
0.66952413
0.66952413
0.66952413
0.66997549
0.66997549
0.66997549
0.66997549
0.67444708
0.67444708
0.67444708
0.67211566
0.67106239
0.67106239
0.67106239
0.67376059
0.67389129
0.67479224
0.68032607
0.68032607
0.68032607
0.68032607
0.68032607
0.68032607
0.68032607
0.68032607
0.67670946
0.67670946
0.67670946
0.67932598
0.67932598
0.67932598
0.67932598
0.67932598
0.67932598
0.67787405
0.67787405
0.67787405
0.67787405
0.6744687
0.6744687
0.6744687
0.67674422
0.67674422
0.67701987
0.67701987
0.67701987
0.67701987
0.67701987
0.67979591
0.67979591
0.67979591
0.67979591
0.67979591
0.67979591
0.6816079
0.6816079
0.68338225
0.68338225
0.68338225
0.68157699
0.68157699
0.68157699
0.68157699
0.68157699
0.68157699
0.68157699
0.68157699
0.68157699
0.68157699
0.68157699
0.68389527
0.68389527
0.68389527
0.67902935
0.67902935
0.67677225
0.67677225
0.67677225
0.67932245
0.67932245
0.68146231
0.68146231
0.68146231
0.68146231
0.68311941
0.68311941
0.68311941
0.68311941
0.68311941
0.68311941
0.68464326
0.68464326
0.68664553
0.68734819
0.68780259
0.68780259
0.68780259
0.68607869
0.68607869
0.6846069
0.6846069
0.6846069
0.68873781
0.68873781
0.68873781
0.68645253
0.68645253
0.68645253
0.68894123
0.68966039
0.69022915
0.69022915
0.69022915
0.6889305
0.6889305
0.6889305
0.6889305
0.6889305
0.6889305
0.6889305
0.6889305
0.6889305
0.6889305
0.68680426
0.68300826
0.68300826
0.68114598
0.68114598
0.68114598
0.68114598
0.68114598
0.68114598
0.68114598
0.68114598
0.68114598
0.68114598
0.68007349
0.68007349
0.68007349
0.68007349
0.68007349
0.67389209
0.67389209
0.67389209
0.67389209
0.67389209
0.67389209
0.67304993
0.67167824
0.67167824
0.67167824
0.67611219
0.6780214
0.6780214
0.6780214
0.6780214
0.6780214
0.6780214
0.6780214
0.6780214
0.67877211
0.68397071
0.6905434
0.6905434
0.6905434
0.6905434
0.6905434
0.6905434
0.68749875
0.68516685
0.67845242
0.67845242
0.67596804
0.67596804
0.67596804
0.67596804
0.67596804
0.67596804
0.68267254
0.68267254
0.68267254
0.6796327
0.6796327
0.6796327
0.6796327
0.6796327
0.6796327
0.6796327
0.6796327
0.6796327
0.68208905
0.68288413
0.68288413
0.68288413
0.68042746
0.68042746
0.67997178
0.67997178
0.67997178
0.6792294
0.67865247
0.67808083
0.67808083
0.67603531
0.67603531
0.67603531
0.6788703
0.6788703
0.6788703
0.6788703
0.67003811
0.67003811
0.67003811
0.67003811
0.67003811
0.67165421
0.67165421
0.67165421
0.67093121
0.67093121
0.66962039
0.66962039
0.66962039
0.66962039
0.66962039
0.6685266
0.6685266
0.6685266
0.67361148
0.67361148
0.67361148
0.67361148
0.67657492
0.67657492
0.67657492
0.67657492
0.67500943
0.67403817
0.6737702
0.6737702
0.6737702
0.6737702
0.6737702
0.6737702
0.6737702
0.67716354
0.67902342
0.67902342
0.67902342
0.67749957
0.67646376
0.67474451
0.67474451
0.67474451
0.67474451
0.67474451
0.67474451
0.67474451
0.67474451
0.67474451
0.67474451
0.67474451
0.67474451
0.67474451
0.67474451
0.67329979
0.67329979
0.67329979
0.67789727
0.67789727
0.67789727
0.67266408
0.67266408
0.67026811
0.66997773
0.66982381
0.66982381
0.66982381
0.67248069
0.67248069
0.67248069
0.67248069
0.67248069
0.67248069
0.67080116
0.67080116
0.67030367
0.67030367
0.67030367
0.67208763
0.67208763
0.67208763
0.67208763
0.67208763
0.67208763
0.67208763
0.67208763
0.67869443
0.68245535
0.68245535
0.68245535
0.68245535
0.68245535
0.68245535
0.68245535
0.68326132
0.68326132
0.68326132
0.68366303
0.68366303
0.68366303
0.68366303
0.67983547
0.67983547
0.67983547
0.68210971
0.68210971
0.6837138
0.6837138
0.6837138
0.6837138
0.6837138
0.6850376
0.68662791
0.68662791
0.68855634
0.68855634
0.68855634
0.68855634
0.68855634
0.68855634
0.68204692
0.68204692
0.68204692
0.67948599
0.67948599
0.67948599
0.67948599
0.67948599
0.67948599
0.67948599
0.67948599
0.68166188
0.68166188
0.68166188
0.68125313
0.68125313
0.68125313
0.68428737
0.68592797
0.68614917
0.68614917
0.68614917
0.68614917
0.68614917
0.68867663
0.68867663
0.68867663
0.68673651
0.68673651
0.68673651
0.67556361
0.67556361
0.67556361
0.67565811
0.67844569
0.67844569
0.67991348
0.67991348
0.67991348
0.67645704
0.67645704
0.67255853
0.67255853
0.67255853
0.67479384
0.67479384
0.67664684
0.6773772
0.68051443
0.68051443
0.68051443
0.67493944
0.67493944
0.67493944
0.67493944
0.67493944
0.67493944
0.67737
0.67737
0.67737
0.67342536
0.67342536
0.67342536
0.67384164
0.67458755
0.67619132
0.67619132
0.67619132
0.66985952
0.66985952
0.66985952
0.66985952
0.66985952
0.66921196
0.66921196
0.66921196
0.67031104
0.67031104
0.67031104
0.67031104
0.67158791
0.67158791
0.67158791
0.67134541
0.67134541
0.67134541
0.68182974
0.68531148
0.68531148
0.68531148
0.68178969
0.68178969
0.68178969
0.68178969
0.68178969
0.68291055
0.68633544
0.68633544
0.68633544
0.68342293
0.68206839
0.68206839
0.68206839
0.68248851
0.68248851
0.68248851
0.68150603
0.68150603
0.68150603
0.68150603
0.68150603
0.67768585
0.67768585
0.67768585
0.67768585
0.67768585
0.67815514
0.68102297
0.68102297
0.68102297
0.6749641
0.6749641
0.6749641
0.67773742
0.67773742
0.68164666
0.68430402
0.68430402
0.68430402
0.68430402
0.68430402
0.68229519
0.68229519
0.67995256
0.67933831
0.67933831
0.67668063
0.67668063
0.67128823
0.67128823
0.67128823
0.67377277
0.67377277
0.67377277
0.67014735
0.67014735
0.67014735
0.68617672
0.68617672
0.68617672
0.68385267
0.67800475
0.6475541
0.60853491
0.60853491
0.48539301
0.48539301
0.48539301
0.48539301
0.48539301
0.48539301
0.48539301
0.48539301
0.55354097
0.55354097
0.55354097
0.55354097
0.55354097
0.5782848
0.5782848
0.60089358
0.60089358
0.60089358
0.64033418
0.66328956
0.66864897
0.66864897
0.67180974
0.67180974
0.69396172
0.70810766
0.72026015
0.72026015
0.72026015
0.67342456
0.63531048
0.63531048
0.63531048
0.62169342
0.62169342
0.62169342
0.62169342
0.62169342
0.62169342
0.62169342
0.60847741
0.60847741
0.60672821
0.60672821
0.60672821
0.60672821
0.60672821
0.59203
0.59203
0.58258677
0.58258677
0.58258677
0.59644858
0.59644858
0.59644858
0.59644858
0.60985534
0.61968266
0.61968266
0.61968266
0.61968266
0.61968266
0.61968266
0.61968266
0.5908864
0.59085597
0.59085597
0.59085597
0.61877947
0.61877947
0.61877947
0.61877947
0.61877947
0.61877947
0.61877947
0.61877947
0.61877947
0.61877947
0.61877947
0.59592851
0.59592851
0.59592851
0.59592851
0.59592851
0.58305911
0.58305911
0.58305911
0.60881457
0.63282627
0.63282627
0.63282627
0.63282627
0.63282627
0.63282627
0.63282627
0.63282627
0.63282627
0.66060433
0.66060433
0.66060433
0.65978875
0.65548902
0.64963966
0.64814449
0.64814449
0.64708193
0.64708193
0.64708193
0.66264745
0.66264745
0.66264745
0.66264745
0.66264745
0.66264745
0.66264745
0.66264745
0.66264745
0.66264745
0.66264745
0.62834731
0.62834731
0.62834731
0.66940753
0.66940753
0.66940753
0.6540467
0.63495251
0.63495251
0.63495251
0.67513981
0.67513981
0.67513981
0.67513981
0.68105292
0.68105292
0.68105292
0.68105292
0.68105292
0.68105292
0.68105292
0.6967179
0.6967179
0.6967179
0.6967179
0.70056179
0.70056179
0.70056179
0.70056179
0.66135008
0.65916506
0.65916506
0.65916506
0.66337765
0.66337765
0.66337765
0.67947574
0.71617536
0.79867284
0.80898258
0.8328064
0.8328064
0.8328064
0.81943039
0.81864236
0.81864236
0.81864236
0.81864236
0.81585719
0.81585719
0.80358666
0.72388957
0.72388957
0.72388957
0.72388957
0.72388957
0.72388957
0.72388957
0.70342753
0.69025045
0.67992373
0.67992373
0.67992373
0.67992373
0.67992373
0.7850838
0.7850838
0.7850838
0.7850838
0.75437785
0.6904111
0.6904111
0.6904111
0.7201578
0.7201578
0.7201578
0.7201578
0.76809951
0.78296958
0.78296958
0.78296958
0.78296958
0.83797841
0.86337846
0.89842754
0.89842754
0.89842754
0.79865875
0.76951524
0.76951524
0.76951524
0.76951524
0.79606273
0.81434872
0.81434872
0.81434872
0.80332334
0.79417739
0.7806412
0.7806412
0.7806412
0.80394255
0.80394255
0.80394255
0.90916173
0.90916173
0.90916173
0.89140542
0.87334752
0.85187097
0.80567286
0.69448627
0.68355027
0.57622535
0.48115783
0.48115783
0.43601298
0.39998655
0.39998655
0.39998655
0.39045282
0.33883796
0.33883796
0.33883796
0.50048475
0.55655999
0.55655999
0.55655999
0.55655999
0.58885177
0.65318403
0.65831985
0.66997821
0.66997821
0.66997821
0.66997821
0.66997821
0.66997821
0.66997821
0.66997821
0.57761417
0.57761417
0.57761417
0.60886326
0.60886326
0.71087362
0.71087362
0.71314561
0.71314561
0.71314561
0.57056867
0.55738999
0.50976685
0.47704726
0.45296653
0.45296653
0.43748413
0.43748413
0.43748413
0.43748413
0.36191652
0.33228225
0.33228225
0.28261024
0.2784537
0.22659298
0.22659298
0.22659298
0.22812916
0.22812916
0.22812916
0.17498292
0.17498292
0.17498292
0.17498292
0.17686971
0.17686971
0.17686971
0.17686971
0.17686971
0.17686971
0.17754242
0.17754242
0.17754242
0.17436083
0.17436083
0.17436083
0.17436083
0.17436083
0.1675064
0.16244235
0.16096864
0.16096864
0.16096864
0.16208645
0.16208645
0.16208645
0.16208645
0.16208645
0.16369151
0.16526885
0.1771303
0.1771303
0.1771303
0.1771303
0.1771303
0.1670685
0.1670685
0.1670685
0.16841392
0.17130721
0.17130721
0.17130721
0.17130721
0.17130721
0.1788558
0.1788558
0.1788558
0.1788558
0.1788558
0.1788558
0.18319942
0.18424468
0.18424468
0.18598523
0.18598523
0.18598523
0.18522892
0.18522892
0.18522892
0.18327614
0.17917005
0.17917005
0.17825789
0.17825789
0.17599711
0.17568046
0.1706518
0.1706518
0.17020397
0.17017434
0.17017434
0.17017434
0.17017434
0.17189727
0.17389762
0.17462078
0.17751791
0.17751791
0.17751791
0.17481234
0.17481234
0.17481234
0.17481234
0.17091063
0.16706562
0.16706562
0.16706562
0.16891509
0.16891509
0.17090727
0.17090727
0.17090727
0.17090727
0.17090727
0.17090727
0.17090727
0.17090727
0.17090727
0.17090727
0.17090727
0.17090727
0.17090727
0.17090727
0.17090727
0.17109483
0.17109483
0.17109483
0.16906292
0.16906292
0.16906292
0.16906292
0.17401038
0.17401038
0.17525921
0.17525921
0.17525921
0.17525921
0.17525921
0.17525921
0.17525921
0.1687003
0.1687003
0.1687003
0.17406564
0.17406564
0.17406564
0.17406564
0.17406564
0.17406564
0.17406564
0.17552541
0.17552541
0.17588836
0.17588836
0.17588836
0.17498837
0.17050637
0.17050637
0.17050637
0.17050637
0.17050637
0.17050637
0.16518556
0.16518556
0.16518556
0.1655453
0.1655453
0.16753107
0.16788921
0.16788921
0.16788921
0.16788921
0.16788921
0.16788921
0.16788921
0.16788921
0.17318054
0.17318054
0.17318054
0.17207153
0.17207153
0.17207153
0.17207153
0.17379799
0.17379799
0.17379799
0.1731799
0.1731799
0.16821147
0.16078236
0.15856562
0.15856562
0.15856562
0.16085332
0.16085332
0.16446977
0.16614913
0.16614913
0.16614913
0.16614913
0.16614913
0.16614913
0.16614913
0.16614913
0.16199115
0.15963075
0.15963075
0.15963075
0.15963075
0.15780691
0.15780691
0.15780691
0.15780691
0.15780691
0.15775117
0.15775117
0.15775117
0.16000474
0.16000474
0.16000474
0.16000474
0.16000474
0.16000474
0.16000474
0.16000474
0.16000474
0.16000474
0.15754167
0.15754167
0.15754167
0.1577595
0.1577595
0.1577595
0.15555333
0.15541366
0.15328838
0.15328838
0.15328838
0.15891143
0.15891143
0.15891143
0.15891143
0.15891143
0.15636619
0.15636619
0.15636619
0.17561671
0.17561671
0.17561671
0.17561671
0.17561671
0.17367146
0.17367146
0.17367146
0.17367146
0.17367146
0.17521228
0.17526978
0.17526978
0.17526978
0.17526978
0.17526978
0.17526978
0.17526978
0.17559477
0.17559477
0.17559477
0.17545318
0.17355358
0.17355358
0.17102275
0.17102275
0.17102275
0.17102275
0.17102275
0.16782322
0.16717486
0.16439609
0.16385424
0.16385424
0.16385424
0.16708004
0.16708004
0.16708004
0.16708004
0.16620279
0.16620279
0.16620279
0.16620279
0.16931759
0.16978641
0.16978641
0.16978641
0.16978641
0.17286085
0.17286085
0.17286085
0.17286085
0.17286085
0.17286085
0.17286085
0.17286085
0.17286085
0.17286085
0.17502344
0.17502344
0.17502344
0.16694085
0.16534893
0.16534893
0.16534893
0.16569506
0.16681143
0.17239235
0.17239235
0.17239235
0.17036141
0.17036141
0.17036141
0.16515673
0.1647893
0.1647893
0.16369487
0.16369487
0.16369487
0.16525796
0.17062233
0.17062233
0.17062233
0.16717742
0.16717742
0.16505502
0.16505502
0.16505502
0.16648949
0.16648949
0.16648949
0.1663777
0.1663777
0.1663777
0.1663777
0.1663777
0.1663777
0.1663777
0.1663777
0.1663777
0.16184092
0.15483834
0.15483834
0.15483834
0.15483834
0.15623469
0.15623469
0.15623469
0.15623469
0.15669197
0.1582408
0.1582408
0.1582408
0.1582408
0.1582408
0.15959183
0.16238036
0.16238036
0.16238036
0.1618273
0.16176964
0.16176964
0.16176964
0.16176964
0.16176964
0.16293423
0.16642895
0.16651112
0.16786534
0.16786534
0.16786534
0.16786534
0.16786534
0.16786534
0.16786534
0.16514167
0.16514167
0.16514167
0.16360309
0.16093308
0.15949492
0.15949492
0.15949492
0.16084643
0.16084643
0.16175507
0.16175507
0.16909624
0.17043477
0.17292187
0.17292187
0.17292187
0.1707652
0.1707652
0.1707652
0.17178035
0.17178035
0.17178035
0.17154074
0.17154074
0.17154074
0.17154074
0.17154074
0.17154074
0.16817191
0.16817191
0.16817191
0.16817191
0.16817191
0.16816246
0.16816246
0.16774634
0.16774634
0.16774634
0.16774634
0.16774634
0.16774634
0.16774634
0.16774634
0.16686669
0.16686669
0.16686669
0.16879448
0.16879448
0.16879448
0.16861573
0.16861573
0.16861573
0.16861573
0.16925721
0.16925721
0.16925721
0.17606054
0.17624649
0.17763388
0.17763388
0.17763388
0.17634003
0.17291354
0.17291354
0.17291354
0.17620789
0.17620789
0.17655194
0.17655194
0.17655194
0.17199081
0.1654918
0.1654918
0.1654918
0.17009297
0.17148692
0.17299475
0.17299475
0.17299475
0.17299475
0.17299475
0.17299475
0.16846405
0.16846405
0.16846405
0.16846405
0.17254467
0.17254467
0.17254467
0.16932208
0.16731757
0.16599954
0.16466373
0.16466373
0.16466373
0.16466373
0.16667209
0.16717197
0.16717197
0.16717197
0.16717197
0.16751377
0.16751377
0.17113519
0.17273511
0.17273511
0.17273511
0.17273511
0.16792316
0.16792316
0.16792316
0.16850762
0.16850762
0.16850762
0.16850762
0.16850762
0.16472139
0.16472139
0.16472139
0.16544023
0.16791275
0.16791275
0.16791275
0.16791275
0.17004284
0.17004284
0.17004284
0.16525283
0.16525283
0.16394121
0.16273498
0.16273498
0.16273498
0.16273498
0.16273498
0.16273498
0.16273498
0.16273498
0.16273498
0.16524835
0.16739525
0.16788729
0.16788729
0.16934546
0.16934546
0.16934546
0.16934546
0.16934546
0.16712937
0.16712937
0.16712937
0.16724084
0.16724084
0.16724084
0.16724084
0.16724084
0.17049788
0.17049788
0.17049788
0.17049788
0.16321164
0.16321164
0.16321164
0.16321164
0.16321164
0.16321164
0.16321164
0.16498855
0.16498855
0.16613504
0.16613504
0.16613504
0.16613504
0.16613504
0.16613504
0.16808013
0.16808013
0.16808013
0.16808013
0.17073893
0.17137144
0.17137144
0.17137144
0.17137144
0.17002298
0.17002298
0.16767266
0.16767266
0.16767266
0.16767266
0.16766433
0.16766433
0.16766433
0.16886624
0.1702139
0.1702139
0.17278397
0.17278397
0.17278397
0.16924055
0.16924055
0.16924055
0.16924055
0.16924055
0.16924055
0.16924055
0.16672414
0.16672414
0.16672414
0.16672414
0.16672414
0.16672414
0.16672414
0.16672414
0.16672414
0.16723428
0.16723428
0.169472
0.169472
0.169472
0.1660013
0.1660013
0.1660013
0.16705473
0.16705473
0.16705473
0.16705473
0.16688831
0.16688831
0.16688831
0.17171083
0.17602738
0.17602738
0.17602738
0.17331092
0.17328834
0.17006975
0.17006975
0.17006975
0.17479296
0.17479296
0.17479296
0.17385325
0.17301605
0.17301605
0.17301605
0.17760601
0.17978847
0.17978847
0.17978847
0.17893092
0.17893092
0.17346789
0.16647428
0.15958125
0.15958125
0.15558376
0.15536353
0.15383568
0.14616872
0.13824261
0.12266524
0.11752462
0.08809506
0.06433018
0.04159871
0.03212521
0.03212521
0.03212521
0.12219354
0.1810381
0.28019249
0.30939446
0.39249273
0.43303497
0.49605448
0.50171212
0.50171212
0.50171212
0.50171212
0.50171212
0.4827821
0.4827821
0.4827821
0.54151886
0.60911953
0.61432693
0.65789572
0.65789572
0.65789572
0.65789572
0.65789572
0.67187813
0.67938716
0.67938716
0.74349118
0.74349118
0.79190443
0.81480344
0.82748079
0.85081898
0.86196032
0.86196032
0.86196032
0.85573136
0.83608954
0.81319278
0.80284508
0.7721537
0.7721537
0.7638608
0.7638608
0.75450182
0.75392009
0.7495289
0.70773143
0.68169071
0.66941297
0.64766702
0.63001883
0.59832319
0.58884553
0.57148067
0.53511067
0.51868216
0.51868216
0.47743551
0.47743551
0.47743551
0.45273941
0.42183981
0.42183981
0.42183981
0.4016105
0.39066232
0.37144479
0.37144479
0.37144479
0.38232618
0.38232618
0.38232618
0.38232618
0.38232618
0.38232618
0.37112414
0.36880057
0.36880057
0.36468295
0.36435412
0.36031371
0.34179804
0.34179804
0.34179804
0.34179804
0.34179804
0.34179804
0.3449484
0.3449484
0.3449484
0.3449484
0.3449484
0.3449484
0.33252154
0.32368984
0.32368984
0.29660674
0.29274347
0.29274347
0.29274347
0.29291918
0.29291918
0.30294991
0.30361653
0.32302482
0.32744596
0.36119576
0.36119576
0.36119576
0.36119576
0.37476221
0.3815146
0.39385192
0.39385192
0.39385192
0.3844324
0.3844324
0.3844324
0.3844324
0.34604571
0.33415671
0.30421332
0.30421332
0.29525604
0.29525604
0.29525604
0.31542193
0.32377153
0.32377153
0.32377153
0.32377153
0.33242016
0.33546769
0.34391018
0.35423594
0.3552008
0.35940523
0.36308495
0.36579788
0.36579788
0.36579788
0.36408056
0.36408056
0.36408056
0.36035263
0.36035263
0.36035263
0.36035263
0.3633598
0.3633598
0.3633598
0.36323935
0.36323935
0.36323935
0.36109341
0.36109341
0.35920822
0.35309955
0.3446617
0.3446617
0.3446617
0.34817003
0.34817003
0.34817003
0.34817003
0.34817003
0.34817003
0.34817003
0.34817003
0.34817003
0.34817003
0.3428031
0.3428031
0.3428031
0.34281927
0.34281927
0.34281927
0.34281927
0.3509339
0.3509339
0.35104618
0.35407834
0.36502251
0.36502251
0.36697352
0.36697352
0.36697352
0.36697352
0.36697352
0.36236707
0.33869285
0.33869285
0.33869285
0.33869285
0.33869285
0.32265819
0.31605508
0.31605508
0.31605508
0.31605508
0.29894489
0.27474323
0.26639972
0.26231061
0.25816704
0.25816704
0.25816704
0.26337974
0.26337974
0.26337974
0.26337974
0.26337974
0.26337974
0.26337974
0.26337974
0.26337974
0.25200407
0.24152791
0.24152791
0.24152791
0.23959147
0.23959147
0.2364267
0.2364267
0.2364267
0.23784051
0.23784051
0.23784051
0.23645761
0.23645761
0.22397005
0.22397005
0.22397005
0.22751203
0.23409032
0.23409032
0.23409032
0.23409032
0.23409032
0.23409032
0.23524321
0.23524321
0.24113886
0.24113886
0.24113886
0.24113886
0.24113886
0.24113886
0.23527925
0.23484936
0.22538274
0.22538274
0.22538274
0.22538274
0.24606982
0.24606982
0.24606982
0.2418593
0.23827633
0.23827633
0.23827633
0.23827633
0.23827633
0.23827633
0.23827633
0.23827633
0.21110594
0.2044269
0.1854248
0.17542963
0.17278124
0.16673567
0.16673567
0.16673567
0.18284657
0.18939843
0.18939843
0.18939843
0.17817493
0.17817493
0.17817493
0.18042882
0.1812806
0.18424484
0.18424484
0.18424484
0.18236862
0.18236862
0.17830114
0.1722269
0.16595277
0.16595277
0.16302777
0.16072902
0.16072902
0.16072902
0.15880187
0.15880187
0.15880187
0.16033405
0.16033405
0.16033405
0.16033405
0.16033405
0.16033405
0.16033405
0.16038947
0.16038947
0.16038947
0.16038947
0.16038947
0.15991441
0.15822174
0.15490785
0.15376729
0.1500983
0.1500983
0.1500983
0.15595776
0.15716911
0.15716911
0.15716911
0.15716911
0.15736052
0.15753846
0.15753846
0.15753846
0.15410348
0.15410348
0.15410348
0.15379628
0.15379628
0.15379628
0.15311989
0.15311989
0.15311989
0.15378267
0.15378267
0.15812452
0.15812452
0.15812452
0.15812452
0.15812452
0.15812452
0.16273081
0.16273081
0.16273081
0.16273081
0.16522016
0.16522016
0.16712024
0.16944765
0.17397626
0.17397626
0.17397626
0.16941962
0.16941962
0.16941962
0.16285158
0.15582962
0.15544522
0.15106989
0.15106989
0.15106989
0.15106989
0.15106989
0.15106989
0.15106989
0.15106989
0.15106989
0.14898994
0.14898994
0.14898994
0.14898994
0.15025751
0.15060828
0.15060828
0.15060828
0.15480887
0.15608637
0.15625535
0.15625535
0.15625535
0.15625535
0.15625535
0.15625535
0.15625535
0.16064862
0.16233199
0.16398718
0.16398718
0.16398718
0.16398718
0.16398718
0.16322253
0.15939226
0.15939226
0.15939226
0.15939226
0.15939226
0.15939226
0.16072214
0.16449908
0.16449908
0.16449908
0.16449908
0.16449908
0.16449908
0.16323278
0.16323278
0.16323278
0.16368382
0.16368382
0.16368382
0.16368382
0.16368382
0.16368382
0.16368382
0.16368382
0.16368382
0.1618824
0.1618824
0.1618824
0.1618824
0.1618824
0.1618824
0.16101028
0.16101028
0.16101028
0.16101028
0.16101028
0.16822188
0.16897483
0.17432879
0.17432879
0.17432879
0.17283105
0.17261034
0.17261034
0.17261034
0.17261034
0.17555136
0.17555136
0.17555136
0.17073893
0.17073893
0.17073893
0.17562968
0.17708578
0.17959338
0.18035642
0.18035642
0.18035642
0.1798402
0.1798402
0.17169706
0.1675599
0.16407751
0.16407751
0.16407751
0.16435653
0.16751425
0.16751425
0.16751425
0.16751425
0.16790426
0.16790426
0.16790426
0.16790426
0.16790426
0.16904435
0.16904435
0.16904435
0.16812177
0.16591096
0.16591096
0.16591096
0.16355152
0.16355152
0.16092539
0.16092539
0.16092539
0.16092539
0.16092539
0.16092539
0.16103703
0.16490863
0.16490863
0.16490863
0.16490863
0.16905572
0.17134629
0.17194036
0.17194036
0.17194036
0.17194036
0.17194036
0.17040946
0.16911578
0.16236787
0.16236787
0.16236787
0.16166921
0.16166921
0.16166921
0.16222292
0.16399807
0.1642348
0.1642348
0.1642348
0.1642348
0.1642348
0.16638747
0.16948161
0.16948161
0.16948161
0.16948161
0.16948161
0.17193123
0.17193123
0.17193123
0.1768814
0.1768814
0.17740483
0.17740483
0.17740483
0.17229833
0.16809342
0.16809342
0.16188768
0.15978307
0.15978307
0.15978307
0.15978307
0.15978307
0.15859654
0.15821822
0.15821822
0.15821822
0.15821822
0.15821822
0.15756697
0.15756697
0.15414897
0.15348235
0.15348235
0.15348235
0.15874437
0.16064125
0.16064125
0.16064125
0.16064125
0.15920518
0.15920518
0.15920518
0.15920518
0.15886914
0.15886914
0.15886914
0.1621699
0.16676386
0.16676386
0.16676386
0.15954506
0.15722501
0.15722501
0.15722501
0.16400688
0.16400688
0.16400688
0.15925163
0.15925163
0.15925163
0.16126239
0.16137514
0.16137514
0.16137514
0.1599868
0.1599868
0.1599868
0.1599868
0.15802858
0.15802858
0.15802858
0.15769062
0.15207238
0.15207238
0.15101239
0.15036194
0.15036194
0.14884306
0.14884306
0.14884306
0.15596657
0.15596657
0.15596657
0.15596657
0.15596657
0.15596657
0.16219665
0.16219665
0.16219665
0.16735713
0.16735713
0.16735713
0.16735713
0.16284229
0.16284229
0.16284229
0.16284229
0.16343556
0.16343556
0.16397645
0.17192546
0.17192546
0.17192546
0.17192546
0.17192546
0.17192546
0.17192546
0.17192546
0.17321594
0.17321594
0.17321594
0.17321594
0.17321594
0.17321594
0.17321594
0.17321594
0.17360099
0.17360099
0.17360099
0.17360099
0.17360099
0.17360099
0.16975902
0.16975902
0.16975902
0.16975902
0.16975902
0.17058997
0.17058997
0.17058997
0.17058997
0.16889427
0.16889427
0.16889427
0.16889427
0.16889427
0.16889427
0.16889427
0.16889427
0.16889427
0.17229225
0.17229225
0.17907652
0.17907652
0.17907652
0.17907652
0.17907652
0.17907652
0.16711575
0.16564685
0.16564685
0.16564685
0.16564685
0.16564685
0.16564685
0.16194663
0.16194663
0.16194663
0.1608799
0.1608799
0.1608799
0.1608799
0.16221443
0.16221443
0.16221443
0.16184828
0.16184828
0.16184828
0.16184828
0.16184828
0.16184828
0.16527782
0.16590119
0.16590119
0.16590119
0.16673872
0.1712574
0.17405218
0.18231721
0.19148655
0.19148655
0.19148655
0.19148655
0.19148655
0.19193775
0.19720874
0.19864978
0.20639426
0.21380767
0.21623454
0.22844917
0.22844917
0.22844917
0.21264628
0.21264628
0.21264628
0.21264628
0.21264628
0.21264628
0.21264628
0.20978647
0.20978647
0.20978647
0.22069637
0.24910646
0.24910646
0.24910646
0.24910646
0.26282443
0.26282443
0.27530846
0.27986895
0.27986895
0.27986895
0.27986895
0.29583281
0.30063579
0.30063579
0.30282514
0.31915883
0.3352308
0.3478372
0.35053012
0.35053012
0.35053012
0.40071003
0.40071003
0.40071003
0.40071003
0.43741286
0.45675195
0.45675195
0.4779615
0.4779615
0.4779615
0.48909147
0.50584928
0.50584928
0.51369147
0.51369147
0.51369147
0.55329303
0.58082011
0.63186365
0.68649097
0.70129777
0.7153529
0.7153529
0.7153529
0.71278683
0.66484432
0.66484432
0.66484432
0.64453108
0.54883025
0.54883025
0.52541326
0.48863643
0.48229006
0.42328437
0.30149349
0.22150025
0.22150025
0.22150025
0.32322855
0.32322855
0.32322855
0.32322855
0.30208083
0.26634911
0.26634911
0.26634911
0.3371879
0.44791528
0.45191854
0.45191854
0.49554547
0.50914956
0.50914956
0.50914956
0.50914956
0.50889922
0.49488173
0.49113986
0.49086405
0.48872068
0.48485196
0.48251029
0.48251029
0.48251029
0.48630805
0.49693125
0.49693125
0.5254959
0.54384868
0.56178774
0.57348118
0.57348118
0.58392098
0.58626185
0.59852292
0.59852292
0.59852292
0.59969968
0.61259567
0.61259567
0.61259567
0.61229984
0.61139969
0.61139969
0.60477511
0.60477511
0.60054393
0.60054393
0.60054393
0.60054393
0.60054393
0.60054393
0.5935114
0.5935114
0.59091779
0.59091779
0.58917596
0.58917596
0.58917596
0.59019559
0.59019559
0.59019559
0.58450976
0.58450976
0.58450976
0.59418668
0.59418668
0.59418668
0.59418668
0.59639893
0.59887802
0.60067239
0.60647194
0.60647194
0.60647194
0.60647194
0.60647194
0.60647194
0.58970307
0.58970307
0.58970307
0.59289956
0.59289956
0.59289956
0.59717254
0.59717254
0.59717254
0.59717254
0.59591201
0.59478202
0.59478202
0.59478202
0.59478202
0.59478202
0.59478202
0.58945497
0.58945497
0.58795483
0.58795483
0.58795483
0.58406129
0.57859152
0.57859152
0.57859152
0.57859152
0.57859152
0.57859152
0.57859152
0.57859152
0.57859152
0.58443784
0.58443784
0.58443784
0.58226163
0.58001815
0.58001815
0.58001815
0.58001815
0.58001815
0.57967442
0.57589284
0.57526114
0.57526114
0.57499333
0.57499333
0.57499333
0.57499333
0.57499333
0.57499333
0.57499333
0.57499333
0.57499333
0.57499333
0.57171148
0.57171148
0.57171148
0.57171148
0.57171148
0.57171148
0.57229305
0.57229305
0.57229305
0.57229305
0.57229305
0.57229305
0.57229305
0.57559605
0.57598366
0.57598366
0.57598366
0.57598366
0.57598366
0.57786436
0.57823146
0.57823146
0.57823146
0.57905553
0.57905553
0.57905553
0.57905553
0.57905553
0.57905553
0.57905553
0.57905553
0.57905553
0.57536124
0.57294894
0.57294894
0.57294894
0.57294894
0.57294894
0.57294894
0.57294894
0.57320425
0.57320425
0.57320425
0.57840621
0.57840621
0.57840621
0.578017
0.578017
0.578017
0.5805057
0.5805057
0.5805057
0.57797007
0.57797007
0.573543
0.57014615
0.57014615
0.57014615
0.57014615
0.57014615
0.57294686
0.57294686
0.57294686
0.57294686
0.57294686
0.57274232
0.57274232
0.57274232
0.57733484
0.57733484
0.57733484
0.57733484
0.57733484
0.57700746
0.57700746
0.57670682
0.57670682
0.57670682
0.57670682
0.57670682
0.57670682
0.57670682
0.57670682
0.57568831
0.57568831
0.57568831
0.57568831
0.57568831
0.57568831
0.56432385
0.56432385
0.56432385
0.56655628
0.56655628
0.56655628
0.56655628
0.56655628
0.56082464
0.56082464
0.56082464
0.56082464
0.56082464
0.56082464
0.56082464
0.55715101
0.55715101
0.55715101
0.55809569
0.55809569
0.56128433
0.56128433
0.56128433
0.55604665
0.55604665
0.55604665
0.55604665
0.54781622
0.5420455
0.5420455
0.5420455
0.5420455
0.5420455
0.54513596
0.54646407
0.54646407
0.54646407
0.5452777
0.5452777
0.5452777
0.5452777
0.5452777
0.5452777
0.5440955
0.5440955
0.5440955
0.5440955
0.54301532
0.54301532
0.54301532
0.54301532
0.54301532
0.54301532
0.53182577
0.52786448
0.52786448
0.52786448
0.52786448
0.52786448
0.53421709
0.53421709
0.53421709
0.53632411
0.54170082
0.54170082
0.54321601
0.54758093
0.54758093
0.54758093
0.54758093
0.54758093
0.54758093
0.54758093
0.54758093
0.54758093
0.54758093
0.54188485
0.54188485
0.54180797
0.54180797
0.54123857
0.53675769
0.52801247
0.52787409
0.52787409
0.52787409
0.53549748
0.53549748
0.53549748
0.53549748
0.53549748
0.53549748
0.53549748
0.53549748
0.53549748
0.53902263
0.53902263
0.53902263
0.53602444
0.53602444
0.53602444
0.53602444
0.53602444
0.53602444
0.53602444
0.53602444
0.53329564
0.53329564
0.53329564
0.53329564
0.53329564
0.53329564
0.53058366
0.53058366
0.53058366
0.53263991
0.53263991
0.53263991
0.53190281
0.53013919
0.53013919
0.53013919
0.53050983
0.53050983
0.53050983
0.53050983
0.53050983
0.53154035
0.5353993
0.5353993
0.5353993
0.5353993
0.5353993
0.53850112
0.54123008
0.54123008
0.54123008
0.54037526
0.53719367
0.53719367
0.53719367
0.53719367
0.5297439
0.5297439
0.5297439
0.5297439
0.5297439
0.53042125
0.53042125
0.53042125
0.53042125
0.53249031
0.53249031
0.53249031
0.53249031
0.53029872
0.52675627
0.52675627
0.52675627
0.53058703
0.53058703
0.53058703
0.53058703
0.53766536
0.53766536
0.53813322
0.53813322
0.53813322
0.53813322
0.53813322
0.53813322
0.53212497
0.53212497
0.53212497
0.53132236
0.53132236
0.53132236
0.53359227
0.53359227
0.54024793
0.54024793
0.54024793
0.54024793
0.53919401
0.53919401
0.53919401
0.54282392
0.54282392
0.54767879
0.54767879
0.54767879
0.54767879
0.54767879
0.54472865
0.54472865
0.54472865
0.54472865
0.53886839
0.53886839
0.53886839
0.53886839
0.53886839
0.53886839
0.52737292
0.52737292
0.52737292
0.53138883
0.53842392
0.53842392
0.54257518
0.54257518
0.54257518
0.5337872
0.5337872
0.5337872
0.53894447
0.54162618
0.54179884
0.54179884
0.54179884
0.538796
0.538796
0.538796
0.538796
0.54046752
0.54046752
0.54046752
0.54046752
0.54046752
0.54046752
0.54046752
0.54046752
0.54046752
0.54046752
0.54046752
0.54046752
0.54046752
0.54046752
0.54046752
0.54046752
0.54046752
0.54046752
0.54151662
0.54515133
0.54515133
0.54515133
0.54515133
0.54496826
0.54288799
0.54288799
0.54288799
0.54288799
0.53672053
0.53672053
0.53672053
0.54294757
0.54294757
0.54294757
0.54279541
0.54279541
0.53454175
0.53321171
0.53321171
0.53112567
0.53112567
0.53112567
0.53112567
0.53112567
0.53112567
0.53112567
0.53112567
0.53112567
0.53112567
0.53112567
0.53112567
0.53362238
0.53362238
0.53362238
0.5322901
0.5322901
0.5322901
0.53617692
0.53617692
0.53617692
0.53494201
0.53494201
0.53178237
0.52791173
0.52791173
0.52791173
0.52791173
0.52791173
0.52791173
0.52791173
0.53112968
0.53203559
0.53203559
0.53840711
0.53840711
0.53840711
0.53840711
0.53840711
0.53850369
0.53850369
0.53850369
0.53850369
0.53850369
0.53850369
0.53423727
0.53423727
0.53423727
0.53423727
0.5363169
0.5363169
0.5363169
0.53449803
0.53291059
0.53291059
0.53291059
0.53317039
0.54164348
0.54164348
0.54164348
0.53825014
0.53825014
0.53825014
0.53825014
0.53622465
0.53294567
0.53294567
0.53294567
0.53294567
0.53294567
0.53319281
0.53319281
0.53783402
0.53783402
0.53783402
0.53783402
0.53783402
0.53783402
0.53910672
0.53910672
0.53910672
0.53910672
0.53910672
0.53910672
0.54452027
0.54452027
0.54452027
0.54406715
0.54406715
0.54049731
0.54049731
0.54049731
0.54049731
0.54141844
0.54141844
0.54141844
0.53908526
0.53908526
0.53908526
0.54033089
0.54773886
0.54773886
0.54773886
0.54244736
0.54244736
0.53627974
0.53399125
0.53399125
0.53399125
0.53399125
0.53399125
0.53399125
0.53399125
0.53399125
0.53399125
0.53399125
0.54212799
0.54212799
0.54212799
0.5379604
0.52884679
0.52884679
0.52884679
0.52884679
0.5394884
0.5394884
0.54508054
0.54508054
0.54508054
0.54126692
0.54126692
0.54126692
0.54126692
0.54126692
0.53822916
0.53822916
0.53822916
0.54095475
0.54095475
0.54095475
0.54095475
0.53850385
0.53850385
0.53815708
0.53666639
0.53666639
0.53666639
0.53789553
0.53789553
0.53789553
0.53638417
0.53638417
0.53635134
0.53635134
0.53635134
0.54057291
0.54057291
0.54057291
0.54057291
0.54057291
0.54057291
0.53691321
0.53691321
0.53691321
0.53691321
0.53691321
0.53979849
0.53979849
0.54763459
0.55040118
0.55040118
0.55040118
0.55040118
0.55040118
0.53851234
0.53851234
0.53851234
0.53851234
0.53724652
0.53724652
0.53336788
0.53336788
0.53336788
0.53336788
0.53336788
0.53336788
0.53336788
0.53336788
0.53336788
0.53336788
0.53336788
0.53336788
0.53336788
0.53336788
0.53741902
0.53741902
0.53741902
0.53741902
0.54041498
0.54041498
0.54041498
0.54041498
0.54041498
0.54049298
0.54049298
0.54049298
0.54049298
0.54049298
0.54049298
0.53971296
0.53971296
0.53971296
0.54693817
0.54693817
0.54693817
0.5452918
0.5452918
0.5452918
0.54655809
0.54655809
0.54655809
0.54655809
0.54655809
0.54045999
0.54045999
0.54045999
0.54045999
0.53573005
0.53573005
0.53573005
0.53626389
0.53626389
0.53626389
0.53626389
0.53626389
0.53626389
0.53626389
0.53623121
0.53623121
0.53278102
0.53278102
0.53278102
0.53991061
0.53991061
0.53991061
0.53991061
0.53991061
0.53120528
0.53120528
0.53120528
0.53120528
0.53120528
0.53095493
0.53095493
0.53095493
0.53915157
0.53915157
0.53915157
0.53915157
0.5349276
0.53065238
0.53017491
0.53017491
0.53017491
0.53283339
0.53722458
0.53722458
0.53722458
0.53682944
0.53682944
0.52611992
0.52611992
0.52611992
0.52611992
0.52611992
0.52611992
0.52692621
0.52692621
0.52706524
0.5352923
0.5352923
0.5352923
0.5352923
0.5352923
0.5352923
0.5352923
0.5352923
0.5352923
0.53686532
0.53815036
0.5414809
0.5414809
0.5414809
0.54468252
0.54468252
0.54468252
0.54468252
0.54468252
0.54468252
0.53645129
0.5298211
0.52766523
0.52766523
0.52766523
0.52766523
0.52766523
0.53332079
0.53332079
0.53670435
0.54243775
0.54243775
0.54243775
0.54243775
0.54243775
0.54243775
0.54243775
0.54243775
0.54243775
0.54243775
0.53922893
0.53486065
0.53486065
0.53486065
0.53828073
0.54032176
0.54250679
0.54250679
0.54250679
0.54167343
0.53662603
0.52711185
0.52711185
0.52711185
0.5281515
0.5281515
0.53245604
0.53245604
0.53245604
0.53245604
0.53245604
0.53245604
0.53245604
0.53245604
0.53245604
0.53245604
0.53245604
0.53831933
0.53831933
0.53831933
0.53831933
0.53831933
0.53831933
0.53831933
0.53831933
0.53831933
0.53831933
0.548105
0.57351594
0.58915305
0.63948416
0.66281114
0.68061085
0.68061085
0.68061085
0.68061085
0.70153754
0.70178548
0.72380372
0.75158883
0.75948804
0.81014333
0.84469621
0.84469621
0.88338225
0.92100381
0.95496295
0.95585893
0.95585893
0.97129552
0.97129552
0.97129552
0.96494659
0.96494659
0.90750879
0.83907157
0.83907157
0.83907157
0.8744695
0.88442655
0.88442655
0.89688512
0.89688512
0.89688512
0.8939236
0.85394516
0.77232909
0.71432157
0.65204235
0.58659788
0.48956012
0.36606056
0.28751268
0.2525621
0.2525621
0.2525621
0.25839048
0.25839048
0.30947342
0.42193063
0.42193063
0.42193063
0.42193063
0.40814762
0.40771148
0.37234831
0.37234831
0.37234831
0.37234831
0.36974108
0.36295713
0.36295713
0.36295713
0.38086288
0.38086288
0.39302962
0.396393
0.42942108
0.46789986
0.49399375
0.49399375
0.51436786
0.53333889
0.54660486
0.54660486
0.54660486
0.54660486
0.54660486
0.70429821
0.78915962
0.78915962
0.78915962
0.78915962
0.72730181
0.68268023
0.64497523
0.63050078
0.63050078
0.62876166
0.59385753
0.59385753
0.59385753
0.58263322
0.58263322
0.57775753
0.57775753
0.57775753
0.57775753
0.58668389
0.62202224
0.6628358
0.70960027
0.74243295
0.78260952
0.78260952
0.78260952
0.64376387
0.62272971
0.62272971
0.62272971
0.62272971
0.62272971
0.62272971
0.62272971
0.62272971
0.62272971
0.62272971
0.66366756
0.66366756
0.66366756
0.65737213
0.64492365
0.64492365
0.64430444
0.64430444
0.64430444
0.68053781
0.71425286
0.75454363
0.78341068
0.78341068
0.78341068
0.78341068
0.78341068
0.78341068
0.75490577
0.70324142
0.70324142
0.70324142
0.72731382
0.73530063
0.73530063
0.73530063
0.73941809
0.73941809
0.73941809
0.73941809
0.73941809
0.73941809
0.75996534
0.76119736
0.77154538
0.77154538
0.77154538
0.77509648
0.77509648
0.77509648
0.77709042
0.78249372
0.78249372
0.78402669
0.78402669
0.81202066
0.8352903
0.8352903
0.8352903
0.8352903
0.8352903
0.8352903
0.83341505
0.82903876
0.82903876
0.82903876
