0.30839257
0.31268009
0.31200138
0.31200138
0.31200138
0.30662538
0.30662538
0.30662538
0.29771633
0.29771633
0.29771633
0.29771633
0.29771633
0.29081219
0.28364696
0.28364696
0.27188334
0.27188334
0.27188334
0.2742
0.2742
0.2742
0.2742
0.27994908
0.27994908
0.32139048
0.32139048
0.32139048
0.32139048
0.32139048
0.32597883
0.32597883
0.32597883
0.31827854
0.31827854
0.31827854
0.31827854
0.29287714
0.29286885
0.29286885
0.29286885
0.29286885
0.30193356
0.30193356
0.30193356
0.29894189
0.29894189
0.29894189
0.29894189
0.29894189
0.29894189
0.29894189
0.29894189
0.29068121
0.29068121
0.29068121
0.29068121
0.30351169
0.30351169
0.30351169
0.30351169
0.32070064
0.32070064
0.32070064
0.3181362
0.3181362
0.3181362
0.3181362
0.3181362
0.3091193
0.3091193
0.3091193
0.30659394
0.30659394
0.30659394
0.30659394
0.30659394
0.30659394
0.30659394
0.30659394
0.30659394
0.30659394
0.28025296
0.28025296
0.28025296
0.28853286
0.28955017
0.29279703
0.29279703
0.29279703
0.29279703
0.29652918
0.31415627
0.31415627
0.31415627
0.31415627
0.31415627
0.32552432
0.32552432
0.33330233
0.33330233
0.33330233
0.33551181
0.33551181
0.33551181
0.32755718
0.32755718
0.31158398
0.31158398
0.31158398
0.31223627
0.31223627
0.31223627
0.31466645
0.31878435
0.31878435
0.31878435
0.31878435
0.31875466
0.31875466
0.31875466
0.31875466
0.31875466
0.31795348
0.31700778
0.31700778
0.30600648
0.29669247
0.29669247
0.29560247
0.29560247
0.29560247
0.29560247
0.29560247
0.29560247
0.29579131
0.31271938
0.31271938
0.31271938
0.31271938
0.31262464
0.31262464
0.31109584
0.31109584
0.31109584
0.31691937
0.31691937
0.31691937
0.31095897
0.3019508
0.29351678
0.29184543
0.28909063
0.28909063
0.28211315
0.28211315
0.28211315
0.28211315
0.28736471
0.28736471
0.28736471
0.28395281
0.28395281
0.28395281
0.28395281
0.28395281
0.28395281
0.28395281
0.28040643
0.28040643
0.28040643
0.28040643
0.28040643
0.28229041
0.28229041
0.28229041
0.28229041
0.28229041
0.28229041
0.28229041
0.28229041
0.29974002
0.29974002
0.29974002
0.27427641
0.27427641
0.27427641
0.27427641
0.27427641
0.27559498
0.28238799
0.28238799
0.28238799
0.28123883
0.25873545
0.25700799
0.25300318
0.25114845
0.25114845
0.25114845
0.25603435
0.25603435
0.25603435
0.25603435
0.25603435
0.26395907
0.26395907
0.26395907
0.25581408
0.25366071
0.24514636
0.24214007
0.24214007
0.23723539
0.23723539
0.23347137
0.21245595
0.21245595
0.21245595
0.22376048
0.22376048
0.22376048
0.22069743
0.22069743
0.22069743
0.26569983
0.26569983
0.26569983
0.26569983
0.26569983
0.26569983
0.26377525
0.26377525
0.25086989
0.24177441
0.24177441
0.24177441
0.24177441
0.24177441
0.24177441
0.24177441
0.22632251
0.2049255
0.2049255
0.2049255
0.2049255
0.2049255
0.2049255
0.2049255
0.2049255
0.20845288
0.20845288
0.20845288
0.20845288
0.20668679
0.20668679
0.20668679
0.20668679
0.19783668
0.19783668
0.1630322
0.1616261
0.1616261
0.1616261
0.1722613
0.1722613
0.18436045
0.18436045
0.18436045
0.18436045
0.18436045
0.20833303
0.20833303
0.20833303
0.21844823
0.21844823
0.21844823
0.22202167
0.22202167
0.22202167
0.20827082
0.20719894
0.18499507
0.18499507
0.18499507
0.19272243
0.19272243
0.19455904
0.19697066
0.19697066
0.19907098
0.22785611
0.25012329
0.25012329
0.25012329
0.23793332
0.23793332
0.23793332
0.23793332
0.23793332
0.24623374
0.24623374
0.24623374
0.24623374
0.24623374
0.24623374
0.24623374
0.24281027
0.24281027
0.24281027
0.23213097
0.23213097
0.23213097
0.23213097
0.23213097
0.23213097
0.23213097
0.23213097
0.23213097
0.24134675
0.24134675
0.24134675
0.24134675
0.24134675
0.24134675
0.23770475
0.2186733
0.2186733
0.2186733
0.2447927
0.2447927
0.2447927
0.25484677
0.26188909
0.26188909
0.26188909
0.28855535
0.28855535
0.28855535
0.28855535
0.28855535
0.28460161
0.28460161
0.28460161
0.28460161
0.2835007
0.2835007
0.2827506
0.2827506
0.28234761
0.28137724
0.28137724
0.28137724
0.27128562
0.27128562
0.27128562
0.27128562
0.27128562
0.27128562
0.24908786
0.2479673
0.2479673
0.24296221
0.24296221
0.24296221
0.24296221
0.24296221
0.24756213
0.24756213
0.24756213
0.24572421
0.21585606
0.21585606
0.21585606
0.21585606
0.21550699
0.21550699
0.21550699
0.19754459
0.19754459
0.19754459
0.20824396
0.20926651
0.20926651
0.20926651
0.20926651
0.20482159
0.19640306
0.19251089
0.19251089
0.19251089
0.18743179
0.18743179
0.18743179
0.18197764
0.18197764
0.18197764
0.18065864
0.16525303
0.16525303
0.16525303
0.16525303
0.16525303
0.16525303
0.15829868
0.14910059
0.14740436
0.14740436
0.1428911
0.1428911
0.1428911
0.14291337
0.15615841
0.15615841
0.15615841
0.147474
0.147474
0.147474
0.147474
0.14687191
0.14680969
0.14680969
0.14680969
0.14680969
0.14806779
0.16938294
0.17985811
0.17985811
0.17985811
0.17985811
0.17985811
0.17985811
0.17985811
0.17985811
0.17985811
0.17136537
0.15703644
0.15703644
0.11557321
0.11526409
0.11526409
0.11526409
0.11526409
0.11766174
0.13582782
0.13582782
0.14838564
0.14838564
0.14838564
0.14403284
0.14403284
0.14403284
0.14403284
0.14403284
0.14403284
0.14403284
0.14403284
0.14403284
0.14403284
0.14403284
0.14403284
0.15554192
0.15890317
0.15890317
0.15890317
0.15890317
0.15890317
0.15890317
0.15890317
0.15436678
0.14644643
0.14644643
0.14644643
0.14644643
0.14644643
0.14644643
0.14644643
0.13950169
0.13052081
0.13052081
0.13052081
0.13052081
0.13052081
0.12982398
0.12982398
0.12982398
0.12382778
0.12382778
0.12382778
0.11733166
0.11733166
0.11733166
0.1217065
0.1217065
0.1217065
0.13514671
0.13514671
0.13514671
0.13514671
0.13514671
0.11548545
0.11038517
0.11038517
0.11038517
0.11038517
0.11038517
0.11038517
0.11406668
0.11406668
0.11406668
0.10289074
0.10289074
0.10289074
0.10289074
0.12977967
0.14395207
0.14932654
0.14932654
0.14932654
0.14287975
0.14287975
0.13455226
0.12846132
0.12846132
0.12846132
0.1337417
0.15496079
0.15496079
0.15496079
0.15127623
0.15127623
0.15127623
0.13830581
0.13671174
0.13671174
0.13671174
0.14842799
0.14934269
0.14934269
0.14934269
0.15732024
0.15732024
0.15932821
0.15932821
0.17690531
0.17690531
0.17690531
0.17690531
0.17690531
0.17690531
0.17690531
0.17745566
0.18322199
0.18322199
0.18322199
0.19036953
0.19258272
0.20134987
0.20704394
0.20704394
0.20704394
0.20704394
0.20704394
0.20704394
0.20704394
0.20704394
0.20704394
0.20704394
0.20704394
0.20717492
0.20717492
0.20717492
0.20693871
0.20693871
0.20693871
0.20693871
0.20693871
0.20693871
0.20768903
0.20768903
0.20768903
0.21990651
0.21990651
0.21990651
0.21875713
0.21875713
0.21875713
0.21875713
0.21875713
0.22887472
0.22887472
0.22887472
0.2160401
0.20901939
0.20901939
0.20901939
0.20901939
0.20963086
0.21844386
0.21844386
0.21844386
0.20678896
0.20678896
0.20678896
0.20441663
0.20441663
0.20441663
0.20441663
0.20637418
0.20637418
0.20637418
0.20637418
0.20637418
0.20637418
0.20637418
0.20637418
0.20300878
0.20300878
0.20300878
0.20300878
0.20180002
0.19507315
0.17655799
0.17655799
0.17655799
0.17655799
0.17655799
0.16534384
0.16286083
0.16286083
0.16286083
0.16286083
0.14236128
0.14236128
0.09461499
0.09461499
0.09461499
0.09461499
0.08964199
0.07444027
0.07444027
0.07444027
0.07444027
0.07444027
0.07444027
0.07444027
0.06867154
0.06867154
0.06867154
0.04241963
0.04241963
0.04241963
0.04241963
0.0286917
0.0286917
0.0286917
0.0423441
0.0529066
0.0529066
0.0529066
0.0529066
0.04829314
0.04305883
0.04305883
0.04194809
0.03836591
0.0288849
0.0288849
0.0288849
0.03751234
0.03751234
0.03751234
0.03552707
0.03552707
0.03552707
0.03552707
0.03552707
0.03552707
0.03552707
0.03387405
0.03378804
0.03332218
0.02241563
0.01151235
0.007785
0.007785
0.007785
0.00976219
0.00976219
0.00976219
0.00976219
0.00976219
0.00976219
0.0127687
0.0127687
0.0127687
0.01627469
0.01803947
0.01803947
0.01803947
0.01803947
0.01803947
0.01803947
0.01803947
0.01803947
0.03048551
0.03580279
0.04425296
0.04924998
0.05708846
0.05708846
0.05935709
0.06364287
0.06364287
0.06364287
0.06364287
0.06275524
0.06189097
0.06189097
0.06189097
0.06189097
0.06189097
0.06189097
0.06189097
0.06189097
0.06189097
0.06189097
0.05807564
0.05807564
0.05807564
0.0625723
0.0625723
0.0625723
0.0625723
0.0625723
0.0625723
0.06395832
0.06395832
0.06395832
0.06360314
0.06360314
0.05994455
0.05994455
0.05994455
0.05994455
0.06140087
0.06140087
0.06301437
0.06301437
0.06301437
0.05971315
0.05971315
0.0576602
0.0576602
0.0576602
0.0576602
0.0576602
0.0576602
0.0576602
0.0576602
0.0576602
0.05646564
0.05634928
0.05387085
0.05387085
0.05387085
0.05387085
0.05387085
0.06593181
0.06593181
0.06593181
0.06593181
0.04923164
0.04923164
0.0434806
0.0434806
0.0434806
0.04386787
0.04775
0.04890811
0.05954134
0.05954134
0.06679499
0.07345899
0.07345899
0.07381854
0.07381854
0.07381854
0.06924569
0.06893307
0.06893307
0.06893307
0.06893307
0.06893307
0.06893307
0.06893307
0.07339022
0.07339022
0.07339022
0.06535875
0.06535875
0.06535875
0.06535875
0.06535875
0.06535875
0.05744081
0.04411172
0.04411172
0.04411172
0.04920304
0.0518989
0.06207434
0.06207434
0.06207434
0.06207434
0.06207434
0.06207434
0.06207434
0.06647277
0.06736433
0.06736433
0.07602604
0.07602604
0.07602604
0.07602604
0.07602604
0.07602604
0.07211946
0.07211946
0.07211946
0.07128772
0.07128772
0.07128772
0.06004476
0.06004476
0.06004476
0.06054097
0.0659198
0.0693138
0.0693138
0.0693138
0.0693138
0.0693138
0.0693138
0.0693138
0.0693138
0.06589688
0.06589688
0.04755287
0.04755287
0.03756604
0.03756604
0.03756604
0.04152305
0.04207951
0.04207951
0.04207951
0.0473994
0.0473994
0.0473994
0.04870662
0.04870662
0.04949142
0.0622241
0.0622241
0.0730752
0.0730752
0.07946785
0.07946785
0.07946785
0.07946785
0.07946785
0.07946785
0.0849936
0.0849936
0.0849936
0.08808154
0.08808154
0.08808154
0.09776448
0.09776448
0.09776448
0.10737561
0.10737561
0.11028737
0.11028737
0.11028737
0.0997109
0.0997109
0.0997109
0.0997109
0.09856261
0.09856261
0.09856261
0.09856261
0.09856261
0.09971679
0.09971679
0.09971679
0.10659539
0.11041661
0.11041661
0.11041661
0.10783383
0.10227774
0.09923914
0.08031946
0.08031946
0.06803977
0.06803977
0.06803977
0.06803977
0.06803977
0.06803977
0.06803977
0.06803977
0.06803977
0.06803977
0.06748636
0.05399376
0.05399376
0.05399376
0.04200703
0.03940592
0.03940592
0.03940592
0.03940592
0.03940592
0.02184367
0.02184367
0.02184367
0.02184367
0.01995991
0.01995991
0.01995991
0.0199968
0.03633938
0.03633938
0.03633938
0.03629943
0.03629943
0.03629943
0.03912474
0.03912474
0.03912474
0.03939828
0.03939828
0.03939828
0.03939828
0.03939828
0.03458682
0.03458682
0.03458682
0.03458682
0.03894682
0.03894682
0.04825603
0.05587665
0.06339269
0.06339269
0.06339269
0.06339269
0.06339269
0.06339269
0.06958843
0.07155034
0.07155034
0.07382203
0.08338818
0.08338818
0.08338818
0.08338818
0.06724382
0.06724382
0.06724382
0.06885164
0.06907475
0.07045444
0.08186965
0.09257776
0.09257776
0.09257776
0.08314477
0.08226762
0.08226762
0.08226762
0.08435724
0.0869363
0.0869363
0.0869363
0.08345302
0.08345302
0.08345302
0.08345302
0.08345302
0.08345302
0.08345302
0.08134179
0.08134179
0.08134179
0.08134179
0.07906464
0.07906464
0.07906464
0.10035555
0.10565754
0.10565754
0.10565754
0.10565754
0.10565754
0.10695799
0.10695799
0.10695799
0.12222302
0.12222302
0.12222302
0.11756677
0.11584325
0.10921396
0.10921396
0.10718372
0.10718372
0.10718372
0.10330574
0.10330574
0.10330574
0.10330574
0.10580403
0.1066421
0.1066421
0.1066421
0.1066421
0.1066421
0.1066421
0.1066421
0.1066421
0.1066421
0.09908502
0.09908502
0.09627695
0.08605042
0.07705514
0.07705514
0.07705514
0.08131144
0.09823777
0.11223335
0.11223335
0.11223335
0.12118999
0.12640597
0.12640597
0.12640597
0.10814798
0.09806182
0.09806182
0.09806182
0.09806182
0.10045532
0.10057735
0.118991
0.12644832
0.12981525
0.12981525
0.12981525
0.12981525
0.12981525
0.12981525
0.11180525
0.10199896
0.10199896
0.10199896
0.08537302
0.07988416
0.07616205
0.07616205
0.07616205
0.07616205
0.07090743
0.06008405
0.06008405
0.06008405
0.07192386
0.07192386
0.07192386
0.07192386
0.06822882
0.06578052
0.06578052
0.06578052
0.05638705
0.05083684
0.05083684
0.05083684
0.05083684
0.05083684
0.05083684
0.05083684
0.05258416
0.06016766
0.06016766
0.06016766
0.07925609
0.09125155
0.09125155
0.09125155
0.08922764
0.08922764
0.08922764
0.08496675
0.07627426
0.07627426
0.07627426
0.07627426
0.07239191
0.06242996
0.04843221
0.04843221
0.04843221
0.04843221
0.04371244
0.04169988
0.04169988
0.04169988
0.04169988
0.04169988
0.04169988
0.04169988
0.04169988
0.04169988
0.06624071
0.06624071
0.08797871
0.08797871
0.08797871
0.08797871
0.08940076
0.08940076
0.08940076
0.08940076
0.08940076
0.08940076
0.08940076
0.09322656
0.09322656
0.09322656
0.13033656
0.13033656
0.13033656
0.09947753
0.09560457
0.09560457
0.09052219
0.06123714
0.03245594
0.01715992
0.01715992
0.01715992
0.01700907
0.01700907
0.01700907
0.02703497
0.03016111
0.03862526
0.03862526
0.05569895
0.05569895
0.05569895
0.05399682
0.05399682
0.05399682
0.060093
0.08818676
0.08882858
0.08882858
0.08882858
0.08882858
0.08882858
0.0895575
0.0895575
0.09097169
0.09118562
0.09452308
0.11542301
0.11542301
0.11542301
0.12790093
0.12790093
0.12790093
0.12790093
0.12790093
0.12790093
0.12790093
0.12621168
0.08999237
0.08015726
0.06688842
0.06688842
0.06688842
0.07042497
0.07042497
0.07042497
0.08469823
0.08469823
0.10412045
0.10412045
0.10674405
0.10674405
0.10674405
0.10276237
0.10276237
0.09759464
0.0815948
0.0815948
0.0815948
0.0815948
0.0815948
0.06075971
0.06075971
0.06075971
0.06075971
0.06075971
0.06075971
0.06075971
0.06075971
0.06075971
0.06488001
0.06488001
0.06488001
0.08037862
0.08037862
0.08124311
0.08124311
0.08124311
0.08124311
0.08124311
0.08219471
0.08836533
0.08836533
0.09536771
0.09536771
0.09536771
0.09490403
0.09490403
0.09490403
0.10666917
0.10894414
0.12736783
0.13018288
0.13671917
0.13671917
0.13671917
0.14635169
0.14635169
0.14635169
0.14023956
0.13237357
0.11185721
0.10230874
0.10230874
0.10230874
0.10230874
0.10230874
0.10230874
0.10795259
0.10795259
0.10795259
0.10795259
0.10795259
0.11107393
0.11264573
0.11264573
0.12195035
0.12195035
0.12195035
0.12195035
0.12195035
0.13318262
0.13318262
0.13318262
0.13318262
0.13318262
0.13137199
0.13137199
0.12157967
0.12157967
0.12157967
0.12531357
0.12531357
0.12531357
0.12447986
0.12447986
0.1201216
0.1201216
0.1201216
0.1201216
0.1201216
0.1201216
0.1201216
0.12376665
0.12785268
0.14972342
0.15367213
0.15367213
0.15367213
0.15367213
0.15644418
0.15644418
0.15644418
0.15151767
0.14615346
0.14615346
0.13467386
0.13467386
0.13467386
0.13467386
0.14550488
0.14550488
0.14550488
0.14550488
0.14550488
0.15061738
0.15658215
0.17389597
0.18294146
0.18294146
0.18294146
0.18294146
0.18294146
0.18294146
0.17593429
0.17593429
0.13267353
0.11995831
0.11995831
0.11995831
0.14791934
0.14919927
0.15308314
0.15308314
0.16010276
0.16010276
0.16010276
0.16010276
0.16820365
0.1736602
0.17540883
0.17715636
0.17715636
0.17715636
0.16197015
0.16197015
0.16197015
0.1601414
0.14858888
0.14858888
0.14714916
0.14714916
0.14714916
0.15204684
0.15204684
0.15204684
0.15204684
0.15204684
0.15204684
0.14591879
0.14591879
0.14591879
0.14591879
0.14467728
0.14467728
0.13052365
0.12059904
0.12059904
0.11124508
0.11124508
0.11124508
0.10117507
0.10117507
0.10117507
0.12145633
0.12145633
0.12145633
0.11288434
0.11288434
0.11053799
0.11053799
0.11053799
0.11053799
0.11053799
0.11200806
0.11200806
0.11200806
0.08982318
0.07607538
0.07299836
0.07299836
0.0700818
0.0700818
0.06756124
0.06756124
0.06756124
0.08889189
0.09309886
0.09309886
0.09309886
0.09309886
0.09309886
0.08552387
0.0762629
0.07499891
0.07499891
0.07499891
0.07499891
0.065512
0.05482529
0.05482529
0.05482529
0.05582796
0.05582796
0.05582796
0.05582796
0.06290238
0.06290238
0.06290238
0.06290238
0.09124741
0.09124741
0.09124741
0.08945708
0.07786658
0.07461251
0.07461251
0.07461251
0.07747625
0.07747625
0.07747625
0.06492825
0.0515018
0.05108309
0.05108309
0.05108309
0.05177337
0.05177337
0.05177337
0.05177337
0.05177337
0.05590677
0.07640262
0.07640262
0.07640262
0.06907803
0.06907803
0.06907803
0.06907803
0.08038233
0.08038233
0.08038233
0.08038233
0.07532528
0.06610077
0.05896895
0.0579285
0.05587883
0.05587883
0.05587883
0.05943416
0.0639616
0.06978818
0.07906748
0.08556054
0.08576007
0.08576007
0.08576007
0.0882767
0.09225139
0.09225139
0.09731216
0.10068825
0.10068825
0.10068825
0.10068825
0.08898532
0.08484319
0.08484319
0.08484319
0.08484319
0.08484319
0.08484319
0.08484319
0.08511869
0.10757121
0.10911332
0.10911332
0.10911332
0.10911332
0.10891619
0.10541915
0.10541915
0.09704255
0.07403335
0.07403335
0.0721939
0.06754727
0.05458537
0.05458537
0.05318559
0.0520301
0.0471597
0.0471597
0.03936532
0.03936532
0.03936532
0.06322787
0.06471803
0.07599439
0.07599439
0.07599439
0.07486946
0.07486946
0.07486946
0.07486946
0.07486946
0.07486946
0.07486946
0.07486946
0.06303009
0.04645981
0.04549992
0.04549992
0.04549992
0.04549992
0.04145887
0.04145887
0.04145887
0.04145887
0.0477417
0.0477417
0.0477417
0.0564759
0.0564759
0.0564759
0.05859455
0.05859455
0.05859455
0.06423601
0.06423601
0.06423601
0.06423601
0.07105631
0.07105631
0.07864047
0.08446006
0.08446006
0.08446006
0.08941014
0.08941014
0.10050881
0.10121371
0.10121371
0.10121371
0.10121371
0.10121371
0.10121371
0.10121371
0.09464446
0.09464446
0.09464446
0.08315438
0.08315438
0.08315438
0.08315438
0.08315438
0.09516053
0.09579733
0.10283201
0.10283201
0.10283201
0.10088626
0.10088626
0.10088626
0.10291628
0.10291628
0.10291628
0.10291628
0.10291628
0.10173306
0.09834671
0.0921608
0.08887311
0.08887311
0.08887311
0.08210651
0.06008733
0.06008733
0.06008733
0.06008733
0.06008733
0.06008733
0.06008733
0.06008733
0.06008733
0.06915291
0.06915291
0.07127811
0.07127811
0.07127811
0.07127811
0.06575803
0.06575803
0.05792763
0.05642983
0.05561141
0.05040307
0.05008303
0.04424685
0.04353386
0.04353386
0.04353386
0.04353386
0.04353386
0.04353386
0.04353386
0.04353386
0.05791584
0.05791584
0.05791584
0.05791584
0.05791584
0.06255112
0.06255112
0.06333004
0.06333004
0.06333004
0.06333004
0.06333004
0.0590936
0.04227446
0.03908938
0.03880951
0.03880951
0.03880951
0.03880951
0.04092162
0.04092162
0.04092162
0.04092162
0.04092162
0.05522741
0.05740566
0.0609278
0.0609278
0.0609278
0.06017661
0.05684461
0.05386692
0.05386692
0.05386692
0.05386692
0.04462823
0.04462823
0.04462823
0.04462823
0.04462823
0.04462823
0.04543771
0.04916942
0.05349646
0.05349646
0.07491334
0.07491334
0.07491334
0.07491334
0.07054199
0.07054199
0.07054199
0.07523032
0.07523032
0.07523032
0.07407483
0.07304726
0.07304726
0.04958399
0.04799494
0.04414184
0.04022609
0.04022609
0.04022609
0.04022609
0.04022609
0.04022609
0.07023636
0.07460531
0.07460531
0.07460531
0.07800782
0.07800782
0.07800782
0.08587403
0.08820597
0.09197764
0.09197764
0.09197764
0.08774404
0.08066373
0.08066373
0.08066373
0.08066373
0.08066373
0.08220562
0.08220562
0.08220562
0.09061039
0.11333797
0.11333797
0.11333797
0.10891881
0.10891881
0.10891881
0.10708897
0.10379081
0.10379081
0.10379081
0.10819906
0.10819906
0.10819906
0.09977901
0.09977901
0.09977901
0.09479618
0.09479618
0.09479618
0.09479618
0.09479618
0.09479618
0.09778217
0.09778217
0.09999011
0.1022284
0.1022284
0.1022284
0.1022284
0.10073017
0.10073017
0.10005298
0.09392536
0.09076932
0.0879929
0.07834292
0.07834292
0.07834292
0.07834292
0.07834292
0.07834292
0.07988001
0.07988001
0.09002817
0.10290165
0.10290165
0.11690094
0.11690094
0.11690094
0.1186452
0.1186452
0.1186452
0.1186452
0.11112348
0.1040733
0.1040733
0.1040733
0.10156235
0.10156235
0.09906493
0.09906493
0.09906493
0.10172957
0.10172957
0.10172957
0.10172957
0.10172957
0.10172957
0.10172957
0.0983943
0.09803191
0.09803191
0.09803191
0.09803191
0.09803191
0.09803191
0.09803191
0.09803191
0.09803191
0.09803191
0.09399282
0.09399282
0.09399282
0.10615681
0.10615681
0.1168158
0.13088145
0.15834256
0.15834256
0.15834256
0.15647496
0.15647496
0.15647496
0.15647496
0.15567028
0.15191935
0.1516993
0.15098894
0.15098894
0.15098894
0.14882072
0.14882072
0.14029654
0.14029654
0.14029654
0.12364768
0.12364768
0.12364768
0.11995045
0.11995045
0.11995045
0.13805411
0.13805411
0.13805411
0.13508013
0.13508013
0.13508013
0.15256117
0.15326237
0.15326237
0.15326237
0.15326237
0.15345186
0.1693432
0.1693432
0.17008479
0.17008479
0.17008479
0.16181886
0.16181886
0.16181886
0.16181886
0.16181886
0.16181886
0.16181886
0.16293288
0.16293288
0.17250252
0.17282583
0.17282583
0.18856676
0.18889182
0.18889182
0.18889182
0.18028163
0.17455831
0.15216953
0.13622383
0.12940265
0.12940265
0.12940265
0.12645967
0.11968892
0.11968892
0.11529443
0.11529443
0.11529443
0.131074
0.13207886
0.15490228
0.16008093
0.16008093
0.16008093
0.15499332
0.15499332
0.15499332
0.15499332
0.15499332
0.14319651
0.14319651
0.14319651
0.14536451
0.14536451
0.14536451
0.1597467
0.16112509
0.16112509
0.16202996
0.16335377
0.1634376
0.1696711
0.18011004
0.18011004
0.18713206
0.18713206
0.18713206
0.1930894
0.1930894
0.1930894
0.1930894
0.1930894
0.17262521
0.14944377
0.14885674
0.13821391
0.13821391
0.13821391
0.13821391
0.13821391
0.13821391
0.13821391
0.12125439
0.10099235
0.09136005
0.09136005
0.09136005
0.09136005
0.08685466
0.08685466
0.08685466
0.08789991
0.08789991
0.08789991
0.08789991
0.09293382
0.09293382
0.12306764
0.12874381
0.12874381
0.15187286
0.15258693
0.19512598
0.21360621
0.21360621
0.21360621
0.20730743
0.18534042
0.16911202
0.16911202
0.16911202
0.15366689
0.15366689
0.15331455
0.15331455
0.13118163
0.11439479
0.09877917
0.09608069
0.05638224
0.05638224
0.05638224
0.07481641
0.10241003
0.10241003
0.10241003
0.10241003
0.10241003
0.10241003
0.10241003
0.10241003
0.10095939
0.09057852
0.0889028
0.07981954
0.07981954
0.07981954
0.07981954
0.0617792
0.03874293
0.03874293
0.03874293
0.06882195
0.06979647
0.06979647
0.06979647
0.08078554
0.08467815
0.08467815
0.08467815
0.09840456
0.09840456
0.10228778
0.12021548
0.12021548
0.12021548
0.13960168
0.13960168
0.13960168
0.14151076
0.14151076
0.14151076
0.15157902
0.15914702
0.15914702
0.15914702
0.15914702
0.15914702
0.15914702
0.16656767
0.16656767
0.16656767
0.18486059
0.18881279
0.18973164
0.18973164
0.18973164
0.18973164
0.18973164
0.18973164
0.18973164
0.18973164
0.18973164
0.17878733
0.17878733
0.17878733
0.17878733
0.17878733
0.17878733
0.17878733
0.18002053
0.18002053
0.18002053
0.18002053
0.18002053
0.18002053
0.18002053
0.18002053
0.17641369
0.17641369
0.1548405
0.15362934
0.15362934
0.15362934
0.15362934
0.15362934
0.15362934
0.15362934
0.15362934
0.15362934
0.15362934
0.14376127
0.10918274
0.10918274
0.10918274
0.10918274
0.10918274
0.11440658
0.114507
0.114507
0.114507
0.10099475
0.10099475
0.10099475
0.10887799
0.10887799
0.10887799
0.1151283
0.12088
0.12088
0.12925813
0.12999885
0.14280706
0.14938046
0.17009767
0.17009767
0.17009767
0.17009767
0.20759669
0.20759669
0.20759669
0.20741549
0.20741549
0.16993219
0.16852892
0.15798323
0.15798323
0.15798323
0.19440513
0.19440513
0.19440513
0.16516571
0.16146171
0.16146171
0.1474836
0.1474836
0.1474836
0.11700485
0.10280451
0.10280451
0.10280451
0.10647837
0.11659335
0.11659335
0.11659335
0.11659335
0.11659335
0.11659335
0.11659335
0.12589492
0.12758417
0.12758417
0.12758417
0.12758417
0.12758417
0.12758417
0.12758417
0.13795019
0.13795019
0.14035701
0.14800033
0.14800033
0.14800033
0.14800033
0.15374002
0.15618396
0.1717557
0.1717557
0.1717557
0.1717557
0.1717557
0.17564874
0.17564874
0.17564874
0.17483359
0.16685736
0.15126706
0.15126706
0.1255262
0.11856137
0.11856137
0.11856137
0.11856137
0.11856137
0.11856137
0.11856137
0.11856137
0.11887202
0.13283442
0.14656584
0.1506606
0.1506606
0.1506606
0.13981954
0.11842712
0.11397237
0.11397237
0.11397237
0.12178881
0.12178881
0.12178881
0.12178881
0.12394043
0.12394043
0.13420341
0.13420341
0.13420341
0.14353751
0.14429612
0.16262812
0.16899675
0.16899675
0.16899675
0.16899675
0.15988162
0.15988162
0.15988162
0.17350848
0.17437864
0.18312877
0.18312877
0.18312877
0.18312877
0.182342
0.17920385
0.17920385
0.1698488
0.15590234
0.15590234
0.15322657
0.14021992
0.13161736
0.12677753
0.12677753
0.12677753
0.12677753
0.12677753
0.12677753
0.12526816
0.11397477
0.10294204
0.09114873
0.08885063
0.08885063
0.08885063
0.08885063
0.08885063
0.08885063
0.08682279
0.08682279
0.08682279
0.08776499
0.09882632
0.09882632
0.09882632
0.09882632
0.09882632
0.09882632
0.09882632
0.09882632
0.09882632
0.09882632
0.11136449
0.11136449
0.11821558
0.11821558
0.11821558
0.12992811
0.12992811
0.12992811
0.12842224
0.12842224
0.12842224
0.14796431
0.14796431
0.14796431
0.14796431
0.14796431
0.14722797
0.1419072
0.1419072
0.13452563
0.13287393
0.1259877
0.12391008
0.11484887
0.10996493
0.10718197
0.10393031
0.10263401
0.10263401
0.10263401
0.10822547
0.10822547
0.11546056
0.11546056
0.11546056
0.11652371
0.13261437
0.13261437
0.13261437
0.14093967
0.14093967
0.14093967
0.14093967
0.14093967
0.14093967
0.14093967
0.12587658
0.12106818
0.12106818
0.12106818
0.67475882
0.67475882
0.67475882
0.64466407
0.63545965
0.61364066
0.61364066
0.61364066
0.63966487
0.6821655
0.68310421
0.68310421
0.68310421
0.67882826
0.67882826
0.67882826
0.67882826
0.59450922
0.59450922
0.59450922
0.59450922
0.55817901
0.47112089
0.38387677
0.36338704
0.36338704
0.36338704
0.38323714
0.52318854
0.67019973
0.71827456
0.74225391
0.74225391
0.74225391
0.74225391
0.74225391
0.74225391
0.79736344
0.79736344
0.80332427
0.83833832
0.83833832
0.83833832
0.66832099
0.6238447
0.61265042
0.61265042
0.61265042
0.6783661
0.75546534
0.76739836
0.76739836
0.76739836
0.77469064
0.77469064
0.77469064
0.75187465
0.70428837
0.67921968
0.64255
0.64255
0.64255
0.74786241
0.74786241
0.74786241
0.74786241
0.76827748
0.80001148
0.80001148
0.80001148
0.78366301
0.76168858
0.76168858
0.75300263
0.75300263
0.75300263
0.75300263
0.75300263
0.75300263
0.75300263
0.72723252
0.70824997
0.70824997
0.70824997
0.70824997
0.70824997
0.70824997
0.70824997
0.70824997
0.74044547
0.74044547
0.74044547
0.74044547
0.74044547
0.74044547
0.74311469
0.75601918
0.75601918
0.75601918
0.75601918
0.75601918
0.77194414
0.79471146
0.81253066
0.81253066
0.81253066
0.81253066
0.79926575
0.76999751
0.7655849
0.7655849
0.76236598
0.75638288
0.74188018
0.74188018
0.74188018
0.75031725
0.7849628
0.7849628
0.78913375
0.78913375
0.78913375
0.78543172
0.78543172
0.78543172
0.78543172
0.78543172
0.78543172
0.78543172
0.78543172
0.78543172
0.78543172
0.74410886
0.74410886
0.73921051
0.73921051
0.73921051
0.74666609
0.74812612
0.7622136
0.7622136
0.76251901
0.76251901
0.7640954
0.7640954
0.7640954
0.75967012
0.74809141
0.71516131
0.70742521
0.70742521
0.70742521
0.71344914
0.71344914
0.71344914
0.71344914
0.71344914
0.71344914
0.69485146
0.69485146
0.69485146
0.70647645
0.70647645
0.70647645
0.70327304
0.70327304
0.70327304
0.70327304
0.70327304
0.70669519
0.72279175
0.72279175
0.72279175
0.70980627
0.70980627
0.70980627
0.70980627
0.70980627
0.70980627
0.73683251
0.73960652
0.74671281
0.74671281
0.74671281
0.73780201
0.73780201
0.73780201
0.73780201
0.74742579
0.74742579
0.74854854
0.74854854
0.74854854
0.74854854
0.74854854
0.74854854
0.74854854
0.74854854
0.74692675
0.73002661
0.72737311
0.72737311
0.71660256
0.71660256
0.71574309
0.71545493
0.70765618
0.70244544
0.70244544
0.70244544
0.70280673
0.7088717
0.71085457
0.71085457
0.71085457
0.71403725
0.72805771
0.72805771
0.73728113
0.73728113
0.73728113
0.73728113
0.73728113
0.73003469
0.72271316
0.71448347
0.71448347
0.70417376
0.69885671
0.69885671
0.69885671
0.69885671
0.69885671
0.69885671
0.69885671
0.69885671
0.69885671
0.69885671
0.69885671
0.70700825
0.70700825
0.70700825
0.68774364
0.68774364
0.68774364
0.69132036
0.70821897
0.71795715
0.71795715
0.71795715
0.71795715
0.71546519
0.71546519
0.71546519
0.71546519
0.71546519
0.72407364
0.72407364
0.72412254
0.75072767
0.75416183
0.75416183
0.75416183
0.74958353
0.74958353
0.74263136
0.73400371
0.73400371
0.73400371
0.72801471
0.71683462
0.71683462
0.71683462
0.71683462
0.71683462
0.71683462
0.71683462
0.71683462
0.71683462
0.71683462
0.71683462
0.71683462
0.71683462
0.72617046
0.72805029
0.75366912
0.7697923
0.7697923
0.7697923
0.76072694
0.7524322
0.7524322
0.7524322
0.74430053
0.74430053
0.74430053
0.73963643
0.73963643
0.73963643
0.7525407
0.76770202
0.76999205
0.76999205
0.76999205
0.76220465
0.76220465
0.74908732
0.74908732
0.74908732
0.74908732
0.74908732
0.74691954
0.73574426
0.72683389
0.72683389
0.72683389
0.72683389
0.72683389
0.74426342
0.75166682
0.76021021
0.76021021
0.76021021
0.76021021
0.75143782
0.75109857
0.74871445
0.73714491
0.72074055
0.71985532
0.71985532
0.71985532
0.71247047
0.71247047
0.71247047
0.71247047
0.70418381
0.68207119
0.67377404
0.66487088
0.66487088
0.66487088
0.66914924
0.66914924
0.66914924
0.66914924
0.68856404
0.69968082
0.69968082
0.69968082
0.69161224
0.69161224
0.69161224
0.69161224
0.67848705
0.67848705
0.67848705
0.67848705
0.67848705
0.67848705
0.67848705
0.67848705
0.66953673
0.65671018
0.65671018
0.65671018
0.65671018
0.64568116
0.64471756
0.64471756
0.64471756
0.65481354
0.65817305
0.65817305
0.67007682
0.67007682
0.67007682
0.67007682
0.67459029
0.71012194
0.71012194
0.71012194
0.64939541
0.6407802
0.6407802
0.60097849
0.60097849
0.60097849
0.63102565
0.69932039
0.71647092
0.71647092
0.71647092
0.70165277
0.69176221
0.69176221
0.69176221
0.72529527
0.7488092
0.7488092
0.7488092
0.7488092
0.75776213
0.7795128
0.7795128
0.7795128
0.81100055
0.81914074
0.83375652
0.84271928
0.86584723
0.86584723
0.86584723
0.86137983
0.83243009
0.8094484
0.76491579
0.75112084
0.73723288
0.73723288
0.72553694
0.72553694
0.72553694
0.74560447
0.74718391
0.74718391
0.74718391
0.74663596
0.73317349
0.73317349
0.73317349
0.75184627
0.75184627
0.75184627
0.75184627
0.74737995
0.74737995
0.74737995
0.74868585
0.74868585
0.74868585
0.74868585
0.74868585
0.74868585
0.74868585
0.7664507
0.77464917
0.77934339
0.77934339
0.77934339
0.80040705
0.80040705
0.80040705
0.80040705
0.80040705
0.80040705
0.80040705
0.78013191
0.78013191
0.78013191
0.75452575
0.75452575
0.75452575
0.75452575
0.75452575
0.75452575
0.75755387
0.76256093
0.76995014
0.76995014
0.78876045
0.78876045
0.78876045
0.78876045
0.78876045
0.78876045
0.78876045
0.78876045
0.79605513
0.79605513
0.79605513
0.79605513
0.79605513
0.79605513
0.79605513
0.8194826
0.8194826
0.8194826
0.8194826
0.8194826
0.8194826
0.8194826
0.83372159
0.83372159
0.83372159
0.83372159
0.83372159
0.83372159
0.81950181
0.81950181
0.81950181
0.82020017
0.82020017
0.82020017
0.82359788
0.82359788
0.82359788
0.82359788
0.82359788
0.82359788
0.82359788
0.82359788
0.82359788
0.82359788
0.82359788
0.82614333
0.82614333
0.84099466
0.84099466
0.84594889
0.85276177
0.85948166
0.86630568
0.87668327
0.87668327
0.87668327
0.88261355
0.89610069
0.89610069
0.89610069
0.89276542
0.89276542
0.89276542
0.89276542
0.89128247
0.89128247
0.89128247
0.86697391
0.86187516
0.86187516
0.85787951
0.85145434
0.84879254
0.84809811
0.84809811
0.84809811
0.84309018
0.84309018
0.84309018
0.84309018
0.84309018
0.84309018
0.84309018
0.81736111
0.77694487
0.77694487
0.77694487
0.77694487
0.75826685
0.74307387
0.74307387
0.70385678
0.70179729
0.70179729
0.70179729
0.71044045
0.71044045
0.76834035
0.76834035
0.76834035
0.72886785
0.7100809
0.7100809
0.7100809
0.747922
0.78968017
0.81916802
0.81916802
0.81916802
0.81916802
0.81916802
0.81916802
0.81916802
0.80530299
0.80530299
0.80530299
0.80530299
0.80384908
0.80384908
0.76490662
0.75740127
0.75740127
0.75740127
0.77525846
0.77525846
0.77525846
0.77525846
0.77525846
0.77525846
0.782301
0.782301
0.80161101
0.80161101
0.80161101
0.80161101
0.80161101
0.79489069
0.79489069
0.77244493
0.75165437
0.72565461
0.72094794
0.72094794
0.72094794
0.73112731
0.74581055
0.77879304
0.78711988
0.78711988
0.78711988
0.78711988
0.78857423
0.78857423
0.78857423
0.78728404
0.78728404
0.78589366
0.77153504
0.77153504
0.77153504
0.77153504
0.75343029
0.74328235
0.73675436
0.7045403
0.67438399
0.67438399
0.67438399
0.67438399
0.68115933
0.68115933
0.71317756
0.74559334
0.74559334
0.76529892
0.76529892
0.76529892
0.77493427
0.77946783
0.77946783
0.77946783
0.7754689
0.7754689
0.7754689
0.82029448
0.82381073
0.84142691
0.84142691
0.84142691
0.83098404
0.81315872
0.81034891
0.81034891
0.80396675
0.78752855
0.78752855
0.78752855
0.78752855
0.78752855
0.78752855
0.78752855
0.78752855
0.78752855
0.78752855
0.8291029
0.8364622
0.8364622
0.8364622
0.82376947
0.81279808
0.81279808
0.81279808
0.83948224
0.83948224
0.83948224
0.81404112
0.81404112
0.76747652
0.75751828
0.75751828
0.74606553
0.74606553
0.74606553
0.74606553
0.73636708
0.72475082
0.68863215
0.68863215
0.68863215
0.68863215
0.65937744
0.65937744
0.62653335
0.62653335
0.62653335
0.62706667
0.62706667
0.62706667
0.62706667
0.62706667
0.59684247
0.59684247
0.59684247
0.59684247
0.58766228
0.58766228
0.58766228
0.58794651
0.60975088
0.60975088
0.60975088
0.63258828
0.6522753
0.65583936
0.68485022
0.68485022
0.68485022
0.68485022
0.6870431
0.71920411
0.71920411
0.76727655
0.76727655
0.76727655
0.76727655
0.8034153
0.80950189
0.80950189
0.80950189
0.84925709
0.88058942
0.89166581
0.92389624
0.9252231
0.93391844
0.97834582
0.97834582
0.97834582
0.97834582
0.97834582
0.97834582
0.97834582
0.94869882
0.94869882
0.91855496
0.91855496
0.91855496
0.88056322
0.84574805
0.84574805
0.84574805
0.84574805
0.84574805
0.84617375
0.84617375
0.84617375
0.84980351
0.85822749
0.88460035
0.8983536
0.8983536
0.8983536
0.8983536
0.89697195
0.88797317
0.87240208
0.87240208
0.87240208
0.87240208
0.87240208
0.87240208
0.87240208
0.88395504
0.88395504
0.88395504
0.88395504
0.88395504
0.89239277
0.89437476
0.89437476
0.89437476
0.89437476
0.89437476
0.89437476
0.89437476
0.87853931
0.87853931
0.8460218
0.8460218
0.8460218
0.83830252
0.83830252
0.83830252
0.76897147
0.76897147
0.76897147
0.74395277
0.72882004
0.70036673
0.70036673
0.70036673
0.70036673
0.6987648
0.66645797
0.6530636
0.6530636
0.60263892
0.59804948
0.59804948
0.59804948
0.59804948
0.59804948
0.59571252
0.59571252
0.59453432
0.59453432
0.59453432
0.59453432
0.60127779
0.6025874
0.6025874
0.6025874
0.6025874
0.6025874
0.63057135
0.63239923
0.64595164
0.64595164
0.64595164
0.60545943
0.60545943
0.60545943
0.60545943
0.60545943
0.6530027
0.6530027
0.6530027
0.6530027
0.65397088
0.66795598
0.66795598
0.66795598
0.66795598
0.66795598
