0.92268685
0.89168671
0.84174002
0.80371993
0.80371993
0.80371993
0.80797235
0.82060547
0.82060547
0.82060547
0.82060547
0.82060547
0.87263836
0.87623261
0.87623261
0.87623261
0.87623261
0.84392349
0.84392349
0.84392349
0.84779545
0.85364689
0.85364689
0.85364689
0.85364689
0.83824113
0.83824113
0.76284434
0.76284434
0.76284434
0.76612712
0.76612712
0.76612712
0.76900555
0.87103669
0.88340005
0.88340005
0.88340005
0.88340005
0.88340005
0.88340005
0.88340005
0.86532969
0.8317334
0.8304629
0.8304629
0.8304629
0.8304629
0.8304629
0.82808077
0.82808077
0.82808077
0.82808077
0.82808077
0.82808077
0.80870694
0.79382439
0.76563007
0.76563007
0.76563007
0.76563007
0.76563007
0.756653
0.756653
0.756653
0.756653
0.756653
0.756653
0.756653
0.78266689
0.78266689
0.78266689
0.78266689
0.78266689
0.78266689
0.78266689
0.78266689
0.78266689
0.79601183
0.79601183
0.79601183
0.78877804
0.78877804
0.78877804
0.78877804
0.74216532
0.74216532
0.74216532
0.74216532
0.74216532
0.71140499
0.71140499
0.71140499
0.73019115
0.73019115
0.73019115
0.73019115
0.73019115
0.73019115
0.73019115
0.73019115
0.81491629
0.83324749
0.83324749
0.83324749
0.83324749
0.80493564
0.76419597
0.69062265
0.67999651
0.6767179
0.6767179
0.6767179
0.6767179
0.6767179
0.6767179
0.68537764
0.68537764
0.68537764
0.7217716
0.7217716
0.78655458
0.78655458
0.78655458
0.78655458
0.78655458
0.79612785
0.79612785
0.79612785
0.78522968
0.75907797
0.75907797
0.75907797
0.7822849
0.7822849
0.7822849
0.77872933
0.71400266
0.66390849
0.62793177
0.56209004
0.56209004
0.56209004
0.56209004
0.56209004
0.56209004
0.58714414
0.64206115
0.6842605
0.72705605
0.75848898
0.75848898
0.75848898
0.75848898
0.75848898
0.83714485
0.83714485
0.83714485
0.83714485
0.83714485
0.85394831
0.88029281
0.88029281
0.88029281
0.87103631
0.74094127
0.73799649
0.73799649
0.73093616
0.73093616
0.73093616
0.76744975
0.76744975
0.76744975
0.74406841
0.74406841
0.74406841
0.74406841
0.74406841
0.74406841
0.74406841
0.74691783
0.7548208
0.7548208
0.78573981
0.78981082
0.78981082
0.78981082
0.78981082
0.78981082
0.83239727
0.83239727
0.83239727
0.83239727
0.83239727
0.83239727
0.81658071
0.81586907
0.81586907
0.81586907
0.81586907
0.81586907
0.81586907
0.75330955
0.7283764
0.7119282
0.68747087
0.68747087
0.68747087
0.69838553
0.69838553
0.69838553
0.68413956
0.68413956
0.65066553
0.65066553
0.65066553
0.65066553
0.70287378
0.70287378
0.70287378
0.69746157
0.68119213
0.68119213
0.68119213
0.68119213
0.68119213
0.69421993
0.73504262
0.73504262
0.73504262
0.73504262
0.73504262
0.71448189
0.71448189
0.71448189
0.75202105
0.75739781
0.75739781
0.75739781
0.72169123
0.72169123
0.72169123
0.72169123
0.72169123
0.74561094
0.74561094
0.74561094
0.74561094
0.74561094
0.74561094
0.74561094
0.74561094
0.74561094
0.74561094
0.74561094
0.77692804
0.84048185
0.84048185
0.84048185
0.76942487
0.72215871
0.72215871
0.71089504
0.71089504
0.71089504
0.71089504
0.71539258
0.71539258
0.71539258
0.69337369
0.69337369
0.69220688
0.69220688
0.69220688
0.70098813
0.70098813
0.70098813
0.70736981
0.70736981
0.70736981
0.76213857
0.76213857
0.76213857
0.76213857
0.76213857
0.76213857
0.76213857
0.75790397
0.75790397
0.75790397
0.7620472
0.7620472
0.7620472
0.7620472
0.7620472
0.7620472
0.7620472
0.7620472
0.81552121
0.87343058
0.87343058
0.87343058
0.86568571
0.86568571
0.76213194
0.76056988
0.76056988
0.76056988
0.76056988
0.75889276
0.72931193
0.72752808
0.72752808
0.72752808
0.74693433
0.74693433
0.74693433
0.74693433
0.73996385
0.69559468
0.60214991
0.60214991
0.60214991
0.68920941
0.69009337
0.69009337
0.69009337
0.69009337
0.69009337
0.64652419
0.64652419
0.64652419
0.64652419
0.65662674
0.65662674
0.65662674
0.62066158
0.61849707
0.61849707
0.61849707
0.69664793
0.69664793
0.69664793
0.67079821
0.67079821
0.66340101
0.66340101
0.66340101
0.66340101
0.65779108
0.65779108
0.65779108
0.66941454
0.72348171
0.72348171
0.72348171
0.72348171
0.72348171
0.83873117
0.83873117
0.83873117
0.89964958
0.89964958
0.89964958
0.88459832
0.88459832
0.88459832
0.86393901
0.80755587
0.80446266
0.80446266
0.75267507
0.75267507
0.75267507
0.75267507
0.76908213
0.78973215
0.80879812
0.85752303
0.91079343
0.91079343
0.91079343
0.91079343
0.91079343
0.91079343
0.91079343
0.91079343
0.8665818
0.73026508
0.7187419
0.7187419
0.7187419
0.73329592
0.73329592
0.73329592
0.73155416
0.70623523
0.69670329
0.66378736
0.64704759
0.64704759
0.64704759
0.64704759
0.63169472
0.60710924
0.58949101
0.58949101
0.58949101
0.69815899
0.70188574
0.70188574
0.70188574
0.60436939
0.60436939
0.60436939
0.60805159
0.60805159
0.60805159
0.62845232
0.63997589
0.67615564
0.7380492
0.7380492
0.7380492
0.7380492
0.77428544
0.78524295
0.78784005
0.78784005
0.78784005
0.78667685
0.78667685
0.78667685
0.78667685
0.78667685
0.7906726
0.82155388
0.84634372
0.84634372
0.84634372
0.85833685
0.85833685
0.85833685
0.85833685
0.82825024
0.82825024
0.82825024
0.83474945
0.83474945
0.83474945
0.83474945
0.83474945
0.83474945
0.83474945
0.8380582
0.85235896
0.862478
0.862478
0.862478
0.85667925
0.83242855
0.83242855
0.83242855
0.8397975
0.8397975
0.8397975
0.83690296
0.83656287
0.83656287
0.83656287
0.83656287
0.83656287
0.83599037
0.83599037
0.83599037
0.80113287
0.79062881
0.74249347
0.74249347
0.74249347
0.76104741
0.76104741
0.76104741
0.76104741
0.76104741
0.76104741
0.76104741
0.76104741
0.76104741
0.76853807
0.76853807
0.84265659
0.87184824
0.87184824
0.87184824
0.87184824
0.87184824
0.87184824
0.82341356
0.82341356
0.82341356
0.82341356
0.82341356
0.7834409
0.77601849
0.77601849
0.77601849
0.77601849
0.77601849
0.77601849
0.77601849
0.77601849
0.77601849
0.79050142
0.79915395
0.79915395
0.79915395
0.79915395
0.79915395
0.79915395
0.79915395
0.79915395
0.8204159
0.8204159
0.8204159
0.8204159
0.8204159
0.8204159
0.8204159
0.8204159
0.80114936
0.78502001
0.78502001
0.78502001
0.78502001
0.78502001
0.78502001
0.78502001
0.78502001
0.77726927
0.77726927
0.77726927
0.77726927
0.77726927
0.77726927
0.79632993
0.79632993
0.80655248
0.80655248
0.80655248
0.80769937
0.80769937
0.80769937
0.80769937
0.80769937
0.80804496
0.80804496
0.80804496
0.80804496
0.80804496
0.80804496
0.80804496
0.80804496
0.80804496
0.81028359
0.81515667
0.81515667
0.81515667
0.81515667
0.81853935
0.81853935
0.81853935
0.79481982
0.77973064
0.77973064
0.77074921
0.77074921
0.77074921
0.77074921
0.77074921
0.77074921
0.77074921
0.77074921
0.77623535
0.77623535
0.77623535
0.77232775
0.77232775
0.77232775
0.78531328
0.82233738
0.82713842
0.82713842
0.82713842
0.80395367
0.80133286
0.77000003
0.77000003
0.77000003
0.77921975
0.78442078
0.80944512
0.82338266
0.8428564
0.8428564
0.84349165
0.84349165
0.84349165
0.83900567
0.83900567
0.81093305
0.80414286
0.80414286
0.78478305
0.78220737
0.78220737
0.78010296
0.77300641
0.76360035
0.75047397
0.75047397
0.75047397
0.77180075
0.77180075
0.77180075
0.7625524
0.7625524
0.7625524
0.77316319
0.77316319
0.78230443
0.78230443
0.81335234
0.82935354
0.82935354
0.82935354
0.8273896
0.8273896
0.8273896
0.82793347
0.83256712
0.83256712
0.83256712
0.81703852
0.81703852
0.81703852
0.81739776
0.81739776
0.81739776
0.77351882
0.76813789
0.76813789
0.76813789
0.80679171
0.87606351
0.89792108
0.89792108
0.89792108
0.86306263
0.86306263
0.86306263
0.83145852
0.83145852
0.83145852
0.84627339
0.85238455
0.85238455
0.85238455
0.86905379
0.89254584
0.89254584
0.89254584
0.84976242
0.84368614
0.84368614
0.84368614
0.85608609
0.85608609
0.8802348
0.8802348
0.8802348
0.8802348
0.8802348
0.84185376
0.80821273
0.80821273
0.78494362
0.70279757
0.70279757
0.70279757
0.70077942
0.69762213
0.66896886
0.66896886
0.66896886
0.68183344
0.68183344
0.68183344
0.68183344
0.68183344
0.67715638
0.67715638
0.67715638
0.67759921
0.68527944
0.68527944
0.68527944
0.68527944
0.68527944
0.67642597
0.6729612
0.6729612
0.65297942
0.65297942
0.65297942
0.65297942
0.65297942
0.66114987
0.66114987
0.66114987
0.66091879
0.66091879
0.66091879
0.64291952
0.63840928
0.63262987
0.62440918
0.62440918
0.62440918
0.62496481
0.63138611
0.63138611
0.63138611
0.63138611
0.64102591
0.64102591
0.64102591
0.64102591
0.64102591
0.64102591
0.82782163
0.83769138
0.83769138
0.83769138
0.83769138
0.83769138
0.83769138
0.83769138
0.83769138
0.83769138
0.84666921
0.84666921
0.84666921
0.84666921
0.86649744
0.90511867
0.90610727
0.90610727
0.92785281
0.93031779
0.93777394
0.94162789
0.94162789
0.94162789
0.93547503
0.93547503
0.93547503
0.93189349
0.93189349
0.92885905
0.92220648
0.90669115
0.90647106
0.90647106
0.90570121
0.90570121
0.90570121
0.90570121
0.90118623
0.88494182
0.88494182
0.86121603
0.85534354
0.85534354
0.85534354
0.85534354
0.85534354
0.85534354
0.85534354
0.85628078
0.85628078
0.85628078
0.84501806
0.82577484
0.8147762
0.8147762
0.8147762
0.82566887
0.84027351
0.84027351
0.84027351
0.84027351
0.84027351
0.83266058
0.83266058
0.83266058
0.83266058
0.82917326
0.78339806
0.75152476
0.75152476
0.75152476
0.66788396
0.66788396
0.66788396
0.66788396
0.66788396
0.66788396
0.66788396
0.66788396
0.68370942
0.68370942
0.70421233
0.70421233
0.70421233
0.70421233
0.70421233
0.70421233
0.7350847
0.73797773
0.76174749
0.76174749
0.76174749
0.73189216
0.73158771
0.73158771
0.73158771
0.72635711
0.72163322
0.7097381
0.70813718
0.6792606
0.67658028
0.67658028
0.67658028
0.68736964
0.68736964
0.68736964
0.67660644
0.66686824
0.66686824
0.66686824
0.67680624
0.67780357
0.68832355
0.68832355
0.68832355
0.67956202
0.67747789
0.65892982
0.65892982
0.65892982
0.7028207
0.7028207
0.7028207
0.71531638
0.72636109
0.72636109
0.72636109
0.70815652
0.69930798
0.69930798
0.69930798
0.72011097
0.73278977
0.73278977
0.73278977
0.73278977
0.72772637
0.72772637
0.72772637
0.72772637
0.72772637
0.72933506
0.72933506
0.73475656
0.73475656
0.73475656
0.73475656
0.73475656
0.75612865
0.75612865
0.75612865
0.75434536
0.75434536
0.75434536
0.75434536
0.75434536
0.75154694
0.75154694
0.73258693
0.72838076
0.72838076
0.72838076
0.73616146
0.73909771
0.73909771
0.73909771
0.73909771
0.73909771
0.75338538
0.75338538
0.76572391
0.78743816
0.81219976
0.81219976
0.81219976
0.81219976
0.80826543
0.8069538
0.76650266
0.76650266
0.76650266
0.76237971
0.7613839
0.7613839
0.7613839
0.7613839
0.75079851
0.69869112
0.68653231
0.68653231
0.68653231
0.67700453
0.63868321
0.63187899
0.63187899
0.63187899
0.63187899
0.63187899
0.61918275
0.61918275
0.61918275
0.5812271
0.5812271
0.57813314
0.57322139
0.57322139
0.57322139
0.57322139
0.57322139
0.57322139
0.57322139
0.57322139
0.57424241
0.57424241
0.57424241
0.5928519
0.5928519
0.5928519
0.62069248
0.62069248
0.62069248
0.57055471
0.57055471
0.57055471
0.57055471
0.57493775
0.60793122
0.61327557
0.6237891
0.63346208
0.63346208
0.6497264
0.6497264
0.6497264
0.6497264
0.6497264
0.6497264
0.6497264
0.60199257
0.60199257
0.60199257
0.61856589
0.62636952
0.69115572
0.72071305
0.72071305
0.72071305
0.72071305
0.72071305
0.72071305
0.72071305
0.72071305
0.72071305
0.72071305
0.7043657
0.57045272
0.47887824
0.12631047
0.12631047
0.12631047
0.17004496
0.17004496
0.1763582
0.1763582
0.1763582
0.1763582
0.1763582
0.16260586
0.12924311
0.12924311
0.12924311
0.12924311
0.12924311
0.12924311
0.12924311
0.11364039
0.11364039
0.11364039
0.10108273
0.05405447
0.05405447
0.05405447
0.05405447
0.05405447
0.05405447
0.07137526
0.07137526
0.07137526
0.05876907
0.05876907
0.05876907
0.09379567
0.14509872
0.14509872
0.14509872
0.13793299
0.13793299
0.13793299
0.17512163
0.17512163
0.17512163
0.17512163
0.42328048
0.78468087
0.84070099
0.84070099
0.84070099
0.78321512
0.78321512
0.78321512
0.77270557
0.76428242
0.70493478
0.68024106
0.67659241
0.67659241
0.67659241
0.67659241
0.67659241
0.66088997
0.62560366
0.62560366
0.62560366
0.62560366
0.52903705
0.52903705
0.52431506
0.52431506
0.52431506
0.52431506
0.52431506
0.52431506
0.52431506
0.52431506
0.52431506
0.49211229
0.49211229
0.49211229
0.49211229
0.49211229
0.49211229
0.45768435
0.45768435
0.45768435
0.45768435
0.45612722
0.424805
0.424805
0.424805
0.47010818
0.48522674
0.59611382
0.59611382
0.59611382
0.59611382
0.59611382
0.59611382
0.59611382
0.59611382
0.59611382
0.59611382
0.59611382
0.59611382
0.59611382
0.59611382
0.62405071
0.65037322
0.65037322
0.65948128
0.7206757
0.7206757
0.7206757
0.63378625
0.60781937
0.55166542
0.55166542
0.52126356
0.52126356
0.52126356
0.53378331
0.53378331
0.53764844
0.53764844
0.56748539
0.60940057
0.60940057
0.60940057
0.60940057
0.51091571
0.51091571
0.46508212
0.46508212
0.46508212
0.46508212
0.46203554
0.38169363
0.30079591
0.30079591
0.30079591
0.30079591
0.37207108
0.39518664
0.44586695
0.44712418
0.44712418
0.44712418
0.44712418
0.44712418
0.42206174
0.42206174
0.3592228
0.3592228
0.3592228
0.3592228
0.3592228
0.3592228
0.41224184
0.42556594
0.59418286
0.71664735
0.75513644
0.77883834
0.77883834
0.77883834
0.77883834
0.77883834
0.77883834
0.77883834
0.77883834
0.78445301
0.78445301
0.78445301
0.78445301
0.78445301
0.74992251
0.74992251
0.74647803
0.74647803
0.74647803
0.74647803
0.74277574
0.74277574
0.74277574
0.74277574
0.74277574
0.64857439
0.60955678
0.60955678
0.60955678
0.63822464
0.65023123
0.65023123
0.65211517
0.68898742
0.68898742
0.68898742
0.68898742
0.68898742
0.64073796
0.64073796
0.64073796
0.64073796
0.64073796
0.68258205
0.69149221
0.69734896
0.69734896
0.69734896
0.70383225
0.75167205
0.76114731
0.76114731
0.76114731
0.73709869
0.73709869
0.73709869
0.70430181
0.6566275
0.64294967
0.64294967
0.64294967
0.64294967
0.65454109
0.65454109
0.66509178
0.6945166
0.73915116
0.73915116
0.82979031
0.89294697
0.89294697
0.89294697
0.78328185
0.78328185
0.75509549
0.75509549
0.75509549
0.75509549
0.68412306
0.68412306
0.68412306
0.68412306
0.68412306
0.68412306
0.70273028
0.73641719
0.73641719
0.74613131
0.74613131
0.74613131
0.74613131
0.74613131
0.74613131
0.92058357
0.95408167
0.95408167
0.95408167
0.94259053
0.84907694
0.84907694
0.8089621
0.8089621
0.8089621
0.80975071
0.81653161
0.81653161
0.81653161
0.82032092
0.82032092
0.91689758
0.91689758
0.91689758
0.86765192
0.79187883
