0.68364695
0.69105614
0.67614583
0.67614583
0.66866917
0.66866917
0.66866917
0.66237058
0.65756771
0.65611404
0.65611404
0.65611404
0.66061724
0.67689942
0.69436655
0.69436655
0.69436655
0.67729064
0.67729064
0.65983154
0.65197245
0.65197245
0.65197245
0.65197245
0.62853048
0.62853048
0.62853048
0.62853048
0.62853048
0.62853048
0.62853048
0.62853048
0.62853048
0.62853048
0.62853048
0.64924744
0.65722541
0.65722541
0.65722541
0.65722541
0.65722541
0.65722541
0.65722541
0.65722541
0.65722541
0.65722541
0.65722541
0.63331329
0.63097053
0.63097053
0.60746932
0.60746932
0.59210968
0.59210968
0.59210968
0.55332069
0.55332069
0.55332069
0.55332069
0.55332069
0.55332069
0.53285907
0.53285907
0.53285907
0.53285907
0.5249673
0.5249673
0.51371237
0.51371237
0.51371237
0.49325457
0.48916458
0.48916458
0.4770389
0.4770389
0.4770389
0.4770389
0.46503687
0.46503687
0.46503687
0.47334663
0.48507573
0.48507573
0.50413777
0.50413777
0.50413777
0.50413777
0.50413777
0.50413777
0.50413777
0.50413777
0.50413777
0.50413777
0.50413777
0.53830985
0.53830985
0.53830985
0.54051538
0.56660992
0.57279173
0.57499803
0.57499803
0.5847045
0.5847045
0.5847045
0.57605187
0.55551725
0.55551725
0.55551725
0.55551725
0.55551725
0.55739922
0.57275675
0.57697594
0.58201447
0.58201447
0.58201447
0.58201447
0.58201447
0.58201447
0.58201447
0.58201447
0.58671471
0.58671471
0.58812691
0.60444769
0.60444769
0.62402748
0.64548924
0.64548924
0.64548924
0.66156692
0.66156692
0.66156692
0.66156692
0.65878133
0.65303967
0.64011988
0.64011988
0.62073561
0.62073561
0.62073561
0.62073561
0.60934364
0.60934364
0.60934364
0.63796537
0.67398196
0.67398196
0.67398196
0.67398196
0.6581147
0.6581147
0.6581147
0.66364765
0.6673447
0.6673447
0.6673447
0.6673447
0.6673447
0.64623327
0.62668846
0.62668846
0.62668846
0.62668846
0.60599023
0.60599023
0.60599023
0.62713186
0.62713186
0.63590604
0.65167162
0.65167162
0.69327984
0.69327984
0.69327984
0.6758473
0.63094931
0.63094931
0.63094931
0.60985719
0.60985719
0.60985719
0.60985719
0.60985719
0.60985719
0.59435325
0.56887336
0.55814363
0.52639631
0.52639631
0.52639631
0.52594584
0.52594584
0.52594584
0.52619659
0.53694792
0.55754638
0.55754638
0.55754638
0.54263014
0.54098917
0.54098917
0.49983602
0.48731262
0.48731262
0.48731262
0.48731262
0.47989884
0.47989884
0.47989884
0.47989884
0.47989884
0.47989884
0.47989884
0.50442006
0.50442006
0.50442006
0.50442006
0.50442006
0.50442006
0.48234213
0.48234213
0.48234213
0.48234213
0.48234213
0.46866875
0.46866875
0.46866875
0.46866875
0.44556106
0.44556106
0.44556106
0.45083734
0.45828667
0.45828667
0.45828667
0.45828667
0.45828667
0.45828667
0.44370527
0.43640865
0.43640865
0.43640865
0.43640865
0.4352969
0.4352969
0.4352969
0.44738168
0.46203608
0.46203608
0.46203608
0.46203608
0.46203608
0.46203608
0.46203608
0.4718727
0.49220379
0.49220379
0.49220379
0.49220379
0.49220379
0.50064026
0.50064026
0.50064026
0.51913963
0.52439566
0.52439566
0.52439566
0.52439566
0.52439566
0.52548524
0.52548524
0.52548524
0.52548524
0.52548524
0.52548524
0.52548524
0.52602114
0.52602114
0.53534518
0.54452453
0.54452453
0.54452453
0.54452453
0.54452453
0.52650296
0.52650296
0.52650296
0.51958858
0.51958858
0.51958858
0.52961192
0.52961192
0.52961192
0.52083698
0.52083698
0.52083698
0.52157949
0.55112605
0.55112605
0.55112605
0.52592979
0.52592979
0.52592979
0.52592979
0.52592979
0.52592979
0.52592979
0.5477002
0.5477002
0.5477002
0.53813535
0.51554847
0.51554847
0.51554847
0.55168718
0.6085287
0.6085287
0.6085287
0.59810266
0.59810266
0.59810266
0.62561168
0.63225811
0.63225811
0.63225811
0.63225811
0.63225811
0.62968467
0.61972114
0.61972114
0.61972114
0.63208324
0.65122459
0.65122459
0.65122459
0.64137459
0.62540604
0.62540604
0.62540604
0.62540604
0.62540604
0.62540604
0.62540604
0.62540604
0.62540604
0.62540604
0.63430846
0.63834455
0.63834455
0.63834455
0.63834455
0.63834455
0.63834455
0.63834455
0.63834455
0.63834455
0.63025746
0.63025746
0.62380616
0.60611198
0.60611198
0.60611198
0.60611198
0.60635795
0.60635795
0.60635795
0.60635795
0.60635795
0.60635795
0.59253951
0.59253951
0.59253951
0.59253951
0.60813423
0.61660644
0.61660644
0.61660644
0.61985626
0.61985626
0.61985626
0.61892856
0.61892856
0.61892856
0.61892856
0.61892856
0.60411476
0.60379731
0.59924977
0.59736857
0.59736857
0.59736857
0.59736857
0.59736857
0.59736857
0.59571575
0.58995383
0.58995383
0.58995383
0.57765079
0.56769873
0.56769873
0.56539515
0.56244978
0.56244978
0.56244978
0.56651646
0.56651646
0.57012521
0.58211137
0.58247431
0.58247431
0.58247431
0.55652312
0.55652312
0.55652312
0.56166313
0.56166313
0.56166313
0.56166313
0.58403252
0.58403252
0.58403252
0.59277822
0.60211563
0.60211563
0.60211563
0.61590674
0.61590674
0.62159527
0.62159527
0.62159527
0.61831583
0.61831583
0.61831583
0.58472743
0.57814274
0.57814274
0.57814274
0.5840738
0.5840738
0.5840738
0.5840738
0.59674991
0.60717174
0.60717174
0.60717174
0.60717174
0.60717174
0.60717174
0.60717174
0.60289866
0.58004401
0.5772762
0.5772762
0.56785048
0.56785048
0.56785048
0.56891694
0.57721427
0.57721427
0.57721427
0.57721427
0.57721427
0.60535456
0.60535456
0.62775702
0.62775702
0.62775702
0.62775702
0.62775702
0.62775702
0.6036339
0.6036339
0.59748878
0.59748878
0.59748878
0.59748878
0.59748878
0.59748878
0.59748878
0.59748878
0.59623446
0.56823368
0.56399022
0.56031018
0.56031018
0.56031018
0.56031018
0.55055421
0.54342023
0.54342023
0.54342023
0.54342023
0.54976049
0.56345795
0.56345795
0.56345795
0.56345795
0.56345795
0.56345795
0.56345795
0.57691115
0.57691115
0.57691115
0.57691115
0.57691115
0.57691115
0.57691115
0.57691115
0.57691115
0.5584456
0.5584456
0.5584456
0.5584456
0.56941921
0.56941921
0.56941921
0.60385981
0.60385981
0.60385981
0.59659415
0.59581724
0.59581724
0.59581724
0.59581724
0.59581724
0.59581724
0.56061292
0.56061292
0.56061292
0.56132542
0.56716379
0.56716379
0.56716379
0.56716379
0.56716379
0.56716379
0.57953391
0.60614867
0.60614867
0.60614867
0.59507167
0.59507167
0.5884887
0.5884887
0.5884887
0.5884887
0.59885434
0.59885434
0.59885434
0.59885434
0.59885434
0.61195474
0.61195474
0.61195474
0.60546045
0.58394002
0.58394002
0.58394002
0.59170336
0.59170336
0.59170336
0.58326421
0.58194452
0.58194452
0.58194452
0.56998645
0.56998645
0.56998645
0.58457912
0.58457912
0.58457912
0.57865361
0.57073259
0.57073259
0.56580721
0.56580721
0.56580721
0.56580721
0.56580721
0.56695909
0.56695909
0.56695909
0.60405857
0.60405857
0.60405857
0.60405857
0.60405857
0.60405857
0.5531827
0.5531827
0.5531827
0.55162717
0.55162717
0.54822445
0.54822445
0.54172136
0.53534537
0.53534537
0.52919127
0.52919127
0.52919127
0.54551397
0.54551397
0.54551397
0.54551397
0.53561351
0.53561351
0.50550563
0.47660697
0.47660697
0.47660697
0.48174965
0.51147205
0.52616142
0.56251687
0.61306535
0.61306535
0.61306535
0.61306535
0.63492234
0.6374287
0.66003871
0.69652393
0.69652393
0.69652393
0.70505634
0.70720148
0.74127207
0.74127207
0.74127207
0.74127207
0.72765049
0.72765049
0.71525762
0.71525762
0.69746711
0.69746711
0.69746711
0.70377602
0.73330729
0.74521433
0.74521433
0.74521433
0.74521433
0.78578437
0.78578437
0.78578437
0.78578437
0.76525452
0.76525452
0.76525452
0.76639418
0.76639418
0.77701841
0.77701841
0.77701841
0.77701841
0.77701841
0.81537413
0.81537413
0.81904021
0.81904021
0.81904021
0.7676078
0.7676078
0.7676078
0.7676078
0.7676078
0.75493456
0.75493456
0.75493456
0.75344037
0.75344037
0.75344037
0.75344037
0.75344037
0.75344037
0.76224475
0.76224475
0.76224475
0.75738224
0.75738224
0.75738224
0.75738224
0.74152072
0.74152072
0.74152072
0.74152072
0.74152072
0.74152072
0.74099743
0.72767361
0.72767361
0.72767361
0.72767361
0.71420722
0.71420722
0.70562951
0.69878145
0.67417212
0.67417212
0.67417212
0.64901007
0.6405262
0.6405262
0.6405262
0.6405262
0.6405262
0.63771252
0.62335856
0.61291665
0.61291665
0.61291665
0.61291665
0.61291665
0.61291665
0.61291665
0.61291665
0.61291665
0.61440702
0.61440702
0.61440702
0.64122303
0.64122303
0.65349033
0.65349033
0.65349033
0.61764117
0.61764117
0.61764117
0.61764117
0.61479442
0.61083229
0.61083229
0.61083229
0.58830388
0.57929004
0.54356912
0.54356912
0.54356912
0.52951923
0.52951923
0.52223694
0.52223694
0.50821381
0.50821381
0.50821381
0.50821381
0.50821381
0.49565276
0.48494214
0.47927731
0.47196654
0.47196654
0.47196654
0.47196654
0.47196654
0.47196654
0.46677914
0.46677914
0.455098
0.45416571
0.4535482
0.4535482
0.4470476
0.4470476
0.4470476
0.45017396
0.45017396
0.45017396
0.44712711
0.44712711
0.44712711
0.44712711
0.44328213
0.44328213
0.44328213
0.44328213
0.44328213
0.44187815
0.44116355
0.44116355
0.43511897
0.43092844
0.43092844
0.43092844
0.43092844
0.43710643
0.43965828
0.43965828
0.45654097
0.45654097
0.45654097
0.45724066
0.45724066
0.45724066
0.47257297
0.47257297
0.4749186
0.4749186
0.4749186
0.4749186
0.4749186
0.4749186
0.4749186
0.4754352
0.48458704
0.48458704
0.48458704
0.47648159
0.47648159
0.47648159
0.47648159
0.47648159
0.48228173
0.48228173
0.48228173
0.48228173
0.507323
0.507323
0.507323
0.507323
0.507323
0.507323
0.53624689
0.53624689
0.56363645
0.56363645
0.56363645
0.55296922
0.55296922
0.55296922
0.55296922
0.55296922
0.55296922
0.55296922
0.55296922
0.55472104
0.55472104
0.55472104
0.56809359
0.56809359
0.56809359
0.56809359
0.56809359
0.56809359
0.57140113
0.57140113
0.57140113
0.57140113
0.57140113
0.57140113
0.57140113
0.57140113
0.57011412
0.55834335
0.55834335
0.55834335
0.55834335
0.53702513
0.52907927
0.52897549
0.52897549
0.52897549
0.51827558
0.49617643
0.47188054
0.47188054
0.47188054
0.48360983
0.48360983
0.48360983
0.48360983
0.48611983
0.48805015
0.5159009
0.5159009
0.52037714
0.52037714
0.52037714
0.52849712
0.52849712
0.53259762
0.53259762
0.53259762
0.52222089
0.52222089
0.52222089
0.52222089
0.57360935
0.57360935
0.57360935
0.62085391
0.63376606
0.63376606
0.63376606
0.63376606
0.63376606
0.63376606
0.61862946
0.61862946
0.61862946
0.63081515
0.6598109
0.6598109
0.6598109
0.64600087
0.62515624
0.62515624
0.62289203
0.62289203
0.62289203
0.62289203
0.62289203
0.62289203
0.62289203
0.62289203
0.64483465
0.64483465
0.64483465
0.64483465
0.64483465
0.64483465
0.63743348
0.63743348
0.63743348
0.63743348
0.63141469
0.63141469
0.63141469
0.60785844
0.60785844
0.60785844
0.60785844
0.60785844
0.60785844
0.60785844
0.60785844
0.60785844
0.60785844
0.59331546
0.59331546
0.59331546
0.59331546
0.61029084
0.61959538
0.61959538
0.61959538
0.61959538
0.61959538
0.61805972
0.61631765
0.61631765
0.61631765
0.61631765
0.61631765
0.6073751
0.6073751
0.59461241
0.59461241
0.59461241
0.59461241
0.59461241
0.59828939
0.59828939
0.59828939
0.59828939
0.59828939
0.59828939
0.57679056
0.57273248
0.57273248
0.56963823
0.56642816
0.56642816
0.56642816
0.57120848
0.57120848
0.57120848
0.57787364
0.58191585
0.58191585
0.58191585
0.55796149
0.55796149
0.55796149
0.56033407
0.56033407
0.56061177
0.56061177
0.58261402
0.58718946
0.58718946
0.59811948
0.60163401
0.60163401
0.60163401
0.61257531
0.61257531
0.61625095
0.61625095
0.61625095
0.61563382
0.61563382
0.61563382
0.58368544
0.58368544
0.58368544
0.58368544
0.58925051
0.58925051
0.58925051
0.58925051
0.60037395
0.60907378
0.60907378
0.60907378
0.60907378
0.60907378
0.60907378
0.60907378
0.60240365
0.58523696
0.58523696
0.58523696
0.57575755
0.57575755
0.57482163
0.57482163
0.57482163
0.57482163
0.57482163
0.57482163
0.57636378
0.59959589
0.59959589
0.63091529
0.63307057
0.63307057
0.63307057
0.62921699
0.62921699
0.58993721
0.58993721
0.58993721
0.59721586
0.59721586
0.59721586
0.59153593
0.59153593
0.59153593
0.59153593
0.59153593
0.57074253
0.55620089
0.5556151
0.5556151
0.5556151
0.5556151
0.5556151
0.54797255
0.54797255
0.54797255
0.54797255
0.5611234
0.5611234
0.5611234
0.55708482
0.55708482
0.55708482
0.55708482
0.55708482
0.56626188
0.56626188
0.58305436
0.58305436
0.58305436
0.58141741
0.58141741
0.58141741
0.58141741
0.55867227
0.55867227
0.55867227
0.56085507
0.57404797
0.57831972
0.57831972
0.6090841
0.6090841
0.6090841
0.5945243
0.5945243
0.5945243
0.5945243
0.5945243
0.5945243
0.5945243
0.56596259
0.56596259
0.56596259
0.56596259
0.56761617
0.56761617
0.56761617
0.56761617
0.56761617
0.57175241
0.58290777
0.60521734
0.60521734
0.60521734
0.60096337
0.60096337
0.59504606
0.59504606
0.59504606
0.59504606
0.59967865
0.59967865
0.59967865
0.59967865
0.59967865
0.61247115
0.61247115
0.61247115
0.6026114
0.58458677
0.58458677
0.58458677
0.59255862
0.59255862
0.59255862
0.57962297
0.57962297
0.57962297
0.57962297
0.5706011
0.5706011
0.5706011
0.59314116
0.59314116
0.59314116
0.5914463
0.57770775
0.57770775
0.57250963
0.56453625
0.56453625
0.56453625
0.56453625
0.56453625
0.56453625
0.56453625
0.60111416
0.60111416
0.60111416
0.60111416
0.60789151
0.60789151
0.60789151
0.60789151
0.60789151
0.60789151
0.60789151
0.60789151
0.60789151
0.60544038
0.60477547
0.60477547
0.60477547
0.60752799
0.60752799
0.60752799
0.61481621
0.61883395
0.63116834
0.63116834
0.63116834
0.61786822
0.6095965
0.6095965
0.6095965
0.6095965
0.56827191
0.56827191
0.54257376
0.54257376
0.54257376
0.54257376
0.52447535
0.52447535
0.52447535
0.4451985
0.4451985
0.4451985
0.4451985
0.4451985
0.42671996
0.42671996
0.4204099
0.4159392
0.39617823
0.39617823
0.39617823
0.39617823
0.37435678
0.37435678
0.34075463
0.30618923
0.30618923
0.30618923
0.34753656
0.34753656
0.34753656
0.34753656
0.34753656
0.34753656
0.34753656
0.34753656
0.34753656
0.32343944
0.30038794
0.30038794
0.30038794
0.26442945
0.26442945
0.26442945
0.26442945
0.26442945
0.26442945
0.26442945
0.26442945
0.29442152
0.30742922
0.30742922
0.30742922
0.30742922
0.30742922
0.33173066
0.33218514
0.33218514
0.33218514
0.35740625
0.37635897
0.40105889
0.40832761
0.40945255
0.40945255
0.40945255
0.40945255
0.40945255
0.40945255
0.40945255
0.40945255
0.40945255
0.40659223
0.40659223
0.40659223
0.40659223
0.40659223
0.40659223
0.40659223
0.40659223
0.39440424
0.39440424
0.39440424
0.40366119
0.40366119
0.41741484
0.41741484
0.41741484
0.41704827
0.41704827
0.41704827
0.41860094
0.4513763
0.4513763
0.4513763
0.4513763
0.49576915
0.5315906
0.54737549
0.56485791
0.59229296
0.61266208
0.64724851
0.6976374
0.70414431
0.70687486
0.74804674
0.75868818
0.77512937
0.79501285
0.79501285
0.79501285
0.76315926
0.74945741
0.71274438
0.68867191
0.6807916
0.66145186
0.66145186
0.64806517
0.64806517
0.64806517
0.64806517
0.64806517
0.64806517
0.60853769
0.60362989
0.60362989
0.60362989
0.64092889
0.64092889
0.64092889
0.64921285
0.64921285
0.64921285
0.64921285
0.64921285
0.65228149
0.65228149
0.65228149
0.62312787
0.52266563
0.51474519
0.51474519
0.51474519
0.51474519
0.51474519
0.51474519
0.49899738
0.49542036
0.45478781
0.45478781
0.45478781
0.46266965
0.46266965
0.46266965
0.46266965
0.46266965
0.41856482
0.41856482
0.34601467
0.34417589
0.33544089
0.33544089
0.33544089
0.33582332
0.35358574
0.35358574
0.35358574
0.34512003
0.34512003
0.34512003
0.34512003
0.34512003
0.34512003
0.34512003
0.34512003
0.34512003
0.32374198
0.32374198
0.32374198
0.32374198
0.32571302
0.33789909
0.33789909
0.33789909
0.35279106
0.37681517
0.37681517
0.37681517
0.39362963
0.39362963
0.54277138
0.56002598
0.56002598
0.56002598
0.56002598
0.56002598
0.56002598
0.56002598
0.56002598
0.56002598
0.54067172
0.50603981
0.43410029
0.42540504
0.41130623
0.41130623
0.41130623
0.3746104
0.36324118
0.36324118
0.36324118
0.34444499
0.34444499
0.34444499
0.34444499
0.34444499
0.3202137
0.30318519
0.30318519
0.30318519
0.30318519
0.30318519
0.29465545
0.29465545
0.2675539
0.2675539
0.2675539
0.2675539
0.2675539
0.53117644
0.70083505
0.70083505
0.82397458
0.87581848
0.87581848
0.87581848
0.89032304
0.89032304
0.89032304
0.79709129
0.79709129
0.79709129
0.75493303
0.60589257
0.53513112
0.52595673
0.52595673
0.52595673
0.52595673
0.52595673
0.52879278
0.52879278
0.52879278
0.52879278
0.52879278
0.52879278
0.52879278
0.52879278
0.52349624
0.5129712
0.51249206
0.51249206
0.51249206
0.51318277
0.51318277
0.51600353
0.52343355
0.52343355
0.52343355
0.52343355
0.53307083
0.53307083
0.53307083
0.53307083
0.53307083
0.53307083
0.53307083
0.53307083
0.52812462
0.52678142
0.51316519
0.49907899
0.49907899
0.49907899
0.50315082
0.50315082
0.50315082
0.49053855
0.49053855
0.49053855
0.49053855
0.49125258
0.49125258
0.49125258
0.47798227
0.47798227
0.47798227
0.474204
0.474204
0.45394669
0.45235561
0.45235561
0.45235561
0.46134021
0.46134021
0.46246152
0.46246152
0.46246152
0.46246152
0.46246152
0.46246152
0.4421463
0.4421463
0.4421463
0.4464599
0.4464599
0.45896247
0.45896247
0.45896247
0.45896247
0.45896247
0.4542758
0.44312025
0.44312025
0.43708063
0.43708063
0.43708063
0.43708063
0.43708063
0.43188233
0.43169656
0.43169656
0.43169656
0.43169656
0.43169656
0.43169656
0.43169656
0.43190832
0.43479635
0.43479635
0.4413906
0.4413906
0.46630019
0.46630019
0.48368055
0.49932133
0.55966744
0.55966744
0.55966744
0.55966744
0.55966744
0.55966744
0.55966744
0.55966744
0.55966744
0.55966744
0.5749342
0.60497958
0.60497958
0.61812528
0.6370283
0.6370283
0.70710802
0.72280671
0.72280671
0.72938682
0.73140124
0.73140124
0.73140124
0.73140124
0.73140124
0.68744682
0.68744682
0.68744682
0.68744682
0.68744682
0.70219621
0.70219621
0.70219621
0.70219621
0.70219621
0.70219621
0.71239214
0.71239214
0.7149889
0.76226654
0.76710362
0.8063276
0.8063276
0.8063276
0.77952152
0.77952152
0.77952152
0.75693158
0.7468337
0.7468337
0.7468337
0.69596604
0.69596604
0.69596604
0.69881471
0.7214595
0.7214595
0.7214595
0.7214595
0.7214595
0.7214595
0.7214595
0.69157733
0.62290713
0.62290713
0.54073154
0.49195132
0.46912209
0.46912209
0.46226485
0.46226485
0.46226485
0.46051571
0.44979974
0.44979974
0.44979974
0.44979974
0.44979974
0.44979974
0.4866477
0.49353093
0.49353093
0.49710948
0.49710948
0.49710948
0.50039275
0.512657
0.5456359
0.5456359
0.5456359
0.53813688
0.49266898
0.49266898
0.49266898
0.49266898
0.49142229
0.47956781
0.47956781
0.47956781
0.48512485
0.5055427
0.52070855
0.53370631
0.54375107
0.54445363
0.54949655
0.54949655
0.54949655
0.54949655
0.54949655
0.54601509
0.54601509
0.54601509
0.53137024
0.53137024
0.53137024
0.53568996
0.53568996
0.53859538
0.54520703
0.54520703
0.54520703
0.54520703
0.54520703
0.53925781
0.53925781
0.53925781
0.53050618
0.53050618
0.53050618
0.53050618
0.53050618
0.5148977
0.50674142
0.4867425
0.478057
0.478057
0.478057
0.478057
0.478057
0.47473532
0.44999086
0.44999086
0.44999086
0.44101983
0.44101983
0.42595012
0.42595012
0.42595012
0.45283608
0.45283608
0.4669005
0.4669005
0.4669005
0.45690735
0.45690735
0.45690735
0.45690735
0.45952265
0.47450674
0.47450674
0.47450674
0.46030605
0.45846862
0.45846862
0.45846862
0.48602484
0.48602484
0.48602484
0.48602484
0.48602484
0.49685051
0.49685051
0.49685051
0.49685051
0.48927791
0.48927791
0.48927791
0.48927791
0.48927791
0.50234162
0.51876427
0.52755756
0.52755756
0.52755756
0.53488056
0.53488056
0.53488056
0.53488056
0.53488056
0.53488056
0.53488056
0.53488056
0.53488056
0.53488056
0.53488056
0.55660243
0.55660243
0.55660243
0.55654643
0.51585675
0.46947413
0.46790178
0.46790178
0.46153095
0.46153095
0.46153095
0.46153095
0.46153095
0.46153095
0.46153095
0.46153095
0.44916618
0.44916618
0.44916618
0.44916618
0.44916618
0.44916618
0.42668039
0.42668039
0.42668039
0.49620605
0.49765991
0.52156248
0.59021185
0.63969903
0.63969903
0.63969903
0.57004991
0.48460691
0.48460691
0.48460691
0.48460691
0.48460691
0.49703456
0.49703456
0.49703456
0.49703456
0.49703456
0.49703456
0.49201572
0.47385043
0.47385043
0.47385043
0.47385043
0.48379943
0.48379943
0.48379943
0.48379943
0.48379943
0.49741413
0.51529409
0.51529409
0.51529409
0.53077222
0.53077222
0.53077222
0.53077222
0.548531
0.548531
0.548531
0.52180119
0.52180119
0.52180119
0.54468718
0.54468718
0.54468718
0.54468718
0.54468718
0.54468718
0.54468718
0.54468718
0.55892494
0.55892494
0.55892494
0.55075699
0.55075699
0.53474639
0.53474639
0.53474639
0.53474639
0.57885447
0.58823145
0.58823145
0.58823145
0.58823145
0.61995698
0.61995698
0.61995698
0.648327
0.648327
0.648327
0.648327
0.63257212
0.62540451
0.61556884
0.61556884
0.61556884
0.64177346
0.64177346
0.64177346
0.63725516
0.63725516
0.60469061
0.58690297
0.58690297
0.58690297
0.60409909
0.69118687
0.69499802
0.69499802
0.69735683
0.69735683
0.69735683
0.69735683
0.69735683
0.70321259
0.70321259
0.70321259
0.71849846
0.71849846
0.71849846
0.74102935
0.74102935
0.74931865
0.75775187
0.75775187
0.75775187
0.75775187
0.76067411
0.76067411
0.76067411
0.75796096
0.75796096
0.75796096
0.71604771
0.71243973
0.71243973
0.71243973
0.71468043
0.71468043
0.71468043
0.69086407
0.69086407
0.68435716
0.68435716
0.68435716
0.68493358
0.68493358
0.68493358
0.68493358
0.68493358
0.6916813
0.6916813
0.6916813
0.69231085
0.69694975
0.69694975
0.69694975
0.69694975
0.69694975
0.70538564
0.70538564
0.70538564
0.70366899
0.68686428
0.68686428
0.68686428
0.68686428
0.68686428
0.68686428
0.69289702
0.70062672
0.72457057
0.72457057
0.72457057
0.72457057
0.72457057
0.72457057
0.72457057
0.72457057
0.73734472
0.73734472
0.73734472
0.73352995
0.73352995
0.73352995
0.71680322
0.71680322
0.71054859
0.70162017
0.70162017
0.70162017
0.70162017
0.70162017
0.70162017
0.70162017
0.70162017
0.68507348
0.68507348
0.68507348
0.66813881
0.66813881
0.66813881
0.66813881
0.66813881
0.66813881
0.66813881
0.66813881
0.66813881
0.66838516
0.69942209
0.69942209
0.69942209
0.69942209
0.69942209
0.71419231
0.71419231
0.71419231
0.71419231
0.71419231
0.70381864
0.70381864
0.65612379
0.65612379
0.65612379
0.65612379
0.65612379
0.65612379
0.65612379
0.69643525
0.69692375
0.69692375
0.69692375
0.68754181
0.68548057
0.68548057
0.68548057
0.68548057
0.68548057
0.68548057
0.67775029
0.64114926
0.64114926
0.64114926
0.64114926
0.64114926
0.64114926
0.61429311
0.61429311
0.6043334
0.59999572
0.58706752
0.58706752
0.58706752
0.60569954
0.61083993
0.61083993
0.61083993
0.60528194
0.60528194
0.5870249
0.5870249
0.5870249
0.57931374
0.57931374
0.56520097
0.56520097
0.56520097
0.55622325
0.55622325
0.55622325
0.55622325
0.55622325
0.55622325
0.55622325
0.55622325
0.55622325
0.55622325
0.55415494
0.55415494
0.55415494
0.55415494
0.55107081
0.55107081
0.55107081
0.54229128
0.54229128
0.54229128
0.53214868
0.53214868
0.53214868
0.53214868
0.53214868
0.54347031
0.54347031
0.54347031
0.54819673
0.54819673
0.54871601
0.5531504
0.5531504
0.5531504
0.5531504
0.5531504
0.54839187
0.54124126
0.53200017
0.53200017
0.53200017
0.55496166
0.56314107
0.56314107
0.56314107
0.56314107
0.57590108
0.57590108
0.57590108
0.62720812
0.63983836
0.64146594
0.64146594
0.64146594
0.64146594
0.63916561
0.62625729
0.62625729
0.62625729
0.63576289
0.65940763
0.65940763
0.65940763
0.63771061
0.62998931
0.62998931
0.6275078
0.6275078
0.6275078
0.6275078
0.6275078
0.6275078
0.6275078
0.6275078
0.63862072
0.63862072
0.63862072
0.63862072
0.63862072
0.63862072
0.63862072
0.63862072
0.63862072
0.63862072
0.63050037
0.62591633
0.62591633
0.61036729
0.61036729
0.61036729
0.61036729
0.61036729
0.61036729
0.61036729
0.61036729
0.61036729
0.61036729
0.59516647
0.59516647
0.59516647
0.59516647
0.61092288
0.61830665
0.61830665
0.61830665
0.61830665
0.61830665
0.61830665
0.60309914
0.60309914
0.60309914
0.60975436
0.60975436
0.60975436
0.60944207
0.59113936
0.59113936
0.59113936
0.59113936
0.59113936
0.59645807
0.59645807
0.59645807
0.59366254
0.59366254
0.59366254
0.57393253
0.57201387
0.57201387
0.57201387
0.56467768
0.56467768
0.56467768
0.57043941
0.57043941
0.57424406
0.58395492
0.58427926
0.58427926
0.58427926
0.55195953
0.55195953
0.55195953
0.55658561
0.55658561
0.56190222
0.56190222
0.58661476
0.58764929
0.58764929
0.59635505
0.59635505
0.59635505
0.59635505
0.60344316
0.60344316
0.61208872
0.61208872
0.61208872
0.61208872
0.61208872
0.61208872
0.58569164
0.57662562
0.57662562
0.57662562
0.59084121
0.59084121
0.59084121
0.59084121
0.59307006
0.60856502
0.60856502
0.60856502
0.60385121
0.60385121
0.60385121
0.60385121
0.59987627
0.58688424
0.57572907
0.57572907
0.57523311
0.57523311
0.57523311
0.57523311
0.57885925
0.57885925
0.57885925
0.57885925
0.57885925
0.59763537
0.59763537
0.62948112
0.62948112
0.62948112
0.62948112
0.62948112
0.62948112
0.59333515
0.59333515
0.59333515
0.59459368
0.59917944
0.59917944
0.59917944
0.59917944
0.59917944
0.59917944
0.59023019
0.57306752
0.56480382
0.5628282
0.5628282
0.56225771
0.56225771
0.55020083
0.54417956
0.54417956
0.54417956
0.54417956
0.5582908
0.56050264
0.56050264
0.56050264
0.56050264
0.56050264
0.56050264
0.56050264
0.57168074
0.57168074
0.57168074
0.57168074
0.57168074
0.57168074
0.57168074
0.57168074
0.57168074
0.56152361
0.56152361
0.56152361
0.56152361
0.57487495
0.57487495
0.57487495
0.60898147
0.60898147
0.60898147
0.59212573
0.59212573
0.59212573
0.59212573
0.59212573
0.59212573
0.59212573
0.56640026
0.56640026
0.56640026
0.56640026
0.56893013
0.56893013
0.56893013
0.56893013
0.56893013
0.56893013
0.57884874
0.60640917
0.60640917
0.60640917
0.6043722
0.59563778
0.59434637
0.59434637
0.59434637
0.59434637
0.59434637
0.59434637
0.59434637
0.59434637
0.59446945
0.60628265
0.60628265
0.60628265
0.60628265
0.5826811
0.5826811
0.5826811
0.59540231
0.59540231
0.59540231
0.57954633
0.57907904
0.57907904
0.57907904
0.57290277
0.57290277
0.57290277
0.58291714
0.58291714
0.58291714
0.58196994
0.5713029
0.5713029
0.5661302
0.56577261
0.56577261
0.56577261
0.56577261
0.56577261
0.56577261
0.56577261
0.60112238
0.60112238
0.60112238
0.60112238
0.60112238
0.60112238
0.48547384
0.48547384
0.48547384
0.48547384
0.44243279
0.44243279
0.41458472
0.41458472
0.41458472
0.41458472
0.41229241
0.41229241
0.41229241
0.4316698
0.44044666
0.47437486
0.47437486
0.47437486
0.47437486
0.47437486
0.47437486
0.49456146
0.49456146
0.49456146
0.48892166
0.42406528
0.42406528
0.42406528
0.43241785
0.45615911
0.48320351
0.50569426
0.50569426
0.54912921
0.54912921
0.54912921
0.53512711
0.51007285
0.48150731
0.42378567
0.40008914
0.34978205
0.34667403
0.34667403
0.34667403
0.34667403
0.34667403
0.3998038
0.44376815
0.51879562
0.53043699
0.53043699
0.55640386
0.61716604
0.63863009
0.63863009
0.63863009
0.63863009
0.63863009
0.6450271
0.71602994
0.74701354
0.74701354
0.74701354
0.72345786
0.72345786
0.69953657
0.63879312
0.61427266
0.59094709
0.55908108
0.53476283
0.53476283
0.53476283
0.53476283
0.53476283
0.53476283
0.53476283
0.54931976
0.55696136
0.55696136
0.56202377
0.56202377
0.56202377
0.5943458
0.5943458
0.5943458
0.5943458
0.55452972
0.5248983
0.5248983
0.52426932
0.52426932
0.52426932
0.52426932
0.52550836
0.52550836
0.52550836
0.52550836
0.52550836
0.52550836
0.52981929
0.53295597
0.6074374
0.6074374
0.6074374
0.55026791
0.52598024
0.50915852
0.47844651
0.45416514
0.45416514
0.45416514
0.45416514
0.41424892
0.35019219
0.32389966
0.32389966
0.32389966
0.35685123
0.35685123
0.35685123
0.35685123
0.35685123
0.35685123
0.35685123
0.37799515
0.43071878
0.43134757
0.43134757
0.43134757
0.38364603
0.38364603
0.38364603
0.39582924
0.44084973
0.46502999
0.47938109
0.47938109
0.47938109
0.47938109
0.47450444
0.44808328
0.44808328
0.44808328
0.44808328
0.44808328
0.44808328
0.44808328
0.44808328
0.44808328
0.44808328
0.44808328
0.44808328
0.44808328
0.44097912
0.44097912
0.37817041
0.37755691
0.37755691
0.37755691
0.40885835
0.44026127
0.44026127
0.44026127
0.44026127
0.49025473
0.49025473
0.49025473
0.48521888
0.45583344
0.45583344
0.45583344
0.5228105
0.52518785
0.52518785
0.52518785
0.55619611
0.55619611
0.55619611
0.55619611
0.55619611
0.56672459
0.56672459
0.56672459
0.56963823
0.56963823
0.56963823
0.56963823
0.56027387
0.56027387
0.54398366
0.54102358
0.54102358
0.54102358
0.54102358
0.54102358
0.54102358
0.54102358
0.54102358
0.54102358
0.569174
0.569174
0.57984276
0.57984276
0.57984276
0.57713935
0.57713935
0.57713935
0.56791623
0.56791623
0.56465284
0.56465284
0.56465284
0.58354688
0.58354688
0.58354688
0.58354688
0.58354688
0.6037415
0.6037415
0.6037415
0.5984916
0.5984916
0.55384169
0.55384169
0.55384169
0.55384169
0.59053905
0.59053905
0.59053905
0.57902151
0.57902151
0.56146513
0.56146513
0.56146513
0.48983484
0.48983484
0.48983484
0.49473958
0.49722645
0.49722645
0.49722645
0.49274275
0.46492086
0.44997462
0.40230901
0.38740959
0.35699935
0.35699935
0.35699935
0.41834522
0.41834522
0.41834522
0.43580777
0.49040763
0.49467785
0.49981633
0.49981633
0.52735994
0.52735994
0.52735994
0.52735994
0.52735994
0.51229922
0.51229922
0.51229922
0.48244667
0.48244667
0.48244667
0.51009158
0.51009158
0.51009158
0.49558224
0.48247897
0.46930977
0.46930977
0.45861979
0.45861979
0.43952125
0.43952125
0.43952125
0.43952125
0.43952125
0.43952125
0.43952125
0.4622811
0.4622811
0.4622811
0.43411634
0.43411634
0.39712084
0.39712084
0.39712084
0.39712084
0.39712084
0.39712084
0.39712084
0.39712084
0.39712084
0.39712084
0.40657006
0.43419031
0.43419031
0.43419031
0.43419031
0.43419031
0.44650157
0.45928279
0.45928279
0.45928279
0.44513161
0.43196967
0.43196967
0.43196967
0.44176998
0.44176998
0.44176998
0.44176998
0.44176998
0.44176998
0.44176998
0.44176998
0.38638059
0.31476598
0.31476598
0.30448806
0.22637494
0.20300962
0.20300962
0.20300962
0.20300962
0.23030611
0.32533861
0.35256056
0.35256056
0.36323869
0.36323869
0.39860699
0.39860699
0.39860699
0.4562755
0.46602306
0.46602306
0.46602306
0.46602306
0.46602306
0.46602306
0.46602306
0.46602306
0.46611098
0.46879986
0.48256937
0.48256937
0.48256937
0.46186923
0.46186923
0.46186923
0.50429659
0.5237747
0.52790923
0.52790923
0.52790923
0.4062528
0.4062528
0.4062528
0.44777214
0.44777214
0.44777214
0.44777214
0.44777214
0.51601308
0.51601308
0.51601308
0.50815533
0.50815533
0.50815533
0.51141987
0.51141987
0.51141987
0.52170716
0.52170716
0.52170716
0.51945957
0.45087728
0.45087728
0.45087728
0.45087728
0.46764243
0.46764243
0.46764243
0.46764243
0.46764243
0.46764243
0.46764243
0.47391197
0.49909466
0.49909466
0.49909466
0.5202726
0.52079073
0.52079073
0.52079073
0.49947136
0.49947136
0.49947136
0.49947136
0.49947136
0.49947136
0.49947136
0.49947136
0.49947136
0.43656728
0.43656728
0.43656728
0.43917952
0.43917952
0.43917952
0.29215559
0.29215559
0.29215559
0.29215559
0.29215559
0.29696974
0.29696974
0.29696974
0.29696974
0.29609497
0.29609497
0.29609497
0.30828621
0.30828621
0.30828621
0.30828621
0.30828621
0.30828621
0.29394601
0.2932295
0.29155699
0.26793978
0.26793978
0.2662086
0.2662086
0.25035434
0.24119811
0.21668835
0.21668835
0.21668835
0.21668835
0.21668835
0.18920685
0.18920685
0.18920685
0.18920685
0.1785832
0.1785832
0.1785832
0.1785832
0.1785832
0.1785832
0.17288874
0.17288874
0.17288874
0.16391981
0.16391981
0.16391981
0.16633252
0.17687591
0.17687591
0.20348571
0.20348571
0.20348571
0.20348571
0.20348571
0.20348571
0.20348571
0.20348571
0.21713519
0.21713519
0.21767072
0.21767072
0.21767072
0.21767072
0.21557889
0.21557889
0.21557889
0.22100845
0.22953246
0.22953246
0.22953246
0.22953246
0.22953246
0.22953246
0.22953246
0.22953246
0.2328121
0.2328121
0.2461728
0.2461728
0.2461728
0.2461728
0.23965576
0.22125653
0.21671243
0.21671243
0.21671243
0.22504168
0.22504168
0.23428717
0.23428717
0.23428717
0.23428717
0.25072129
0.25072129
0.25072129
0.22074681
0.21981165
0.21970768
0.21970768
0.21970768
0.21970768
0.21970768
0.21970768
0.21363347
0.19910578
0.15402815
0.15402815
0.10622875
0.10622875
0.07899304
0.07899304
0.07789963
0.07789963
0.04069943
0.04069943
0.04069943
0.04069943
0.04069943
0.04069943
0.04069943
0.0402654
0.0402654
0.0402654
0.07994673
0.12393765
0.12393765
0.175858
0.175858
0.175858
0.175858
0.175858
0.175858
0.17270813
0.17270813
0.17270813
0.15372904
0.13201424
0.13201424
0.13201424
0.13201424
0.13201424
0.20662659
0.2094915
0.21759388
0.21759388
0.21759388
0.21759388
0.21610754
0.21610754
0.21610754
0.21610754
0.22510399
0.25040671
0.25040671
0.25040671
0.25040671
0.25040671
0.25040671
0.29428926
0.29975399
0.29975399
0.29975399
0.28346875
0.28346875
0.28346875
0.28346875
0.28346875
0.28346875
0.28694276
0.29142474
0.30475085
0.33008988
0.33008988
0.33008988
0.36100086
0.36100086
0.38109132
0.38109132
0.38109132
0.38109132
0.38109132
0.38109132
0.38109132
0.38109132
0.38109132
0.38109132
0.36368152
0.36368152
0.36368152
0.36368152
0.36368152
0.35631992
0.35631992
0.35631992
0.3703742
0.3703742
0.40220963
0.40220963
0.40220963
0.39934205
0.38659121
0.38659121
0.38659121
0.44374694
0.44374694
0.44374694
0.44374694
0.43149321
0.43149321
0.43149321
0.43149321
0.43149321
0.43149321
0.43149321
0.43149321
0.43149321
0.42220663
0.42220663
0.42220663
0.42220663
0.42220663
0.41243996
0.40675888
0.40675888
0.40675888
0.41551892
0.41551892
0.41551892
0.41551892
0.4077917
0.4077917
0.4077917
0.4077917
0.39599246
0.39129852
0.39129852
0.39129852
0.39129852
0.39129852
0.39129852
0.39129852
0.39129852
0.39129852
0.34306834
0.34306834
0.34306834
0.34306834
0.32844146
0.28675985
0.28675985
0.27574975
0.27574975
0.27574975
0.27574975
0.27574975
0.25013245
0.21219013
0.21219013
0.21219013
0.21219013
0.21219013
0.21771047
0.21935831
0.27188299
0.27188299
0.28439339
0.30654108
0.30654108
0.30654108
0.30654108
0.25641383
0.25641383
0.25641383
0.41016332
0.41016332
0.41016332
0.41016332
0.41016332
0.35587327
0.35587327
0.35587327
0.35587327
0.35587327
0.37911226
0.37911226
0.37911226
0.36798633
0.36798633
0.32704054
0.32704054
0.32704054
0.32704054
0.32704054
0.32704054
0.35943462
0.36536683
0.36536683
0.36536683
0.35138192
0.35138192
0.34885224
0.34885224
0.3397243
0.3397243
0.3397243
0.3397243
0.34859232
0.39805255
0.39968205
0.39968205
0.39968205
0.35972378
0.35972378
0.35392632
0.35392632
0.32199896
0.32199896
0.28916664
0.28916664
0.28916664
0.28916664
0.28916664
0.28103501
0.28103501
0.28103501
0.30425757
0.30425757
0.30425757
0.30425757
0.34164793
0.34164793
0.34164793
0.33724622
0.33724622
0.33724622
0.33724622
0.33724622
0.33724622
0.33724622
0.33724622
0.33764452
0.33764452
0.33764452
0.33764452
0.34378963
0.34378963
0.34378963
0.34378963
0.34378963
0.34378963
0.34378963
0.39748358
0.39887953
0.39887953
0.39887953
0.39887953
0.39887953
0.39887953
0.39887953
0.39887953
0.39952323
0.44929595
0.44929595
0.44929595
0.44929595
0.45960865
0.45960865
0.49172981
0.49172981
0.59373956
0.59373956
0.59373956
0.59373956
0.59373956
0.59373956
0.59373956
0.59373956
0.58781041
0.58781041
0.5840157
0.58121482
0.57851791
0.57794512
0.57794512
0.57794512
0.58817048
0.58817048
0.58817048
0.58916412
0.58916412
0.59223907
0.59223907
0.59223907
0.56845194
0.56812035
0.56812035
0.56812035
0.56908016
0.56908016
0.56908016
0.57386564
0.57835832
0.57835832
0.57835832
0.58389243
0.58389243
0.58389243
0.60110327
0.60110327
0.60110327
0.5984979
0.57886231
0.57595918
0.56902034
0.55372568
0.55372568
0.55372568
0.54655653
0.52323001
0.52323001
0.52323001
0.52629387
0.52629387
0.52629387
0.52629387
0.52629387
0.52629387
0.52165173
0.50275482
0.50275482
0.50275482
0.48608982
0.4855134
0.4855134
0.4855134
0.4855134
0.47794615
0.4651353
0.4651353
0.4651353
0.45746217
0.45571513
0.45571513
0.45571513
0.44152592
0.44152592
0.44152592
0.43083288
0.43083288
0.41370365
0.41370365
0.41370365
0.41370365
0.41370365
0.41802872
0.42722337
0.42722337
0.42722337
0.42722337
0.42722337
0.42002384
0.39400709
0.38775858
0.37472622
0.35858432
0.35560302
0.35495971
0.35495971
0.35495971
0.35326007
0.35326007
0.35326007
0.34643169
0.34643169
0.3436289
0.3436289
0.34069328
0.31827592
0.31827592
0.31827592
0.31507655
0.31507655
0.31507655
0.31507655
0.31507655
0.30651987
0.30651987
0.30651987
0.30651987
0.30722797
0.30722797
0.30722797
0.29735695
0.29735695
0.29488288
0.29488288
0.29488288
0.29452931
0.29282527
0.29282527
0.29282527
0.29282527
0.29751921
0.29751921
0.29751921
0.31190069
0.31615046
0.32563867
0.32563867
0.32563867
0.31876462
0.31876462
0.30381589
0.30381589
0.30381589
0.29845475
0.29845475
0.29845475
0.29845475
0.32835202
0.32835202
0.32835202
0.32835202
0.32835202
0.32835202
0.3187757
0.3141242
0.2784759
0.2784759
0.2784759
0.2784759
0.2784759
0.2784759
0.2784759
0.2784759
0.2784759
0.2730064
0.21000982
0.19605339
0.19605339
0.19605339
0.21255593
0.21255593
0.21510625
0.21510625
0.21510625
0.23497367
0.23497367
0.23497367
0.22937211
0.22937211
0.22937211
0.2453527
0.2453527
0.2453527
0.2453527
0.2453527
0.2453527
0.2453527
0.25032854
0.26744515
0.29027553
0.29381547
0.29381547
0.29381547
0.29826229
0.29826229
0.29826229
0.29826229
0.29826229
0.29826229
0.29826229
0.29826229
0.29826229
0.29826229
0.29826229
0.29826229
0.29826229
0.29826229
0.29826229
0.29826229
0.31802192
0.31802192
0.31802192
0.248872
0.248872
0.248872
0.25070103
0.25070103
0.25829275
0.2638689
0.2638689
0.2638689
0.27627113
0.27627113
0.27627113
0.27627113
0.27627113
0.27627113
0.27627113
0.26875357
0.26875357
0.26875357
0.2597984
0.2597984
0.2597984
0.26357151
0.26357151
0.26408888
0.26408888
0.26408888
0.26408888
0.26408888
0.26408888
0.26408888
0.26408888
0.26408888
0.26408888
0.26408888
0.26408888
0.26408888
0.26408888
0.27389243
0.28577023
0.28577023
0.31064082
0.31789998
0.31789998
0.31789998
0.31789998
0.31789998
0.31789998
0.31789998
0.31789998
0.33858349
0.33858349
0.33858349
0.32481054
0.32481054
0.32481054
0.32481054
0.32481054
0.35141575
0.38711565
0.38711565
0.38711565
0.38711565
0.38711565
0.38711565
0.38711565
0.38711565
0.38711565
0.37717295
0.3151832
0.3151832
0.3151832
0.32604901
0.35049665
0.35049665
0.37362058
0.38936705
0.38936705
0.38936705
0.38936705
0.38684789
0.38684789
0.32123428
0.32123428
0.32123428
0.32123428
0.32123428
0.32750458
0.3397157
0.37405519
0.38824307
0.40521042
0.40521042
0.40521042
0.40521042
0.41812428
0.41812428
0.41812428
0.39559454
0.38325653
0.38325653
0.38325653
0.35984419
0.33064623
0.32418825
0.32418825
0.32418825
0.32644558
0.34921518
0.36880739
0.38225028
0.39434213
0.41521561
0.4170347
0.4170347
0.4170347
0.4170347
0.4170347
0.4170347
0.4170347
0.41617026
0.39846748
0.37405481
0.37405481
0.37033521
0.37033521
0.31612562
0.30120097
0.30120097
0.30120097
0.32654993
0.36688127
0.39529487
0.39529487
0.41351578
0.41351578
0.41351578
0.41351578
0.41351578
0.41351578
0.30624045
0.30624045
0.28578074
0.28578074
0.28578074
0.33810244
0.34173833
0.34193519
0.36043265
0.36322474
0.36322474
0.36439536
0.37427517
0.37427517
0.37427517
0.40008665
0.40008665
0.40008665
0.40008665
0.40008665
0.40008665
0.40008665
0.40008665
0.37455173
0.37455173
0.37455173
0.37455173
0.37455173
0.37455173
0.37455173
0.37455173
0.37455173
0.37455173
0.4002795
0.4002795
0.42072372
0.42072372
0.42072372
0.41817646
0.41800197
0.40928379
0.40276675
0.40276675
0.40276675
0.40276675
0.40276675
0.40276675
0.40276675
0.40276675
0.40276675
0.40276675
0.40276675
0.40276675
0.40276675
0.37634196
0.37634196
0.36899278
0.36899278
0.36899278
0.37040421
0.37915946
0.37915946
0.37915946
0.37915946
0.37915946
0.37915946
0.37915946
0.37807371
0.34776342
0.34776342
0.34303394
0.34303394
0.34303394
0.33879927
0.33879927
0.32505518
0.32505518
0.32505518
0.31481166
0.31481166
0.31481166
0.31481166
0.31481166
0.33137804
0.33137804
0.34168864
0.34168864
0.34168864
0.34168864
0.32698837
0.32698837
0.32698837
0.31074861
0.31074861
0.31074861
0.31074861
0.31188846
0.31188846
0.32023281
0.32455864
0.32455864
0.32455864
0.32455864
0.32455864
0.32455864
0.3220733
0.3220733
0.3220733
0.3220733
0.32278103
0.32278103
0.32371981
0.32371981
0.33744097
0.33744097
0.33744097
0.34004194
0.35540789
0.35540789
0.35540789
0.35540789
0.36163328
0.36562331
0.36562331
0.37300231
0.37300231
0.37300231
0.37300231
0.37300231
0.37300231
0.37300231
0.37300231
0.39209187
0.39209187
0.39209187
0.39209187
0.39209187
0.37938021
0.37938021
0.37938021
0.37938021
0.37938021
0.37938021
0.36422488
0.36422488
0.36422488
0.37996867
0.38054165
0.38054165
0.38054165
0.38054165
0.38054165
0.38054165
0.38054165
0.38054165
0.38054165
0.38173616
0.38173616
0.38371235
0.38371235
0.38371235
0.37627659
0.37627659
0.37627659
0.37627659
0.38100837
0.38100837
0.38100837
0.3777121
0.3777121
0.3777121
0.380474
0.38094606
0.38094606
0.38094606
0.36327233
0.36327233
0.36327233
0.36327233
0.36327233
0.36327233
0.36327233
0.36327233
0.36327233
0.3604682
0.3604682
0.3604682
0.35694947
0.35694947
0.35665744
0.35665744
0.35665744
0.36685184
0.36685184
0.38421615
0.38421615
0.38421615
0.38421615
0.38421615
0.38421615
0.38421615
0.38421615
0.38421615
0.37105669
0.37105669
0.37105669
0.37105669
0.38035359
0.40342076
0.40342076
0.40342076
0.40342076
0.40712737
0.40712737
0.41819672
0.41819672
0.41819672
0.43019874
0.43818799
0.43818799
0.43818799
0.43818799
0.43818799
0.43818799
0.43818799
0.43918621
0.43918621
0.43918621
0.42833646
0.40943821
0.39256623
0.38939687
0.38939687
0.38939687
0.40001231
0.40001231
0.40001231
0.40201755
0.40201755
0.40201755
0.40201755
0.40201755
0.42579665
0.42579665
0.42579665
0.42579665
0.42579665
0.42579665
0.42579665
0.43807236
0.43807236
0.43807236
0.43807236
0.43807236
0.41199656
0.38735531
0.38735531
0.3686027
0.35736592
0.35736592
0.35736592
0.35736592
0.35736592
0.30215887
0.30215887
0.30215887
0.31517708
0.31644517
0.31644517
0.31644517
0.31644517
0.31644517
0.3076406
0.3076406
0.3076406
0.31106396
0.31106396
0.3194043
0.3194043
0.3194043
0.323027
0.32568626
0.33453803
0.34650432
0.34650432
0.34650432
0.34650432
0.34650432
0.34650432
0.3298871
0.32210408
0.32210408
0.32210408
0.33645249
0.33645249
0.33645249
0.33218399
0.33218399
0.33218399
0.35752226
0.35752226
0.35752226
0.32686433
0.32686433
0.32686433
0.32686433
0.32686433
0.32686433
0.32686433
0.27644581
0.27644581
0.27075709
0.27075709
0.27075709
0.27075709
0.27075709
0.27075709
0.26133979
0.26133979
0.26133979
0.26133979
0.26133979
0.26612871
0.26612871
0.26612871
0.25424824
0.25424824
0.25424824
0.25424824
0.25424824
0.25424824
0.2450987
0.2450987
0.2450987
0.25301398
0.30893774
0.30893774
0.30893774
0.30893774
0.34402548
0.34402548
0.34402548
0.31625061
0.31625061
0.31625061
0.31625061
0.31625061
0.31625061
0.31625061
0.28323654
0.28323654
0.28323654
0.28589599
0.28589599
0.30995833
0.30995833
0.3506203
0.3506203
0.3506203
0.3506203
0.3506203
0.3506203
0.3506203
0.3506203
0.3506203
0.3506203
0.33842983
0.33842983
0.33842983
0.34013578
0.34013578
0.34013578
0.34312835
0.34312835
0.34312835
0.33909092
0.33909092
0.33909092
0.3702473
0.3702473
0.3702473
0.3556208
0.35486013
0.34972242
0.34972242
0.33812327
0.3093154
0.3093154
0.3093154
0.31392199
0.31392199
0.31392199
0.31392199
0.31392199
0.31911227
0.31911227
0.33606758
0.33606758
0.33606758
0.33606758
0.33834555
0.33834555
0.33834555
0.33834555
0.31204652
0.29260587
0.29260587
0.29260587
0.27393754
0.27393754
0.27239252
0.27239252
0.27239252
0.27239252
0.23857249
0.23857249
0.23857249
0.23857249
0.23857249
0.23857249
0.23857249
0.2413231
0.27957752
0.28726461
0.29690514
0.29690514
0.29690514
0.31587066
0.31587066
0.31587066
0.31587066
0.31587066
0.32369573
0.35372163
0.35372163
0.35372163
0.36811993
0.36811993
0.36811993
0.48989848
0.4942161
0.49694512
0.49740381
0.49740381
0.49740381
0.5014852
0.50901002
0.51270382
0.51270382
0.51270382
0.51270382
0.51210408
0.51210408
0.51210408
0.51210408
0.51392432
0.53145529
0.54345578
0.54345578
0.54345578
0.54345578
0.54345578
0.54345578
0.54345578
0.54654239
0.54654239
0.54654239
0.54654239
0.54654239
0.55429847
0.55429847
0.55429847
0.55429847
0.55429847
0.55429847
0.53998101
0.53998101
0.53998101
0.53998101
0.53998101
0.53998101
0.53998101
0.53998101
0.53998101
0.53998101
0.53998101
0.53998101
0.53998101
0.52614403
0.52421791
0.52421791
0.52421791
0.52787597
0.52787597
0.52787597
0.51967516
0.51967516
0.51646203
0.51646203
0.49601474
0.49601474
0.49601474
0.50412172
0.50412172
0.50412172
0.50412172
0.50412172
0.50412172
0.51816415
0.51816415
0.52222318
0.54087125
0.54087125
0.54087125
0.54087125
0.54087125
0.5497236
0.5497236
0.5497236
0.5497236
0.55184753
0.55184753
0.55184753
0.55184753
0.55184753
0.55184753
0.55184753
0.55184753
0.55184753
0.55993941
0.55993941
0.55993941
0.5457286
0.5457286
0.5457286
0.5457286
0.5457286
0.5457286
0.58339494
0.59171234
0.59171234
0.59171234
0.59171234
0.59171234
0.57345148
0.57345148
0.57345148
0.57345148
0.57345148
0.57345148
0.57345148
0.57683643
0.57683643
0.57683643
0.57683643
0.58965817
0.59900055
0.61612806
0.62802115
0.65190383
0.65190383
0.65190383
0.65084999
0.65084999
0.65084999
0.65349281
0.65349281
0.66108395
0.66108395
0.67248796
0.6954139
0.69820426
0.69820426
0.71192561
0.71192561
0.71192561
0.71192561
0.71192561
0.72449527
0.72449527
0.72449527
0.72449527
0.72449527
0.72449527
0.72449527
0.70871401
0.70450495
0.70450495
0.70450495
0.70450495
0.68803471
0.68803471
0.68803471
0.68803471
0.67287995
0.66155641
0.63504064
0.62561226
0.62561226
0.62561226
0.62638515
0.62638515
0.62638515
0.62638515
0.63611436
0.63611436
0.63611436
0.63487284
0.63487284
0.63205743
0.63205743
0.63205743
0.62301817
0.62277239
0.58556588
0.58513318
0.56821036
0.55607475
0.55421456
0.52982961
0.52982961
0.5200574
0.49325151
0.49325151
0.48897632
0.47767055
0.46338387
0.46338387
0.46338387
0.47221271
0.48012627
0.49194711
0.50461577
0.50765077
0.50765077
0.50765077
0.50765077
0.50765077
0.49847772
0.49847772
0.49847772
0.49959005
0.50264454
0.50264454
0.50264454
0.50264454
0.50264454
0.50264454
0.50264454
0.50264454
0.511275
0.511275
0.511275
0.48829249
0.48829249
0.48829249
0.49450278
0.50343712
0.50343712
0.50343712
0.50343712
0.50343712
0.524823
0.55035201
0.55035201
0.55035201
0.54529915
0.52989574
0.52989574
0.52975775
0.52975775
0.52975775
0.53413901
0.53413901
0.53413901
0.54194707
0.5582411
0.5582411
0.5582411
0.5582411
0.5582411
0.56018691
0.56444547
0.56444547
0.56444547
0.55060371
0.54527793
0.54527793
0.54527793
0.53008782
0.51536671
0.50528106
0.49977524
0.49977524
0.49977524
0.50328575
0.50918452
0.50918452
0.50918452
0.50918452
0.50918452
0.50918452
0.50918452
0.50918452
0.43484012
0.43484012
0.37972174
0.35273754
0.35273754
0.35273754
0.58158598
0.58158598
0.58158598
0.62796802
0.63764658
0.63764658
0.63764658
0.63764658
0.63764658
0.63764658
0.6271634
0.6271634
0.6271634
0.6383824
0.65842718
0.65842718
0.65842718
0.63889097
0.62404564
0.62404564
0.62404564
0.62404564
0.62404564
0.62404564
0.62404564
0.62404564
0.62404564
0.62404564
0.65139908
0.65139908
0.65139908
0.64738229
0.64738229
0.64738229
0.64610121
0.64214519
0.63984524
0.63984524
0.62865682
0.62865682
0.62865682
0.61130646
0.61130646
0.61130646
0.61130646
0.61130646
0.61130646
0.61130646
0.61130646
0.61130646
0.61130646
0.59701499
0.59701499
0.59701499
0.59701499
0.6135183
0.61570912
0.61570912
0.61570912
0.61570912
0.61570912
0.61570912
0.61570912
0.61570912
0.61763945
0.61763945
0.61763945
0.61302674
0.61302674
0.59922665
0.59922665
0.59922665
0.59922665
0.59922665
0.59922665
0.59922665
0.59585126
0.59585126
0.59585126
0.59585126
0.57737845
0.57031193
0.56826636
0.56826636
0.56303003
0.56303003
0.56303003
0.56946259
0.56946259
0.56946259
0.57758218
0.57758218
0.57758218
0.57758218
0.55735927
0.55735927
0.55735927
0.56447376
0.56447376
0.56447376
0.56447376
0.58168402
0.58685671
0.58685671
0.59964998
0.59964998
0.59964998
0.59964998
0.61098385
0.61098385
0.61375052
0.61375052
0.61375052
0.61375052
0.61375052
0.61375052
0.57927762
0.57356462
0.57356462
0.57356462
0.57924837
0.57924837
0.57924837
0.58042243
0.59765601
0.60997339
0.60997339
0.60997339
0.60012683
0.60012683
0.60012683
0.60012683
0.59644947
0.58336742
0.58336742
0.58336742
0.56817807
0.56817807
0.56817807
0.57098793
0.58237015
0.58237015
0.58237015
0.58237015
0.58237015
0.59844668
0.59844668
0.62782372
0.62782372
0.62782372
0.62782372
0.62782372
0.62782372
0.60334493
0.60334493
0.60334493
0.60228497
0.60228497
0.60228497
0.59985754
0.59985754
0.59985754
0.59985754
0.59885129
0.57659007
0.56179271
0.56179271
0.56179271
0.56179271
0.56179271
0.54829172
0.5457888
0.5457888
0.5457888
0.5457888
0.55050739
0.55727269
0.55727269
0.55727269
0.55912428
0.55912428
0.55912428
0.55912428
0.57329228
0.57329228
0.57542786
0.57542786
0.57542786
0.57542786
0.57542786
0.57542786
0.57542786
0.56609981
0.56609981
0.56609981
0.56609981
0.58025673
0.58025673
0.58025673
0.60429881
0.60429881
0.60429881
0.58984336
0.58984336
0.58984336
0.58984336
0.58984336
0.58984336
0.58984336
0.56398659
0.56398659
0.56398659
0.56398659
0.56398659
0.56398659
0.56398659
0.56398659
0.56398659
0.56547695
0.58110378
0.60332887
0.60332887
0.60332887
0.59483086
0.58975373
0.58416057
0.58416057
0.58416057
0.58416057
0.59691294
0.59691294
0.59691294
0.59691294
0.59691294
0.61032333
0.61032333
0.61032333
0.60671038
0.58703694
0.58703694
0.58703694
0.5953186
0.5953186
0.5953186
0.57484647
0.57484647
0.57484647
0.57484647
0.56676587
0.56676587
0.56676587
0.59397655
0.59397655
0.59397655
0.58522989
0.57158289
0.57158289
0.56678556
0.5614485
0.5614485
0.5614485
0.5614485
0.56376986
0.56376986
0.56376986
0.60500042
0.60500042
0.60500042
0.60500042
0.60500042
0.60500042
0.56167593
0.56167593
0.56167593
0.56167593
0.56167593
0.56167593
0.51956755
0.51956755
0.51956755
0.51956755
0.51956755
0.51419418
0.51419418
0.51419418
0.51419418
0.51419418
0.51419418
0.51419418
0.51504716
0.56037
0.56037
0.56037
0.48326486
0.43284137
0.43284137
0.43284137
0.45208574
0.45208574
0.45208574
0.37948686
0.37948686
0.37948686
0.37948686
0.36438141
0.36438141
0.36438141
0.36930622
0.3764595
0.38346122
0.38346122
0.38346122
0.38346122
0.38346122
0.38346122
0.38346122
0.38102863
0.38090325
0.37125928
0.37125928
0.37125928
0.37125928
0.36048808
0.36048808
0.36048808
0.36048808
0.36048808
0.36048808
0.36152892
0.36152892
0.38472778
0.40455832
0.40455832
0.40455832
0.40455832
0.40455832
0.40455832
0.39572107
0.37486459
0.37486459
0.36633906
0.36633906
0.36633906
0.36633906
0.36095384
0.36095384
0.36095384
0.36095384
0.32690638
0.32690638
0.32690638
0.32690638
0.33892082
0.33892082
0.33892082
0.34480869
0.34480869
0.34480869
0.34480869
0.34480869
0.34480869
0.34480869
0.37076428
0.37076428
0.37076428
0.35727189
0.32428056
0.32428056
0.32428056
0.32345702
0.32345702
0.22171732
0.22171732
0.21605746
0.21605746
0.21605746
0.22272205
0.26285328
0.33669808
0.39319999
0.45786601
0.53841745
0.54915979
0.55455304
0.55455304
0.55455304
0.54294606
0.54294606
0.54294606
0.55521776
0.59224193
0.60141518
0.60141518
0.60520893
0.60520893
0.60520893
0.60520893
0.60520893
0.60520893
0.59610411
0.59610411
0.59610411
0.6039741
0.6039741
0.6039741
0.6039741
0.6039741
0.6039741
0.6039741
0.6039741
0.6039741
0.6039741
0.6039741
0.6039741
0.6039741
0.6039741
0.6039741
0.60419025
0.60419025
0.60419025
0.5947827
0.59163665
0.59163665
0.59163665
0.58076014
0.58076014
0.58076014
0.58076014
0.59635983
0.59635983
0.59635983
0.59635983
0.59635983
0.57197469
0.57197469
0.57197469
0.57197469
0.57197469
0.57197469
0.57197469
0.56153737
0.56153737
0.56153737
0.55207133
0.54957242
0.54957242
0.54957242
0.56135447
0.5848228
0.5848228
0.5848228
0.58136905
0.58136905
0.58136905
0.59266986
0.61158951
0.61739577
0.61739577
0.61739577
0.61739577
0.61739577
0.61739577
0.61739577
0.61739577
0.61739577
0.61739577
0.62662883
0.65377071
0.67493278
0.67493278
0.67493278
0.67493278
0.67493278
0.67493278
0.68994401
0.69718826
0.69718826
0.70958667
0.70958667
0.70958667
0.70958667
0.70958667
0.42476096
0.42476096
0.42476096
0.39372672
0.38852899
0.38257442
0.38257442
0.38257442
0.38257442
0.38257442
0.38257442
0.38257442
0.38257442
0.38257442
0.38257442
0.38257442
0.38257442
0.38257442
0.38257442
0.40335693
0.40335693
0.40335693
0.40335693
0.40335693
0.37455822
0.37455822
0.37455822
0.37492116
0.37492116
0.37707835
0.37707835
0.37707835
0.37707835
0.37707835
0.38583743
0.38583743
0.38583743
0.38200507
0.38200507
0.35861987
0.35861987
0.35861987
0.3901109
0.3901109
0.39793081
0.40499254
0.40499254
0.40499254
0.40499254
0.39901924
0.39901924
0.39711797
0.39711797
0.39711797
0.39711797
0.39711797
0.39711797
0.40086566
0.40086566
0.40086566
0.40086566
0.40086566
0.37916768
0.3740852
0.3740852
0.3740852
0.3740852
0.38216007
0.39099636
0.39099636
0.39099636
0.39099636
0.39099636
0.39099636
0.40499636
0.40499636
0.40499636
0.40499636
0.39699279
0.39699279
0.39699279
0.39699279
0.39699279
0.39699279
0.42144272
0.42144272
0.44776449
0.44776449
0.44776449
0.44776449
0.45041802
0.45041802
0.45041802
0.45490746
0.45490746
0.45490746
0.43057793
0.41909193
0.41909193
0.41909193
0.41909193
0.41909193
0.43713357
0.43713357
0.45780198
0.45854545
0.45854545
0.45854545
0.43902376
0.42792173
0.42792173
0.42792173
0.42792173
0.42792173
0.42282395
0.38727714
0.38727714
0.38727714
0.39233994
0.39233994
0.39233994
0.38579213
0.38579213
0.38579213
0.38579213
0.38579213
0.38177763
0.38177763
0.38177763
0.38177763
0.38713074
0.39910448
0.39910448
0.39910448
0.3692915
0.3692915
0.3692915
0.3692915
0.3692915
0.3692915
0.3692915
0.37071134
0.37689869
0.38739105
0.38836118
0.42056433
0.42056433
0.42056433
0.42056433
0.42056433
0.42056433
0.42056433
0.38158498
0.38158498
0.38158498
0.38477766
0.38477766
0.38477766
0.38477766
0.3702945
0.3702945
0.3702945
0.3702945
0.3702945
0.3702945
0.39185583
0.40205654
0.40205654
0.40205654
0.40205654
0.40205654
0.40205654
0.40205654
0.40205654
0.40205654
0.4203023
0.4203023
0.4203023
0.42619342
0.42619342
0.42619342
0.42619342
0.43464594
0.44130479
0.44130479
0.44130479
0.41019295
0.41019295
0.41019295
0.42006015
0.4238346
0.4238346
0.4238346
0.42635912
0.43486057
0.43486057
0.43486057
0.44412784
0.44412784
0.44412784
0.44412784
0.44377637
0.41581439
0.39664647
0.39664647
0.39664647
0.41234058
0.42712819
0.42712819
0.42712819
0.39672216
0.39059653
0.38599147
0.3840126
0.38285001
0.38285001
0.38285001
0.38285001
0.38285001
0.41988623
0.41988623
0.43519962
0.43519962
0.43519962
0.42332259
0.42332259
0.42332259
0.42332259
0.42332259
0.43859374
0.43859374
0.44489921
0.44535121
0.44535121
0.44696714
0.44696714
0.44696714
0.44696714
0.44696714
0.44719591
0.44719591
0.44719591
0.43360089
0.43360089
0.43360089
0.43360089
0.41685103
0.40458909
0.40458909
0.40458909
0.40458909
0.39465786
0.39465786
0.39465786
0.39465786
0.39465786
0.39465786
0.39465786
0.40167621
0.40167621
0.40167621
0.40167621
0.40167621
0.40167621
0.42376178
0.42416887
0.428243
0.44232385
0.44232385
0.44232385
0.44232385
0.44232385
0.44232385
0.43813027
0.43813027
0.43813027
0.41242543
0.41242543
0.41242543
0.41242543
0.41921119
0.41921119
0.42001447
0.43902051
0.43902051
0.4406846
0.4406846
0.4406846
0.4406846
0.4406846
0.44535981
0.44535981
0.45368963
0.45368963
0.45368963
0.45368963
0.45368963
0.4597948
0.4597948
0.4597948
0.43467728
0.43467728
0.42739748
0.42739748
