0.96782009
0.97179872
0.97179958
0.97179958
0.97179958
0.97179958
0.96816982
0.9679905
0.9679905
0.9679905
0.96651946
0.96634617
0.96634617
0.96634617
0.96634617
0.96634617
0.96616484
0.96616484
0.96616484
0.96715109
0.96715109
0.96715109
0.96715109
0.96921814
0.97130588
0.97130588
0.97130588
0.97078344
0.97032308
0.96988858
0.96988858
0.96988858
0.96988858
0.96988858
0.96988858
0.96988858
0.96975868
0.96975868
0.96975868
0.97021589
0.97021589
0.97150761
0.97150761
0.97163664
0.97163664
0.97163664
0.9679655
0.9679655
0.96200287
0.96176292
0.96176292
0.96176292
0.96176292
0.96176292
0.96176292
0.96165745
0.96165745
0.96165745
0.96165745
0.96359634
0.96359634
0.96359634
0.96256181
0.96256181
0.96083673
0.96083673
0.96083673
0.96083673
0.96083673
0.96392365
0.96392365
0.96392365
0.96392365
0.96350955
0.96350955
0.96350955
0.96350955
0.96549297
0.96549297
0.96549297
0.96549297
0.96549297
0.96549297
0.96549297
0.96549297
0.96549297
0.96650164
0.96650164
0.96650164
0.96750973
0.96750973
0.96772756
0.9685092
0.9685092
0.9685092
0.96791665
0.96770629
0.96604271
0.96604271
0.96604271
0.96604271
0.9661749
0.9661749
0.9661749
0.9661749
0.96715742
0.96721374
0.96721374
0.9696196
0.97020238
0.97020238
0.97020238
0.97020238
0.97020238
0.97020238
0.97020238
0.97020238
0.9736126
0.9736126
0.9736126
0.97329735
0.97329735
0.97329735
0.97329735
0.97329735
0.97329735
0.97329735
0.97329735
0.97329735
0.97329735
0.9736672
0.9736672
0.97414423
0.97437182
0.97437182
0.97437182
0.97437182
0.97437182
0.97437182
0.97437182
0.97437182
0.97401577
0.97381835
0.97381835
0.97381835
0.97381835
0.97381835
0.97381835
0.97381835
0.97584
0.97590235
0.97590235
0.97800331
0.97800331
0.97800331
0.97727253
0.97727253
0.97468534
0.97462787
0.97462787
0.97462787
0.97462787
0.97462787
0.97462787
0.97462787
0.97462787
0.97462787
0.97462787
0.9754259
0.97646272
0.97646272
0.97646272
0.97646272
0.97646272
0.97646272
0.97646272
0.97646272
0.97449281
0.97449281
0.97449281
0.97462787
0.97462787
0.97462787
0.97505203
0.9758604
0.9781128
0.9781128
0.97906658
0.97906658
0.97906658
0.97763864
0.97763864
0.97763864
0.97763864
0.97721448
0.97721448
0.97721448
0.97485518
0.97485518
0.97485518
0.97485518
0.97481926
0.97481926
0.97395428
0.97395428
0.97395428
0.97395428
0.97395428
0.97395428
0.97336977
0.97336977
0.97336977
0.97336977
0.97336977
0.97336977
0.97336977
0.97438045
0.97438045
0.97438045
0.97417095
0.97392324
0.97227259
0.97227259
0.97227259
0.97227259
0.97064436
0.97024434
0.97024434
0.97024434
0.97024434
0.97024434
0.95881336
0.95881336
0.95881336
0.95880244
0.95880244
0.95880244
0.99280657
0.99382702
0.99382702
0.99382702
0.97759036
0.96639934
0.96199885
0.96199885
0.9322248
0.9262113
0.92385976
0.92228814
0.90761879
0.89896179
0.89896179
0.88407893
0.88407893
0.85556241
0.85556241
0.85556241
0.88292486
0.88292486
0.8847235
0.8847235
0.8847235
0.8847235
0.88261737
0.87692861
0.87692861
0.87692861
0.89683641
0.9008613
0.9008613
0.9008613
0.89746057
0.86477375
0.86477375
0.86477375
0.86477375
0.86477375
0.85278786
0.84348485
0.81983148
0.81194347
0.81194347
0.81194347
0.81194347
0.82504119
0.82504119
0.82504119
0.80769299
0.79461366
0.79329579
0.79329579
0.78743776
0.77550159
0.77550159
0.77550159
0.7872389
0.7872389
0.7872389
0.7872389
0.7872389
0.7872389
0.7872389
0.7872389
0.7872389
0.78759812
0.78979821
0.79272622
0.79926933
0.79926933
0.79926933
0.794399
0.794399
0.794399
0.794399
0.794399
0.78899128
0.78899128
0.78899128
0.80776455
0.80970544
0.80970544
0.80970544
0.80970544
0.80970544
0.84145861
0.84145861
0.84145861
0.75998824
0.75998824
0.75998824
0.80411697
0.80411697
0.80411697
0.80411697
0.80411697
0.79875379
0.79875379
0.79875379
0.79875379
0.79875379
0.78899243
0.78414623
0.78414623
0.78414623
0.85231657
0.85231657
0.85231657
0.84166321
0.80568888
0.80568888
0.80203728
0.79995529
0.79995529
0.79995529
0.76703799
0.76703799
0.76703799
0.76703799
0.76703799
0.76826333
0.77444091
0.77444091
0.7913115
0.7913115
0.7913115
0.78405514
0.77746001
0.74901533
0.74901533
0.73122831
0.73122831
0.70964515
0.70964515
0.70964515
0.73698547
0.78476868
0.78544687
0.83417925
0.83417925
0.85288039
0.85288039
0.85288039
0.85288039
0.85288039
0.84717266
0.84717266
0.8471557
0.77218104
0.77218104
0.77218104
0.80244994
0.80244994
0.80375201
0.87086454
0.87388106
0.8817386
0.8817386
0.8817386
0.8817386
0.8817386
0.8817386
0.88127478
0.83211824
0.83211824
0.79856126
0.77507829
0.77507829
0.77507829
0.77507829
0.76072793
0.76072793
0.76072793
0.80791226
0.83070553
0.8529028
0.8529028
0.8529028
0.8529028
0.8529028
0.83984646
0.83984646
0.83984646
0.81068365
0.81068365
0.79560135
0.79560135
0.79560135
0.80475694
0.80475694
0.80475694
0.80245396
0.80245396
0.80245396
0.80245396
0.80245396
0.72493493
0.72493493
0.72493493
0.72493493
0.71438962
0.71438962
0.71438962
0.74037873
0.74037873
0.77684016
0.77684016
0.77684016
0.71084089
0.68438251
0.67460161
0.63863474
0.63863474
0.63863474
0.69401915
0.76808918
0.80415002
0.80415002
0.80415002
0.73895826
0.65862099
0.65862099
0.6584207
0.59866626
0.54460001
0.5182106
0.50750551
0.50266564
0.50266564
0.50266564
0.52219612
0.52219612
0.53124395
0.60001632
0.60001632
0.60001632
0.59623483
0.59623483
0.59623483
0.59623483
0.59623483
0.59623483
0.59623483
0.542341
0.542341
0.41038444
0.41038444
0.41038444
0.44470898
0.44470898
0.49998046
0.57435338
0.57435338
0.57435338
0.57435338
0.57435338
0.55784142
0.54813437
0.50299324
0.48397657
0.39617172
0.39617172
0.39617172
0.48616719
0.48616719
0.48616719
0.48616719
0.48616719
0.48616719
0.48616719
0.48616719
0.53589933
0.53589933
0.53589933
0.47102541
0.47102541
0.37769617
0.37769617
0.37769617
0.37769617
0.37769617
0.42836341
0.42836341
0.42836341
0.47751191
0.47751191
0.47751191
0.47751191
0.47751191
0.47751191
0.52357291
0.52357291
0.52357291
0.52357291
0.52357291
0.52357291
0.52357291
0.52357291
0.52357291
0.3667201
0.3667201
0.34457398
0.34457398
0.34457398
0.267388
0.267388
0.267388
0.27295894
0.29382685
0.29382685
0.43022844
0.43022844
0.43022844
0.44882814
0.46913883
0.46913883
0.46913883
0.46913883
0.46913883
0.46913883
0.5293703
0.61975486
0.61975486
0.61975486
0.58458487
0.58458487
0.53531453
0.52820502
0.5155964
0.5155964
0.47070787
0.47070787
0.47070787
0.47070787
0.47070787
0.56481587
0.56481587
0.56481587
0.4978022
0.4978022
0.45715035
0.44059443
0.43964209
0.43964209
0.43964209
0.52653511
0.52653511
0.52653511
0.45246738
0.45246738
0.45246738
0.58405324
0.58405324
0.58405324
0.58405324
0.50650633
0.50650633
0.50650633
0.49259938
0.49259938
0.47525606
0.47525606
0.47525606
0.47525606
0.47525606
0.47525606
0.35393647
0.35393647
0.35393647
0.35393647
0.35393647
0.24047586
0.23651016
0.21602331
0.13672948
0.13672948
0.13672948
0.13672948
0.23327209
0.23327209
0.23327209
0.23327209
0.23327209
0.23327209
0.23327209
0.3138085
0.42041075
0.42041075
0.48447142
0.50484102
0.55549447
0.6245729
0.6245729
0.6245729
0.6245729
0.57136761
0.57136761
0.57136761
0.57136761
0.51094734
0.49088033
0.48568182
0.47645755
0.44022458
0.44022458
0.44022458
0.44772866
0.45169637
0.52316025
0.52620722
0.52620722
0.56577483
0.56577483
0.56577483
0.56577483
0.54787545
0.5369488
0.53338542
0.47974506
0.47974506
0.46498634
0.46498634
0.46498634
0.49219677
0.51218906
0.61415547
0.61415547
0.61415547
0.5455354
0.52026385
0.52026385
0.52026385
0.52026385
0.53469525
0.53469525
0.53469525
0.54150217
0.54150217
0.54150217
0.54150217
0.54150217
0.5901699
0.5901699
0.5901699
0.5901699
0.5901699
0.57296826
0.57296826
0.57296826
0.57296826
0.50503069
0.50503069
0.50423209
0.50411858
0.47046849
0.47046849
0.46080569
0.46080569
0.46080569
0.59516179
0.63888993
0.63888993
0.63888993
0.57726788
0.57726788
0.4421218
0.34315409
0.33895849
0.33895849
0.33895849
0.33895849
0.33895849
0.33895849
0.46770141
0.46770141
0.47943269
0.47943269
0.47943269
0.38719287
0.38719287
0.38719287
0.38719287
0.38719287
0.38719287
0.41264402
0.41264402
0.47273612
0.47273612
0.47273612
0.41594791
0.36573183
0.36573183
0.36573183
0.36573183
0.32687576
0.32687576
0.21901627
0.21901627
0.21901627
0.24082099
0.34607979
0.35599691
0.35599691
0.35599691
0.32222641
0.32222641
0.29978085
0.29978085
0.29978085
0.29978085
0.27843678
0.27843678
0.22260924
0.22260924
0.22260924
0.22260924
0.22260924
0.34699708
0.34877015
0.36257336
0.36257336
0.37119444
0.37468943
0.37468943
0.37468943
0.37468943
0.37468943
0.37468943
0.37468943
0.43993176
0.43993176
0.43993176
0.43728968
0.43728968
0.43728968
0.43728968
0.43728968
0.4274378
0.4274378
0.4274378
0.40661932
0.38099747
0.2902695
0.2902695
0.2902695
0.37174274
0.37174274
0.37174274
0.37174274
0.37174274
0.37174274
0.45884727
0.45884727
0.45884727
0.43936621
0.39889541
0.34157269
0.33971226
0.33971226
0.33971226
0.33971226
0.33971226
0.33971226
0.33971226
0.35835707
0.35835707
0.35835707
0.32809306
0.32809306
0.32809306
0.32809306
0.31143512
0.31143512
0.30187951
0.30187951
0.30187951
0.29531628
0.18921434
0.181491
0.14929902
0.14929902
0.14929902
0.14929902
0.14929902
0.14929902
0.26106961
0.27606483
0.27606483
0.28620696
0.28620696
0.28620696
0.21287461
0.21287461
0.21287461
0.24759831
0.29680227
0.30309135
0.30309135
0.30309135
0.30309135
0.32261465
0.32261465
0.33238061
0.33238061
0.33238061
0.33238061
0.33238061
0.32066341
0.31873257
0.31873257
0.31873257
0.31873257
0.31873257
0.31873257
0.37753093
0.37753093
0.37753093
0.37753093
0.37753093
0.37753093
0.37753093
0.37753093
0.38428871
0.39036916
0.47372093
0.47372093
0.47372093
0.47372093
0.47372093
0.47372093
0.47733949
0.51165972
0.51165972
0.51165972
0.51403713
0.51403713
0.51403713
0.50178226
0.50178226
0.50178226
0.50178226
0.46291039
0.46291039
0.46291039
0.51338595
0.52267287
0.52267287
0.52267287
0.52267287
0.52267287
0.52267287
0.54376118
0.54376118
0.54376118
0.54376118
0.54376118
0.59047164
0.62517379
0.62517379
0.67945039
0.67945039
0.67945039
0.67945039
0.67945039
0.67945039
0.55893543
0.55893543
0.55893543
0.55400446
0.48223368
0.48223368
0.47414394
0.47414394
0.47414394
0.47414394
0.49586016
0.52211537
0.52211537
0.52211537
0.52598538
0.58988684
0.58988684
0.58988684
0.59668341
0.60449268
0.60449268
0.64200127
0.64200127
0.64200127
0.64200127
0.64200127
0.64200127
0.60499097
0.60499097
0.60499097
0.55992686
0.55992686
0.55992686
0.55992686
0.55992686
0.55992686
0.61661104
0.61661104
0.62140465
0.62762907
0.62762907
0.62762907
0.52427409
0.52427409
0.52427409
0.49153439
0.49153439
0.40573595
0.40573595
0.40573595
0.40409507
0.40409507
0.40409507
0.39506937
0.39506937
0.39506937
0.48546946
0.48546946
0.48546946
0.51222239
0.51222239
0.51222239
0.51222239
0.51222239
0.57775583
0.57775583
0.64424678
0.64424678
0.64424678
0.64424678
0.64424678
0.56762433
0.52646327
0.51574842
0.47789813
0.31801932
0.31801932
0.31801932
0.31801932
0.29951044
0.29951044
0.29951044
0.29540996
0.29540996
0.29540996
0.36099599
0.48089453
0.51685766
0.51685766
0.51685766
0.51685766
0.51685766
0.52704634
0.52704634
0.52704634
0.55113048
0.55113048
0.55113048
0.55113048
0.55113048
0.55113048
0.55113048
0.55396567
0.55570914
0.55570914
0.55570914
0.54291632
0.54291632
0.54291632
0.54291632
0.61426093
0.69410996
0.69410996
0.69410996
0.69410996
0.54280108
0.50846878
0.50846878
0.50846878
0.56286492
0.56286492
0.56286492
0.56286492
0.56278159
0.56278159
0.43437145
0.43437145
0.43437145
0.4388955
0.54619175
0.55173999
0.67093017
0.6730932
0.6730932
0.6730932
0.68232897
0.71255965
0.71255965
0.71255965
0.71255965
0.71255965
0.7504743
0.7504743
0.76246594
0.76246594
0.76246594
0.72794052
0.68398163
0.68398163
0.68398163
0.68398163
0.68398163
0.68293618
0.67452746
0.62573531
0.62573531
0.62573531
0.40798979
0.40047594
0.40047594
0.40047594
0.4146648
0.4146648
0.4146648
0.45009429
0.45009429
0.45009429
0.57421371
0.57421371
0.57421371
0.57421371
0.57421371
0.57421371
0.57421371
0.31529046
0.31529046
0.31529046
0.35796309
0.35796309
0.35796309
0.35796309
0.35796309
0.35796309
0.35796309
0.3321464
0.3321464
0.3321464
0.35053114
0.35053114
0.35053114
0.35053114
0.37551073
0.37551073
0.37551073
0.37551073
0.37551073
0.32090681
0.32090681
0.32090681
0.32090681
0.32090681
0.32090681
0.3737595
0.3737595
0.3737595
0.3737595
0.43504303
0.43504303
0.43504303
0.43504303
0.43504303
0.52665121
0.59091821
0.59473074
0.67214948
0.67214948
0.68946061
0.7313766
0.7313766
0.7313766
0.7313766
0.76912572
0.76912572
0.76912572
0.76912572
0.76912572
0.76912572
0.67875754
0.67875754
0.67875754
0.67875754
0.67875754
0.50392662
0.50392662
0.50392662
0.5450894
0.5450894
0.5450894
0.5450894
0.5450894
0.5450894
0.60735516
0.61274908
0.61274908
0.61274908
0.61274908
0.61274908
0.56102863
0.54533568
0.54533568
0.54533568
0.54533568
0.5246037
0.51855774
0.50659628
0.50659628
0.50659628
0.50659628
0.50128109
0.50128109
0.50128109
0.50128109
0.49082717
0.49082717
0.49082717
0.49082717
0.51079618
0.51079618
0.51079618
0.39836809
0.39836809
0.39836809
0.39836809
0.39836809
0.37141255
0.37141255
0.3019321
0.3019321
0.3019321
0.2791394
0.2791394
0.2791394
0.37451212
0.37849966
0.43575197
0.43575197
0.43575197
0.43063593
0.43063593
0.43063593
0.43063593
0.37416182
0.37416182
0.37416182
0.37416182
0.37416182
0.32317789
0.26764434
0.26764434
0.26764434
0.26764434
0.26764434
0.26764434
0.26764434
0.26764434
0.26764434
0.26764434
0.26764434
0.26764434
0.26764434
0.26764434
0.26764434
0.38129145
0.38129145
0.38129145
0.38129145
0.40076274
0.40076274
0.40076274
0.4040899
0.4040899
0.4040899
0.4040899
0.4040899
0.40268236
0.40268236
0.40268236
0.47001042
0.47001042
0.47001042
0.43933288
0.43933288
0.43933288
0.46590736
0.46590736
0.55653073
0.55653073
0.55653073
0.54674752
0.54674752
0.48624736
0.48624736
0.48624736
0.48624736
0.48624736
0.45786131
0.45786131
0.42282724
0.42282724
0.41260379
0.41260379
0.41260379
0.41000453
0.30401467
0.30401467
0.30401467
0.33121906
0.35757169
0.35757169
0.35757169
0.35757169
0.35757169
0.35757169
0.30796484
0.30796484
0.30796484
0.35783148
0.35783148
0.35783148
0.35783148
0.35783148
0.35783148
0.29522978
0.29522978
0.29522978
0.32156747
0.32156747
0.32156747
0.38523358
0.38523358
0.38523358
0.38523358
0.41064537
0.41064537
0.4156614
0.42106768
0.42700789
0.47864271
0.47864271
0.47864271
0.39139938
0.39139938
0.39139938
0.47392554
0.47392554
0.47392554
0.47392554
0.47392554
0.48663158
0.48663158
0.48663158
0.50131673
0.5575325
0.5575325
0.5575325
0.5575325
0.5575325
0.49187348
0.49187348
0.49187348
0.49187348
0.49187348
0.49187348
0.49187348
0.49187348
0.49187348
0.49187348
0.49187348
0.67158049
0.67158049
0.67158049
0.63776832
0.63776832
0.57032934
0.57032934
0.57032934
0.57032934
0.57032934
0.51828072
0.51828072
0.51828072
0.53980755
0.53980755
0.71947606
0.71947606
0.71947606
0.69185584
0.69185584
0.57277802
0.57277802
0.57277802
0.5224424
0.5224424
0.5224424
0.5224424
0.5224424
0.53492429
0.55439988
0.59235419
0.59235419
0.626898
0.626898
0.626898
0.59584372
0.59584372
0.59584372
0.61131482
0.63268217
0.63268217
0.63268217
0.63268217
0.63268217
0.63268217
0.63268217
0.63268217
0.63268217
0.63268217
0.63268217
0.63268217
0.63268217
0.63268217
0.63268217
0.63268217
0.63268217
0.63268217
0.53511251
0.53511251
0.53511251
0.52050955
0.52050955
0.52050955
0.45856421
0.3554397
0.3554397
0.3554397
0.43016924
0.43786356
0.44355836
0.44355836
0.44802724
0.45368985
0.45368985
0.45368985
0.45368985
0.45368985
0.5176439
0.5176439
0.5176439
0.53861353
0.53861353
0.53861353
0.52425656
0.52425656
0.52425656
0.52425656
0.44337329
0.44337329
0.43857365
0.42688404
0.42688404
0.42688404
0.41435502
0.41435502
0.41435502
0.41232993
0.38867052
0.38867052
0.38867052
0.43291333
0.43291333
0.43291333
0.43291333
0.43291333
0.43291333
0.43291333
0.43291333
0.43291333
0.43291333
0.43291333
0.43291333
0.43291333
0.40850016
0.40850016
0.40850016
0.40850016
0.40850016
0.40850016
0.40850016
0.41770948
0.41770948
0.41770948
0.41770948
0.41770948
0.45362922
0.45362922
0.45362922
0.47238294
0.47238294
0.47238294
0.47238294
0.47238294
0.46044131
0.44813874
0.40842285
0.40842285
0.40842285
0.43132591
0.43640458
0.43640458
0.43640458
0.43093738
0.43093738
0.43093738
0.43093738
0.43093738
0.43093738
0.43093738
0.421172
0.41594302
0.41594302
0.41594302
0.41594302
0.41594302
0.41594302
0.41594302
0.38688423
0.36754111
0.36754111
0.35786251
0.35786251
0.35786251
0.35786251
0.35786251
0.35786251
0.35786251
0.3210117
0.2574045
0.2574045
0.2574045
0.2574045
0.2574045
0.2574045
0.2574045
0.2574045
0.2574045
0.2574045
0.25889739
0.27862644
0.27862644
0.27862644
0.2658046
0.2658046
0.2658046
0.2658046
0.2658046
0.2658046
0.2658046
0.30237522
0.30237522
0.30237522
0.29205062
0.27459523
0.27459523
0.27459523
0.27459523
0.3102819
0.3102819
0.3102819
0.3102819
0.3102819
0.31641063
0.31641063
0.31641063
0.31641063
0.31641063
0.31641063
0.31641063
0.31641063
0.31641063
0.31641063
0.32873245
0.34096318
0.36732702
0.36732702
0.36880209
0.36880209
0.36880209
0.36880209
0.40408099
0.40698572
0.40881253
0.40881253
0.40881253
0.38138025
0.37994915
0.32923075
0.31874694
0.30757862
0.27971069
0.27971069
0.27971069
0.27971069
0.30072917
0.30072917
0.30432474
0.31438784
0.31438784
0.32206778
0.32206778
0.32206778
0.31084084
0.31084084
0.24706639
0.24706639
0.24706639
0.23897234
0.23897234
0.23897234
0.24877566
0.24877566
0.24877566
0.24877566
0.24877566
0.24877566
0.24877566
0.24877566
0.27449838
0.27449838
0.27449838
0.27449838
0.27449838
0.27449838
0.27449838
0.30335946
0.30335946
0.30335946
0.34457513
0.36023302
0.36023302
0.36023302
0.36023302
0.36023302
0.36023302
0.36023302
0.36023302
0.36023302
0.36023302
0.37250599
