0.41907291
0.41777865
0.41777865
0.41777865
0.41777865
0.41777865
0.4383596
0.4383596
0.4383596
0.42267601
0.41867257
0.41867257
0.39454897
0.34819925
0.34819925
0.34819925
0.35893195
0.36132376
0.3761078
0.38210886
0.38210886
0.40214936
0.41024102
0.42133359
0.42133359
0.42133359
0.42133359
0.44871936
0.44871936
0.47988727
0.47988727
0.47988727
0.47988727
0.46558631
0.46558631
0.46558631
0.48153833
0.55637036
0.55637036
0.55637036
0.55637036
0.55637036
0.55637036
0.55637036
0.55637036
0.56701136
0.56701136
0.58431144
0.58431144
0.58431144
0.58431144
0.58431144
0.58431144
0.54537922
0.52987031
0.51719301
0.51719301
0.51719301
0.51719301
0.51719301
0.51719301
0.51719301
0.51719301
0.54734918
0.55061186
0.55061186
0.55061186
0.55061186
0.55061186
0.54679131
0.54679131
0.54679131
0.5832769
0.59282291
0.60191222
0.61528315
0.61528315
0.61528315
0.59084296
0.54335009
0.51310402
0.50919408
0.50919408
0.50919408
0.50919408
0.50919408
0.50919408
0.50919408
0.52596574
0.55108649
0.55108649
0.55108649
0.53788897
0.53788897
0.53489856
0.49806027
0.49806027
0.49806027
0.51360401
0.51360401
0.51360401
0.5010973
0.5010973
0.5010973
0.53593976
0.53593976
0.53593976
0.53566492
0.52471272
0.52471272
0.52471272
0.52471272
0.52471272
0.50846716
0.50788265
0.50788265
0.50788265
0.50788265
0.47104769
0.47104769
0.47104769
0.45683279
0.45683279
0.45683279
0.47736892
0.50551542
0.50551542
0.50551542
0.52129404
0.58597864
0.60238249
0.60238249
0.60238249
0.58806309
0.58806309
0.5488691
0.5488691
0.5488691
0.5710171
0.57259594
0.57259594
0.57854705
0.60467058
0.62848834
0.65967956
0.65967956
0.70878277
0.70878277
0.70878277
0.70878277
0.71923423
0.71923423
0.71923423
0.71923423
0.71923423
0.71923423
0.71923423
0.71923423
0.71923423
0.71923423
0.71923423
0.71923423
0.71813719
0.66832038
0.66832038
0.66832038
0.66832038
0.66832038
0.66832038
0.64213718
0.64213718
0.64213718
0.61199715
0.6086548
0.6086548
0.6086548
0.6086548
0.6086548
0.6086548
0.6086548
0.6086548
0.6086548
0.6086548
0.63203637
0.63203637
0.64709806
0.64709806
0.64709806
0.59335721
0.59335721
0.59335721
0.62502638
0.62502638
0.63456881
0.63456881
0.65105488
0.65105488
0.65105488
0.65105488
0.65105488
0.64638753
0.62604018
0.62604018
0.62604018
0.60509269
0.60509269
0.57984849
0.57645107
0.56311166
0.56311166
0.55490576
0.55490576
0.5456415
0.5456415
0.5456415
0.56010357
0.56010357
0.56010357
0.56010357
0.56010357
0.56010357
0.56010357
0.56127335
0.56976766
0.56976766
0.57232059
0.57232059
0.57232059
0.57192921
0.56852437
0.56766554
0.56766554
0.56766554
0.56766554
0.57460944
0.57460944
0.57460944
0.57460944
0.58854848
0.5905986
0.5905986
0.5905986
0.5905986
0.5905986
0.5905986
0.59550595
0.59550595
0.60763512
0.60763512
0.60763512
0.5691998
0.5691998
0.5691998
0.57265511
0.57265511
0.58604447
0.58730518
0.59161112
0.59161112
0.59161112
0.5676535
0.5676535
0.5676535
0.57292713
0.59111882
0.59111882
0.59111882
0.59111882
0.59111882
0.59111882
0.59111882
0.59111882
0.59111882
0.62145377
0.62145377
0.62145377
0.60263274
0.60263274
0.60263274
0.60263274
0.60263274
0.60263274
0.59510459
0.55888538
0.55888538
0.55888538
0.58031005
0.58031005
0.58031005
0.58031005
0.58031005
0.58031005
0.58031005
0.53465625
0.53465625
0.53465625
0.47174541
0.45908604
0.45908604
0.45908604
0.45908604
0.3665582
0.32699793
0.32699793
0.30318631
0.27649979
0.24360141
0.24360141
0.24360141
0.24360141
0.24360141
0.24360141
0.22231403
0.22231403
0.22231403
0.13652442
0.13652442
0.13652442
0.13652442
0.16695747
0.18032455
0.18032455
0.19459298
0.19459298
0.19459298
0.2393403
0.2393403
0.25618702
0.25618702
0.25618702
0.25618702
0.28825499
0.28825499
0.28825499
0.25624337
0.25624337
0.25624337
0.25624337
0.25624337
0.25624337
0.25624337
0.29667604
0.29667604
0.29667604
0.29667604
0.29667604
0.32611425
0.32802914
0.38165472
0.38662201
0.41413688
0.41413688
0.41413688
0.35849882
0.26480862
0.26480862
0.26480862
0.24161097
0.2139857
0.17539491
0.17539491
0.17539491
0.17539491
0.12984741
0.12984741
0.12984741
0.12984741
0.11358597
0.11358597
0.09262466
0.08063816
0.08063816
0.08063816
0.06449967
0.06449967
0.06449967
0.06449967
0.06449967
0.06232967
0.06232967
0.06232967
0.06232967
0.06232967
0.066193
0.066193
0.066193
0.066193
0.066193
0.066193
0.10346237
0.1548908
0.1802536
0.18402062
0.19199266
0.19199266
0.19199266
0.19199266
0.18911521
0.18911521
0.18911521
0.18911521
0.18911521
0.18911521
0.20805944
0.27621522
0.27621522
0.28650762
0.29245489
0.32823226
0.36389001
0.36389001
0.36389001
0.41090928
0.41090928
0.41090928
0.41090928
0.41090928
0.43212212
0.47400941
0.47400941
0.47400941
0.47400941
0.47149362
0.47149362
0.47149362
0.47725289
0.49084229
0.53002784
0.53002784
0.53002784
0.53002784
0.56260604
0.5634536
0.59771463
0.59771463
0.59771463
0.59771463
0.59771463
0.60949852
0.60949852
0.64764568
0.66787034
0.667908
0.667908
0.667908
0.667908
0.667908
0.62039515
0.62039515
0.62039515
0.60889762
0.60889762
0.60889762
0.63551088
0.63848516
0.69855518
0.74261298
0.74261298
0.76201057
0.80048661
0.80462811
0.83671017
0.88181712
0.88181712
0.88181712
0.88181712
0.88181712
0.88181712
0.87914636
0.84192181
0.83615358
0.83615358
0.83615358
0.83615358
0.83615358
0.83615358
0.83615358
0.84405416
0.84405416
0.8810277
0.90623092
0.9171967
0.9171967
0.9171967
0.9171967
0.9171967
0.92845218
0.92845218
0.96448953
0.97820675
0.97820675
0.97820675
0.97820675
0.9738524
0.9738524
0.9738524
0.98035011
0.98035011
0.98035011
0.98035011
0.98419935
0.98419935
0.98419935
0.96371932
0.96371932
0.96371932
0.97352634
0.97352634
0.97352634
0.97352634
0.9711901
0.95598446
0.95598446
0.94227185
0.94227185
0.93711195
0.93711195
0.92139583
0.92139583
0.92139583
0.92139583
0.92139583
0.8757656
0.8445585
0.83798548
0.81644248
0.81644248
0.78870426
0.78870426
0.78870426
0.79659946
0.79659946
0.79659946
0.79659946
0.79659946
0.82835341
0.8480804
0.8480804
0.8480804
0.82364098
0.82078171
0.82078171
0.82078171
0.85853391
0.86026975
0.86026975
0.86518581
0.8657716
0.8657716
0.89597105
0.89597105
0.89597105
0.89597105
0.89597105
0.89597105
0.9191787
0.9191787
0.9191787
0.91674001
0.91674001
0.91674001
0.92354534
0.92354534
0.92354534
0.91482409
0.90700343
0.90700343
0.87344242
0.87344242
0.87344242
0.85110923
0.82397447
0.79785582
0.78527739
0.78446082
0.72613228
0.69115227
0.69115227
0.66757348
0.63176025
0.63176025
0.63176025
0.68009428
0.68009428
0.68698465
0.68698465
0.68698465
0.68698465
0.68698465
0.68698465
0.65359654
0.64077734
0.64077734
0.64077734
0.6435362
0.64708064
0.64708064
0.64708064
0.64708064
0.64708064
0.60521692
0.58136431
0.58136431
0.58136431
0.58406452
0.58406452
0.59443197
0.59443197
0.59443197
0.64119356
0.64119356
0.64119356
0.64220147
0.64220147
0.64220147
0.64220147
0.64220147
0.67936608
0.70801205
0.70898256
0.70898256
0.70898256
0.70294487
0.69213482
0.66678688
0.66678688
0.66678688
0.66678688
0.66678688
0.66678688
0.66678688
0.65123136
0.65123136
0.65123136
0.66733297
0.66733297
0.66733297
0.66733297
0.6652667
0.66519012
0.66519012
0.66519012
0.66519012
0.67584392
0.67685157
0.67685157
0.67685157
0.68388538
0.72663918
0.72663918
0.72663918
0.71604531
0.71604531
0.71604531
0.71604531
0.74662461
0.75013319
0.75013319
0.75013319
0.75013319
0.75013319
0.73493191
0.73493191
0.73493191
0.76359222
0.76359222
0.76359222
0.76359222
0.79781637
0.79781637
0.79800335
0.81972386
0.81972386
0.81972386
0.82099021
0.82617854
0.83337423
0.83337423
0.83337423
0.83337423
0.83337423
0.83337423
0.83337423
0.83337423
0.84716061
0.86034788
0.86083249
0.86083249
0.86904633
0.87347444
0.88221387
0.88221387
0.88221387
0.86005434
0.86005434
0.83887736
0.8285555
0.8285555
0.8285555
0.8285555
0.8285555
0.8285555
0.8285555
0.83223006
0.83223006
0.83223006
0.78756496
0.787014
0.75706326
0.68251069
0.68251069
0.68251069
0.69542619
0.69542619
0.69542619
0.67109282
0.65406194
0.65406194
0.65406194
0.59377728
0.59377728
0.55775146
0.5531005
0.54481085
0.52154147
0.51612876
0.51612876
0.51612876
0.53750169
0.53750169
0.53750169
0.53562753
0.48075686
0.48075686
0.48075686
0.51004241
0.51004241
0.53165841
0.55987177
0.55987177
0.55987177
0.6327492
0.6327492
0.65209403
0.688585
0.69977337
0.69977337
0.69977337
0.69977337
0.69977337
0.69977337
0.69942451
0.69942451
0.69942451
0.7286491
0.7286491
0.7286491
0.7286491
0.71941225
0.71941225
0.71941225
0.71941225
0.71941225
0.74368594
0.74368594
0.74368594
0.67837969
0.67837969
0.67837969
0.67837969
0.67837969
0.67652115
0.67584981
0.67136458
0.67136458
0.67136458
0.71977903
0.722052
0.722052
0.722052
0.722052
0.722052
0.73163003
0.73163003
0.73163003
0.73163003
0.72807151
0.72807151
0.72807151
0.72807151
0.72807151
0.72504242
0.72504242
0.72504242
0.72504242
0.73126478
0.73126478
0.73126478
0.72241649
0.72241649
0.72241649
0.72241649
0.72241649
0.68628232
0.65986193
0.65986193
0.65986193
0.67968753
0.67968753
0.69101345
0.69101345
0.69101345
0.68197228
0.66811547
0.66811547
0.66480437
0.66480437
0.64356924
0.64356924
0.63762351
0.63762351
0.63762351
0.63762351
0.63762351
0.59502083
0.59502083
0.56485058
0.56485058
0.56485058
0.57608172
0.60149369
0.60196781
0.60196781
0.60196781
0.58869345
0.58869345
0.58869345
0.57923888
0.57923888
0.57923888
0.57923888
0.57923888
0.57923888
0.57106423
0.57106423
0.57106423
0.57106423
0.57106423
0.57106423
0.57106423
0.57106423
0.56758409
0.56758409
0.56758409
0.56758409
0.56758409
0.56758409
0.56758409
0.56758409
0.55091462
0.55091462
0.55091462
0.55091462
0.52633689
0.49579729
0.49579729
0.49579729
0.49579729
0.49579729
0.49579729
0.49628651
0.49628651
0.49628651
0.4612253
0.42909406
0.42909406
0.42909406
0.42909406
0.42909406
0.42909406
0.42687001
0.42687001
0.42687001
0.42687001
0.42687001
0.44675581
0.44675581
0.44675581
0.44675581
0.44675581
0.44675581
0.44675581
0.44675581
0.44675581
0.44045788
0.44045788
0.44045788
0.44045788
0.44391933
0.45782046
0.45782046
0.45782046
0.44678834
0.44319702
0.44319702
0.44319702
0.40415646
0.40154641
0.40154641
0.40154641
0.40154641
0.40154641
0.40154641
0.40154641
0.40154641
0.3534488
0.33795475
0.33795475
0.33795475
0.33795475
0.33795475
0.33795475
0.37334176
0.45078153
0.47497941
0.50463328
0.50463328
0.51078393
0.55841101
0.55841101
0.55841101
0.58988757
0.58988757
0.58988757
0.54969233
0.45558207
0.39530151
0.37643156
0.37643156
0.37643156
