0.37073599
0.36795207
0.37677319
0.37996424
0.37996424
0.37996424
0.37996424
0.37996424
0.37996424
0.36730778
0.36198182
0.36198182
0.36198182
0.36198182
0.36198182
0.36198182
0.36198182
0.35597503
0.35597503
0.35597503
0.37424529
0.37424529
0.38152464
0.38152464
0.38152464
0.38152464
0.38152464
0.37830765
0.37830765
0.37830765
0.37830765
0.37830765
0.37830765
0.37830765
0.37830765
0.37730244
0.35405417
0.35405417
0.35405417
0.35405417
0.35405417
0.35405417
0.36724224
0.38437268
0.3887052
0.40531889
0.40531889
0.40531889
0.38524517
0.38230778
0.38230778
0.38230778
0.38230778
0.38230778
0.39425936
0.39425936
0.39425936
0.40660794
0.40660794
0.40660794
0.38264136
0.36362921
0.31531154
0.3142712
0.3142712
0.3142712
0.31800069
0.36187667
0.36187667
0.36187667
0.32555303
0.32555303
0.32555303
0.32555303
0.33068002
0.33068002
0.34311912
0.34311912
0.34311912
0.34311912
0.34311912
0.3554545
0.38114061
0.38114061
0.38208194
0.38208194
0.38208194
0.36825099
0.36825099
0.36825099
0.40816528
0.43407794
0.43407794
0.43407794
0.43407794
0.45405877
0.47044849
0.48078805
0.49152719
0.54247247
0.5531515
0.5531515
0.5531515
0.54890054
0.54201631
0.54201631
0.54201631
0.54909338
0.59967656
0.59967656
0.59967656
0.5800715
0.5800715
0.5800715
0.58288559
0.58288559
0.58288559
0.58288559
0.58288559
0.5870201
0.58924789
0.58924789
0.59286564
0.62834697
0.64588147
0.64588147
0.66261208
0.66586985
0.66586985
0.68638912
0.69812901
0.69812901
0.69812901
0.69158024
0.69158024
0.69158024
0.69158024
0.69158024
0.69158024
0.69158024
0.69158024
0.68642967
0.68642967
0.68642967
0.69347822
0.69347822
0.69347822
0.69347822
0.70378807
0.70378807
0.70378807
0.70378807
0.72144917
0.74644007
0.74644007
0.74644007
0.74644007
0.74644007
0.74736419
0.74736419
0.74736419
0.74512178
0.72151
0.72151
0.72151
0.72151
0.74266673
0.74266673
0.74266673
0.69395419
0.69395419
0.69395419
0.70880851
0.73273926
0.73273926
0.73273926
0.73273926
0.71810513
0.71810513
0.71810513
0.77316346
0.77881333
0.77881333
0.77881333
0.74012539
0.72417463
0.68855468
0.68768714
0.68768714
0.68768714
0.68768714
0.64506555
0.64506555
0.64506555
0.64506555
0.64506555
0.60561074
0.60306681
0.60306681
0.60306681
0.58352541
0.56574526
0.56574526
0.56574526
0.58885844
0.62329164
0.63313283
0.65061029
0.65061029
0.67440194
0.67440194
0.67440194
0.67440194
0.67440194
0.64364849
0.63560439
0.58821108
0.58094329
0.57980959
0.57980959
0.55955835
0.55955835
0.55955835
0.58231132
0.59813596
0.59813596
0.59813596
0.56644118
0.55309681
0.55309681
0.55309681
0.55309681
0.55309681
0.56242077
0.56242077
0.56242077
0.56242077
0.56242077
0.58325642
0.58325642
0.59004212
0.59004212
0.59004212
0.59004212
0.59004212
0.60747643
0.62768334
0.62768334
0.62768334
0.62768334
0.62768334
0.63990886
0.63990886
0.63990886
0.5949435
0.4865235
0.4865235
0.4865235
0.4865235
0.44691686
0.44691686
0.44691686
0.51246822
0.56870999
0.56870999
0.56870999
0.53530864
0.53530864
0.53530864
0.56311127
0.56511558
0.58211942
0.58211942
0.64564737
0.64564737
0.66183648
0.68453121
0.68453121
0.68453121
0.68453121
0.68453121
0.68453121
0.68453121
0.68453121
0.68453121
0.68453121
0.68613688
0.68765531
0.68765531
0.68941067
0.68941067
0.68941067
0.68672341
0.68672341
0.68672341
0.68672341
0.6924664
0.6924664
0.6924664
0.6924664
0.6924664
0.70929461
0.70929461
0.70929461
0.70929461
0.70929461
0.70929461
0.70929461
0.70929461
0.73722808
0.73722808
0.73722808
0.77489524
0.77489524
0.77489524
0.77254415
0.74982537
0.72407184
0.71330912
0.70820099
0.70820099
0.70820099
0.71784769
0.71784769
0.73038864
0.73038864
0.73038864
0.74142506
0.74142506
0.74142506
0.72014079
0.70109185
0.70109185
0.70109185
0.70109185
0.70109185
0.70109185
0.69396362
0.69396362
0.6614666
0.6614666
0.6614666
0.6614666
0.6614666
0.6614666
0.6614666
0.6614666
0.6614666
0.66841378
0.66891403
0.72504688
0.73847965
0.73847965
0.74978034
0.75128464
0.75460299
0.75460299
0.75460299
0.74995315
0.73587868
0.73587868
0.73587868
0.72393959
0.72386038
0.72386038
0.72386038
0.74003911
0.74003911
0.74003911
0.74003911
0.81496653
0.81496653
0.81496653
0.75576757
0.6862894
0.6862894
0.6862894
0.70443331
0.70718186
0.78407634
0.79549043
0.8051666
0.81076956
0.81076956
0.81076956
0.80043519
0.80043519
0.78730747
0.75625415
0.75211399
0.75211399
0.75211399
0.75211399
0.75075798
0.75075798
0.75075798
0.75075798
0.75075798
0.71363634
0.71363634
0.71363634
0.7125281
0.7125281
0.7125281
0.7125281
0.7125281
0.7125281
0.71489215
0.71489215
0.71489215
0.71489215
0.73485318
0.73730541
0.73730541
0.73730541
0.73730541
0.73730541
0.77870913
0.77870913
0.77870913
0.75204091
0.74977374
0.74977374
0.74977374
0.74977374
0.73049519
0.73049519
0.70217982
0.69722917
0.69722917
0.69722917
0.66398223
0.66398223
0.66398223
0.66398223
0.66363239
0.66363239
0.66363239
0.66363239
0.65636601
0.65636601
0.65636601
0.65636601
0.65636601
0.65636601
0.63355081
0.63355081
0.63355081
0.63902081
0.63902081
0.63902081
0.66479838
0.70738131
0.74554211
0.76126963
0.76126963
0.76126963
0.7577905
0.7577905
0.70852962
0.65881234
0.63418685
0.62367756
0.61639279
0.61639279
0.61639279
0.65801175
0.65801175
0.65801175
0.65801175
0.65801175
0.67040559
0.69535876
0.69535876
0.69535876
0.69535876
0.68406491
0.63163066
0.63163066
0.61762503
0.61762503
0.61762503
0.61762503
0.63202978
0.67720708
0.75037419
0.79464952
0.79464952
0.79464952
0.79464952
0.79464952
0.79464952
0.82300097
0.84726129
0.92398839
0.92398839
0.92576237
0.92576237
0.92576237
0.92576237
0.92576237
0.90640579
0.89835014
0.86835083
0.86835083
0.86835083
0.83825558
0.83825558
0.83825558
0.83825558
0.83825558
0.83825558
0.80581159
0.80581159
0.78578503
0.76700201
0.76700201
0.71109736
0.68532898
0.68532898
0.68532898
0.68532898
0.68532898
0.68532898
0.70603402
0.74965705
0.74965705
0.74965705
0.73749943
0.72503015
0.72503015
0.72503015
0.72503015
0.71020035
0.71020035
0.71020035
0.71020035
0.70874839
0.70098978
0.68105491
0.68105491
0.67443683
0.67443683
0.67443683
0.71441052
0.73004681
0.73004681
0.73004681
0.73004681
0.73004681
0.73004681
0.73004681
0.70651966
0.70651966
0.70651966
0.70651966
0.69581634
0.63730835
0.63559401
0.60380139
0.60380139
0.60380139
0.60380139
0.61937143
0.64711182
0.65544212
0.65544212
0.65544212
0.72059271
0.72451292
0.72451292
0.72451292
0.76913952
0.76913952
0.76913952
0.76913952
0.76913952
0.76913952
0.76913952
0.76913952
0.76913952
0.78240727
0.78240727
0.78240727
0.90416008
0.9585984
0.95971371
0.99227345
0.99227345
0.99227345
0.96456865
0.96456865
0.86924831
0.86780862
0.86780862
0.79097968
0.79097968
0.79097968
0.79097968
0.79097968
0.82869846
0.82869846
0.82869846
0.80428255
0.80428255
0.77359133
0.77273793
0.77273793
0.77273793
0.77273793
0.77273793
0.757989
0.757989
0.757989
0.757989
0.757989
0.757989
0.757989
0.77370355
0.77370355
0.77370355
0.7691902
0.7691902
0.76686127
0.76686127
0.75014716
0.75014716
0.75014716
0.75014716
0.75014716
0.77375329
0.77375329
0.77375329
0.75909464
0.75909464
0.75909464
0.7811656
0.80995246
0.80995246
0.80995246
0.76647725
0.75674379
0.75674379
0.75674379
0.75674379
0.70339603
0.70339603
0.70339603
0.70339603
0.70339603
0.70339603
0.70339603
0.79514365
0.80902716
0.80902716
0.80902716
0.83904745
0.83904745
0.83904745
0.8041114
0.8041114
0.75794562
0.71467715
0.67664223
0.66636397
0.65870413
0.65870413
0.65870413
0.65870413
0.65870413
0.67342501
0.69351712
0.69351712
0.69351712
0.69351712
0.71451119
0.73968054
0.73968054
0.73968054
0.70027853
0.70027853
0.70027853
0.71372757
0.71372757
0.71372757
0.71372757
0.72035131
0.72035131
0.72035131
0.72035131
0.6862986
0.6862986
0.6862986
0.6862986
0.6862986
0.6862986
0.64085279
0.64085279
0.64085279
0.62331757
0.62331757
0.62331757
0.62331757
0.62331757
0.69125679
0.70127809
0.74455411
0.74455411
0.74455411
0.716044
0.64625395
0.64625395
0.59542937
0.57353452
0.57353452
0.57353452
0.57353452
0.57353452
0.57353452
0.57353452
0.57718221
0.57718221
0.57718221
0.57718221
0.66991972
0.66991972
0.66991972
0.6473834
0.6473834
0.6473834
0.6473834
0.63276743
0.56804212
0.56804212
0.56804212
0.56804212
0.56804212
0.56804212
0.56804212
0.58069953
0.58069953
0.58069953
0.58069953
0.59179253
0.65336709
0.71905306
0.71905306
0.71905306
0.70911686
0.70911686
0.68439047
0.68439047
0.68439047
0.68439047
0.69204065
0.69517441
0.71068528
0.73720969
0.76243044
0.76243044
0.76243044
0.71929658
0.71929658
0.68532874
0.68532874
0.68532874
0.68532874
0.68532874
0.67164231
0.67164231
0.65992624
0.65992624
0.65992624
0.66762568
0.67729077
0.74333436
0.74333436
0.80044391
0.84523176
0.87499814
0.87499814
0.87499814
0.850735
0.83093899
0.81389908
0.79848439
0.77996164
0.77996164
0.77996164
0.77996164
0.76969446
0.76969446
0.76969446
0.80049459
0.80049459
0.80049459
0.80049459
0.80049459
0.80049459
0.80049459
0.80049459
0.79097449
0.79097449
0.75070777
0.75070777
0.70991227
0.70991227
0.70991227
0.70991227
0.78558676
0.78558676
0.79808551
0.79808551
0.84935046
0.84935046
0.84935046
0.8342736
0.80265661
0.76961172
0.76961172
0.76961172
0.64747629
0.64747629
0.64747629
0.66615793
0.66615793
0.66615793
0.64751872
0.64751872
0.64751872
0.67109774
0.68183782
0.68183782
0.68183782
0.68183782
0.68183782
0.68183782
0.68183782
0.68183782
0.68183782
0.68183782
0.66174147
0.60330586
0.5911645
0.5911645
0.57275632
0.57275632
0.57275632
0.57275632
0.61081058
0.63763981
0.63763981
0.63763981
0.63763981
0.65912847
0.65912847
0.65912847
0.65912847
0.65912847
0.65912847
0.65912847
0.65912847
0.65912847
0.65912847
0.60318492
0.60318492
0.60318492
0.60318492
0.60318492
0.64962016
0.65518893
0.65518893
0.65518893
0.65518893
0.67167036
0.70541071
0.72041755
0.72041755
0.72041755
0.72041755
0.72041755
0.72041755
0.72041755
0.72041755
0.72041755
0.68839838
0.68839838
0.68839838
0.68839838
0.68839838
0.68839838
0.68839838
0.68839838
0.68842266
0.69473875
0.69473875
0.69473875
0.69473875
0.69473875
0.69473875
0.69473875
0.69473875
0.70475557
0.70475557
0.70475557
0.70475557
0.70475557
0.69039232
0.63427478
0.63427478
0.63427478
0.63427478
0.67936509
0.67936509
0.68811761
0.72180609
0.73004256
0.73004256
0.73044616
0.73044616
0.73044616
0.73044616
0.73044616
0.73044616
0.72186456
0.72186456
0.72186456
0.72602617
0.76060389
0.80178365
0.80178365
0.80178365
0.79328526
0.71842079
0.71842079
0.71842079
0.71842079
0.71842079
0.71777438
0.71777438
0.71777438
0.71777438
0.69698894
0.69306755
0.69306755
0.69306755
0.69555703
0.69555703
0.70372254
0.70372254
0.70372254
0.72378706
0.72378706
0.72378706
0.72201119
0.71510692
0.71510692
0.71510692
0.71510692
0.7101242
0.7101242
0.7101242
0.7101242
0.70196317
0.68374123
0.67792822
0.66149559
0.66149559
0.66149559
0.66149559
0.66149559
0.66026712
0.66026712
0.66026712
0.66429035
0.67388307
0.69651415
0.69933956
0.7136163
0.7136163
0.7136163
0.7136163
0.73282672
0.73576693
0.73576693
0.73576693
0.73114326
0.72575577
0.72575577
0.72575577
0.72575577
0.72575577
0.72575577
0.72575577
0.72575577
0.72575577
0.68633113
0.65617694
0.6305493
0.61550662
0.61550662
0.61550662
0.61550662
0.62482493
0.62482493
0.62482493
0.62482493
0.62482493
0.62424924
0.62424924
0.59116497
0.59116497
0.5802469
0.56856501
0.56856501
0.56856501
0.57009735
0.57009735
0.57009735
0.57009735
0.57009735
0.57009735
0.57009735
0.59720689
0.61300772
0.62770079
0.63103871
0.63103871
0.63103871
0.64892258
0.64892258
0.65569956
0.66041211
0.66041211
0.66041211
0.66041211
0.66041211
0.66041211
0.66041211
0.65998022
0.65998022
0.65998022
0.65998022
0.65165982
0.65165982
0.65165982
0.65165982
0.67032355
0.67032355
0.67032355
0.66224691
0.66224691
0.66224691
0.67978566
0.692932
0.7176334
0.7176334
0.7176334
0.7176334
0.7096355
0.69944706
0.69944706
0.68653458
0.68653458
0.68653458
0.68050256
0.68050256
0.68050256
0.68050256
0.68050256
0.67434301
0.67434301
0.67434301
0.67434301
0.67434301
0.67434301
0.64048314
0.64048314
0.64048314
0.66731237
0.72528239
0.72528239
0.72528239
0.7200314
0.72000193
0.71274616
0.70652838
0.69894799
0.69659572
0.68810629
0.68810629
0.66585429
0.66585429
0.66348104
0.64965222
0.63868133
0.62370066
0.62370066
0.62370066
0.63092767
0.63092767
0.63092767
0.63092767
0.64088909
0.64853785
0.64853785
0.64853785
0.64853785
0.63836355
0.63785151
0.63298856
0.63298856
0.63298856
0.63521399
0.64369917
0.64369917
0.64369917
0.64369917
0.65294299
0.65939204
0.66269766
0.66789113
0.66789113
0.6821219
0.6821219
0.6821219
0.67628885
0.66049957
0.66049957
0.66049957
0.66049957
0.66049957
0.64642392
0.64642392
0.64642392
0.64642392
0.64642392
0.64642392
0.64642392
0.63876479
0.63876479
0.63332992
0.63332992
0.63332992
0.63332992
0.63332992
0.63332992
0.6430141
0.6430141
0.6430141
0.61218143
0.61218143
0.61218143
0.61218143
0.60755776
0.59154994
0.59154994
0.59154994
0.59154994
0.59812229
0.59812229
0.6003911
0.6003911
0.6003911
0.57794272
0.57794272
0.57794272
0.60201397
0.60201397
0.60201397
0.61901451
0.63269647
0.63630054
0.63630054
0.63630054
0.63630054
0.63630054
0.63630054
0.63630054
0.63251141
0.63191497
0.63191497
0.63191497
0.63191497
0.61560941
0.60771524
0.57680195
0.57680195
0.57680195
0.56734314
0.56734314
0.56734314
0.57146727
0.57146727
0.57146727
0.56617973
0.56617973
0.56617973
0.56789054
0.56789054
0.58835111
0.58835111
0.58835111
0.60799483
0.6135174
0.6135174
0.6135174
0.6135174
0.6135174
0.60436294
0.58856116
0.58788787
0.58788787
0.58788787
0.58788787
0.58817313
0.58817313
0.58817313
0.58817313
0.58674427
0.58590431
0.58590431
0.58212649
0.58212649
0.58212649
0.58212649
0.58882331
0.60273417
0.62095446
0.64113922
0.64996953
0.64996953
0.65375136
0.66299941
0.66299941
0.66299941
0.65797591
0.65797591
0.65797591
0.68602207
0.69476233
0.69476233
0.69476233
0.69476233
0.68541832
0.68297317
0.68297317
0.68297317
0.68297317
0.68297317
0.67577681
0.67577681
0.67090725
0.67090725
0.67090725
0.67090725
0.6750981
0.6750981
0.6750981
0.67435927
0.67435927
0.67032237
0.67032237
0.65179019
0.65012583
0.63652521
0.62671466
0.62663097
0.62663097
0.60494617
0.60494617
0.60494617
0.60494617
0.60494617
0.60494617
0.60494617
0.60494617
0.60494617
0.60494617
0.60494617
0.60494617
0.60494617
0.60494617
0.60689744
0.64196197
0.67652436
0.67652436
0.67652436
0.66458904
0.66458904
0.66458904
0.66458904
0.67230522
0.6750097
0.6750097
0.6750097
0.73119159
0.73300023
0.73300023
0.73300023
0.71899341
0.71899341
0.71899341
0.71899341
0.70968642
0.70968642
0.68592046
0.61511623
0.58066204
0.58066204
0.58066204
0.56682709
0.56682709
0.53726392
0.53726392
0.52911773
0.52911773
0.48242176
0.45420917
0.45420917
0.45420917
0.45420917
0.45420917
0.45420917
0.45420917
0.45420917
0.45420917
0.45178831
0.41947587
0.41947587
0.41947587
0.43159247
0.43159247
0.46408266
0.46408266
0.46408266
0.46408266
0.46408266
0.46161323
0.46161323
0.46161323
0.46305764
0.48509865
0.48509865
0.48509865
0.48509865
0.48509865
0.49937893
0.53286326
0.53286326
0.53286326
0.53286326
0.53286326
0.52099984
0.52099984
0.52099984
0.52099984
0.50222697
0.50174463
0.50174463
0.50174463
0.50226728
0.51497301
0.5165749
0.5165749
0.5165749
0.5165749
0.52852036
0.54535918
0.54535918
0.54535918
0.54103136
0.54045143
0.54045143
0.54045143
0.53597227
0.53597227
0.53597227
0.55732585
0.56990168
0.56990168
0.56990168
0.56990168
0.54946751
0.54946751
0.54946751
0.55349876
0.55349876
0.55349876
0.55230494
0.55230494
0.55230494
0.57577999
0.58011912
0.59233238
0.59233238
0.59233238
0.59233238
0.57008604
0.57008604
0.57008604
0.58504644
0.58504644
0.58504644
0.58504644
0.58504644
0.5841209
0.56006356
0.56006356
0.56006356
0.50734618
0.50734618
0.50734618
0.48913744
0.42820788
0.42820788
0.42820788
0.36325484
0.36325484
0.36325484
0.37529035
0.37529035
0.37529035
0.45973528
0.45973528
0.47355491
0.49587222
0.49587222
0.49587222
0.49587222
0.43346853
0.43346853
0.43346853
0.40494264
0.3174962
0.3174962
0.3174962
0.34962239
0.43381956
0.43381956
0.43381956
0.47568911
0.47568911
0.47568911
0.47568911
0.47568911
0.43978274
0.43978274
0.36930242
0.36930242
0.36930242
0.36930242
0.36930242
0.33850441
0.33705245
0.33705245
0.33705245
0.33705245
0.33792471
0.33792471
0.33792471
0.41516385
0.41516385
0.41516385
0.45001102
0.45001102
0.45001102
0.45001102
0.45001102
0.45001102
0.4791475
0.4791475
0.4791475
0.4791475
0.4791475
0.46467438
0.46467438
0.46467438
0.51911883
0.51911883
0.51911883
0.51911883
0.51911883
0.52999754
0.54296707
0.54296707
0.54296707
0.51850872
0.4908796
0.46997606
0.46997606
0.46997606
0.46997606
0.46997606
0.46648561
0.46479178
0.46479178
0.46479178
0.46479178
0.46479178
0.46479178
0.46674706
0.46674706
0.46674706
0.46674706
0.46674706
0.46674706
0.46674706
0.41886057
0.41886057
0.41886057
0.46932493
0.46932493
0.46932493
0.46932493
0.46932493
0.46932493
0.47472185
0.47472185
0.47472185
0.47472185
0.47472185
0.47472185
0.49236079
0.49236079
0.49236079
0.51569274
0.51569274
0.51569274
0.51569274
0.51569274
0.4874323
0.47293419
0.45481598
0.45481598
0.45481598
0.45481598
0.45481598
0.45481598
0.45481598
0.47276469
0.47276469
0.47276469
0.52386674
0.52386674
0.52386674
0.50234814
0.50127691
0.50127691
0.50127691
0.51548882
0.53470985
0.53470985
0.5369657
0.5369657
0.5369657
0.5369657
0.54827535
0.54827535
0.54827535
0.54827535
0.54827535
0.54827535
0.54827535
0.53862959
0.53862959
0.53862959
0.53862959
0.53862959
0.53862959
0.5423513
0.5423513
0.5423513
0.5423513
0.5423513
0.5423513
0.53530511
0.53530511
0.53530511
0.53530511
0.53530511
0.53530511
0.53530511
0.53530511
0.53530511
0.53530511
0.53530511
0.49094537
0.49094537
0.48648295
0.48648295
0.48648295
0.52724238
0.53030919
0.60289024
0.60289024
0.60289024
0.59155725
0.59155725
0.59155725
0.59155725
0.63198546
0.63198546
0.67739874
0.6850996
0.6952126
0.6952126
0.72620416
0.72620416
0.7268864
0.7268864
0.7268864
0.7268864
0.7268864
0.71312972
0.71312972
0.71312972
0.72803543
0.75492171
0.75838199
0.75838199
0.83659051
0.83659051
0.83659051
0.83659051
0.83470879
0.83470879
0.80816811
0.80816811
0.80816811
0.80816811
0.80816811
0.80816811
0.791086
0.738292
0.73314662
0.73314662
0.73314662
0.76045466
0.78294099
0.78294099
0.78294099
0.75766202
0.69396598
0.65386522
0.65386522
0.65386522
0.65386522
0.65386522
0.61145157
0.59065057
0.59065057
0.51594051
0.4706253
0.4706253
0.46476727
0.45709352
0.40001391
0.34610177
0.34610177
0.34610177
0.38563792
0.38563792
0.38563792
0.35713018
0.35713018
0.35713018
0.35713018
0.35713018
0.35713018
0.2865921
0.27364025
0.27256148
0.24245892
0.24245892
0.24245892
0.24245892
0.19340172
0.19340172
0.19340172
0.19340172
0.19340172
0.19340172
0.19340172
0.18882001
0.15844917
0.15844917
0.15844917
0.15844917
0.15844917
0.15844917
0.15844917
0.15844917
0.15844917
0.15844917
0.15844917
0.1362132
0.1362132
0.1362132
0.1362132
0.1362132
0.1362132
0.13392411
0.13302073
0.13302073
0.13302073
0.12516688
0.1234721
0.1234721
0.1234721
0.14739201
0.14739201
0.14739201
0.13242831
0.13242831
0.13242831
0.13242831
0.13242831
0.13196271
0.13196271
0.13196271
0.13196271
0.14425801
0.14425801
0.14425801
0.14425801
0.14425801
0.14425801
0.14425801
0.14425801
0.1285477
0.12509498
0.12509498
0.12509498
0.14003086
0.14003086
0.14003086
0.14148777
0.22283547
0.22283547
0.22283547
0.22283547
0.22238237
0.21142964
0.21142964
0.21142964
0.21142964
0.23978486
0.27104587
0.27104587
0.27104587
0.25626865
0.25626865
0.25626865
0.25626865
0.22145236
0.22145236
0.22145236
0.22145236
0.20677886
0.20677886
0.20677886
0.27512427
0.3875807
0.3875807
0.3875807
0.39211149
0.39211149
0.39211149
0.39211149
0.39211149
0.4690022
0.4690022
0.4690022
0.46257884
0.45561917
0.43584296
0.37939868
0.37939868
0.37939868
0.38723934
0.38723934
0.38723934
0.38723934
0.41700101
0.41700101
0.41700101
0.42382584
0.43477881
0.43585357
0.43585357
0.43585357
0.44704228
0.44704228
0.44704228
0.38938132
0.38938132
0.38804394
0.38804394
0.38804394
0.43100169
0.44981889
0.44981889
0.44981889
0.44981889
0.44981889
0.44981889
0.45657677
0.46708464
0.46708464
0.46708464
0.46708464
0.48762136
0.48762136
0.48762136
0.48762136
0.54516634
0.56263625
0.56263625
0.57973085
0.57973085
0.57973085
0.57629675
0.57629675
0.54129516
0.50675399
0.50675399
0.50345261
0.50345261
0.50345261
0.50345261
0.50345261
0.50345261
0.50345261
0.46563033
0.46563033
0.46563033
0.501416
0.501416
0.501416
0.501416
0.50685819
0.58493799
0.58493799
0.58493799
0.58493799
0.58493799
0.60787154
0.60787154
0.60787154
0.60787154
0.6519934
0.65692378
0.68543978
0.71435795
0.72400748
0.72400748
0.72400748
0.75320902
0.78376398
0.78849704
0.78849704
0.78849704
0.81932546
0.81932546
0.81932546
0.81932546
0.82745938
0.82745938
0.83602849
0.85311673
0.85311673
0.90344176
0.90344176
0.90344176
0.86331272
0.86331272
0.86331272
0.86331272
0.86172568
0.86172568
0.86172568
0.86172568
0.86172568
0.84760995
0.83404564
0.83404564
0.77909976
0.77909976
0.76876138
0.76876138
0.76876138
0.76475701
0.73677734
0.73677734
0.73677734
0.64821535
0.64821535
0.64821535
0.64821535
0.64821535
0.65153158
0.65153158
0.65153158
0.59181728
0.55299544
0.55299544
0.55299544
0.55299544
0.55299544
0.53250752
0.53221354
0.53221354
0.53221354
0.53221354
0.53495031
0.53495031
0.53495031
0.53092095
0.53092095
0.53092095
0.53092095
0.55056561
0.58177995
0.58177995
0.58571171
0.58571171
0.58571171
0.58571171
0.58571171
0.58571171
0.58571171
0.60995388
0.60995388
0.60995388
0.60334994
0.60334994
0.60334994
0.60334994
0.60334994
0.60334994
0.60334994
0.60334994
0.60334994
0.60334994
0.60334994
0.60334994
0.58454288
0.58011747
0.58011747
0.58011747
0.58011747
0.56089385
0.56089385
0.55846261
0.55846261
0.55846261
0.57043305
0.57043305
0.57043305
0.57043305
0.57043305
0.53602107
0.53602107
0.53602107
0.54406493
0.54406493
0.54406493
0.53155841
0.53155841
0.52847981
0.52847981
0.52847981
0.52847981
0.52847981
0.55041898
0.60363897
0.61627138
0.62497321
0.62497321
0.62497321
0.61311546
0.61311546
0.61311546
0.61837612
0.61998201
0.61998201
0.64724172
0.66588706
0.66588706
0.66588706
0.66588706
0.6718757
0.6718757
0.6718757
0.6718757
0.6718757
0.6718757
0.6718757
0.6718757
0.6718757
0.69286835
0.69351594
0.69351594
0.69351594
0.66712378
0.66712378
0.66001181
0.66001181
0.63309936
0.63309936
0.63309936
0.63174783
0.63174783
0.63174783
0.62082692
0.61879975
0.60639624
0.60639624
0.60639624
0.60639624
0.60639624
0.60639624
0.60639624
0.60750354
0.60792529
0.60792529
0.60792529
0.60792529
0.6518529
0.67311477
0.67311477
0.67384441
0.72255081
0.72255081
0.72255081
0.72255081
0.69845693
0.69845693
0.69845693
0.73805319
0.74541764
0.75051328
0.81013516
0.81013516
0.81013516
0.81013516
0.82207284
0.82207284
0.83017611
0.83017611
0.83017611
0.83017611
0.83017611
0.83017611
0.81774762
0.81774762
0.81774762
0.84167695
0.84167695
0.84167695
0.84167695
0.81318099
0.81318099
0.81318099
0.81456011
0.84846783
0.84846783
0.84846783
0.78703518
0.78703518
0.78703518
0.78703518
0.78703518
0.78703518
0.78949637
0.78949637
0.78949637
0.78949637
0.80510153
0.80510153
0.80510153
0.78409567
0.78409567
0.78409567
0.7934319
0.8103695
0.8103695
0.8103695
0.8103695
0.8103695
0.8103695
0.78284057
0.71458686
0.71458686
0.71458686
0.71458686
0.71458686
0.71458686
0.7104335
0.69831548
0.69831548
0.69831548
0.69831548
0.69831548
0.69831548
0.6982978
0.65471343
0.65471343
0.65471343
0.65471343
0.68672365
0.68672365
0.68672365
0.61592059
0.61592059
0.61592059
0.61592059
0.61592059
0.60499898
0.59450478
0.56275742
0.56275742
0.56275742
0.53274303
0.51017064
0.47448728
0.47448728
0.45441616
0.45441616
0.45441616
0.45441616
0.43830013
0.40208375
0.40208375
0.40208375
0.38346647
0.38346647
0.35703494
0.35703494
0.25934512
0.22536762
0.18862929
0.15739704
0.15523455
0.15523455
0.11477711
0.10882124
0.10882124
0.10882124
0.11601124
0.11601124
0.11601124
0.11601124
0.10072126
0.10072126
0.10072126
0.10072126
0.14536861
0.14536861
0.14536861
0.14779018
0.16184485
0.16184485
0.237955
0.24702248
0.24702248
0.24702248
0.19092192
0.1907899
0.1907899
0.1907899
0.1907899
0.1907899
0.14185388
0.11587215
0.11587215
0.11587215
0.10885165
0.10885165
0.10610003
0.10610003
0.10610003
0.14931027
0.14931027
0.14931027
0.14931027
0.14699643
0.1171645
0.1171645
0.1171645
0.14582902
0.14582902
0.14582902
0.13531784
0.13531784
0.12908449
0.12335046
0.11311275
0.11311275
0.11160751
0.11160751
0.09697103
0.09697103
0.05779274
0.05779274
0.05779274
0.06329928
0.06329928
0.06329928
0.06329928
0.06329928
0.06413971
0.09443276
0.09443276
0.09443276
0.09443276
0.09443276
0.10420582
0.10420582
0.10420582
0.09380308
0.09380308
0.0935612
0.0935612
0.0935612
0.09062335
0.09062335
0.09062335
0.09062335
0.10552387
0.12832704
0.12832704
0.12832704
0.12283606
0.12283606
0.12283606
0.12283606
0.12283606
0.13893653
0.14142081
0.15525341
0.15525341
0.15525341
0.15525341
0.15525341
0.15525341
0.15525341
0.15767286
0.15767286
0.15767286
0.14873764
0.14873764
0.14873764
0.14873764
0.13969374
0.13682897
0.13682897
0.13682897
0.1344932
0.11175839
0.11175839
0.11175839
0.10473106
0.07049376
0.07049376
0.07049376
0.09757689
0.13978262
0.13978262
0.13978262
0.13978262
0.13978262
0.13978262
0.13978262
0.13978262
0.14096748
0.14096748
0.14096748
0.15853121
0.16802751
0.16802751
0.18346954
0.18346954
0.18346954
0.18346954
0.13842661
0.13842661
0.13842661
0.14730502
0.15290067
0.15290067
0.15290067
0.15290067
0.15290067
0.12606908
0.12606908
0.12606908
0.1310624
0.1310624
0.15269392
0.16685444
0.16685444
0.17491551
0.17491551
0.20712658
0.22090708
0.22090708
0.22090708
0.22090708
0.27767079
0.28917917
0.28917917
0.28917917
0.29517842
0.35117195
0.35117195
0.35117195
0.35117195
0.35117195
0.35117195
0.35117195
0.35117195
0.35117195
0.35117195
0.35117195
0.35117195
0.35117195
0.33665451
0.32569613
0.32569613
0.32569613
0.33756237
0.33756237
0.33756237
0.37061316
0.37061316
0.3953313
0.3953313
0.3953313
0.3936601
0.3936601
0.3936601
0.41226371
0.45021046
0.45021046
0.45021046
0.45021046
0.45021046
0.45021046
0.45021046
0.42104782
0.40606997
0.40606997
0.40606997
0.40606997
0.41758307
0.41758307
0.44381988
0.44381988
0.45411629
0.45411629
0.46492545
0.48159524
0.48159524
0.48159524
0.48159524
0.48159524
0.48159524
0.48159524
0.53727735
0.53727735
0.53727735
0.53727735
0.53727735
0.53727735
0.53727735
0.53727735
0.53449721
0.53449721
0.53449721
0.53449721
0.53449721
0.53449721
0.53449721
0.55908451
0.55908451
0.55908451
0.55908451
0.55908451
0.55586352
0.53435741
0.53435741
0.53435741
0.53435741
0.53435741
0.64538098
0.64538098
0.70037472
0.70037472
0.78244805
0.78244805
0.82499372
0.87533243
0.87533243
0.87533243
0.87533243
0.87533243
0.87533243
0.87292476
0.83786542
0.82620593
0.73493357
0.7254559
0.69585524
0.69585524
0.65422025
0.61017878
0.55828934
0.52074877
0.52074877
0.42465731
0.42190169
0.38260906
0.38260906
0.38260906
0.44471524
0.44471524
0.44471524
0.42060792
0.42060792
0.42060792
0.42060792
0.42060792
0.42060792
0.44100036
0.44100036
0.44100036
0.44100036
0.44100036
0.44100036
0.44100036
0.44100036
0.44100036
0.44100036
0.44100036
0.44100036
0.44272272
0.47526854
0.48901839
0.48901839
0.49198313
0.49198313
0.49198313
0.49198313
0.49804107
0.49968375
0.49968375
0.49968375
0.49968375
0.50025354
0.50025354
0.50025354
0.50025354
0.50025354
0.50025354
0.50025354
0.50025354
0.50025354
0.51967896
0.51967896
0.51967896
0.49927143
0.47698123
0.47144027
0.47144027
0.47144027
0.47144027
0.4376516
0.41709177
0.41709177
0.41709177
0.41709177
0.41709177
0.41709177
0.41709177
0.41709177
0.41709177
0.46364465
0.46674305
0.46674305
0.49759386
0.49759386
0.49759386
0.47258128
0.46137678
0.46137678
0.46137678
0.46427927
0.46427927
0.46427927
0.46427927
0.46427927
0.46427927
0.46427927
0.45737288
0.42512409
0.41443445
0.41443445
0.41443445
0.42093607
0.42093607
0.42138446
0.42546168
0.42546168
0.42546168
0.42312191
0.41722096
0.41119555
0.41119555
0.41119555
0.43124215
0.43124215
0.43124215
0.40714662
0.40714662
0.40714662
0.43238811
0.43397586
0.47063072
0.47063072
0.47063072
0.47063072
0.47103031
0.49598372
0.51545747
0.52923231
0.52923231
0.52923231
0.52923231
0.52923231
0.52923231
0.52923231
0.52923231
0.52923231
0.50718469
0.50718469
0.50718469
0.50718469
0.52968211
0.54370566
0.54370566
0.54370566
0.54370566
0.54370566
0.57151418
0.61620726
0.61620726
0.61620726
0.61620726
0.61620726
0.61829219
0.61829219
0.61829219
0.61829219
0.61829219
0.61829219
0.61692817
0.61547951
0.53808902
0.53435906
0.53435906
0.53435906
0.54189513
0.54743303
0.54869874
0.54869874
0.54869874
0.5505609
0.5505609
0.56903744
0.56903744
0.56903744
0.52622231
0.52622231
0.52622231
0.56717081
0.56717081
0.56717081
0.56717081
0.56717081
0.56717081
0.56717081
0.60055023
0.60055023
0.60055023
0.59442061
0.574523
0.51997553
0.51462411
0.51462411
0.51462411
0.47747323
0.47747323
0.47747323
0.48033424
0.48033424
0.48033424
0.48033424
0.48033424
0.49137608
0.50029173
0.50029173
0.50029173
0.50029173
0.50029173
0.50029173
0.50029173
0.50302897
0.50302897
0.50302897
0.50302897
0.49662637
0.49662637
0.48958253
0.4507581
0.4507581
0.4507581
0.4532867
0.4532867
0.48727223
0.48727223
0.48727223
0.48727223
0.48727223
0.49678125
0.49678125
0.49678125
0.49678125
0.46048094
0.45921476
0.45921476
0.45921476
0.46696158
0.47058523
0.4915477
0.4915477
0.4915477
0.4915477
0.49220331
0.49220331
0.49220331
0.49220331
0.49220331
0.52456361
0.56543195
0.59805109
0.60851842
0.60851842
0.60851842
0.60851842
0.60851842
0.60851842
0.62507388
0.62507388
0.62507388
0.62507388
0.62507388
0.61007882
0.61007882
0.61007882
0.66587433
0.66623219
0.66623219
0.70421619
0.7424522
0.77454987
0.80526066
0.80526066
0.80526066
0.76883187
0.73520114
0.72703587
0.72703587
0.72703587
0.67241579
0.6320286
0.6320286
0.62363677
0.62363677
0.62363677
0.62735683
0.62735683
0.62735683
0.6135365
0.60525476
0.60525476
0.60525476
0.62054403
0.62054403
0.62054403
0.58865405
0.58865405
0.56600788
0.56600788
0.50862109
0.4931239
0.47494086
0.45789812
0.45789812
0.45789812
0.46286362
0.46653606
0.46984216
0.49730366
0.49730366
0.49730366
0.49730366
0.49730366
0.49730366
0.49730366
0.49730366
0.49730366
0.49730366
0.54092976
0.5429963
0.5429963
0.5429963
0.58051965
0.59375157
0.61025162
0.61325172
0.63755989
0.63755989
0.63755989
0.72045009
0.73749235
0.73749235
0.73749235
0.74265494
0.74265494
0.78035817
0.80129778
0.80129778
0.8080401
0.8080401
0.8080401
0.8080401
0.8080401
0.81764413
0.81764413
0.81764413
0.81730489
0.78710897
0.78710897
0.78710897
0.78710897
0.78710897
0.80119759
0.80923721
0.80923721
0.80923721
0.74134184
0.71285814
0.68150707
0.68150707
0.68150707
0.68634292
0.68634292
0.68634763
0.75984007
0.75984007
0.75984007
0.75984007
0.75984007
0.74972471
0.72666339
0.72666339
0.72666339
0.71954812
0.71954812
0.71954812
0.71954812
0.71954812
0.68803533
0.68230601
0.68230601
0.68230601
0.71376977
0.71376977
0.71376977
0.66764265
0.66764265
0.66764265
0.66764265
0.66764265
0.66764265
0.66764265
0.68271432
0.68271432
0.68271432
0.68271432
0.65241091
0.63737507
0.60346027
0.60346027
0.60346027
0.60346027
0.62641055
0.63142651
0.66554688
0.66554688
0.66554688
0.66554688
0.66554688
0.68588769
0.68588769
0.68588769
0.64849471
0.62743298
0.62743298
0.62743298
0.64876346
0.64876346
0.64876346
0.6825948
0.6825948
0.6825948
0.66219057
0.64819225
0.63009879
0.60679772
0.59792945
0.59326004
0.59326004
0.59326004
0.59326004
0.55679424
0.53830921
0.51114026
0.51114026
0.46340089
0.46340089
0.46340089
0.46340089
0.46340089
0.49078059
0.49078059
0.49078059
0.49078059
0.49078059
0.49078059
0.49883271
0.49883271
0.49883271
0.49519798
0.49111747
0.49111747
0.49111747
0.52970474
0.53436684
0.53436684
0.53436684
0.50220882
0.50220882
0.50220882
0.50220882
0.50220882
0.52121484
0.52121484
0.52121484
0.5175978
0.5175978
0.5175978
0.5175978
0.52125539
0.53550643
0.56347503
0.56347503
0.56347503
0.48049219
0.46506784
0.46506784
0.45941844
0.45941844
0.45941844
0.46378892
0.46378892
0.46378892
0.42739785
0.41391841
0.41391841
0.41391841
0.41391841
0.41391841
0.41391841
0.39404814
0.39404814
0.35612519
0.35612519
0.35612519
0.39003104
0.40872729
0.41964702
0.41964702
0.43009077
0.43009077
0.43009077
0.43009077
0.43814124
0.43814124
0.43814124
0.43286597
0.43286597
0.43286597
0.43286597
0.42404697
0.42404697
0.42404697
0.42404697
0.44525981
0.44525981
0.48376551
0.48376551
0.48376551
0.54641791
0.57460504
0.58491041
0.58541703
0.59858789
0.61846641
0.61846641
0.61846641
0.61357516
0.61146453
0.59931728
0.58802296
0.52362322
0.52362322
0.52362322
0.52362322
0.52177827
0.52177827
0.52177827
0.52177827
0.56366292
0.56366292
0.58832353
0.59176541
0.59176541
0.61430432
0.61430432
0.61430432
0.61430432
0.61430432
0.61430432
0.61430432
0.61430432
0.61430432
0.61430432
0.59499536
0.47022878
0.47022878
0.47022878
0.47022878
0.47022878
0.47022878
0.52733055
0.52733055
0.6257177
0.6257177
0.6257177
0.64437765
0.64437765
0.64437765
0.64437765
0.61378262
0.61378262
0.61378262
0.59872768
0.59872768
0.57631961
0.57025577
0.57025577
0.57025577
0.56856689
0.56856689
0.56856689
0.56329233
0.52607803
0.52607803
0.52607803
0.52607803
0.52607803
0.52607803
0.56104803
0.56104803
0.56104803
0.55125352
0.55125352
0.55125352
0.55125352
0.54935247
0.52392497
0.52392497
0.52392497
0.5287165
0.56710598
0.56710598
0.56710598
0.53769297
0.48766851
0.48766851
0.48766851
0.51411019
0.56415091
0.56415091
0.59087689
0.60205358
0.60205358
0.60205358
0.567333
0.54033921
0.52218706
0.52218706
0.52218706
0.52564874
0.55618625
0.55618625
0.5576111
0.58969368
0.60970186
0.64309072
0.65324144
0.65324144
0.65324144
0.65091015
0.65091015
0.65091015
0.63565413
0.6049424
0.60026073
0.60026073
0.60026073
0.60026073
0.60115044
0.63883646
0.64516575
0.6765411
0.7136849
0.7136849
0.7136849
0.69086711
0.6719832
0.6719832
0.6719832
0.62567314
0.62567314
0.62567314
0.62567314
0.62567314
0.60751226
0.60751226
0.60751226
0.60751226
0.61157298
0.62455665
0.62455665
0.65384542
0.65384542
0.65384542
0.71417054
0.71417054
0.71417054
0.71417054
0.71417054
0.71417054
0.71417054
0.70699374
0.70333615
0.70333615
0.68644146
0.68644146
0.66753162
0.63936547
0.63936547
0.63936547
0.63936547
0.63936547
0.63936547
0.63936547
0.63936547
0.62733963
0.62733963
0.62733963
0.62733963
0.62745325
0.62745325
0.62745325
0.62745325
0.68402059
0.68402059
0.68455149
0.68455149
0.68455149
0.66351664
0.66351664
0.64377296
0.63440326
0.60289142
0.60289142
0.57752828
0.55862834
0.55862834
0.55862834
0.55862834
0.57101935
0.57101935
0.57101935
0.64198743
0.64198743
0.64198743
0.64198743
0.64198743
0.6455394
0.66246828
0.66246828
0.66246828
0.66246828
0.66246828
0.66246828
0.66246828
0.66246828
0.66246828
0.66246828
0.65608217
0.61944404
0.61944404
0.61944404
0.61958973
0.61958973
0.61958973
0.6447275
0.6447275
0.6447275
0.6447275
0.67726366
0.68245713
0.68245713
0.68245713
0.68245713
0.68245713
0.68245713
0.65093231
0.65093231
0.60449755
0.58275051
0.58275051
0.58275051
0.58275051
0.57659567
0.57659567
0.57659567
0.59886041
0.6788646
0.68760298
0.68760298
0.68760298
0.68760298
0.68760298
0.63594339
0.63594339
0.63594339
0.63594339
0.65772367
0.67984483
0.67984483
