0.36970328
0.39138126
0.39138126
0.39884201
0.39884201
0.39884201
0.39884201
0.40228659
0.40228659
0.40228659
0.40228659
0.40228659
0.40228659
0.40228659
0.40228659
0.40228659
0.38507955
0.38507955
0.38507955
0.38507955
0.36832631
0.36832631
0.36832631
0.33951489
0.33951489
0.33951489
0.33951489
0.33951489
0.33951489
0.35941557
0.35941557
0.35941557
0.35941557
0.35941557
0.35941557
0.35941557
0.35965429
0.35965429
0.35965429
0.35965429
0.35965429
0.35965429
0.38909921
0.38909921
0.38909921
0.37803101
0.37803101
0.37803101
0.38481336
0.39984248
0.42045823
0.42423519
0.42423519
0.42475329
0.42475329
0.42475329
0.41762174
0.41762174
0.41762174
0.41350335
0.41350335
0.41350335
0.41350335
0.41882205
0.41882205
0.41882205
0.4361456
0.44041145
0.44041145
0.44041145
0.44439635
0.44439635
0.45815897
0.51509325
0.51509325
0.51509325
0.51509325
0.51509325
0.51509325
0.51509325
0.51979544
0.51979544
0.51979544
0.54524704
0.54524704
0.54524704
0.55285938
0.55709063
0.55709063
0.55709063
0.54874337
0.54522323
0.54522323
0.54522323
0.558923
0.558923
0.558923
0.558923
0.52943618
0.52943618
0.52943618
0.52951475
0.5361917
0.5361917
0.5361917
0.55061876
0.55061876
0.55061876
0.55100765
0.55100765
0.55100765
0.55228605
0.56371043
0.56371043
0.56371043
0.55970061
0.55652745
0.55652745
0.55652745
0.55652745
0.55185605
0.55185605
0.55185605
0.56625788
0.56625788
0.56625788
0.56625788
0.55834951
0.55834951
0.55834951
0.56457392
0.56457392
0.56457392
0.56457392
0.56457392
0.59529644
0.6017445
0.6017445
0.60801414
0.60801414
0.60801414
0.6452752
0.66138527
0.68446783
0.68446783
0.68446783
0.68446783
0.70157202
0.70157202
0.71224276
0.71224276
0.71224276
0.7125618
0.7125618
0.71574591
0.71574591
0.71574591
0.71574591
0.71574591
0.71330751
0.71330751
0.71330751
0.71330751
0.71330751
0.70372995
0.70372995
0.69175208
0.68829496
0.68829496
0.67630312
0.67630312
0.67351758
0.67351758
0.66486128
0.66486128
0.66486128
0.66486128
0.66486128
0.64589837
0.64589837
0.64589837
0.64589837
0.64589837
0.64589837
0.65504499
0.68859654
0.68859654
0.68859654
0.68552116
0.68552116
0.68552116
0.69105637
0.69105637
0.69105637
0.68329356
0.68329356
0.68329356
0.68493132
0.68493132
0.68493132
0.68398419
0.68398419
0.68398419
0.68280816
0.67664201
0.66689936
0.64879137
0.64879137
0.63829143
0.61605521
0.61480268
0.61480268
0.61480268
0.61480268
0.61480268
0.58209096
0.58209096
0.58209096
0.60417607
0.60417607
0.61083476
0.61083476
0.61083476
0.60734685
0.60111133
0.60111133
0.57684512
0.57684512
0.57684512
0.57181483
0.57181483
0.57181483
0.58315413
0.58467094
0.58467094
0.58467094
0.58467094
0.58467094
0.58467094
0.58467094
0.58467094
0.56821945
0.56821945
0.56821945
0.57671051
0.57671051
0.57671051
0.57671051
0.57671051
0.57671051
0.59672215
0.61185888
0.61185888
0.61185888
0.61185888
0.61185888
0.61185888
0.60230418
0.58796045
0.5816389
0.5816389
0.5816389
0.5816389
0.5816389
0.5816389
0.5816389
0.5816389
0.5816389
0.5816389
0.5816389
0.5816389
0.5816389
0.5816389
0.5816389
0.5816389
0.60685352
0.60685352
0.62085645
0.62876355
0.65422579
0.65842513
0.65842513
0.65842513
0.65842513
0.68099198
0.68099198
0.68099198
0.70876278
0.70876278
0.70876278
0.7105561
0.7105561
0.72140985
0.7230273
0.74018545
0.74395924
0.74395924
0.74395924
0.74395924
0.74395924
0.74395924
0.76478436
0.76928433
0.76928433
0.76928433
0.76928433
0.76928433
0.77333431
0.77333431
0.77333431
0.77333431
0.77333431
0.77333431
0.77333431
0.77333431
0.77333431
0.77333431
0.75940788
0.75940788
0.75940788
0.7824868
0.79521831
0.79801512
0.80757523
0.80757523
0.81986658
0.81986658
0.81986658
0.83060017
0.83060017
0.83060017
0.82783051
0.80901458
0.80901458
0.80561603
0.80429652
0.21724812
0.21724812
0.21724812
0.21724812
0.21724812
0.21724812
0.20378407
0.20378407
0.20378407
0.20436534
0.20436534
0.20436534
0.20596835
0.2162113
0.2178486
0.2178486
0.2178486
0.2178486
0.22023668
0.22023668
0.22023668
0.22023668
0.21662479
0.21653194
0.21653194
0.21653194
0.2263568
0.23544262
0.23544262
0.2360677
0.2360677
0.2360677
0.22853076
0.21973573
0.20662564
0.20520724
0.20427883
0.20427883
0.20427883
0.21504829
0.21504829
0.21504829
0.21504829
0.21504829
0.22018081
0.23392676
0.23392676
0.23392676
0.22511205
0.2162421
0.20797961
0.1995287
0.19311382
0.18453593
0.17899437
0.17899437
0.17899437
0.19552396
0.19552396
0.19552396
0.19552396
0.19552396
0.20052631
0.20052631
0.20052631
0.20052631
0.20052631
0.1919624
0.1919624
0.1919624
0.20406264
0.20434391
0.20434391
0.20434391
0.20434391
0.20434391
0.20434391
0.20434391
0.20434391
0.22450554
0.27440907
0.27440907
0.27440907
0.27298558
0.27298558
0.27298558
0.27298558
0.27298558
0.26518087
0.2567171
0.22485173
0.22485173
0.22485173
0.22485173
0.22485173
0.22485173
0.22485173
0.22485173
0.22485173
0.22433967
0.22433967
0.22433967
0.27898491
0.27898491
0.28662344
0.29330102
0.29330102
0.29330102
0.29213611
0.29213611
0.29213611
0.29250452
0.30371731
0.30371731
0.3113652
0.34682294
0.36405601
0.37471722
0.37471722
0.37596166
0.37596166
0.37596166
0.37596166
0.37596166
0.37596166
0.37596166
0.37596166
0.36089032
0.34254709
0.34254709
0.34254709
0.35292608
0.35649098
0.38889365
0.41399017
0.41399017
0.42448678
0.42448678
0.42448678
0.41238098
0.4117732
0.40282659
0.40282659
0.40282659
0.38844127
0.38844127
0.38844127
0.38751318
0.38751318
0.38751318
0.38751318
0.38751318
0.38751318
0.39459505
0.57227102
0.57227102
0.57867146
0.59323883
0.61664854
0.61664854
0.61664854
0.6060532
0.60553019
0.60553019
0.60553019
0.60553019
0.59124202
0.59124202
0.59124202
0.59124202
0.58480952
0.58480952
0.58480952
0.59804944
0.59804944
0.59804944
0.59586104
0.59018091
0.56688232
0.56157949
0.55080923
0.55080923
0.55080923
0.56908595
0.56908595
0.56908595
0.55841284
0.55841284
0.55841284
0.58161366
0.58161366
0.58161366
0.57150975
0.57150975
0.57150975
0.57150975
0.57150975
0.57150975
0.57145991
0.57145991
0.57145991
0.57615449
0.57615449
0.57615449
0.57615449
0.57615449
0.58282191
0.58469031
0.58590776
0.59585533
0.59585533
0.59585533
0.57936574
0.5747218
0.5747218
0.5747218
0.56704771
0.55201081
0.55201081
0.55201081
0.55201081
0.55144923
0.55144923
0.55144923
0.56507995
0.56507995
0.56507995
0.57728035
0.58025732
0.58025732
0.58025732
0.58025732
0.58025732
0.58529031
0.58979219
0.59552184
0.59552184
0.59552184
0.59413851
0.59413851
0.59413851
0.59413851
0.59413851
0.59413851
0.59413851
0.59927753
0.61474728
0.61474728
0.61474728
0.61428252
0.61428252
0.61428252
0.61428252
0.61552474
0.61552474
0.61552474
0.60673256
0.60491972
0.60491972
0.60491972
0.60411052
0.59778214
0.59546152
0.59546152
0.5896352
0.5896352
0.5896352
0.59239201
0.59515819
0.59515819
0.6059513
0.6059513
0.6059513
0.600408
0.600408
0.58677204
0.58434904
0.57978288
0.57978288
0.57845257
0.57845257
0.57845257
0.58356143
0.58356143
0.58356143
0.59230789
0.59624135
0.59624135
0.59624135
0.59624135
0.59624135
0.59624135
0.59624135
0.59624135
0.5998534
0.5998534
0.60110482
0.60110482
0.60110482
0.60110482
0.60110482
0.59239757
0.58487301
0.58487301
0.57969494
0.57969494
0.57969494
0.57969494
0.57969494
0.56842183
0.56842183
0.56683263
0.56683263
0.56683263
0.56683263
0.59054345
0.59054345
0.5910698
0.59834864
0.60559114
0.60566384
0.60566384
0.60566384
0.60566384
0.60566384
0.6066851
0.6066851
0.6066851
0.60382639
0.59059647
0.59059647
0.59059647
0.60642384
0.61482363
0.61482363
0.61482363
0.62397151
0.62934974
0.63292845
0.64254125
0.64532028
0.65059231
0.66993173
0.67516789
0.67516789
0.67516789
0.66322097
0.66020178
0.66020178
0.65661117
0.6400419
0.62205549
0.62205549
0.62205549
0.62205549
0.62205549
0.37920053
0.35767669
0.35767669
0.35767669
0.34556723
0.34556723
0.3367822
0.3367822
0.31205092
0.31205092
0.31205092
0.31205092
0.31205092
0.29259531
0.27745429
0.27745429
0.27745429
0.30446763
0.31183187
0.32372212
0.32372212
0.32372212
0.32372212
0.32372212
0.32372212
0.32372212
0.32372212
0.30732856
0.30732856
0.29513657
0.29513657
0.29513657
0.29545498
0.29545498
0.29989908
0.31175631
0.3277221
0.3277221
0.3277221
0.3277221
0.3277221
0.33133811
0.33133811
0.33133811
0.33133811
0.33133811
0.32879955
0.32879955
0.32879955
0.32879955
0.33321064
0.33321064
0.33321064
0.32769337
0.32769337
0.32769337
0.33622617
0.33898457
0.33898457
0.33898457
0.33898457
0.33898457
0.33898457
0.3306643
0.3306643
0.3306643
0.32332053
0.32126102
0.30173288
0.30173288
0.30173288
0.30468413
0.30468413
0.30508413
0.30508413
0.30508413
0.32984161
0.32984161
0.32984161
0.31459487
0.30628825
0.30623587
0.30623587
0.30623587
0.31049394
0.31049394
0.31049394
0.31049394
0.31049394
0.31049394
0.31049394
0.30558238
0.29643354
0.29643354
0.29643354
0.30323557
0.30574365
0.30574365
0.30574365
0.3132917
0.32349688
0.32349688
0.32349688
0.32203737
0.31222345
0.29180135
0.27306923
0.27136972
0.27136972
0.25498315
0.25498315
0.25498315
0.25425648
0.24432019
0.23700817
0.23700817
0.2338512
0.20210948
0.20210948
0.19937902
0.19937902
0.19937902
0.20913865
0.21890097
0.21890097
0.21890097
0.230839
0.230839
0.230839
0.230839
0.23846165
0.23846165
0.23846165
0.23846165
0.25596806
0.27196257
0.31499661
0.31499661
0.31499661
0.31910087
0.35779097
0.35870954
0.35870954
0.35870954
0.35870954
0.35870954
0.35100847
0.35100847
0.35100847
0.35381385
0.35381385
0.35381385
0.35381385
0.35381385
0.37025931
0.37025931
0.37025931
0.35489845
0.34092392
0.32268831
0.32268831
0.32268831
0.32656194
0.32656194
0.32656194
0.32656194
0.30125399
0.30125399
0.29966686
0.24599748
0.2448867
0.2448867
0.23559199
0.23559199
0.23559199
0.23559199
0.23559199
0.21486322
0.21235085
0.21235085
0.21235085
0.21235085
0.20753294
0.20278202
0.19746824
0.18942654
0.18942654
0.18942654
0.19593142
0.19681697
0.19681697
0.20049108
0.20049108
0.20049108
0.19677792
0.1966457
0.19525254
0.17835533
0.17721661
0.16330653
0.16330653
0.16330653
0.17892691
0.17892691
0.17892691
0.17892691
0.17892691
0.17911437
0.17911437
0.17911437
0.17911437
0.17911437
0.17147791
0.15576292
0.1524623
0.1524623
0.1524623
0.15307008
0.15340944
0.16215114
0.16215114
0.16215114
0.16215114
0.16215114
0.18084198
0.18084198
0.1910905
0.48949609
0.50491267
0.50491267
0.50491267
0.50491267
0.50491267
0.50491267
0.49754081
0.49754081
0.49754081
0.50242681
0.50242681
0.51824259
0.51824259
0.54125659
0.54812925
0.54812925
0.54812925
0.54812925
0.54812925
0.56222552
0.57166229
0.57166229
0.57166229
0.57166229
0.57166229
0.58016049
0.58016049
0.58016049
0.58016049
0.58016049
0.58016049
0.58016049
0.60261846
0.60261846
0.60261846
0.60261846
0.60261846
0.60261846
0.62996878
0.62996878
0.62996878
0.60441988
0.60441988
0.60441988
0.60441988
0.60441988
0.58841235
0.58443444
0.58443444
0.58443444
0.58443444
0.58443444
0.58443444
0.5753602
0.57236451
0.57236451
0.57236451
0.56991436
0.55288049
0.54163087
0.54163087
0.54163087
0.54163087
0.53882025
0.53882025
0.53882025
0.51291628
0.51291628
0.51291628
0.49171608
0.48948181
0.48948181
0.48948181
0.48546818
0.48546818
0.48236693
0.47285682
0.46353767
0.46353767
0.46353767
0.46353767
0.46353767
0.46353767
0.46353767
0.4664921
0.4664921
0.4664921
0.4664921
0.4664921
0.46771622
0.46803209
0.46803209
0.46803209
0.46803209
0.46803209
0.4806544
0.4806544
0.4806544
0.4806544
0.48888451
0.48987276
0.48987276
0.48987276
0.49914842
0.49914842
0.53495504
0.53495504
0.53495504
0.53495504
0.53495504
0.54895369
0.55273271
0.57256816
0.57256816
0.57256816
0.57005023
0.56616819
0.56616819
0.56616819
0.57297657
0.57297657
0.57297657
0.57297657
0.56148727
0.55549841
0.55549841
0.49817588
0.49817588
0.49817588
0.49817588
0.49817588
0.48246391
0.47788155
0.47653712
0.47653712
0.40227357
0.40227357
0.40227357
0.37854212
0.37854212
0.37854212
0.34734833
0.34734833
0.34734833
0.34734833
0.34734833
0.34734833
0.32217006
0.32217006
0.32217006
0.32217006
0.31664835
0.31664835
0.2991748
0.2991748
0.29160484
0.29160484
0.29160484
0.29160484
0.28007221
0.28007221
0.26332103
0.24238941
0.24238941
0.24222179
0.22685854
0.22685854
0.22685854
0.23589548
0.23589548
0.23589548
0.23589548
0.23589548
0.23589548
0.23224867
0.21999716
0.21948351
0.21948351
0.21835224
0.21233037
0.21233037
0.21233037
0.22669839
0.235605
0.235605
0.235605
0.235605
0.235605
0.23572548
0.23572548
0.23937403
0.23937403
0.27461653
0.27461653
0.27461653
0.2502792
0.2502792
0.2502792
0.2502792
0.2502792
0.2502792
0.26671594
0.26671594
0.27861095
0.27861095
0.27861095
0.27861095
0.27861095
0.27861095
0.27861095
0.28648932
0.28648932
0.28648932
0.27552366
0.25765567
0.25765567
0.25765567
0.23452787
0.23452787
0.23452787
0.2557287
0.2557287
0.2557287
0.2557287
0.24337305
0.24337305
0.24337305
0.24337305
0.24337305
0.24337305
0.24337305
0.24337305
0.24337305
0.25391712
0.26590388
0.26704133
0.26704133
0.27886047
0.27886047
0.28364266
0.29732386
0.29732386
0.31066759
0.31066759
0.31604597
0.5245678
0.5245678
0.5245678
0.52261781
0.52261781
0.51037121
0.51037121
0.48738134
0.48685468
0.4827601
0.4827601
0.4827601
0.4827601
0.4827601
0.4827601
0.4827601
0.47225746
0.47140223
0.47140223
0.44409143
0.44409143
0.44409143
0.44409143
0.44409143
0.46208466
0.46208466
0.46208466
0.43362355
0.43362355
0.43246451
0.43246451
0.43246451
0.43246451
0.43246451
0.42678375
0.41061432
0.41061432
0.41061432
0.41061432
0.40862354
0.39930534
0.39930534
0.39930534
0.39930534
0.39930534
0.39930534
0.39930534
0.39930534
0.39930534
0.39930534
0.39930534
0.39930534
0.39067983
0.39067983
0.39067983
0.39067983
0.40273452
0.40273452
0.40273452
0.40342944
0.40342944
0.41023877
0.41023877
0.42137902
0.42635439
0.42635439
0.42635439
0.42635439
0.42635439
0.41727857
0.40085946
0.40085946
0.40085946
0.42318361
0.42318361
0.42318361
0.41594159
0.40908703
0.38100417
0.38100417
0.38100417
0.367206
0.367206
0.35641193
0.35641193
0.33195318
0.33195318
0.30818554
0.30286557
0.30286557
0.30286557
0.30286557
0.32728115
0.32728115
0.32728115
0.32728115
0.32728115
0.34768563
0.34768563
0.34768563
0.34768563
0.36076381
0.36076381
0.36076381
0.36076381
0.36076381
0.36076381
0.36076381
0.36076381
0.36076381
0.36076381
0.36076381
0.36076381
0.36076381
0.36076381
0.37225771
0.37225771
0.37225771
0.37225771
0.39687091
0.40073215
0.40073215
0.40073215
0.40073215
0.40073215
0.4177092
0.4177092
0.4177092
0.4177092
0.4177092
0.41877491
0.41877491
0.41877491
0.41877491
0.41472747
0.41472747
0.40425547
0.40425547
0.40425547
0.40425547
0.40425547
0.40425547
0.40519356
0.4080991
0.41685238
0.42408234
0.42408234
0.42408234
0.42408234
0.42408234
0.42408234
0.42408234
0.42408234
0.42408234
0.42458313
0.43194642
0.43194642
0.43194642
0.44105573
0.44105573
0.44105573
0.44105573
0.44105573
0.44105573
0.45989229
0.53327378
0.53327378
0.53327378
0.53327378
0.53327378
0.53327378
0.51084359
0.51084359
0.51084359
0.52106734
0.52106734
0.52106734
0.51886688
0.51886688
0.51886688
0.52381447
0.52381447
0.53824518
0.55073606
0.55073606
0.55073606
0.55073606
0.56861596
0.56861596
0.56861596
0.56861596
0.56861596
0.56861596
0.56861596
0.56861596
0.56861596
0.5701615
0.5719326
0.57245657
0.57245657
0.57245657
0.58093763
0.58093763
0.59100567
0.59100567
0.59100567
0.60019625
0.60019625
0.60019625
0.60876398
0.61280443
0.61632156
0.65714942
0.65714942
0.65714942
0.65714942
0.65714942
0.62440231
0.61004715
0.61004715
0.61004715
0.6103235
0.61363919
0.62998132
0.62998132
0.62998132
0.62998132
0.63012449
0.63220115
0.63220115
0.63220115
0.63220115
0.63220115
0.63220115
0.62920688
0.62698896
0.62698896
0.62698896
0.74010037
0.74441844
0.74441844
0.74441844
0.74420114
0.72306539
0.72306539
0.72104017
0.71879891
0.71879891
0.71879891
0.71879891
0.7018098
0.7018098
0.70088044
0.70088044
0.70088044
0.70572263
0.71102895
0.71534528
0.71534528
0.71534528
0.70962341
0.70962341
0.70962341
0.71326878
0.72617029
0.72617029
0.73832086
0.73832086
0.73832086
0.73832086
0.74309988
0.74309988
0.74309988
0.74072101
0.74072101
0.74072101
0.74072101
0.74072101
0.74072101
0.75051524
0.75051524
0.75051524
0.75309332
0.75309332
0.75309332
0.75309332
0.75309332
0.75309332
0.75309332
0.75309332
0.75309332
0.75309332
0.75309332
0.75309332
0.75309332
0.75309332
0.75309332
0.7535203
0.7535203
0.77209257
0.78295092
0.78295092
0.78295092
0.7780973
0.76861926
0.76861926
0.75885122
0.75885122
0.75807837
0.75807837
0.755576
0.755576
0.755576
0.7627058
0.76551197
0.76551197
0.76551197
0.75940137
0.74899921
0.74899921
0.74899921
0.7396572
0.7396572
0.7396572
0.7396572
0.7396572
0.7396572
0.7396572
0.7396572
0.73623405
0.73623405
0.73623405
0.72867568
0.72867568
0.72859933
0.72859933
0.72218349
0.72218349
0.72218349
0.72218349
0.72174064
0.71824939
0.6791831
0.66718571
0.66657032
0.66594619
0.66594619
0.6574445
0.6574445
0.6574445
0.63906524
0.63076481
0.62837482
0.62837482
0.62837482
0.6316348
0.6316348
0.6316348
0.62791102
0.62791102
0.6215001
0.61873154
0.61873154
0.61873154
0.62178661
0.62178661
0.62674102
0.62674102
0.63209448
0.63209448
0.63209448
0.63209448
0.63085989
0.63085989
0.63085989
0.60565813
0.60565813
0.60565813
0.60565813
0.60565813
0.60565813
0.60565813
0.59813595
0.58655617
0.5742245
0.5587822
0.5587822
0.5587822
0.56075061
0.58220731
0.62938894
0.62938894
0.62938894
0.62466468
0.62466468
0.62466468
0.62466468
0.61515426
0.60463385
0.59448549
0.59448549
0.59448549
0.59448549
0.59448549
0.58778283
0.58778283
0.58778283
0.60240354
0.60573701
0.60573701
0.60573701
0.60573701
0.60573701
0.60573701
0.60573701
0.60573701
0.60109053
0.60109053
0.59092583
0.59092583
0.59092583
0.58907822
0.55833935
0.55833935
0.55833935
0.55833935
0.55833935
0.5546081
0.5546081
0.5546081
0.55586952
0.55755713
0.55755713
0.55755713
0.55755713
0.55755713
0.55982283
0.56628391
0.56903643
0.57787082
0.60748716
0.61017064
0.61649902
0.61649902
0.61649902
0.62711769
0.62711769
0.62711769
0.62711769
0.62711769
0.62735245
0.62735245
0.62735245
0.62735245
0.60039085
0.59110726
0.58057129
0.58057129
0.58057129
0.58057129
0.57217768
0.55741777
0.55741777
0.53470742
0.53470742
0.53470742
0.52290765
0.51095216
0.51095216
0.50286268
0.50286268
0.50286268
0.50286268
0.50286268
0.50222411
0.47399015
0.47270635
0.46820939
0.46820939
0.46820939
0.46431258
0.46431258
0.46431258
0.46431258
0.46431258
0.46087308
0.46087308
0.46087308
0.44634872
0.44634872
0.44634872
0.42564868
0.42516043
0.42012538
0.41865554
0.41865554
0.41865554
0.41865554
0.41865554
0.43617513
0.43617513
0.43617513
0.43617513
0.43617513
0.43617513
0.43617513
0.43617513
0.43697353
0.44414921
0.44414921
0.44414921
0.44414921
0.44414921
0.44414921
0.44414921
0.44414921
0.44621428
0.47925552
0.48431453
0.48431453
0.48431453
0.48431453
0.48431453
0.48431453
0.46682797
0.46682797
0.45676739
0.4557466
0.45137774
0.44551714
0.44551714
0.44551714
0.44551714
0.44551714
0.45503597
0.45503597
0.45503597
0.45503597
0.44539809
0.43279023
0.40742815
0.40742815
0.40516753
0.38894095
0.38596033
0.38596033
0.38596033
0.39454394
0.41379891
0.41379891
0.41379891
0.41379891
0.4292631
0.4292631
0.4341426
0.4341426
0.4341426
0.4341426
0.42519392
0.41121051
0.41121051
0.39488012
0.38301432
0.38301432
0.38301432
0.3648895
0.3648895
0.3648895
0.34762087
0.34762087
0.34762087
0.34762087
0.34097059
0.34097059
0.34097059
0.32377021
0.28357203
0.27440129
0.24461527
0.24461527
0.24461527
0.24461527
0.24461527
0.23342232
0.23342232
0.23342232
0.23342232
0.25015143
0.25015143
0.25015143
0.2432748
0.2432748
0.2432748
0.27621318
0.28073633
0.28073633
0.28073633
0.28073633
0.29871877
0.31658819
0.31658819
0.31658819
0.31093806
0.31093806
0.31093806
0.31093806
0.33090239
0.35375338
0.35375338
0.35375338
0.35329497
0.35329497
0.33171858
0.33171858
0.33171858
0.29996146
0.29578736
0.29578736
0.29578736
0.29578736
0.29578736
0.29578736
0.29578736
0.29578736
0.24504733
0.23497485
0.22373174
0.22373174
0.20314693
0.20314693
0.20314693
0.20314693
0.20359534
0.20359534
0.20359534
0.19839696
0.17610741
0.15993004
0.15993004
0.14462568
0.14462568
0.14462568
0.14462568
0.14462568
0.14462568
0.16238653
0.16238653
0.17724645
0.17724645
0.17724645
0.17255108
0.17255108
0.17255108
0.17255108
0.17255108
0.17255108
0.17255108
0.17118982
0.17118982
0.16831412
0.16745285
0.16413795
0.16413795
0.16079956
0.16079956
0.152985
0.14408791
0.14408791
0.14408791
0.14766598
0.14837518
0.14837518
0.14837518
0.15040533
0.15040533
0.15946337
0.50878614
0.5092282
0.5092282
0.5092282
0.50740361
0.50740361
0.50740361
0.50740361
0.50740361
0.50614377
0.50614377
0.47513808
0.44472825
0.44472825
0.44472825
0.44472825
0.44472825
0.44963997
0.44963997
0.44963997
0.44326017
0.44326017
0.43074055
0.43074055
0.43074055
0.43074055
0.43074055
0.43074055
0.43074055
0.43074055
0.43074055
0.43074055
0.46121578
0.46121578
0.46121578
0.44956378
0.42633534
0.40014438
0.40014438
0.39845931
0.39845931
0.39845931
0.39422299
0.39422299
0.39422299
0.40072517
0.40072517
0.40836703
0.42612471
0.42612471
0.42612471
0.42612471
0.43119071
0.43838448
0.45024282
0.45024282
0.45024282
0.44792649
0.44792649
0.43953289
0.41030639
0.41030639
0.41030639
0.41054638
0.41920284
0.42395821
0.42395821
0.42395821
0.41589254
0.40390166
0.39814741
0.39814741
0.39814741
0.39814741
0.39814741
0.39814741
0.39814741
0.39814741
0.39814741
0.39814741
0.43703893
0.43703893
0.43703893
0.43703893
0.43703893
0.43703893
0.41263859
0.41263859
0.41263859
0.41263859
0.41073495
0.41040908
0.41040908
0.40096787
0.38391765
0.38391765
0.38391765
0.38391765
0.38391765
0.38391765
0.38391765
0.38391765
0.38391765
0.40357658
0.40494689
0.40494689
0.40494689
0.39680503
0.38881206
0.38881206
0.38881206
0.39732757
0.39732757
0.39732757
0.38792112
0.38792112
0.38792112
0.39438092
0.42840517
0.42840517
0.42840517
0.45531772
0.45531772
0.46433497
0.46433497
0.4750276
0.4750276
0.4750276
0.45942817
0.45661723
0.45661723
0.45661723
0.46737733
0.47264635
0.47264635
0.47264635
0.43676068
0.43676068
0.43676068
0.42918755
0.42452757
0.40723148
0.39031539
0.39031539
0.3674233
0.3674233
0.363783
0.363783
0.363783
0.32516782
0.32516782
0.29734275
0.29025183
0.2847225
0.25564092
0.24169243
0.24169243
0.24169243
0.24169243
0.24169243
0.22493506
0.22493506
0.21239291
0.21239291
0.21239291
0.21239291
0.21239291
0.21239291
0.21239291
0.21239291
0.21239291
0.21850351
0.21850351
0.21850351
0.21850351
0.21850351
0.21984525
0.22241651
0.22241651
0.22241651
0.22241651
0.20100409
0.20100409
0.20100409
0.20100409
0.19832887
0.17799914
0.17799914
0.17799914
0.19029447
0.19029447
0.19029447
0.19029447
0.19029447
0.17594026
0.17594026
0.17594026
0.17594026
0.18610735
0.18694036
0.18694036
0.19592253
0.19592253
0.2374861
0.25317316
0.25317316
0.25317316
0.24690097
0.24537384
0.24537384
0.20740961
0.20740961
0.20740961
0.20740961
0.20740961
0.20740961
0.21277243
0.21277243
0.21277243
0.21277243
0.21277243
0.2287852
0.2287852
0.2287852
0.22284285
0.22284285
0.22284285
0.2659661
0.28564472
0.30310351
0.31463233
0.31463233
0.31463233
0.31463233
0.39352267
0.39352267
0.39352267
0.42465773
0.42465773
0.42465773
0.42465773
0.42465773
0.42465773
0.42465773
0.42465773
0.42465773
0.43324038
0.43324038
0.43324038
0.41995903
0.41995903
0.41995903
0.41995903
0.41995903
0.41995903
0.41995903
0.42711343
0.42711343
0.42711343
0.42711343
0.46174847
0.46372941
0.46372941
0.46618242
0.48989974
0.48989974
0.48989974
0.48989974
0.48989974
0.48989974
0.48989974
0.48989974
0.48989974
0.48989974
0.48989974
0.48989974
0.48989974
0.48989974
0.48989974
0.62360533
0.66895554
0.68604767
0.68604767
0.68604767
0.68604767
0.68604767
0.68604767
0.68604767
0.6997214
0.70546502
0.71742257
0.72436126
0.72629823
0.72629823
0.73061852
0.73061852
0.73061852
0.72933171
0.71133609
0.70670929
0.70464375
0.70417725
0.70417725
0.70417725
0.71149593
0.71149593
0.71149593
0.69937696
0.68780448
0.68780448
0.6811123
0.64671361
0.64671361
0.64671361
0.64671361
0.64671361
0.64671361
0.64671361
0.60584432
0.60584432
0.60584432
0.62435738
0.63180448
0.63180448
0.63180448
0.66212495
0.66212495
0.66212495
0.6569618
0.6569618
0.63546415
0.63546415
0.63546415
0.63546415
0.63546415
0.63546415
0.63546415
0.63546415
0.63546415
0.62168708
0.62168708
0.60518797
0.60518797
0.60283132
0.60283132
0.60283132
0.60283132
0.60283132
0.59791055
0.59791055
0.59791055
0.59098361
0.55835046
0.55835046
0.55096257
0.54330896
0.54330896
0.54330896
0.54330896
0.54330896
0.54330896
0.54330896
0.56114013
0.56114013
0.57132705
0.57132705
0.57132705
0.57132705
0.57132705
0.59405835
0.59405835
0.59405835
0.59405835
0.59405835
0.59405835
0.59405835
0.57214641
0.57214641
0.55936855
0.54819639
0.53750566
0.53750566
0.53750566
0.53750566
0.53750566
0.53750566
0.53592948
0.49075101
0.49075101
0.49075101
0.49075101
0.48944006
0.48944006
0.48876118
0.4863977
0.47571728
0.47571728
0.47236381
0.47236381
0.46329624
0.46329624
0.45225837
0.45225837
0.45225837
0.45225837
0.45225837
0.45225837
0.44336366
0.44336366
0.44336366
0.44336366
0.4147589
0.4147589
0.4147589
0.4147589
0.38626779
0.38626779
0.38626779
0.3924303
0.3924303
0.3924303
0.3924303
0.40616133
0.40616133
0.40616133
0.38803826
0.38803826
0.38803826
0.38803826
0.38803826
0.37567738
0.37567738
0.35435702
0.35435702
0.35435702
0.35435702
0.35059831
0.35059831
0.30666222
0.28139093
0.28139093
0.28139093
0.2818222
0.2818222
0.2818222
0.27787206
0.27711651
0.27453335
0.27453335
0.26993671
0.24284512
0.23560834
0.2340893
0.2340893
0.2340893
0.55671222
0.56370138
0.57062563
0.58190175
0.59576977
0.60447369
0.60447369
0.60447369
0.60447369
0.60266846
0.60067244
0.60067244
0.60067244
0.60690352
0.60690352
0.60690352
0.60690352
0.60690352
0.60690352
0.60934033
0.63372066
0.64700154
0.64700154
0.65234992
0.65418118
0.65418118
0.65418118
0.65418118
0.65418118
0.65418118
0.65418118
0.65418118
0.65418118
0.65418118
0.64721043
0.64721043
0.64721043
0.63223655
0.63223655
0.60568432
0.60495099
0.60495099
0.60495099
0.63649922
0.63649922
0.63649922
0.63649922
0.63649922
0.63649922
0.63649922
0.63649922
0.63649922
0.59704786
0.59704786
0.59704786
0.59329534
0.52844809
0.5198302
0.51826021
0.51826021
0.49204655
0.49204655
0.47630156
0.422086
0.422086
0.422086
0.42119474
0.42119474
0.42119474
0.42119474
0.38245956
0.38245956
0.38245956
0.38245956
0.36948011
0.36948011
0.36948011
0.38378146
0.38378146
0.38588906
0.38588906
0.38588906
0.36318412
0.36210031
0.33280969
0.33280969
0.33280969
0.33280969
0.33280969
0.33260159
0.33260159
0.33260159
0.33542015
0.33542015
0.33542015
0.33542015
0.33542015
0.33542015
0.33336317
0.33336317
0.32131753
0.31986944
0.3183104
0.31325504
0.31325504
0.31325504
0.33185763
0.33686109
0.33686109
0.33686109
0.33686109
0.35851113
0.39723011
0.4061653
0.4061653
0.4061653
0.4061653
0.4061653
0.4061653
0.43130595
0.45717977
0.50099126
0.5014565
0.50687075
0.50768011
0.50768011
0.50768011
0.50768011
0.50768011
0.51862958
0.53237981
0.53237981
0.53237981
0.54668338
0.54668338
0.54668338
0.53508059
0.53508059
0.53030268
0.5272035
0.52306717
0.52306717
0.52306717
0.52306717
0.52306717
0.52220606
0.52220606
0.52220606
0.52529414
0.52677826
0.52677826
0.52677826
0.52500494
0.52500494
0.52500494
0.52500494
0.52500494
0.51572483
0.51572483
0.51572483
0.50035746
0.50035746
0.50035746
0.47234175
0.46259307
0.46259307
0.45580962
0.45580962
0.45580962
0.45690088
0.45690088
0.45690088
0.45690088
0.45690088
0.45690088
0.45690088
0.43638274
0.41193907
0.41193907
0.41193907
0.41193907
0.41193907
0.40982813
0.40982813
0.40982813
0.40982813
0.39065078
0.39065078
0.39065078
0.39065078
0.39065078
0.39065078
0.38111258
0.38111258
0.36576886
0.36576886
0.36417617
0.36417617
0.36417617
0.34659231
0.34659231
0.34127202
0.34127202
0.34127202
0.3414298
0.3414298
0.35267005
0.35267005
0.35611463
0.35951366
0.35951366
0.35951366
0.36616965
0.36616965
0.36616965
0.36616965
0.36616965
0.37625896
0.37625896
0.37625896
0.37625896
0.37625896
0.37625896
0.36481982
0.36481982
0.36481982
0.37441865
0.37624039
0.37624039
0.37624039
0.37624039
0.40708053
0.41015877
0.41015877
0.41015877
0.41122194
0.41964681
0.42359155
0.42359155
0.42359155
0.42359155
0.42900914
0.43218261
0.43218261
0.44330397
0.45371042
0.45371042
0.45371042
0.45371042
0.45371042
0.45371042
0.44570952
0.44570952
0.44570952
0.44452524
0.4443581
0.43314752
0.43314752
0.43314752
0.44414714
0.80816395
0.81313456
0.81313456
0.81313456
0.81313456
0.81313456
0.81313456
0.81313456
0.80049098
0.77270114
0.77270114
0.77270114
0.77270114
0.77270114
0.77270114
0.77989173
0.77989173
0.77989173
0.77989173
0.77989173
0.79080358
0.79126135
0.79126135
0.79126135
0.79126135
0.79126135
0.79126135
0.79126135
0.82067452
0.82067452
0.82067452
0.80965887
0.80208494
0.80208494
0.80208494
0.80208494
0.80333684
0.80333684
0.80333684
0.79909861
0.79598894
0.79033786
0.78160442
0.76519706
0.75877646
0.75877646
0.75877646
0.75877646
0.75877646
0.75877646
0.7730932
0.77412081
0.77994094
0.79624355
0.79716116
0.79716116
0.79716116
0.79716116
0.7834787
0.7834787
0.7834787
0.76221485
0.75101126
0.735965
0.735965
0.735965
0.7304571
0.7304571
0.72869472
0.72869472
0.72869472
0.71090578
0.70144171
0.70144171
0.70144171
0.70144171
0.70144171
0.68883019
0.67585804
0.67585804
0.67585804
0.67395726
0.63266861
0.63266861
0.63266861
0.63266861
0.63266861
0.61962154
0.61962154
0.59034837
0.59034837
0.5792024
0.5792024
0.5792024
0.5792024
0.5792024
0.5792024
0.5792024
0.57134054
0.55114161
0.5345571
0.5345571
0.5345571
0.5345571
0.5345571
0.5345571
0.5345571
0.53702217
0.53702217
0.53702217
0.54844798
0.54844798
0.54844798
0.5319276
0.5319276
0.51465944
0.51465944
0.51465944
0.51465944
0.51465944
0.51465944
0.51465944
0.51465944
0.48898419
0.48898419
0.48898419
0.48773563
0.47993345
0.47993345
0.47993345
0.47993345
0.47993345
0.47479126
0.47479126
0.47479126
0.47479126
0.50929836
0.55272668
0.58052764
0.58052764
0.58052764
0.5774313
0.5774313
0.5774313
0.5777294
0.5777294
0.5777294
0.57706781
0.57706781
0.57706781
0.62073169
0.62073169
0.62073169
0.62073169
0.61730965
0.61300412
0.61300412
0.61300412
0.61300412
0.61300412
0.61300412
0.61114524
0.61114524
0.61114524
0.61114524
0.61114524
0.61114524
0.61114524
0.64880502
0.65839957
0.65839957
0.6623405
0.6623405
0.6623405
0.6623405
0.6623405
0.6623405
0.65606689
0.60130466
0.59422454
0.58913473
0.58913473
0.58913473
0.59315963
0.59315963
0.59315963
0.55029289
0.55029289
0.55029289
0.55029289
0.5498286
0.54203341
0.54203341
0.54203341
0.54013295
0.54013295
0.54013295
0.54013295
0.54013295
0.54013295
0.54013295
0.55505905
0.57414815
0.57414815
0.57414815
0.5958785
0.5958785
0.5958785
0.60521749
0.63400479
0.64066364
0.64066364
0.64428314
0.65441912
0.67016014
0.7121453
0.74476987
0.77600144
0.79499911
0.79499911
0.79499911
0.81706533
0.82264832
0.82264832
0.8320635
0.84253598
0.84253598
0.86250904
0.86250904
0.87714832
0.88263956
0.88709684
0.89371727
0.90616927
0.90616927
0.90616927
0.90616927
0.9139243
0.94705602
0.95124139
0.95124139
0.95124139
0.95923373
0.97425713
0.97425713
0.97449872
0.97449872
0.97449872
0.97449872
0.97449872
0.98486104
0.98486104
0.98486104
0.97478094
0.97478094
0.97478094
0.97478094
0.964631
0.95689945
0.95689945
0.95689945
0.95689945
0.95689945
0.95131663
0.93853575
0.93853575
0.93275086
0.93275086
0.93275086
0.91914253
0.91914253
0.91914253
0.91914253
0.91914253
0.91914253
0.91914253
0.92900025
0.92900025
0.92900025
0.92900025
0.92900025
0.92900025
0.92617645
0.90671244
0.90671244
0.90671244
0.90671244
0.89354204
0.89354204
0.20256932
0.20256932
0.20256932
0.20256932
0.20256932
0.21145863
0.21145863
0.21145863
0.21145863
0.21145863
0.21145863
0.21145863
0.23341867
0.23341867
0.23341867
0.23341867
0.23341867
0.23867562
0.23867562
0.23867562
0.25235935
0.27561287
0.30994505
0.30994505
0.32687321
0.34561183
0.34561183
0.34561183
0.34561183
0.34561183
0.35742113
0.38459241
0.38459241
0.38459241
0.38459241
0.38459241
0.38459241
0.38459241
0.38459241
0.39881121
0.39881121
0.42317393
0.42336726
0.42336726
0.42336726
0.44059621
0.44059621
0.44059621
0.44059621
0.44059621
0.45401629
0.45401629
0.45401629
0.45401629
0.54879956
0.54879956
0.54879956
0.54879956
0.54879956
0.54879956
0.54879956
0.53043856
0.51708736
0.51708736
0.51708736
0.53430044
0.5511732
0.5511732
0.5511732
0.5609014
0.5609014
0.5609014
0.5609014
0.5609014
0.5312276
0.5312276
0.5312276
0.53342362
0.56781533
0.56781533
0.56781533
0.57106817
0.57509846
0.59205916
0.59205916
0.59205916
0.59205916
0.59765817
0.61188412
0.61188412
0.61188412
0.61188412
0.61188412
0.61188412
0.60273433
0.60273433
0.59540453
0.59540453
0.59540453
0.63786778
0.63786778
0.63786778
0.63786778
0.63786778
0.63786778
0.62658531
0.62658531
0.62658531
0.64938264
0.65704625
0.65704625
0.65704625
0.64172332
0.64172332
0.64172332
0.66688143
0.66688143
0.66688143
0.66688143
0.66688143
0.70139742
0.70797437
0.70899722
0.70899722
0.70899722
0.72990504
0.72990504
0.72990504
0.72990504
0.72990504
0.72990504
0.75313014
0.75851011
0.75851011
0.75851011
0.76833164
0.76839212
0.76839212
0.77373018
0.78473774
0.8225153
0.82637591
0.82637591
0.82637591
0.82637591
0.82637591
0.82985923
0.82985923
0.82985923
0.81461392
0.81461392
0.81461392
0.83371825
0.83371825
0.83371825
0.81107664
0.81107664
0.81107664
0.81107664
0.81107664
0.78639836
0.78639836
0.78639836
0.79303991
0.82826463
0.82826463
0.82826463
0.82504687
0.82230165
0.82230165
0.82230165
0.82230165
0.82230165
0.82230165
0.80544445
0.77249289
0.77249289
0.77249289
0.78183918
0.81177996
0.82037103
0.82037103
0.82037103
0.81699613
0.81699613
0.81699613
0.81699613
0.81699613
0.81408059
0.81408059
0.81408059
0.81408059
0.81408059
0.81408059
0.81194584
0.79331578
0.79318293
0.79318293
0.79318293
0.79318293
0.79318293
0.80029019
0.80029019
0.80029019
0.80029019
0.80029019
0.80029019
0.80029019
0.81040934
0.81040934
0.81040934
0.79846528
0.79846528
0.79846528
0.80835586
0.82615671
0.82615671
0.82615671
0.82615671
0.82615671
0.82615671
0.82615671
0.82615671
0.84658659
0.84658659
0.84658659
0.84303328
0.84303328
0.83904711
0.83904711
0.83904711
0.83904711
0.84079281
0.84795579
0.84795579
0.84795579
0.84884166
0.84901547
0.85568908
0.85790938
0.85790938
0.85790938
0.86127841
0.86127841
0.86127841
0.85647542
0.85647542
0.85647542
0.86564521
0.86564521
0.86797536
0.88387352
0.88387352
0.88387352
0.88387352
0.87282422
0.87282422
0.87282422
0.87282422
0.87282422
0.88603637
0.89120205
0.89120205
0.89120205
0.87389675
0.87389675
0.87389675
0.8872462
0.8872462
0.8872462
0.8872462
0.8872462
0.88478526
0.88478526
0.87520754
0.85531543
0.8454993
0.8454993
0.8454993
0.84204297
0.83988123
0.83666077
0.83666077
0.83666077
0.83373825
0.83373825
0.83360492
0.82101515
0.81197346
0.79463514
0.78644566
0.78049967
0.78049967
0.78049967
0.78049967
0.78049967
0.78049967
0.77919634
0.77919634
0.7631158
0.7631158
0.7631158
0.7631158
0.7631158
0.75745107
0.75654314
0.74932302
0.73745499
0.73745499
0.73705182
0.73368898
0.73368898
0.73368898
0.73368898
0.73368898
0.73066455
0.72059636
0.72059636
0.72059636
0.71168292
0.71168292
0.71168292
0.72499871
0.72499871
0.72499871
0.72221667
0.72221667
0.70614501
0.70614501
0.70614501
0.70358804
0.70151504
0.69700729
0.69700729
0.69700729
0.70090917
0.70546708
0.70546708
0.70546708
0.70546708
0.70322979
0.70301344
0.70301344
0.6944927
0.6944927
0.6944927
0.6944927
0.6944927
0.6944927
0.6944927
0.6944927
0.6944927
0.71205307
0.72133112
0.72133112
0.72972059
0.73454771
0.73930292
0.73930292
0.73930292
0.7357631
0.73436644
0.73436644
0.73436644
0.73436644
0.73436644
0.72191651
0.72191651
0.72191651
0.72191651
0.72981599
0.72981599
0.72981599
0.72783409
0.72783409
0.72783409
0.71183022
0.71183022
0.71183022
0.71183022
0.71610035
0.71610035
0.71610035
0.70362296
0.70362296
0.69611412
0.69611412
0.69611412
0.69611412
0.69356985
0.69356985
0.67520884
0.67192124
0.67192124
0.67192124
0.6735171
0.6735171
0.6735171
0.66926205
0.66241098
0.66241098
0.65321246
0.65321246
0.65321246
0.65321246
0.65321246
0.65321246
0.65321246
0.65037803
0.65037803
0.65037803
0.65037803
0.65037803
0.65037803
0.65037803
0.65037803
0.64524219
0.63824953
0.63824953
0.63824953
0.53623662
0.51128295
0.51128295
0.51128295
0.51128295
0.51128295
0.51849799
0.51849799
0.53735931
0.53735931
0.53735931
0.52532113
0.52532113
0.52532113
0.52532113
0.52532113
0.52532811
0.52532811
0.52532811
0.52532811
0.52532811
0.52532811
0.52122575
0.51323532
0.50230538
0.50230538
0.50230538
0.50230538
0.4984716
0.49789366
0.49789366
0.49789366
0.49940334
0.49940334
0.49940334
0.49940334
0.49940334
0.47873806
0.47873806
0.47873806
0.48280883
0.48280883
0.48280883
0.48035329
0.48035329
0.48035329
0.49247004
0.49247004
0.49247004
0.49247004
0.49247004
0.49247004
0.49247004
0.49247004
0.49247004
0.49247004
0.47625998
0.47625998
0.47625998
0.47625998
0.47625998
0.47625998
0.47625998
0.47625998
0.47625998
0.47625998
0.47625998
0.4926248
0.4926248
0.4926248
0.4926248
0.4926248
0.4926248
0.49044672
0.46229149
0.45795722
0.45795722
0.45795722
0.47176286
0.47176286
0.47176286
0.45399201
0.45399201
0.45399201
0.45399201
0.45399201
0.44829252
0.44829252
0.44207684
0.42544852
0.42544852
0.42496757
0.42496757
0.42168442
0.41632111
0.41632111
0.41632111
0.38181163
0.37108217
0.22906123
0.22906123
0.22906123
0.22906123
0.22906123
0.22906123
0.22154254
0.19213827
0.19213827
0.19213827
0.20866754
0.22196254
0.22196254
0.22196254
0.21626083
0.2145056
0.2145056
0.2145056
0.21871637
0.22508681
0.22508681
0.22508681
0.21601797
0.21601797
0.21601797
0.20474058
0.20474058
0.20474058
0.20474058
0.20474058
0.20474058
0.20507597
0.20507597
0.20507597
0.1724179
0.1724179
0.1724179
0.18799908
0.19288779
0.19288779
0.19288779
0.19003304
0.17335091
0.16167955
0.16167955
0.15990131
0.15340849
0.15340849
0.15340849
0.15314659
0.15314659
0.15314659
0.15314659
0.15314659
0.15314659
0.15314659
0.15314659
0.15314659
0.15314659
0.15982861
0.17053744
0.17053744
0.17053744
0.17053744
0.17580122
0.18282388
0.18282388
0.22101715
0.22865615
0.22865615
0.22865615
0.22865615
0.2323301
0.2323301
0.2323301
0.2323301
0.2323301
0.2323301
0.2323301
0.2323301
0.22468586
0.20826786
0.20826786
0.20562994
0.20562994
0.20562994
0.20562994
0.20562994
0.20562994
0.20562994
0.1987514
0.18470275
0.18470275
0.18470275
0.18470275
0.18470275
0.18446958
0.18446958
0.18446958
0.18947701
0.18947701
0.20359852
0.20359852
0.20359852
0.20359852
0.20359852
0.20359852
0.20359852
0.20359852
0.20359852
0.20359852
0.20359852
0.20499423
0.22956758
0.22956758
0.23480406
0.23480406
0.2443813
0.2443813
0.2443813
0.22184064
0.22184064
0.22184064
0.23019868
0.23019868
0.23019868
0.23410295
0.23410295
0.23410295
0.23410295
0.23410295
0.23410295
0.23410295
0.23410295
0.23410295
0.23193582
0.23193582
0.23193582
0.23252962
0.23343803
0.23929022
0.24231481
0.24411226
0.24645288
0.2527111
0.25430759
0.25430759
0.25430759
0.2512292
0.2512292
0.2512292
0.2512292
0.2512292
0.25400871
0.25527807
0.25527807
0.26126327
0.26747371
0.26918989
0.26918989
0.26918989
0.26918989
0.26918989
0.26038169
0.26038169
0.26038169
0.25296665
0.25005349
0.2275206
0.2275206
0.2275206
0.23018091
0.23018091
0.23018091
0.2170367
0.2170367
0.2170367
0.2170367
0.21589829
0.21589829
0.21242117
0.2053701
0.2053701
0.16462335
0.16462335
0.16462335
0.18253927
0.20132647
0.20132647
0.21946636
0.21946636
0.21946636
0.21946636
0.22007319
0.22007319
0.23573072
0.23714404
0.23714404
0.24742446
0.24742446
0.26991735
0.26991735
0.26991735
0.26991735
0.26991735
0.26991735
0.30683063
0.31003267
0.31917611
0.32292609
0.32474053
0.34347216
0.38106084
0.38106084
0.38106084
0.38539685
0.38539685
0.40551594
0.40551594
0.40551594
0.40551594
0.40551594
0.42373282
0.42373282
0.42373282
0.42373282
0.42373282
0.42373282
0.41267986
0.4115813
0.4115813
0.4115813
0.4115813
0.4115813
0.4115813
0.4115813
0.4115813
0.4115813
0.42542947
0.42542947
0.42542947
0.42542947
0.42542947
0.42542947
0.42542947
0.42542947
0.43479736
0.43975352
0.43975352
0.43975352
0.41869316
0.41869316
0.41869316
0.41869316
0.41869316
0.41869316
0.41869316
0.42269378
0.42269378
0.42269378
0.40548197
0.39027428
0.39027428
0.39027428
0.40392134
0.40392134
0.40392134
0.4297312
0.44426032
0.44426032
0.44426032
0.44426032
0.4668794
0.46819431
0.4746011
0.50008
0.50487569
0.50487569
0.50487569
0.50487569
0.50487569
0.53206363
0.53206363
0.53231378
0.53231378
0.53231378
0.55094828
0.55094828
0.55094828
0.55094828
0.56267694
0.56267694
0.58259572
0.58259572
0.58259572
0.58259572
0.58259572
0.58259572
0.56382138
0.56382138
0.56382138
0.56382138
0.56382138
0.56382138
0.56382138
0.56382138
0.55587778
0.55503572
0.54692529
0.53616456
0.53579995
0.53579995
0.53579995
0.55028019
0.55028019
0.55028019
0.55028019
0.55028019
0.55028019
0.55028019
0.50826884
0.50826884
0.50826884
0.50826884
0.50826884
0.46804971
0.46340497
0.43901146
0.43901146
0.43901146
0.43901146
0.43901146
0.43901146
0.43901146
0.42255187
0.40448531
0.39698043
0.39698043
0.39698043
0.37750403
0.37750403
0.37750403
0.3322827
0.3297705
0.3297705
0.3297705
0.33928568
0.33928568
0.33928568
0.33928568
0.33928568
0.33928568
0.33928568
0.33928568
0.33790997
0.32917447
0.31368789
0.29892226
0.29892226
0.29892226
0.30416826
0.30416826
0.30416826
0.30416826
0.30757364
0.30757364
0.30757364
0.30757364
0.35816351
0.3629311
0.3629311
0.3629311
0.3629311
0.3629311
0.3629311
0.3629311
0.3629311
0.33308429
0.29897131
0.29897131
0.29897131
0.30783062
0.30783062
0.30783062
0.30783062
0.32222737
0.32222737
0.32222737
0.32222737
0.32222737
0.32222737
0.29960607
0.29960607
0.29960607
0.31509995
0.31509995
0.31509995
0.31509995
0.31509995
0.31509995
0.28269823
0.28269823
0.28269823
0.28269823
0.28269823
0.28245759
0.28245759
0.27421034
0.23727896
0.23727896
0.23727896
0.23727896
0.23727896
0.23727896
0.23727896
0.19389461
0.17457694
0.17063252
0.17063252
0.17063252
0.17063252
0.13118385
0.13118385
0.13118385
0.13118385
0.13118385
0.11864043
0.11864043
0.11864043
0.10776462
0.09967435
0.09967435
0.09967435
0.10191958
0.12679324
0.12830165
0.12830165
0.12830165
0.09996768
0.09996768
0.09996768
0.09996768
0.09642135
0.08269905
0.08269905
0.08269905
0.07976304
0.07730956
0.07730956
0.07730956
0.25807345
0.25807345
0.27065464
0.27065464
0.27065464
0.27065464
0.27147146
0.27147146
0.27147146
0.27147146
0.25996248
0.224833
0.21372656
0.21372656
0.18931717
0.18205134
0.17690264
0.16496334
0.16310383
0.15867925
0.15867925
0.15867925
0.15867925
0.15867925
0.14095999
0.13986603
0.13986603
0.13986603
0.13986603
0.12886672
0.12886672
0.12886672
0.14070904
0.14070904
0.14599202
0.14599202
0.14599202
0.14548123
0.14548123
0.14548123
0.14548123
0.11922662
0.11455569
0.11455569
0.11455569
0.1222947
0.1222947
0.1222947
0.1222947
0.1222947
0.14627869
0.15573705
0.15581292
0.16123289
0.16123289
0.17437853
0.17833406
0.19007558
0.19007558
0.20137171
0.20137171
0.20508676
0.20508676
0.20508676
0.24020656
0.24249814
0.24854556
0.24854556
0.26239612
0.27114575
0.27114575
0.27114575
0.27114575
0.27114575
0.27114575
0.27437684
0.30223272
0.30223272
0.30223272
0.29858575
0.29858575
0.29858575
0.29858575
0.29858575
0.29858575
0.31374852
0.31680502
0.31680502
0.31680502
0.31680502
0.31680502
0.31680502
0.31680502
0.31680502
0.31680502
0.31680502
0.33511824
0.34141011
0.35496781
0.3664541
0.3664541
0.3664541
0.3664541
0.3664541
0.3664541
0.3664541
0.3664541
0.3664541
0.3664541
0.3664541
0.3664541
0.3664541
0.3664541
0.3664541
0.352311
0.352311
0.352311
0.35858509
0.35858509
0.37523484
0.37523484
0.37523484
0.37523484
0.38735271
0.38735271
0.38735271
0.37502357
0.37502357
0.37502357
0.37502357
0.37502357
0.37502357
0.37502357
0.38234845
0.38234845
0.38234845
0.19953362
0.19953362
0.19953362
0.21573289
0.22628569
0.2369869
0.24916683
0.24916683
0.24916683
0.23525961
0.23173201
0.23173201
0.23098138
0.23098138
0.23098138
0.22406999
0.20449137
0.20449137
0.20449137
0.20629549
0.21614273
0.21614273
0.21816891
0.21816891
0.21816891
0.21816891
0.21816891
0.21816891
0.21816891
0.21816891
0.22341793
0.22341793
0.22341793
0.23905768
0.26060184
0.27016592
0.27016592
0.27016592
0.26680355
0.26680355
0.26680355
0.26680355
0.26680355
0.26680355
0.26680355
0.27028211
0.27030322
0.27030322
0.27030322
0.26122311
0.25150825
0.24766509
0.24766509
0.24766509
0.2545022
0.25659012
0.25659012
0.25659012
0.25659012
0.25659012
0.25659012
0.26862656
0.26862656
0.26862656
0.25618536
0.25618536
0.04351928
0.01227961
0.01227961
0.01227961
0.01531721
0.01853402
0.01853402
0.01853402
0.01853402
0.01853402
0.01853402
0.0086363
0.0086363
0.0086363
0.0086363
0.0086363
0.0086363
0.0086363
0.01788371
0.01788371
0.02322479
0.02322479
0.02322479
0.02322479
0.02322479
0.03213617
0.04931512
0.05517349
0.05517349
0.08553602
0.11501045
0.11501045
0.12393437
0.12393437
0.12393437
0.1254896
0.13422638
0.14677488
0.15818624
0.15818624
0.15818624
0.158451
0.158451
0.1685111
0.1685111
0.17904326
0.17904326
0.17904326
0.17904326
0.17904326
0.17904326
0.17904326
0.17904326
0.17904326
0.17904326
0.18407593
0.21523671
0.22398078
0.24274464
0.24274464
0.24274464
0.24274464
0.24223211
0.24223211
0.24223211
0.24223211
0.24223211
0.24223211
0.24223211
0.24223211
0.24223211
0.24223211
0.24223211
0.24754287
0.24754287
0.27691985
0.30118177
0.30425906
0.30425906
0.30425906
0.30425906
0.30425906
0.30425906
0.30425906
0.27746841
0.27746841
0.27746841
0.2639869
0.2639869
0.2639869
0.28513059
0.2924788
0.32539481
0.34192455
0.34192455
0.34192455
0.34192455
0.34192455
0.34192455
0.32936415
0.32936415
0.32936415
0.31627438
0.31627438
0.31627438
0.31627438
0.30841871
0.30841871
0.30841871
0.2915977
0.28257553
0.28257553
0.28257553
0.2723767
0.25719647
0.25719647
0.25719647
0.23751388
0.23751388
0.23751388
0.23751388
0.21908145
0.21908145
0.21908145
0.21908145
0.21908145
0.21908145
0.21908145
0.26067756
0.26067756
0.26067756
0.26067756
0.26067756
0.26067756
0.26067756
0.26011518
0.26011518
0.26011518
0.26011518
0.27482303
0.29444229
0.29444229
0.29444229
0.28031602
0.27088163
0.27088163
0.26209787
0.26209787
0.26209787
0.2680545
0.2680545
0.2680545
0.2680545
0.2680545
0.29916004
0.29916004
0.29916004
0.29916004
0.28939755
0.28939755
0.28939755
0.32923748
0.32923748
0.32923748
0.32923748
0.32923748
0.32923748
0.32923748
0.32923748
0.33220302
0.33220302
0.33220302
0.37691816
0.39103237
0.39728519
0.41880126
0.41880126
0.41880126
0.41880126
0.41880126
0.43654052
0.43654052
0.44394413
0.44394413
0.45872897
0.48549215
0.4921883
0.49651399
0.50888217
0.52758778
0.52758778
0.52758778
0.54052247
0.54815226
0.55175828
0.58019049
0.58547078
0.60982858
0.61274888
0.61274888
0.61274888
0.61274888
0.62717086
0.63754842
0.64820868
0.64820868
0.64820868
0.67337028
0.67337028
0.67337028
0.6655735
0.6655735
0.6655735
0.66635
0.66635
0.66635
0.65756545
0.65756545
0.65756545
0.65756545
0.65756545
0.65445737
0.65445737
0.51986258
0.51986258
0.51986258
0.51986258
0.51872529
0.51872529
0.51872529
0.51872529
0.51872529
0.51872529
0.51872529
0.507969
0.507969
0.507969
0.507969
0.507969
0.507969
0.50330617
0.50330617
0.50330617
0.50330617
0.49002149
0.47750854
0.47295984
0.47295984
0.47295984
0.47295984
0.47295984
0.47295984
0.46101943
0.44631301
0.44631301
0.44631301
0.44631301
0.44631301
0.3966417
0.3966417
0.3966417
0.40045152
0.40045152
0.40045152
0.40045152
0.38819762
0.35697574
0.35697574
0.35697574
0.35697574
0.35337846
0.35337846
0.35337846
0.35337846
0.34827341
0.34827341
0.34827341
0.39616186
0.39616186
0.39616186
0.39616186
0.39616186
0.39616186
0.39616186
0.36764139
0.36764139
0.36764139
0.36764409
0.38066497
0.38066497
0.38392098
0.38392098
0.39595123
0.39595123
0.39595123
0.39595123
0.39595123
0.39595123
0.39595123
0.41706381
0.42446059
0.43480339
0.43480339
0.43480339
0.49624478
0.50996931
0.50996931
0.50996931
0.50543981
0.49659446
0.49659446
0.49659446
0.5044149
0.5044149
0.5044149
0.5044149
0.5171007
0.5171007
0.5171007
0.50580394
0.50580394
0.50580394
0.50580394
0.50580394
0.50306157
0.50306157
0.46909954
0.46909954
0.46909954
0.46909954
0.46915018
0.46915018
0.46932557
0.46932557
0.46932557
0.46932557
0.46932557
0.46932557
0.46781907
0.46781907
0.46781907
0.47351158
0.47351158
0.47351158
0.47872409
0.50368855
0.51239152
0.51239152
0.52606366
0.5623671
0.5623671
0.5623671
0.53851676
0.53851676
0.53851676
0.56408948
0.56408948
0.56408948
0.56408948
0.56408948
0.56408948
0.56408948
0.56408948
0.539712
0.539712
0.539712
0.53710344
0.51886164
0.51886164
0.51886164
0.51886164
0.51886164
0.51886164
0.51886164
0.53783089
0.54933035
0.54933035
0.54933035
0.54933035
0.5430115
0.5430115
0.5430115
0.5439507
0.5439507
0.5439507
0.57324434
0.57324434
0.57324434
0.57324434
0.57324434
0.56564756
0.56564756
0.56564756
0.57223832
0.57252546
0.57252546
0.57252546
0.55038209
0.55038209
0.55038209
0.55038209
0.55038209
0.55038209
0.55038209
0.57389069
0.57389069
0.57389069
0.55817999
0.55246272
0.55184605
0.55184605
0.55184605
0.55204748
0.55204748
0.55204748
0.55204748
0.55305128
0.55305128
0.55305128
0.55305128
0.55768443
0.56641549
0.56641549
0.57883987
0.59568437
0.59568437
0.59568437
0.59568437
0.59568437
0.59568437
0.59653278
0.63899365
0.63899365
0.65603038
0.71728162
0.71728162
0.72374332
0.73723785
0.73723785
0.73723785
0.72683505
0.71760749
0.71760749
0.71166101
0.71166101
0.71166101
0.71166101
0.71166101
0.70213218
0.70156456
0.69796887
0.69796887
0.69796887
0.69796887
0.68080325
0.68080325
0.68080325
0.66823507
0.66823507
0.66823507
0.66823507
0.65654561
0.62481691
0.62481691
0.62481691
0.65518657
0.65518657
0.65518657
0.58658078
0.58658078
0.58658078
0.58658078
0.57159689
0.57159689
0.52580509
0.52258638
0.51010804
0.50152539
0.50152539
0.50152539
0.50152539
0.49933064
0.48909943
0.48909943
0.48909943
0.49996635
0.50579155
0.52209575
0.52523589
0.53469567
0.53835788
0.55098622
0.55098622
0.55098622
0.55098622
0.55098622
0.58762823
0.5926682
0.59438867
0.59438867
0.59438867
0.59438867
0.59438867
0.59438867
0.60613876
0.60613876
0.60803002
0.60803002
0.60803002
0.60803002
0.58535586
0.58535586
0.58535586
0.58535586
0.58535586
0.5608814
0.54970749
0.54970749
0.54970749
0.54970749
0.54184548
0.54184548
0.54184548
0.54184548
0.54184548
0.54093151
0.52487605
0.51431754
0.50373918
0.45667247
0.45667247
0.45667247
0.45667247
0.45667247
0.45667247
0.45667247
0.45667247
0.42136188
0.42136188
0.42136188
0.42136188
0.42136188
0.42136188
0.42136188
0.42136188
0.42136188
0.42136188
0.42347647
0.42347647
0.42347647
0.42347647
0.42347647
0.41073845
0.41073845
0.41073845
0.37204406
0.37204406
0.37204406
0.37934625
0.37934625
0.37934625
0.37934625
0.38511415
0.41143162
0.41143162
0.41260955
0.42213219
0.45526311
0.4677413
0.48116328
0.48116328
0.48116328
0.48116328
0.48116328
0.46780098
0.46780098
0.46780098
0.48223677
0.49309575
0.50730885
0.50730885
0.50730885
