0.44839399
0.45592323
0.4501736
0.4501736
0.4501736
0.45539133
0.45830446
0.45830446
0.45830446
0.45769135
0.45769135
0.45769135
0.45769135
0.45769135
0.45769135
0.45378812
0.45378812
0.45378812
0.45378812
0.45240557
0.45222312
0.44988406
0.44988406
0.44988406
0.45371506
0.4606861
0.46543874
0.46665075
0.46703339
0.46703339
0.46703339
0.46400295
0.46113136
0.46113136
0.46113136
0.46113136
0.45947305
0.45216696
0.45216696
0.45122675
0.45122675
0.45122675
0.45725089
0.45746862
0.45934028
0.46077148
0.46077148
0.46077148
0.46077148
0.46077148
0.46077148
0.46077148
0.46032162
0.46032162
0.46032162
0.46032162
0.46032162
0.45799258
0.45799258
0.45799258
0.45700268
0.45700268
0.45700268
0.45890065
0.45913675
0.45913675
0.46331762
0.46519429
0.46525232
0.46582221
0.46582221
0.46582221
0.46582221
0.46582221
0.46582221
0.46582221
0.46302536
0.46302536
0.46302536
0.46435427
0.46435427
0.46545544
0.46545544
0.46545544
0.46401818
0.46185427
0.46185427
0.46185427
0.46484254
0.46484254
0.46484254
0.46484254
0.46484254
0.46149584
0.46029761
0.45893969
0.45893969
0.45893969
0.45893969
0.45893969
0.45880442
0.45736675
0.45736675
0.45736675
0.46248512
0.46248512
0.46248512
0.46151359
0.46151359
0.46151359
0.46151359
0.46189832
0.46323558
0.46476217
0.46476217
0.46476217
0.46798425
0.47225885
0.47994987
0.48424242
0.48424242
0.48424242
0.4802726
0.4785051
0.47762333
0.47756822
0.47301787
0.47238848
0.47238848
0.47238848
0.47238848
0.47574269
0.47574269
0.47574269
0.47482482
0.47468287
0.47468287
0.47468287
0.47468287
0.47576816
0.48087944
0.48203466
0.48595877
0.49194492
0.49194492
0.49194492
0.49194492
0.48973529
0.48838947
0.48515487
0.48409817
0.48409817
0.48409817
0.47994047
0.47892198
0.47892198
0.47892198
0.47892198
0.47892198
0.4787913
0.4787913
0.47348025
0.47348025
0.47348025
0.47348025
0.47236447
0.47210458
0.47093933
0.47093933
0.47093933
0.47279179
0.47279179
0.47279179
0.47279179
0.47279179
0.4726943
0.4721814
0.4721814
0.47146998
0.47146998
0.47146998
0.47293416
0.4773482
0.48184345
0.48184345
0.48184345
0.47894577
0.47894577
0.47894577
0.47894577
0.47846919
0.47340719
0.47340719
0.47340719
0.4755281
0.4755281
0.47566045
0.47566045
0.47566045
0.47592139
0.47592139
0.47592139
0.47592139
0.47592139
0.47498117
0.47498117
0.47498117
0.47498117
0.47722859
0.47722859
0.47722859
0.47722859
0.47722859
0.47722859
0.47722859
0.47722859
0.47722859
0.47626374
0.47520996
0.47520996
0.47520996
0.47556609
0.47679793
0.47802351
0.47802351
0.47802351
0.47802351
0.47802351
0.47584227
0.4724223
0.4724223
0.4724223
0.4724223
0.47091198
0.47091198
0.47076774
0.47076774
0.46892927
0.46892927
0.46892927
0.46892927
0.47046484
0.47172131
0.47172131
0.47172131
0.47172131
0.46831491
0.46831491
0.46831491
0.47275213
0.477205
0.48811684
0.48811684
0.48811684
0.48811684
0.48811684
0.48251771
0.48251771
0.48251771
0.48251771
0.48251771
0.4766088
0.47504547
0.46741373
0.46578443
0.44779154
0.44591925
0.44591925
0.44591925
0.44591925
0.44245794
0.44245794
0.44245794
0.45313369
0.45313369
0.45313369
0.45171188
0.45171188
0.45171188
0.46500224
0.46570698
0.4681788
0.4681788
0.4681788
0.4681788
0.46182859
0.45250723
0.45250723
0.45250723
0.40687526
0.40687526
0.40687526
0.40906945
0.40906945
0.41717442
0.42296476
0.44684381
0.44684381
0.44684381
0.43148577
0.42858559
0.42858559
0.42858559
0.44080276
0.44080276
0.44080276
0.43746149
0.43746149
0.43746149
0.43746149
0.43746149
0.43746149
0.43746149
0.43746149
0.43746149
0.43766377
0.43961037
0.44168515
0.4446801
0.4446801
0.44617372
0.44617372
0.44934089
0.44934089
0.44934089
0.44934089
0.44934089
0.45061949
0.45342949
0.45759658
0.47215071
0.47215071
0.47215071
0.45910794
0.44713397
0.44713397
0.44025291
0.44025291
0.44025291
0.44025291
0.44025291
0.44025291
0.44025291
0.44025291
0.43704106
0.43704106
0.43704106
0.43773892
0.43967738
0.43967738
0.44073241
0.44073241
0.44073596
0.44073596
0.44073596
0.44073596
0.44260365
0.4435756
0.4435756
0.4435756
0.44073241
0.44073241
0.44073241
0.44240137
0.44240137
0.44240137
0.44240137
0.44444714
0.44444714
0.44444714
0.44444714
0.44444714
0.44444714
0.44444714
0.44161021
0.44161021
0.44161021
0.43956883
0.43543305
0.43543305
0.43533723
0.43533723
0.43533723
0.43299609
0.43299609
0.43299609
0.43299609
0.43299609
0.43288044
0.43288044
0.43288044
0.4331585
0.4331585
0.43386596
0.43386596
0.43386596
0.43386596
0.43386596
0.43337831
0.43337831
0.43337831
0.43337831
0.4348665
0.4348665
0.4348665
0.4348665
0.43574993
0.43780279
0.43780279
0.43780279
0.4374857
0.4374857
0.43585661
0.43585661
0.42985146
0.42985146
0.42985146
0.43165424
0.4330441
0.4330441
0.4330441
0.4330441
0.43318146
0.43356723
0.43356723
0.43356723
0.43356723
0.43576559
0.43576559
0.43576559
0.43385489
0.43173732
0.43173732
0.43173732
0.43173732
0.43173732
0.43173732
0.43173732
0.43173732
0.43332988
0.43332988
0.43332988
0.43332988
0.43332988
0.43332988
0.43348791
0.43348791
0.43348791
0.43348791
0.43348791
0.43348791
0.43348791
0.43348791
0.43348791
0.43348791
0.43348791
0.43348791
0.43348791
0.43348791
0.43344866
0.43344866
0.43344866
0.43344866
0.43344866
0.43344866
0.43344866
0.43345472
0.43345472
0.43345472
0.43345472
0.43345472
0.43393025
0.43393025
0.43393025
0.43139831
0.43139831
0.43139831
0.43098268
0.43089376
0.43089376
0.43036979
0.43036979
0.43036979
0.43036979
0.43049671
0.43072571
0.43072571
0.43072571
0.43143484
0.43143484
0.43143484
0.43143484
0.43143484
0.43143484
0.43143484
0.43248924
0.43302552
0.43302552
0.43302552
0.43302552
0.42962246
0.42243641
0.4219496
0.4219496
0.4219496
0.4219496
0.4219496
0.4219496
0.4219496
0.4219496
0.4219496
0.4219496
0.4219496
0.4219496
0.42141958
0.42141958
0.42141958
0.42141958
0.41977149
0.41755894
0.41755894
0.41755894
0.41755894
0.41755894
0.41755894
0.41755894
0.41924022
0.41924022
0.41924022
0.41790797
0.41790797
0.41790797
0.41790797
0.42004976
0.42034264
0.42034264
0.42034264
0.42034264
0.42034264
0.42034264
0.42034264
0.41799732
0.41799732
0.41799732
0.41865655
0.41865655
0.41865655
0.41865655
0.42129558
0.4215964
0.4215964
0.42167155
0.42367723
0.42415276
0.42415276
0.42415276
0.42415276
0.42367389
0.42367389
0.42367389
0.42367389
0.42367389
0.42367389
0.42367389
0.42367389
0.42381793
0.42381793
0.42381793
0.42381793
0.42423188
0.42617201
0.42617201
0.42617201
0.42617201
0.42617201
0.4271354
0.42771134
0.42771134
0.42771134
0.42771134
0.42771134
0.42814116
0.42814116
0.42814116
0.42814116
0.42974187
0.42974187
0.42974187
0.42710576
0.42710576
0.42710576
0.42710576
0.42710576
0.42710576
0.42710576
0.42710576
0.42710576
0.42710576
0.42710576
0.42710576
0.42710576
0.42710576
0.42710576
0.42710576
0.42710576
0.42721076
0.42826015
0.42826015
0.42826015
0.42826015
0.42826015
0.42826015
0.42739905
0.42739905
0.42739905
0.42739905
0.42647742
0.42647742
0.42631689
0.42631689
0.4259046
0.4259046
0.4259046
0.4259046
0.4259046
0.4259046
0.4259046
0.4259046
0.4259046
0.4260309
0.4260309
0.42624675
0.42624675
0.42801529
0.42801529
0.42801529
0.42772262
0.42772262
0.42772262
0.42772262
0.42748944
0.42748944
0.42748944
0.42748944
0.42709365
0.42633546
0.42606137
0.42606137
0.42592527
0.42592527
0.42361314
0.42361314
0.42361314
0.4250387
0.4250387
0.42636866
0.42636866
0.42671936
0.42671936
0.42671936
0.4244972
0.4240225
0.42337871
0.42326494
0.42326494
0.42326494
0.42395946
0.42395946
0.42544618
0.42544618
0.42544618
0.42351545
0.42351545
0.42351545
0.4239365
0.4239365
0.4239365
0.4239365
0.42408701
0.42408701
0.42500927
0.4255395
0.4271164
0.4271164
0.4271164
0.4271164
0.4271164
0.4271164
0.4271164
0.4271164
0.4271164
0.4271164
0.4271164
0.4271164
0.42720491
0.42720491
0.42720491
0.42720491
0.42759006
0.42817936
0.42817936
0.42982411
0.42982411
0.42982411
0.42958885
0.42930892
0.42828374
0.42764621
0.42764621
0.42605135
0.42605135
0.42605135
0.42605135
0.42605135
0.42605135
0.42605135
0.42605135
0.42605135
0.42707632
0.42707632
0.42707632
0.42707632
0.42524766
0.42524766
0.4250529
0.42480031
0.42480031
0.42480031
0.42638223
0.42709574
0.42709574
0.42773806
0.42910476
0.42910476
0.42910476
0.43125427
0.43125427
0.43125427
0.43125427
0.43125427
0.43080462
0.43080462
0.4299813
0.4299813
0.4299813
0.43042344
0.43042344
0.43042344
0.43042344
0.43042344
0.41310774
0.41310774
0.41310774
0.4120502
0.4120502
0.40952974
0.4076848
0.4076848
0.4076848
0.4076848
0.40761069
0.40761069
0.40761069
0.40761069
0.40761069
0.40761069
0.41094194
0.41094194
0.41214623
0.41214623
0.41628514
0.42266875
0.42266875
0.42266875
0.42249528
0.42249528
0.42004057
0.42004057
0.42004057
0.42004057
0.42004057
0.42004057
0.41659764
0.41296516
0.41296516
0.41296516
0.41296516
0.41296516
0.41158865
0.41007458
0.41007458
0.41007458
0.41007458
0.40413519
0.40413519
0.39791775
0.39588618
0.39588618
0.39550667
0.39550667
0.39550667
0.39550667
0.40445771
0.40491926
0.40491926
0.40491926
0.4014732
0.4014732
0.39816783
0.39816783
0.39816783
0.40017978
0.40061565
0.40061565
0.40463975
0.40463975
0.40463975
0.40219631
0.40219631
0.40219631
0.40510171
0.40510171
0.40510171
0.40510171
0.40510171
0.40442223
0.40379931
0.40379931
0.39591248
0.39591248
0.39591248
0.39591248
0.39591248
0.39591248
0.40449654
0.40697651
0.40697651
0.41370038
0.41370038
0.41370038
0.41362064
0.41319583
0.4113941
0.4099391
0.40940721
0.4069095
0.4069095
0.4069095
0.4069095
0.4069095
0.40638031
0.40422517
0.40313381
0.40313381
0.40313381
0.40313381
0.40313381
0.40137112
0.39997624
0.39959632
0.39959632
0.39959632
0.39959632
0.39959632
0.40368596
0.40368596
0.40566137
0.40566137
0.40566137
0.40566137
0.40566137
0.41083444
0.41083444
0.41083444
0.41083444
0.41083444
0.41083444
0.40760777
0.40551546
0.40551546
0.40551546
0.40551546
0.40551546
0.40551546
0.40551546
0.40595613
0.40658719
0.40658719
0.40658719
0.40658719
0.40677986
0.41208966
0.41208966
0.41208966
0.41196775
0.41165566
0.41165566
0.40664939
0.40540691
0.40540691
0.40540691
0.40640599
0.4083002
0.41124338
0.4123197
0.4123197
0.41655213
0.41655213
0.41655213
0.41573445
0.41573445
0.41573445
0.41573445
0.41353609
0.41353609
0.41353609
0.41394921
0.41847786
0.42026728
0.42098475
0.42098475
0.42321422
0.42321422
0.42321422
0.42321422
0.42321422
0.42508191
0.42542802
0.42618871
0.4280752
0.4280752
0.4280752
0.4280752
0.4280752
0.42868517
0.42868517
0.42868517
0.42733643
0.42733643
0.42733643
0.42733643
0.42733643
0.42733643
0.42737463
0.42737463
0.42737463
0.42737463
0.42518733
0.42518733
0.42518733
0.42205293
0.41950554
0.41786267
0.41786267
0.41786267
0.41812674
0.41812674
0.41812674
0.41793991
0.41793991
0.41793991
0.41793991
0.41793991
0.41765329
0.41765329
0.41765329
0.41765329
0.41765329
0.41765329
0.4194091
0.4194091
0.4194091
0.41970052
0.41970052
0.42197611
0.42206859
0.42206859
0.42206859
0.42206859
0.42208592
0.42208592
0.42574157
0.42574157
0.42652668
0.42652668
0.42652668
0.42607119
0.42543867
0.42543867
0.42543867
0.42122169
0.42004433
0.41835887
0.41835887
0.41778648
0.41593652
0.41593652
0.41495623
0.41248253
0.41248253
0.41248253
0.41248253
0.41248253
0.41892271
0.41892271
0.4206017
0.4206017
0.4206017
0.4206017
0.42716796
0.42716796
0.42716796
0.42716796
0.42716796
0.42447403
0.42425422
0.42425422
0.42425422
0.42425422
0.42453582
0.42453582
0.42515706
0.42515706
0.42519026
0.42519026
0.42519026
0.42519026
0.4266035
0.4266035
0.42781843
0.42781843
0.42781843
0.42688511
0.42688511
0.42688511
0.42688511
0.42798251
0.42856806
0.42856806
0.42856806
0.42793659
0.42632732
0.42611461
0.42422541
0.42357076
0.42348309
0.42348309
0.42348309
0.42564972
0.42690494
0.4273692
0.4273692
0.4273692
0.4273692
0.4260906
0.4260906
0.4260906
0.4260906
0.4260906
0.4260906
0.4260906
0.4260906
0.4260906
0.42576036
0.42563385
0.42539003
0.42539003
0.42539003
0.42676716
0.42676716
0.42676716
0.42662646
0.42515122
0.42515122
0.42515122
0.42515122
0.42365489
0.42365489
0.42365489
0.42423793
0.42423793
0.42423793
0.42481951
0.42481951
0.42481951
0.42481951
0.42490448
0.42490448
0.42490448
0.42587976
0.42646468
0.42646468
0.42646468
0.42646468
0.42672687
0.42672687
0.42777313
0.42780069
0.42780069
0.42780069
0.42824909
0.42848915
0.42848915
0.42848915
0.42848915
0.42848915
0.42806706
0.42806706
0.42670203
0.42670203
0.42670203
0.42689575
0.42896155
0.42896155
0.42896155
0.42896155
0.42896155
0.42896155
0.42896155
0.42896155
0.42896155
0.42896155
0.42886115
0.42886115
0.42886115
0.42886115
0.42886115
0.42886115
0.42959553
0.42959553
0.42959553
0.42885718
0.42885718
0.42885718
0.42885718
0.42991388
0.42991388
0.42991388
0.42750572
0.42750572
0.42750572
0.4288434
0.4288434
0.4288434
0.4288434
0.4288434
0.4288434
0.4288434
0.42717485
0.42636427
0.42636427
0.42636427
0.42636427
0.42710889
0.42710889
0.42710889
0.42710889
0.42710889
0.42774474
0.42774474
0.42774474
0.42766333
0.42726817
0.42726817
0.42527877
0.42511949
0.42511949
0.42511949
0.42511949
0.42589375
0.4262599
0.4262599
0.4262599
0.4262599
0.42674879
0.42700305
0.42700305
0.42700305
0.42700305
0.42700305
0.42700305
0.42623986
0.42329709
0.42329709
0.42329709
0.42329709
0.42329709
0.42329709
0.42329709
0.42450931
0.42450931
0.42450931
0.42450931
0.42450931
0.42450931
0.42408554
0.42408554
0.42408554
0.42408554
0.42537521
0.42537521
0.42537521
0.42537521
0.42537521
0.42537521
0.42537521
0.42697424
0.42806706
0.42806706
0.42806706
0.42806706
0.42806706
0.42732682
0.42732682
0.42732682
0.42732682
0.42544138
0.42359895
0.42350062
0.42350062
0.42350062
0.42199532
0.42189491
0.42189491
0.42189491
0.42189491
0.42189491
0.42206149
0.42206149
0.42206149
0.42206149
0.42206149
0.42206149
0.42206149
0.42206149
0.42211911
0.42239403
0.42302321
0.42302321
0.42302321
0.4234094
0.4234094
0.4234094
0.42301465
0.42301465
0.42301465
0.42470616
0.42527981
0.42533388
0.42533388
0.42756918
0.43016313
0.43016313
0.43307708
0.43307708
0.43307708
0.43379206
0.43379206
0.43379206
0.43379206
0.43379206
0.43379206
0.43379206
0.43379206
0.43721829
0.43721829
0.43721829
0.43568021
0.43568021
0.43568021
0.43568021
0.43568021
0.43568021
0.43568021
0.43568021
0.43568021
0.43568021
0.43568021
0.43605137
0.43605137
0.44154695
0.44154695
0.44154695
0.44153464
0.44153464
0.43663754
0.43663754
0.43663754
0.43663754
0.43322196
0.43322196
0.43322196
0.43978802
0.44252454
0.44471726
0.44698179
0.44990159
0.44990159
0.44990159
0.44990159
0.44990159
0.44990159
0.4474185
0.44637266
0.44211225
0.43983457
0.43983457
0.43632379
0.43473332
0.43473332
0.43473332
0.43473332
0.43491702
0.43491702
0.43491702
0.43491702
0.44040655
0.44040655
0.44040655
0.43926802
0.43926802
0.43926802
0.43926802
0.43993915
0.44208908
0.44208908
0.44468302
0.44468302
0.44719848
0.44719848
0.44719848
0.44719848
0.44719848
0.45272412
0.45330236
0.45330236
0.45330236
0.45330236
0.45330236
0.45330236
0.45330236
0.45330236
0.45181918
0.45138686
0.45138686
0.44838251
0.44838251
0.44838251
0.44838251
0.4482247
0.4482247
0.4482247
0.4482247
0.4502738
0.45407411
0.45407411
0.45679372
0.46114577
0.46114577
0.46114577
0.46114577
0.46114577
0.46198161
0.46198161
0.46198161
0.46151254
0.45733961
0.45733961
0.45733961
0.45530512
0.45530512
0.45530512
0.45530512
0.45530512
0.44926908
0.44926908
0.44926908
0.45421836
0.45482332
0.45482332
0.45482332
0.45571093
0.45571093
0.45955488
0.46421024
0.46421024
0.46421024
0.46201313
0.46201313
0.46201313
0.46076229
0.46046378
0.45567753
0.4544054
0.4544054
0.4544054
0.4544054
0.4544054
0.4544054
0.45219327
0.45219327
0.45215966
0.45056062
0.44467175
0.44366745
0.44270678
0.442154
0.442154
0.442154
0.44151502
0.44151502
0.44022034
0.44022034
0.44022034
0.44100566
0.44812825
0.44812825
0.44812825
0.44636034
0.44132276
0.44025332
0.44025332
0.44025332
0.44025332
0.44025332
0.44310528
0.44486735
0.44609731
0.45036878
0.45036878
0.45036878
0.45036878
0.44840276
0.44840276
0.44840276
0.44840276
0.44707844
0.44524582
0.44524582
0.44477279
0.44477279
0.44477279
0.44695445
0.44695445
0.44695445
0.44695445
0.44695445
0.44695445
0.44695445
0.44695445
0.44609335
0.44359209
0.44359209
0.44359209
0.44359209
0.44359209
0.44402024
0.44402024
0.44402024
0.44291762
0.44200788
0.44200788
0.44200788
0.44034851
0.44034851
0.44034851
0.44034851
0.4390338
0.43271052
0.43271052
0.43271052
0.43271052
0.43271052
0.43289317
0.43366848
0.43366848
0.43801864
0.43801864
0.43801864
0.43601442
0.43340503
0.43090816
0.43090816
0.43090816
0.42937697
0.42937697
0.42891145
0.42891145
0.42891145
0.42835242
0.42835242
0.42835242
0.42962705
0.42962705
0.42962705
0.42962705
0.43052093
0.43353571
0.43353571
0.43353571
0.43353571
0.43353571
0.42950556
0.42950556
0.42950556
0.42950556
0.42950556
0.42950556
0.42950556
0.42897491
0.42897491
0.42897491
0.42897491
0.42897491
0.42974667
0.43026207
0.43026207
0.43026207
0.43486733
0.43486733
0.43604302
0.43604302
0.43756127
0.43756127
0.43756127
0.43697071
0.43697071
0.43281698
0.43281698
0.43281698
0.42940098
0.42940098
0.42940098
0.43247129
0.43247129
0.43247129
0.43142732
0.4312025
0.4312025
0.4312025
0.4312025
0.4312025
0.4312025
0.4312025
0.43221473
0.43221473
0.43624447
0.43624447
0.43624447
0.43582675
0.43561174
0.43561174
0.43561174
0.4399521
0.4399521
0.4399521
0.4399521
0.4399521
0.4399521
0.4399521
0.4399521
0.4399521
0.4399521
0.43877495
0.43673754
0.43673127
0.43673127
0.43673127
0.43779277
0.43779277
0.43779277
0.4362476
0.43432375
0.43432375
0.43336495
0.43336495
0.43336495
0.43363215
0.43363215
0.4339457
0.4339457
0.43488362
0.43858519
0.43858519
0.43858519
0.43701392
0.43646178
0.43562134
0.43562134
0.43562134
0.43047604
0.42864801
0.42859854
0.42848247
0.42848247
0.42848247
0.43118183
0.43118183
0.43118183
0.43288503
0.43315015
0.43315015
0.43315015
0.43315015
0.43220513
0.43220513
0.43169828
0.43169828
0.43169828
0.43169828
0.43130395
0.43130395
0.43117223
0.43117223
0.42910225
0.42910225
0.42910225
0.42979927
0.42979927
0.42979927
0.42979927
0.42979927
0.42979927
0.42940181
0.42851128
0.42699512
0.42699512
0.42699512
0.42699512
0.42699512
0.42772617
0.42772617
0.42772617
0.42772617
0.42904944
0.42904944
0.42904944
0.42879998
0.42848811
0.42848811
0.42848811
0.42848811
0.42900998
0.42957299
0.43158806
0.43158806
0.43191726
0.43191726
0.43191726
0.43191726
0.43191726
0.43197404
0.43197404
0.43197404
0.4309879
0.42974938
0.42888223
0.42888223
0.42888223
0.42916738
0.42916738
0.42916738
0.42938198
0.42938198
0.42938198
0.42928929
0.42756856
0.42755248
0.42545161
0.42545161
0.42545161
0.42545829
0.42545829
0.42545829
0.42674002
0.42674002
0.42769611
0.42769611
0.42769611
0.42769611
0.43032783
0.43032783
0.43032783
0.43032783
0.43032783
0.43029485
0.43029485
0.43029485
0.43029485
0.42919598
0.42765039
0.42765039
0.42765039
0.42765039
0.42765039
0.42765039
0.42765039
0.42765039
0.42765039
0.42765039
0.42645111
0.42645111
0.42645111
0.42645111
0.42645111
0.42645111
0.42645111
0.42645111
0.42645111
0.42759674
0.42759674
0.42759674
0.426372
0.426372
0.426372
0.426372
0.426372
0.426372
0.426372
0.426372
0.4269922
0.4269922
0.4269922
0.42733977
0.42733977
0.42733977
0.42733977
0.42733977
0.42733977
0.42900143
0.42900143
0.42900143
0.42900143
0.42900143
0.42900143
0.42900143
0.42900143
0.42900143
0.42900143
0.42900143
0.42900143
0.43076036
0.4312956
0.4312956
0.4312956
0.43059545
0.43059545
0.43059545
0.43059545
0.43059545
0.43059545
0.43059545
0.43059545
0.42761553
0.42761553
0.42761553
0.42761553
0.42761553
0.42856722
0.42968864
0.42968864
0.42968864
0.42957716
0.42455586
0.42455586
0.42455586
0.42783993
0.42783993
0.42783993
0.42783993
0.42783993
0.42612003
0.42612003
0.42612003
0.42612003
0.42331838
0.42331838
0.42331838
0.42331838
0.42331838
0.42331838
0.42331838
0.42331838
0.42287228
0.42287228
0.42287228
0.42287228
0.42287228
0.42666884
0.42666884
0.42666884
0.42640289
0.42640289
0.42640289
0.42640289
0.42525852
0.42525852
0.42525852
0.42525852
0.42336118
0.42336118
0.42336118
0.42336118
0.42336118
0.42336118
0.42352463
0.42352463
0.42352463
0.42352463
0.42300338
0.42300338
0.42300338
0.42300338
0.4230731
0.4230731
0.4230731
0.42293637
0.42237128
0.42076828
0.42076828
0.42076828
0.42076828
0.42076828
0.42076828
0.42037395
0.42037395
0.42037395
0.41807956
0.41807956
0.41807956
0.41807956
0.42013409
0.42013409
0.42013409
0.42013409
0.42805787
0.42805787
0.42805787
0.42805787
0.42805787
0.42805787
0.42805787
0.42805787
0.42805787
0.42719281
0.42719281
0.42719281
0.43685569
0.4419058
0.44991475
0.44991475
0.44991475
0.44991475
0.45015189
0.45511056
0.45760263
0.45760263
0.46268719
0.46823976
0.46823976
0.46823976
0.46823976
0.46823976
0.46712774
0.45853346
0.45693922
0.45693922
0.45566605
0.45566605
0.45566605
0.45566605
0.45566605
0.45566605
0.45566605
0.45566605
0.45566605
0.45566605
0.45566605
0.45308881
0.45260701
0.45151378
0.45062554
0.45062554
0.45062554
0.45062554
0.45062554
0.45062554
0.45062554
0.45062554
0.44971455
0.44081737
0.43784079
0.43123172
0.4248644
0.41001363
0.41001363
0.41001363
0.41863568
0.41863568
0.42320441
0.42320441
0.42320441
0.42320441
0.42320441
0.42053844
0.41929011
0.41489924
0.41489924
0.41489924
0.41489924
0.41489924
0.41359079
0.41359079
0.41359079
0.41379933
0.4138081
0.41500257
0.41500257
0.41500257
0.41500257
0.4154731
0.41611104
0.41611104
0.41611104
0.41611104
0.41611104
0.41611104
0.41611104
0.41616594
0.41767104
0.41767104
0.41767104
0.41603506
0.41603506
0.41603506
0.41803948
0.42105072
0.42105072
0.42105072
0.42105072
0.42148555
0.42148555
0.42542969
0.42542969
0.42815494
0.42815494
0.42815494
0.42815494
0.42815494
0.42815494
0.42815494
0.42815494
0.42815494
0.42815494
0.42710868
0.42710868
0.42710868
0.42710868
0.42710868
0.42710868
0.42710868
0.42710868
0.42710868
0.42496439
0.42496439
0.42352964
0.422317
0.4201867
0.4201867
0.4201867
0.41674773
0.41674773
0.41674773
0.41674773
0.42016749
0.42394923
0.42394923
0.42394923
0.42394923
0.42394923
0.42394923
0.42394923
0.42035954
0.42035954
0.42035954
0.42436214
0.42709094
0.42709991
0.43394737
0.4347473
0.4365578
0.4365578
0.4365578
0.43645217
0.43191914
0.43156155
0.43156155
0.43156155
0.43233477
0.43366555
0.45186803
0.45186803
0.45186803
0.45186803
0.45186803
0.45186803
0.45373823
0.45373823
0.45373823
0.45373823
0.45338085
0.45338085
0.4463904
0.44599711
0.44599711
0.44599711
0.4458251
0.4458251
0.4458251
0.4458251
0.4458251
0.44398392
0.44398392
0.44398392
0.44398392
0.44398392
0.44398392
0.44398392
0.44346204
0.44346204
0.44346204
0.44590025
0.44590025
0.44590025
0.44590025
0.45257653
0.45871382
0.45871382
0.45871382
0.44731225
0.44147306
0.44135636
0.43738487
0.43738487
0.43738487
0.43076015
0.43076015
0.43076015
0.43076015
0.43500615
0.44497715
0.44665614
0.44796334
0.44796334
0.44962082
0.44962082
0.44962082
0.44881546
0.44881546
0.44881546
0.44844556
0.4438476
0.44199598
0.4398043
0.43737736
0.43737736
0.4352362
0.4352362
0.4352362
0.4352362
0.4352362
0.435513
0.435513
0.435513
0.435513
0.435513
0.435513
0.435513
0.435513
0.4347068
0.43457988
0.4336524
0.43324429
0.433118
0.433118
0.433118
0.43316747
0.43400749
0.43400749
0.43400749
0.43400749
0.43529173
0.43529173
0.43529173
0.43529173
0.43721245
0.43721245
0.43721245
0.43682354
0.43682354
0.43682354
0.43682354
0.43682354
0.43682354
0.43682354
0.43682354
0.43682354
0.43807334
0.43821716
0.43821716
0.43821716
0.43733937
0.43733937
0.43733937
0.43862026
0.43933565
0.44037816
0.44037816
0.4422421
0.4422421
0.4422421
0.43950746
0.43950746
0.43923211
0.43923211
0.43923211
0.43985043
0.43985043
0.43985043
0.4413
0.4413
0.4413
0.43870982
0.43870982
0.43870982
0.43773411
0.43773411
0.43773411
0.43773411
0.43651501
0.43398348
0.43398348
0.43398348
0.43398348
0.43398348
0.43254206
0.43254206
0.43254206
0.43254206
0.43073427
0.43007441
0.43007441
0.43007441
0.43007441
0.43007441
0.43007441
0.42999967
0.42999967
0.42999967
0.43091547
0.43091547
0.43091547
0.43089167
0.43089167
0.43089167
0.43089167
0.43020592
0.43020592
0.43020592
0.43096744
0.43096744
0.4317129
0.4317129
0.43196903
0.43196903
0.43196903
0.43209449
0.43293388
0.43309003
0.43309003
0.43395697
0.4343774
0.4343774
0.43500991
0.43500991
0.43500991
0.43406281
0.43406281
0.43406281
0.43884551
0.44041803
0.44131712
0.44131712
0.44131712
0.44131712
0.44131712
0.44131712
0.44255627
0.44255627
0.44558316
0.44558316
0.44558316
0.44558316
0.44716048
0.44836331
0.45041805
0.45041805
0.45041805
0.45041805
0.45041805
0.45041805
0.45434027
0.45460038
0.45740244
0.45931711
0.45936637
0.45990767
0.45990767
0.45990767
0.45990767
0.45990203
0.45990203
0.45960873
0.45960873
0.45960873
0.46058298
0.46058298
0.46058298
0.46058298
0.46058298
0.45637372
0.45444235
0.45444235
0.45427159
0.44750847
0.44302303
0.44238467
0.44238467
0.44238467
0.44238467
0.44238467
0.43998153
0.43998153
0.43998153
0.43610085
0.43610085
0.43482934
0.43482934
0.43482934
0.43482934
0.41071858
0.41071858
0.41071858
0.41163103
0.41404148
0.41404148
0.41433645
0.41433645
0.41433645
0.41433645
0.41433645
0.41433645
0.41433645
0.41433645
0.41433645
0.41433645
0.41560419
0.41560419
0.41660787
0.41660787
0.41660787
0.41660787
0.41660787
0.41660787
0.41660787
0.41660787
0.41776184
0.42732077
0.42748652
0.42748652
0.43010676
0.43010676
0.43010676
0.42710325
0.42710325
0.42710325
0.42710325
0.42407072
0.42407072
0.42407072
0.42407072
0.42407072
0.42238965
0.42238965
0.42238965
0.42238965
0.42238965
0.42238965
0.42238965
0.42327935
0.42366094
0.42366094
0.42366094
0.42332673
0.41912854
0.4159526
0.4159526
0.4159526
0.4159526
0.41563843
0.41563843
0.41563843
0.41563843
0.41563843
0.41563843
0.41517521
0.41267458
0.41267458
0.41267458
0.41372606
0.41372606
0.41372606
0.41372606
0.41460761
0.41460761
0.41460761
0.41460761
0.41460761
0.41460761
0.41460761
0.41307517
0.41307517
0.41196858
0.41168301
0.41032822
0.41032822
0.41032822
0.41032822
0.41032822
0.41409617
0.41409617
0.41409617
0.41337348
0.41337348
0.41337348
0.41570899
0.41570899
0.41634463
0.41818665
0.41818665
0.41818665
0.41789252
0.41743745
0.41743745
0.41743745
0.41743745
0.41827329
0.41827329
0.41827329
0.41827329
0.41850917
0.41850917
0.41850917
0.41850917
0.41850917
0.42006938
0.42006938
0.42059042
0.4208428
0.4208428
0.4208428
0.4208428
0.4208428
0.4208428
0.4208428
0.42468132
0.42468132
0.4293444
0.4293444
0.4293444
0.4334783
0.4334783
0.44332551
0.44332551
0.44332551
0.44419225
0.44419225
0.44419225
0.44326164
0.44326164
0.44326164
0.44326164
0.44284998
0.43936822
0.43266564
0.43174045
0.43174045
0.43174045
0.43174045
0.43331944
0.43576246
0.43576246
0.43576246
0.43576246
0.43734855
0.43794433
0.44799236
0.44799236
0.44799236
0.44799236
0.44799236
0.44799236
0.44799236
0.44799236
0.44799236
0.41283281
0.41283281
0.41283281
0.42113443
0.42113443
0.43861254
0.43861254
0.43861254
0.44788798
0.44788798
0.44788798
0.44788798
0.44788798
0.51642413
0.51642413
0.51642413
0.51642413
0.51642413
0.50001065
0.50001065
0.50001065
0.50001065
0.48208873
0.42587913
0.42587913
0.42587913
0.42587913
0.42587913
0.42587913
0.42587913
0.42587913
0.42587913
0.36341076
0.36341076
0.36341076
0.36341076
0.36341076
0.36341076
0.40286473
0.42048918
0.44217258
0.44217258
0.44217258
0.44217258
0.44217258
0.44777359
0.44777359
0.44777359
0.44531888
0.4243206
0.4243206
0.40055657
0.40055657
0.37825798
0.36878005
0.34691879
0.34178289
0.34178289
0.34178289
0.34440605
0.34945303
0.35848841
0.37020812
0.37020812
0.38610974
0.41445084
0.42285642
0.43586391
0.46431273
0.47915703
0.48871888
0.50723198
0.51747811
0.52665252
0.53772259
0.53772259
0.54161183
0.54161183
0.54161183
0.55177885
0.55537668
0.55537668
0.55537668
0.55690349
0.55690349
0.55851296
0.56358832
0.56358832
0.56358832
0.56141335
0.56141335
0.56141335
0.56141335
0.56141335
0.55648661
0.5513745
0.5513745
0.5513745
0.5513745
0.55408284
0.55408284
0.55408284
0.55408284
0.55488069
0.55488069
0.55488069
0.53529649
0.53529649
0.53529649
0.53185397
0.52845696
0.5263229
0.5263229
0.5263229
0.52840749
0.52840749
0.52840749
0.52834298
0.52834298
0.52834298
0.52834298
0.52834298
0.53386111
0.53386111
0.53386111
0.53386111
0.53386111
0.53386111
0.53386111
0.52860288
0.52860288
0.52860288
0.52860288
0.52860288
0.52765327
0.52661724
0.52661724
0.52661724
0.52295094
0.52286055
0.52286055
0.52286055
0.52286055
0.52286055
0.52286055
0.52286055
0.52489107
0.52594568
0.52761528
0.52761528
0.52761528
0.51828389
0.5139617
0.5119341
0.5119341
0.5119341
0.5119341
0.51028287
0.51028287
0.51028287
0.52148885
0.52148885
0.52148885
0.52148885
0.52148885
0.52148885
0.51971843
0.51971843
0.51833044
0.51833044
0.51833044
0.51833044
0.51833044
0.51874106
0.51874106
0.51874106
0.51874106
0.51874106
0.52092668
0.52092668
0.525958
0.525958
0.525958
0.52492427
0.52243198
0.52243198
0.52243198
0.52141328
0.52141328
0.52141328
0.52141328
0.52141328
0.52141328
0.52141328
0.52141328
0.51910407
0.51910407
0.51910407
0.52168048
0.52168048
0.52168048
0.52168048
0.52168048
0.52528186
0.53166526
0.53166526
0.53166526
0.53010964
0.53010964
0.53010964
0.53415336
0.53415336
0.53415336
0.53046306
0.53046306
0.53046306
0.53046306
0.52859181
0.52859181
0.52859181
0.52859181
0.52859181
0.52859181
0.52633647
0.52622645
0.52588264
0.52588264
0.52588264
0.52588264
0.52641746
0.52707273
0.52707273
0.52707273
0.52270837
0.52270837
0.52270837
0.52064257
0.52064257
0.52064257
0.52064257
0.52012174
0.52012174
0.51881621
0.51881621
0.51881621
0.51626735
0.51555342
0.51210569
0.51210569
0.50940445
0.50940445
0.50940445
0.51155709
0.5127714
0.5127714
0.5127714
0.5127714
0.5127714
0.5127714
0.5127714
0.5127714
0.5127714
0.5127714
0.5127714
0.5127714
0.51053797
0.50857466
0.50857466
0.50857466
0.50857466
0.50671344
0.50671344
0.49297865
0.49297865
0.49258766
0.49258766
0.49258766
0.49258766
0.49003798
0.49003798
0.48940066
0.4869733
0.47686223
0.47429271
0.47429271
0.47155786
0.47098212
0.47098212
0.46888584
0.46888584
0.46888584
0.46551994
0.46551994
0.46551994
0.46551994
0.46551994
0.46558257
0.46942401
0.46942401
0.46942401
0.46942401
0.47274211
0.47374954
0.4761556
0.4761556
0.47736073
0.47736073
0.47736073
0.47736073
0.47757783
0.47757783
0.47757783
0.48479039
0.48553751
0.48553751
0.48553751
0.48553751
0.48553751
0.49358737
0.49371784
0.49371784
0.49371784
0.49371784
0.4954653
0.4954653
0.49579116
0.49579116
0.50225493
0.50413682
0.51005659
0.51128112
0.51265178
0.51381056
0.51381056
0.51381056
0.51766933
0.51875108
0.51875108
0.51875108
0.51875108
0.51875108
0.51875108
0.50935393
0.50928943
0.50785802
0.50785802
0.5055269
0.5055269
0.49821914
0.49821914
0.49821914
0.49821914
0.49821914
0.49675455
0.49675455
0.49461443
0.48756323
0.48756323
0.48713362
0.48713362
0.48713362
0.48713362
0.48713362
0.48713362
0.48713362
0.48713362
0.4847645
0.4847645
0.4847645
0.48013565
0.48013565
0.48013565
0.48013565
0.47867189
0.4728087
0.4728087
0.4728087
0.4728087
0.47340468
0.47340468
0.47340468
0.47340468
0.47340468
0.47340468
0.46981562
0.46981562
0.46945761
0.46879086
0.4653972
0.4653972
0.4653972
0.4653972
0.45730015
0.45730015
0.45730015
0.45730015
0.45730015
0.45730015
0.45730015
0.45730015
0.45730015
0.45278925
0.44971998
0.44971998
0.44971998
0.4501809
0.4501809
0.4501809
0.4501809
0.4501809
0.4501809
0.4501809
0.44960559
0.44464503
0.44464503
0.44464503
0.44975651
0.44975651
0.44983396
0.44983396
0.44983396
0.4564138
0.4564138
0.4564138
0.4564138
0.4564138
0.45345036
0.45131359
0.45131359
0.45121694
0.45003206
0.45003206
0.44908809
0.44908809
0.44908809
0.44908809
0.44908809
0.44908809
0.44908809
0.44284393
0.43733352
0.4365219
0.43626805
0.43466276
0.43466276
0.43466276
0.43466276
0.43466276
0.43083384
0.43070233
0.43070233
0.43070233
0.43070233
0.43508256
0.43508256
0.43508256
0.4309138
0.4309138
0.4309138
0.43326079
0.43326079
0.43326079
0.43326079
0.43326079
0.43176613
0.43176613
0.43176613
0.43196528
0.43196528
0.43196528
0.43141021
0.43078938
0.43078938
0.42916279
0.42916279
0.42916279
0.4262599
0.4262599
0.4262599
0.4262599
0.42980721
0.42980721
0.42980721
0.42980721
0.43158702
0.43158702
0.43158702
0.43158702
0.42828562
0.42828562
0.42828562
0.42828562
0.42828562
0.42828562
0.42828562
0.42828562
0.42828562
0.43072195
0.43623946
0.43623946
0.43639706
0.43639706
0.43639706
0.43390666
0.43390666
0.43390666
0.43390666
0.43170475
0.43144695
0.43144695
0.43144695
0.43144695
0.43621461
0.43621461
0.43621461
0.43184775
0.43050673
0.43050673
0.43050673
0.43161583
0.43161583
0.43605889
0.43605889
0.43730555
0.43755083
0.43755083
0.43755083
0.43455296
0.43455296
0.43455296
0.42891772
0.42848205
0.42848205
0.42848205
0.42848205
0.42848205
0.42848205
0.42649182
0.42649182
0.42649182
0.42792323
0.42792323
0.42792323
0.42678574
0.42358517
0.42358517
0.42227212
0.41766874
0.41766874
0.41766874
0.42078164
0.42078164
0.42078164
0.41427194
0.41427194
0.41427194
0.41625633
0.41625633
0.41625633
0.41625633
0.41984142
0.41984142
0.41984142
0.41984142
0.41984142
0.41984142
0.42088789
0.42088789
0.42232556
0.42232556
0.42232556
0.4209453
0.4209453
0.4209453
0.42359957
0.4238436
0.4238436
0.4238436
0.42252492
0.42252492
0.42252492
0.42252492
0.42252492
0.42252492
0.42252492
0.42252492
0.42252492
0.42252492
0.42252492
0.42252492
0.42076473
0.42076473
0.42076473
0.42076473
0.41307079
0.41103484
0.41103484
0.41103484
0.41211847
0.41211847
0.41211847
0.41532363
0.41532363
0.41532363
0.41842004
0.42317247
0.42317247
0.42317247
0.42317247
0.4213722
0.4213722
0.4213722
0.4213722
0.4213722
0.4213722
0.4213722
0.4204873
0.4204873
0.4204873
0.4204873
0.4204873
0.41774076
0.41774076
0.41774076
0.41855176
0.41874715
0.41874715
0.41925796
0.41925796
0.41925796
0.41925796
0.41925796
0.41967317
0.42147574
0.42201411
0.42201411
0.42201411
0.41698654
0.41698654
0.41698654
0.41698654
0.41698654
0.41611856
0.41611856
0.41611856
0.4167064
0.41682434
0.41682434
0.41682434
0.41801965
0.41801965
0.41902333
0.41902333
0.41902333
0.41951285
0.41951285
0.41951285
0.41951285
0.41951285
0.41846408
0.41390872
0.41390872
0.41097388
0.41097388
0.41097388
0.41097388
0.41259066
0.41259066
0.41259066
0.41706148
0.41706148
0.41706148
0.41706148
0.41706148
0.41579833
0.41579833
0.41579833
0.41806245
0.41806245
0.41806245
0.41806245
0.41977504
0.41977504
0.41989194
0.42279776
0.42279776
0.42279776
0.42194083
0.42194083
0.42194083
0.42082673
0.42082673
0.42082673
0.42082673
0.41855385
0.41855385
0.41855385
0.41855385
0.41410306
0.41410306
0.41410306
0.41410306
0.41410306
0.41410306
0.41410306
0.41410306
0.41410306
0.41410306
0.41410306
0.41426234
0.41426234
0.41471617
0.41706002
0.41832276
0.41832276
0.41832276
0.41959656
0.41959656
0.41959656
0.41959656
0.41982452
0.41982452
0.42065034
0.42118996
0.42118996
0.42118996
0.42118996
0.42159556
0.42477421
0.42477421
0.42477421
0.42283158
0.42283158
0.42283158
0.41956587
0.41956587
0.41956587
0.41754871
0.41754871
0.41717776
0.41717776
0.41717776
0.41717776
0.41717776
0.41769609
0.41769609
0.41769609
0.41769609
0.41969446
0.42197277
0.42225605
0.42225605
0.42225605
0.42015914
0.41837328
0.41837328
0.41837328
0.41837328
0.41837328
0.41837328
0.41837328
0.41904003
0.41904003
0.41904003
0.41904003
0.41904003
0.41904003
0.41904003
0.41904003
0.41904003
0.41904003
0.41904003
0.41904003
0.41695753
0.41695753
0.41287394
0.41287394
0.41287394
0.4144642
0.4144642
0.4144642
0.41186504
0.41186504
0.41186504
0.41186504
0.41186504
0.41186504
0.41186504
0.41373232
0.41631979
0.41631979
0.41631979
0.41631979
0.41631979
0.41631979
0.41631979
0.41631979
0.41804032
0.41804032
0.41804032
0.41804032
0.41732347
0.41248315
0.41248315
0.41248315
0.42073676
0.42092964
0.42547833
0.42547833
0.42547833
0.42547833
0.42744185
0.42744185
0.42744185
0.42741471
0.42741471
0.42741471
0.42741471
0.42741471
0.4260238
0.4238102
0.4238102
0.4238102
0.4238102
0.4238102
0.4238102
0.4238102
0.4238102
0.4238102
0.42615657
0.42708676
0.42708676
0.42708676
0.42223163
0.42223163
0.42223163
0.41956838
0.41956838
0.41956838
0.42112378
0.4228489
0.4228489
0.4228489
0.42494122
0.42805495
0.42805495
0.42805495
0.42805495
0.42805495
0.42047164
0.41998442
0.41998442
0.41998442
0.42205669
0.42205669
0.42487629
0.42487629
0.42487629
0.4247811
0.4247811
0.4247811
0.4247811
0.4247811
0.42440577
0.42440577
0.42315222
0.42315222
0.42315222
0.42315222
0.42315222
0.42315222
0.42950514
0.42950514
0.42950514
0.42950514
0.42950514
0.42950514
0.42950514
0.42950514
0.42950514
0.42950514
0.42605929
0.42605929
0.42605929
0.42605929
0.42605929
0.42605929
0.42605929
0.42605929
0.42605929
0.42636469
0.42636469
0.42742598
0.42742598
0.42742598
0.42742598
0.42742598
0.42742598
0.42613778
0.42613778
0.42613778
0.42325388
0.42325388
0.42106575
0.42106575
0.42106575
0.42106575
0.42106575
0.42106575
0.42106575
0.42106575
0.42106575
0.42106575
0.42106575
0.42106575
0.42106575
0.42106575
0.42106575
0.41306787
0.41306787
0.41306787
0.41306787
0.41306787
0.41092086
0.41092086
0.41092086
0.41237878
0.41337536
0.42050818
0.42050818
0.42050818
0.41948279
0.41948279
0.41948279
0.42052571
0.42052571
0.42052571
0.42091023
0.42091023
0.42192476
0.42641542
0.42641542
0.42641542
0.42593946
0.42099874
0.42099874
0.41458277
0.41420556
0.41420556
0.41420556
0.41420556
0.41420556
0.41420556
0.41927007
0.41976231
0.42008232
0.42008232
0.4239342
0.4239342
0.4239342
0.42312195
0.42312195
0.42026853
0.42026853
0.42026853
0.42026853
0.42026853
0.42026853
0.42394401
0.42394401
0.42394401
0.42394401
0.42394401
0.42394401
0.42394401
0.42791655
0.42867243
0.42867243
0.42867243
0.42813845
0.42745354
0.42745354
0.42745354
0.42646927
0.42646927
0.42646927
0.42646927
0.42646927
0.42646927
0.42646927
0.42646927
0.42646927
0.42646927
0.42646927
0.42646927
0.42166069
0.42108015
0.41916298
0.41916298
0.41755518
0.41755518
0.41755518
0.41755518
0.41755518
0.41936151
0.41936151
0.42069062
0.42069062
0.42069062
0.42044158
0.42044158
0.42044158
0.42044158
0.4214676
0.42184084
0.42295808
0.42295808
0.42295808
0.42219509
0.42219509
0.42219509
0.42219509
0.42219509
0.42219509
0.41955585
0.4182593
0.41748671
0.41648596
0.41648596
0.41648596
0.41648596
0.41648596
0.42115948
0.42115948
0.42115948
0.42189616
0.42412562
0.42433166
0.42630144
0.42630144
0.4264795
0.4264795
0.4264795
0.42203143
0.42203143
0.41721283
0.41636801
0.41636801
0.41631395
0.41595176
0.41595176
0.41595176
0.41399493
0.41251655
0.41251655
0.41219779
0.41219779
0.41219779
0.41219779
0.41219779
0.41197109
0.41197109
0.41197109
0.41813217
0.41813217
0.41813217
0.41813217
0.42243808
0.42243808
0.42243808
0.41845907
0.41845907
0.41845907
0.42255749
0.42255749
0.42255749
0.42255749
0.42255749
0.42255749
0.42255749
0.42255749
0.42255749
0.42255749
0.42255749
0.42255749
0.42255749
0.42020131
0.42020131
0.42020131
0.42020131
0.42530319
0.42664254
0.42664254
0.42664254
0.42500927
0.42076181
0.42076181
0.41881959
0.41881959
0.41881959
0.41881959
0.41914002
0.41914002
0.41914002
0.41914002
0.41914002
0.41914002
0.41914002
0.41914002
0.41914002
0.41836409
0.41836409
0.41836409
0.41836409
0.41836409
0.41836409
0.41836409
0.41679491
0.41679491
0.41388742
0.41145735
0.41145735
0.41145735
0.41145735
0.41145735
0.41145735
0.41145735
0.41145735
0.41248315
0.41248315
0.41248315
0.41248315
0.41315116
0.41347597
0.41347597
0.41347597
0.41347597
0.41347597
0.4153658
0.4153658
0.4153658
0.4153658
0.4153658
0.4153658
0.4153658
0.41597786
0.41597786
0.41597786
0.41476919
0.41476919
0.41476919
0.41476919
0.41476919
0.41304824
0.41304824
0.41304824
0.41304824
0.41386613
0.41773074
0.42207819
0.42207819
0.42207819
0.42207819
0.42207819
0.42207819
0.42207819
0.42155548
0.42155548
0.42155548
0.42641855
0.42641855
0.42641855
0.42541153
0.42276185
0.4210979
0.4210979
0.4210979
0.4210979
0.4210979
0.42089332
0.42089332
0.42089332
0.42004997
0.41545097
0.41439845
0.41439845
0.41439845
0.41559417
0.41559417
0.41559417
0.41559417
0.41559417
0.41587849
0.41587849
0.41587849
0.41573237
0.41573237
0.4108693
0.4108693
0.4108693
0.41185001
0.41185001
0.41185001
0.41185001
0.41267458
0.41267458
0.41489611
0.41489611
0.41489611
0.41489611
0.41489611
0.41489611
0.41489611
0.41489611
0.41489611
0.41489611
0.41489611
0.41489611
0.41489611
0.41511613
0.41511613
0.41511613
0.41498671
0.41498671
0.41498671
0.41498671
0.41190491
0.41190491
0.41190491
0.41190491
0.40913771
0.40913771
0.40913771
0.40913771
0.40913771
0.40913771
0.40977294
0.40977294
0.41159701
0.41159701
0.41159701
0.41159701
0.41391122
0.41391122
0.41391122
0.41391122
0.41185627
0.41185627
0.41185627
0.41358265
0.41545723
0.41573925
0.41573925
0.41573925
0.41573925
0.41573925
0.41573925
0.41738735
0.41738735
0.41738735
0.41738735
0.4176581
0.4176581
0.4176581
0.4176581
0.4176581
0.41900287
0.41900287
0.41900287
0.41900287
0.41900287
0.41900287
0.41900287
0.41900287
0.41900287
0.41826848
0.41826848
0.41826848
0.41826848
0.41826848
0.41826848
0.41646654
0.41646654
0.41646654
0.41646654
0.41601481
0.41314657
0.41041464
0.41041464
0.41041464
0.40735268
0.40735268
0.40735268
0.40735268
0.40735268
0.40735268
0.40735268
0.40735268
0.40689885
0.40478525
0.40238398
0.40238398
0.40026495
0.39687107
0.39687107
0.39387111
0.39387111
0.39387111
0.39681721
0.41149179
0.41564761
0.41633587
0.41633587
0.41633587
0.41633587
0.41633587
0.41633587
0.42744018
0.42744018
0.42744018
0.41838872
0.41838872
0.40824383
0.40824383
0.40824383
0.4099105
0.4099105
0.4099105
0.40916234
0.40916234
0.40916234
0.40916234
0.41096345
0.41096345
0.41096345
0.41023428
0.41023428
0.41023428
0.41023428
0.41023428
0.41023428
0.41023428
0.41023428
0.41023428
0.41023428
0.41023428
0.41023428
0.41023428
0.41023428
0.41023428
0.41023428
0.40946232
0.40793217
0.40668822
0.40668822
0.40668822
0.40668822
0.40565386
0.40565386
0.40565386
0.40865153
0.40865153
0.40865153
0.40865153
0.40865153
0.40865967
0.40865967
0.40865967
0.40368909
0.40368909
0.39893332
0.39893332
0.39893332
0.39893332
0.39893332
0.39893332
0.39314528
0.39314528
0.39314528
0.39314528
0.39314528
0.3950589
0.40278917
0.40643835
0.41411663
0.41411663
0.41411663
0.41411663
0.41411663
0.41086679
0.41086679
0.41086679
0.41147739
0.41147739
0.41147739
0.41344257
0.41344257
0.41344257
0.41344257
0.41344257
0.41305179
0.41305179
0.41305179
0.41305179
0.41192349
0.40864067
0.408472
0.408472
0.408472
0.40473723
0.40473723
0.40473723
0.40473723
0.40374525
0.40374525
0.40374525
0.40374525
0.40374525
0.40374525
0.40342168
0.40342168
0.40204622
0.40204622
0.40204622
0.40204622
0.40752051
0.40752051
0.40752051
0.40179822
0.40179822
0.39854985
0.39854985
0.39727417
0.39711343
0.39711343
0.39711343
0.40024011
0.40024011
0.40024011
0.40024011
0.40485288
0.40571419
0.40571419
0.40571419
0.40571419
0.40571419
0.40571419
0.40571419
0.40571419
0.40571419
0.40571419
0.40571419
0.40488753
0.40488753
0.40488753
0.40488753
0.40519294
0.40816534
0.40816534
0.40935314
0.40935314
0.40935314
0.40934207
0.40934207
0.40934207
0.40934207
0.40934207
0.40934207
0.40934207
0.40794636
0.40794636
0.40794636
0.40589476
0.40589476
0.4036701
0.4036701
0.4036701
0.4036701
0.4036701
0.4036701
0.4036701
0.4036701
0.4036701
0.4036701
0.4036701
0.4036701
0.40533071
0.40533071
0.40533071
0.40369536
0.40369536
0.40369536
0.40560063
0.40560063
0.40560063
0.4093498
0.41060857
0.41770569
0.41770569
0.41770569
0.41770569
0.41749882
0.4092114
0.40851041
0.40851041
0.40851041
0.40626279
0.40626279
0.40626279
0.40626279
0.40626279
0.40739129
0.40853296
0.40853296
0.40929197
0.40929197
0.41456837
0.41456837
0.41456837
0.41456837
0.41178008
0.41178008
0.4115849
0.40576951
0.40576951
0.40576951
0.40576951
0.40576951
0.40561399
0.40561399
0.40561399
0.40376758
0.40376758
0.40306994
0.40306994
0.40306994
0.40306994
0.40306994
0.40306994
0.40306994
0.40583401
0.40794657
0.40794657
0.40958214
0.41222326
0.41925609
0.41925609
0.41925609
0.41925609
0.41925609
0.41925609
0.42165443
0.42165443
0.42165443
0.41207567
0.41207567
0.41207567
0.4140348
0.4140348
0.4140348
0.4080499
0.40598118
0.40598118
0.40045491
0.40045491
0.39698233
0.39698233
0.39698233
0.39698233
0.39562733
0.39562733
0.39562733
0.39562733
0.39562733
0.39562733
0.39601999
0.39601999
0.39601999
0.39601999
0.40149115
0.40149115
0.40149115
0.40149115
0.40149115
0.40149115
0.40149115
0.40149115
0.40774951
0.40774951
0.40774951
0.40638616
0.40608472
0.40608472
0.4048391
0.4048391
0.4048391
0.4048391
0.4048391
0.4048391
0.40565344
0.41063404
0.41063404
0.41063404
0.41063404
0.41063404
0.4121337
0.4121337
0.4121337
0.41082567
0.40625381
0.40131037
0.40131037
0.40131037
0.40131037
0.40131037
0.40379869
0.40379869
0.40379869
0.40379869
0.40379869
0.40379869
0.40379869
0.40379869
0.40379869
0.40379869
0.40552756
0.41041652
0.41041652
0.41041652
0.40713015
0.40713015
0.40713015
0.40680992
0.40582065
0.40582065
0.40582065
0.40582065
0.40582065
0.40582065
0.40582065
0.40758752
0.40758752
0.40758752
0.40854465
0.40854465
0.40854465
0.40854465
0.41182914
0.41182914
0.41182914
0.41182914
0.40861228
0.40861228
0.40861228
0.40861228
0.40861228
0.40861228
0.40861228
0.40861228
0.40861228
0.40861228
0.40861228
0.40861228
0.40614985
0.40614985
0.40614985
0.40737689
0.40737689
0.40737689
0.40737689
0.40737689
0.40457649
0.40395191
0.40266078
0.40266078
0.40266078
0.40635067
0.40635067
0.40648427
0.40648427
0.40648427
0.4083242
0.4083242
0.4083242
0.4083242
0.4083242
0.4083242
0.4083242
0.4083242
0.4083242
0.4083242
0.4083242
0.40462993
0.40383063
0.40383063
0.40383063
0.40383063
0.40383063
0.40383063
0.40383063
0.40383063
0.40364442
0.39974912
0.39974912
0.39974912
0.39974912
0.40123418
0.40123418
0.40123418
0.40123418
0.40338599
0.40447254
0.40447254
0.40447254
0.40447254
0.40447254
0.40447254
0.40446606
0.40446606
0.40446606
0.40446606
0.40352314
0.40352314
0.40352314
0.40480716
0.40480716
0.40480716
0.40480716
0.40480716
0.40480716
0.40350602
0.40350602
0.39887362
0.39887362
0.39887362
0.39970967
0.40334319
0.40334319
0.40910639
0.40910639
0.40910744
0.410824
0.410824
0.410824
0.410824
0.410824
0.410824
0.410824
0.410824
0.410824
0.410824
0.410824
0.410824
0.410824
0.41182768
0.41182768
0.41182768
0.40703663
0.40632228
0.40632228
0.40632228
0.40632228
0.40632228
0.40654752
0.40654752
0.40654752
0.40654752
0.40654752
0.40654752
0.40613628
0.40613628
0.4052971
0.4052971
0.4052971
0.4052971
0.406745
0.406745
0.406745
0.406745
0.406745
0.40761612
0.40761612
0.40761612
0.40783134
0.40783134
0.40783134
0.40783134
0.41144211
0.41370769
0.41370769
0.41370769
0.41370769
0.41370769
0.41370769
0.41370769
0.41370769
0.41370769
0.41370769
0.41370769
0.41374171
0.41374171
0.41374171
0.41374171
0.41382772
0.41382772
0.41382772
0.41382772
0.41382772
0.41382772
0.41382772
0.41382772
0.41382772
0.41382772
0.41744663
0.41744663
0.41744663
0.41744663
0.41744663
0.41809773
0.41809773
0.41809773
0.41809773
0.41809773
0.41809773
0.42071881
0.42080251
0.42080251
0.42080251
0.42039775
0.42039775
0.42039775
0.41730155
0.41718882
0.41602295
0.41602295
0.41602295
0.41307935
0.4105593
0.4105593
0.41011445
0.41011445
0.41011445
0.41011445
0.41011445
0.41011445
0.41011445
0.41049208
0.41049208
0.41113754
0.41113754
0.41113754
0.41113754
0.41113754
0.41358265
0.41358265
0.41358265
0.41358265
0.41624214
0.41624214
0.41624214
0.41485373
0.41414126
0.41202286
0.41202286
0.41202286
0.41360477
0.41360477
0.41467692
0.41467692
0.41467692
0.41467692
0.41467692
0.41467692
0.41794763
0.41794763
0.41829458
0.42118703
0.42229947
0.42323467
0.42395988
0.42399787
0.42399787
0.42399787
0.42399787
0.42315639
0.42070023
0.42070023
0.42070023
0.42070023
0.42070023
0.41798208
0.41798208
0.41798208
0.42013785
0.42013785
0.42013785
0.41873817
0.41873817
0.41873817
0.41695586
0.41687173
0.41687173
0.41687173
0.41687173
0.41687173
0.41687173
0.41687173
0.41687173
0.41687173
0.41952788
0.41952788
0.41952788
0.41750341
0.41606198
0.41606198
0.41606198
0.41606198
0.41722139
0.41722139
0.41943666
0.41943666
0.41943666
0.41943666
0.41982744
0.41982744
0.41982744
0.41908449
0.41908449
0.41908449
0.41856324
0.41856324
0.41856324
0.41856324
0.41922122
0.42597224
0.42597224
0.42597224
0.42077955
0.42077955
0.42077955
0.42073718
0.42073718
0.42073718
0.42073718
0.42293407
0.42492973
0.42492973
0.42492973
0.42315013
0.42315013
0.42315013
0.42034431
0.42034431
0.42034431
0.42034431
0.41704959
0.41704959
0.41704959
0.41704959
0.41704959
0.41704959
0.41704959
0.41704959
0.41901769
0.42248401
0.42248401
0.42248401
0.41895006
0.41816807
0.41816807
0.41816807
0.41816807
0.41816807
0.41816807
0.42081253
0.42081253
0.42081253
0.41641519
0.41641519
0.41641519
0.41966753
0.42186965
0.4219544
0.4219544
0.4219544
0.4219544
0.42155924
0.41588141
0.41588141
0.41588141
0.41588141
0.41588141
0.41588141
0.41503138
0.41503138
0.41503138
0.41621562
0.41809209
0.41809209
0.41809209
0.41809209
0.42002888
0.42027542
0.42027542
0.42027542
0.41791674
0.41791674
0.41791674
0.41791674
0.41791674
0.41791674
0.41791674
0.41791674
0.41628931
0.41628931
0.41628931
0.41628931
0.41628931
0.41628931
0.41633691
0.41633691
0.41633691
0.41633691
0.41633691
0.41633691
0.41633691
0.41635904
0.41635904
0.41635904
0.41268042
0.41268042
0.41268042
0.41685315
0.41685315
0.41685315
0.4186244
0.4186244
0.42056391
0.42267146
0.42267146
0.42267146
0.42267146
0.42267146
0.42267146
0.42267146
0.42267146
0.41719738
0.41719738
0.41719738
0.41719738
0.41719738
0.41719738
0.41719738
0.42015664
0.42015664
0.42015664
0.42015664
0.42015664
0.41995916
0.41995916
0.41995916
0.41995916
0.42098204
0.42098204
0.42098204
0.42098204
0.42098204
0.42098204
0.42098204
0.42098204
0.42098204
0.42098204
0.42098204
0.42098204
0.42098204
0.42098204
0.42106408
0.42106408
0.42106408
0.42106408
0.42106408
0.41909702
0.41909702
0.41909702
0.42000968
0.42078602
0.42078602
0.42078602
0.42078602
0.42078602
0.42406905
0.42406905
0.42406905
0.42406905
0.42406905
0.42406905
0.42406905
0.42249632
0.42004663
0.42004663
0.42004663
0.42004663
0.42004663
0.42004663
0.42113568
0.42113568
0.42113568
0.42113568
0.42311882
0.42311882
0.42311882
0.42311882
0.42311882
0.4251101
0.4251101
0.4251101
0.4251101
0.4251101
0.42627096
0.42627096
0.42627096
0.42627096
0.42627096
0.42509757
0.42504497
0.42504497
0.42504497
0.42545161
0.42714396
0.42714396
0.42714396
0.42677322
0.42608935
0.42608935
0.42608935
0.42608935
0.42608935
0.42506229
0.42506229
0.42506229
0.43224563
0.43224563
0.43224563
0.43224563
0.43224563
0.43224563
0.43224563
0.43113632
0.43113632
0.43113632
0.4311524
0.4311524
0.4311524
0.4311524
0.4311524
0.4311524
0.42912584
0.42798418
0.42798418
0.42798418
0.42798418
0.42798418
0.40712034
0.40358555
0.39618929
0.39618929
0.38257328
0.37954744
0.37954744
0.37954744
0.39108449
0.40836408
0.41632
0.41632
0.41632
0.41387845
0.4104925
0.4104925
0.4104925
0.4104925
0.4104925
0.4104925
0.4104925
0.4104925
0.4135768
0.41516018
0.416153
0.416153
0.416153
0.416153
0.41353422
0.41353422
0.41353422
0.41487962
0.41487962
0.41537832
0.41537832
0.41537832
0.41647155
0.41999214
0.41999214
0.42382669
0.42382669
0.42382669
0.42382669
0.42382669
0.42014662
0.41979299
0.41255058
0.40533885
0.40533885
0.40533885
0.40533885
0.40533885
0.40154918
0.40154918
0.40154918
0.40154918
0.40154918
0.39337428
0.39337428
0.39337428
0.38869679
0.36966954
0.36966954
0.36841975
0.36499685
0.36072058
0.35223756
0.35114746
0.35114746
0.34180188
0.34048383
0.34048383
0.34048383
0.34250266
0.34250266
0.34250266
0.34080301
0.33144135
0.33144135
0.33144135
0.33144135
0.33144135
0.32438097
0.32065706
0.31073637
0.30830546
0.30830546
0.30830546
0.323814
0.34582306
0.3642036
0.3642036
0.3706012
0.37262399
0.37262399
0.37262399
0.37520416
0.37520416
0.37520416
0.37520416
0.37520416
0.37179129
0.37179129
0.37179129
0.37975264
0.38768518
0.38768518
0.40338181
0.40468671
0.4134361
0.42027584
0.42049252
0.42049252
0.43985941
0.43985941
0.43985941
0.43983937
0.43607851
0.43607851
0.43607851
0.43607851
0.43607851
0.43367996
0.43367996
0.43367996
0.43431247
0.43431247
0.43431247
0.42971932
0.42971932
0.42971932
0.42971932
0.42971932
0.4366221
0.43745167
0.44059463
0.44678076
0.44678076
0.44678076
0.44678076
0.44678076
0.44535416
0.44535416
0.44465672
0.4414764
0.4414764
0.4414764
0.4414764
0.4414764
0.44141273
0.44141273
0.44141273
0.44429642
0.44429642
0.45047086
0.45047086
0.45047086
0.45047086
0.4501022
0.44731204
0.44409643
0.43992997
0.43992997
0.43690579
0.43690579
0.43690579
0.43690579
0.43554411
0.43554411
0.43554411
0.43554411
0.43554411
0.43554411
0.43554411
0.43532262
0.43532262
0.43532262
0.43473478
0.43473478
0.43473478
0.43473478
0.43473478
0.43194858
0.42955545
0.42955545
0.42955545
0.4263219
0.4263219
0.4263219
0.42827205
0.42827205
0.42827205
0.42410788
0.42410788
0.42410788
0.41972932
0.41972932
0.41972932
0.41972932
0.41972932
0.41972932
0.41972932
0.41972932
0.41972932
0.42493495
0.42493495
0.42493495
0.42703729
0.42703729
0.42703729
0.42703729
0.42703729
0.42703729
0.42703729
0.42703729
0.42835179
0.42835179
0.42835179
0.42835179
0.42954543
0.42954543
0.42954543
0.42954543
0.42599896
0.42529338
0.42527731
0.42436339
0.42436339
0.42436339
0.42436339
0.42436339
0.42252471
0.42252471
0.42252471
0.41753097
0.41753097
0.41753097
0.41753097
0.41753097
0.41753097
0.41974602
0.41974602
0.42185253
0.42185253
0.42255561
0.42255561
0.42255561
0.42255561
0.42255561
0.42255561
0.42255561
0.42255561
0.42246522
0.41824573
0.41389181
0.40710593
0.40710593
0.40710593
0.39813297
0.39431324
0.38957835
0.38736245
0.38736245
0.38736245
0.38736245
0.38736245
0.38736245
0.38736245
0.38110597
0.33784396
0.31919308
0.31096349
0.30325911
0.30246042
0.30246042
0.30246042
0.30246042
0.30156676
0.29416319
0.29416319
0.29100896
0.26728272
0.26576218
0.25658005
0.2552933
0.25466559
0.24515927
0.24515927
0.24515927
0.24607318
0.24607318
0.25342623
0.25342623
0.25342623
0.25342623
0.24057906
0.22972003
0.22972003
0.22972003
0.24085064
0.24085064
0.24085064
0.24085064
0.24085064
0.25824233
0.25824233
0.25824233
0.25634624
0.25349408
0.2533563
0.2533563
0.24918462
0.24918462
0.24002816
0.22676495
0.22676495
0.22676495
0.22478432
0.22478432
0.22478432
0.22924241
0.23359216
0.23558991
0.23558991
0.23558991
0.22900381
0.22731668
0.21678247
0.21678247
0.21678247
0.21678247
0.22244547
0.22585041
0.23081785
0.23081785
0.23081785
0.23235802
0.23235802
0.23235802
0.22387521
0.21180688
0.20700978
0.20594953
0.20594953
0.19497632
0.19497632
0.19196341
0.19196341
0.19196341
0.19196341
0.19196341
0.1919225
0.1919225
0.1919225
0.1919225
0.17937676
0.17652334
0.17636448
0.17636448
0.17636448
0.17636448
0.17636448
0.17854906
0.18185902
0.18185902
0.18359687
0.18359687
0.18868832
0.18976297
0.19414465
0.19414465
0.19414465
0.20103574
0.20103574
0.20103574
0.20103574
0.20103574
0.20103574
0.20084181
0.20084181
0.20084181
0.20084181
0.20084181
0.23700545
0.23700545
0.23700545
0.23700545
0.23700545
0.23700545
0.23951443
0.24533274
0.24965598
0.2706194
0.27626173
0.28889661
0.28889661
0.2896026
0.29398053
0.30509299
0.31518757
0.32768487
0.33120797
0.35284169
0.35844791
0.35844791
0.37683931
0.37683931
0.37683931
0.37683931
0.38087321
0.38087321
0.38087321
0.38087321
0.38673286
0.38673286
0.38673286
0.38673286
0.38827908
0.38827908
0.38827908
0.38889344
0.38889344
0.38889344
0.38888362
0.38888362
0.38888362
0.38888362
0.39293882
0.39293882
0.39293882
0.39293882
0.39293882
0.39293882
0.38965162
0.38965162
0.38965162
0.39775618
0.39775618
0.39775618
0.39775618
0.39775618
0.39775618
0.3989949
0.3989949
0.3989949
0.40441095
0.40441095
0.40441095
0.40441095
0.40441095
0.40441095
0.40441095
0.40732825
0.40732825
0.40732825
0.40732825
0.40732825
0.40732825
0.40732825
0.41823091
0.41823091
0.41823091
0.42660747
0.42803366
0.42803366
0.42803366
0.42803366
0.44134843
0.45017986
0.45412233
0.45412233
0.45793351
0.46611446
0.46611446
0.46611446
0.46611446
0.46611446
0.46611446
0.46762353
0.46762353
0.47642552
0.47642552
0.47642552
0.47642552
0.48125853
0.48125853
0.48125853
0.48125853
0.48125853
0.47432778
0.46033143
0.42941141
0.38296949
0.38296949
0.38296949
0.39548893
0.40066408
0.40066408
0.40066408
0.38837865
0.38251483
0.38251483
0.38251483
0.3894055
0.40356781
0.40902644
0.42841317
0.4475807
0.45235651
0.45353136
0.46161901
0.4656383
0.47810367
0.48206577
0.49170277
0.49170277
0.49170277
0.49170277
0.48964532
0.4858999
0.48502837
0.47687079
0.47647646
0.47405849
0.47375267
0.47375267
0.47146956
0.46998033
0.46998033
0.46998033
0.47313873
0.47313873
0.47313873
0.47322724
0.47322724
0.47322724
0.47322724
0.47322724
0.47322724
0.46940125
0.46940125
0.46940125
0.46940125
0.46940125
0.46940125
0.46940125
0.46884242
0.46400921
0.46104807
0.46009721
0.46009721
0.46009721
0.46009721
0.46009721
0.45398393
0.45359169
0.45356226
0.45172065
0.45149103
0.44745482
0.44707656
0.44707656
0.44707656
0.4385042
0.4385042
0.4385042
0.4385042
0.4385042
0.4385042
0.4385042
0.4385042
0.4385042
0.4385042
0.4385042
0.4385042
0.43424651
0.43424651
0.43424651
0.43424651
0.43424651
0.43424651
0.43542407
0.43542407
0.43542407
0.43542407
0.43542407
0.43542407
0.43954315
0.44093886
0.44093886
0.44093886
0.43587268
0.43444587
0.42893316
0.42893316
0.42893316
0.4253082
0.4253082
0.42448739
0.42448739
0.42448739
0.42448739
0.42416424
0.42132627
0.42132627
0.42132627
0.42309815
0.42309815
0.42309815
0.42114445
0.42114445
0.42114445
0.42114445
0.41812361
0.41735833
0.41735833
0.41735833
0.41850709
0.41913772
0.42497232
0.42497232
0.42497232
0.42497232
0.42497232
0.42497232
0.42497232
0.42150517
0.42150517
0.42150517
0.42150517
0.42061631
0.42061631
0.42061631
0.42520904
0.4322331
0.4322331
0.4322331
0.4322331
0.4322331
0.43208071
0.43208071
0.42571631
0.42571631
0.42571631
0.42571631
0.42571631
0.42760759
0.43271114
0.43457675
0.43457675
0.43457675
0.43321006
0.43321006
0.43321006
0.43321006
0.43321006
0.43291551
0.43040277
0.42856722
0.42833363
0.42833363
0.42833363
0.42490406
0.42490406
0.42345658
0.42345658
0.42345658
0.42493788
0.42512763
0.42725188
0.42978403
0.42978403
0.42978403
0.42967214
0.42967214
0.42967214
0.42967214
0.42967214
0.42967214
0.42967214
0.42967214
0.43074638
0.43074638
0.43074638
0.43074638
0.43074638
0.42649495
0.42649495
0.42649495
0.42685943
0.42837225
0.42837225
0.42837225
0.4286906
0.4286906
0.4286906
0.4286906
0.4286906
0.4286906
0.4286906
0.4286906
0.4286906
0.4286906
0.4286906
0.4286906
0.4286906
0.42898807
0.42898807
0.42898807
0.42810442
0.42810442
0.42504162
0.42463477
0.4230182
0.4230182
0.4230182
0.4230182
0.4230182
0.4230182
0.42313802
0.42354905
0.42354905
0.42354905
0.42354905
0.42354905
0.42354905
0.42354905
0.42354905
0.42354905
0.42412792
0.42613026
0.42613026
0.42613026
0.4251174
0.42428073
0.42428073
0.42428073
0.42448676
0.42448676
0.42448676
0.42448676
0.42448676
0.42448676
0.42448676
0.42448676
0.42450179
0.4274669
0.42796268
0.4295471
0.42961119
0.42961119
0.42961119
0.42961119
0.42961119
0.42961119
0.42961119
0.43071736
0.43190286
0.43389163
0.43389163
0.43389163
0.42861899
0.42861899
0.42861899
0.42861899
0.42861899
0.42861899
0.42861899
0.42861899
0.42861899
0.42861899
0.42861899
0.42951412
0.42951412
0.42951412
0.42951412
0.42979218
0.42979218
0.42979218
0.42979218
0.43135217
0.43135217
0.43135217
0.42888912
0.41779775
0.41779775
0.41658449
0.41658449
0.41658449
0.41915923
0.4208403
0.4208403
0.4208403
0.4208403
0.4208403
0.4208403
0.4208403
0.4208403
0.4208403
0.4208403
0.41750967
0.41750967
0.41750967
0.41750967
0.41750967
0.41750967
0.41750967
0.41869622
0.41869622
0.41984184
0.41984184
0.41984184
0.41984184
0.41984184
0.41984184
0.41984184
0.41984184
0.41982097
0.41982097
0.41574447
0.41574447
0.41574447
0.41574447
0.40908218
0.40908218
0.40908218
0.41130893
0.41130893
0.41130893
0.41161788
0.41161788
0.41161788
0.41161788
0.41161788
0.41161788
0.41161788
0.41161788
0.41161788
0.41161788
0.41161788
0.41284388
0.41284388
0.41582944
0.41582944
0.41582944
0.41752846
0.41828247
0.41968089
0.41968089
0.41968089
0.41968089
0.42030193
0.42030193
0.42030193
0.42030193
0.42030193
0.42030193
0.42030193
0.42030193
0.42178365
0.42261656
0.42261656
0.42261656
0.42261656
0.42261656
0.42261656
0.4220212
0.4220212
0.4220212
0.4220212
0.42259256
0.4272738
0.4272738
0.4272738
0.42683396
0.42683396
0.42683396
0.42430181
0.42339625
0.42339625
0.42264683
0.42264683
0.42264683
0.42264683
0.42264683
0.42264683
0.42577163
0.42577163
0.42577163
0.42144526
0.42144526
0.41987399
0.41987399
0.41987399
0.42181078
0.42273722
0.42273722
0.42273722
0.42273722
0.42273722
0.42273722
0.42273722
0.4202892
0.4202892
0.4202892
0.4202892
0.41653147
0.41653147
0.41442558
0.41442558
0.41442558
0.41442558
0.41836159
0.41836159
0.41836159
0.41836159
0.41859247
0.41859247
0.41859247
0.41859247
0.41859247
0.41859247
0.41935399
0.41967317
0.42165819
0.42760446
0.4292895
0.4294158
0.42954606
0.42954606
0.42954606
0.44640585
0.44640585
0.44640585
0.44890961
0.45223335
0.45223335
0.45223335
0.45223335
0.45223335
0.4591451
0.4591451
0.4591451
0.4591451
0.4591451
0.44407076
0.43652691
0.43652691
0.43652691
0.43652691
0.43652691
0.43652691
0.43652691
0.43652691
0.43652691
0.44047836
0.44047836
0.44047836
0.44047836
0.44062344
0.44062344
0.44062344
0.44062344
0.44062344
0.44062344
0.44062344
0.44061801
0.43978781
0.43978781
0.43978781
0.43978781
0.43978781
0.43978781
0.44120732
0.44120732
0.47291203
0.47291203
0.61555902
0.61555902
0.61555902
0.54718236
0.51480046
0.51480046
0.50054735
0.50054735
0.50054735
0.51102916
0.51102916
0.51395126
0.51395126
0.52860893
0.55479009
0.68149162
0.68149162
0.68149162
0.53916172
0.53916172
0.47493671
0.47493671
0.47493671
0.47493671
0.47493671
0.47636519
0.47636519
0.47636519
0.47636519
0.48994028
0.48994028
0.48994028
0.46679416
0.41779629
0.41779629
0.41779629
0.45646557
0.490258
0.62430569
0.71929771
0.73009453
0.73009453
0.73009453
0.57788152
0.5364632
0.34819844
0.34738848
0.34738848
0.34738848
0.34738848
0.34738848
0.34738848
0.34786527
0.34786527
0.34786527
0.35831577
0.35831577
0.35831577
0.36515947
0.38214848
0.38214848
0.42437299
0.53312965
0.54081002
0.54081002
0.54494538
0.54494538
0.54494538
0.54494538
0.56347247
0.56347247
0.60626604
0.60626604
0.60626604
0.61302457
0.61302457
0.61302457
0.62751336
0.62751336
0.62751336
0.62751336
0.6294869
0.6756923
0.72031496
0.74800455
0.74800455
0.75815403
0.8111927
0.85850323
0.85850323
0.85850323
0.83517821
0.81000323
0.81000323
0.81000323
0.81000323
0.80820797
0.78833987
0.78833987
0.78833987
0.82134406
0.82134406
0.82134406
0.82639354
0.82639354
0.94996172
0.94996172
0.94996172
0.94996172
0.94996172
0.94996172
0.94996172
0.94996172
0.94996172
0.90059457
0.88891348
0.70022015
0.70022015
0.70022015
0.91281382
0.91281382
0.91281382
0.90783552
0.78166651
0.43355679
0.4113822
0.4113822
0.4113822
0.62228206
0.74167646
0.96469224
0.97581054
0.97581054
0.97581054
0.95576771
0.95576771
0.95576771
0.95576771
0.9277389
0.92485479
0.53079163
0.46542433
0.46542433
0.46542433
0.46542433
0.46542433
0.46542433
0.46542433
0.47840594
0.66866219
0.68966778
0.74898443
0.77712784
0.77712784
0.77712784
0.76679737
0.71740997
0.67438677
0.65474913
0.65474913
0.58144761
0.54223454
0.54223454
0.54223454
0.54223454
0.54223454
0.50648736
0.48559262
0.48559262
0.48559262
0.48559262
0.49684827
0.49684827
0.49684827
0.48782375
0.48782375
0.48782375
0.48782375
0.48782375
0.48782375
0.52884983
0.52884983
0.52884983
0.4306109
0.4306109
0.4306109
0.4306109
0.4306109
0.4306109
0.4329773
0.43306644
0.43320046
0.43461078
0.43673942
0.43673942
0.43673942
0.43673942
0.4382084
0.4382084
0.4382084
0.44376076
0.44376076
0.44376076
0.44376076
0.43583657
0.43583657
0.43583657
0.43583657
0.33831448
0.33831448
0.33831448
0.43154381
0.46959393
0.46959393
0.46959393
0.46959393
0.46959393
0.54761301
0.54761301
0.54761301
0.54761301
0.54761301
0.54761301
0.54761301
0.49393098
0.49393098
0.49393098
0.49393098
0.49393098
0.46923049
0.46923049
0.46923049
0.4390553
0.4390553
0.4390553
0.4390553
0.4390553
0.44802638
0.45588211
0.49554295
0.50599533
0.50599533
0.50599533
0.51609284
0.51609284
0.51609284
0.60091345
0.60091345
0.60091345
0.60091345
0.60091345
0.60091345
0.60091345
0.60091345
0.63380784
0.63380784
0.63380784
0.63380784
0.63380784
0.63380784
0.63380784
0.62649612
0.55262847
0.54582402
0.52494368
0.43495668
0.43495668
0.43495668
0.45313891
0.45313891
0.45313891
0.45313891
0.46139794
0.53024178
0.56265542
0.56265542
0.56265542
0.42818479
0.42743308
0.42743308
0.42743308
0.42743308
0.42743308
0.45371986
0.50795906
0.55006918
0.57597979
0.57597979
0.57597979
0.56509801
0.47202442
0.46562223
0.45987531
0.45987531
0.45987531
0.48779703
0.51925542
0.54236188
0.58780764
0.58780764
0.58780764
0.58780764
0.52502238
0.52502238
0.52502238
0.52502238
0.52502238
0.50254969
0.50254969
0.50254969
0.51278852
0.51278852
0.55286937
0.58865809
0.59807235
0.59807235
0.59807235
0.59184969
0.59184969
0.59184969
0.63931845
0.63931845
0.63931845
0.63931845
0.42832799
0.42832799
0.42832799
0.38991903
0.38991903
0.38991903
0.437426
0.46599401
0.47902322
0.48690149
0.50656982
0.52122686
0.53111917
0.53111917
0.53111917
0.52356467
0.52356467
0.52356467
0.52356467
0.54934022
0.54934022
0.54934022
0.44645052
0.43054681
0.41798771
0.41798771
0.38789686
0.38789686
0.35758243
0.32291825
0.29246938
0.22728411
0.18516961
0.18183689
0.16310732
0.13046448
0.13046448
0.0940781
0.0940781
0.0940781
0.05654652
0.05654652
0.05654652
0.10134494
0.16062255
0.25863583
0.33697242
0.34203652
0.34203652
0.34203652
0.32086748
0.27375129
0.25239083
0.25239083
0.25239083
0.27154291
0.31423211
0.31954942
0.33830426
0.33830426
0.33830426
0.33830426
0.33830426
0.33830426
0.32842511
0.32842511
0.32842511
0.35521331
0.35521331
0.35521331
0.3511222
0.3511222
0.3511222
0.33825541
0.33825541
0.33825541
0.33825541
0.33825541
0.34187954
0.34187954
0.34187954
0.34187954
0.42863465
0.48256656
0.54712057
0.54712057
0.54712057
0.54712057
0.49246763
0.47735551
0.45200268
0.42504392
0.42504392
0.42504392
0.45399354
0.48787156
0.48787156
0.48787156
0.48041204
0.46354056
0.43064597
0.39372957
0.39372957
0.39372957
0.39372957
0.39731675
0.39731675
0.44182877
0.50698711
0.54574323
0.54574323
0.54574323
0.49128109
0.46775525
0.46689081
0.46689081
0.46689081
0.46351426
0.45253896
0.45253896
0.45253896
0.45253896
0.45253896
0.45253896
0.49810287
0.49810287
0.49810287
0.49810287
0.50875836
0.50875836
0.50875836
0.51729274
0.51729274
0.51729274
0.48197037
0.48197037
0.48197037
0.4868779
0.4868779
0.4868779
0.52189779
0.52189779
0.52189779
0.52189779
0.52189779
0.52189779
0.52189779
0.52189779
0.52189779
0.52189779
0.52189779
0.5192573
0.44986026
0.44986026
0.44986026
0.4703112
0.4703112
0.4703112
0.4703112
0.4703112
0.4703112
0.44696697
0.44696697
0.44696697
0.44696697
0.44696697
0.44696697
0.44696697
0.48516238
0.48516238
0.48516238
0.43551238
0.42985459
0.42985459
0.42985459
0.42985459
0.42985459
0.39594004
0.39594004
0.39594004
0.44202875
0.4644407
0.47075125
0.47075125
0.47952172
0.47952172
0.53942475
0.53942475
0.53942475
0.53942475
0.53942475
0.53942475
0.53942475
0.50612288
0.38246578
0.38246578
0.38246578
0.44283996
0.50005261
0.50396794
0.50396794
0.54101752
0.54101752
0.54101752
0.55494707
0.55494707
0.5743841
0.6135024
