0.52189494
0.57137232
0.56246926
0.56246926
0.55907774
0.54814014
0.54814014
0.54814014
0.54814014
0.59309208
0.59309208
0.59309208
0.59309208
0.59309208
0.59309208
0.59309208
0.59065799
0.59065799
0.59065799
0.59065799
0.59065799
0.56947219
0.56947219
0.56947219
0.56947219
0.56947219
0.56561247
0.56172383
0.53138613
0.53138613
0.53138613
0.53138613
0.53138613
0.60939025
0.60939025
0.60939025
0.60939025
0.60939025
0.60939025
0.60939025
0.60028781
0.60028781
0.60028781
0.56232485
0.56232485
0.56232485
0.56232485
0.56232485
0.56232485
0.56598151
0.62500401
0.62500401
0.62500401
0.61150528
0.60792753
0.5812244
0.5812244
0.5812244
0.5812244
0.5812244
0.5812244
0.5812244
0.5812244
0.5812244
0.5812244
0.5812244
0.5812244
0.5812244
0.56835062
0.56835062
0.56086425
0.56086425
0.5551528
0.5551528
0.5551528
0.59046756
0.59046756
0.59046756
0.59046756
0.59364628
0.59642889
0.60784179
0.60784179
0.61497886
0.61497886
0.61497886
0.61497886
0.61497886
0.61497886
0.61497886
0.61497886
0.61497886
0.61770123
0.61770123
0.66870945
0.66870945
0.66870945
0.63712289
0.63712289
0.63712289
0.63712289
0.63712289
0.62225376
0.62225376
0.61194664
0.61194664
0.61194664
0.61194664
0.64314471
0.64314471
0.64314471
0.64314471
0.63922871
0.62912386
0.62912386
0.62912386
0.62912386
0.62912386
0.62912386
0.62729764
0.62729764
0.62729764
0.65034991
0.65034991
0.65034991
0.63691562
0.63691562
0.63691562
0.63691562
0.62494299
0.62494299
0.62494299
0.62494299
0.62494299
0.62494299
0.63393154
0.65198859
0.65198859
0.65198859
0.63862821
0.6203823
0.6203823
0.6203823
0.6203823
0.6203823
0.6203823
0.6203823
0.6203823
0.6203823
0.6203823
0.60325979
0.60325979
0.60325979
0.60310539
0.60310539
0.60310539
0.60310539
0.60310539
0.60310539
0.59872725
0.59872725
0.59872725
0.5987404
0.5987404
0.5987404
0.5987404
0.5987404
0.5987404
0.5987404
0.5987404
0.61648155
0.61648155
0.62832714
0.6328923
0.6328923
0.6328923
0.6328923
0.6328923
0.6328923
0.6328923
0.6328923
0.59040548
0.57983638
0.5556978
0.5556978
0.5556978
0.5556978
0.5556978
0.5556978
0.56038895
0.59752099
0.59752099
0.59752099
0.59752099
0.59752099
0.59752099
0.59546698
0.59546698
0.59546698
0.59546698
0.59546698
0.59546698
0.59546698
0.59546698
0.58253981
0.58253981
0.58253981
0.58253981
0.58253981
0.60943917
0.60943917
0.60943917
0.60943917
0.60843203
0.60843203
0.60843203
0.62351394
0.62351394
0.64268835
0.64376257
0.64376257
0.64376257
0.61963529
0.61963529
0.61963529
0.61963529
0.61552465
0.61552465
0.61552465
0.62118218
0.643413
0.643413
0.643413
0.643413
0.643413
0.643413
0.65422672
0.65422672
0.65422672
0.65422672
0.65422672
0.65422672
0.65422672
0.65422672
0.65422672
0.70248022
0.70248022
0.70248022
0.67834269
0.56732743
0.56732743
0.56732743
0.56732743
0.56732743
0.56732743
0.53421371
0.53421371
0.53421371
0.53421371
0.53421371
0.53421371
0.53421371
0.53421371
0.53887962
0.53943382
0.53943382
0.53943382
0.53943382
0.58576615
0.58576615
0.58576615
0.58576615
0.58576615
0.58576615
0.58576615
0.56973022
0.56973022
0.56973022
0.56973022
0.56973022
0.59894109
0.59894109
0.59894109
0.59894109
0.59894109
0.59894109
0.59894109
0.59894109
0.59894109
0.59894109
0.59894109
0.59894109
0.59894109
0.60851909
0.60851909
0.60851909
0.60851909
0.60851909
0.60851909
0.60486901
0.60486901
0.60486901
0.60486901
0.57918433
0.57918433
0.57918433
0.56800974
0.56800974
0.56800974
0.56800974
0.56800974
0.56800974
0.59511689
0.59511689
0.59511689
0.59511689
0.62256861
0.64509166
0.64509166
0.64509166
0.61605334
0.61605334
0.61605334
0.61605334
0.61202818
0.61202818
0.61202818
0.63597213
0.63597213
0.63597213
0.63597213
0.63597213
0.63597213
0.63597213
0.63597213
0.63597213
0.63598712
0.65555108
0.65555108
0.65555108
0.62464892
0.62464892
0.62464892
0.63892833
0.63892833
0.64889456
0.67282983
0.67282983
0.68382083
0.68382083
0.68382083
0.68382083
0.68350545
0.66656207
0.62804701
0.62804701
0.62804701
0.64394511
0.65358966
0.65358966
0.65395001
0.65395001
0.65395001
0.65395001
0.65932741
0.66786091
0.66786091
0.69445858
0.69445858
0.69445858
0.69445858
0.69445858
0.69445858
0.69445858
0.67641809
0.67081948
0.63350385
0.62998318
0.62998318
0.62998318
0.63523143
0.67494985
0.67494985
0.67494985
0.63963299
0.63963299
0.63963299
0.69278175
0.69278175
0.69278175
0.62896499
0.62896499
0.62896499
0.61323181
0.58706631
0.58706631
0.58706631
0.58706631
0.6292801
0.6292801
0.6292801
0.63205507
0.63205507
0.63205507
0.63205507
0.69035661
0.69052679
0.69052679
0.69052679
0.64652834
0.64620192
0.64620192
0.64620192
0.65463442
0.65463442
0.65463442
0.65463442
0.65463442
0.6728556
0.6728556
0.6728556
0.7027977
0.7027977
0.7027977
0.7027977
0.7027977
0.7027977
0.65515916
0.65515916
0.65515916
0.65515916
0.6623954
0.66454041
0.66454041
0.66454041
0.66454041
0.66454041
0.66454041
0.66454041
0.66454041
0.66454041
0.66454041
0.66454041
0.66836909
0.66836909
0.66836909
0.66836909
0.66836909
0.66836909
0.66836909
0.66836909
0.69069434
0.69069434
0.69069434
0.61769912
0.61769912
0.61769912
0.61769912
0.61802739
0.61802739
0.61802739
0.61802739
0.61802739
0.61340778
0.61340778
0.61340778
0.61340778
0.66646554
0.66646554
0.66646554
0.65874664
0.65874664
0.65874664
0.64413739
0.64366893
0.62309073
0.62309073
0.61433417
0.59705306
0.59705306
0.5557625
0.5557625
0.53539893
0.53539893
0.53539893
0.59756649
0.59756649
0.59756649
0.59756649
0.59038733
0.58975264
0.58975264
0.58975264
0.58975264
0.58975264
0.58975264
0.58975264
0.58975264
0.58975264
0.58003208
0.58003208
0.5665294
0.5665294
0.5665294
0.55576987
0.55576987
0.55576987
0.55576987
0.55576987
0.56007489
0.56007489
0.56007489
0.56007489
0.56007489
0.56007489
0.55922162
0.49809487
0.49809487
0.49809487
0.54471364
0.54471364
0.54471364
0.54471364
0.55132675
0.56732375
0.57136574
0.57136574
0.57136574
0.59305236
0.59305236
0.59305236
0.59305236
0.59305236
0.59602434
0.59602434
0.64849186
0.64849186
0.64849186
0.64849186
0.64849186
0.60918798
0.60918798
0.60918798
0.61793664
0.61793664
0.61793664
0.61145346
0.61145346
0.61145346
0.61623615
0.61623615
0.61623615
0.61623615
0.61623615
0.62423622
0.62423622
0.62423622
0.62423622
0.62423622
0.63356198
0.63356198
0.63356198
0.63356198
0.65240076
0.65240076
0.65240076
0.65240076
0.64106124
0.64106124
0.64106124
0.64645101
0.64645101
0.64645101
0.64645101
0.64645101
0.64645101
0.67054067
0.69069382
0.69069382
0.69069382
0.69069382
0.69069382
0.68690486
0.65311015
0.65311015
0.65311015
0.68353517
0.70701566
0.70701566
0.70701566
0.70701566
0.70701566
0.70701566
0.70701566
0.70701566
0.70701566
0.71477954
0.71477954
0.71477954
0.71477954
0.71477954
0.71477954
0.69860973
0.68839493
0.68047245
0.66994149
0.66994149
0.66994149
0.67154729
0.67154729
0.67154729
0.67154729
0.67154729
0.67154729
0.67154729
0.67876748
0.67876748
0.67876748
0.67876748
0.67876748
0.67876748
0.67876748
0.67876748
0.67876748
0.61223045
0.61223045
0.61223045
0.61223045
0.61223045
0.61223045
0.61223045
0.61223045
0.61223045
0.63727544
0.63727544
0.66172151
0.66172151
0.66850955
0.66850955
0.66850955
0.66850955
0.66693505
0.64024559
0.64024559
0.64024559
0.64024559
0.64024559
0.65120397
0.65120397
0.65120397
0.65120397
0.63980001
0.63980001
0.63980001
0.64031897
0.69585579
0.69585579
0.69585579
0.69585579
0.69585579
0.69585579
0.71407961
0.71407961
0.71407961
0.71407961
0.68916087
0.68916087
0.68916087
0.68916087
0.66580033
0.65316828
0.65316828
0.65316828
0.65316828
0.68026097
0.68026097
0.68026097
0.66574746
0.66574746
0.66574746
0.66574746
0.66574746
0.66574746
0.66877889
0.66920027
0.66920027
0.66920027
0.66920027
0.66920027
0.66920027
0.65409494
0.65409494
0.65409494
0.66840697
0.66840697
0.66840697
0.66840697
0.6445514
0.6445514
0.6445514
0.6445514
0.6445514
0.6445514
0.71490316
0.71490316
0.71490316
0.71490316
0.71490316
0.69631452
0.68577804
0.68577804
0.68577804
0.68577804
0.68577804
0.678354
0.678354
0.67221486
0.67221486
0.67221486
0.67221486
0.66216972
0.66216972
0.66216972
0.66216972
0.66216972
0.68574095
0.68574095
0.68574095
0.68194647
0.65724026
0.65724026
0.65455104
0.62670766
0.62670766
0.62670766
0.64465424
0.64465424
0.64465424
0.64465424
0.65517652
0.71707842
0.71707842
0.71707842
0.67580497
0.66615332
0.66615332
0.66615332
0.66615332
0.66070595
0.66070595
0.66070595
0.66070595
0.66070595
0.66070595
0.66070595
0.66070595
0.66070595
0.66832858
0.66832858
0.66832858
0.66832858
0.67348872
0.67348872
0.67348872
0.67588598
0.67588598
0.67588598
0.67588598
0.67588598
0.68247805
0.68247805
0.68247805
0.68247805
0.64499881
0.64499881
0.64499881
0.6494656
0.65273402
0.67227115
0.67227115
0.67227115
0.69333701
0.69333701
0.69333701
0.69005886
0.67266727
0.63847118
0.63268424
0.63183544
0.6276017
0.6276017
0.6276017
0.6195648
0.6078502
0.6078502
0.6078502
0.5969873
0.5969873
0.5969873
0.5969873
0.58660101
0.58660101
0.58660101
0.58660101
0.58660101
0.58660101
0.58871025
0.59458662
0.60699641
0.60699641
0.60699641
0.60699641
0.62475703
0.65211222
0.65211222
0.65211222
0.64068643
0.64068643
0.64068643
0.64068643
0.64068643
0.64068643
0.62972909
0.62972909
0.62972909
0.6372715
0.64049757
0.65130576
0.65130576
0.65130576
0.63635063
0.63635063
0.63635063
0.63635063
0.63635063
0.67124612
0.71445022
0.71717075
0.71717075
0.71717075
0.71717075
0.71717075
0.71717075
0.71717075
0.71717075
0.69394593
0.68532904
0.68532904
0.6794027
0.6794027
0.6794027
0.6905694
0.69103734
0.69103734
0.69103734
0.6870319
0.6870319
0.6870319
0.6870319
0.70707537
0.7072132
0.7072132
0.7072132
0.69336568
0.66625143
0.63774969
0.62822245
0.62822245
0.62822245
0.62822245
0.62822245
0.62822245
0.6316721
0.6316721
0.6316721
0.66413009
0.66413009
0.66413009
0.6617565
0.6617565
0.6617565
0.6617565
0.6617565
0.6617565
0.6617565
0.68430927
0.68430927
0.68430927
0.68380794
0.68380794
0.68380794
0.70199046
0.70199046
0.70199046
0.70199046
0.70199046
0.70199046
0.70199046
0.70199046
0.70199046
0.69532316
0.68047586
0.68047586
0.68047586
0.68047586
0.68047586
0.68047586
0.68047586
0.68047586
0.68047586
0.68047586
0.64970364
0.64970364
0.64970364
0.64970364
0.64970364
0.66090296
0.66090296
0.66090296
0.65606162
0.65606162
0.65606162
0.67011482
0.67011482
0.67011482
0.67011482
0.69086216
0.69086216
0.69086216
0.68205089
0.68205089
0.68205089
0.64391697
0.64391697
0.64391697
0.68381136
0.68381136
0.68381136
0.67497142
0.67497142
0.67497142
0.6805866
0.6805866
0.6805866
0.6805866
0.6805866
0.6805866
0.6805866
0.6805866
0.66558438
0.66284255
0.66284255
0.66284255
0.66284255
0.66284255
0.64398957
0.64268414
0.64268414
0.64268414
0.65091411
0.65518415
0.65518415
0.65518415
0.65518415
0.65518415
0.65867588
0.65867588
0.65867588
0.65351601
0.59150074
0.59150074
0.59150074
0.60994024
0.64053887
0.64053887
0.64053887
0.64053887
0.64053887
0.65247362
0.65247362
0.65247362
0.6826414
0.6826414
0.6826414
0.65511234
0.65511234
0.65511234
0.72345744
0.72345744
0.72345744
0.71387866
0.71387866
0.65806276
0.65806276
0.65806276
0.65806276
0.63717681
0.63262822
0.63262822
0.63262822
0.60357832
0.60357832
0.60357832
0.60357832
0.60357832
0.60357832
0.60357832
0.60357832
0.60357832
0.60357832
0.60357832
0.60357832
0.63805454
0.63805454
0.63805454
0.63805454
0.65047827
0.65047827
0.65047827
0.65047827
0.6523905
0.66015517
0.66015517
0.66015517
0.66015517
0.64309289
0.64309289
0.6137363
0.6137363
0.61245377
0.57038517
0.57038517
0.57038517
0.57038517
0.57139231
0.5970862
0.5970862
0.5970862
0.5970862
0.5970862
0.60794516
0.60794516
0.60794516
0.60794516
0.60794516
0.62387298
0.64211547
0.64211547
0.64211547
0.63993916
0.63993916
0.63993916
0.61563118
0.60582092
0.59094496
0.57884423
0.57884423
0.56849818
0.56849818
0.56849818
0.60246412
0.60845623
0.60845623
0.6097506
0.6097506
0.6097506
0.6097506
0.6093721
0.6093721
0.6093721
0.6516193
0.6516193
0.6516193
0.6516193
0.6516193
0.66398069
0.66398069
0.67688681
0.68268506
0.68681753
0.68774156
0.68774156
0.68774156
0.68774156
0.68774156
0.68291679
0.68291679
0.68291679
0.68291679
0.68204037
0.65834236
0.65834236
0.65834236
0.65885974
0.65885974
0.67558534
0.67558534
0.71269291
0.71269291
0.71269291
0.65908647
0.64761728
0.64761728
0.64761728
0.64761728
0.64761728
0.64761728
0.64761728
0.65011739
0.66596683
0.66596683
0.66596683
0.66596683
0.66596683
0.64414922
0.64068985
0.64068985
0.64068985
0.64068985
0.62881506
0.62881506
0.62881506
0.62482278
0.62482278
0.62482278
0.62482278
0.62482278
0.62482278
0.62482278
0.60764714
0.60764714
0.60764714
0.60764714
0.61035846
0.61035846
0.61035846
0.62942766
0.62942766
0.6415639
0.6415639
0.6415639
0.6415639
0.6415639
0.6415639
0.6415639
0.63387183
0.5984053
0.5984053
0.5984053
0.61407561
0.61407561
0.6151522
0.6151522
0.63205139
0.63205139
0.63205139
0.5933459
0.5933459
0.5933459
0.60048508
0.60048508
0.60048508
0.65698801
0.67105016
0.68368484
0.68368484
0.68368484
0.68368484
0.68368484
0.62811987
0.62182344
0.62182344
0.62182344
0.62182344
0.62182344
0.62182344
0.63319742
0.63319742
0.63319742
0.60675494
0.60675494
0.60675494
0.60675494
0.60675494
0.60675494
0.6199341
0.6199341
0.63176285
0.63176285
0.63176285
0.61301034
0.61301034
0.61301034
0.58713101
0.58713101
0.58713101
0.612943
0.65687517
0.67397401
0.68338972
0.68610788
0.68610788
0.68610788
0.68610788
0.68610788
0.68610788
0.65155906
0.65155906
0.65155906
0.65155906
0.65155906
0.65155906
0.65155906
0.65995789
0.65995789
0.65995789
0.62750806
0.62750806
0.62750806
0.62750806
0.62750806
0.6027069
0.6027069
0.6027069
0.6027069
0.6027069
0.6027069
0.6027069
0.6027069
0.62035757
0.62035757
0.62035757
0.62035757
0.62630075
0.64810179
0.65250229
0.65250229
0.65250229
0.65250229
0.65250229
0.65250229
0.65809511
0.65809511
0.65809511
0.65911988
0.65911988
0.65911988
0.65911988
0.65198175
0.63886257
0.60103666
0.60103666
0.54973515
0.54973515
0.53904059
0.53904059
0.53904059
0.55693299
0.57876795
0.57876795
0.57876795
0.5825961
0.5867633
0.59044047
0.63149429
0.63149429
0.63149429
0.63149429
0.58054288
0.58054288
0.58054288
0.58922763
0.58922763
0.58922763
0.57536855
0.57536855
0.57536855
0.60497081
0.60497081
0.60497081
0.59758017
0.59758017
0.59758017
0.59758017
0.63708054
0.63708054
0.63708054
0.63708054
0.62256098
0.62256098
0.62256098
0.62256098
0.62264857
0.62699568
0.63651344
0.63651344
0.63651344
0.63651344
0.63651344
0.63651344
0.63651344
0.63651344
0.63651344
0.63746456
0.6496513
0.6496513
0.65605768
0.65605768
0.66838356
0.66838356
0.66838356
0.66838356
0.66838356
0.66838356
0.66838356
0.70580046
0.70580046
0.70580046
0.70580046
0.70580046
0.70580046
0.70580046
0.67129136
0.64826592
0.64826592
0.64826592
0.64834798
0.64834798
0.64834798
0.64834798
0.68716132
0.68716132
0.68716132
0.63875341
0.63875341
0.63875341
0.63875341
0.63875341
0.63875341
0.63875341
0.63875341
0.63875341
0.63875341
0.65345472
0.65345472
0.65345472
0.69503672
0.69503672
0.71397598
0.71397598
0.71397598
0.67907312
0.67907312
0.67907312
0.67907312
0.68944179
0.68944179
0.68944179
0.65989398
0.65989398
0.65989398
0.65989398
0.62677053
0.62677053
0.62677053
0.6565769
0.6565769
0.6565769
0.6565769
0.6565769
0.6997831
0.72264652
0.72264652
0.72264652
0.71444812
0.71444812
0.71444812
0.67695757
0.62849311
0.62849311
0.62849311
0.65634964
0.65634964
0.65634964
0.65634964
0.64773986
0.64773986
0.64773986
0.66023145
0.66023145
0.66023145
0.66090086
0.66090086
0.66090086
0.66090086
0.66090086
0.66090086
0.66090086
0.66090086
0.66106078
0.66106078
0.66106078
0.67578945
0.67578945
0.67578945
0.67578945
0.67578945
0.67578945
0.67578945
0.67578945
0.67578945
0.67578945
0.670068
0.670068
0.670068
0.670068
0.670068
0.63822972
0.63822972
0.63822972
0.63822972
0.63822972
0.63822972
0.63446233
0.63446233
0.63446233
0.69816547
0.69816547
0.69816547
0.69816547
0.67468025
0.62338374
0.62338374
0.62338374
0.62338374
0.67472102
0.69552306
0.69552306
0.69552306
0.69552306
0.6535986
0.62786894
0.62786894
0.62786894
0.63851116
0.63851116
0.63851116
0.63851116
0.63851116
0.63851116
0.63851116
0.63851116
0.73432955
0.73432955
0.73432955
0.71594976
0.71594976
0.70156251
0.70156251
0.70156251
0.70156251
0.70156251
0.70156251
0.7391196
0.7391196
0.73998603
0.73998603
0.73998603
0.73643143
0.73051429
0.65561894
0.64813677
0.64813677
0.64813677
0.64880566
0.67202022
0.67202022
0.67202022
0.65800568
0.65269351
0.65269351
0.65269351
0.65269351
0.65269351
0.65269351
0.64205471
0.64205471
0.64205471
0.64205471
0.64205471
0.64205471
0.64205471
0.64205471
0.64205471
0.64205471
0.64205471
0.64433729
0.64433729
0.64433729
0.64433729
0.64433729
0.64433729
0.64433729
0.64433729
0.64433729
0.65082678
0.65082678
0.65082678
0.67012166
0.67012166
0.67012166
0.67012166
0.67012166
0.67012166
0.67012166
0.67012166
0.67012166
0.67012166
0.67012166
0.67012166
0.66554835
0.66554835
0.66554835
0.66554835
0.63741695
0.63741695
0.63741695
0.63741695
0.63741695
0.63741695
0.63671493
0.63671493
0.63671493
0.64636315
0.64636315
0.64636315
0.64636315
0.64636315
0.65649483
0.65694567
0.66983417
0.66983417
0.66983417
0.66983417
0.68484533
0.68484533
0.68484533
0.69313974
0.69313974
0.69313974
0.69313974
0.66219444
0.64655543
0.61701419
0.61701419
0.61701419
0.65545849
0.65779473
0.65936003
0.68670022
0.68670022
0.68670022
0.68670022
0.70843445
0.70843445
0.70843445
0.70843445
0.70843445
0.70843445
0.70843445
0.70843445
0.70851651
0.70851651
0.70851651
0.70851651
0.70851651
0.70851651
0.70851651
0.70851651
0.70851651
0.70586174
0.70586174
0.70586174
0.70586174
0.70586174
0.70586174
0.72175169
0.72175169
0.72175169
0.72175169
0.72175169
0.72175169
0.71854982
0.713936
0.713936
0.70691018
0.69896534
0.69896534
0.66476504
0.66476504
0.66476504
0.65886395
0.65886395
0.65886395
0.68412752
0.69492993
0.69608752
0.69608752
0.69608752
0.69608752
0.69608752
0.72041155
0.72041155
0.72041155
0.75367335
0.75367335
0.75367335
0.74652366
0.73707086
0.71535794
0.71535794
0.71535794
0.73470279
0.73470279
0.73470279
0.76681279
0.76681279
0.76681279
0.76681279
0.76681279
0.72834692
0.68815084
0.68052295
0.68052295
0.68052295
0.69071539
0.69071539
0.69071539
0.69071539
0.71695559
0.75408868
0.75408868
0.75408868
0.64641602
0.64108413
0.64108413
0.6328418
0.60975323
0.60975323
0.60975323
0.60975323
0.60975323
0.60975323
0.60975323
0.60975323
0.60975323
0.60975323
0.66436366
0.66436366
0.66436366
0.66436366
0.69090687
0.69628532
0.6995711
0.7068702
0.71182675
0.71339494
0.71339494
0.72349506
0.72484388
0.74039557
0.7424764
0.7424764
0.7424764
0.73558947
0.72421944
0.71964587
0.71964587
0.71964587
0.71964587
0.71964587
0.71964587
0.71964587
0.71964587
0.71964587
0.71964587
0.6799335
0.6799335
0.6799335
0.6799335
0.6799335
0.6799335
0.67061511
0.65812326
0.65812326
0.63172655
0.63157557
0.63157557
0.5956006
0.58495023
0.5647471
0.55867425
0.55867425
0.55867425
0.55867425
0.58791563
0.60454496
0.60454496
0.60454496
0.60454496
0.60454496
0.63088301
0.63134936
0.63134936
0.63134936
0.63134936
0.63134936
0.63134936
0.63134936
0.63134936
0.63134936
0.62574839
0.62574839
0.62574839
0.62574839
0.62574839
0.62574839
0.62574839
0.62574839
0.62574839
0.60271847
0.60271847
0.60271847
0.60271847
0.60948073
0.60948073
0.60948073
0.6200643
0.62559373
0.62559373
0.63495183
0.63495183
0.63495183
0.63495183
0.65109034
0.65613448
0.68046087
0.68046087
0.68046087
0.66357877
0.63154269
0.6149615
0.6149615
0.6149615
0.6149615
0.61538393
0.61538393
0.66483606
0.66483606
0.66483606
0.65269509
0.63156926
0.63156926
0.63156926
0.65497793
0.65497793
0.65497793
0.6688962
0.67004249
0.67004249
0.67004249
0.67004249
0.67004249
0.6488459
0.62481174
0.62481174
0.62481174
0.62481174
0.62481174
0.62481174
0.62289266
0.62289266
0.62289266
0.61729064
0.61729064
0.61729064
0.61729064
0.61729064
0.61729064
0.61729064
0.61402643
0.61402643
0.61402643
0.63643112
0.64131165
0.65751408
0.65751408
0.65751408
0.646784
0.646784
0.646784
0.646784
0.646784
0.62456054
0.62456054
0.62456054
0.62456054
0.62456054
0.62456054
0.62456054
0.60321955
0.58930049
0.58930049
0.58930049
0.58930049
0.58930049
0.58930049
0.58930049
0.63427137
0.6561016
0.6561016
0.6561016
0.6561016
0.6561016
0.6372452
0.63419667
0.63419667
0.63419667
0.6432736
0.6432736
0.6432736
0.6432736
0.6432736
0.6432736
0.6432736
0.61066174
0.61066174
0.61066174
0.61066174
0.61066174
0.61066174
0.61066174
0.61066174
0.61038161
0.61038161
0.61038161
0.61038161
0.61038161
0.62677684
0.62937874
0.64350953
0.64350953
0.65304255
0.65304255
0.65304255
0.65304255
0.65304255
0.65304255
0.65304255
0.65304255
0.65304255
0.6123112
0.58889043
0.58716468
0.58716468
0.57131025
0.57131025
0.57131025
0.59646282
0.59646282
0.59646282
0.57430248
0.57430248
0.56222017
0.56222017
0.53465745
0.50951198
0.50951198
0.50951198
0.54903523
0.56545965
0.56545965
0.56545965
0.5767897
0.5767897
0.5767897
0.60198935
0.60198935
0.60198935
0.59688919
0.59688919
0.59688919
0.59688919
0.59688919
0.59688919
0.59688919
0.59688919
0.59688919
0.57640436
0.56431416
0.56431416
0.56431416
0.59666798
0.59666798
0.59666798
0.59666798
0.59666798
0.59666798
0.59666798
0.6253883
0.6253883
0.6253883
0.6705917
0.6705917
0.6705917
0.6705917
0.6705917
0.6645291
0.6645291
0.6645291
0.63232521
0.63232521
0.60501079
0.60501079
0.60501079
0.60501079
0.60501079
0.59852787
0.55144038
0.55144038
0.55144038
0.55144038
0.55144038
0.55144038
0.55144038
0.55144038
0.56297323
0.56297323
0.56308685
0.57856253
0.59613587
0.59613587
0.61311844
0.61311844
0.61311844
0.61311844
0.61311844
0.61311844
0.61311844
0.61909266
0.61909266
0.61909266
0.61909266
0.61909266
0.61909266
0.61909266
0.61909266
0.61909266
0.61909266
0.61909266
0.58235622
0.58235622
0.58235622
0.58235622
0.58028538
0.58028538
0.58028538
0.58028538
0.58028538
0.58028538
0.60476064
0.60476064
0.60476064
0.60476064
0.60476064
0.58682748
0.58682748
0.57817009
0.57817009
0.57817009
0.59522578
0.59789528
0.59789528
0.59789528
0.56832643
0.56832643
0.56832643
0.62350474
0.62350474
0.62350474
0.60968432
0.60968432
0.60968432
0.60968432
0.60804037
0.60804037
0.60804037
0.60804037
0.59317493
0.54940374
0.52496924
0.52496924
0.52496924
0.55335393
0.55335393
0.55335393
0.55335393
0.55335393
0.55335393
0.55335393
0.55335393
0.55335393
0.55335393
0.60011631
0.60011631
0.60011631
0.58003392
0.57176608
0.57176608
0.57176608
0.53251664
0.53251664
0.53251664
0.53251664
0.53251664
0.52674575
0.52674575
0.52674575
0.55438764
0.55438764
0.55438764
0.55438764
0.55438764
0.55438764
0.55438764
0.57630572
0.57630572
0.57630572
0.57630572
0.57630572
0.57614501
0.57168612
0.57168612
0.5418395
0.5418395
0.48557671
0.48557671
0.48557671
0.51558299
0.5544242
0.5544242
0.5544242
0.5544242
0.5544242
0.51652148
0.51047151
0.51047151
0.49593986
0.49593986
0.49593986
0.49593986
0.49593986
0.49580703
0.490099
0.490099
0.48030453
0.48030453
0.48030453
0.53969212
0.53969212
0.53969212
0.51268676
0.51268676
0.50973897
0.4877767
0.4877767
0.4877767
0.53000102
0.53000102
0.53000102
0.53000102
0.53000102
0.53000102
0.53000102
0.53000102
0.53000102
0.50199824
0.49333296
0.49333296
0.49333296
0.4739668
0.4739668
0.4739668
0.48407113
0.48407113
0.48407113
0.39423984
0.39423984
0.3831168
0.3831168
0.3831168
0.3831168
0.3831168
0.3606695
0.3606695
0.3606695
0.3606695
0.3606695
0.31332161
0.31332161
0.31332161
0.31332161
0.31332161
0.31332161
0.31567705
0.31567705
0.31567705
0.30666062
0.29643714
0.29643714
0.29419954
0.25228666
0.25228666
0.25228666
0.25228666
0.25228666
0.21617307
0.21617307
0.21617307
0.21617307
0.33489723
0.33489723
0.33489723
0.28877059
0.23420935
0.23420935
0.23316091
0.23316091
0.23316091
0.27601702
0.27601702
0.27810785
0.27810785
0.27810785
0.27810785
0.27810785
0.27810785
0.29934758
0.29934758
0.29934758
0.29163
0.29163
0.29163
0.29163
0.28204621
0.28204621
0.28204621
0.28204621
0.21071334
0.18558313
0.18558313
0.18558313
0.18896492
0.18896492
0.18896492
0.22570899
0.22570899
0.22570899
0.22570899
0.22570899
0.22715224
0.22715224
0.22715224
0.22715224
0.22715224
0.22715224
0.22715224
0.22563797
0.22162964
0.22162964
0.22162964
0.22162964
0.22162964
0.22162964
0.22162964
0.22162964
0.21222183
0.21222183
0.19186851
0.19186851
0.19186851
0.19186851
0.19186851
0.19793873
0.19793873
0.19793873
0.11215786
0.11215786
0.11215786
0.11215786
0.11215786
0.11215786
0.14999061
0.17676213
0.17676213
0.17676213
0.17676213
0.10917167
0.10917167
0.10917167
0.10917167
0.10917167
0.10917167
0.10467332
0.10240047
0.10240047
0.10240047
0.10606344
0.10606344
0.10606344
0.10606344
0.10606344
0.10606344
0.10606344
0.10606344
0.10606344
0.10606344
0.18423484
0.18423484
0.18423484
0.18423484
0.18423484
0.17145076
0.17145076
0.17145076
0.17145076
0.12519076
0.12519076
0.12519076
0.12519076
0.12519076
0.1477388
0.1477388
0.1477388
0.1477388
0.1477388
0.1477388
0.12390112
0.12390112
0.12390112
0.1463287
0.17641756
0.18085752
0.20787656
0.20787656
0.20787656
0.19983229
0.19983229
0.19983229
0.19983229
0.19983229
0.14979439
0.14979439
0.14979439
0.1917967
0.1917967
0.22606513
0.22606513
0.22606513
0.19943064
0.17584048
0.16339623
0.07649563
0.07649563
0.07649563
0.13796669
0.13796669
0.1539821
0.16706498
0.16706498
0.16706498
0.15189837
0.15189837
0.15189837
0.15189837
0.15189837
0.15189837
0.15189837
0.15189837
0.13213609
0.13213609
0.13213609
0.12962809
0.12647067
0.10227474
0.10227474
0.10227474
0.12390165
0.12456002
0.12456002
0.12456002
0.12456002
0.13504337
0.14976624
0.14976624
0.14976624
0.14976624
0.14976624
0.14976624
0.14976624
0.12340584
0.12340584
0.12340584
0.12992663
0.12992663
0.12992663
0.12992663
0.12992663
0.12992663
0.12992663
0.12881085
0.06728903
0.06728903
0.06728903
0.06728903
0.06728903
0.06728903
0.06728903
0.06728903
0.0708915
0.0708915
0.0708915
0.0708915
0.0708915
0.0708915
0.08214974
0.08214974
0.08214974
0.08214974
0.08815026
0.08815026
0.10843545
0.10843545
0.13852431
0.13852431
0.13852431
0.14246767
0.14246767
0.16020356
0.16020356
0.22038709
0.22038709
0.22038709
0.16691716
0.11979679
0.11979679
0.11979679
0.17704095
0.17763908
0.17763908
0.26804588
0.26804588
0.26804588
0.21110999
0.21110999
0.21110999
0.21110999
0.20998633
0.20998633
0.20998633
0.2188381
0.22697285
0.22697285
0.23540903
0.23540903
0.23540903
0.17301658
0.14327412
0.14327412
0.14327412
0.17623791
0.19539418
0.19539418
0.21848038
0.21848038
0.22899187
0.22899187
0.27252608
0.27252608
0.27252608
0.23783075
0.19577373
0.19577373
0.19577373
0.19577373
0.19577373
0.19577373
0.19577373
0.18417723
0.18417723
0.18417723
0.18417723
0.18417723
0.18417723
0.18417723
0.1290389
0.1290389
0.11811813
0.11811813
0.11811813
0.14189242
0.17084368
0.17982513
0.17982513
0.19692422
0.19692422
0.19692422
0.19692422
0.19692422
0.25044781
0.25044781
0.25044781
0.25044781
0.30827642
0.30827642
0.32814312
0.32814312
0.33861937
0.40568036
0.46743181
0.46743181
0.46743181
0.46743181
0.46743181
0.46743181
0.46743181
0.46743181
0.46743181
0.51122431
0.51122431
0.51122431
0.51122431
0.58587872
0.58587872
0.58587872
0.58587872
0.58587872
0.58587872
0.58587872
0.58587872
0.58587872
0.58587872
0.58587872
0.58587872
0.59945006
0.60046272
0.60046272
0.60046272
0.67985722
0.72606723
0.72606723
0.72606723
0.72606723
0.72606723
0.72606723
0.72606723
0.71389759
0.71389759
0.67484017
0.67484017
0.67484017
0.72888903
0.72888903
0.72888903
0.72888903
0.72888903
0.72888903
0.72289982
0.72289982
0.72289982
0.74092084
0.74092084
0.74092084
0.74092084
0.74092084
0.74189116
0.74189116
0.76523066
0.78173136
0.78173136
0.78173136
0.75558401
0.75558401
0.75558401
0.75558401
0.75558401
0.73123395
0.73123395
0.73123395
0.73123395
0.73123395
0.76281104
0.76281104
0.79369978
0.79369978
0.86083047
0.86083047
0.87775886
0.88195631
0.88195631
0.88195631
0.84616941
0.84616941
0.84616941
0.85632213
0.85632213
0.85632213
0.83448059
0.83448059
0.83448059
0.83448059
0.83448059
0.83448059
0.83448059
0.83448059
0.83448059
0.83448059
0.83448059
0.83448059
0.83448059
0.83448059
0.82353588
0.82353588
0.82353588
0.82456222
0.82456222
0.88463054
0.88463054
0.88463054
0.88463054
0.85852159
0.852661
0.852661
0.852661
0.852661
0.87155976
0.87155976
0.88655066
0.89460782
0.90292879
0.93625767
0.93625767
0.93625767
0.93625767
0.93665564
0.95310321
0.95310321
0.95310321
0.95262186
0.95262186
0.95262186
0.95262186
0.89857853
0.89433506
