0.47177295
0.48455571
0.52261737
0.52261737
0.52261737
0.52261737
0.52261737
0.52261737
0.69370115
0.71378102
0.74049244
0.75053384
0.75053384
0.75053384
0.77411714
0.77411714
0.77411714
0.77411714
0.79932667
0.79932667
0.79932667
0.71557936
0.66357595
0.52509141
0.46328611
0.40785977
0.27472313
0.27472313
0.25992737
0.25119219
0.25119219
0.25119219
0.25238192
0.27438578
0.27438578
0.27438578
0.27438578
0.27438578
0.40083098
0.40083098
0.40083098
0.32987429
0.26329272
0.26329272
0.26329272
0.26329272
0.26329272
0.26329272
0.26329272
0.26329272
0.18421437
0.105475
0.09395984
0.09395984
0.09395984
0.1164375
0.1164375
0.11891611
0.19059855
0.22249821
0.22249821
0.22249821
0.22249821
0.22249821
0.22249821
0.22249821
0.22249821
0.23833874
0.31701005
0.31701005
0.31701005
0.34981673
0.38048509
0.38048509
0.4222596
0.4222596
0.4222596
0.4222596
0.45284584
0.49143693
0.52640188
0.5336535
0.5336535
0.5336535
0.5336535
0.5336535
0.5336535
0.54944397
0.54944397
0.54944397
0.54944397
0.54944397
0.56392986
0.56392986
0.56392986
0.56392986
0.56392986
0.56392986
0.56392986
0.56392986
0.5301252
0.5301252
0.5301252
0.54504791
0.57107219
0.57107219
0.57107219
0.54903562
0.54903562
0.54903562
0.54903562
0.53544726
0.53544726
0.53544726
0.54247932
0.54247932
0.54247932
0.52379369
0.48668617
0.48668617
0.48668617
0.48668617
0.48668617
0.48668617
0.49603226
0.49603226
0.49603226
0.50969554
0.50969554
0.50969554
0.49764213
0.47989298
0.47989298
0.47989298
0.41142177
0.39974923
0.38692392
0.38692392
0.38692392
0.38692392
0.36736727
0.33448696
0.33448696
0.33448696
0.34237959
0.34237959
0.40523947
0.40523947
0.40786991
0.40786991
0.40786991
0.40786991
0.40786991
0.40264176
0.37607202
0.37607202
0.37607202
0.37607202
0.37607202
0.38742881
0.38742881
0.38888816
0.38888816
0.40788987
0.40794255
0.40794255
0.41735048
0.41735048
0.41735048
0.41735048
0.41191946
0.41062698
0.40323041
0.40323041
0.40323041
0.40323041
0.40323041
0.40323041
0.40323041
0.34672427
0.34672427
0.34672427
0.34672427
0.34672427
0.36953961
0.36953961
0.36953961
0.36953961
0.36953961
0.37281858
0.37281858
0.37281858
0.36490567
0.3422896
0.31776787
0.29652248
0.29652248
0.29652248
0.29652248
0.29652248
0.29652248
0.29652248
0.32913513
0.34935406
0.34935406
0.34935406
0.29362112
0.29362112
0.29362112
0.24736613
0.24736613
0.24736613
0.25998333
0.25998333
0.36318226
0.36318226
0.42889018
0.45467036
0.45467036
0.45467036
0.3509672
0.3509672
0.3509672
0.33812259
0.31655654
0.27502122
0.27502122
0.27502122
0.27502122
0.27502122
0.27502122
0.27502122
0.27502122
0.27502122
0.24010731
0.24010731
0.24010731
0.24010731
0.26078303
0.26078303
0.26078303
0.26078303
0.30396454
0.30396454
0.30396454
0.34648476
0.39136416
0.39136416
0.39136416
0.41849997
0.41849997
0.45158608
0.45633684
0.45633684
0.45633684
0.49200824
0.55572803
0.59782419
0.59782419
0.62439654
0.62439654
0.62439654
0.62439654
0.62439654
0.62439654
0.60345219
0.60345219
0.60345219
0.60345219
0.60345219
0.60345219
0.61905387
0.61905387
0.61905387
0.61443465
0.59984438
0.56363636
0.46265722
0.45819244
0.41700397
0.41700397
0.41700397
0.41700397
0.41700397
0.52154053
0.52154053
0.52154053
0.54237494
0.61809187
0.61809187
0.61809187
0.61809187
0.61809187
0.600844
0.600844
0.600844
0.6852562
0.7447082
0.7447082
0.7447082
0.73753741
0.73753741
0.73753741
0.70279659
0.70279659
0.70279659
0.75219247
0.75626328
0.75626328
0.75626328
0.75626328
0.75626328
0.75626328
0.72798256
0.72798256
0.72798256
0.66846806
0.66846806
0.63945014
0.63945014
0.62038234
0.52746138
0.52746138
0.46970662
0.46542017
0.38475551
0.38475551
0.38475551
0.34800955
0.31726789
0.30748531
0.30748531
0.28983727
0.28983727
0.28983727
0.32022848
0.32022848
0.32022848
0.32022848
0.32784298
0.34961124
0.43569581
0.43569581
0.43569581
0.50678469
0.53822625
0.53822625
0.53822625
0.53822625
0.53822625
0.51704042
0.51704042
0.51704042
0.37098129
0.36863553
0.31791086
0.31025776
0.30993971
0.18054569
0.15477206
0.14864571
0.14864571
0.10110381
0.10110381
0.09656639
0.09656639
0.09656639
0.12825958
0.12825958
0.12825958
0.12825958
0.12825958
0.20578631
0.21084922
0.3449665
0.3449665
0.45565166
0.49304451
0.50343439
0.50343439
0.56379145
0.56379145
0.62977849
0.62977849
0.64331187
0.65565323
0.65565323
0.65565323
0.63698822
0.61665869
0.61665869
0.61665869
0.64935314
0.64935314
0.64935314
0.64935314
0.64935314
0.64945817
0.67442949
0.67442949
0.67442949
0.68777146
0.72494639
0.72494639
0.72494639
0.6920085
0.69012606
0.69012606
0.69012606
0.61213175
0.59883788
0.57232966
0.57232966
0.57232966
0.50932024
0.50932024
0.47298886
0.47298886
0.47298886
0.5118921
0.5118921
0.5118921
0.5118921
0.5118921
0.5118921
0.5118921
0.5118921
0.44371408
0.44371408
0.44371408
0.45239135
0.45239135
0.45239135
0.39599384
0.39599384
0.39599384
0.46965197
0.53250728
0.53250728
0.53250728
0.53250728
0.54746239
0.5733872
0.62726028
0.62726028
0.62726028
0.62726028
0.64210152
0.64210152
0.64210152
0.65573732
0.69322572
0.69322572
0.69322572
0.69322572
0.69322572
0.69322572
0.69322572
0.69322572
0.69828896
0.69828896
0.69828896
0.68066676
0.64301215
0.64301215
0.64301215
0.64301215
0.62401567
0.62401567
0.59988004
0.59589202
0.59589202
0.59589202
0.59589202
0.59589202
0.58716697
0.53896083
0.48447685
0.41164689
0.24461528
0.21620008
0.20578991
0.20578991
0.20578991
0.20578991
0.20578991
0.20578991
0.24447752
0.24447752
0.32988018
0.32988018
0.32988018
0.32988018
0.32988018
0.32988018
0.32988018
0.34657539
0.34657539
0.34657539
0.34657539
0.34657539
0.34657539
0.36622203
0.36622203
0.37693062
0.43114203
0.43114203
0.43114203
0.44964148
0.44964148
0.44964148
0.44964148
0.44964148
0.44964148
0.44964148
0.43240473
0.43240473
0.43240473
0.41638259
0.41638259
0.41638259
0.43604167
0.45548118
0.45548118
0.45548118
0.45397897
0.45397897
0.45397897
0.45397897
0.42884273
0.42768572
0.42768572
0.42768572
0.42768572
0.44327169
0.44327169
0.44327169
0.44327169
0.44327169
0.44327169
0.44327169
0.44327169
0.38523258
0.38523258
0.38523258
0.37752319
0.37151268
0.33948018
0.25191925
0.25191925
0.25191925
0.34504765
0.352741
0.40889146
0.40889146
0.40889146
0.40889146
0.43346522
0.45824152
0.45824152
0.45824152
0.44650452
0.44650452
0.44650452
0.35130946
0.32759037
0.32759037
0.32759037
0.38964663
0.38964663
0.38964663
0.38964663
0.38964663
0.38964663
0.38964663
0.38964663
0.38964663
0.38964663
0.38964663
0.38964663
0.41344
0.41344
0.41344
0.41344
0.54081808
0.54924438
0.54924438
0.5941758
0.5941758
0.5941758
0.52045616
0.51046678
0.51046678
0.51046678
0.52627983
0.55227859
0.56521187
0.56521187
0.56521187
0.56521187
0.56521187
0.56521187
0.57101951
0.57101951
0.57101951
0.55817621
0.54448839
0.54448839
0.54448839
0.54838021
0.54838021
0.54838021
0.54581849
0.54581849
0.54581849
0.54715285
0.5629237
0.5750347
0.5750347
0.5961937
0.61941118
0.64167059
0.64167059
0.64787383
0.66856328
0.66856328
0.66856328
0.68286855
0.68286855
0.68286855
0.68286855
0.68286855
0.68286855
0.65361308
0.65361308
0.65361308
0.65361308
0.65361308
0.59078035
0.53823247
0.53823247
0.53823247
0.49585556
0.44773941
0.44773941
0.44773941
0.44773941
0.44773941
0.42025512
0.42025512
0.42025512
0.42025512
0.42025512
0.42025512
0.44379392
0.44379392
0.44379392
0.41333987
0.40268724
0.40268724
0.34386544
0.34386544
0.34386544
0.37519379
0.37519379
0.37519379
0.37519379
0.37519379
0.37519379
0.40552153
0.42349057
0.4578384
0.48834349
0.48834349
0.48834349
0.48834349
0.4335948
0.4335948
0.4335948
0.44107873
0.47261584
0.49526822
0.49526822
0.49526822
0.49526822
0.52500993
0.54033642
0.54033642
0.54033642
0.54033642
0.54033642
0.55792753
0.55792753
0.56783675
0.57646722
0.57646722
0.57646722
0.56901012
0.54124803
0.52551056
0.45379573
0.45379573
0.45379573
0.50316281
0.51599891
0.51599891
0.52726604
0.54884551
0.54884551
0.54884551
0.54884551
0.54884551
0.54409181
0.52392654
0.52392654
0.52392654
0.52392654
0.52392654
0.52392654
0.50955157
0.48175807
0.48175807
0.48175807
0.5323957
0.5323957
0.5323957
0.5323957
0.5323957
0.5323957
0.53040398
0.5143681
0.51294114
0.49327912
0.49327912
0.45504305
0.42524964
0.42524964
0.42524964
0.44432236
0.44432236
0.44432236
0.44432236
0.44278742
0.41930261
0.41930261
0.41930261
0.42708398
0.42708398
0.42708398
0.39075097
0.36832403
0.36832403
0.36832403
0.38824323
0.39857684
0.39857684
0.39857684
0.35889908
0.35889908
0.35889908
0.37029612
0.37029612
0.39030825
0.39030825
0.39030825
0.39030825
0.39030825
0.39030825
0.40220526
0.43267599
0.43267599
0.43267599
0.42459261
0.42459261
0.42459261
0.42832803
0.43201732
0.43201732
0.43201732
0.43201732
0.43201732
0.43588395
0.43588395
0.43588395
0.43146466
0.41133212
0.41133212
0.408649
0.408649
0.408649
0.408649
0.40094845
0.40094845
0.40094845
0.38350786
0.36514617
0.36400355
0.35613253
0.35613253
0.35613253
0.37292557
0.37292557
0.37292557
0.37536917
0.37536917
0.37536917
0.37536917
0.37536917
0.4031545
0.4031545
0.4031545
0.4031545
0.4031545
0.4031545
0.4031545
0.4031545
0.43819732
0.49944342
0.52531293
0.52531293
0.5302659
0.5302659
0.5302659
0.5302659
0.5302659
0.52602134
0.50944752
0.50840078
0.50840078
0.50840078
0.51952295
0.51952295
0.52286147
0.52286147
0.52286147
0.51706823
0.50445038
0.49372412
0.46767563
0.40018736
0.36921665
0.35312613
0.33191117
0.33191117
0.33191117
0.33191117
0.33191117
0.33191117
0.33191117
0.33191117
0.36372412
0.36547011
0.37822964
0.39001638
0.39001638
0.39001638
0.39001638
0.40454546
0.40971537
0.40971537
0.41021731
0.41021731
0.41021731
0.39115082
0.39115082
0.39115082
0.41631323
0.43001218
0.43001218
0.4514264
0.4514264
0.4514264
0.4514264
0.4514264
0.41698662
0.41698662
0.41127911
0.35426776
0.35346021
0.35346021
0.35346021
0.35346021
0.34090943
0.33056143
0.33056143
0.33056143
0.33056143
0.33092562
0.33981295
0.33981295
0.33981295
0.33981295
0.33981295
0.33981295
0.33981295
0.34739342
0.35546208
0.38148177
0.38148177
0.38148177
0.38148177
0.3555946
0.3555946
0.3555946
0.37311666
0.42104566
0.48339314
0.48339314
0.56672751
0.56699287
0.61186377
0.61186377
0.61186377
0.58165873
0.56387718
0.55127373
0.5384108
0.5384108
0.5384108
0.53873539
0.56899539
0.56899539
0.56899539
0.56899539
0.56110932
0.56110932
0.55665174
0.55665174
0.55665174
0.54505315
0.43177486
0.41218286
0.41218286
0.41218286
0.41218286
0.44623686
0.45500509
0.45500509
0.45500509
0.45500509
0.45500509
0.45500509
0.46265002
0.50150484
0.53201647
0.53201647
0.53201647
0.50880913
0.48645516
0.48645516
0.48645516
0.50174403
0.51483699
0.52949041
0.53574731
0.53574731
0.53574731
0.53457001
0.53457001
0.53457001
0.53259007
0.53259007
0.53259007
0.53259007
0.51996763
0.51996763
0.51996763
0.51996763
0.51996763
0.51996763
0.51996763
0.51996763
0.50624152
0.50624152
0.50624152
0.50624152
0.54004226
0.54004226
0.54004226
0.52283268
0.52283268
0.52283268
0.52283268
0.52292135
0.52292135
0.52292135
0.5221848
0.5221848
0.5221848
0.5221848
0.5221848
0.5221848
0.5221848
0.5221848
0.5221848
0.5221848
0.52839164
0.53997453
0.54224111
0.54224111
0.54224111
0.53779335
0.53779335
0.53779335
0.53779335
0.5082604
0.5082604
0.5082604
0.49599463
0.46942325
0.46942325
0.46942325
0.46942325
0.46551081
0.46530859
0.45125789
0.45125789
0.45125789
0.46957083
0.51577084
0.51892023
0.51892023
0.51892023
0.51892023
0.51396956
0.48076761
0.48076761
0.48076761
0.48946516
0.48946516
0.50554555
0.51987045
0.5230807
0.5230807
0.5230807
0.5230807
0.5230807
0.56286512
0.57514693
0.57514693
0.57514693
0.56722028
0.54817734
0.54817734
0.54817734
0.54817734
0.54834586
0.54834586
0.54834586
0.58149316
0.58149316
0.58149316
0.54036718
0.47172779
0.47172779
0.42491196
0.39739626
0.3240336
0.3240336
0.2734408
0.21849676
0.21849676
0.21849676
0.21849676
0.21849676
0.21849676
0.28281339
0.28281339
0.28281339
0.28281339
0.27668541
0.27668541
0.27668541
0.18399546
0.15365038
0.15365038
0.15365038
0.15984249
0.18752442
0.18752442
0.18752442
0.18752442
0.18752442
0.18752442
0.18752442
0.18752442
0.18752442
0.18752442
0.18752442
0.18752442
0.18752442
0.18752442
0.18752442
0.18752442
0.21256478
0.2297832
0.33199494
0.33199494
0.35853948
0.35853948
0.35853948
0.35853948
0.36083256
0.36083256
0.36083256
0.34545405
0.29526567
0.29526567
0.29526567
0.29526567
0.29526567
0.36096345
0.40390773
0.48589334
0.48842006
0.50509007
0.58197612
0.66344049
0.66344049
0.66344049
0.66344049
0.69801672
0.76767995
0.77411289
0.77411289
0.80782953
0.80782953
0.80782953
0.76213473
0.76213473
0.76213473
0.76213473
0.76213473
0.79095141
0.79095141
0.79664944
0.82917865
0.82917865
0.82917865
0.74480702
0.74480702
0.63400996
0.63400996
0.54284677
0.53403012
0.53403012
0.53403012
0.54925452
0.54925452
0.54925452
0.54925452
0.54925452
0.54925452
0.54925452
0.66457329
0.66457329
0.71667191
0.71667191
0.71667191
0.63639532
0.59888009
0.59888009
0.59888009
0.59888009
0.59888009
0.59888009
0.60745953
0.67826046
0.67826046
0.67826046
0.61825384
0.61825384
0.60225362
0.60225362
0.60225362
0.60225362
0.60225362
0.60225362
0.64392801
0.69328167
0.69328167
0.69328167
0.69328167
0.71177849
0.71177849
0.71642618
0.71642618
0.71642618
0.71642618
0.71642618
0.70076626
0.63083635
0.57293794
0.46546206
0.45528977
0.39679191
0.39679191
0.39679191
0.43078407
0.46454489
0.46454489
0.53372123
0.56315961
0.56315961
0.56315961
0.56315961
0.57095898
0.57095898
0.57095898
0.47114274
0.46391599
0.46391599
0.46391599
0.5096926
0.5096926
0.5096926
0.5096926
0.5096926
0.5115073
0.51478627
0.51478627
0.54154546
0.54154546
0.54154546
0.54154546
0.54154546
0.58985533
0.63830393
0.63830393
0.63830393
0.63830393
0.6563636
0.67654163
0.67654163
0.68096779
0.68096779
0.68096779
0.80101278
0.80763157
0.80763157
0.81966797
0.81966797
0.81966797
0.81966797
0.81966797
0.81966797
0.81966797
0.80179186
0.80179186
0.80179186
0.76894723
0.76894723
0.76894723
0.76894723
0.75879392
0.72988103
0.635308
0.57518882
0.43206509
0.39700557
0.27715332
0.20259667
0.20259667
0.20259667
0.23127495
0.23127495
0.23127495
0.25056264
0.28772873
0.28772873
0.31049367
0.38954978
0.39121593
0.42474149
0.42474149
0.44408121
0.44408121
0.45892899
0.46992519
0.46992519
0.50022905
0.50022905
0.50635899
0.50635899
0.50635899
0.42875439
0.42875439
0.42875439
0.42875439
0.42875439
0.42875439
0.45633389
0.45633389
0.45633389
0.3848625
0.31163858
0.31163858
0.31163858
0.34265804
0.40953115
0.40953115
0.40953115
0.40953115
0.40953115
0.40953115
0.40953115
0.40308186
0.40308186
0.40308186
0.40308186
0.41937362
0.42856657
0.42856657
0.42856657
0.43941258
0.47706392
0.47706392
0.47706392
0.47706392
0.49319731
0.49319731
0.49319731
0.49000768
0.48461134
0.47329414
0.4694527
0.41292988
0.41292988
0.41292988
0.43198558
0.43198558
0.43198558
0.42921346
0.42921346
0.42921346
0.44560077
0.44560077
0.44560077
0.44560077
0.44560077
0.44560077
0.45337265
0.45337265
0.48476709
0.48476709
0.48476709
0.50550039
0.50550039
0.50550039
0.58688525
0.60623118
0.60623118
0.60623118
0.58724158
0.57310875
0.57310875
0.54126014
0.54126014
0.54126014
0.54126014
0.54126014
0.54126014
0.54126014
0.54126014
0.54126014
0.56935533
0.59385743
0.59385743
0.59385743
0.59931103
0.60832696
0.60832696
0.60832696
0.60832696
0.60832696
0.60832696
0.60832696
0.6103874
0.61630727
0.61630727
0.61630727
0.61630727
0.61630727
0.61630727
0.62439196
0.62439196
0.62439196
0.62439196
0.62439196
0.60119804
0.58458006
0.58458006
0.57239314
0.57239314
0.57239314
0.5466375
0.46875542
0.46875542
0.45990244
0.40442014
0.34496618
0.34496618
0.34496618
0.40268528
0.40268528
0.40268528
0.40268528
0.41793782
0.43742086
0.46314083
0.47284619
0.50302113
0.50302113
0.53851943
0.55531248
0.55531248
0.55531248
0.55531248
0.53953312
0.53953312
0.53953312
0.53474801
0.53474801
0.52069436
0.48529619
0.45731945
0.45731945
0.45731945
0.45731945
0.45731945
0.45683452
0.39659264
0.39659264
0.39659264
0.39659264
0.39659264
0.39403124
0.39403124
0.39403124
0.36369041
0.32953858
0.32953858
0.32953858
0.37090702
0.40924812
0.50269392
0.54947277
0.61168805
0.63092405
0.63092405
0.63092405
0.577726
0.577726
0.577726
0.54897377
0.51147458
0.51147458
0.4934581
0.46732224
0.46732224
0.46732224
0.46732224
0.46732224
0.46732224
0.48126595
0.48126595
0.48126595
0.48000881
0.39088218
0.37867203
0.37867203
0.37867203
0.39152416
0.41307778
0.41307778
0.43259419
0.43259419
0.43259419
0.4321963
0.4321963
0.4321963
0.44916866
0.44916866
0.44916866
0.44916866
0.50568592
0.50746038
0.50746038
0.50746038
0.51939796
0.56630868
0.56630868
0.56630868
0.56630868
0.56630868
0.58828963
0.59039097
0.59039097
0.59039097
0.59039097
0.60663561
0.61991116
0.64704108
0.69574458
0.69574458
0.77613406
0.79214311
0.81955214
0.81955214
0.85311991
0.85311991
0.91112499
0.96360841
0.96360841
0.96360841
0.94181724
0.84336383
0.74959377
0.68842981
0.57303381
0.33932901
0.33932901
0.33932901
0.53444109
0.53444109
0.53444109
0.66564359
0.66564359
0.66564359
0.46301846
0.46301846
0.46301846
0.46301846
0.46301846
0.44842655
0.42044065
0.34329283
0.34329283
0.34329283
0.47228077
0.47228077
0.47228077
0.38799946
0.38799946
0.38799946
0.38799946
0.38799946
0.38799946
0.38589747
0.38589747
0.38589747
0.38589747
0.38589747
0.40360081
0.40360081
0.40360081
0.40360081
0.40360081
0.40360081
0.39556618
0.37721267
0.37721267
0.37721267
0.40598944
0.41876959
0.42160453
0.42160453
0.42160453
0.42160453
0.45396457
0.45701122
0.45701122
0.45701122
0.45811588
0.47909164
0.50109681
0.50109681
0.50109681
0.50109681
0.49960277
0.47024651
0.47024651
0.47024651
0.47024651
0.47024651
0.44920989
0.36898204
0.36898204
0.36413018
0.36413018
0.36413018
0.36413018
0.36413018
0.36413018
0.37566497
0.37566497
0.37566497
0.34833709
0.26281631
0.26281631
0.26281631
0.30145877
0.30145877
0.31570219
0.39778172
0.42199784
0.46934767
0.51788593
0.51821084
0.51821084
0.51821084
0.51821084
0.51821084
0.49655645
0.49655645
0.49655645
0.49655645
0.48359601
0.46807253
0.46807253
0.46807253
0.46807253
0.46807253
0.46825544
0.55447776
0.59138274
0.59138274
0.59138274
0.63526972
0.63526972
0.63526972
0.58185604
0.57613838
0.57613838
0.57613838
0.61084385
0.68221937
0.68221937
0.68221937
0.68221937
0.68221937
0.68164512
0.60406964
0.47625899
0.46329724
0.46329724
0.40761665
0.40761665
0.40761665
0.40761665
0.50173061
0.50173061
0.50173061
0.47816204
0.46315556
0.46315556
0.46315556
0.46315556
0.46315556
0.50090277
0.50090277
0.58675305
0.59601832
0.61084058
0.61084058
0.61084058
0.61084058
0.61084058
0.62013824
0.62013824
0.62013824
0.62013824
0.62013824
0.62013824
0.62013824
0.62013824
0.62013824
0.60997773
0.60997773
0.60997773
0.58329445
0.57638248
0.57638248
0.57638248
0.57638248
0.57638248
0.57638248
0.58812439
0.58812439
0.58812439
0.58812439
0.58812439
0.5898442
0.5898442
0.5898442
0.5898442
0.5898442
0.5898442
0.5898442
0.5898442
0.50427008
0.50427008
0.50427008
0.4799558
0.4799558
0.4799558
0.4799558
0.4799558
0.4799558
0.4799558
0.4799558
0.4799558
0.4799558
0.4799558
0.4799558
0.4799558
0.49447965
0.49447965
0.49447965
0.49447965
0.49447965
0.49128216
0.46293371
0.46293371
0.46293371
0.46293371
0.46293371
0.46293371
0.46293371
0.44532656
0.40831066
0.40831066
0.40831066
0.40831066
0.37768778
0.37768778
0.37768778
0.37768778
0.37459925
0.37459925
0.37459925
0.37459925
0.37459925
0.39615025
0.39615025
0.44144161
0.52972306
0.53905834
0.57305672
0.57305672
0.57305672
0.57305672
0.57305672
0.57305672
0.4939247
0.48227964
0.48227964
0.3591422
0.3591422
0.3591422
0.3591422
0.3591422
0.3591422
0.3591422
0.3591422
0.3591422
0.28728536
0.11294847
0.11294847
0.11294847
0.11294847
0.11294847
0.11294847
0.13104871
0.18348665
0.20646527
0.20646527
0.30122939
0.36408372
0.36408372
0.36408372
0.34843132
0.34605251
0.24843283
0.24843283
0.24843283
0.32330883
0.32330883
0.4035321
0.41820352
0.44893634
0.44893634
0.47618144
0.51347383
0.51347383
0.51347383
0.49047755
0.49047755
0.49047755
0.49047755
0.45860865
0.45860865
0.45860865
0.45860865
0.45860865
0.44577157
0.44577157
0.44577157
0.44577157
0.51367638
0.51367638
0.51367638
0.50532697
0.49273529
0.49273529
0.49273529
0.49273529
0.47024619
0.47024619
0.47024619
0.47024619
0.41110045
0.41110045
0.37432996
0.28659429
0.23738526
0.23738526
0.23738526
0.27159108
0.36573842
0.36573842
0.36573842
0.36573842
0.36573842
0.33606084
0.33606084
0.33606084
0.33606084
0.33606084
0.33606084
0.44699206
0.58342861
0.76215894
0.76311603
0.79879397
0.79879397
0.79879397
0.79879397
0.79879397
0.79879397
0.79879397
0.79742427
0.78288897
0.76968149
0.76968149
0.76968149
0.83623786
0.90081397
0.92458345
0.92458345
0.92458345
0.91365236
0.83210063
0.67722125
0.67722125
0.67722125
0.57655524
0.57655524
0.57655524
0.57655524
0.57655524
0.57655524
0.57655524
0.57655524
0.58397308
0.58397308
0.58397308
0.56471582
0.56471582
0.56471582
0.56471582
0.56471582
0.60034272
0.60034272
0.6393258
0.66122561
0.66122561
0.68987182
0.68987182
0.68987182
0.68987182
0.68987182
0.68987182
0.66967841
0.66967841
0.66967841
0.60574266
0.60574266
0.60574266
0.5900618
0.54551255
0.54551255
0.54551255
0.54551255
0.54551255
0.54551255
0.54551255
0.54551255
0.54551255
0.54551255
0.54551255
0.54551255
0.48264514
0.48264514
0.48264514
0.48264514
0.45351956
0.45351956
0.45351956
0.45351956
0.45351956
0.45351956
0.45351956
0.45351956
0.4397195
0.4397195
0.4397195
0.38810613
0.33991635
0.33991635
0.33991635
0.33991635
0.31772893
0.31772893
0.31772893
0.31772893
0.36570079
0.39478579
0.48353155
0.48353155
0.52260756
0.52260756
0.52260756
0.52260756
0.52351884
0.52351884
0.52351884
0.575927
0.575927
0.60863912
0.60863912
0.60863912
0.60863912
0.66019195
0.66543516
0.66543516
0.66543516
0.66543516
0.66543516
0.66543516
0.58479471
0.55508801
0.55508801
0.55508801
0.55508801
0.55508801
0.5784969
0.5784969
0.64592758
0.64592758
0.64592758
0.64592758
0.64592758
0.64592758
0.66313619
0.66313619
0.66313619
0.61474288
0.61474288
0.61474288
0.63526317
0.70494636
0.85301913
0.85301913
0.85301913
0.85301913
0.85301913
0.85301913
0.85301913
0.85301913
0.85301913
0.85301913
0.85301913
0.79955571
0.79955571
0.79955571
0.79955571
0.79809571
0.79609613
0.76587408
0.76587408
0.76587408
0.70852963
0.68467344
0.68432202
0.68432202
0.68432202
0.6341091
0.6341091
0.6341091
0.6341091
0.6341091
0.64009475
0.64009475
0.64051587
0.64051587
0.70884277
0.70884277
0.71001418
0.71001418
0.71001418
0.71001418
0.70425595
0.62567462
0.62567462
0.62567462
0.62567462
0.62567462
0.61571011
0.60439946
0.56961055
0.56961055
0.56961055
0.59147305
0.60378071
0.60378071
0.61217265
0.61217265
0.61217265
0.58560848
0.58560848
0.58560848
0.58560848
0.58560848
0.58560848
0.58560848
0.63195377
0.63195377
0.63195377
0.58626518
0.56720098
0.56720098
0.56720098
0.57402068
0.58246661
0.58827196
0.58827196
0.62918984
0.62918984
0.62918984
0.62918984
0.63339153
0.66947423
0.66947423
0.66947423
0.57730423
0.57730423
0.57730423
0.55740465
0.55740465
0.55740465
0.55740465
0.55740465
0.55740465
0.54920478
0.54920478
0.54920478
0.59074959
0.63280059
0.63280059
0.63280059
0.63280059
0.63280059
0.63280059
0.71758025
0.71758025
0.71758025
0.71758025
0.71758025
0.71758025
0.71758025
0.71758025
0.72986958
0.72986958
0.72986958
0.68207082
0.66050935
0.63623793
0.63623793
0.62631792
0.60793267
0.60793267
0.59871812
0.59871812
0.59871812
0.59871812
0.59871812
0.51048805
0.51048805
0.51048805
0.51048805
0.51048805
0.51048805
0.46637464
0.46637464
0.46637464
0.49155865
0.49155865
0.50805524
0.50805524
0.50805524
0.50805524
0.50805524
0.55665992
0.57307308
0.57307308
0.57307308
0.70377757
0.70377757
0.70377757
0.66861433
0.66861433
0.66861433
0.66861433
0.66861433
0.66861433
0.68142589
0.83244125
0.85000128
0.85000128
0.85000128
0.84905204
0.72423961
0.68555723
0.64382035
0.64382035
0.58366681
0.58366681
0.58366681
0.59399387
0.67951956
0.72197958
0.72197958
0.72197958
0.72197958
0.72197958
0.72911013
0.75593967
0.77918103
0.79789611
0.8108824
0.8108824
0.8108824
0.8108824
0.84321004
0.84321004
0.84321004
0.83202602
0.83202602
0.83202602
0.85276652
0.85276652
0.90669065
0.93429306
0.93429306
0.93429306
0.92209469
0.90480494
0.89430642
0.89430642
0.89405055
0.82856971
0.82818229
0.78087467
0.78087467
0.78087467
0.78087467
0.78087467
0.78087467
0.77378339
0.72289053
0.72289053
0.72289053
0.7226641
0.7226641
0.7226641
0.7226641
0.7226641
0.7226641
0.73589482
0.73589482
0.73589482
0.70781632
0.70781632
0.69258864
0.69258864
0.69258864
0.69258864
0.69258864
0.69258864
0.69258864
0.69258864
0.69258864
0.68849067
0.64956124
0.62275297
0.6119652
0.6119652
0.6119652
0.61294487
0.61294487
0.65540259
0.65540259
0.65540259
0.66143862
0.66143862
0.67509406
0.67509406
0.67509406
0.66832507
0.66832507
0.58729459
0.54570135
0.54570135
0.54570135
0.54811288
0.65262556
0.65641138
0.65641138
0.75886623
0.84142708
0.84142708
0.84142708
0.84142708
0.80842865
0.73517659
0.73517659
0.73517659
0.73517659
0.73517659
0.71628057
0.684875
0.684875
0.684875
0.6961333
0.69680015
0.69680015
0.713586
0.72574805
0.72574805
0.73455882
0.73455882
0.73455882
0.72462572
0.66873409
0.66873409
0.66873409
0.67026183
0.67026183
0.70194781
0.73257528
0.73257528
0.7674545
0.7674545
0.77548684
0.77548684
0.77548684
0.77548684
0.74937029
0.74824141
0.74824141
0.74824141
0.74824141
0.74824141
0.74824141
0.69259224
0.62523551
0.60217575
0.58491905
0.54757888
0.54757888
0.54757888
0.54757888
0.54757888
0.54757888
0.5464968
0.53735882
0.53735882
0.53735882
0.58802328
0.59401056
0.59401056
0.59401056
0.59401056
0.54547754
0.51938716
0.51938716
0.51938716
0.53682808
0.53682808
0.53682808
0.53682808
0.53546886
0.5028693
0.5028693
0.44651532
0.44651532
0.44651532
0.45029131
0.47251931
0.47251931
0.47251931
0.47251931
0.52178103
0.52769894
0.52769894
0.52769894
0.55487336
0.62675801
0.62675801
0.63827612
0.67015025
0.7078245
0.7078245
0.73188552
0.77166634
0.80166523
0.80166523
0.80166523
0.80166523
0.80166523
0.80166523
0.80166523
0.80166523
0.80166523
0.80166523
0.80166523
0.790653
0.790653
0.790653
0.87594964
0.87594964
0.87594964
0.87578113
0.85392583
0.85392583
0.85392583
0.85392583
0.85392583
0.85392583
0.85392583
0.85392583
0.85392583
0.75816437
0.58737999
0.4200084
0.4200084
0.39545657
0.2954741
0.2954741
0.2954741
0.2954741
0.2954741
0.2954741
0.2954741
0.2954741
0.328447
0.40278279
0.40278279
0.40278279
0.40278279
0.40278279
0.38265907
0.38265907
0.38265907
0.38265907
0.33651239
0.3343515
0.3343515
0.3343515
0.3343515
0.3343515
0.3343515
0.3343515
0.35213403
0.35213403
0.35213403
0.35213403
0.34735808
0.26674347
0.25290906
0.25290906
0.20430176
0.14980273
0.14980273
0.14980273
0.16876026
0.16876026
0.19607146
0.22181761
0.22181761
0.22181761
0.22181761
0.25347186
0.25347186
0.25347186
0.25347186
0.2619564
0.2619564
0.2619564
0.2619564
0.28204935
0.28204935
0.28204935
0.28204935
0.28204935
0.28204935
0.27749231
0.27749231
0.27749231
0.27749231
0.27749231
0.32624685
0.32624685
0.32624685
0.3195348
0.3195348
0.3195348
0.3195348
0.3195348
0.34716895
0.34716895
0.34716895
0.28032365
0.28032365
0.28032365
0.28012863
0.27574108
0.24805098
0.24805098
0.24805098
0.27377684
0.27377684
0.27377684
0.26194135
0.26194135
0.26194135
0.27874585
0.27874585
0.27874585
0.26178952
0.22834315
0.22834315
0.22517707
0.22517707
0.22517707
0.23579633
0.23579633
0.23579633
0.19213676
0.19213676
0.19213676
0.19213676
0.19213676
0.20109969
0.20109969
0.20109969
0.20109969
0.20109969
0.24042111
0.25192939
0.25192939
0.26738251
0.26738251
0.26738251
0.2678285
0.2678285
0.2678285
0.25066996
0.25066996
0.25066996
0.25066996
0.25066996
0.25066996
0.25066996
0.23563043
0.23563043
0.23563043
0.23563043
0.23212831
0.23212831
0.23212831
0.23212831
0.23212831
0.24962224
0.24962224
0.24962224
0.25586081
0.25586081
0.29130938
0.29130938
0.29130938
0.28685508
0.2389611
0.23497699
0.23497699
0.23497699
0.24542021
0.24542021
0.24542021
0.24542021
0.24542021
0.24542021
0.24542021
0.27652115
0.32368316
0.32368316
0.3340737
0.4230472
0.47609604
0.47609604
0.47609604
0.47609604
0.47609604
0.47609604
0.47609604
0.47722
0.47722
0.47722
0.47722
0.47722
0.47722
0.47722
0.4669165
0.4669165
0.4669165
0.4669165
0.4669165
0.43863448
0.43863448
0.43863448
0.43863448
0.43863448
0.43863448
0.47111133
0.47478229
0.50041654
0.50041654
0.50041654
0.48896453
0.48896453
0.48415455
0.48415455
0.48415455
0.48924822
0.48924822
0.49801089
0.49801089
0.49801089
0.49801089
0.49965676
0.49965676
0.49965676
0.49965676
0.49591741
0.49591741
0.46024895
0.44444833
0.44184407
0.44184407
0.44184407
0.44184407
0.42766151
0.42766151
0.42766151
0.42927203
0.42927203
0.42927203
0.42927203
0.44923181
0.44923181
0.45257785
0.47042321
0.47042321
0.47482417
0.47482417
0.47482417
0.4746285
0.46526933
0.46526933
0.46526933
0.46526933
0.46526933
0.46526933
0.47214106
0.47214106
0.47214106
0.47214106
0.47121374
0.43105761
0.43105761
0.42746289
0.42746289
0.42746289
0.42746289
0.42746289
0.44497122
0.44497122
0.44497122
0.44497122
0.44497122
0.45758645
0.47237926
0.47237926
0.47237926
0.47237926
0.47237926
0.39876465
0.39876465
0.39876465
0.39876465
0.39876465
0.43450117
0.43450117
0.43450117
0.43450117
0.43450117
0.44670314
0.44670314
0.47443512
0.47443512
0.47875658
0.47875658
0.47875658
0.47875658
0.47875658
0.44236368
0.44236368
0.40988192
0.40988192
0.40988192
0.40988192
0.40988192
0.40355533
0.38191533
0.38191533
0.38191533
0.43022716
0.43022716
0.44711182
0.44711182
0.4646653
0.47742418
0.48546339
0.56329704
0.596142
0.596142
0.596142
0.53589586
0.53589586
0.53589586
0.53589586
0.53589586
0.48849989
0.4595075
0.4595075
0.4595075
0.44918535
0.44918535
0.37498634
0.37498634
0.37498634
0.3459177
0.3459177
0.30685183
0.30052851
0.30052851
0.30052851
0.30052851
0.30052851
0.30052851
0.30052851
0.35840532
0.41376066
0.41376066
0.41376066
0.41376066
0.46515677
0.46515677
0.46515677
0.46515677
0.46515677
0.46515677
0.46515677
0.46515677
0.46574542
0.46574542
0.46574542
0.46574542
0.46574542
0.46574542
0.46574542
0.46574542
0.46574542
0.46574542
0.42442933
0.42442933
0.42442933
0.42442933
0.42442933
0.41586168
0.32802916
0.28246753
0.28246753
0.28246753
0.28246753
0.28246753
0.28246753
0.28246753
0.22597252
0.21293583
0.21293583
0.21293583
0.2658335
0.27246081
0.27246081
0.27246081
0.26927378
0.26927378
0.26927378
0.27855934
0.27855934
0.27855934
0.27855934
0.27855934
0.27855934
0.27855934
0.28582862
0.28582862
0.28582862
0.28582862
0.28582862
0.28582862
0.28582862
0.27811597
0.27811597
0.27811597
0.28211414
0.28211414
0.28211414
0.28211414
0.2776991
0.26661455
0.26661455
0.26661455
0.26661455
0.25852135
0.25198273
0.21065551
0.21065551
0.21065551
0.21065551
0.21065551
0.21065551
0.2314608
0.2314608
0.25695042
0.25695042
0.25695042
0.25695042
0.26165766
0.26165766
0.26165766
0.28153203
0.28153203
0.28153203
0.28153203
0.28153203
0.28153203
0.28153203
0.28153203
0.28153203
0.28153203
0.28153203
0.28943938
0.28943938
0.28943938
0.28943938
0.29008889
0.29008889
0.29008889
0.29008889
0.25688629
0.24659391
0.24659391
0.21503325
0.21503325
0.21503325
0.18858196
0.18858196
0.18858196
0.21917179
0.21962629
0.2645371
0.2645371
0.2645371
0.2645371
0.24073294
0.24073294
0.24073294
0.24073294
0.24073294
0.24073294
0.24073294
0.18779993
0.17903202
0.17903202
0.17903202
0.17903202
0.18787093
0.18787093
0.18816248
0.18816248
0.23898367
0.23898367
0.23898367
0.23430589
0.23430589
0.22372753
0.22372753
0.1874737
0.1874737
0.1874737
0.2086723
0.2086723
0.2086723
0.19517
0.17719769
0.17719769
0.17719769
0.20306818
0.20734546
0.21215609
0.21215609
0.21215609
0.22945632
0.22945632
0.22945632
0.17037144
0.17037144
0.17037144
0.18165657
0.18165657
0.18165657
0.21235504
0.21235504
0.21235504
0.21150429
0.21150429
0.21150429
0.20981295
0.20981295
0.20981295
0.21791956
0.21791956
0.21791956
0.17092312
0.17092312
0.17092312
0.17092312
0.17092312
0.16748578
0.11604812
0.09918865
0.068945
0.068945
0.068945
0.08111949
0.08352382
0.08352382
0.08352382
0.08352382
0.08352382
0.08352382
0.08352382
0.08352382
0.08352382
0.08352382
0.08352382
0.10619879
0.10619879
0.10619879
0.10619879
0.10619879
0.10619879
0.10619879
0.10548809
0.10087738
0.08368743
0.07161143
0.06580707
0.062088
0.062088
0.062088
0.07134018
0.07134018
0.07134018
0.07134018
0.07134018
0.07134018
0.07134018
0.09461557
0.09461557
0.09461557
0.09253125
0.09253125
0.09253125
0.11698001
0.11698001
0.11698001
0.13880521
0.15718424
0.15718424
0.15718424
0.15718424
0.15326591
0.11873484
0.10519982
0.08908344
0.08908344
0.08285403
0.07646657
0.07646657
0.07646657
0.11188962
0.11188962
0.11188962
0.11188962
0.12935802
0.12935802
0.12935802
0.12729431
0.11781538
0.10352876
0.0638569
0.05612297
0.05612297
0.05612297
0.05612297
0.05695998
0.09799303
0.09799303
0.09799303
0.09478997
0.09478997
0.09478997
0.09478997
0.09478997
0.09478997
0.09109022
0.09109022
0.09109022
0.09109022
0.09109022
0.09109022
0.09823582
0.09823582
0.09823582
0.09823582
0.09823582
0.16291892
0.16291892
0.16291892
0.18610498
0.18610498
0.18610498
0.18610498
0.18610498
0.18610498
0.18610498
0.18610498
0.18610498
0.18610498
0.13209938
0.13209938
0.13209938
0.10937697
0.10937697
0.10937697
0.10937697
0.10937697
0.1306024
0.1306024
0.1306024
0.130054
0.130054
0.130054
0.13202412
0.14360407
0.16601825
0.16601825
0.16601825
0.14317052
0.14317052
0.14317052
0.13913111
0.13913111
0.1381737
0.1381737
0.1381737
0.1381737
0.1381737
0.1381737
0.14147263
0.14147263
0.14147263
0.13694928
0.13694928
0.13694928
0.12076779
0.10540629
0.09718875
0.09718875
0.09708404
0.09708404
0.09708404
0.10452217
0.10452217
0.10452217
0.10452217
0.10452217
0.11097572
0.11105425
0.15159682
0.15159682
0.15500045
0.16041217
0.16690989
0.17669673
0.17669673
0.17669673
0.16820139
0.16820139
0.16820139
0.18077572
0.18077572
0.19969007
0.21419363
0.21419363
0.21419363
0.21419363
0.21419363
0.23227097
0.23227097
0.23227097
0.23227097
0.25970683
0.25970683
0.25970683
0.25970683
0.27038237
0.28859191
0.30021766
0.30021766
0.30021766
0.26672515
0.25972614
0.25972614
0.25972614
0.28188378
0.28403126
0.29078977
0.29078977
0.29078977
0.26677816
0.26677816
0.26677816
0.26677816
0.28600106
0.28600106
0.28600106
0.26922274
0.26922274
0.26922274
0.24550627
0.23318879
0.23318879
0.23318879
0.23318879
0.23318879
0.23318879
0.23318879
0.23468087
0.24542381
0.24542381
0.24542381
0.24542381
0.25425487
0.25425487
