0.7244201
0.7063175
0.71407105
0.70800404
0.70800404
0.70800404
0.70526071
0.69583944
0.66908531
0.66613651
0.66613651
0.66613651
0.66986192
0.66986192
0.66986192
0.65500281
0.64560271
0.64560271
0.64560271
0.64560271
0.64413517
0.64413517
0.62832476
0.61643739
0.61643739
0.61643739
0.62844436
0.62844436
0.63230702
0.63230702
0.63230702
0.63462547
0.63462547
0.63462547
0.6492201
0.66500738
0.66500738
0.66500738
0.66500738
0.66500738
0.66500738
0.66063652
0.66063652
0.66063652
0.66739603
0.67221763
0.67221763
0.67221763
0.67221763
0.65940131
0.6417377
0.6417377
0.6417377
0.64777961
0.64777961
0.64777961
0.6477506
0.6477506
0.6477506
0.6477506
0.6477506
0.64200611
0.64200611
0.63365653
0.63365653
0.61217456
0.61217456
0.61217456
0.61217456
0.62090608
0.62090608
0.6484978
0.65131681
0.65131681
0.65180265
0.66910139
0.66910139
0.6767326
0.68247179
0.70120415
0.7044643
0.7044643
0.7134509
0.71891933
0.71891933
0.71891933
0.73057083
0.73907942
0.74066245
0.74066245
0.74925515
0.74925515
0.74925515
0.74925515
0.75209259
0.76476461
0.77808129
0.77808129
0.77808129
0.77808129
0.77808129
0.77808129
0.77778542
0.75043036
0.75043036
0.75043036
0.76638998
0.76638998
0.76638998
0.77362279
0.77362279
0.77362279
0.76828239
0.76828239
0.76828239
0.76828239
0.76828239
0.77576008
0.78408438
0.78996316
0.78996316
0.78996316
0.78996316
0.78996316
0.78996316
0.78996316
0.78996316
0.7956004
0.80060356
0.80060356
0.80060356
0.80060356
0.79761202
0.79761202
0.79761202
0.77266482
0.77266482
0.75990712
0.75990712
0.74052736
0.74052736
0.74052736
0.7550063
0.77203976
0.77203976
0.77203976
0.77025656
0.75714007
0.75714007
0.75714007
0.74328931
0.74328931
0.74304149
0.74304149
0.74304149
0.74797407
0.74797407
0.74797407
0.74797407
0.74068715
0.74068715
0.72664308
0.72664308
0.70127179
0.70127179
0.70127179
0.70127179
0.68894485
0.68894485
0.68894485
0.69531497
0.69531497
0.69531497
0.69500891
0.69500891
0.69500891
0.69500891
0.69706386
0.69706386
0.69706386
0.69706386
0.69706386
0.69706386
0.67307051
0.67307051
0.67307051
0.67307051
0.67307051
0.67307051
0.67307051
0.67307051
0.65789868
0.65755419
0.64834683
0.64834683
0.64834683
0.64834683
0.64834683
0.64834683
0.64834683
0.64195318
0.64195318
0.6274958
0.6274958
0.6274958
0.6343551
0.6343551
0.63597832
0.64209493
0.64209493
0.64209493
0.64057151
0.63009345
0.63009345
0.62523832
0.61824902
0.61133972
0.61133972
0.61133972
0.61133972
0.61133972
0.60626205
0.60626205
0.60626205
0.60626205
0.60626205
0.60626205
0.60626205
0.60626205
0.59644865
0.59644865
0.59644865
0.60174062
0.61740516
0.63678865
0.65106349
0.65106349
0.65346371
0.65346371
0.65346371
0.63499976
0.61735536
0.61735536
0.61735536
0.6024888
0.59780463
0.59780463
0.58790771
0.58223086
0.571763
0.571763
0.571763
0.571763
0.571763
0.57088581
0.57077719
0.57077719
0.57077719
0.57913854
0.57913854
0.58921937
0.59640199
0.61359348
0.61359348
0.61359348
0.61267531
0.59899611
0.59685097
0.58784536
0.58784536
0.58784536
0.58784536
0.58924075
0.59828538
0.59828538
0.59828538
0.58962562
0.58292336
0.5768838
0.5768838
0.55134331
0.55134331
0.55134331
0.56028109
0.56028109
0.56028109
0.56028109
0.56922573
0.56922573
0.56922573
0.57722005
0.58167247
0.58167247
0.58823435
0.58823435
0.58823435
0.58823435
0.58823435
0.58823435
0.59368101
0.59368101
0.59368101
0.59415196
0.60174199
0.60174199
0.60174199
0.60174199
0.60701376
0.60701376
0.60701376
0.60701376
0.60701376
0.60701376
0.61288
0.62724327
0.62724327
0.62724327
0.62724327
0.62724327
0.63904672
0.63904672
0.63904672
0.62717425
0.61244964
0.59554009
0.59554009
0.5789013
0.5789013
0.5789013
0.59296263
0.59947529
0.60329992
0.60329992
0.60329992
0.60135398
0.60135398
0.60135398
0.60624284
0.60624284
0.60624284
0.60624284
0.60624284
0.60624284
0.60624284
0.60624284
0.58094625
0.54394052
0.53323581
0.51194129
0.51194129
0.51194129
0.51194129
0.50461927
0.47972187
0.43968499
0.43448733
0.41595241
0.38737312
0.38737312
0.38737312
0.38737312
0.38737312
0.37687937
0.37552673
0.33567591
0.33567591
0.33218028
0.30449857
0.30449857
0.30449857
0.31944062
0.34784933
0.36044626
0.3904725
0.3904725
0.3904725
0.3904725
0.3904725
0.40117074
0.40117074
0.40117074
0.40117074
0.40117074
0.37899608
0.37899608
0.37036318
0.37036318
0.37036318
0.37036318
0.3844151
0.3844151
0.3844151
0.41826949
0.43443812
0.46390185
0.46390185
0.46390185
0.46068012
0.44413545
0.41894611
0.40693306
0.40247456
0.40247456
0.40247456
0.40247456
0.40247456
0.41143764
0.41399118
0.41486935
0.41486935
0.41486935
0.43643934
0.44320159
0.44580356
0.44580356
0.44580356
0.44580356
0.44580356
0.45880771
0.45880771
0.45880771
0.42875382
0.42875382
0.42875382
0.42875382
0.4619265
0.4619265
0.4619265
0.4619265
0.4619265
0.46474022
0.46474022
0.46474022
0.45328282
0.45040754
0.44983797
0.44983797
0.44983797
0.46796881
0.47140758
0.47140758
0.47140758
0.46324699
0.46276899
0.46276899
0.46276899
0.46276899
0.46276899
0.46276899
0.46429221
0.46429221
0.47971834
0.49673965
0.49673965
0.49673965
0.49673965
0.49673965
0.49673965
0.49673965
0.49673965
0.49673965
0.49673965
0.49673965
0.48875925
0.4626939
0.45921533
0.45921533
0.45921533
0.5112082
0.52352299
0.52352299
0.52352299
0.52352299
0.53981788
0.53981788
0.53981788
0.51760715
0.51760715
0.51760715
0.51760715
0.51760715
0.51760715
0.51760715
0.51760715
0.52286147
0.53546977
0.53599973
0.53599973
0.53599973
0.53599973
0.53599973
0.53116714
0.52361396
0.52361396
0.52361396
0.53978141
0.54707088
0.54708088
0.54708088
0.55189563
0.56939984
0.56939984
0.56939984
0.56939984
0.56540582
0.55002165
0.54351408
0.53090226
0.53090226
0.53090226
0.53090226
0.53090226
0.53392262
0.54259925
0.54641289
0.54641289
0.54641289
0.54641289
0.54641289
0.54641289
0.54641289
0.54459694
0.54459694
0.54459694
0.54825432
0.54825432
0.54825432
0.54825432
0.54825432
0.55808596
0.55808596
0.57834958
0.58281866
0.58281866
0.58281866
0.57640972
0.57640972
0.57640972
0.57655873
0.59058359
0.60357715
0.60357715
0.60357715
0.60357715
0.60357715
0.60077147
0.59098728
0.59098728
0.59098728
0.59098728
0.60141084
0.60141084
0.60141084
0.59516678
0.59516678
0.59355043
0.57303624
0.57303624
0.57303624
0.57303624
0.57303624
0.56834521
0.56834521
0.56834521
0.59110649
0.59110649
0.59110649
0.59110649
0.59546598
0.59546598
0.59667236
0.59667236
0.59667236
0.59667236
0.58656447
0.5737805
0.55440387
0.53774117
0.53774117
0.53774117
0.5452218
0.5452218
0.56054813
0.5813821
0.58848002
0.61169773
0.61912072
0.61912072
0.61912072
0.61912072
0.61912072
0.63004698
0.64045838
0.64517882
0.64517882
0.64517882
0.648378
0.648378
0.648378
0.648378
0.65558042
0.65860216
0.66701468
0.66701468
0.66701468
0.65992735
0.65667406
0.65667406
0.65667406
0.65667406
0.65667406
0.64814704
0.64814704
0.64814704
0.64814704
0.64814704
0.64814704
0.65477459
0.65569923
0.66629591
0.66629591
0.66629591
0.66629591
0.65875019
0.65458578
0.63486389
0.63486389
0.63486389
0.64476591
0.65396681
0.67244801
0.67244801
0.67244801
0.67244801
0.67244801
0.67312757
0.67312757
0.67312757
0.67312757
0.67312757
0.67042247
0.67042247
0.67042247
0.67066873
0.67066873
0.67066873
0.67641145
0.68100954
0.68100954
0.68100954
0.68100954
0.68100954
0.68047899
0.68047899
0.67565621
0.67264035
0.67264035
0.67264035
0.67264035
0.67264035
0.67264035
0.67264035
0.67264035
0.68811393
0.68811393
0.70195664
0.70195664
0.70195664
0.69079236
0.68739555
0.64311897
0.63031304
0.50734888
0.47235064
0.46052092
0.46052092
0.46052092
0.50857977
0.50857977
0.50857977
0.50857977
0.50857977
0.58680779
0.58680779
0.58680779
0.58680779
0.56928004
0.56928004
0.56928004
0.56928004
0.53500921
0.53089814
0.53089814
0.51538182
0.51538182
0.51538182
0.51538182
0.48055083
0.42264603
0.42264603
0.42264603
0.42264603
0.42264603
0.42264603
0.42264603
0.42264603
0.42264603
0.42264603
0.40618547
0.38510132
0.38510132
0.38510132
0.40515672
0.45973666
0.46342404
0.46342404
0.46342404
0.41886415
0.41886415
0.32224689
0.31312147
0.30837476
0.29498005
0.29498005
0.28831015
0.28227274
0.28227274
0.28227274
0.28227274
0.36830529
0.37764579
0.39810057
0.39810057
0.39810057
0.46268488
0.46591543
0.56298227
0.63033363
0.67241644
0.69096803
0.70784798
0.70784798
0.71407674
0.71407674
0.71407674
0.71407674
0.71407674
0.7322313
0.7322313
0.7322313
0.74662182
0.74662182
0.74662182
0.73452034
0.73226914
0.73047005
0.73047005
0.73047005
0.7296107
0.7296107
0.71660185
0.70641475
0.70641475
0.67203059
0.67203059
0.65487694
0.65487694
0.65487694
0.65487694
0.65487694
0.65487694
0.68901798
0.71363638
0.71363638
0.71363638
0.7006634
0.68872996
0.68872996
0.68872996
0.68872996
0.68872996
0.68872996
0.68432577
0.68432577
0.68432577
0.68432577
0.68432577
0.68432577
0.68432577
0.68432577
0.68432577
0.68432577
0.68432577
0.68004236
0.68004236
0.68004236
0.68004236
0.68004236
0.68004236
0.6684832
0.66546636
0.66546636
0.66546636
0.66425978
0.66425978
0.66425978
0.66425978
0.65775849
0.65775849
0.65775849
0.65775849
0.65775849
0.65775849
0.65846256
0.66071671
0.66489209
0.66934079
0.67140691
0.67555131
0.67698435
0.67930378
0.68141383
0.68639425
0.68639425
0.68639425
0.68639425
0.68639425
0.68803726
0.68803726
0.68803726
0.69241204
0.69241204
0.69241204
0.69241204
0.69241204
0.69760931
0.69760931
0.69760931
0.69760931
0.69865296
0.69865296
0.69865296
0.69832632
0.69680368
0.69554142
0.69535418
0.68712792
0.68712792
0.68712792
0.69231695
0.69763539
0.70311146
0.70311146
0.70311146
0.7022276
0.7022276
0.69760951
0.69760951
0.69760951
0.69760951
0.69677114
0.69677114
0.69677114
0.69756363
0.69756363
0.69756363
0.69756363
0.69756363
0.70080633
0.70385219
0.70385219
0.70385219
0.70385219
0.70385219
0.70385219
0.70385219
0.70385219
0.70625005
0.71388165
0.71388165
0.71388165
0.7044945
0.70381847
0.70145119
0.70145119
0.69558573
0.69537869
0.68652149
0.68652149
0.68652149
0.68652149
0.68652149
0.68642111
0.68642111
0.68423891
0.68234788
0.67884303
0.67884303
0.67884303
0.67884303
0.67280426
0.66643296
0.65345822
0.64623953
0.64623953
0.64366148
0.64366148
0.64366148
0.6477406
0.65362095
0.65362095
0.65362095
0.65362095
0.65362095
0.65362095
0.65362095
0.6547593
0.6693451
0.6693451
0.675577
0.68497415
0.68881093
0.68881093
0.68881093
0.68606172
0.68606172
0.67909184
0.67909184
0.67909184
0.68994262
0.69171445
0.69171445
0.69171445
0.69171445
0.68963127
0.68963127
0.68963127
0.69484736
0.69895961
0.69929291
0.70019383
0.70111161
0.70313028
0.70494231
0.7130825
0.7130825
0.7130825
0.70655827
0.70459312
0.70425647
0.69086412
0.67390849
0.66287949
0.65828296
0.65828296
0.65828296
0.66528324
0.68023881
0.68023881
0.68023881
0.68023881
0.68277765
0.68277765
0.68277765
0.68277765
0.68277765
0.69332433
0.69332433
0.69332433
0.69419329
0.69931742
0.69931742
0.69931742
0.69428838
0.69428838
0.69428838
0.69505813
0.69505813
0.69505813
0.69498833
0.69498833
0.68299371
0.68225161
0.67885715
0.67630675
0.67630675
0.67395476
0.67395476
0.67395476
0.69130859
0.69355706
0.693849
0.693849
0.693849
0.693849
0.693849
0.693849
0.693849
0.69859649
0.69859649
0.69859649
0.69859649
0.69943016
0.69977366
0.70273521
0.70273521
0.70273521
0.70265169
0.69882158
0.69863571
0.6976844
0.6976844
0.6976844
0.6976844
0.6976844
0.6976844
0.6976844
0.6976844
0.6976844
0.6976844
0.69664115
0.69664115
0.69059688
0.68750789
0.68750789
0.68750789
0.68750789
0.68750789
0.6799906
0.67360498
0.67360498
0.67360498
0.67808779
0.68069113
0.68069113
0.68069113
0.68157342
0.68228121
0.68228121
0.68392129
0.68810746
0.69308062
0.70295461
0.70295461
0.70295461
0.69933291
0.69933291
0.69933291
0.70963118
0.70963118
0.70963118
0.70963118
0.71877796
0.71877796
0.71877796
0.71877796
0.71877796
0.70443862
0.70443862
0.70443862
0.70443862
0.70443862
0.70443862
0.70161157
0.70161157
0.70161157
0.69355274
0.68862526
0.684115
0.6781176
0.6748794
0.6711087
0.6711087
0.66772816
0.66772816
0.66772816
0.66772816
0.66772816
0.66772816
0.66772816
0.66772816
0.66772816
0.66772816
0.66772816
0.66772816
0.66772816
0.66841791
0.68262315
0.68262315
0.68262315
0.67940338
0.67940338
0.67940338
0.67940338
0.69949388
0.70632691
0.70768289
0.70771838
0.70771838
0.70879281
0.70939512
0.70972196
0.71414575
0.71736454
0.71736454
0.71736454
0.71736454
0.71736454
0.71736454
0.71736454
0.71580465
0.71580465
0.70812952
0.70107906
0.70052184
0.70052184
0.70052184
0.70052184
0.70321675
0.70796601
0.70796601
0.70796601
0.70796601
0.70647298
0.69538104
0.69538104
0.69538104
0.69759108
0.69759108
0.70490819
0.7050523
0.7050523
0.7050523
0.71154575
0.71564015
0.71564015
0.71564015
0.71374166
0.70479447
0.69953192
0.69724326
0.68614309
0.68593742
0.68593742
0.68593742
0.68593742
0.68593742
0.68593742
0.69419231
0.69858571
0.69858571
0.69858571
0.69858571
0.69858571
0.69788792
0.69788792
0.69788792
0.70296912
0.70296912
0.70296912
0.70296912
0.70296912
0.69872001
0.69728953
0.69647038
0.69647038
0.69579219
0.69343903
0.69343903
0.68406501
0.68406501
0.68406501
0.68406501
0.674252
0.67094557
0.66929138
0.66717232
0.66596966
0.66596966
0.66556283
0.65212851
0.65212851
0.65212851
0.65221713
0.65454108
0.65454108
0.65454108
0.65454108
0.65454108
0.65454108
0.64592053
0.62001791
0.62001791
0.62001791
0.61907151
0.6088303
0.6088303
0.6088303
0.6088303
0.6088303
0.62311004
0.62311004
0.62311004
0.62284477
0.62284477
0.62284477
0.60276819
0.56902869
0.56902869
0.56902869
0.56902869
0.57216297
0.59013774
0.59013774
0.59013774
0.58507948
0.58507948
0.58507948
0.58507948
0.58507948
0.58507948
0.58507948
0.56958434
0.56958434
0.56958434
0.56958434
0.56958434
0.56958434
0.56958434
0.54744419
0.54744419
0.54744419
0.55436956
0.55436956
0.55436956
0.53569544
0.53569544
0.51815848
0.51815848
0.49816131
0.49816131
0.49816131
0.49816131
0.48812322
0.48812322
0.48812322
0.48812322
0.48812322
0.48812322
0.48812322
0.48812322
0.48302477
0.46119048
0.46119048
0.46119048
0.45425334
0.45425334
0.45425334
0.45425334
0.45425334
0.49116986
0.50096856
0.50096856
0.50096856
0.50093346
0.49979609
0.49979609
0.48691644
0.48691644
0.48691644
0.47583431
0.47583431
0.47583431
0.48374197
0.48881219
0.48881219
0.48881219
0.46443201
0.46443201
0.46443201
0.48841026
0.48841026
0.49036815
0.49036815
0.512942
0.52675001
0.52675001
0.52675001
0.51776223
0.51776223
0.51776223
0.50888425
0.50888425
0.50888425
0.50888425
0.50382502
0.50382502
0.50382502
0.51923115
0.51923115
0.53595659
0.5369577
0.55029221
0.56132474
0.56132474
0.57736769
0.57736769
0.58830219
0.58830219
0.58830219
0.60312111
0.62814124
0.63656376
0.63656376
0.65600156
0.65600156
0.66102669
0.67329246
0.67329246
0.67897891
0.67897891
0.67897891
0.67897891
0.67680063
0.67444002
0.66160311
0.66160311
0.64969104
0.64969104
0.64490257
0.6375137
0.6375137
0.6375137
0.64241157
0.64241157
0.64796744
0.65617449
0.65617449
0.65617449
0.65433423
0.65433423
0.65433423
0.64684576
0.64684576
0.6310175
0.6151216
0.6151216
0.61246748
0.61246748
0.61246748
0.61246748
0.61246748
0.61246748
0.62074355
0.62074355
0.62074355
0.6164368
0.6164368
0.6164368
0.61952069
0.61952069
0.61952069
0.61952069
0.61952069
0.63155746
0.63444039
0.63552502
0.63552502
0.63552502
0.63275698
0.63275698
0.63275698
0.62854925
0.62854925
0.62854925
0.63583578
0.63583578
0.63583578
0.61845959
0.61845959
0.61845959
0.62373078
0.62373078
0.62373078
0.62373078
0.62588121
0.62979445
0.62979445
0.62979445
0.62979445
0.62979445
0.62804341
0.61908406
0.60719532
0.60719532
0.58229125
0.5822538
0.5822538
0.5822538
0.5822538
0.5822538
0.59605103
0.60654831
0.62168603
0.64916481
0.65532338
0.65532338
0.65787946
0.66726564
0.67258114
0.67258114
0.67258114
0.67258114
0.67258114
0.67258114
0.67686749
0.68135422
0.68135422
0.68135422
0.67506566
0.67253251
0.66687822
0.66590064
0.66590064
0.66498953
0.66498953
0.65712893
0.65712893
0.63799562
0.63600165
0.63600165
0.63600165
0.64666381
0.64666381
0.64666381
0.64666381
0.64666381
0.64666381
0.64666381
0.65483969
0.65483969
0.65483969
0.66267127
0.66267127
0.66267127
0.65316549
0.65316549
0.65316549
0.65316549
0.65316549
0.63560756
0.62540595
0.62540595
0.62540595
0.63093692
0.63127141
0.63127141
0.63127141
0.63127141
0.64949419
0.6599052
0.67436101
0.67436101
0.67436101
0.6728968
0.66230071
0.66230071
0.66163939
0.65757439
0.65524279
0.65301119
0.65301119
0.65301119
0.65672504
0.65672504
0.65862412
0.65862412
0.66076122
0.66076122
0.66076122
0.65881822
0.64476003
0.63425256
0.63425256
0.63425256
0.63425256
0.63511524
0.64022075
0.64022075
0.64022075
0.64022075
0.64022075
0.64022075
0.64022075
0.63946591
0.63946591
0.63946591
0.64103089
0.64103089
0.64103089
0.64103089
0.64103089
0.64103089
0.64103089
0.64103089
0.63922867
0.62499245
0.61316547
0.60848562
0.60848562
0.60848562
0.61051606
0.61051606
0.61386954
0.61386954
0.61386954
0.61386954
0.61386954
0.61471614
0.62079237
0.62079237
0.62496657
0.62496657
0.62496657
0.62496657
0.63086183
0.63113749
0.63113749
0.63113749
0.63113749
0.63113749
0.63113749
0.62476149
0.62476149
0.62158054
0.62099686
0.62099686
0.62099686
0.62099686
0.62099686
0.60697769
0.60112517
0.60112517
0.59691528
0.59691528
0.59691528
0.59642512
0.59642512
0.59642512
0.59642512
0.5893825
0.5820299
0.5820299
0.57488022
0.57317388
0.5714891
0.5681615
0.5681615
0.5681615
0.57604641
0.57604641
0.58768439
0.58768439
0.58768439
0.58329706
0.58329706
0.5794895
0.57241727
0.55581848
0.55581848
0.55581848
0.56195019
0.57847643
0.59375846
0.6057068
0.61778709
0.62928861
0.62928861
0.62928861
0.62928861
0.62928861
0.61484751
0.61112209
0.61112209
0.61112209
0.60818956
0.59832949
0.59832949
0.59832949
0.59832949
0.61009883
0.62548889
0.62548889
0.62548889
0.61982832
0.61905151
0.61905151
0.61905151
0.61905151
0.62523714
0.6298019
0.6298019
0.63803523
0.63803523
0.63803523
0.63312951
0.63312951
0.63312951
0.63928396
0.63928396
0.63928396
0.63928396
0.63928396
0.63928396
0.63928396
0.63367025
0.62633922
0.62633922
0.62633922
0.62627491
0.60554211
0.59157273
0.59157273
0.58005847
0.57687929
0.57524726
0.57431164
0.57431164
0.57431164
0.58118427
0.58118427
0.58118427
0.58723089
0.59105787
0.59172037
0.59172037
0.59172037
0.60380419
0.60380419
0.60380419
0.60380419
0.60380419
0.60380419
0.59425999
0.58942642
0.58942642
0.58942642
0.58942642
0.5824983
0.5824983
0.5824983
0.5824983
0.58354116
0.5924013
0.60680378
0.61431539
0.61431539
0.61431539
0.61431539
0.61431539
0.61431539
0.61431539
0.61431539
0.61431539
0.60840543
0.60793232
0.59432214
0.58744656
0.58295709
0.58295709
0.57869602
0.57827762
0.57597485
0.57167379
0.56166491
0.55343375
0.55343375
0.55343375
0.56260543
0.56944886
0.5927846
0.5927846
0.59745054
0.59745054
0.59745054
0.59309321
0.59309321
0.59309321
0.59357043
0.60478765
0.60478765
0.60478765
0.60478765
0.60813329
0.60813329
0.61195517
0.61195517
0.62220834
0.62220834
0.62220834
0.6139811
0.6139811
0.60384929
0.60384929
0.60384929
0.60841523
0.60841523
0.60841523
0.60841523
0.60841523
0.60993571
0.61291941
0.61291941
0.61291941
0.61291941
0.61291941
0.61291941
0.61291941
0.61291941
0.61291941
0.61291941
0.61291941
0.61291941
0.61461203
0.61461203
0.61461203
0.62221893
0.63043911
0.65973129
0.66322947
0.66476132
0.66476132
0.66476132
0.67380144
0.6797265
0.68589017
0.68589017
0.68589017
0.68144637
0.68144637
0.68144637
0.68144637
0.67412789
0.65885665
0.65093644
0.63982235
0.63982235
0.63982235
0.64539253
0.64539253
0.64539253
0.6301258
0.62905098
0.62905098
0.62843377
0.62108764
0.62108764
0.61366269
0.61366269
0.61366269
0.61366269
0.61366269
0.60982493
0.60982493
0.60982493
0.61550256
0.61550256
0.61550256
0.63874713
0.63874713
0.63874713
0.63874713
0.63874713
0.63874713
0.64228903
0.64746709
0.64746709
0.64746709
0.63441137
0.60154769
0.58884097
0.58884097
0.58884097
0.58194108
0.58194108
0.57995554
0.57995554
0.57995554
0.57995554
0.57995554
0.59629141
0.60140751
0.60140751
0.60140751
0.58870255
0.58870255
0.56969374
0.56969374
0.56969374
0.56969374
0.56969374
0.56969374
0.56969374
0.56909908
0.56909908
0.56909908
0.5791158
0.58079901
0.58757636
0.58757636
0.60387046
0.61682932
0.61682932
0.61682932
0.61682932
0.61682932
0.61682932
0.60467021
0.58014866
0.56198489
0.56198489
0.56198489
0.56104221
0.56104221
0.56104221
0.56164335
0.5700443
0.5768738
0.59021538
0.59021538
0.59021538
0.58670603
0.58670603
0.58670603
0.58670603
0.58670603
0.58486224
0.58344725
0.58244536
0.57796549
0.57667284
0.57305428
0.57305428
0.57305428
0.57305428
0.56847422
0.56847422
0.56847422
0.56326342
0.5629705
0.5629705
0.55393744
0.54659209
0.5337095
0.5237218
0.5237218
0.5237218
0.519667
0.519667
0.519667
0.53034896
0.53737316
0.53737316
0.53737316
0.53737316
0.53848464
0.53883521
0.54151168
0.54151168
0.54306019
0.54364721
0.54754575
0.55128685
0.55136841
0.55930724
0.56673984
0.57096443
0.57096443
0.57885523
0.58434836
0.58434836
0.58699385
0.59849595
0.60024347
0.60024347
0.60024347
0.59784933
0.59622612
0.58996952
0.58996952
0.5832304
0.58014435
0.58014435
0.58014435
0.58426797
0.58832866
0.58832866
0.58832866
0.58808848
0.58455168
0.57790942
0.57588113
0.57588113
0.57588113
0.57367247
0.57367247
0.57367247
0.57078346
0.57078346
0.56536229
0.56536229
0.56536229
0.56536229
0.56650005
0.57588094
0.57757238
0.58323628
0.59055339
0.59055339
0.59295675
0.59295675
0.59295675
0.59264442
0.591171
0.5791756
0.56797151
0.56797151
0.56797151
0.56797151
0.57949832
0.58215479
0.58215479
0.58215479
0.58215479
0.58409838
0.60201315
0.61954246
0.62106803
0.62106803
0.62106803
0.62306945
0.64245255
0.65315844
0.65323921
0.65323921
0.65323921
0.65034629
0.65034629
0.65034629
0.65034629
0.65034629
0.65034629
0.65034629
0.65858608
0.65858608
0.66114942
0.66114942
0.66114942
0.63747625
0.63747625
0.63747625
0.63747625
0.64187926
0.65744969
0.65747832
0.65747832
0.65896174
0.65896174
0.66615063
0.67348362
0.68264805
0.68264805
0.68264805
0.6719753
0.66308105
0.65945308
0.65945308
0.65945308
0.65945308
0.65970247
0.67233253
0.67233253
0.67233253
0.68697264
0.68697264
0.68697264
0.68475084
0.68475084
0.68475084
0.68475084
0.68475084
0.68475084
0.68727712
0.68727712
0.68727712
0.69592022
0.69801046
0.69801046
0.69801046
0.69621961
0.69621961
0.69621961
0.70498701
0.70498701
0.70498701
0.70498701
0.70498701
0.69473129
0.69473129
0.69220618
0.69220618
0.69220618
0.69220618
0.69220618
0.69419917
0.69419917
0.69419917
0.69419917
0.69419917
0.69419917
0.69419917
0.69419917
0.69419917
0.69419917
0.69419917
0.679034
0.67850227
0.67850227
0.67850227
0.67354832
0.65354311
0.64346973
0.64346973
0.64346973
0.64346973
0.64346973
0.6371151
0.6371151
0.6371151
0.6371151
0.6371151
0.63464057
0.62829241
0.62567848
0.62567848
0.62567848
0.62567848
0.64290958
0.6481586
0.6481586
0.6481586
0.6481586
0.64986574
0.64986574
0.66906708
0.66906708
0.66906708
0.66906708
0.66906708
0.66906708
0.66906708
0.66906708
0.67552543
0.67825543
0.6784909
0.68030352
0.6978989
0.6978989
0.6978989
0.69251008
0.69251008
0.68075584
0.68075584
0.68075584
0.68075584
0.67526016
0.6701472
0.66656216
0.66335828
0.65408445
0.65239477
0.64675165
0.64121421
0.64121421
0.64121421
0.64677361
0.64677361
0.64677361
0.6457627
0.6457627
0.6457627
0.6457627
0.6457627
0.6457627
0.64376598
0.64376598
0.64376598
0.648607
0.65184402
0.66399667
0.66399667
0.66399667
0.65873391
0.65873391
0.65873391
0.66201916
0.66638257
0.66638257
0.66638257
0.66093846
0.65173403
0.65173403
0.65173403
0.65173403
0.63246249
0.61506102
0.61506102
0.61506102
0.61506102
0.61017824
0.59719644
0.59719644
0.59719644
0.60168356
0.60659732
0.6115403
0.62325179
0.62325179
0.62325179
0.61734164
0.61734164
0.61731929
0.60852208
0.60852208
0.60852208
0.60852208
0.60852208
0.60852208
0.60852208
0.60852208
0.60538663
0.60538663
0.60487588
0.57463024
0.57463024
0.57463024
0.57573997
0.58643115
0.59054438
0.60215353
0.61982577
0.63453078
0.63453078
0.63453078
0.62530439
0.62530439
0.62530439
0.62530439
0.62314984
0.62314984
0.62314984
0.62458032
0.62683349
0.62683349
0.62683349
0.6255579
0.6213288
0.6213288
0.6213288
0.62206992
0.6422112
0.6422112
0.6558302
0.66087317
0.66087317
0.66087317
0.66087317
0.66087317
0.66087317
0.65152091
0.65152091
0.65152091
0.64715338
0.64715338
0.64715338
0.64145125
0.64121048
0.64121048
0.64121048
0.64889894
0.65312667
0.65426228
0.65426228
0.65426228
0.65426228
0.64993142
0.63714019
0.63230564
0.63230564
0.63230564
0.63230564
0.63230564
0.63230564
0.62733875
0.6208804
0.6208804
0.6208804
0.62285359
0.62285359
0.62603002
0.62603002
0.62603002
0.62603002
0.62603002
0.62603002
0.62603002
0.62603002
0.62603002
0.63035402
0.63035402
0.63035402
0.62806791
0.62054983
0.62054983
0.61700147
0.60814368
0.59600496
0.59600496
0.59600496
0.61070036
0.61134443
0.61134443
0.61134443
0.61134443
0.61853567
0.62216991
0.62379666
0.63433177
0.63433177
0.64196612
0.64721005
0.64721005
0.64721005
0.64721005
0.64805214
0.64805214
0.64805214
0.64181985
0.64181985
0.64181985
0.64181985
0.64181985
0.63703
0.63703
0.63703
0.64072581
0.64072581
0.64072581
0.63177117
0.63177117
0.63177117
0.63177117
0.63177117
0.62866611
0.62068806
0.62068806
0.62068806
0.62068806
0.62068806
0.62068806
0.62068806
0.62068806
0.62068806
0.62097235
0.62362334
0.62362334
0.62362334
0.61669188
0.61669188
0.61669188
0.61669188
0.60774449
0.60753921
0.60573817
0.60573817
0.60573817
0.60573817
0.6035648
0.6035648
0.6035648
0.59789011
0.59789011
0.5946629
0.57862172
0.56609322
0.56609322
0.55688526
0.55688526
0.55688526
0.56081517
0.56081517
0.56496938
0.56496938
0.56496938
0.56496938
0.56496938
0.55913196
0.55913196
0.55913196
0.56397514
0.56397514
0.56397514
0.56397514
0.56397514
0.5675586
0.5675586
0.5675586
0.56850598
0.56850598
0.5732723
0.57987143
0.57987143
0.59647767
0.59647767
0.60398144
0.60398144
0.60398144
0.60177297
0.59029675
0.58249065
0.58249065
0.58249065
0.58249065
0.58249065
0.57753827
0.57753827
0.57753827
0.57753827
0.57045643
0.5688987
0.56270445
0.56270445
0.56258642
0.55386823
0.55386823
0.55386823
0.5554236
0.56012248
0.56012248
0.56555836
0.56555836
0.56555836
0.5641167
0.5641167
0.5641167
0.5641167
0.55155389
0.51980836
0.51457913
0.51457913
0.51457913
0.51457913
0.54675581
0.56688963
0.57787746
0.57787746
0.5823236
0.5823236
0.58451893
0.58451893
0.62227736
0.64579682
0.65029923
0.65029923
0.65029923
0.65029923
0.65029923
0.65029923
0.6324274
0.61230083
0.61230083
0.60969827
0.60969827
0.60969827
0.60163945
0.60163945
0.60163945
0.62866611
0.65514339
0.65514339
0.65514339
0.62307004
0.57923755
0.54529807
0.53327248
0.53069404
0.53069404
0.53069404
0.5380184
0.5380184
0.55983328
0.5778255
0.58383604
0.60574523
0.60574523
0.60574523
0.60574523
0.6071016
0.6071016
0.6071016
0.59306596
0.59290656
0.59290656
0.59290656
0.59290656
0.59290656
0.59290656
0.59305047
0.62709426
0.62709426
0.62709426
0.62709426
0.62709426
0.62709426
0.59345926
0.59345926
0.59345926
0.59608632
0.62275909
0.62275909
0.62275909
0.62275909
0.62879198
0.62879198
0.62879198
0.62879198
0.62879198
0.62879198
0.61092485
0.60347383
0.58909978
0.58909978
0.58909978
0.58909978
0.58796162
0.58796162
0.58796162
0.58796162
0.58796162
0.58796162
0.60547015
0.62954036
0.64412811
0.64429457
0.65038766
0.65038766
0.66249638
0.66249638
0.66249638
0.66249638
0.66249638
0.66788971
0.66788971
0.66788971
0.66788971
0.66788971
0.66788971
0.66788971
0.66788971
0.66788971
0.66788971
0.66788971
0.66788971
0.65309354
0.64087365
0.64087365
0.63882536
0.63882536
0.63882536
0.63882536
0.63435314
0.63435314
0.63435314
0.63793053
0.63793053
0.63793053
0.6284124
0.6284124
0.6284124
0.6284124
0.6284124
0.64124597
0.64124597
0.64124597
0.64124597
0.64124597
0.64124597
0.64124597
0.66950489
0.67456472
0.68011765
0.68011765
0.68011765
0.68011765
0.68011765
0.68011765
0.68011765
0.68011765
0.68202515
0.70526699
0.71177181
0.7157725
0.7157725
0.7178645
0.7178645
0.7178645
0.71275683
0.69727502
0.68135344
0.67323697
0.65310295
0.65310295
0.65310295
0.65310295
0.65310295
0.65310295
0.66470348
0.66470348
0.66470348
0.61887349
0.5591996
0.50465143
0.43066682
0.37155094
0.27379983
0.27379983
0.27379983
0.09922688
0.07955028
0.07955028
0.07955028
0.07955028
0.07955028
0.07955028
0.09188271
0.16464328
0.17650889
0.17650889
0.17650889
0.13531033
0.07184966
0.07184966
0.07184966
0.05915667
0.03499549
0.03499549
0.03499549
0.03770745
0.03770745
0.03770745
0.03770745
0.03770745
0.03770745
0.03077874
0.03077874
0.03077874
0.03783685
0.06529837
0.07316035
0.07316035
0.07316035
0.07316035
0.07316035
0.07316035
0.07316035
0.07316035
0.07316035
0.07316035
0.09480563
0.09480563
0.1513817
0.1513817
0.21885443
0.21885443
0.26982208
0.26982208
0.3083332
0.3083332
0.37234696
0.43257413
0.4892302
0.49068637
0.50873191
0.54883997
0.59006284
0.59006284
0.59337888
0.62270791
0.62270791
0.62270791
0.63802797
0.6553122
0.65557689
0.66449369
0.6656091
0.66567223
0.6866756
0.6866756
0.6866756
0.6866756
0.66598436
0.66598436
0.66598436
0.67085028
0.67085028
0.67085028
0.66424567
0.66424567
0.66050339
0.66028968
0.66028968
0.66028968
0.66028968
0.64915343
0.63598538
0.6265739
0.60173415
0.60173415
0.60173415
0.61440832
0.62562025
0.62562025
0.62562025
0.62562025
0.62562025
0.62562025
0.62562025
0.62836887
0.62836887
0.63068106
0.63068106
0.63068106
0.60741824
0.5863037
0.58509026
0.58509026
0.58509026
0.59134275
0.59578184
0.59578184
0.59578184
0.59469054
0.58892096
0.58892096
0.58892096
0.59398491
0.59398491
0.59398491
0.60135143
0.60135143
0.60135143
0.60135143
0.60135143
0.60135143
0.60135143
0.59204995
0.59204995
0.59204995
0.59204995
0.59204995
0.59204995
0.59204995
0.60162004
0.60162004
0.60162004
0.60162004
0.60162004
0.60162004
0.60162004
0.59737094
0.59737094
0.59065496
0.58085136
0.57322152
0.57180496
0.57180496
0.57180496
0.57180496
0.5508112
0.54920269
0.54920269
0.54325234
0.54325234
0.53764765
0.5342375
0.51641096
0.51511635
0.51511635
0.51511635
0.51511635
0.51497597
0.49116966
0.49116966
0.49116966
0.49753626
0.49753626
0.49753626
0.50910483
0.52825715
0.52825715
0.52825715
0.53465159
0.56851539
0.58498674
0.58498674
0.58498674
0.58498674
0.63997626
0.6569462
0.6569462
0.6569462
0.6569462
0.6569462
0.66113962
0.66113962
0.66185172
0.66199289
0.6855545
0.69482971
0.69482971
0.72027844
0.72027844
0.72027844
0.71640931
0.71640931
0.71640931
0.73745876
0.73774011
0.73774011
0.73774011
0.72561648
0.7182531
0.7182531
0.7182531
0.7182531
0.7182531
0.69874903
0.69874903
0.66852163
0.66811499
0.66811499
0.63265738
0.63265738
0.63265738
0.63265738
0.62902726
0.62902726
0.62902726
0.62902726
0.62902726
0.62585807
0.62585807
0.62585807
0.62585807
0.62585807
0.63441235
0.63813208
0.68493847
0.70721449
0.70721449
0.70721449
0.70721449
0.70721449
0.70721449
0.70721449
0.70721449
0.70721449
0.70721449
0.70721449
0.70721449
0.70721449
0.69178895
0.69178895
0.69178895
0.69432445
0.69432445
0.69432445
0.69432445
0.74660691
0.74660691
0.74660691
0.7387916
0.70994312
0.70286599
0.70286599
0.70286599
0.69822672
0.69822672
0.68731594
0.68731594
0.68731594
0.68829293
0.69298592
0.69298592
0.69298592
0.69298592
0.69298592
0.69348118
0.7091718
0.71479982
0.71775686
0.71775686
0.71775686
0.71775686
0.68259472
0.68259472
0.68259472
0.69467796
0.70592145
0.70592145
0.70592145
0.69324394
0.69077314
0.67224704
0.67224704
0.67224704
0.6910939
0.6910939
0.6910939
0.6910939
0.6910939
0.6910939
0.6910939
0.68231219
0.68231219
0.68231219
0.67928771
0.67074735
0.65561237
0.65561237
0.65561237
0.65561237
0.68626759
0.70206193
0.71242215
0.71242215
0.71546624
0.71546624
0.71546624
0.71546624
0.71546624
0.71546624
0.72356212
0.73555811
0.73555811
0.73555811
0.74217645
0.74217645
0.74217645
0.75942951
0.75942951
0.75942951
0.75942951
0.75942951
0.75942951
0.75942951
0.77335065
0.77335065
0.77335065
0.76242929
0.76242929
0.76242929
0.76242929
0.75299998
0.75299998
0.75299998
0.75268118
0.75268118
0.75268118
0.75618131
0.77675295
0.77943413
0.78960358
0.79564981
0.79564981
0.79564981
0.79564981
0.82494728
0.82494728
0.83459442
0.83678543
0.83678543
0.83678543
0.83678543
0.84730761
0.84730761
0.84730761
0.84426999
0.82633894
0.82633894
0.82633894
0.82633894
0.83206401
0.83631233
0.83631233
0.83631233
0.84192388
0.84192388
0.85663869
0.86345898
0.87187405
0.88526033
0.89212748
0.89212748
0.89212748
0.87872885
0.87306279
0.86621407
0.85737393
0.85737393
0.85737393
0.85737393
0.85737393
0.86305469
0.86305469
0.86305469
0.86305469
0.86305469
0.86305469
0.85667124
0.85191119
0.85191119
0.85191119
0.85191119
0.85191119
0.85191119
0.85191119
0.85191119
0.85208295
0.85937124
0.85937124
0.85937124
0.8565587
0.8565587
0.8565587
0.8565587
0.8565587
0.8565587
0.86390326
0.87628197
0.88632163
0.88632163
0.89661617
0.89661617
0.89661617
0.87281398
0.87281398
0.86315861
0.86315861
0.86315861
0.88205625
0.88205625
0.88205625
0.88772682
0.90325294
0.9070456
0.9070456
0.90711227
0.91143156
0.91143156
0.91143156
0.91143156
0.91143156
0.91143156
0.91143156
0.8876282
0.8876282
0.87957231
0.87957231
0.86935424
0.86935424
0.86256414
0.85560798
0.85560798
0.85560798
0.87254381
0.88263758
0.88263758
0.88263758
0.88263758
0.87524988
0.87158074
0.87158074
0.87158074
0.86174773
0.84674314
0.84674314
0.84674314
0.86244886
0.87001928
0.87361745
0.87361745
0.88405101
0.88405101
0.88405101
0.8789555
0.86521767
0.86521767
0.86521767
0.87083334
0.88904594
0.89625051
0.89625051
0.89625051
0.90872705
0.91686528
0.92558876
0.9338264
0.93432283
0.93432283
0.93432283
0.93432283
0.93432283
0.93432283
0.93885172
0.93885172
0.94244498
0.94244498
0.94244498
0.9642879
0.97008865
0.97330214
0.97330214
0.98137332
0.98137332
0.98137332
0.9728112
0.94629254
0.94629254
0.93532472
0.93412049
0.93113796
0.92842463
0.92842463
0.92842463
0.91941019
0.90135386
0.90135386
0.90135386
0.90496301
0.91284263
0.91284263
0.91284263
0.91284263
0.91284263
