0.26326079
0.26703724
0.26326079
0.25722839
0.21942887
0.21942887
0.21942887
0.25557887
0.25557887
0.25557887
0.26262971
0.26262971
0.26262971
0.26056424
0.26056424
0.23462962
0.21900257
0.21900257
0.21900257
0.21900257
0.21900257
0.21294491
0.21191583
0.20435045
0.20435045
0.20435045
0.208503
0.25518939
0.25518939
0.25518939
0.25495387
0.24388559
0.23248412
0.23248412
0.23248412
0.23248412
0.23248412
0.2652225
0.26610401
0.26610401
0.27181813
0.27181813
0.29847847
0.30063674
0.30240097
0.30240097
0.30240097
0.27246017
0.25796718
0.25796718
0.25796718
0.25796718
0.31183556
0.31183556
0.31183556
0.31183556
0.31830187
0.3189363
0.32731138
0.35947131
0.35947131
0.35947131
0.3580774
0.33259738
0.30326696
0.30326696
0.30326696
0.30326696
0.26522372
0.26522372
0.26522372
0.27251555
0.27251555
0.27251555
0.27251555
0.27251555
0.28887652
0.28946957
0.28946957
0.28946957
0.28946957
0.28946957
0.28946957
0.29130987
0.31288716
0.31288716
0.31288716
0.31288716
0.25195243
0.24219317
0.2391616
0.22969933
0.20327846
0.20327846
0.20327846
0.21690972
0.21690972
0.21690972
0.21924417
0.23256445
0.23256445
0.23256445
0.22336203
0.22053585
0.21612954
0.21612954
0.21612954
0.21612954
0.21612954
0.22471213
0.22471213
0.22471213
0.22471213
0.22471213
0.22471213
0.22840004
0.22840004
0.22840004
0.22840004
0.22840004
0.22840004
0.22565024
0.22565024
0.22565024
0.23624384
0.25703791
0.27102913
0.27102913
0.27102913
0.27102913
0.27102913
0.27102913
0.27848101
0.27848101
0.27848101
0.27848101
0.27848101
0.27848101
0.28225624
0.28225624
0.28859019
0.30513404
0.33985786
0.33985786
0.33985786
0.32180964
0.32180964
0.30520098
0.2916318
0.2916318
0.28881627
0.28881627
0.28305985
0.28305985
0.27116119
0.25747607
0.25190557
0.25190557
0.22897513
0.22090677
0.21696753
0.20783783
0.20783783
0.20783783
0.20499523
0.19911435
0.19671813
0.19307678
0.19307678
0.19307678
0.19307678
0.1861224
0.1861224
0.16891004
0.13923427
0.13200755
0.13200755
0.13200755
0.13200755
0.13200755
0.13487237
0.13487237
0.13782635
0.16032744
0.16303921
0.1677419
0.1677419
0.1858455
0.1858455
0.18645985
0.18645985
0.18711223
0.22005174
0.23628279
0.23628279
0.23628279
0.20713798
0.17694432
0.17437435
0.16218418
0.13102411
0.13102411
0.13102411
0.13102411
0.13102411
0.13102411
0.13102411
0.13102411
0.13102411
0.13102411
0.15361923
0.19632165
0.19632165
0.19632165
0.18961222
0.17565325
0.17565325
0.17565325
0.17565325
0.17565325
0.17379013
0.15234581
0.15234581
0.15234581
0.15262057
0.17891151
0.19075236
0.19393333
0.19393333
0.19393333
0.18727411
0.18727411
0.18727411
0.19527431
0.19527431
0.19527431
0.19581745
0.19593917
0.20537254
0.20537254
0.20537254
0.20537254
0.15767167
0.15678194
0.15678194
0.15678194
0.22584102
0.22584102
0.22584102
0.22584102
0.22584102
0.22584102
0.22509036
0.19892661
0.18189561
0.18189561
0.18025644
0.18025644
0.1744203
0.1744203
0.1744203
0.23862576
0.25897253
0.25897253
0.25897253
0.25700656
0.25700656
0.25700656
0.24881315
0.23807927
0.23807927
0.23807927
0.21776658
0.21776658
0.21776658
0.23915704
0.23915704
0.26943895
0.26943895
0.26943895
0.23929275
0.23929275
0.23929275
0.23929275
0.23929275
0.21736249
0.21736249
0.21736249
0.21736249
0.21736249
0.22474074
0.22474074
0.2376122
0.2376122
0.2376122
0.2376122
0.2376122
0.2376122
0.2376122
0.2376122
0.22508336
0.22012264
0.22012264
0.22012264
0.22012264
0.21798414
0.20662375
0.20392841
0.20392841
0.20392841
0.20392841
0.20692225
0.20692225
0.20692225
0.22861212
0.22861212
0.22861212
0.22766002
0.22766002
0.22766002
0.22766002
0.22766002
0.22766002
0.22766002
0.22766002
0.22766002
0.22564598
0.20233488
0.19117714
0.19117714
0.19117714
0.19724789
0.25186023
0.25186023
0.25186023
0.24715846
0.24715846
0.24715846
0.24715846
0.24648843
0.23156214
0.23144408
0.23144408
0.23144408
0.23144408
0.23144408
0.23561519
0.23561519
0.23956265
0.27705727
0.28900219
0.28900219
0.28900219
0.28900219
0.28900219
0.28753342
0.26922382
0.26922382
0.26922382
0.26922382
0.26922382
0.26922382
0.26922382
0.25417156
0.25417156
0.23853843
0.22529331
0.21979067
0.20457897
0.20457897
0.20211063
0.19297332
0.19297332
0.19297332
0.1824348
0.1824348
0.1824348
0.1824348
0.1824348
0.1824348
0.22300085
0.22964577
0.22964577
0.24226803
0.24226803
0.24226803
0.24050775
0.24050775
0.21878319
0.21878319
0.21878319
0.21878319
0.21878319
0.24481731
0.25091422
0.25091422
0.25091422
0.2424223
0.2424223
0.2424223
0.2604337
0.2604337
0.27994826
0.27994826
0.27994826
0.25689124
0.25689124
0.25689124
0.27010837
0.28101234
0.28101234
0.28101234
0.28101234
0.30758534
0.30758534
0.30758534
0.30758534
0.30758534
0.3066232
0.3066232
0.3066232
0.31707135
0.36497792
0.36497792
0.36497792
0.36096656
0.33669971
0.31275023
0.31275023
0.31275023
0.30110442
0.30110442
0.30110442
0.32225359
0.32225359
0.32225359
0.32225359
0.33612705
0.33612705
0.33612705
0.33612705
0.33612705
0.33612705
0.33612705
0.33612705
0.33612705
0.33612705
0.35968249
0.36221716
0.3701565
0.3701565
0.3701565
0.3701565
0.35837711
0.34318276
0.34318276
0.34318276
0.34318276
0.34318276
0.32101455
0.31493164
0.31493164
0.31493164
0.30806306
0.30806306
0.29579469
0.29579469
0.29579469
0.30764468
0.30764468
0.30764468
0.30764468
0.30764468
0.30764468
0.30764468
0.27104312
0.27104312
0.27104312
0.27104312
0.27104312
0.26837152
0.26837152
0.26837152
0.23326674
0.23326674
0.22878648
0.22748841
0.22748841
0.22748841
0.22748841
0.22748841
0.22306201
0.18733283
0.1783139
0.1783139
0.1783139
0.1783139
0.1783139
0.17903535
0.17903535
0.17903535
0.17903535
0.17903535
0.18444124
0.18444124
0.18444124
0.18444124
0.18444124
0.1660577
0.1660577
0.1660577
0.1660577
0.1660577
0.15464101
0.15464101
0.15253385
0.15253385
0.15253385
0.15253385
0.15253385
0.15253385
0.15253385
0.15253385
0.15253385
0.14527519
0.14527519
0.14527519
0.19464201
0.19464201
0.21005971
0.21005971
0.21005971
0.20491368
0.20491368
0.20491368
0.20197309
0.20197309
0.20197309
0.20357727
0.21928647
0.24090484
0.24090484
0.24090484
0.24090484
0.24090484
0.24090484
0.24090484
0.23674408
0.23674408
0.23674408
0.23914183
0.24112666
0.24112666
0.24112666
0.24112666
0.24112666
0.24341122
0.24341122
0.24341122
0.24341122
0.24719071
0.25196856
0.25196856
0.25196856
0.2484973
0.24528864
0.23621219
0.23136893
0.21095186
0.21095186
0.21095186
0.21095186
0.21095186
0.21095186
0.21095186
0.21252592
0.21297899
0.22406036
0.22610697
0.22610697
0.22610697
0.2145427
0.2145427
0.2145427
0.2145427
0.20302682
0.20302682
0.20302682
0.20302682
0.20302682
0.20302682
0.20302682
0.20467847
0.20467847
0.20467847
0.20467847
0.20467847
0.20467847
0.1768503
0.16243521
0.16243521
0.16243521
0.18208883
0.19835061
0.20240639
0.20560501
0.20560501
0.22415134
0.22415134
0.22415134
0.22248083
0.20296262
0.20296262
0.20296262
0.20296262
0.20070058
0.20070058
0.20070058
0.20070058
0.22889328
0.22889328
0.22889328
0.20929231
0.20929231
0.20929231
0.20929231
0.20929231
0.2068617
0.19917886
0.19917886
0.14083875
0.14083875
0.14083875
0.16166872
0.16166872
0.16166872
0.16166872
0.16166872
0.17301968
0.17573358
0.17573358
0.17573358
0.1592299
0.1592299
0.1592299
0.1592299
0.16777476
0.17763869
0.19877843
0.20078821
0.21044067
0.21044067
0.21044067
0.21044067
0.21044067
0.21044067
0.21044067
0.21044067
0.21044067
0.21044067
0.22849315
0.22849315
0.22849315
0.22237159
0.22118884
0.22118884
0.22118884
0.22118884
0.23342861
0.23342861
0.23342861
0.22896783
0.22791136
0.21141468
0.21141468
0.21141468
0.21141468
0.21187993
0.21187993
0.21187993
0.20782688
0.19667066
0.19667066
0.19667066
0.19790605
0.22330726
0.22330726
0.22330726
0.22330726
0.22330726
0.24027802
0.26246448
0.27032928
0.27032928
0.27032928
0.27032928
0.27032928
0.27195932
0.27195932
0.27195932
0.27195932
0.27195932
0.27195932
0.27195932
0.26631366
0.25261242
0.22061771
0.22061771
0.22061771
0.22682903
0.23179157
0.23781089
0.23781089
0.23781089
0.23781089
0.24142668
0.24142668
0.24142668
0.24142668
0.24142668
0.24142668
0.27577867
0.28333979
0.28333979
0.28333979
0.2749632
0.23883511
0.23883511
0.23883511
0.24904044
0.24904044
0.24904044
0.24904044
0.24974486
0.24974486
0.24974486
0.24847783
0.24453554
0.24453554
0.24453554
0.24453554
0.24453554
0.23305891
0.23305891
0.23305891
0.25927499
0.27152876
0.27152876
0.27152876
0.27152876
0.27775499
0.27775499
0.27775499
0.27775499
0.2718446
0.26473443
0.25597413
0.25597413
0.25597413
0.24503913
0.24503913
0.24503913
0.24503913
0.24503913
0.24503913
0.25474422
0.25481543
0.26473839
0.26534604
0.26534604
0.26534604
0.26534604
0.26534604
0.26534604
0.26534604
0.26534604
0.26534604
0.26809371
0.27177188
0.27177188
0.27177188
0.3127551
0.3127551
0.31470342
0.32456827
0.32456827
0.32456827
0.30359102
0.30359102
0.30359102
0.30359102
0.30359102
0.32412432
0.33012721
0.33012721
0.33012721
0.33012721
0.33012721
0.33012721
0.32069871
0.3100975
0.3100975
0.3100975
0.3100975
0.3100975
0.3100975
0.3100975
0.2930455
0.2930455
0.2930455
0.2930455
0.2930455
0.30864942
0.34273699
0.34273699
0.34273699
0.33445837
0.32407898
0.32407898
0.32407898
0.32967139
0.37613992
0.37613992
0.37613992
0.37613992
0.37613992
0.37443715
0.354227
0.354227
0.354227
0.354227
0.35775881
0.35775881
0.35775881
0.35775881
0.36530107
0.36530107
0.36530107
0.36530107
0.36530107
0.36530107
0.36530107
0.36530107
0.36530107
0.37469944
0.37469944
0.37469944
0.37469944
0.37469944
0.37469944
0.37469944
0.37542516
0.41013985
0.41013985
0.42187695
0.42187695
0.42187695
0.41428205
0.41428205
0.41428205
0.41663203
0.44618244
0.44618244
0.44618244
0.44618244
0.4136385
0.4136385
0.39965853
0.39624114
0.39624114
0.39624114
0.3541418
0.3504253
0.3504253
0.32402026
0.32402026
0.32402026
0.32402026
0.34293234
0.34293234
0.37846859
0.37846859
0.38028668
0.38028668
0.38028668
0.35897473
0.35897473
0.35897473
0.35897473
0.35497615
0.35497615
0.35497615
0.35497615
0.35497615
0.35497615
0.35497615
0.39292445
0.41216151
0.41216151
0.41216151
0.39700032
0.31388856
0.30664267
0.28189354
0.26074802
0.24778406
0.22255994
0.1981869
0.1981869
0.1981869
0.1981869
0.18901065
0.17977476
0.17977476
0.17977476
0.20464165
0.20464165
0.21460934
0.24157913
0.24158522
0.24158522
0.24158522
0.21263941
0.21263941
0.1786127
0.17306624
0.17306624
0.17306624
0.17306624
0.17306624
0.17306624
0.19989727
0.19989727
0.20179843
0.20179843
0.20931726
0.20931726
0.20931726
0.20931726
0.20931726
0.20931726
0.20931726
0.20931726
0.18731884
0.18731884
0.17306837
0.14583994
0.14583994
0.14583994
0.14583994
0.14583994
0.14583994
0.18799282
0.19777186
0.20724053
0.20724053
0.20724053
0.20724053
0.21782561
0.21782561
0.21782561
0.21782561
0.21782561
0.24543683
0.25631371
0.25631371
0.25631371
0.25631371
0.25631371
0.25631371
0.25469158
0.25469158
0.24999194
0.24999194
0.24999194
0.24999194
0.24999194
0.25729533
0.25729533
0.25729533
0.25281568
0.25281568
0.25281568
0.25198042
0.25198042
0.25198042
0.2531726
0.25855749
0.25855749
0.25855749
0.25855749
0.25855749
0.24533885
0.24533885
0.22763416
0.22763416
0.22763416
0.25005918
0.25005918
0.25502051
0.27479036
0.27479036
0.28134431
0.28134431
0.28134431
0.2909849
0.29316508
0.29316508
0.29316508
0.29316508
0.29316508
0.29316508
0.29316508
0.29316508
0.31668917
0.31668917
0.31668917
0.31249677
0.31249677
0.31249677
0.31249677
0.31249677
0.31249677
0.31249677
0.31249677
0.3123857
0.31090811
0.31090811
0.31090811
0.31090811
0.31090811
0.31090811
0.31090811
0.31085729
0.30398781
0.30398781
0.30114581
0.30114581
0.30114581
0.29734106
0.29734106
0.28753311
0.28753311
0.28753311
0.28465095
0.27298536
0.27298536
0.27298536
0.27298536
0.27298536
0.27298536
0.27298536
0.27298536
0.27298536
0.27298536
0.24091914
0.20901084
0.20234219
0.20234219
0.20234219
0.21077781
0.21077781
0.21077781
0.22298655
0.22298655
0.22298655
0.22678491
0.22678491
0.22678491
0.22678491
0.22678491
0.22158867
0.2088943
0.2088943
0.20518966
0.18584611
0.18300654
0.18300654
0.17698144
0.16290928
0.16290928
0.13920566
0.13040581
0.13040581
0.13040581
0.13040581
0.13040581
0.15342936
0.15342936
0.15342936
0.15342936
0.15342936
0.15341901
0.14401424
0.14401424
0.14401424
0.14877079
0.14877079
0.14877079
0.14877079
0.14877079
0.14196581
0.14196581
0.14196581
0.14196581
0.14196581
0.13695336
0.13695336
0.13695336
0.17189475
0.17189475
0.17189475
0.17189475
0.20932517
0.20932517
0.20978007
0.21147462
0.21147462
0.21180872
0.21180872
0.21180872
0.20886357
0.18491622
0.13418013
0.10382307
0.10382307
0.10382307
0.15500006
0.17084984
0.17620552
0.17620552
0.17620552
0.18621581
0.18621581
0.18621581
0.18621581
0.18621581
0.18621581
0.18215121
0.15416177
0.15416177
0.13637036
0.13637036
0.13637036
0.16538675
0.16538675
0.16538675
0.16538675
0.16538675
0.17061798
0.18447501
0.23614616
0.23614616
0.24295875
0.24295875
0.24295875
0.24295875
0.24295875
0.24295875
0.24295875
0.24295875
0.24295875
0.24295875
0.24295875
0.25819114
0.25819114
0.25819114
0.28980823
0.28980823
0.28980823
0.28958154
0.28697749
0.28697749
0.28697749
0.27348651
0.27150107
0.27150107
0.27150107
0.28163399
0.28163399
0.28163399
0.25713862
0.23652043
0.23652043
0.23037727
0.23037727
0.23037727
0.23037727
0.23037727
0.23037727
0.23037727
0.23349982
0.23349982
0.23349982
0.26428409
0.26428409
0.28238952
0.28238952
0.28238952
0.28238952
0.28238952
0.25713619
0.22982104
0.22982104
0.22982104
0.24513254
0.24513254
0.24513254
0.24279139
0.24259726
0.24259726
0.24259726
0.24259726
0.22526897
0.22526897
0.22526897
0.22526897
0.22526897
0.24793377
0.26381063
0.26381063
0.26946055
0.26946055
0.27478397
0.27478397
0.27478397
0.27478397
0.27478397
0.27478397
0.27478397
0.27478397
0.27883185
0.27883185
0.27883185
0.21934185
0.21934185
0.21934185
0.21028366
0.21028366
0.1995507
0.1995507
0.1995507
0.1995507
0.1995507
0.1995507
0.20963401
0.20963401
0.20963401
0.20963401
0.20963401
0.19242379
0.19242379
0.19242379
0.19993135
0.19993135
0.19993135
0.19993135
0.19993135
0.19993135
0.19524145
0.19230725
0.19230725
0.19230725
0.20018604
0.24416188
0.28163368
0.28163368
0.28163368
0.26536004
0.26536004
0.26536004
0.2307345
0.2307345
0.2307345
0.25341785
0.25341785
0.25341785
0.25341785
0.27212394
0.27212394
0.27212394
0.22326223
0.22326223
0.22326223
0.19125869
0.17717101
0.17717101
0.17717101
0.18317816
0.186776
0.19419289
0.20870291
0.20870291
0.20870291
0.20870291
0.20870291
0.20870291
0.20870291
0.22445197
0.22445197
0.22774522
0.22774522
0.23707879
0.23707879
0.24739428
0.29586802
0.29586802
0.29586802
0.29586802
0.29586802
0.29586802
0.29586802
0.29586802
0.29586802
0.29586802
0.32373971
0.32373971
0.32373971
0.32373971
0.32373971
0.32239204
0.3190927
0.3190927
0.3190927
0.3270433
0.3270433
0.3270433
0.31005642
0.30699534
0.30699534
0.30699534
0.30699534
0.30699534
0.30699534
0.30699534
0.31428899
0.32577414
0.36529772
0.36529772
0.36529772
0.36529772
0.36529772
0.33825399
0.32724352
0.32161095
0.32161095
0.32161095
0.33120498
0.33120498
0.33120498
0.33120498
0.33120498
0.33178555
0.33178555
0.33178555
0.33178555
0.33178555
0.33178555
0.33178555
0.33178555
0.33178555
0.33178555
0.33178555
0.33178555
0.33178555
0.27526535
0.2572223
0.25567928
0.23998073
0.23998073
0.23998073
0.23998073
0.28909256
0.28909256
0.28909256
0.28909256
0.28909256
0.28909256
0.26648406
0.26648406
0.26648406
0.26648406
0.2247809
0.2247809
0.2247809
0.22944495
0.22944495
0.22944495
0.22944495
0.23032432
0.23032432
0.23032432
0.23032432
0.23032432
0.23231281
0.23231281
0.26228039
0.35087868
0.35087868
0.39546674
0.42003117
0.42003117
0.42003117
0.42003117
0.40513471
0.36539844
0.36539844
0.36294774
0.36294774
0.36294774
0.35168442
0.35168442
0.35168442
0.35259301
0.41934775
0.41934775
0.41934775
0.46628031
0.46628031
0.46628031
0.46628031
0.46628031
0.46628031
0.46628031
0.45817118
0.37149961
0.31204186
0.31204186
0.31204186
0.29281363
0.29281363
0.24577184
0.22484723
0.22484723
0.22484723
0.31479775
0.33303615
0.33303615
0.33303615
0.23816356
0.23816356
0.23816356
0.22851445
0.22851445
0.22851445
0.26909693
0.2727325
0.2727325
0.2727325
0.25340599
0.23051876
0.23051876
0.23051876
0.23051876
0.23051876
0.23051876
0.23051876
0.23363461
0.23363461
0.26069964
0.26069964
0.26069964
0.26069964
0.26069964
0.26069964
0.25367163
0.25367163
0.25367163
0.25367163
0.25367163
0.25367163
0.25367163
0.25367163
0.25367163
0.25367163
0.25367163
0.25367163
0.23756534
0.22720208
0.22720208
0.22720208
0.22720208
0.23718438
0.27055627
0.27055627
0.27055627
0.27055627
0.27055627
0.27055627
0.28486273
0.35781389
0.36503756
0.36503756
0.36503756
0.36503756
0.36503756
0.35941441
0.35923732
0.33246136
0.31515346
0.31515346
0.31515346
0.31428717
0.31428717
0.31409273
0.30948376
0.30948376
0.29260855
0.29056772
0.2902318
0.2902318
0.2902318
0.30567658
0.30567658
0.30567658
0.30567658
0.3271215
0.3271215
0.3271215
0.3271215
0.25663564
0.25663564
0.25663564
0.26852458
0.29490223
0.30531296
0.30531296
0.30531296
0.29513014
0.29513014
0.26948763
0.26948763
0.26948763
0.26948763
0.26948763
0.26948763
0.26719334
0.26719334
0.22509888
0.22509888
0.22509888
0.22509888
0.20233701
0.20233701
0.17672189
0.12170637
0.10272217
0.10272217
0.10272217
0.10272217
0.11754804
0.11754804
0.13722691
0.13722691
0.13722691
0.1467394
0.1467394
0.1467394
0.18555187
0.25399934
0.28627399
0.30770249
0.33477269
0.33477269
0.33477269
0.32250523
0.32034026
0.32034026
0.32034026
0.32034026
0.36700718
0.36700718
0.36700718
0.30136215
0.30136215
0.30136215
0.37976484
0.37976484
0.37976484
0.3358958
0.30699747
0.30699747
0.30699747
0.31236562
0.31236562
0.31236562
0.31236562
0.31236562
0.25964713
0.21682452
0.21682452
0.21682452
0.21682452
0.21682452
0.22835531
0.22835531
0.22835531
0.20709508
0.19674338
0.19674338
0.16718598
0.13146197
0.13146197
0.07043626
0.07043626
0.07043626
0.07043626
0.06854636
0.06854636
0.06603542
0.06603542
0.06603542
0.10012786
0.16152632
0.16152632
0.16152632
0.14225853
0.11655882
0.11655882
0.06681286
0.06681286
0.06681286
0.08939429
0.08939429
0.08939429
0.10549541
0.10549541
0.10549541
0.10262815
0.10262815
0.08366252
0.08366252
0.08366252
0.06437921
0.05387385
0.05387385
0.05387385
0.0882158
0.0882158
0.0882158
0.0882158
0.10458651
0.11288004
0.11288004
0.11288004
0.11288004
0.11288004
0.08346595
0.07094411
0.07062674
0.04556085
0.04556085
0.02079894
0.02079894
0.02079894
0.02079894
0.04810648
0.04810648
0.04810648
0.04810648
0.06215795
0.06215795
0.06215795
0.06215795
0.06215795
0.08026581
0.08541062
0.111264
0.13790577
0.14808311
0.19506435
0.19506435
0.24756863
0.24756863
0.24756863
0.24756863
0.24756863
0.25134904
0.26990176
0.29992655
0.3137428
0.3137428
0.39749843
0.39749843
0.44884157
0.44884157
0.48628568
0.48628568
0.48628568
0.48628568
0.48628568
0.48628568
0.48628568
0.54692069
0.54692069
0.56084375
0.58775907
0.58775907
0.58775907
0.58772104
0.58772104
0.58772104
0.58772104
0.58772104
0.58772104
0.58772104
0.58772104
0.57147965
0.57147965
0.57147965
0.56616353
0.56616353
0.56616353
0.60457647
0.60457647
0.65257554
0.65257554
0.66205547
0.66205547
0.66205547
0.68244849
0.68244849
0.68244849
0.68244849
0.68244849
0.68244849
0.67728694
0.67728694
0.67728694
0.67728694
0.67728694
0.67728694
0.72823177
0.7629918
0.7629918
0.7644624
0.7644624
0.7644624
0.76982569
0.76982569
0.76982569
0.73513412
0.73055497
0.73055497
0.72546067
0.7131783
0.7131783
0.7131783
0.7131783
0.7131783
0.7131783
0.66877677
0.62128342
0.61944098
0.61944098
0.54734912
0.54734912
0.54734912
0.56634731
0.60343602
0.60343602
0.61305622
0.61305622
0.61305622
0.61305622
0.61305622
0.61305622
0.61305622
0.65177801
0.66950431
0.66950431
0.72685854
0.72685854
0.72685854
0.71733602
0.71733602
0.71733602
0.67721909
0.67721909
0.67721909
0.67721909
0.67721909
0.67721909
0.67721909
0.68442602
0.72125609
0.72125609
0.72125609
0.66702684
0.66702684
0.66519962
0.66519962
0.61981586
0.61981586
0.61981586
0.62095296
0.62095296
0.62095296
0.62095296
0.62559419
0.6592232
0.6592232
0.6592232
0.62981337
0.62145442
0.57430248
0.50782189
0.50782189
0.50782189
0.56153356
0.56153356
0.66880659
0.66880659
0.66880659
0.66880659
0.74378366
0.74378366
0.74378366
0.74378366
0.72758487
0.67981158
0.67981158
0.67981158
0.72089704
0.76140923
0.76140923
0.76140923
0.76140923
0.80168865
0.89619154
0.93707435
0.9375332
0.9375332
0.9375332
0.9375332
0.90018494
0.89508669
0.8848348
0.87496295
0.87496295
0.87496295
0.87496295
0.91501994
0.91501994
0.91501994
0.90025797
0.83711993
0.79142398
0.7784308
0.74231458
0.65405466
0.65405466
0.65405466
0.65405466
0.65405466
0.65405466
0.73709552
0.73709552
0.76290174
0.78765939
0.82790564
0.82790564
0.82790564
0.82790564
0.82790564
0.82790564
0.82790564
0.81990696
0.81990696
0.81990696
0.83611184
0.83611184
0.83611184
0.81291059
0.81291059
0.81291059
0.81291059
0.81579854
0.81579854
0.81579854
0.81579854
0.81579854
0.81579854
0.81579854
0.84500937
0.87473565
0.87473565
0.87473565
0.86973325
0.86973325
0.86973325
0.87246723
0.87578573
0.87578573
0.87578573
0.87578573
0.88470608
0.90224859
0.90224859
0.90224859
0.90224859
0.90224859
0.90224859
0.90224859
0.90224859
0.90224859
0.90224859
0.90224859
0.86945818
0.86266628
0.83653692
0.82637753
0.77689113
0.77408808
0.75912954
0.70514676
0.70514676
0.6830032
0.6830032
0.6782929
0.6782929
0.6782929
0.6782929
0.67720296
0.61597825
0.58095105
0.58095105
0.58095105
0.58095105
0.50613464
0.50613464
0.50613464
0.50613464
0.45330296
0.45330296
0.45330296
0.41062123
0.41062123
0.41062123
0.42056184
0.44638905
0.44638905
0.44638905
0.44638905
0.44638905
0.42211064
0.36430971
0.36430971
0.36430971
0.36430971
0.36430971
0.36430971
0.36430971
0.36430971
0.38832614
0.38832614
0.38832614
0.38832614
0.46872613
0.46872613
0.46872613
0.41719039
0.38265674
0.3818726
0.3818726
0.3818726
0.39769378
0.39769378
0.39769378
0.39769378
0.39769378
0.39769378
0.39769378
0.39769378
0.4120115
0.43822606
0.43822606
0.43822606
0.43822606
0.43822606
0.43822606
0.43822606
0.43822606
0.35316384
0.31334359
0.31334359
0.31334359
0.3565362
0.3565362
0.3565362
0.33369614
0.33369614
0.32829025
0.3003851
0.3003851
0.3003851
0.3003851
0.3003851
0.3003851
0.3003851
0.3003851
0.3003851
0.3003851
0.3003851
0.3003851
0.3003851
0.3003851
0.3003851
0.3003851
0.29258481
0.24733342
0.24733342
0.24733342
0.24733342
0.24733342
0.24733342
0.24733342
0.22046343
0.19009816
0.19009816
0.19009816
0.19009816
0.19009816
0.17913516
0.17404359
0.17404359
0.16963728
0.16963728
0.16963728
0.16963728
0.16963728
0.16963728
0.16963728
0.16963728
0.16963728
0.17533497
0.25192261
0.25192261
0.35055462
0.35055462
0.35055462
0.35055462
0.31158879
0.31158879
0.31158879
0.31158879
0.31158879
0.2777486
0.2777486
0.2777486
0.2777486
0.30516751
0.31130367
0.31501836
0.31501836
0.34949997
0.34949997
0.34949997
0.39808052
0.40243816
0.40243816
0.40243816
0.31542488
0.22351326
0.15678894
0.15678894
0.15678894
0.12596876
0.12181195
0.12181195
0.12181195
0.13641357
0.18084918
0.18084918
0.18084918
0.18084918
0.18084918
0.18084918
0.18084918
0.18084918
0.18084918
0.15096254
0.15096254
0.15096254
0.15096254
0.15096254
0.23045395
0.23323965
0.23323965
0.23323965
0.23323965
0.23323965
0.23323965
0.2759229
0.2759229
0.27596703
0.27596703
0.27596703
0.31011028
0.31011028
0.31011028
0.31011028
0.26865116
0.26402819
0.26402819
0.24644461
0.24644461
0.24644461
0.27195536
0.27195536
0.31332229
0.31332229
0.34733561
0.34733561
0.34733561
0.34733561
0.34733561
0.34733561
0.34244427
0.34244427
0.34244427
0.34244427
0.34244427
0.34244427
0.34244427
0.35107737
0.35107737
0.35107737
0.33684516
0.29860748
0.29860748
0.29860748
0.29860748
0.29860748
0.29860748
0.3315193
0.3315193
0.3315193
0.3315193
0.33544303
0.33544303
0.33544303
0.3019908
0.3019908
0.3019908
0.3019908
0.296797
0.296797
0.296797
0.35084581
0.35084581
0.35084581
0.33749724
0.32024898
0.31963341
0.28235787
0.28235787
0.2791413
0.2791413
0.2791413
0.2791413
0.2791413
0.2791413
0.26893718
0.22873292
0.22873292
0.22106044
0.22106044
0.19128455
0.19128455
0.16954873
0.16954873
0.16954873
0.19703458
0.23355337
0.25234465
0.25234465
0.25234465
0.26913953
0.33976688
0.33976688
0.33976688
0.33919544
0.33919544
0.33919544
0.3578145
0.3578145
0.3578145
0.34997283
0.32362165
0.32078391
0.32078391
0.32078391
0.34960008
0.35223426
0.35223426
0.36473084
0.36473084
0.36473084
0.35017183
0.35017183
0.35017183
0.35017183
0.3149289
0.27717168
0.27717168
0.27717168
0.31302135
0.31302135
0.31302135
0.31302135
0.22065331
0.20537771
0.20537771
0.20537771
0.23498167
0.2647965
0.2647965
0.3167053
0.32964675
0.35747553
0.35747553
0.35747553
0.35747553
0.34353695
0.27207251
0.27207251
0.27207251
0.29367323
0.29367323
0.29367323
0.29367323
0.27084625
0.26952414
0.26952414
0.25161559
0.25161559
0.25161559
0.29999988
0.29999988
0.32268111
0.32268111
0.32268111
0.32268111
0.32268111
0.33844417
0.36078186
0.43277179
0.46953431
0.46953431
0.46953431
0.47560201
0.47560201
0.47560201
0.47560201
0.47560201
0.47560201
0.45888289
0.45888289
0.45888289
0.49421741
0.49421741
0.49421741
0.49421741
0.49421741
0.49421741
0.49421741
0.48052895
0.48052895
0.48052895
0.51396505
0.51396505
0.51396505
0.51396505
0.54757824
0.57399789
0.57399789
0.57399789
0.58759507
0.58759507
0.58759507
0.5795477
0.57227869
0.57227869
0.57227869
0.57227869
0.57227869
0.63232888
0.63382382
0.63382382
0.63382382
0.63382382
0.65743524
0.65743524
0.65743524
0.65476607
0.65476607
0.65476607
0.65476607
0.65476607
0.65476607
0.65476607
0.65476607
0.65476607
0.65476607
0.65476607
0.66410998
0.66410998
0.66495315
0.6837852
0.6868259
0.6868259
0.6868259
0.6868259
0.6868259
0.6868259
0.6658949
0.66150715
0.66150715
0.64924577
0.64924577
0.64924577
0.61661268
0.61661268
0.61661268
0.61647453
0.61433543
0.61433543
0.61433543
0.61653569
0.61653569
0.61653569
0.60959227
0.60203115
0.60203115
0.60203115
0.59917941
0.59917941
0.56836045
0.56836045
0.56836045
0.56836045
0.56836045
0.56722638
0.52137068
0.52137068
0.52137068
0.56051695
0.60113777
0.60113777
0.60113777
0.55694285
0.55694285
0.55694285
0.58863358
0.63850338
0.63850338
0.63850338
0.65163683
0.65638516
0.67542169
0.67542169
0.67542169
0.64281567
0.63961401
0.63961401
0.63961401
0.68933075
0.82527938
0.82527938
0.82527938
0.82527938
0.80847476
0.80847476
0.76101275
0.75503086
0.75503086
0.75503086
0.75264406
0.75264406
0.75264406
0.75264406
0.74450572
0.74450572
0.74450572
0.74450572
0.7060377
0.7060377
0.7055618
0.7055618
0.70131128
0.65823215
0.65823215
0.65823215
0.65823215
0.65749853
0.65749853
0.65749853
0.65817982
0.65991818
0.69078492
0.69078492
0.69078492
0.69078492
0.69703671
0.69703671
0.69703671
0.69648322
0.69648322
0.69648322
0.69724484
0.69724484
0.69724484
0.68918531
0.68918531
0.68918531
0.69131468
0.74194822
0.74194822
0.74194822
0.70042125
0.70042125
0.67492175
0.67492175
0.67492175
0.6842252
0.6842252
0.6842252
0.6842252
0.68721386
0.70272132
0.75477891
0.75637548
0.75637548
0.75637548
0.75637548
0.77067555
0.77067555
0.77067555
0.77067555
0.75950229
0.75950229
0.75950229
0.75950229
0.75950229
0.7260172
0.7260172
0.7260172
0.66283595
0.66283595
0.59402608
0.52802808
0.52802808
0.51256596
0.51256596
0.51256596
0.51256596
0.51256596
0.51256596
0.49504537
0.49504537
0.49038984
0.47623096
0.44391827
0.44391827
0.44391827
0.48307884
0.48977184
0.48977184
0.50638933
0.54434372
0.54434372
0.57031759
0.57031759
0.57031759
0.51578953
0.51578953
0.51578953
0.5547514
0.5547514
0.5547514
0.5547514
0.5547514
0.6313144
0.6313144
0.6313144
0.64529071
0.64529071
0.68598547
0.73618633
0.74014839
0.74014839
0.74014839
0.70354654
0.70354654
0.69334424
0.69334424
0.66167846
0.6492123
0.62695251
0.62695251
0.62695251
0.62800411
0.62800411
0.62800411
0.62800411
0.62800411
0.62800411
0.62800411
0.62800411
0.62800411
0.62800411
0.62800411
0.6204223
0.58522197
0.55748417
0.55748417
0.55072331
0.48397374
0.44592319
0.41821369
0.41821369
0.41821369
0.41821369
0.41821369
0.41821369
0.41821369
0.41821369
0.41821369
0.3716983
0.3716983
0.3716983
0.3716983
0.34615925
0.34615925
0.34615925
0.34615925
0.34615925
0.34615925
0.34615925
0.3275904
0.3275904
0.3275904
0.36513432
0.36513432
0.37853462
0.39147455
0.3928143
0.39666196
0.48050826
0.49751553
0.49751553
0.49751553
0.49583285
0.49583285
0.43564817
0.43418336
0.41697709
0.41697709
0.41697709
0.41816501
0.41816501
0.44672102
0.49754626
0.51593954
0.51593954
0.51593954
0.47641566
0.45696713
0.45696713
0.45696713
0.45696713
0.45696713
0.45696713
0.45696713
0.45696713
0.45989828
0.47702666
0.47702666
0.47702666
0.47702666
0.47702666
0.46682497
0.43860671
0.38936039
0.38936039
0.38936039
0.34190356
0.31818716
0.26779004
0.26779004
0.26779004
0.23251151
0.23251151
0.23251151
0.24413632
0.24413632
0.24413632
0.24413632
0.24413632
0.24413632
0.23642428
0.23642428
0.23642428
0.23642428
0.23642428
0.23642428
0.23642428
0.23642428
0.23642428
0.23642428
0.19559289
0.19559289
0.19559289
0.19559289
0.19559289
0.19559289
0.19559289
0.19559289
0.19310082
0.19310082
0.19310082
0.19310082
0.19310082
0.19310082
0.19310082
0.19310082
0.23026164
0.23026164
0.23026164
0.20761571
0.20761571
0.20761571
0.20761571
0.20761571
0.20761571
0.23129164
0.23129164
0.23129164
0.23129164
0.2185568
0.2185568
0.2185568
0.2185568
0.2162266
0.2162266
0.2162266
0.26815183
0.26815183
0.26815183
0.22860908
0.21198582
0.21198582
0.21198582
0.21198582
0.21539469
0.21539469
0.21539469
0.21539469
0.21539469
0.21539469
0.21539469
0.23274489
0.23891027
0.23891027
0.23891027
0.25098299
0.25098299
0.25098299
0.25098299
0.25098299
0.25148049
0.25148049
0.25148049
0.25148049
0.26988107
0.26988107
0.29478417
0.29478417
0.29906847
0.29906847
0.32101942
0.32101942
0.32101942
0.32101942
0.31954578
0.31954578
0.31954578
0.31954578
0.31954578
0.31954578
0.31247212
0.31247212
0.31247212
0.27311681
0.27311681
0.27311681
0.27311681
0.30496455
0.31056548
0.31056548
0.33208588
0.33208588
0.33208588
0.33175025
0.33175025
0.33175025
0.33175025
0.41204923
0.4127436
0.4127436
0.4127436
0.40554306
0.40069735
0.40069735
0.39616841
0.39616841
0.38565636
0.36016569
0.36016569
0.36016569
0.36016569
0.36016569
0.30569118
0.29677874
0.28810243
0.28810243
0.28810243
0.28810243
0.28810243
0.27011171
0.27011171
0.27011171
0.27011171
0.27011171
0.27011171
0.30431065
0.30431065
0.30431065
0.255588
0.25455131
0.23535625
0.23535625
0.23535625
0.23535625
0.23535625
0.26440185
0.26440185
0.26440185
0.26440185
0.26440185
0.26461515
0.26461515
0.26461515
0.26461515
0.26461515
0.26461515
0.26461515
0.26461515
0.26461515
0.29360112
0.31804993
0.31804993
0.31804993
0.31804993
0.31804993
0.31804993
0.2623026
0.2623026
0.2623026
0.2623026
0.34749019
0.35397201
0.35397201
0.35397201
0.35397201
0.40727412
0.40727412
0.40727412
0.50757573
0.50757573
0.50757573
0.50757573
0.50757573
0.50757573
0.50757573
0.50757573
0.52013682
0.52013682
0.52013682
0.52013682
0.52013682
0.49702685
0.49702685
0.49702685
0.49702685
0.50898455
0.50898455
0.50898455
0.50898455
0.62687035
0.62687035
0.62687035
0.62532977
0.62532977
0.62532977
0.58753117
0.58753117
0.57164944
0.57164944
0.57164944
0.4271879
0.4271879
0.4271879
0.49324493
0.49324493
0.49911423
0.49911423
0.54552008
0.54552008
0.54552008
0.48839618
0.46306343
0.46306343
0.46306343
0.44134191
0.42443171
0.42443171
0.42443171
0.42443171
0.42443171
0.42443171
0.42361775
0.42361775
0.42361775
0.4210922
0.37924147
0.35771652
0.35771652
0.35771652
0.35771652
0.26754266
0.26754266
0.26754266
0.3109854
0.3880255
0.3880255
0.3880255
0.3880255
0.3880255
0.3880255
0.3880255
0.3880255
0.3880255
0.3880255
0.3880255
0.34743846
0.34743846
0.34743846
0.34743846
0.35343952
0.35343952
0.35343952
0.35343952
0.29912811
0.29912811
0.29912811
0.29912811
0.29912811
0.28934725
0.28934725
0.28934725
0.28934725
0.28934725
0.28934725
0.31564366
0.31564366
0.31564366
0.31564366
0.32003659
0.35003947
0.36770886
0.38894839
0.38894839
0.38894839
0.38551669
0.38551669
0.371073
0.371073
0.371073
0.371073
0.32070418
0.32070418
0.32070418
0.3273914
0.33601629
0.37262332
0.44696384
0.46125843
0.49685554
0.49685554
0.49685554
0.49685554
0.49685554
0.50649887
0.51004133
0.51004133
0.51004133
0.51004133
0.51004133
0.5053146
0.5053146
0.5053146
0.50833035
0.50833035
0.55014669
0.58384387
0.6099711
0.6099711
0.6099711
0.6099711
0.6099711
0.6099711
0.60624455
0.60624455
0.60624455
0.60624455
0.60624455
0.60645937
0.60645937
0.60645937
0.58914965
0.58042647
0.58042647
0.58042647
0.58042647
0.6082163
0.61578381
0.61578381
0.66219178
0.66219178
0.66219178
0.66219178
0.66219178
0.66219178
0.66219178
0.66219178
0.66219178
0.66219178
0.67460652
0.67460652
0.67460652
0.67460652
0.67460652
0.67460652
0.65543641
0.65543641
0.63238578
0.57331873
0.57331873
0.56304858
0.56304858
0.56304858
0.56304858
0.53837552
0.52783852
0.52783852
0.52783852
0.52783852
0.52783852
0.56840365
0.5825391
0.5825391
0.60936162
0.60936162
0.60936162
0.60936162
0.60936162
0.60936162
0.64299064
0.64299064
0.64299064
0.55388663
0.55388663
0.55388663
0.55388663
0.55388663
0.50842102
0.50842102
0.47405443
0.47405443
0.47405443
0.47405443
0.49756787
0.49756787
0.49756787
0.49756787
0.49756787
0.49756787
0.52116195
0.52116195
0.52116195
0.52116195
0.52116195
0.52116195
0.56010191
0.56066118
0.56066118
0.56066118
0.52755371
0.52755371
0.50279149
0.50279149
0.50279149
0.56014299
0.56981644
0.56981644
0.56981644
0.5454297
0.5454297
0.5454297
0.54897125
0.56370157
0.56370157
0.56370157
0.59568655
0.59743618
0.59743618
0.66958616
0.66958616
0.66958616
0.66156861
0.66156861
0.66156861
0.71695566
0.72609175
0.72609175
0.72609175
0.72609175
0.74424069
0.74424069
0.74424069
0.76558673
0.76853827
0.7709488
0.7709488
0.7709488
0.74879915
0.72110517
0.68925742
0.68925742
0.6757631
0.6757631
0.6757631
0.6757631
0.6757631
0.63907665
0.63907665
0.63907665
0.62710617
0.61864589
0.61864589
0.61864589
0.61864589
0.64042066
0.64042066
0.64042066
0.64042066
0.64042066
0.64042066
0.64042066
0.64042066
0.64042066
0.64042066
0.61074367
0.5837039
0.5837039
0.5837039
0.5837039
0.5837039
0.55021881
0.55021881
0.55021881
0.56373109
0.56373109
0.56373109
0.56373109
0.55247202
0.55247202
0.5148423
0.5148423
0.5148423
0.52009026
0.52009026
0.52009026
0.50080848
0.50080848
0.50080848
0.53278585
0.56275769
0.59684952
0.61503893
0.6466116
0.79145684
0.80949076
0.80949076
0.80949076
0.80949076
0.81456224
0.81456224
0.81456224
0.79050656
0.74674767
0.71890246
0.71890246
0.71890246
0.77921129
0.79482951
0.79482951
0.79482951
0.79482951
0.79482951
0.79482951
0.75795045
0.75795045
0.73635155
0.68523815
0.68523815
0.68523815
0.68523815
0.68523815
0.68523815
0.68523815
0.73076523
0.78275557
0.78275557
0.78759275
0.78759275
0.7992623
0.7992623
0.7992623
0.77040474
0.75485011
0.75202941
0.75202941
0.72331061
0.72331061
0.68098519
0.66178831
0.64477982
0.61359145
0.61359145
0.58520553
0.5811887
0.5811887
0.5811887
0.61256541
0.61256541
0.61256541
0.56687555
0.56334648
0.56334648
0.56334648
0.56334648
0.56821469
0.56821469
0.56821469
0.56821469
0.56821469
0.56821469
0.53670653
0.53670653
0.53670653
0.53670653
0.53670653
0.54881789
0.54881789
0.54881789
0.54881789
0.55103794
0.55793055
0.55793055
0.55793055
0.55793055
0.55793055
0.55793055
0.55793055
0.56126944
0.56446289
0.56446289
0.56446289
0.56446289
0.55944314
0.55302612
0.55302612
0.55302612
0.5328677
0.5328677
0.5328677
0.5328677
0.50607196
0.48927677
0.48927677
0.48927677
0.48927677
0.48927677
0.48927677
0.48927677
0.48927677
0.48927677
0.48927677
0.4949836
0.4949836
0.4949836
0.46061396
0.46061396
0.46061396
0.46061396
0.46061396
0.46061396
0.46061396
0.46061396
0.4237489
0.4237489
0.4237489
0.42277184
0.42277184
0.42277184
0.46497676
0.46523358
0.46523358
0.46523358
0.46523358
0.46523358
0.46523358
0.46523358
0.46523358
0.45337599
0.42054358
0.42054358
0.42054358
0.42054358
0.42054358
0.42054358
0.44986913
0.44986913
0.44986913
0.44986913
0.44986913
0.44986913
0.44986913
0.44986913
0.44986913
0.44986913
0.43045985
0.43045985
0.43045985
0.43045985
0.3903843
0.38023952
0.35852469
0.35852469
0.35350555
0.35350555
0.35350555
0.35616194
0.37209479
0.42446944
0.42446944
0.42446944
0.42446944
0.43802158
0.43802158
0.43802158
0.43802158
0.43802158
0.43802158
0.43802158
0.43802158
0.43802158
0.43976116
0.43976116
0.45665859
0.45665859
0.45665859
0.42516442
0.42516442
0.42516442
0.46668805
0.49075559
0.49075559
0.49075559
0.47912651
0.47912651
0.47912651
0.47912651
0.47912651
0.47912651
0.50900007
0.50900007
0.50900007
0.48303472
0.46453403
0.44278147
0.42226826
0.42226826
0.42226826
0.36475457
0.36475457
0.32749029
0.32749029
0.32749029
0.35058018
0.41711736
0.46834852
0.47475215
0.51409772
0.51409772
0.51409772
0.51409772
0.51409772
0.51409772
0.4905505
0.48926339
0.48325411
0.48325411
0.48325411
0.48325411
0.48325411
0.48325411
0.48325411
0.48325411
0.48325411
0.48325411
0.48325411
0.48325411
0.48325411
0.48325411
0.52835914
0.52835914
0.56465154
0.56549015
0.56549015
0.56549015
0.50648609
0.50648609
0.50648609
0.50648609
0.50648609
0.50648609
0.55488924
0.57287052
0.57287052
0.57287052
0.50618698
0.50618698
0.50618698
0.50618698
0.50618698
0.50618698
0.51121829
0.51121829
0.51121829
0.54246964
0.54246964
0.56388019
0.58696885
0.58696885
0.58696885
0.58696885
0.58696885
0.58696885
0.58696885
0.58696885
0.58696885
0.62156275
0.66346734
0.66346734
0.70020886
0.70020886
0.70020886
0.72662607
0.74193514
0.74193514
0.74193514
0.74193514
0.74193514
0.74193514
0.74193514
0.74193514
0.76219458
0.80177141
0.80177141
0.80177141
0.80177141
0.80177141
0.80177141
0.78462843
0.78462843
0.78462843
0.78462843
0.77894139
0.77894139
0.77894139
0.77894139
0.77894139
0.77894139
0.78485451
0.78485451
0.78485451
0.78485451
0.73409438
0.73409438
0.73409438
0.73409438
0.73409438
0.75214565
0.76665019
0.76665019
0.76665019
0.68194734
0.68194734
0.68194734
0.68194734
0.67973855
0.66262904
0.66262904
0.66262904
0.66262904
0.6292757
0.58878755
0.58878755
0.58878755
0.61431686
0.627066
0.627066
0.627066
0.627066
0.627066
0.627066
0.63922514
0.63922514
0.63922514
0.63922514
0.6364017
0.6364017
0.6364017
0.6364017
0.6364017
0.62373685
0.62373685
0.62373685
0.60960535
0.60960535
0.60960535
0.65941521
0.65941521
0.65941521
0.75114943
0.75120876
0.75120876
0.75120876
0.75120876
0.75120876
0.74555854
0.74555854
0.74555854
0.69903402
0.69903402
0.69903402
0.69903402
0.69903402
0.72206487
0.72206487
0.72406918
0.72406918
0.72406918
0.72406918
0.70576963
0.70576963
0.70576963
0.70576963
0.70576963
0.70576963
0.70576963
0.67664186
0.67664186
0.67664186
0.6760266
0.6760266
0.65382766
0.63368872
0.63368872
0.63368872
0.63368872
0.63368872
0.63368872
0.63368872
0.62454989
0.62403565
0.60495804
0.58209942
0.58209942
0.58133141
0.52874376
0.517684
0.51150401
0.51150401
0.51150401
0.51150401
0.51150401
0.51150401
0.51664091
0.54460419
0.5986177
0.5986177
0.5986177
0.5986177
0.5986177
0.5986177
0.5986177
0.5986177
0.5986177
0.5986177
0.5986177
0.59706525
0.51559479
0.48553653
0.475047
0.475047
0.475047
0.475047
0.46222422
0.4590399
0.4590399
0.4590399
0.49719756
0.53454673
0.53454673
0.53454673
0.52499286
0.52499286
0.52499286
0.51712503
0.51712503
0.51712503
0.52614853
0.5421045
0.5421045
0.5421045
0.5421045
0.5421045
0.56230613
0.56230613
0.56230613
0.54264978
0.54084112
0.54084112
0.54084112
0.54084112
0.52218464
0.52218464
0.52218464
0.52218464
0.51979267
0.51979267
0.51979267
0.56650706
0.56650706
0.58548152
0.59135022
0.59135022
0.62714147
0.62714147
0.62714147
0.62714147
0.62714147
0.68988303
0.72746254
0.72746254
0.72746254
0.72746254
0.72746254
0.72746254
0.68515478
0.68515478
0.68515478
0.68515478
0.68515478
0.70507282
0.70507282
0.70507282
0.70476488
0.66082799
0.66082799
0.66082799
0.63975063
0.63975063
0.63975063
0.63975063
0.63975063
0.61447661
0.61447661
0.56655666
0.56655666
0.56655666
0.57706506
0.57706506
0.59511632
0.59511632
0.6142624
0.65238658
0.65238658
0.65238658
0.65238658
0.65238658
0.65238658
0.66758002
0.66758002
0.66758002
0.66758002
0.64843912
0.64843912
0.64843912
0.6614755
0.6614755
0.6614755
0.6597347
0.6597347
0.6597347
0.69847901
0.69847901
0.69847901
0.68236238
0.68236238
0.68236238
0.68236238
0.68236238
0.67166593
0.67166593
0.64783025
0.64783025
0.64783025
0.64783025
0.64783025
0.64783025
0.64783025
0.64783025
0.65015162
0.65015162
0.65015162
0.65015162
0.65015162
0.65015162
0.65015162
0.65015162
0.65015162
0.65015162
0.6409066
0.6409066
0.6409066
0.6409066
0.6409066
0.6409066
0.6409066
0.63153196
0.62275523
0.62043903
0.62043903
0.62043903
0.62043903
0.62043903
0.62043903
0.62043903
0.62043903
0.61842255
0.61842255
0.61842255
0.59047236
0.5813235
0.57375751
0.57375751
0.57375751
0.5493656
0.5104938
0.5104938
0.5104938
0.5104938
0.5104938
0.5104938
0.51127276
0.51127276
0.51127276
0.51127276
0.53977583
0.53977583
0.54865328
0.55905396
0.58067903
0.63096478
0.63096478
0.63096478
0.63096478
0.63096478
0.63096478
0.63096478
0.63096478
0.63096478
0.63096478
0.63096478
0.63399421
0.63399421
0.63420387
0.63634784
0.63634784
0.63996454
0.63996454
0.63996454
0.63996454
0.64514131
0.71059494
0.71059494
0.71059494
0.70860767
0.70860767
0.70860767
0.70860767
0.70860767
0.70860767
0.70860767
0.70860767
0.63480178
0.63480178
0.63480178
0.66521331
0.66521331
0.66521331
0.66521331
0.66521331
0.66521331
0.61668236
0.55915194
0.5121853
0.5121853
0.5121853
0.5121853
0.4960708
0.4960708
0.48964526
0.48964526
0.48964526
0.46629887
0.46629887
0.46629887
0.4845893
0.48734458
0.4888593
0.5025578
0.5025578
0.57125022
0.69243505
0.69243505
0.69243505
0.75493592
0.75493592
0.75493592
0.75493592
0.75493592
0.77518593
0.77518593
0.80360593
0.80360593
0.80360593
0.80360593
0.80360593
0.8200162
0.8200162
0.8200162
0.8200162
0.76288652
0.76288652
0.76288652
0.76679442
0.76679442
0.76679442
0.76679442
0.7896141
0.80847598
0.81931939
0.81931939
0.81931939
0.81350455
0.79151739
0.79151739
0.79151739
0.79151739
0.79151739
0.79151739
0.79151739
0.75231453
0.75231453
0.75231453
0.7515809
0.7515809
0.7515809
0.76770545
0.7738836
0.77530977
0.77530977
0.77530977
0.77530977
0.77530977
0.77530977
0.72843747
0.6971922
0.69213898
0.66909079
0.66909079
0.66213032
0.66213032
0.66213032
0.66213032
0.66213032
0.66213032
0.66213032
0.66213032
0.66213032
0.70400752
0.7064074
0.7064074
0.75858914
0.75858914
0.75858914
0.75858914
0.75700504
0.71216991
0.6512939
0.62417136
0.62417136
0.62417136
0.6297872
0.6297872
0.6464196
0.6464196
0.6464196
0.6464196
0.6464196
0.6464196
0.6464196
0.66169672
0.66169672
0.66169672
0.68707146
0.70699528
0.70699528
0.70699528
0.69185478
0.69185478
0.69185478
0.69185478
0.69185478
0.69185478
0.69683376
0.69683376
0.73513534
0.77912244
0.79801687
0.85750169
0.85750169
0.85750169
0.85750169
0.85750169
0.85750169
0.85750169
0.85750169
0.80197893
0.80197893
0.80197893
0.80197893
0.80197893
0.80197893
0.83130174
0.83130174
0.83130174
0.83130174
0.83130174
0.8505607
0.8505607
0.8505607
0.8505607
0.8505607
0.86610529
0.86610529
0.86610529
0.86610529
0.86610529
0.88813474
0.88813474
0.88813474
0.88813474
0.91591088
0.91591088
0.91591088
0.85035288
0.83898609
0.82392775
0.82392775
0.82392775
0.82392775
0.78512441
0.77526352
0.77526352
0.77526352
0.85234471
0.85234471
0.85234471
0.84474829
0.81695481
0.81695481
0.81695481
0.81695481
0.79966517
0.79966517
0.79966517
0.79966517
0.79452492
0.79452492
0.79452492
0.83459682
0.83459682
0.83459682
0.81547235
0.81547235
0.81547235
0.81588313
0.81588313
0.83690815
0.87094338
0.87239116
0.87239116
0.87239116
0.87239116
0.87239116
0.81434102
0.81434102
0.81434102
0.81434102
0.87438117
0.87438117
0.87438117
0.87438117
0.87438117
0.87438117
0.87438117
0.83905212
0.81238175
0.81238175
0.81238175
0.80452943
0.80452943
0.80230147
0.80230147
0.77982594
0.76594578
0.74824809
0.74776459
0.74776459
0.74776459
0.75066592
0.75066592
0.75066592
0.75066592
0.77166386
0.77166386
0.80997852
0.80997852
0.80997852
0.79380651
0.79380651
0.79380651
0.83337086
0.83337086
0.83337086
0.82471432
0.82471432
0.82471432
0.83400681
0.83400681
0.83400681
0.77346339
0.77346339
0.77346339
0.76181727
0.76181727
0.75815523
0.75815523
0.75815523
0.77672986
0.77672986
0.77672986
0.77672986
0.77672986
0.77672986
0.77672986
0.7593605
0.7593605
0.7593605
0.75861561
0.75861561
0.75861561
0.75861561
0.75799153
0.75799153
0.75799153
0.76451839
0.79849976
0.79849976
0.79849976
0.87599234
0.87599234
0.87599234
0.88605984
0.88605984
0.88605984
0.88605984
0.87215625
0.87215625
0.87215625
0.87215625
0.87215625
0.91803934
0.91803934
0.91803934
0.91803934
0.88785997
0.88785997
0.88785997
0.88785997
0.76093425
0.76093425
0.76093425
0.76094824
0.76094824
0.76094824
0.76094824
0.76094824
0.73789548
0.73789548
0.73789548
0.73909375
0.73909375
0.7571231
0.7571231
0.7571231
0.75170018
0.73807897
0.73807897
0.73807897
0.73807897
0.73807897
0.74772077
0.74772077
0.74772077
0.6967163
0.67992173
0.67119064
0.67119064
0.67119064
0.67119064
0.66745192
0.66745192
0.64118928
0.64118928
0.64118928
0.64118928
0.64118928
0.64118928
0.64118928
0.64118928
0.64118928
0.68220932
0.68220932
0.68220932
0.61732531
0.61732531
0.61732531
0.61732531
0.61732531
0.61732531
0.61732531
0.61732531
0.61732531
0.6165503
0.6165503
0.6165503
0.6165503
0.6165503
0.62232315
0.62232315
0.62232315
0.58566317
0.58566317
0.58566317
0.60682056
0.60682056
0.60682056
0.59854316
0.59854316
0.59854316
0.59854316
0.59854316
0.59854316
0.59854316
0.53392995
0.48757888
0.48757888
0.48757888
0.48757888
0.48757888
0.48757888
0.48757888
0.48757888
0.48757888
0.48757888
0.48757888
0.54957799
0.54957799
0.54957799
0.54957799
0.58047211
0.58047211
0.58047211
0.53858548
0.53858548
0.53858548
0.55201286
0.60606867
0.60606867
0.60606867
0.62066542
0.62066542
0.62066542
0.62066542
0.62066542
0.62066542
0.62066542
0.62066542
0.62066542
0.62066542
0.60293669
0.60293669
0.60293669
0.60293669
0.60630328
0.60630328
0.60630328
0.60630328
0.63439191
0.63439191
0.63439191
0.63439191
0.63439191
0.64206288
0.64206288
0.64206288
0.64206288
0.64206288
0.64206288
0.64206288
0.64206288
0.64206288
0.64734431
0.64734431
0.64734431
0.64734431
0.64734431
0.64734431
0.65185652
0.65185652
0.68704437
0.68704437
0.68704437
0.68704437
0.6851773
0.6851773
0.6851773
0.69038327
0.69038327
0.69038327
0.69038327
0.67146176
0.67146176
0.66260956
0.66260956
0.66260956
0.66260956
0.66260956
0.66260956
0.66260956
0.66260956
0.68157581
0.68157581
0.68157581
0.64858822
0.64858822
0.64858822
0.64858822
0.64858822
0.64858822
0.64858822
0.64858822
0.64858822
0.6460003
0.63605512
0.63605512
0.63605512
0.63605512
0.63605512
0.61293907
0.61293907
0.61293907
0.63242077
0.63242077
0.63242077
0.62378736
0.60753349
0.60753349
0.60753349
0.60254599
0.55937802
0.55937802
0.55937802
0.55937802
0.55937802
0.55937802
0.55937802
0.56008791
0.61999873
0.61999873
0.61999873
0.58557219
0.58557219
0.58557219
0.58557219
0.55070353
0.55070353
0.55070353
0.55070353
0.55070353
0.55070353
0.55070353
0.55070353
0.55070353
0.55070353
0.55093022
0.57264018
0.57264018
0.57264018
0.57264018
0.54206343
0.54206343
0.52088931
0.52088931
0.52088931
0.54310377
0.56867294
0.56867294
0.56867294
0.52415091
0.52415091
0.52415091
0.52415091
0.52415091
0.52415091
0.52415091
0.50779907
0.50779907
0.50779907
0.50417172
0.50417172
0.43239904
0.43070023
0.43070023
0.41676713
0.41676713
0.39272971
0.36688121
0.36688121
0.36688121
0.3773041
0.3773041
0.3773041
0.3773041
0.33217625
0.31478954
0.31478954
0.31478954
0.31478954
0.31478954
0.24666674
0.24666674
0.24666674
0.24666674
0.24666674
0.24666674
0.24666674
0.30561815
0.36863996
0.36863996
0.37558095
0.37558095
0.37558095
0.37558095
0.37558095
0.37558095
0.37558095
0.35789513
0.31547995
0.27461692
0.27461692
0.27461692
0.34367387
0.36166032
0.36166032
0.38458802
0.38458802
0.38458802
0.34150951
0.34150951
0.34150951
0.33978331
0.33978331
0.33978331
0.33978331
0.32827078
0.31834843
0.30495786
0.30495786
0.30495786
0.24587864
0.23641424
0.23641424
0.23641424
0.25417552
0.25417552
0.25417552
0.15760472
0.15760472
0.15760472
0.18656969
0.21195447
0.21195447
0.23734473
0.25399508
0.25399508
0.25399508
0.26074285
0.26074285
0.28220512
0.28586443
0.29362455
0.31404496
0.31550764
0.32611311
0.32611311
0.32611311
0.32611311
0.32611311
0.32611311
0.35383387
0.35383387
0.37824586
0.37824586
0.37824586
0.39964362
0.39964362
0.39964362
0.39130385
0.36211371
0.36211371
0.36211371
0.37089439
0.37089439
0.37089439
0.37089439
0.37818652
0.37818652
0.37818652
0.37818652
0.37818652
0.40661535
0.41378699
0.41378699
0.41378699
0.41378699
0.41378699
0.41014381
0.41014381
0.41014381
0.41014381
0.41014381
0.41014381
0.41014381
0.43142412
0.43961572
0.43961572
0.43961572
0.40822896
0.37610949
0.37610949
0.35496276
0.32605499
0.32605499
0.32605499
0.35930731
0.36097569
0.36097569
0.36097569
0.36097569
0.36097569
0.36097569
0.36097569
0.34006052
0.33649797
0.32439544
0.31115671
0.29390449
0.29390449
0.29390449
0.29390449
0.29390449
0.31467087
0.34198997
0.34198997
0.34198997
0.36561052
0.37325258
0.40142094
0.40142094
0.40142094
0.40142094
0.41522107
0.41522107
0.41522107
0.41522107
0.41522107
0.43283478
0.43283478
0.45605854
0.45605854
0.47971591
0.51349889
0.53524445
0.53524445
0.53524445
0.53524445
0.56204932
0.56790828
0.56790828
0.56790828
0.58667613
0.58667613
0.58667613
0.61488952
0.61488952
0.65120718
0.67382421
0.7001976
0.7001976
0.7001976
0.7001976
0.71315883
0.71315883
0.72847155
0.72847155
0.72847155
0.72847155
0.72847155
0.72847155
0.71482447
0.71482447
0.71482447
0.71482447
0.69614699
0.67250666
0.66494189
0.65083474
0.64960148
0.64960148
0.61992236
0.61992236
0.61992236
0.61992236
0.61992236
0.61992236
0.61992236
0.61992236
0.61992236
0.61992236
0.61992236
0.61992236
0.61992236
0.59500313
0.58338014
0.58338014
0.58338014
0.59463251
0.59463251
0.59463251
0.59463251
0.59463251
0.59463251
0.57118328
0.56773941
0.56773941
0.56420029
0.56420029
0.56420029
0.57727045
0.57727045
0.57727045
0.57727045
0.57727045
0.57727045
0.57727045
0.57727045
0.57727045
0.57727045
0.57727045
0.57727045
0.59083963
0.59083963
0.61773822
0.61773822
0.63374592
0.63374592
0.63374592
0.6068948
0.6068948
0.59380304
0.59380304
0.59380304
0.62763501
0.64586185
0.64586185
0.64586185
0.63268215
0.61753404
0.60475387
0.60124914
0.60124914
0.60124914
0.60124914
0.60124914
0.61657282
0.61657282
0.61657282
0.61657282
0.61490748
0.61490748
0.61490748
0.61490748
0.59065371
0.59065371
0.56451979
0.53151547
0.53151547
0.53151547
0.53151547
0.53151547
0.53151547
0.53740182
0.53740182
0.53740182
0.53740182
0.53740182
0.5338694
0.50131785
0.50131785
0.50131785
0.52419351
0.52419351
0.52419351
0.52419351
0.52419351
0.53201662
0.54010415
0.54010415
0.54010415
0.54010415
0.58070398
0.58070398
0.58070398
0.57323597
0.57323597
0.56851654
0.56851654
0.56851654
0.56851654
0.55527264
0.55527264
0.54973926
0.54973926
0.54973926
0.57229208
0.57229208
0.57229208
0.54113749
0.52373313
0.52373313
0.52373313
0.56680891
0.56680891
0.56680891
0.56680891
0.56724069
0.56919814
0.56919814
0.56919814
0.56919814
0.6306678
0.6306678
0.6306678
0.63548946
0.64441011
0.64441011
0.64441011
0.60064392
0.60064392
0.60064392
0.60064392
0.60064392
0.59240669
0.59240669
0.59240669
0.55770629
0.53609675
0.53245661
0.53245661
0.53245661
0.55711051
0.55711051
0.57260306
0.5885213
0.5885213
0.5885213
0.5885213
0.5885213
0.59641926
0.59641926
0.59641926
0.55892008
0.51414245
0.51414245
0.51414245
0.53499281
0.53499281
0.53499281
0.54712304
0.58908666
0.62504648
0.62504648
0.62504648
0.624842
0.624842
0.59844
0.59844
0.59844
0.59844
0.57979508
0.57979508
0.57979508
0.6174601
0.63338626
0.63338626
0.63338626
0.63338626
0.63338626
0.63338626
0.63338626
0.54429534
0.54429534
0.54429534
0.54429534
0.54429534
0.54429534
0.54429534
0.56935941
0.56935941
0.56935941
0.56935941
0.59844579
0.59844579
0.59844579
0.61521115
0.61663337
0.61663337
0.61663337
0.61663337
0.58339962
0.58339962
0.54150994
0.53505214
0.53505214
0.53505214
0.55642465
0.55642465
0.55642465
0.55642465
0.51711134
0.51711134
0.46904198
0.46904198
0.46904198
0.49569105
0.51567056
0.51567056
0.51567056
0.50501062
0.46682284
0.46563736
0.46563736
0.46563736
0.46563736
0.46315167
0.46315167
0.46315167
0.46315167
0.46315167
0.46608831
0.46608831
0.46608831
0.43002199
0.4237775
0.4237775
0.4237775
0.48139951
0.49013911
0.49013911
0.51333397
0.51333397
0.51333397
0.49861247
0.49861247
0.49861247
0.49861247
0.542239
0.542239
0.542239
0.50765514
0.50765514
0.50765514
0.50765514
0.50765514
0.50765514
0.50765514
0.50765514
0.51219108
0.52071739
0.54055723
0.54055723
0.54055723
0.54055723
0.54055723
0.54092784
0.5413937
0.5413937
0.5413937
0.5413937
0.5413937
0.5413937
0.5413937
0.5413937
0.53976305
0.53976305
0.53976305
0.53976305
0.53976305
0.54474081
0.54474081
0.54474081
0.58245086
0.59758375
0.59758375
0.59758375
0.59758375
0.59758375
0.65402149
0.65402149
0.65402149
0.65402149
0.65402149
0.65402149
0.65402149
0.65402149
0.65402149
0.67304098
0.67304098
0.67304098
0.65796652
0.64549306
0.64549306
0.64549306
0.65701046
0.67764721
0.68382963
0.68382963
0.68382963
0.68382963
0.68584124
0.72742025
0.76629236
0.85353963
0.87030134
0.87030134
0.87030134
0.8171033
0.8171033
0.8171033
0.73985354
0.72733353
0.72733353
0.68708363
0.68708363
0.68708363
0.68699447
0.68699447
0.68391635
0.68391635
0.68391635
0.70535428
0.70535428
0.70535428
0.74230545
0.74230545
0.74230545
0.74230545
0.79865191
0.82142594
0.82142594
0.82142594
0.80868867
0.7468989
0.7468989
0.7468989
0.7468989
0.7468989
0.7468989
0.75438152
0.75438152
0.80081231
0.81604896
0.81604896
0.81604896
0.81604896
0.81604896
0.81604896
0.84655543
0.91113699
0.91113699
0.91113699
0.91113699
0.91113699
0.91113699
0.91113699
0.91113699
0.89857255
0.81486439
0.80615612
0.80615612
0.79264293
0.79264293
0.79264293
0.79264293
0.79264293
0.79264293
0.81697946
0.81697946
0.82163164
0.82163164
0.8434271
0.8434271
0.8434271
0.8434271
0.84822594
0.84822594
0.84822594
0.84822594
0.84822594
0.84822594
0.85441231
0.85441231
0.85441231
0.80957717
0.80957717
0.80957717
0.80957717
0.80957717
0.80957717
0.83430197
0.83430197
0.83430197
0.83430197
0.83430197
0.83584133
0.85396958
0.85396958
0.85396958
0.85396958
0.85396958
0.85396958
0.85396958
0.85396958
0.85396958
0.82053318
0.82053318
0.82053318
0.82053318
0.82053318
0.82053318
0.83613253
0.83613253
0.83613253
0.83613253
0.83613253
0.82866696
0.81186416
0.81186416
0.81186416
0.81186416
0.81186416
0.81186416
0.79565624
0.79362942
0.77833404
0.77833404
0.77833404
0.77833404
0.77833404
0.75033395
0.75033395
0.75033395
0.83669941
0.83669941
0.83669941
0.7695777
0.7695777
0.7695777
0.7695777
0.76911306
0.76911306
0.76911306
0.72177246
0.72177246
0.72177246
0.72177246
0.71669642
0.71669642
0.71669642
0.70773347
0.70773347
0.66063264
0.66063264
0.66063264
0.66063264
0.66532255
0.68786077
0.71555962
0.77816334
0.77816334
0.78465582
0.78465582
0.78465582
0.79975524
0.79975524
0.79975524
0.78209954
0.76495321
0.76495321
0.76495321
0.76495321
0.7420103
0.7420103
0.7409946
0.65759316
0.65759316
0.61973249
0.61973249
0.61973249
0.61973249
0.61973249
0.61973249
0.60923291
0.60923291
0.60923291
0.63099886
0.68515569
0.68515569
0.68515569
0.67359021
0.66584226
0.65423236
0.65423236
0.6493611
0.63722874
0.63722874
0.63722874
0.6705197
0.6705197
0.6705197
0.64415756
0.64415756
0.63127302
0.61414281
0.61414281
0.61414281
0.61871831
0.61871831
0.61871831
0.61871831
0.61871831
0.62927388
0.6339221
0.65426857
0.65701502
0.65701502
0.65701502
0.65701502
0.65701502
0.65997113
0.65997113
0.6913804
0.74876872
0.76298481
0.78693794
0.80383506
0.81727218
0.82417057
0.84582241
0.85510638
0.85510638
0.85510638
0.84282675
0.84237793
0.84237793
0.84237793
0.90806799
0.90806799
0.90919049
0.90919049
0.90919049
0.86917945
0.81435259
0.79160533
0.79160533
0.79160533
0.79160533
0.79160533
0.80573378
0.83545124
0.83545124
0.83545124
0.80706319
0.76025752
0.73997252
0.71247601
0.70449255
0.68398542
0.65919612
0.65919612
0.65919612
0.65919612
0.70546443
0.70546443
0.70546443
0.70546443
0.70546443
0.72847033
0.73031519
0.73031519
0.73031519
0.71967808
0.71967808
0.71967808
0.72146148
0.73036479
0.73036479
0.73036479
0.73036479
0.75977036
0.76263579
0.76263579
0.76263579
0.78458492
0.78458492
0.78458492
0.79398817
0.80627966
0.80627966
0.80627966
0.80627966
0.80627966
0.81193932
0.81193932
0.81193932
0.80755491
0.72928337
0.7180167
0.7180167
0.7180167
0.70845431
0.70845431
0.70845431
0.71892772
0.7359928
0.7359928
0.76514826
0.76514826
0.76514826
0.76265192
0.75125654
0.7204184
0.7204184
0.64408058
0.64408058
0.64408058
0.651862
0.651862
0.68860839
0.70841415
0.70841415
0.70841415
0.74704192
0.74704192
0.74704192
0.74704192
0.74704192
0.74704192
0.71677857
0.71677857
0.71677857
0.71677857
0.7331578
0.7331578
0.7331578
0.74385973
0.74385973
0.77656068
0.77656068
0.77656068
0.77656068
0.77656068
0.77656068
0.77964063
0.77964063
0.77964063
0.74930547
0.73810422
0.72078689
0.72078689
0.72078689
0.72078689
0.72078689
0.72078689
0.7262868
0.7262868
0.7262868
0.70627839
0.69779468
0.68949628
0.68949628
0.68645924
0.64543129
0.62025768
0.62025768
0.62025768
0.66550086
0.68155603
0.68155603
0.68155603
0.68155603
0.68155603
0.6706262
0.66310159
0.65618403
0.65618403
0.65618403
0.6822644
0.6822644
0.6822644
0.6822644
0.6821652
0.6821652
0.66918177
0.66918177
0.66918177
0.66918177
0.6816887
0.70575259
0.76226335
0.76226335
0.76226335
0.76226335
0.75936993
0.75936993
0.75936993
0.74325907
0.74325907
0.74325907
0.73641119
0.73641119
0.71890459
0.70643053
0.70643053
0.70643053
0.71178621
0.71178621
0.71178621
0.71178621
0.71178621
0.71178621
0.71178621
0.71178621
0.71178621
0.72131634
0.72131634
0.72131634
0.72282284
0.72282284
0.72282284
0.72282284
0.72282284
0.75674823
0.75954367
0.75954367
0.75954367
0.75954367
0.75954367
0.76837974
0.76837974
0.76837974
0.76837974
0.76837974
0.76837974
0.76837974
0.76837974
0.76837974
0.76035915
0.74736111
0.73153871
0.73153871
0.73153871
0.74183016
0.74183016
0.74183016
0.69954826
0.6550667
0.6550667
0.6550667
0.66418149
0.66418149
0.68696039
0.68696039
0.68696039
0.71666568
0.71666568
0.71666568
0.71666568
0.66236918
0.66236918
0.66236918
0.66236918
0.66236918
0.66236918
0.70098691
0.70098691
0.70098691
0.6785418
0.6785418
0.6785418
0.60279581
0.60279581
0.53078975
0.53078975
0.52152465
0.52152465
0.52152465
0.5013571
0.5013571
0.41095351
0.39929705
0.39929705
0.38167239
0.38167239
0.38167239
0.43764336
0.43764336
0.43764336
0.43764336
0.43764336
0.40708029
0.40708029
0.40708029
0.41202793
0.41202793
0.41202793
0.41202793
0.41202793
0.41202793
0.41202793
0.44597461
0.44597461
0.47823923
0.48769724
0.48769724
0.48769724
0.48769724
0.50331242
0.50331242
0.50331242
0.52969099
0.52969099
0.52969099
0.52969099
0.52969099
0.51532976
0.50880016
0.50880016
0.50880016
0.50880016
0.50880016
0.50880016
0.50880016
0.53571822
0.53863264
0.53863264
0.53863264
0.53863264
0.53863264
0.53863264
0.54142474
0.54142474
0.54142474
0.54142474
0.52495726
0.52495726
0.52495726
0.52495726
0.52495726
0.52495726
0.52495726
0.52495726
0.52495726
0.52495726
0.52495726
0.52495726
0.52495726
0.52495726
0.54811865
0.55835107
0.55835107
0.62921028
0.62921028
0.62921028
0.62921028
0.6270514
0.6270514
0.6270514
0.64338833
0.69990671
0.7085036
0.7085036
0.7085036
0.7005454
0.7005454
0.7005454
0.7005454
0.68256716
0.68256716
0.68256716
0.68256716
0.70187146
0.74099065
0.74099065
0.74099065
0.66079178
0.66079178
0.66079178
0.66927244
0.66927244
0.66927244
0.66095457
0.66095457
0.66095457
0.66095457
0.66095457
0.64555178
0.63226133
0.63226133
0.63226133
0.68349309
0.68349309
0.68349309
0.6529991
0.6529991
0.6529991
0.62421092
0.60451136
0.60451136
0.60451136
0.6363874
0.64316043
0.64316043
0.64316043
0.64316043
0.64316043
0.64316043
0.64316043
0.64316043
0.64316043
0.64316043
0.64316043
0.64316043
0.64316043
0.64316043
0.64316043
0.64316043
0.64316043
0.64316043
0.64316043
0.6746692
0.71566824
0.72609571
0.75317169
0.75317169
0.75317169
0.76110708
0.76110708
0.76110708
0.76110708
0.7490304
0.7490304
0.7490304
0.7490304
0.78584465
0.83503194
0.85401644
0.85401644
0.85401644
0.85401644
0.84785593
0.81456163
0.81456163
0.81456163
0.81456163
0.81456163
0.81456163
0.81456163
0.77401627
0.73257875
0.72791288
0.70495628
0.70495628
0.70495628
0.74174283
0.74174283
0.74174283
0.70546169
0.70546169
0.70546169
0.70546169
0.70546169
0.66197544
0.6550807
0.63558257
0.63558257
0.63558257
0.63798884
0.69437789
0.70770212
0.7176263
0.73146903
0.73146903
0.73146903
0.73146903
0.73452525
0.73452525
0.73452525
0.73452525
0.7365326
0.7365326
0.7365326
0.72166353
0.72166353
0.72166353
0.74908548
0.74908548
0.74976038
0.74976038
0.75856571
0.75856571
0.75856571
0.75899749
0.75899749
0.75899749
0.75899749
0.74521226
0.74521226
0.72272152
0.72272152
0.72272152
0.7233313
0.7233313
0.7233313
0.7233313
0.7233313
0.7233313
0.73741746
0.73741746
0.73744971
0.73744971
0.73744971
0.73017827
0.73017827
0.70066772
0.70066772
0.70066772
0.70387029
0.70387029
0.70395732
0.7351542
0.7351542
0.7351542
0.7351542
0.72603455
0.72603455
0.72603455
0.72603455
0.72603455
0.72603455
0.72603455
0.75155869
0.80467123
0.80467123
0.82166632
0.87077024
0.8797125
0.8797125
0.8797125
0.81800915
0.81725757
0.80960365
0.80960365
0.80960365
0.80960365
0.80066626
0.80066626
0.80066626
0.76120536
0.73700089
0.73700089
0.73700089
0.74298644
0.74689008
0.75050252
0.78597366
0.7866869
0.78960345
0.78960345
0.78960345
0.7206457
0.71613867
0.71613867
0.71613867
0.71613867
0.70845583
0.70845583
0.70845583
0.70845583
0.62567847
0.62567847
0.62567847
0.62567847
0.63487907
0.63487907
0.65393173
0.68191569
0.68191569
0.68191569
0.66371654
0.66371654
0.66371654
0.66371654
0.66371654
0.68182532
0.68182532
0.68182532
0.65540659
0.64294591
0.62180283
0.62180283
0.61735787
0.61735787
0.61735787
0.66715646
0.6832664
0.70786826
0.75206349
0.75206349
0.76826715
0.76826715
0.76826715
0.76826715
0.76826715
0.76826715
0.77137966
0.77137966
0.77137966
0.77137966
0.8066235
0.82206554
0.82206554
0.82206554
0.82206554
0.82206554
0.80971501
0.80085522
0.74513528
0.72772757
0.72772757
0.72772757
0.72772757
0.72772757
0.69561115
0.69561115
0.69561115
0.69561115
0.69561115
0.69561115
0.69561115
0.69561115
0.73984746
0.74660436
0.76337733
0.76337733
0.76337733
0.75077881
0.75077881
0.75077881
0.75146132
0.75146132
0.75146132
0.75146132
0.70716933
0.70716933
0.70716933
0.72187196
0.72373691
0.72373691
0.72373691
0.72026839
0.72026839
0.72026839
0.72026839
0.72026839
0.67958732
0.66306934
0.66306934
0.66306934
0.65281349
0.64358612
0.64358612
0.64358612
0.64358612
0.64358612
0.64358612
0.64358612
0.64358612
0.64358612
0.64358612
0.63020833
0.63020833
0.63020833
0.65370078
0.68735657
0.71399195
0.71399195
0.71399195
0.70713829
0.70713829
0.70713829
0.70713829
0.70713829
0.69208208
0.69208208
0.68819791
0.68819791
0.68819791
0.68819791
0.68819791
0.68819791
0.68819791
0.68638469
0.68638469
0.68242293
0.68242293
0.68242293
0.69402401
0.69402401
0.69402401
0.69402401
0.69402401
0.70195209
0.71066401
0.71066401
0.71066401
0.71139764
0.71139764
0.71139764
0.70523196
0.70523196
0.70523196
0.70523196
0.70523196
0.70523196
0.70523196
0.73537785
0.73537785
0.73537785
0.7304433
0.70140134
0.70140134
0.70140134
0.71453357
0.71453357
0.71453357
0.70654585
0.70654585
0.70654585
0.70654585
0.70654585
0.69219831
0.69219831
0.69219831
0.73366748
0.73366748
0.73366748
0.73366748
0.71863956
0.71863956
0.71863956
0.7226491
0.7226491
0.7226491
0.69843793
0.69843793
0.69392847
0.69392847
0.69392847
0.69392847
0.71538678
0.74608282
0.74608282
0.74608282
0.73113402
0.73113402
0.73113402
0.72233599
0.65445236
0.65445236
0.65445236
0.65445236
0.65445236
0.65445236
0.65445236
0.67063137
0.67063137
0.67063137
0.67063137
0.67063137
0.67063137
0.69523597
0.69523597
0.69523597
0.69523597
0.69523597
0.69523597
0.69523597
0.69523597
0.70940063
0.70940063
0.70940063
0.70644361
0.70644361
0.70278309
0.69497733
0.69497733
0.69497733
0.69497733
0.67682869
0.67682869
0.67682869
0.67682869
0.67682869
0.67682869
0.67682869
0.67682869
0.67682869
0.67682869
0.67682869
0.67682869
0.67682869
0.67038277
0.66342656
0.65543093
0.65543093
0.65487105
0.65487105
0.60705333
0.59688968
0.59688968
0.59688968
0.60082619
0.60082619
0.60082619
0.63102259
0.63102259
0.63102259
0.63102259
0.63102259
0.60103766
0.5551062
0.54166238
0.54166238
0.52828855
0.52828855
0.52828855
0.52828855
0.52828855
0.52828855
0.53650996
0.53650996
0.53650996
0.53650996
0.53650996
0.5859562
0.5859562
0.5859562
0.5859562
0.5859562
0.5859562
0.5859562
0.5859562
0.5859562
0.58380036
0.58380036
0.58380036
0.58380036
0.58380036
0.63844465
0.63844465
0.63844465
0.62356219
0.62356219
0.62356219
0.62356219
0.62662753
0.62662753
0.62662753
0.62662753
0.62662753
0.62662753
0.59850299
0.59547964
0.56708672
0.56708672
0.56708672
0.56708672
0.56708672
0.56708672
0.56708672
0.56708672
0.56708672
0.56708672
0.56708672
0.56708672
0.56708672
0.56708672
0.54528
0.54528
0.54528
0.54528
0.53598781
0.53598781
0.53598781
0.55042755
0.60446815
0.60446815
0.60446815
0.58521314
0.5828726
0.54332407
0.54332407
0.53424306
0.50950549
0.50950549
0.50950549
0.50950549
0.49412521
0.49412521
0.49412521
0.49412521
0.49412521
0.49755783
0.55935277
0.55935277
0.55935277
0.52521408
0.52521408
0.52521408
0.52595227
0.52595227
0.52595227
0.46595564
0.45849067
0.45849067
0.45849067
0.45849067
0.43233727
0.42607666
0.41652644
0.41652644
0.41652644
0.44473314
0.47032727
0.48784847
0.49322606
0.49322606
0.49322606
0.49322606
0.49322606
0.55176183
0.55176183
0.55176183
0.51532611
0.51532611
0.51191936
0.51191936
0.51191936
0.41859131
0.3876418
0.3876418
0.3876418
0.38373451
0.38373451
0.38373451
0.38373451
0.38373451
0.41210278
0.41210278
0.42436111
0.42436111
0.43987375
0.45290678
0.45355369
0.45355369
0.45355369
0.47023294
0.47023294
0.47023294
0.44077655
0.43914195
0.43914195
0.43914195
0.41295782
0.41295782
0.41295782
0.40923096
0.40923096
0.40923096
0.40923096
0.40923096
0.40604695
0.40604695
0.40604695
0.45718347
0.46775365
0.51462261
0.51462261
0.51462261
0.51462261
0.4965327
0.46805123
0.46805123
0.44326133
0.44326133
0.44326133
0.45460407
0.45460407
0.45460407
0.45460407
0.46275459
0.46275459
0.46275459
0.49373999
0.49373999
0.52429028
0.55238682
0.55238682
0.55238682
0.55238682
0.55114413
0.46631469
0.46631469
0.46631469
0.46631469
0.46631469
0.46631469
0.46631469
0.47614028
0.47614028
0.48769268
0.48769268
0.48769268
0.48769268
0.48769268
0.48769268
0.48769268
0.49749697
0.49749697
0.49749697
0.46901977
0.46901977
0.46588839
0.46588839
0.46588839
0.46588839
0.47423791
0.47423791
0.47423791
0.47423791
0.47423791
0.47423791
0.47363725
0.47363725
0.47363725
0.45687737
0.45687737
0.45687737
0.45082397
0.45082397
0.45082397
0.44055351
0.44055351
0.43626009
0.43626009
0.43626009
0.38274803
0.36779588
0.36779588
0.36779588
0.36779588
0.36779588
0.36779588
0.35289303
0.35289303
0.31626348
0.31626348
0.31626348
0.35154719
0.35154719
0.35154719
0.35154719
0.37285245
0.38207343
0.38207343
0.38207343
0.38207343
0.38566579
0.38566579
0.38566579
0.38566579
0.38566579
0.38953262
0.40183841
0.42208143
0.42208143
0.42208143
0.3939651
0.3766858
0.33677518
0.33677518
0.33677518
0.33677518
0.33677518
0.33453231
0.33453231
0.3151638
0.3151638
0.29809781
0.29809781
0.29809781
0.30066169
0.30066169
0.30066169
0.31455433
0.31455433
0.31455433
0.29542042
0.29542042
0.29542042
0.31123825
0.31123825
0.31123825
0.28391002
0.28391002
0.28391002
0.28391002
0.28391002
0.28391002
0.28391002
0.31580158
0.37029952
0.37029952
0.37029952
0.34437616
0.34437616
0.34437616
0.34437616
0.34437616
0.35951757
0.35951757
0.35951757
0.35951757
0.36163263
0.36163263
0.36858458
0.41914267
0.41914267
0.41914267
0.41914267
0.41914267
0.41914267
0.41914267
0.39080847
0.39080847
0.39080847
0.38443436
0.38443436
0.38443436
0.42039996
0.47130828
0.47130828
0.47130828
0.45814653
0.45814653
0.41564615
0.41564615
0.41564615
0.43367734
0.4677506
0.4677506
0.4677506
0.4677506
0.4677506
0.44575827
0.44575827
0.4311813
0.4311813
0.4311813
0.42476763
0.42476763
0.42402944
0.42402944
0.42334268
0.41167253
0.41167253
0.41167253
0.41167253
0.41167253
0.41167253
0.41364732
0.41364732
0.41364732
0.41364732
0.41364732
0.41364732
0.41364732
0.41321037
0.41321037
0.41321037
0.44346398
0.44346398
0.45018406
0.45018406
0.45018406
0.44278634
0.44278634
0.44278634
0.44839914
0.44839914
0.44839914
0.48011695
0.48011695
0.48011695
0.48011695
0.44997989
0.44565938
0.4429683
0.4429683
0.4429683
0.44517253
0.44517253
0.45693853
0.45693853
0.45693853
0.44662091
0.44662091
0.44662091
0.442741
0.442741
0.442741
0.442741
0.442741
0.442741
0.442741
0.44031222
0.42187421
0.42187421
0.36586216
0.36586216
0.36586216
0.34177393
0.33614136
0.29949568
0.29949568
0.29949568
0.31910153
0.36891168
0.36891168
0.36891168
0.36115187
0.36115187
0.36115187
0.36115187
0.36115187
0.35116531
0.35116531
0.33523764
0.33523764
0.33523764
0.38266982
0.39166898
0.39166898
0.39166898
0.38784324
0.38784324
0.37943043
0.37943043
0.37943043
0.37943043
0.37943043
0.39853725
0.4153513
0.4153513
0.4153513
0.42618072
0.43368372
0.4369362
0.4369362
0.4456892
0.46542862
0.48964496
0.4952678
0.4952678
0.4952678
0.48491397
0.48491397
0.48491397
0.47525421
0.47525421
0.47525421
0.47525421
0.46737846
0.46737846
0.46737846
0.48536005
0.52080137
0.52469497
0.52469497
0.52469497
0.52469497
0.52208331
0.52208331
0.50624571
0.50624571
0.49879169
0.49879169
0.49602516
0.49602516
0.48816432
0.48816432
0.48816432
0.47415636
0.45041592
0.45041592
0.41800647
0.41003001
0.41003001
0.41003001
0.37538104
0.37290022
0.37290022
0.37290022
0.37290022
0.37290022
0.37290022
0.37290022
0.37290022
0.38369708
0.4109106
0.4109106
0.4109106
0.41982456
0.41982456
0.41982456
0.41982456
0.47552229
0.49468509
0.49468509
0.49468509
0.49468509
0.50926602
0.50926602
0.53407874
0.53407874
0.53407874
0.54304048
0.59669586
0.59669586
0.59669586
0.59669586
0.62945249
0.63748951
0.63748951
0.63748951
0.63748951
0.63748951
0.63748951
0.63748951
0.63748951
0.6665765
0.67580083
0.67580083
0.69080561
0.69080561
0.69080561
0.66911056
0.66911056
0.66604187
0.66604187
0.66604187
0.66604187
0.66604187
0.63384481
0.6059287
0.6059287
0.6059287
0.64945664
0.64945664
0.64945664
0.64945664
0.62256262
0.59819627
0.59702022
0.59702022
0.55225446
0.53529314
0.52719587
0.52719587
0.52516509
0.52516509
0.52516509
0.52516509
0.52516509
0.52516509
0.52516509
0.52516509
0.52516509
0.52516509
0.52516509
0.52516509
0.52516509
0.5099686
0.5099686
0.5099686
0.53675613
0.60167544
0.6216875
0.63064437
0.63064437
0.63064437
0.62998407
0.62998407
0.62998407
0.60575587
0.60575587
0.57688492
0.57688492
0.57688492
0.54931813
0.54931813
0.53982269
0.53982269
0.53982269
0.53982269
0.53982269
0.6037969
0.6037969
0.6037969
0.58813182
0.58813182
0.58813182
0.58813182
0.58813182
0.54566735
0.54566735
0.53066104
0.53066104
0.53066104
0.53066104
0.53066104
0.56261133
0.57302601
0.57302601
0.58022199
0.62673647
0.62673647
0.62673647
0.58567322
0.57374534
0.57374534
0.57374534
0.57374534
0.57374534
0.57374534
0.57374534
0.57374534
0.6365228
0.64368683
0.64368683
0.64368683
0.64368683
0.64368683
0.64368683
0.63550893
0.63131561
0.63131561
0.63131561
0.63131561
0.63131561
0.63131561
0.63131561
0.63131561
0.63131561
0.63131561
0.63131561
0.63131561
0.63131561
0.61690814
0.61690814
0.58996025
0.58996025
0.58996025
0.58996025
0.58996025
0.58996025
0.58996025
0.58996025
0.62913452
0.66886075
0.66886075
0.66886075
0.66045859
0.66045859
0.66045859
0.66045859
0.66045859
0.66045859
0.66045859
0.66045859
0.6132251
0.6132251
0.6132251
0.63084124
0.63084124
0.63084124
0.63084124
0.60736309
0.60736309
0.60736309
0.51504739
0.51504739
0.51504739
0.51504739
0.51504739
0.48701839
0.45409379
0.45206209
0.45206209
0.44398856
0.44398856
0.44398856
0.46077979
0.46077979
0.46077979
0.46077979
0.46077979
0.41245605
0.36310202
0.32578996
0.32237287
0.29075425
0.29075425
0.29075425
0.29909159
0.29909159
0.29909159
0.27853274
0.23898634
0.22370861
0.21735245
0.19104752
0.19104752
0.1812341
0.1812341
0.14363572
0.14363572
0.14363572
0.14363572
0.14363572
0.18737209
0.22038037
0.22038037
0.22550692
0.22550692
0.22550692
0.21092326
0.21092326
0.21092326
0.21929286
0.2332071
0.2332071
0.2332071
0.23250177
0.21609089
0.17758027
0.17758027
0.17758027
0.18597513
0.20052623
0.21333926
0.24157457
0.24157457
0.24157457
0.24157457
0.29425228
0.29425228
0.29425228
0.29425228
0.29425228
0.29425228
0.29425228
0.27845606
0.27845606
0.27845606
0.27992483
0.27992483
0.27992483
0.27339036
0.26031016
0.26031016
0.26031016
0.26400141
0.26667697
0.26667697
0.26667697
0.2682562
0.2682562
0.27221857
0.28929917
0.28929917
0.32450924
0.32619892
0.32619892
0.32619892
0.29882322
0.27290564
0.27290564
0.27290564
0.27290564
0.27290564
0.27290564
0.27290564
0.27776625
0.27776625
0.27776625
0.26549392
0.25323011
0.25323011
0.25323011
0.25323011
0.24131075
0.24131075
0.24131075
0.24131075
0.24131075
0.27319714
0.27319714
0.27319714
0.27319714
0.27319714
0.27676851
0.27676851
0.27676851
0.269173
0.269173
0.26137028
0.26137028
0.2521989
0.25141568
0.25141568
0.25141568
0.26723746
0.29228236
0.30717943
0.30717943
0.30717943
0.30909306
0.30909306
0.30909306
0.30909306
0.30909306
0.30909306
0.30816713
0.30816713
0.30816713
0.30816713
0.29226714
0.29226714
0.29226714
0.29564955
0.29564955
0.29564955
0.30260788
0.31660245
0.32911303
0.32911303
0.34410291
0.34410291
0.34410291
0.34303427
0.32523586
0.32523586
0.32523586
0.32950617
0.32950617
0.32950617
0.32896637
0.32896637
0.32692737
0.3190568
0.31786736
