0.32674504
0.2784233
0.3231753
0.3231753
0.3231753
0.3231753
0.3231753
0.3231753
0.3231753
0.3231753
0.37904855
0.37904855
0.37904855
0.37904855
0.39205109
0.39205109
0.40689606
0.40689606
0.40689606
0.40689606
0.39038333
0.38311389
0.38311389
0.38311389
0.39827353
0.39827353
0.39827353
0.39827353
0.39827353
0.39827353
0.4236731
0.4236731
0.4236731
0.4236731
0.4236731
0.4236731
0.366817
0.34035309
0.33684561
0.32090768
0.32090768
0.32090768
0.32090768
0.32090768
0.32090768
0.31884878
0.31884878
0.31884878
0.34753749
0.34977878
0.34977878
0.38244382
0.38244382
0.38244382
0.38105458
0.33310245
0.33310245
0.33310245
0.34802306
0.34802306
0.40402962
0.41868821
0.41868821
0.41868821
0.41868821
0.41868821
0.41868821
0.41868821
0.41868821
0.41709045
0.41709045
0.34977774
0.3401523
0.3401523
0.3401523
0.34300955
0.34688455
0.34933646
0.34933646
0.34933646
0.29818066
0.29818066
0.26976316
0.26252443
0.26252443
0.26252443
0.24503554
0.24503554
0.24503554
0.24503554
0.24116827
0.24116827
0.23286687
0.22512168
0.22512168
0.18964661
0.18024076
0.15935367
0.15935367
0.15935367
0.15935367
0.15935367
0.15935367
0.19647853
0.19647853
0.20633088
0.20633088
0.20633088
0.20633088
0.20633088
0.20633088
0.22671819
0.22671819
0.23569885
0.23569885
0.23830098
0.28591066
0.28591066
0.30252765
0.30819849
0.3197069
0.32824335
0.32824335
0.32824335
0.32824335
0.41571813
0.41571813
0.41571813
0.40918625
0.40918625
0.40918625
0.38848637
0.38848637
0.38848637
0.38848637
0.38848637
0.38848637
0.38848637
0.35823166
0.35823166
0.35823166
0.35823166
0.35823166
0.35823166
0.35823166
0.37409584
0.37409584
0.37409584
0.34046821
0.34046821
0.34046821
0.34785131
0.34785131
0.34785131
0.36145894
0.36145894
0.36145894
0.36337889
0.36337889
0.36337889
0.36337889
0.36337889
0.31453376
0.31453376
0.31453376
0.31453376
0.29005227
0.29005227
0.29005227
0.29005227
0.29005227
0.29005227
0.29005227
0.26820238
0.26820238
0.26820238
0.26820238
0.28450742
0.28450742
0.28450742
0.28450742
0.28450742
0.28450742
0.28450742
0.26149394
0.23418278
0.21151677
0.20822262
0.20822262
0.20822262
0.20822262
0.20822262
0.20822262
0.20822262
0.20822262
0.21621729
0.21621729
0.21621729
0.24962887
0.24962887
0.24962887
0.24962887
0.24962887
0.24962887
0.24962887
0.26312785
0.28013556
0.28013556
0.28013556
0.28013556
0.28013556
0.30079261
0.30079261
0.30079261
0.30079261
0.30079261
0.30079261
0.30079261
0.30079261
0.30079261
0.255414
0.255414
0.255414
0.255414
0.255414
0.2726647
0.2726647
0.2726647
0.29347199
0.29347199
0.29347199
0.34116586
0.38407314
0.38407314
0.40429873
0.40429873
0.40429873
0.4011007
0.4011007
0.4011007
0.4011007
0.4011007
0.42688994
0.44235776
0.44235776
0.44235776
0.47938651
0.50472653
0.50472653
0.50472653
0.50472653
0.50472653
0.50472653
0.45673408
0.45673408
0.44937417
0.42753536
0.42753536
0.42753536
0.42753536
0.40310318
0.40310318
0.38657436
0.38657436
0.34022772
0.30016642
0.28099953
0.28099953
0.28099953
0.28099953
0.24863348
0.24863348
0.24863348
0.25128744
0.25128744
0.25128744
0.22427067
0.22427067
0.22427067
0.22427067
0.22427067
0.22427067
0.21278942
0.18623608
0.18623608
0.18623608
0.18623608
0.18623608
0.18623608
0.2023652
0.2023652
0.21246452
0.21246452
0.21246452
0.21246452
0.21015448
0.21015448
0.21015448
0.22118379
0.22756837
0.23403046
0.26238653
0.27458988
0.28475355
0.28475355
0.28475355
0.28475355
0.28475355
0.26173234
0.21042401
0.21042401
0.21042401
0.23400184
0.23709143
0.23825669
0.23825669
0.23825669
0.23825669
0.23825669
0.26968648
0.26968648
0.26968648
0.26968648
0.26968648
0.26968648
0.29118785
0.29118785
0.29118785
0.29118785
0.29118785
0.29118785
0.33580238
0.34291762
0.34291762
0.34291762
0.37196319
0.37974328
0.41148835
0.41148835
0.41148835
0.33165074
0.33165074
0.33165074
0.33165074
0.33165074
0.33165074
0.32400417
0.32400417
0.32400417
0.32400417
0.30891808
0.30891808
0.30891808
0.30891808
0.30891808
0.30891808
0.25437912
0.25437912
0.25437912
0.27490872
0.27490872
0.27490872
0.26855736
0.26855736
0.20164436
0.20164436
0.20164436
0.20164436
0.20164436
0.20164436
0.20164436
0.20164436
0.24026418
0.24026418
0.24026418
0.27159848
0.27159848
0.27159848
0.27159848
0.27159848
0.27159848
0.27159848
0.3121159
0.3121159
0.3121159
0.33560869
0.33560869
0.34894971
0.34894971
0.35125933
0.35961693
0.35961693
0.39347021
0.41827556
0.41827556
0.41827556
0.41827556
0.41827556
0.41827556
0.42805353
0.46389194
0.46389194
0.53285674
0.53285674
0.55296742
0.57975665
0.5900087
0.5900087
0.5900087
0.5900087
0.5900087
0.5900087
0.5900087
0.5548063
0.52800432
0.52800432
0.52800432
0.52800432
0.55617235
0.55617235
0.55617235
0.55617235
0.55617235
0.55617235
0.52068913
0.48400283
0.48400283
0.48400283
0.50601507
0.5109145
0.53155943
0.53155943
0.53155943
0.55935032
0.55935032
0.55935032
0.55935032
0.55935032
0.63785239
0.63785239
0.66141851
0.66141851
0.68573703
0.68573703
0.68573703
0.68573703
0.68956335
0.68956335
0.69369806
0.69369806
0.69369806
0.69369806
0.69369806
0.71187228
0.71187228
0.71187228
0.72808623
0.72808623
0.72808623
0.72808623
0.72808434
0.71075884
0.71075884
0.71075884
0.67391145
0.6581392
0.6581392
0.65550719
0.65550719
0.65550719
0.62600341
0.62600341
0.57829073
0.55299374
0.54122165
0.54122165
0.54122165
0.55365253
0.55365253
0.55365253
0.55365253
0.55365253
0.53530552
0.53530552
0.53530552
0.53530552
0.53530552
0.53530552
0.53530552
0.53530552
0.53530552
0.53530552
0.53530552
0.53530552
0.53530552
0.56273766
0.56273766
0.56273766
0.58263062
0.59929566
0.63047033
0.65530242
0.65530242
0.65530242
0.65530242
0.65530242
0.71325128
0.71325128
0.71325128
0.76448042
0.76448042
0.76448042
0.76869453
0.79935751
0.79935751
0.80246048
0.80246048
0.80246048
0.82850275
0.82850275
0.82850275
0.82148989
0.82148989
0.82148989
0.77167757
0.77167757
0.74497463
0.74497463
0.74497463
0.74497463
0.74497463
0.7506158
0.7506158
0.76219817
0.76960175
0.76960175
0.76960175
0.76960175
0.76960175
0.76960175
0.76960175
0.76960175
0.76960175
0.73598645
0.73450778
0.73450778
0.73450778
0.72716564
0.72045929
0.64086217
0.59139941
0.54356366
0.54356366
0.54356366
0.53821312
0.53821312
0.51651576
0.51651576
0.51651576
0.51651576
0.51651576
0.58646738
0.58646738
0.58646738
0.58646738
0.5964077
0.5964077
0.5964077
0.5964077
0.6088369
0.63505636
0.63505636
0.63505636
0.65262319
0.66423565
0.66423565
0.66423565
0.66423565
0.66423565
0.66476385
0.66476385
0.666179
0.666179
0.666179
0.666179
0.67227064
0.67227064
0.67227064
0.67227064
0.67893541
0.71913357
0.72634241
0.73006635
0.73006635
0.73006635
0.73006635
0.73006635
0.73006635
0.73006635
0.73006635
0.72261451
0.72261451
0.72261451
0.72318721
0.77376404
0.77376404
0.77376404
0.77376404
0.77486139
0.79249007
0.79249007
0.82049095
0.82049095
0.82691397
0.82691397
0.84556771
0.86079754
0.88536888
0.88536888
0.88536888
0.88536888
0.84270168
0.84270168
0.84270168
0.84270168
0.84095076
0.84095076
0.84095076
0.84095076
0.83463242
0.83463242
0.83463242
0.83463242
0.83463242
0.83456138
0.81573297
0.79675203
0.77116023
0.77078581
0.77078581
0.75810859
0.75810859
0.75810859
0.78450418
0.79749669
0.79749669
0.79749669
0.79749669
0.79749669
0.79749669
0.7928365
0.7928365
0.7928365
0.7928365
0.7928365
0.7928365
0.7928365
0.7928365
0.7928365
0.78648305
0.78648305
0.78648305
0.78648305
0.78648305
0.78648305
0.78648305
0.78648305
0.78648305
0.79136932
0.79510809
0.82269359
0.82269359
0.82315681
0.82315681
0.85071181
0.85071181
0.85071181
0.85071181
0.85104632
0.85104632
0.85104632
0.77420846
0.7545562
0.7413608
0.73233982
0.73233982
0.73233982
0.73233982
0.73233982
0.73233982
0.73233982
0.73233982
0.73436445
0.73436445
0.73436445
0.73436445
0.77437791
0.77437791
0.77437791
0.77437791
0.77437791
0.81037533
0.83053928
0.83053928
0.83053928
0.83053928
0.83650744
0.83650744
0.83650744
0.8027858
0.78579522
0.78579522
0.78579522
0.78579522
0.78579522
0.77159148
0.75119435
0.74785967
0.74785967
0.74785967
0.64961257
0.64961257
0.64283853
0.64283853
0.64283853
0.64283853
0.64283853
0.58130009
0.58130009
0.54633671
0.54633671
0.54633671
0.54633671
0.54633671
0.54633671
0.54633671
0.50345325
0.47355792
0.47355792
0.47355792
0.47355792
0.47355792
0.47355792
0.49471309
0.49471309
0.49471309
0.49471309
0.49471309
0.4879869
0.41297141
0.38591808
0.38591808
0.38591808
0.38591808
0.38591808
0.34332818
0.34332818
0.34332818
0.34332818
0.32655804
0.32655804
0.32655804
0.32655804
0.32655804
0.31149284
0.31149284
0.30445972
0.30445972
0.30445972
0.32602566
0.33828751
0.33828751
0.34889852
0.37409563
0.37409563
0.37409563
0.37409563
0.37409563
0.37409563
0.37409563
0.37409563
0.37409563
0.37409563
0.38416027
0.38416027
0.38416027
0.38416027
0.38416027
0.38416027
0.363302
0.363302
0.363302
0.363302
0.3320542
0.32715331
0.32715331
0.32715331
0.32715331
0.32715331
0.32715331
0.35421813
0.35421813
0.35421813
0.35421813
0.34038485
0.34038485
0.34038485
0.34038485
0.33843335
0.33843335
0.33557651
0.33557651
0.33557651
0.33557651
0.32819404
0.32819404
0.32819404
0.32664266
0.32664266
0.32664266
0.32664266
0.32664266
0.32664266
0.3364294
0.34376842
0.34531019
0.35044572
0.36578672
0.36891058
0.36891058
0.36891058
0.36891058
0.36891058
0.37310713
0.37310713
0.37310713
0.37310713
0.37310713
0.40324066
0.4260943
0.4260943
0.45999751
0.45999751
0.45999751
0.49973496
0.49973496
0.53182604
0.54493681
0.54493681
0.55392624
0.55392624
0.55392624
0.55392624
0.55392624
0.55392624
0.5828358
0.5828358
0.5828358
0.5828358
0.61270564
0.62942501
0.64661721
0.64661721
0.64661721
0.64661721
0.64661721
0.61204977
0.60416104
0.60416104
0.60416104
0.60416104
0.60416104
0.60416104
0.60416104
0.60416104
0.60416104
0.60416104
0.60416104
0.60416104
0.60416104
0.60416104
0.60416104
0.60416104
0.60416104
0.60416104
0.58877867
0.58877867
0.58877867
0.58877867
0.58877867
0.63266713
0.66034603
0.66034603
0.66034603
0.64077483
0.63136272
0.63136272
0.63136272
0.63136272
0.63136272
0.63136272
0.63136272
0.60080024
0.60080024
0.57834777
0.57834777
0.57834777
0.57834777
0.57834777
0.57834777
0.55974438
0.55974438
0.55974438
0.55974438
0.55974438
0.58202782
0.675121
0.675121
0.675121
0.675121
0.675121
0.675121
0.58989734
0.58989734
0.58989734
0.58989734
0.58989734
0.58989734
0.58989734
0.58989734
0.57698046
0.57698046
0.48482187
0.42316851
0.40988265
0.38924921
0.38924921
0.37351478
0.37351478
0.37351478
0.37351478
0.37351478
0.29948026
0.25561124
0.23196634
0.23196634
0.23196634
0.22136264
0.22136264
0.22136264
0.22136264
0.19750233
0.19750233
0.19750233
0.22398756
0.22398756
0.22398756
0.22398756
0.22398756
0.22398756
0.23269429
0.23269429
0.23269429
0.23269429
0.2352093
0.2352093
0.2352093
0.2352093
0.2352093
0.27110601
0.27110601
0.27110601
0.27110601
0.27110601
0.27110601
0.27110601
0.26629747
0.26629747
0.26629747
0.31114642
0.31114642
0.31114642
0.29372836
0.29372836
0.29372836
0.29372836
0.29372836
0.29372836
0.27041672
0.25695472
0.24271526
0.24271526
0.24271526
0.22942772
0.21002473
0.21002473
0.21002473
0.21002473
0.21889924
0.21889924
0.26620742
0.27663561
0.27663561
0.27663561
0.3141936
0.3141936
0.3141936
0.3141936
0.3141936
0.3141936
0.3141936
0.3141936
0.3141936
0.33642857
0.33642857
0.34689541
0.36029807
0.37075405
0.41207923
0.41207923
0.41207923
0.36653577
0.36653577
0.36653577
0.36653577
0.37394143
0.38759001
0.38759001
0.38759001
0.38759001
0.38759001
0.38759001
0.35485017
0.35485017
0.35485017
0.36941997
0.36941997
0.38604553
0.38604553
0.38604553
0.38604553
0.39409369
0.40011722
0.40011722
0.40011722
0.40011722
0.42766803
0.47218352
0.47218352
0.47218352
0.47218352
0.47218352
0.47218352
0.47218352
0.48573619
0.48573619
0.48573619
0.52310552
0.52310552
0.52310552
0.52310552
0.52310552
0.52310552
0.50086407
0.50086407
0.50086407
0.53505667
0.56846303
0.56846303
0.56846303
0.48349322
0.48349322
0.48349322
0.50578461
0.50578461
0.50578461
0.54645497
0.62743903
0.62743903
0.62743903
0.59898413
0.59898413
0.59898413
0.61037596
0.61037596
0.61379881
0.63354092
0.63354092
0.63354092
0.63354092
0.66617461
0.67033335
0.67033335
0.67033335
0.6798957
0.6798957
0.6798957
0.6798957
0.6798957
0.6798957
0.68101875
0.69565687
0.69565687
0.69565687
0.69565687
0.69565687
0.69565687
0.69565687
0.72457624
0.72797026
0.72924668
0.72924668
0.72924668
0.71736071
0.71736071
0.71736071
0.71736071
0.71736071
0.71896119
0.71896119
0.71896119
0.71896119
0.70495846
0.6866572
0.6866572
0.6866572
0.68244476
0.68244476
0.67647807
0.67647807
0.67647807
0.68197214
0.68197214
0.68197214
0.66378998
0.66378998
0.66378998
0.69866435
0.7346952
0.7346952
0.7346952
0.7346952
0.7346952
0.77717227
0.77717227
0.77717227
0.7683525
0.7683525
0.73084152
0.72228062
0.7078201
0.70753803
0.70753803
0.65220447
0.62616722
0.62377026
0.62377026
0.61908311
0.61908311
0.61908311
0.61908311
0.61908311
0.60702017
0.60702017
0.60702017
0.61775342
0.62786381
0.62786381
0.62908548
0.62908548
0.63725796
0.63725796
0.6790194
0.6790194
0.7159955
0.7159955
0.7159955
0.7159955
0.7159955
0.7159955
0.7159955
0.7159955
0.7159955
0.75216718
0.75216718
0.75216718
0.74220806
0.74159315
0.72718068
0.71688099
0.71688099
0.70127798
0.70127798
0.69805863
0.61527184
0.61527184
0.61527184
0.62709261
0.63030381
0.64241438
0.64241438
0.64241438
0.64241438
0.67982967
0.67982967
0.68538434
0.69011161
0.70234796
0.74833605
0.74935297
0.77401226
0.77401226
0.77401226
0.70451091
0.66440343
0.66440343
0.60235266
0.60230879
0.60230879
0.60230879
0.60230879
0.60230879
0.69368928
0.69368928
0.69368928
0.69031553
0.69031553
0.67620686
0.62727
0.59844904
0.58238281
0.58238281
0.56578943
0.56578943
0.56578943
0.62840935
0.67882237
0.67882237
0.67882237
0.6957254
0.6957254
0.6957254
0.6957254
0.6957254
0.63832355
0.63832355
0.63832355
0.63832355
0.63832355
0.63832355
0.65776353
0.68005073
0.68005073
0.68005073
0.66674021
0.66674021
0.65031482
0.65031482
0.60782062
0.55183998
0.55183998
0.55183998
0.56622716
0.56622716
0.56622716
0.539879
0.52348641
0.52348641
0.52348641
0.52348641
0.52348641
0.52348641
0.52348641
0.52348641
0.52348641
0.52348641
0.52348641
0.51420091
0.51420091
0.51420091
0.5211536
0.56904242
0.56904242
0.56904242
0.56904242
0.58511032
0.58511032
0.58511032
0.58257629
0.58257629
0.58257629
0.58257629
0.58257629
0.55606913
0.55606913
0.55606913
0.55606913
0.55606913
0.49536456
0.49536456
0.49536456
0.49536456
0.49536456
0.49536456
0.49536456
0.49536456
0.49536456
0.49536456
0.49536456
0.35412181
0.32926005
0.32926005
0.32926005
0.32926005
0.24445573
0.20483403
0.19951839
0.19951839
0.19951839
0.19951839
0.19951839
0.22980904
0.22980904
0.22980904
0.217856
0.20428348
0.20413346
0.18412307
0.18412307
0.18412307
0.18412307
0.18412307
0.18412307
0.18412307
0.17706613
0.17706613
0.17706613
0.20646293
0.2125038
0.2125038
0.2125038
0.2125038
0.2125038
0.2125038
0.2125038
0.2125038
0.2125038
0.2125038
0.2125038
0.13205671
0.13205671
0.13205671
0.20627112
0.20627112
0.21472797
0.21472797
0.25291341
0.25839035
0.27948074
0.30900458
0.30900458
0.35060159
0.35060159
0.35060159
0.35060159
0.35060159
0.35060159
0.35718173
0.35718173
0.35718173
0.39436238
0.39436238
0.39436238
0.39436238
0.39436238
0.41520811
0.41520811
0.41520811
0.40225676
0.40225676
0.40225676
0.40225676
0.40225676
0.40225676
0.40225676
0.38872539
0.38872539
0.37952222
0.37952222
0.35804612
0.346694
0.346694
0.346694
0.346694
0.346694
0.34791713
0.38764434
0.38764434
0.38764434
0.40618483
0.40618483
0.40618483
0.40618483
0.40618483
0.40618483
0.40618483
0.40618483
0.40618483
0.40618483
0.36720876
0.36720876
0.36720876
0.37801555
0.37801555
0.37801555
0.43146384
0.43146384
0.43146384
0.43146384
0.43146384
0.43146384
0.43146384
0.44130157
0.44130157
0.44130157
0.44130157
0.44130157
0.44130157
0.46339488
0.46339488
0.50261227
0.50261227
0.50261227
0.49279481
0.49279481
0.49279481
0.49279481
0.46238006
0.45245416
0.45245416
0.45245416
0.41746696
0.41746696
0.41746696
0.41746696
0.41673045
0.36666928
0.36666928
0.36666928
0.34214955
0.33310413
0.33310413
0.3273472
0.3273472
0.3273472
0.33002769
0.33002769
0.33002769
0.33724385
0.33724385
0.35534348
0.35534348
0.35534348
0.35049169
0.35049169
0.32857974
0.32857974
0.32857974
0.32857974
0.32857974
0.32857974
0.32857974
0.32228271
0.32228271
0.32228271
0.32228271
0.32228271
0.32228271
0.31511524
0.31511524
0.31511524
0.34248302
0.34248302
0.34248302
0.34248302
0.34831307
0.34831307
0.34831307
0.34667415
0.34667415
0.34667415
0.34667415
0.34667415
0.34667415
0.3450231
0.3450231
0.3450231
0.3450231
0.3140112
0.3140112
0.3140112
0.31867724
0.31867724
0.31867724
0.31867724
0.31867724
0.31867724
0.31867724
0.31867724
0.31867724
0.31867724
0.30247855
0.30247855
0.30247855
0.30247855
0.30247855
0.32116593
0.34548068
0.34548068
0.34548068
0.32795083
0.32795083
0.32795083
0.32795083
0.32795083
0.32795083
0.32795083
0.35538109
0.35538109
0.35538109
0.33707942
0.33707942
0.33707942
0.33707942
0.31569672
0.31569672
0.31569672
0.31569672
0.31569672
0.31569672
0.31569672
0.3057378
0.29730018
0.29730018
0.29730018
0.29730018
0.29730018
0.30360348
0.32562533
0.33146332
0.33146332
0.33146332
0.32293042
0.32293042
0.32293042
0.32293042
0.29165066
0.25885419
0.25885419
0.25885419
0.25885419
0.24873753
0.24873753
0.24873753
0.24873753
0.24212291
0.24212291
0.24212291
0.24212291
0.24212291
0.24212291
0.25786403
0.25786403
0.25786403
0.25786403
0.25786403
0.27003582
0.27003582
0.27003582
0.2637998
0.2637998
0.2637998
0.2637998
0.2637998
0.2637998
0.2637998
0.2637998
0.32579812
0.32579812
0.32814703
0.33203143
0.35677556
0.35677556
0.41743374
0.43335976
0.43335976
0.43335976
0.43335976
0.43739502
0.43739502
0.48033447
0.53404164
0.53404164
0.53404164
0.53404164
0.53404164
0.57287291
0.57287291
0.57287291
0.57839603
0.5846168
0.60430751
0.62494993
0.6388202
0.6388202
0.66759081
0.67222384
0.67466468
0.68499592
0.68499592
0.68499592
0.68499592
0.74942568
0.74942568
0.74942568
0.75573942
0.7806087
0.7806087
0.7806087
0.7806087
0.73596723
0.73596723
0.73596723
0.64648913
0.63844348
0.63844348
0.63844348
0.63844348
0.63844348
0.60741758
0.56470838
0.54835653
0.53804932
0.49982083
0.49982083
0.49982083
0.49982083
0.49982083
0.4878001
0.4457827
0.4457827
0.4457827
0.4457827
0.4457827
0.39830738
0.39830738
0.3944048
0.3944048
0.3565031
0.2690187
0.2658658
0.21145116
0.21145116
0.21145116
0.21145116
0.23219221
0.23219221
0.23219221
0.11660999
0.11660999
0.11660999
0.1280248
0.1280248
0.1280248
0.12517778
0.10652488
0.10652488
0.10652488
0.02499402
0.02499402
0.02499402
0.02499402
0.02499402
0.02499402
0.02499402
0.02499402
0.02499402
0.02499402
0.02499402
0.02329116
0.02261754
0.02261754
0.02261754
0.09903647
0.19473722
0.19473722
0.19473722
0.17200017
0.17200017
0.17200017
0.1907099
0.1907099
0.19464153
0.19464153
0.19464153
0.19464153
0.19464153
0.22815027
0.22815027
0.23148704
0.23148704
0.23148704
0.20501477
0.20501477
0.20501477
0.20501477
0.20501477
0.20501477
0.20501477
0.21035297
0.21035297
0.22131124
0.22131124
0.22131124
0.27236467
0.3315492
0.34465035
0.43906988
0.44787586
0.48791544
0.48979172
0.51236099
0.55583428
0.55814829
0.59744466
0.64364274
0.64364274
0.64364274
0.64364274
0.64364274
0.64754156
0.70561662
0.70561662
0.70561662
0.69207167
0.62215056
0.56662268
0.55873123
0.55873123
0.55873123
0.58729687
0.64114319
0.65420737
0.65420737
0.65420737
0.65420737
0.65420737
0.65420737
0.65420737
0.57359731
0.57359731
0.56316682
0.56316682
0.56316682
0.49127227
0.49047662
0.49047662
0.49047662
0.49047662
0.49047662
0.49047662
0.49035753
0.49035753
0.47109807
0.47109807
0.47109807
0.47109807
0.47109807
0.47109807
0.47109807
0.51862334
0.51862334
0.51862334
0.5208849
0.52388758
0.52388758
0.52388758
0.54461337
0.54461337
0.55641722
0.55641722
0.55676741
0.58522669
0.59525832
0.61064403
0.61064403
0.61064403
0.56691478
0.56691478
0.56691478
0.54941753
0.54941753
0.54941753
0.53082208
0.52064755
0.52064755
0.52064755
0.52064755
0.52064755
0.52064755
0.52064755
0.52064755
0.52064755
0.5572885
0.5572885
0.5572885
0.5572885
0.54665116
0.54665116
0.51211152
0.51211152
0.48460437
0.45798668
0.45798668
0.45798668
0.45798668
0.44516424
0.44516424
0.44516424
0.44516424
0.44516424
0.44516424
0.44285671
0.42641857
0.42100264
0.42100264
0.42100264
0.42100264
0.42100264
0.42048363
0.42048363
0.40017739
0.40017739
0.40017739
0.40017739
0.40017739
0.38409967
0.38409967
0.38409967
0.3820974
0.3820974
0.3820974
0.3679553
0.3679553
0.3679553
0.3679553
0.3679553
0.3679553
0.33092739
0.33092739
0.33092739
0.33092739
0.33092739
0.33092739
0.30700565
0.30700565
0.30700565
0.30700565
0.30700565
0.30700565
0.30399127
0.30399127
0.30399127
0.31342324
0.32190474
0.32190474
0.32320643
0.32320643
0.32320643
0.32320643
0.34959387
0.36834644
0.36834644
0.36834644
0.36834644
0.36834644
0.36834644
0.36834644
0.36834644
0.36834644
0.36834644
0.36834644
0.36834644
0.36834644
0.36834644
0.36834644
0.36834644
0.36834644
0.36932219
0.36932219
0.36932219
0.36932219
0.36932219
0.38985931
0.38985931
0.38985931
0.38985931
0.38985931
0.38985931
0.39021555
0.39021555
0.39021555
0.39021555
0.39021555
0.39073665
0.39073665
0.39073665
0.38801124
0.38801124
0.36729652
0.36199696
0.36199696
0.36199696
0.36199696
0.36199696
0.34353942
0.34353942
0.34353942
0.33478087
0.33478087
0.33478087
0.33478087
0.33478087
0.33570167
0.33570167
0.33570167
0.33570167
0.33570167
0.33570167
0.33570167
0.33570167
0.33570167
0.33570167
0.33570167
0.33570167
0.31853851
0.31853851
0.31853851
0.31853851
0.32575947
0.32819383
0.32819383
0.32986368
0.33582097
0.33582097
0.33582097
0.31705796
0.31705796
0.31705796
0.31705796
0.31705796
0.31705796
0.31705796
0.31705796
0.28989222
0.26530877
0.24487423
0.24487423
0.24487423
0.24487423
0.24559758
0.24559758
0.28442572
0.28760788
0.28760788
0.28760788
0.28760788
0.28760788
0.28760788
0.28760788
0.28760788
0.28760788
0.28760788
0.2777221
0.26537333
0.26537333
0.26537333
0.26537333
0.27775532
0.27775532
0.30035363
0.30035363
0.30035363
0.32593728
0.32593728
0.35228711
0.3913549
0.3913549
0.40060258
0.40060258
0.42767409
0.42767409
0.42767409
0.42767409
0.42767409
0.42767409
0.42767409
0.42767409
0.43729306
0.45949731
0.49292185
0.49292185
0.49292185
0.52914639
0.52914639
0.52914639
0.52914639
0.52914639
0.52914639
0.54255657
0.54255657
0.54255657
0.54255657
0.54255657
0.5579404
0.5579404
0.5579404
0.54183426
0.54183426
0.54183426
0.59180872
0.59180872
0.59180872
0.59180872
0.60638688
0.60638688
0.61516737
0.61516737
0.61516737
0.61516737
0.61516737
0.64049318
0.64049318
0.64049318
0.64049318
0.64049318
0.64049318
0.62127802
0.55988709
0.54000332
0.50937545
0.50812703
0.50812703
0.50812703
0.4685325
0.4685325
0.44229571
0.44229571
0.44229571
0.4180077
0.35759502
0.35759502
0.35759502
0.32151966
0.30190773
0.30190773
0.30190773
0.33764272
0.33764272
0.3486363
0.3486363
0.3486363
0.3486363
0.3486363
0.3486363
0.37460962
0.41356459
0.4171991
0.42117209
0.42321051
0.42321051
0.42321051
0.42321051
0.43685094
0.43685094
0.43685094
0.43685094
0.43685094
0.43685094
0.43685094
0.45201977
0.45201977
0.45201977
0.42180476
0.42180476
0.42180476
0.42180476
0.42180476
0.34093478
0.34093478
0.34093478
0.34537935
0.34537935
0.34537935
0.34691819
0.34691819
0.34691819
0.34691819
0.34691819
0.34691819
0.34691819
0.37570196
0.38029467
0.38029467
0.38029467
0.38029467
0.38512557
0.40513783
0.41715292
0.41715292
0.41715292
0.41602736
0.41602736
0.41602736
0.41602736
0.41602736
0.41602736
0.41602736
0.41602736
0.43119661
0.43558456
0.43886658
0.43886658
0.57171664
0.57171664
0.57171664
0.57171664
0.57171664
0.64555329
0.64555329
0.64555329
0.64555329
0.62092366
0.61768091
0.61768091
0.57564367
0.57564367
0.57564367
0.63579642
0.63579642
0.63579642
0.61208362
0.57451121
0.57451121
0.57451121
0.61397578
0.67332015
0.73435818
0.80669276
0.88481686
0.93197961
0.93352953
0.93352953
0.95736539
0.95736539
0.95736539
0.94770735
0.94770735
0.94770735
0.94773932
0.97864383
0.98512473
0.98512473
0.98512473
0.98170585
0.94610353
0.94260588
0.93928352
0.91671989
0.89791823
0.8881764
0.8881764
0.8881764
0.91104843
0.91104843
0.92678913
0.93861742
0.93861742
0.94619045
0.94619045
0.95779665
0.95779665
0.95779665
0.95779665
0.95779665
0.95779665
0.95798344
0.96133358
0.96491648
0.96491648
0.9790239
0.98778161
0.98778161
0.98778161
0.98795461
0.98795461
0.98795461
0.9837965
0.9837965
0.9837965
0.9856452
