0.46084558
0.38581094
0.40788822
0.40788822
0.40788822
0.39332533
0.3895934
0.3895934
0.3895934
0.3895934
0.3895934
0.3895934
0.3895934
0.3895934
0.3895934
0.3895934
0.3895934
0.37459086
0.37459086
0.37459086
0.35844738
0.35844738
0.35054134
0.35054134
0.35054134
0.3798133
0.38621589
0.38951464
0.3972432
0.3972432
0.3972432
0.3972432
0.41354366
0.41738942
0.43947246
0.43947246
0.43947246
0.42836728
0.42427949
0.4207797
0.4207797
0.41852713
0.41571316
0.41531702
0.41531702
0.41531702
0.41778196
0.42163509
0.42209651
0.42336961
0.42336961
0.42830255
0.42830255
0.43301827
0.43301827
0.43301827
0.4182387
0.41691219
0.40988186
0.40695173
0.40695173
0.40695173
0.40695173
0.39251328
0.38378403
0.38378403
0.38378403
0.38581561
0.42029869
0.45114693
0.47369534
0.48325282
0.48325282
0.48325282
0.46249342
0.44759895
0.44426154
0.44426154
0.44426154
0.44426154
0.44426154
0.45404667
0.45973664
0.45973664
0.46256931
0.46857036
0.46857036
0.46857036
0.46857036
0.463855
0.4611732
0.4565866
0.4565866
0.44773975
0.44680758
0.44427736
0.44427736
0.44427736
0.44607842
0.44683095
0.44683095
0.44683095
0.44967747
0.45481108
0.45481108
0.46809852
0.46809852
0.47560195
0.47560195
0.4831408
0.49877198
0.49877198
0.49897913
0.49897913
0.49897913
0.49897913
0.49897913
0.49949323
0.49949323
0.49949323
0.49949323
0.49873871
0.49873871
0.49873871
0.50006883
0.50133762
0.50406455
0.50406455
0.5067415
0.51055003
0.51055003
0.51055003
0.50771934
0.50771934
0.50771934
0.5087132
0.50887521
0.50887521
0.50887521
0.50887521
0.50887521
0.50887521
0.50887521
0.51249908
0.51748865
0.51748865
0.51748865
0.51748865
0.51748865
0.51727773
0.51631211
0.51631211
0.51552127
0.51268447
0.51097728
0.50928663
0.50928663
0.50928663
0.50928663
0.50614486
0.49962665
0.49881514
0.49881514
0.49821437
0.49762708
0.49568074
0.49554569
0.49389371
0.49389371
0.49389371
0.49389371
0.49831866
0.4988101
0.4988101
0.4988101
0.49551872
0.49513661
0.49402839
0.49402839
0.49402839
0.4963635
0.4963635
0.4963635
0.49296603
0.49296603
0.49296603
0.4911033
0.4911033
0.491065
0.4859393
0.48535273
0.48535273
0.48535273
0.48535273
0.48535273
0.48487298
0.48285201
0.48285201
0.48285201
0.48285201
0.48285201
0.48285201
0.48285201
0.48285201
0.48548814
0.48622143
0.48735087
0.48735087
0.48735087
0.47771714
0.47033167
0.4662615
0.4662615
0.4662615
0.4606021
0.45757901
0.45175796
0.45175796
0.45175796
0.45704046
0.46636418
0.46636418
0.46636418
0.45128
0.45128
0.45128
0.45128
0.45128
0.460505
0.460505
0.460505
0.4571309
0.44989091
0.44989091
0.43476969
0.43476969
0.43476969
0.43972312
0.44044527
0.44044527
0.44268256
0.45237491
0.45237491
0.45237491
0.45237491
0.45237491
0.45261604
0.45299348
0.45785683
0.46032914
0.46032914
0.46032914
0.46032914
0.46455863
0.4702637
0.4702637
0.4702637
0.46269716
0.46269716
0.46269716
0.46945848
0.46973899
0.46973899
0.46973899
0.46973899
0.46722047
0.46722047
0.46110002
0.45002487
0.44300336
0.4415988
0.43145709
0.43145709
0.42083239
0.4127967
0.41012911
0.40426849
0.40426849
0.40426849
0.40426849
0.39984912
0.39239532
0.38827408
0.38827408
0.38827408
0.38827408
0.39676039
0.39676039
0.39908525
0.40631176
0.40631176
0.40631176
0.40157123
0.3996283
0.39397376
0.39397376
0.39397376
0.38593861
0.38508501
0.38242839
0.38017491
0.37497621
0.37274557
0.37012059
0.37012059
0.37012059
0.37012059
0.37183911
0.38509257
0.38509257
0.38509257
0.38509257
0.3931394
0.3931394
0.3931394
0.3931394
0.3931394
0.39888331
0.39888331
0.39888331
0.3919152
0.38995609
0.38029917
0.37789267
0.37530455
0.37364196
0.37364196
0.37364196
0.37364196
0.37364196
0.37412603
0.37488432
0.37488432
0.37488432
0.37488432
0.37752584
0.37889066
0.37889066
0.38485287
0.38746598
0.38746598
0.38746598
0.38746598
0.38746598
0.38521556
0.38521556
0.38234513
0.38101466
0.38046154
0.38046154
0.38046154
0.39020028
0.39041373
0.39041373
0.39041373
0.39041373
0.39127793
0.39485702
0.39485702
0.39485702
0.39347782
0.38618172
0.38464536
0.38464536
0.38464536
0.38464536
0.38464536
0.38464536
0.38466226
0.3885323
0.39400792
0.39400792
0.39400792
0.39400792
0.39400792
0.39400792
0.40036106
0.40036106
0.40176975
0.40176975
0.40176975
0.40131679
0.40131679
0.39758647
0.39688626
0.39688626
0.39688626
0.40356253
0.41189977
0.41189977
0.41198446
0.41380979
0.41380979
0.41404805
0.42171799
0.42492468
0.42977454
0.42977454
0.42977454
0.43515845
0.44872335
0.45753459
0.45838279
0.46105452
0.46105452
0.46105452
0.46105452
0.46110811
0.46686911
0.47927076
0.47927076
0.48267975
0.48267975
0.48267975
0.47896651
0.47712051
0.47712051
0.47712051
0.4810132
0.4810132
0.4810132
0.48439826
0.48439826
0.48560843
0.49111211
0.49215487
0.49215487
0.49215487
0.49215487
0.49215487
0.48966422
0.47473702
0.47266822
0.47266822
0.4679428
0.4679428
0.45822186
0.45822186
0.45803988
0.45030323
0.44826877
0.44826877
0.44826877
0.44826877
0.44534602
0.44534602
0.44075725
0.44075725
0.44075725
0.44100289
0.44100289
0.44262736
0.44262736
0.44429319
0.44429319
0.44429319
0.44846837
0.44846837
0.4566463
0.4566463
0.4566463
0.46073481
0.46239183
0.46239183
0.46239183
0.46588622
0.47170242
0.47170242
0.47170242
0.47270958
0.47680133
0.48407333
0.48407333
0.48407333
0.48353334
0.47311111
0.47311111
0.4711725
0.4711725
0.46673172
0.46673172
0.46673172
0.46843747
0.46843747
0.46843747
0.46843747
0.46843747
0.46843747
0.46843747
0.46843747
0.46843747
0.46146415
0.45547514
0.45504484
0.45504484
0.45504484
0.454655
0.44685559
0.44685559
0.44685559
0.44685559
0.44326247
0.44293071
0.44023381
0.43579177
0.43579177
0.43579177
0.4378185
0.43972708
0.43972708
0.43972708
0.43972708
0.43972708
0.44297369
0.44351314
0.44351314
0.44522231
0.44575493
0.45135984
0.45135984
0.45135984
0.45135984
0.45135984
0.4534094
0.4534094
0.4534094
0.4534094
0.4534094
0.45503585
0.46475229
0.46787788
0.47012057
0.47120882
0.47120882
0.47120882
0.46617753
0.46617753
0.46617753
0.46617753
0.46617753
0.46617753
0.46617753
0.46617753
0.46617753
0.47150211
0.47150211
0.47688836
0.48303507
0.4875154
0.4875154
0.4875154
0.48152873
0.48152873
0.48152873
0.48152873
0.47964011
0.47940077
0.47903556
0.47903556
0.47903556
0.47960217
0.47960217
0.47960217
0.48041854
0.48041854
0.48882825
0.48882825
0.48882825
0.48747099
0.48747099
0.48476437
0.48050863
0.47992854
0.47992854
0.47992854
0.472141
0.46523582
0.46114156
0.45741232
0.45741232
0.45741232
0.45741232
0.45741232
0.45572167
0.45572167
0.45417003
0.4537221
0.45228194
0.44643967
0.44643967
0.44643967
0.44643967
0.44643967
0.45581608
0.45814741
0.45814741
0.45814741
0.45498712
0.44312455
0.44312455
0.44312455
0.44312455
0.44312455
0.44312455
0.44441978
0.44441978
0.4486365
0.45485351
0.45485351
0.45485351
0.45425814
0.45425814
0.45425814
0.4615519
0.46424719
0.46424719
0.46424719
0.46424719
0.47781532
0.49682114
0.49899999
0.49899999
0.49899999
0.50815252
0.53685159
0.5421447
0.5421447
0.5421447
0.54904646
0.54904646
0.54904646
0.54904646
0.54904646
0.5566317
0.5566317
0.5566317
0.5566317
0.53930898
0.53930898
0.53930898
0.53930898
0.53930898
0.53930898
0.53930898
0.53930898
0.53930898
0.53930898
0.53930898
0.55674787
0.55674787
0.55674787
0.55674787
0.55674787
0.55674787
0.55674787
0.55674787
0.55674787
0.55674787
0.55674787
0.58934574
0.58934574
0.62683518
0.62683518
0.62683518
0.62683518
0.71350258
0.71350258
0.71350258
0.74235791
0.74235791
0.74235791
0.74235791
0.74235791
0.74235791
0.7202826
0.71816543
0.71816543
0.71816543
0.71651003
0.695391
0.695391
0.695391
0.695391
0.695391
0.695391
0.695391
0.695391
0.695391
0.695391
0.71564925
0.71564925
0.71564925
0.71564925
0.71564925
0.69095166
0.68658173
0.67364152
0.67364152
0.67364152
0.67364152
0.67364152
0.69244451
0.69750385
0.69750385
0.71790775
0.71790775
0.71965037
0.73981169
0.75758199
0.75758199
0.75758199
0.73833359
0.73833359
0.73833359
0.74588791
0.75446647
0.75446647
0.75446647
0.74178429
0.74178429
0.74178429
0.74178429
0.74178429
0.73656167
0.70221687
0.70221687
0.70221687
0.70221687
0.70221687
0.6988755
0.6988755
0.6988755
0.6988755
0.6920561
0.6920561
0.68616905
0.68616905
0.63901926
0.63664351
0.63664351
0.63664351
0.63664351
0.63664351
0.63664351
0.63675752
0.63675752
0.65685915
0.65685915
0.65685915
0.65685915
0.65685915
0.65685915
0.65685915
0.65685915
0.66257303
0.66257303
0.66257303
0.66187138
0.66187138
0.61910411
0.59514737
0.5856575
0.5856575
0.5856575
0.59442504
0.59442504
0.59442504
0.53479124
0.52246834
0.52246834
0.52246834
0.52246834
0.52246834
0.52870801
0.52870801
0.52870801
0.52473081
0.52473081
0.52473081
0.52483168
0.52483168
0.52483168
0.52483168
0.52483168
0.52483168
0.52483168
0.52670035
0.53906874
0.53906874
0.53906874
0.55639237
0.55639237
0.55639237
0.56378988
0.56898643
0.56898643
0.56898643
0.57760023
0.57760023
0.57760023
0.57760023
0.57760023
0.59211637
0.59211637
0.59211637
0.58924774
0.58924774
0.58924774
0.58924774
0.56871796
0.54198592
0.54198592
0.54198592
0.54198592
0.54198592
0.54198592
0.53526506
0.53224898
0.52478062
0.49691285
0.49691285
0.49691285
0.49691285
0.49691285
0.49691285
0.49691285
0.50067175
0.50785565
0.5088058
0.5088058
0.5088058
0.50304696
0.50057088
0.49109053
0.48686554
0.48686554
0.48686554
0.48686554
0.48229224
0.48229224
0.48229224
0.48229224
0.48125469
0.48125469
0.48125469
0.47638937
0.45158533
0.43010864
0.42153458
0.40399697
0.38796569
0.38596828
0.38596828
0.3724415
0.3638669
0.36091897
0.36091897
0.36091897
0.36960596
0.36960596
0.36960596
0.36672834
0.36672834
0.36672834
0.36672834
0.36672834
0.37219839
0.39141297
0.40192259
0.40192259
0.40192259
0.39044052
0.38378439
0.38236132
0.355466
0.33441637
0.33166678
0.33166678
0.33166678
0.33166678
0.30358323
0.30358323
0.30358323
0.30358323
0.30358323
0.31273055
0.31273055
0.31273055
0.37250444
0.38382665
0.40070846
0.41005125
0.48242998
0.48242998
0.56579017
0.56579017
0.59856552
0.59856552
0.59856552
0.59856552
0.59856552
0.64250701
0.64250701
0.64448338
0.64448338
0.64448338
0.64448338
0.64448338
0.64448338
0.6347495
0.62437996
0.61365348
0.61365348
0.61365348
0.63338414
0.6536886
0.6536886
0.6536886
0.6536886
0.6536886
0.6536886
0.6536886
0.6536886
0.6438898
0.6438898
0.6438898
0.6438898
0.60423625
0.54921063
0.54921063
0.52040763
0.50660699
0.50660699
0.50660699
0.50660699
0.50660699
0.50660699
0.48244077
0.44505759
0.44505759
0.44505759
0.44505759
0.41510987
0.41510987
0.4079098
0.34774481
0.34774481
0.34774481
0.35098692
0.35098692
0.35098692
0.35098692
0.34934231
0.34934231
0.34934231
0.35923156
0.35923156
0.35923156
0.36403035
0.36403035
0.36403035
0.35935725
0.3523289
0.3523289
0.3523289
0.36444267
0.37036209
0.37406148
0.40466247
0.40466247
0.40466247
0.40466247
0.40466247
0.40466247
0.40466247
0.40466247
0.40466247
0.38309497
0.3803871
0.3803871
0.3803871
0.3898072
0.40094906
0.44453666
0.44996553
0.44996553
0.44996553
0.44996553
0.41752464
0.41350374
0.40878875
0.40878875
0.40878875
0.40672876
0.40672876
0.40396712
0.40147053
0.39299015
0.37781373
0.37781373
0.37781373
0.37781373
0.37781373
0.39635544
0.39635544
0.40596903
0.43604837
0.43604837
0.44270864
0.46327078
0.46327078
0.46327078
0.43826336
0.4314231
0.40887973
0.40887973
0.40887973
0.40887973
0.40593846
0.39753558
0.3969019
0.38200528
0.3768553
0.37681125
0.37681125
0.37681125
0.38842458
0.41404625
0.43751047
0.44340003
0.44340003
0.45942682
0.46028257
0.46028257
0.46028257
0.46787231
0.50482626
0.50482626
0.50482626
0.48411559
0.48411559
0.48411559
0.48411559
0.48411559
0.48411559
0.48411559
0.48411559
0.48258336
0.47978181
0.46427164
0.46427164
0.46427164
0.4720626
0.4720626
0.4720626
0.45091551
0.44727636
0.44727636
0.44727636
0.45236268
0.45236268
0.45236268
0.44892205
0.43795516
0.43795516
0.43795516
0.43795516
0.43795516
0.43795516
0.43795516
0.45139275
0.46087129
0.46087129
0.46087129
0.4584407
0.45114801
0.45114801
0.45114801
0.45114801
0.45114801
0.45114801
0.45114801
0.45083693
0.45083693
0.45083693
0.45083693
0.45114765
0.45114765
0.45428331
0.46812963
0.46812963
0.47082851
0.47082851
0.47082851
0.47976886
0.48510351
0.48865508
0.49213366
0.49213366
0.49213366
0.49213366
0.49213366
0.49625849
0.50464338
0.51764402
0.52296985
0.5347123
0.5347123
0.5347123
0.52701539
0.52701539
0.523104
0.5069918
0.50392627
0.50392627
0.50392627
0.50392627
0.50392627
0.50392627
0.51484516
0.51484516
0.51484516
0.51484516
0.51484516
0.51521756
0.51521756
0.51521756
0.51319569
0.51319569
0.49912658
0.49912658
0.48976402
0.48976402
0.48976402
0.47111532
0.45986521
0.45026277
0.45026277
0.43783774
0.43783774
0.43783774
0.44174715
0.4612579
0.46988465
0.48293922
0.48293922
0.48293922
0.48293922
0.48293922
0.48463688
0.48802464
0.48802464
0.49097779
0.49638688
0.51588396
0.5252334
0.5252334
0.5252334
0.51587767
0.51587767
0.51587767
0.53120891
0.53120891
0.53120891
0.51301893
0.48651579
0.48651579
0.48651579
0.5136143
0.5322862
0.5322862
0.5322862
0.5322862
0.54201775
0.56679445
0.56679445
0.56679445
0.54175558
0.54175558
0.54175558
0.54175558
0.54175558
0.54175558
0.54175558
0.54175558
0.54175558
0.54175558
0.55526797
0.55526797
0.55526797
0.55526797
0.56516477
0.56516477
0.56516477
0.56516477
0.56516477
0.56516477
0.56411733
0.56348401
0.56348401
0.56348401
0.56348401
0.56348401
0.54415326
0.54415326
0.54415326
0.54415326
0.54415326
0.53438198
0.53438198
0.53438198
0.53814556
0.57176731
0.57176731
0.57176731
0.54326065
0.53697584
0.53697584
0.53697584
0.53697584
0.52696504
0.45993642
0.45993642
0.45993642
0.46160315
0.46160315
0.46231774
0.46231774
0.46231774
0.46231774
0.46978629
0.46978629
0.46978629
0.46978629
0.46978629
0.46978629
0.46978629
0.46978629
0.48020779
0.51170158
0.51170158
0.51170158
0.53566803
0.53926222
0.5420494
0.5420494
0.5420494
0.5420494
0.5420494
0.59578788
0.59733377
0.59733377
0.59733377
0.59733377
0.59733377
0.59733377
0.59733377
0.63486368
0.63486368
0.63486368
0.63486368
0.67562221
0.71192199
0.71192199
0.72958403
0.72958403
0.72958403
0.72958403
0.72958403
0.72226078
0.72226078
0.72226078
0.72830031
0.75657878
0.75657878
0.75657878
0.75657878
0.73970003
0.67296954
0.67296954
0.67296954
0.67296954
0.67237596
0.63807181
0.63807181
0.63807181
0.6225228
0.6225228
0.6225228
0.66842771
0.66842771
0.7114176
0.7114176
0.72950329
0.78276508
0.78276508
0.78276508
0.73472537
0.72497566
0.72497566
0.72497566
0.73943965
0.73943965
0.73943965
0.73943965
0.73943965
0.73943965
0.73943965
0.72816203
0.66635028
0.66635028
0.66635028
0.68793702
0.69561253
0.76001384
0.76001384
0.79272985
0.79272985
0.79272985
0.72968814
0.72968814
0.72968814
0.72766789
0.72766789
0.72766789
0.72766789
0.72766789
0.72948009
0.75637811
0.75637811
0.75637811
0.7131487
0.70508712
0.69970608
0.69970608
0.69970608
0.69970608
0.6499867
0.63377758
0.63377758
0.61082441
0.61082441
0.57316863
0.57316863
0.57316863
0.57316863
0.58547462
0.58547462
0.58547462
0.53438341
0.51111898
0.48711692
0.47332528
0.4053064
0.4053064
0.4053064
0.4053064
0.4053064
0.418391
0.418391
0.418391
0.38043655
0.38043655
0.38043655
0.36406937
0.32802943
0.32802943
0.32802943
0.32802943
0.32802943
0.33304077
0.33304077
0.33304077
0.29297418
0.26425839
0.24954122
0.24954122
0.24954122
0.24889855
0.24889855
0.18953447
0.17755359
0.17755359
0.17755359
0.17755359
0.17755359
0.17755359
0.14748683
0.13446732
0.13347832
0.13347832
0.13347832
0.13347832
0.13347832
0.13726744
0.17579137
0.17579137
0.17579137
0.14609648
0.11811884
0.11168155
0.11168155
0.10168082
0.10168082
0.07967043
0.07967043
0.07530913
0.07530913
0.05220437
0.05022368
0.02477014
0.02009614
0.02009614
0.02009614
0.03201301
0.03201301
0.03201301
0.03201301
0.03270297
0.03270297
0.03270297
0.05516525
0.05516525
0.05516525
0.08499375
0.12145769
0.12502887
0.12502887
0.13536155
0.13536155
0.13536155
0.1640964
0.1870395
0.1870395
0.1870395
0.20412919
0.24665011
0.26447561
0.36523045
0.40843361
0.42785301
0.43937841
0.43937841
0.43937841
0.42601293
0.4002618
0.38274271
0.3585434
0.3585434
0.3585434
0.3585434
0.30036864
0.30036864
0.30036864
0.31128428
0.31128428
0.31128428
0.31128428
0.35031171
0.35031171
0.3696029
0.3696029
0.43067974
0.43067974
0.43067974
0.43067974
0.43067974
0.43067974
0.43067974
0.43067974
0.43067974
0.44340273
0.46602091
0.46602091
0.46602091
0.44730046
0.44730046
0.44730046
0.44226916
0.43944459
0.43944459
0.43944459
0.43944459
0.4505093
0.4505093
0.4505093
0.4505093
0.4505093
0.4505093
0.45603977
0.45603977
0.45603977
0.45603977
0.46490658
0.46490658
0.46490658
0.44830132
0.43330184
0.40022835
0.40022835
0.40022835
0.40022835
0.40022835
0.40022835
0.40022835
0.40022835
0.40022835
0.39431775
0.39431775
0.39431775
0.39431775
0.39431775
0.39952634
0.40748956
0.40748956
0.40748956
0.40748956
0.40748956
0.40748956
0.40748956
0.41929782
0.42130387
0.42130387
0.42130387
0.42130387
0.42130387
0.40363392
0.39771684
0.39771684
0.39771684
0.40570883
0.40570883
0.41548965
0.41548965
0.42286019
0.42286019
0.42286019
0.42286019
0.42286019
0.42286019
0.40425249
0.39794808
0.39794808
0.38367398
0.38367398
0.37884588
0.37884588
0.36704571
0.36704571
0.36704571
0.36704571
0.36704571
0.38397356
0.38497371
0.39936019
0.41131446
0.42697693
0.46681174
0.473816
0.473816
0.473816
0.473816
0.473816
0.473816
0.473816
0.48982246
0.48982246
0.48982246
0.48982246
0.46506607
0.46506607
0.42512805
0.42512805
0.42512805
0.42512805
0.44405565
0.44405565
0.44985584
0.46905443
0.46905443
0.47962986
0.47962986
0.47962986
0.46623974
0.45155854
0.45155854
0.42983172
0.42983172
0.42983172
0.45451132
0.45451132
0.45451132
0.45451132
0.45451132
0.45451132
0.45451132
0.45761677
0.46078174
0.46724295
0.46724295
0.46776532
0.47177507
0.47177507
0.47660011
0.49555468
0.49555468
0.49555468
0.49555468
0.51467073
0.51467073
0.51467073
0.51467073
0.51467073
0.51467073
0.51467073
0.55842556
0.56658317
0.58357899
0.60502691
0.60502691
0.60502691
0.58401181
0.57759394
0.54971718
0.54971718
0.54971718
0.566508
0.58026423
0.5863809
0.5863809
0.60479962
0.61746057
0.62742373
0.62742373
0.62742373
0.62742373
0.62742373
0.62404549
0.62404549
0.62404549
0.62404549
0.63750934
0.64554071
0.68131614
0.68131614
0.68131614
0.68131614
0.6975988
0.6975988
0.6975988
0.6975988
0.71343156
0.73800327
0.73800327
0.73800327
0.76987162
0.78051448
0.79300209
0.79300209
0.79300209
0.79300209
0.79300209
0.79300209
0.79300209
0.79799419
0.79799419
0.80175148
0.80175148
0.80175148
0.80175148
0.80175148
0.80175148
0.80931407
0.80931407
0.80931407
0.81250331
0.81250331
0.81250331
0.84335893
0.86076455
0.88546303
0.93627571
0.93627571
0.97956319
0.97956319
0.97956319
0.94804153
0.93582113
0.89295981
0.89295981
0.89295981
0.90675038
0.91979309
0.91979309
0.91979309
0.91979309
0.89678165
0.89678165
0.89678165
0.89678165
0.89678165
0.89678165
0.89678165
0.90174588
0.90174588
0.90174588
0.9239449
0.94928407
0.94928407
0.9671939
0.9671939
0.9671939
0.9434578
0.90388427
0.89883841
0.89883841
0.89883841
0.92059346
0.93088352
0.93088352
0.93088352
0.93088352
0.93088352
0.93088352
0.93769824
0.95237963
0.95237963
0.95237963
0.94533977
0.9303865
0.9303865
0.9303865
0.9303865
0.90398604
0.86819857
0.85694001
0.84231239
0.84231239
0.84231239
0.86119899
0.86119899
