0.58175477
0.65854308
0.58967691
0.58967691
0.5358487
0.5358487
0.5358487
0.53379998
0.53379998
0.53379998
0.53379998
0.50881125
0.50174359
0.50174359
0.50174359
0.54898486
0.54898486
0.54898486
0.54898486
0.54898486
0.54898486
0.53429212
0.53429212
0.53429212
0.53429212
0.53429212
0.52711401
0.52711401
0.50608524
0.50608524
0.50328032
0.47946027
0.46911613
0.46911613
0.46911613
0.46911613
0.51308267
0.54160821
0.54160821
0.56085803
0.58838439
0.58838439
0.61279759
0.61279759
0.61279759
0.60681571
0.55116834
0.55116834
0.53744003
0.5358554
0.53069847
0.53069847
0.53069847
0.54783752
0.54783752
0.56247144
0.58990673
0.58990673
0.58990673
0.58990673
0.58990673
0.55906518
0.55868769
0.52120485
0.50591524
0.50591524
0.50591524
0.51709376
0.53576382
0.53576382
0.53576382
0.58370422
0.58370422
0.58370422
0.55630517
0.55630517
0.55630517
0.55630517
0.55630517
0.57421357
0.57421357
0.57421357
0.56018347
0.56018347
0.56018347
0.56018347
0.57246391
0.5769639
0.5769639
0.5769639
0.5359167
0.53041257
0.51435013
0.48065104
0.48065104
0.48065104
0.53361161
0.55581526
0.55581526
0.55581526
0.54892083
0.51681679
0.51681679
0.51681679
0.51681679
0.57818073
0.57818073
0.57818073
0.57818073
0.57818073
0.59869949
0.59869949
0.59869949
0.59869949
0.59869949
0.59869949
0.59869949
0.59869949
0.59869949
0.59869949
0.59869949
0.58258443
0.58258443
0.58258443
0.55613641
0.55613641
0.55613641
0.58067667
0.61019046
0.61019046
0.61019046
0.57018835
0.56323435
0.56323435
0.56323435
0.58091815
0.58091815
0.58091815
0.62076441
0.62076441
0.62076441
0.60091449
0.58017138
0.55917289
0.55917289
0.55917289
0.57105623
0.59466731
0.59466731
0.59466731
0.59102577
0.59102577
0.59102577
0.59102577
0.59102577
0.59102577
0.59102577
0.59102577
0.58461876
0.52775705
0.51719898
0.51719898
0.51719898
0.52199605
0.53019864
0.53019864
0.55083678
0.55523601
0.55523601
0.55523601
0.56401984
0.56401984
0.56401984
0.56401984
0.56401984
0.54458463
0.54458463
0.54458463
0.56525428
0.57515988
0.57515988
0.58127925
0.58127925
0.58127925
0.56019365
0.56019365
0.55261498
0.50679504
0.50679504
0.47755028
0.45983421
0.45915097
0.45915097
0.45915097
0.48058725
0.48058725
0.49500352
0.49500352
0.49500352
0.49500352
0.49500352
0.49500352
0.44199033
0.44199033
0.44199033
0.44199033
0.43369244
0.43369244
0.43369244
0.44970227
0.46708776
0.46708776
0.46708776
0.46406965
0.45791553
0.45154724
0.45154724
0.39289789
0.37895043
0.37895043
0.37895043
0.37964583
0.37964583
0.39192552
0.39192552
0.40153479
0.40153479
0.40153479
0.40153479
0.40153479
0.45288543
0.45288543
0.45288543
0.45288543
0.45288543
0.45288543
0.43258333
0.40423375
0.40140698
0.40140698
0.36444358
0.36444358
0.36444358
0.38509536
0.38509536
0.38509536
0.38509536
0.38509536
0.38509536
0.38509536
0.38509536
0.38509536
0.38509536
0.38245721
0.37736456
0.37710671
0.37710671
0.37710671
0.31390872
0.31390872
0.31390872
0.30368892
0.30368892
0.30368892
0.30368892
0.30368892
0.30368892
0.31070397
0.3300811
0.33229214
0.36285597
0.36285597
0.36285597
0.34424547
0.34424547
0.34424547
0.39052033
0.39316667
0.41525343
0.41525343
0.41525343
0.42874125
0.45492
0.45492
0.45492
0.45492
0.45492
0.45492
0.45492
0.46559397
0.46669464
0.46669464
0.46669464
0.45762516
0.45762516
0.45762516
0.52362262
0.52362262
0.52362262
0.52362262
0.54737839
0.54737839
0.54737839
0.54737839
0.54737839
0.54737839
0.54737839
0.54737839
0.54737839
0.59597323
0.59661825
0.59661825
0.59661825
0.59661825
0.59661825
0.59955323
0.61061038
0.61061038
0.61061038
0.57164069
0.57164069
0.57164069
0.57033775
0.57033775
0.57033775
0.59030555
0.59030555
0.59030555
0.5804677
0.5804677
0.5804677
0.59846595
0.60195337
0.60195337
0.60195337
0.60195337
0.60195337
0.60195337
0.60288951
0.60508515
0.60508515
0.60508515
0.60508515
0.60732895
0.60732895
0.60732895
0.58496671
0.57750642
0.57203307
0.57203307
0.57203307
0.56893826
0.56893826
0.56893826
0.56893826
0.56893826
0.56893826
0.56893826
0.56893826
0.56585041
0.56585041
0.56585041
0.56585041
0.56585041
0.56585041
0.56585041
0.56585041
0.56585041
0.55447459
0.55447459
0.54397361
0.53156884
0.53156884
0.53156884
0.53287799
0.54081081
0.54935787
0.54935787
0.57145754
0.57145754
0.57145754
0.54233562
0.54233562
0.54233562
0.54233562
0.55333322
0.55333322
0.56414889
0.56414889
0.56414889
0.56414889
0.56006087
0.56006087
0.56006087
0.52408349
0.52408349
0.52408349
0.53070865
0.53440976
0.53440976
0.53440976
0.50787412
0.50317782
0.50317782
0.47041461
0.43053113
0.43053113
0.43053113
0.43053113
0.38255549
0.37473014
0.35358621
0.29956343
0.29956343
0.28938086
0.28938086
0.28938086
0.28938086
0.28938086
0.31028405
0.32308864
0.32822348
0.34243425
0.34243425
0.37786614
0.37786614
0.37786614
0.36791437
0.36791437
0.36791437
0.39307261
0.39307261
0.39307261
0.37538508
0.37538508
0.37538508
0.37538508
0.37538508
0.37538508
0.38501247
0.38501247
0.39237746
0.39237746
0.39237746
0.37990841
0.37990841
0.37990841
0.37990841
0.37990841
0.41314415
0.41314415
0.41314415
0.40382723
0.40326709
0.40326709
0.40326709
0.36807023
0.36807023
0.36807023
0.37450876
0.37450876
0.37450876
0.37572881
0.37572881
0.37572881
0.43210533
0.43667085
0.43667085
0.43667085
0.43942217
0.43942217
0.43942217
0.41726344
0.41726344
0.41726344
0.41726344
0.41726344
0.41726344
0.43675498
0.43675498
0.43693739
0.43693739
0.43693739
0.46131138
0.46131138
0.49201295
0.49201295
0.49201295
0.49201295
0.49201295
0.49201295
0.48363292
0.48363292
0.48166113
0.47181708
0.46197848
0.46197848
0.46197848
0.48740227
0.48740227
0.52809631
0.52809631
0.52809631
0.51069593
0.51069593
0.51069593
0.49128901
0.47469993
0.47469993
0.47469993
0.48438887
0.49678173
0.50171753
0.50171753
0.50171753
0.53847792
0.53847792
0.54224429
0.54224429
0.54224429
0.52555743
0.52555743
0.52555743
0.53215752
0.55425471
0.55425471
0.55551819
0.55551819
0.58291774
0.58291774
0.58291774
0.58291774
0.56201504
0.56201504
0.56201504
0.56504705
0.56504705
0.56504705
0.56504705
0.56504705
0.57164094
0.59469312
0.59469312
0.59469312
0.59469312
0.59469312
0.59469312
0.59469312
0.59395007
0.59395007
0.59395007
0.59395007
0.60376236
0.60376236
0.63601481
0.63601481
0.63601481
0.63601481
0.63537897
0.62343507
0.62343507
0.62343507
0.6267443
0.6267443
0.64627009
0.65100958
0.6529712
0.6529712
0.6529712
0.6500392
0.63251895
0.63251895
0.63251895
0.65474568
0.67295141
0.68155208
0.68396984
0.68396984
0.68396984
0.66244869
0.65826859
0.65826859
0.64897749
0.64897749
0.64897749
0.64897749
0.65859371
0.65859371
0.65859371
0.65859371
0.65859371
0.65859371
0.65859371
0.65859371
0.65859371
0.65859371
0.65859371
0.67140773
0.67140773
0.67140773
0.65288111
0.65286944
0.65286944
0.65286944
0.65568653
0.65568653
0.66291725
0.66291725
0.67539672
0.67539672
0.67539672
0.67539672
0.64652572
0.64652572
0.64652572
0.65723145
0.66540798
0.67010131
0.67179588
0.67179588
0.67179588
0.67179588
0.63839262
0.63839262
0.63839262
0.64611721
0.65273791
0.65273791
0.65273791
0.65273791
0.65273791
0.65273791
0.65382816
0.65382816
0.65382816
0.65382816
0.68400657
0.71594582
0.72539378
0.72539378
0.72539378
0.72539378
0.72178947
0.71904261
0.71904261
0.71066282
0.71066282
0.71066282
0.72153409
0.72153409
0.73058024
0.73058024
0.73058024
0.72969225
0.71520178
0.68924912
0.68596471
0.68596471
0.68596471
0.70186807
0.70186807
0.70412825
0.70412825
0.71622329
0.71622329
0.71622329
0.71461558
0.71461558
0.71461558
0.71461558
0.71461558
0.71461558
0.71461558
0.71892597
0.71892597
0.73576348
0.73576348
0.73576348
0.72493713
0.72493713
0.72493713
0.72493713
0.75932418
0.75932418
0.76516658
0.77227246
0.77281027
0.77281027
0.77281027
0.77281027
0.77064887
0.77064887
0.77064887
0.77064887
0.77064887
0.77064887
0.77064887
0.77064887
0.77064887
0.77064887
0.77064887
0.77064887
0.77064887
0.77179074
0.77374367
0.78504181
0.78504181
0.78504181
0.78504181
0.78504181
0.78504181
0.78504181
0.77776145
0.75364979
0.75364979
0.75364979
0.75523318
0.75523318
0.75523318
0.75388755
0.75388755
0.75388755
0.75388755
0.75388755
0.75388755
0.75388755
0.76479058
0.76998896
0.77963546
0.77963546
0.77963546
0.77963546
0.78796611
0.78796611
0.78796611
0.795514
0.79845568
0.80240124
0.81879773
0.81879773
0.81879773
0.81879773
0.81879773
0.81879773
0.81879773
0.80464156
0.80464156
0.80464156
0.80464156
0.80464156
0.80284846
0.78539298
0.78539298
0.78032738
0.76089267
0.76089267
0.76089267
0.76089267
0.76089267
0.76089267
0.76089267
0.76089267
0.75852975
0.73733818
0.71815264
0.71815264
0.71815264
0.71069583
0.70692275
0.70692275
0.70692275
0.70692275
0.70692275
0.70427616
0.68455977
0.67501105
0.66259238
0.66259238
0.66259238
0.66259238
0.66259238
0.68323076
0.69638132
0.7204967
0.7204967
0.7204967
0.70100416
0.68816433
0.67727048
0.67372871
0.67372871
0.67372871
0.68509435
0.68509435
0.68509435
0.68175087
0.67318072
0.65283048
0.65283048
0.61776243
0.61776243
0.61776243
0.61776243
0.61776243
0.64060465
0.65929631
0.65929631
0.67777006
0.68180745
0.68180745
0.68180745
0.68180745
0.66538589
0.64501629
0.64112706
0.64112706
0.64112706
0.64112706
0.64754946
0.64754946
0.64754946
0.64754946
0.65113293
0.66529953
0.66529953
0.66529953
0.6612805
0.65450073
0.65450073
0.65450073
0.63877953
0.6086309
0.6086309
0.6086309
0.63029898
0.63029898
0.63029898
0.63005403
0.63005403
0.63005403
0.64085853
0.64085853
0.64085853
0.64085853
0.6368884
0.6368884
0.6368884
0.66064045
0.6674716
0.69411643
0.70494873
0.70494873
0.70494873
0.69606265
0.68756349
0.68756349
0.68756349
0.68756349
0.68756349
0.68070405
0.68070405
0.68035188
0.67658501
0.67658501
0.67658501
0.68200277
0.68200277
0.68200277
0.65278357
0.65278357
0.6281825
0.6281825
0.6281825
0.62873073
0.62873073
0.62873073
0.62873073
0.65638938
0.65638938
0.65638938
0.65028664
0.65028664
0.65028664
0.65028664
0.62766058
0.62497676
0.62497676
0.62497676
0.60948613
0.60948613
0.60948613
0.61358482
0.61358482
0.61358482
0.61358482
0.61674216
0.61674216
0.61674216
0.61096031
0.60211866
0.59975053
0.59975053
0.59975053
0.59975053
0.62625886
0.62951175
0.62951175
0.63439742
0.63439742
0.63898999
0.64299685
0.64299685
0.66072905
0.67286628
0.67942319
0.69225284
0.7001261
0.7001261
0.7001261
0.68769577
0.65705897
0.6496776
0.6496776
0.6496776
0.65171317
0.65171317
0.65171317
0.65171317
0.65171317
0.65171317
0.65171317
0.65171317
0.64570648
0.64339245
0.64339245
0.64339245
0.64423651
0.64423651
0.64423651
0.64423651
0.65870142
0.66885297
0.66885297
0.70286576
0.72409456
0.72409456
0.72409456
0.72262856
0.72160234
0.7198621
0.70361402
0.70361402
0.70361402
0.70751541
0.70751541
0.70751541
0.68464837
0.68442004
0.68121381
0.68121381
0.68121381
0.68121381
0.71340347
0.71340347
0.73248577
0.73248577
0.73248577
0.72212054
0.71482554
0.71482554
0.71482554
0.72937533
0.72937533
0.72937533
0.72937533
0.72937533
0.74222831
0.74486001
0.75174948
0.75174948
0.75174948
0.72039345
0.71977971
0.71977971
0.71412716
0.71412716
0.71412716
0.72009564
0.7451484
0.7451484
0.7451484
0.7451484
0.76380481
0.76380481
0.76380481
0.74491635
0.73084753
0.72670392
0.72358505
0.71977822
0.71977822
0.7195551
0.7195551
0.7195551
0.71362261
0.69971735
0.69971735
0.69971735
0.7062214
0.71508117
0.71508117
0.71508117
0.71460739
0.70778518
0.69287553
0.69287553
0.69119212
0.67792989
0.67181499
0.65870514
0.65870514
0.65870514
0.65914616
0.67595314
0.6810309
0.6810309
0.6810309
0.67488944
0.67488944
0.67488944
0.67488944
0.68598581
0.69520618
0.69520618
0.69520618
0.69282614
0.68671124
0.66912025
0.66022996
0.66022996
0.66022996
0.66469769
0.66469769
0.66469769
0.66338408
0.66338408
0.64018026
0.63715321
0.6228583
0.6228583
0.6228583
0.62849347
0.64620755
0.68466425
0.7004949
0.7004949
0.7004949
0.69429388
0.69429388
0.67484899
0.67402181
0.67402181
0.6644237
0.66036646
0.65884933
0.65884933
0.65884933
0.65884933
0.66369554
0.66561769
0.66561769
0.66561769
0.66561769
0.66561769
0.66553803
0.66553803
0.66553803
0.66553803
0.66650791
0.66650791
0.66650791
0.66650791
0.66650791
0.67382252
0.67382252
0.67414217
0.67414217
0.67662074
0.67662074
0.67662074
0.69111544
0.69111544
0.69111544
0.66998318
0.65373063
0.65373063
0.65373063
0.65373063
0.65373063
0.65373063
0.66977743
0.68243758
0.68607888
0.6927435
0.69977095
0.69977095
0.69977095
0.69977095
0.69977095
0.71824273
0.71824273
0.71824273
0.71506975
0.71506975
0.7007056
0.7007056
0.7007056
0.71367597
0.72862086
0.75717271
0.76686388
0.76686388
0.76686388
0.76651047
0.76651047
0.76493354
0.76242469
0.76242469
0.76242469
0.75517709
0.75517709
0.75517709
0.75804332
0.75804332
0.75804332
0.75896779
0.75896779
0.75896779
0.75496912
0.75496912
0.75496912
0.74803497
0.7175848
0.70806264
0.70806264
0.70806264
0.71046006
0.71108349
0.71108349
0.72214635
0.73467347
0.73467347
0.73467347
0.72906635
0.72906635
0.72906635
0.72906635
0.7341987
0.7341987
0.7341987
0.70207828
0.69677691
0.67557541
0.65676859
0.65676859
0.65676859
0.65676859
0.64990717
0.64990717
0.64990717
0.64990717
0.64990717
0.64990717
0.64990717
0.62762906
0.62762906
0.62762906
0.64340585
0.64340585
0.64340585
0.63863981
0.63863981
0.63863981
0.63247055
0.61058432
0.61058432
0.59844312
0.59501154
0.59501154
0.59501154
0.5820707
0.58141054
0.57240807
0.57240807
0.56591072
0.56591072
0.56591072
0.57313449
0.58698317
0.58698317
0.59313579
0.59313579
0.59313579
0.59313579
0.59313579
0.59313579
0.59313579
0.59313579
0.60203527
0.60203527
0.62227657
0.63474959
0.63474959
0.63474959
0.63474959
0.63645731
0.65286274
0.65286274
0.65286274
0.65286274
0.65286274
0.65286274
0.65286274
0.65286274
0.64329268
0.63577829
0.63577829
0.63577829
0.63577829
0.63577829
0.64136978
0.65648145
0.6686296
0.66882765
0.66882765
0.66882765
0.67614176
0.67614176
0.67614176
0.67614176
0.67614176
0.67614176
0.67501006
0.67501006
0.67016956
0.67016956
0.65648344
0.65427811
0.64417074
0.64204012
0.64204012
0.64204012
0.63993828
0.62779485
0.62779485
0.62779485
0.62779485
0.62779485
0.62779485
0.62779485
0.62779485
0.62779485
0.63729517
0.64817711
0.65940327
0.65940327
0.65940327
0.65248203
0.63370425
0.63370425
0.63370425
0.63370425
0.63370425
0.63370425
0.63370425
0.63370425
0.63370425
0.61862733
0.61862733
0.61862733
0.61862733
0.63392935
0.63392935
0.63392935
0.63315528
0.63315528
0.63315528
0.63890734
0.66134106
0.66134106
0.66449667
0.68123987
0.68123987
0.68123987
0.6712613
0.6712613
0.6712613
0.6712613
0.6712613
0.67979
0.70130843
0.71499306
0.72340164
0.72340164
0.72340164
0.70071156
0.70071156
0.70071156
0.70071156
0.69687395
0.69687395
0.69687395
0.70560616
0.70560616
0.70560616
0.70560616
0.70061179
0.68036305
0.68036305
0.68036305
0.68188364
0.70673935
0.70818723
0.70818723
0.70818723
0.7158133
0.7158133
0.71935557
0.72536152
0.73538525
0.7516857
0.75709999
0.75709999
0.78596801
0.78596801
0.78596801
0.78596801
0.78051823
0.78051823
0.78051823
0.78662569
0.81363783
0.81363783
0.82698245
0.84837481
0.85111
0.85111
0.85762075
0.86589258
0.867744
0.867744
0.87301161
0.87470718
0.87470718
0.87470718
0.87470718
0.87885476
0.87885476
0.88590728
0.8863009
0.8863009
0.8863009
0.8863009
0.8996629
0.90373851
0.90373851
0.90373851
0.90373851
0.90373851
0.90373851
0.90373851
0.90373851
0.90373851
0.90254526
0.90254526
0.90254526
0.91385481
0.9291958
0.9291958
0.9291958
0.9291958
0.9291958
0.93985264
0.93985264
0.94408038
0.96346198
0.96923117
0.96923117
0.96923117
0.96462247
0.96462247
0.96462247
0.97448215
0.98232017
0.98232017
0.98232017
0.97840761
0.97645642
0.97645642
0.97645642
0.97645642
0.97645642
0.98264702
0.98264702
0.98264702
0.97570196
0.96980198
0.96980198
0.96980198
0.97607721
0.98567829
0.98567829
0.98567829
0.98414156
0.98414156
0.98414156
0.98414156
0.98414156
0.98245865
0.97578932
0.9684489
0.9684489
0.9684489
0.98197445
0.98357521
0.98405073
0.98452202
0.99325447
0.99631527
0.99631527
0.99631527
0.99631527
0.98868797
0.98082563
0.98082563
0.98082563
0.98082563
0.98082563
0.98082563
0.98230007
0.98230007
0.98230007
0.98075688
0.97965323
0.97589281
0.97521503
0.96518385
0.96416656
0.9634734
0.9634734
0.95746
0.95303049
0.9460755
0.9460755
0.9460755
0.94931523
0.94931523
0.95669312
0.95703065
0.9618915
0.9618915
0.9618915
0.9618915
0.96964314
0.97341448
0.97341448
0.97341448
0.95000369
0.9324539
0.9324539
0.92364327
0.9184784
0.91096773
0.90599793
0.90029526
0.90029526
0.90029526
0.898013
0.86903652
0.86243916
0.84693958
0.84402074
0.84402074
0.84402074
0.84402074
0.84402074
0.84402074
0.83786042
0.81176184
0.80837642
0.80837642
0.80837642
0.80837642
0.80837642
0.79139546
0.79139546
0.79139546
0.79139546
0.79139546
0.79139546
0.79533209
0.79533209
0.79533209
0.79533209
0.78690837
0.78690837
0.77061388
0.76091178
0.76091178
0.76091178
0.78378155
0.80071808
0.80071808
0.80071808
0.78627079
0.77977866
0.75893776
0.75893776
0.75893776
0.75893776
0.75373964
0.75373964
0.75373964
0.75373964
0.75373964
0.75245605
0.73715328
0.71758207
0.71758207
0.71758207
0.71758207
0.71758207
0.71219335
0.71219335
0.71219335
0.72390942
0.72390942
0.7449223
0.7449223
0.7449223
0.7449223
0.74918132
0.74918132
0.74918132
0.74918132
0.73977505
0.72670566
0.7075298
0.7075298
0.7075298
0.72906089
0.72906089
0.72906089
0.73825619
0.75535404
0.75647904
0.75647904
0.75647904
0.75647904
0.748338
0.748338
0.748338
0.74588996
0.74588996
0.74588996
0.74588996
0.74588996
0.74588996
0.74619844
0.76501792
0.76513258
0.77430803
0.77430803
0.77430803
0.77430803
0.77430803
0.77430803
0.77424276
0.76194247
0.75378034
0.75378034
0.75378034
0.74723335
0.72518556
0.71692886
0.71692886
0.71692886
0.71801813
0.73057875
0.73057875
0.73057875
0.73057875
0.73057875
0.73514973
0.75035918
0.75035918
0.75035918
0.73993588
0.73707238
0.73707238
0.73707238
0.74243678
0.74243678
0.74243678
0.75799865
0.75799865
0.75799865
0.74619547
0.74619547
0.74619547
0.74619547
0.74619547
0.74207519
0.74207519
0.74207519
0.74366701
0.75096399
0.76856714
0.7761257
0.7761257
0.7761257
0.77561966
0.77561966
0.77561966
0.77561966
0.77561966
0.7597091
0.7597091
0.7597091
0.76548102
0.76548102
0.76548102
0.75950584
0.75950584
0.75950584
0.78202692
0.78975499
0.78975499
0.79690976
0.7983986
0.7983986
0.7983986
0.7983986
0.80668234
0.80668234
0.80668234
0.80143731
0.79364
0.79364
0.79185509
0.77569287
0.7596478
0.7596478
0.7596478
0.75943486
0.75943486
0.74209355
0.74209355
0.74209355
0.74209355
0.74322252
0.75489466
0.75489466
0.75489466
0.75285661
0.7460746
0.7460746
0.7460746
0.74067322
0.72717993
0.72399876
0.72399876
0.72399876
0.72399876
0.72353814
0.71805113
0.71642556
0.71642556
0.71642556
0.70125879
0.69966945
0.69966945
0.69966945
0.69966945
0.6953062
0.68899871
0.68461462
0.67732086
0.67732086
0.67732086
0.67732086
0.67732086
0.67587968
0.67587968
0.6660195
0.6660195
0.6660195
0.6660195
0.67155242
0.67449682
0.69018203
0.693254
0.69669278
0.69673646
0.69673646
0.70014471
0.70014471
0.70014471
0.67570595
0.67354058
0.66089781
0.65968843
0.65968843
0.65968843
0.65968843
0.66904754
0.66904754
0.66904754
0.66904754
0.66625006
0.66625006
0.66491336
0.66491336
0.66382782
0.66382782
0.66382782
0.66382782
0.66382782
0.67489093
0.68611188
0.69198258
0.69198258
0.69198258
0.68700632
0.67030655
0.66436364
0.66436364
0.66436364
0.65954076
0.65954076
0.64840791
0.64193613
0.6382792
0.63071667
0.63071667
0.6277946
0.6277946
0.6277946
0.6288578
0.6288578
0.6288578
0.60881604
0.59484972
0.59484972
0.59484972
0.59484972
0.59484972
0.59484972
0.59919163
0.60106663
0.60106663
0.60784591
0.62308787
0.62308787
0.62308787
0.63477962
0.63477962
0.63477962
0.63477962
0.63477962
0.62789188
0.62789188
0.62789188
0.63627788
0.63627788
0.63992786
0.63992786
0.63992786
0.63992786
0.61140679
0.61140679
0.61140679
0.60231944
0.60231944
0.60231944
0.60231944
0.60231944
0.60231944
0.60231944
0.60202262
0.59697911
0.58998217
0.58668262
0.57770348
0.57770348
0.57770348
0.58461305
0.58507541
0.59068204
0.59974383
0.59974383
0.60010319
0.60010319
0.60465407
0.60663305
0.60760765
0.60760765
0.60760765
0.60760765
0.61094915
0.62408481
0.63005949
0.63005949
0.63005949
0.62392969
0.61799869
0.61799869
0.61144923
0.61144923
0.61144923
0.61835558
0.62864858
0.6536661
0.6536661
0.65458883
0.65458883
0.65458883
0.64728738
0.64728738
0.64465146
0.63985638
0.63985638
0.6236696
0.62333009
0.62333009
0.62333009
0.62333009
0.64828358
0.67125386
0.67942121
0.67942121
0.67942121
0.67436653
0.66005921
0.66005921
0.66005921
0.66005921
0.66005921
0.65300619
0.64958404
0.64798278
0.64718488
0.6466714
0.63651539
0.62973313
0.62235822
0.61921204
0.61921204
0.61921204
0.6180528
0.6180528
0.6180528
0.6180528
0.61225383
0.61225383
0.61225383
0.62414635
0.64381212
0.64381212
0.64381212
0.63343126
0.62162212
0.62162212
0.62162212
0.61214413
0.61014554
0.61014554
0.61014554
0.646317
0.646317
0.646317
0.646317
0.646317
0.64847467
0.64847467
0.64847467
0.6475172
0.6475172
0.6475172
0.6475172
0.6475172
0.64593505
0.64593505
0.64593505
0.64593505
0.64593505
0.64593505
0.64593505
0.64593505
0.65951768
0.66521688
0.66521688
0.66521688
0.65962887
0.65386315
0.65386315
0.65386315
0.65386315
0.65386315
0.64475049
0.64475049
0.64475049
0.65872177
0.65872177
0.65872177
0.65872177
0.65872177
0.65872177
0.65872177
0.66685884
0.68389241
0.68389241
0.68389241
0.67510486
0.67378678
0.67378678
0.64857817
0.64857817
0.63786673
0.63786673
0.63786673
0.63786673
0.6306097
0.60857531
0.60857531
0.60857531
0.60455479
0.60455479
0.60455479
0.60455479
0.60455479
0.62021618
0.62679468
0.65147666
0.67716004
0.67716004
0.67716004
0.67716004
0.67716004
0.6761765
0.6761765
0.6720458
0.6720458
0.65053109
0.64649147
0.64649147
0.64649147
0.64900454
0.65964599
0.67908616
0.67908616
0.67908616
0.65924047
0.62836144
0.61418094
0.59025294
0.59025294
0.59025294
0.61164628
0.61251541
0.62373636
0.62373636
0.63506949
0.63506949
0.63506949
0.62248479
0.61993201
0.61993201
0.61993201
0.60736121
0.60736121
0.60736121
0.60736121
0.61557944
0.6281691
0.6281691
0.6281691
0.62592233
0.62592233
0.62592233
0.62592233
0.62592233
0.62763924
0.64511581
0.64586953
0.64586953
0.64586953
0.6388319
0.6388319
0.6388319
0.64770656
0.64770656
0.64770656
0.64770656
0.6602178
0.66590509
0.66590509
0.66590509
0.66590509
0.66590509
0.66590509
0.66590509
0.66590509
0.66590509
0.66590509
0.68188861
0.69737279
0.69737279
0.69737279
0.6954226
0.6954226
0.6954226
0.6954226
0.6954226
0.6954226
0.6954226
0.6954226
0.6954226
0.69380844
0.69178701
0.69178701
0.69178701
0.69178701
0.69605967
0.69605967
0.69605967
0.69788578
0.72776216
0.72776216
0.72776216
0.74205533
0.74205533
0.74205533
0.74205533
0.74593041
0.77918923
0.77918923
0.77918923
0.77918923
0.77918923
0.77918923
0.77918923
0.77918923
0.77918923
0.77918923
0.77918923
0.77918923
0.77918923
0.77918923
0.77918923
0.74731252
0.74731252
0.72723776
0.69760286
0.69760286
0.69760286
0.69760286
0.69760286
0.69760286
0.69760286
0.69013165
0.69013165
0.68475856
0.68475856
0.68475856
0.68310519
0.68310519
0.68310519
0.68310519
0.68310519
0.68310519
0.68310519
0.68310519
0.68310519
0.67014226
0.67014226
0.67014226
0.67014226
0.67014226
0.6873168
0.69040316
0.69647066
0.69647066
0.69647066
0.66533179
0.66533179
0.66533179
0.63638906
0.62143077
0.62143077
0.62143077
0.6445986
0.6445986
0.6445986
0.6445986
0.63494714
0.63274454
0.63274454
0.62859374
0.62859374
0.62859374
0.62859374
0.55207519
0.55207519
0.55207519
0.5346495
0.5346495
0.5346495
0.5346495
0.5346495
0.53335301
0.53335301
0.50001526
0.50001526
0.50001526
0.50001526
0.46791569
0.4659712
0.45111392
0.44521667
0.43504229
0.43504229
0.43504229
0.43504229
0.43504229
0.43504229
0.43504229
0.42999928
0.42999928
0.42999928
0.47600982
0.48312737
0.48312737
0.48312737
0.45391363
0.45391363
0.45391363
0.45391363
0.45391363
0.45391363
0.45391363
0.45391363
0.45391363
0.45391363
0.45391363
0.45577523
0.48539871
0.49091873
0.49091873
0.49091873
0.49091873
0.4668443
0.45396004
0.45396004
0.45396004
0.45396004
0.4340456
0.4340456
0.4340456
0.39823301
0.39823301
0.39823301
0.39823301
0.39823301
0.39823301
0.39823301
0.39379307
0.38501595
0.38501595
0.37422385
0.37422385
0.37422385
0.35673958
0.34375209
0.2801451
0.2801451
0.2801451
0.26413378
0.25166299
0.24698009
0.24698009
0.23389381
0.21733352
0.21733352
0.21733352
0.22451386
0.22451386
0.22451386
0.22451386
0.19708974
0.17549537
0.17549537
0.17549537
0.17704426
0.18705559
0.18705559
0.18705559
0.19542098
0.19542098
0.19542098
0.19542098
0.19822095
0.20869637
0.22425526
0.24807927
0.24807927
0.24807927
0.24807927
0.25572867
0.25572867
0.25572867
0.26217837
0.26217837
0.26276432
0.26276432
0.26276432
0.26336864
0.27571682
0.27571682
0.27571682
0.27183207
0.27183207
0.27183207
0.27183207
0.2867442
0.2935746
0.2935746
0.2935746
0.26141025
0.26141025
0.26141025
0.26141025
0.26141025
0.26141025
0.26955874
0.27365073
0.28050967
0.30177893
0.35178964
0.3712916
0.38753522
0.421447
0.46488641
0.46488641
0.532161
0.54177821
0.54177821
0.54177821
0.54177821
0.58594925
0.60665911
0.60665911
0.60665911
0.60665911
0.60665911
0.60665911
0.60665911
0.6827277
0.6827277
0.6827277
0.69966126
0.69966126
0.69966126
0.74088864
0.77220843
0.77220843
0.77220843
0.77220843
0.82737706
0.82737706
0.86694908
0.86694908
0.86694908
0.87066905
0.87066905
0.87066905
0.83012813
0.83012813
0.83012813
0.84748955
0.89320154
0.89320154
0.89320154
0.88067565
0.88067565
0.88067565
0.88067565
0.88067565
0.87948836
0.87948836
0.87948836
0.87948836
0.87948836
0.86743402
0.86743402
0.86743402
0.86695404
0.86695404
0.86695404
0.86695404
0.85820397
0.85820397
0.85820397
0.85820397
0.85820397
0.85174707
0.85174707
0.85174707
0.85756317
0.85756317
0.85756317
0.85756317
0.85756317
0.86289928
0.86289928
0.86289928
0.8368749
0.8368749
0.8368749
0.83581319
0.83581319
0.81140073
0.79465679
0.74548369
0.73963061
0.73963061
0.68721182
0.61588122
0.60500028
0.58184883
0.56738367
0.56738367
0.56738367
0.56738367
0.64025968
0.64025968
0.6541096
0.66477885
0.66477885
0.66477885
0.66477885
0.66463862
0.66463862
0.66463862
0.62197503
0.62197503
0.6108186
0.6108186
0.6108186
0.6108186
0.6108186
0.52886914
0.52886914
0.52886914
0.52886914
0.49981051
0.49981051
0.49981051
0.49981051
0.49981051
0.49981051
0.49611437
0.4585263
0.43622512
0.40118412
0.40118412
0.40118412
0.30637348
0.29243819
0.22563737
0.22563737
0.22563737
0.22563737
0.18772369
0.18772369
0.18772369
0.18772369
0.18772369
0.18772369
0.18772369
0.18772369
0.15924406
0.10104814
0.10104814
0.10104814
0.10104814
0.10104814
0.10104814
0.10104814
0.10104814
0.10104814
0.10104814
0.18403574
0.1847217
0.23429785
0.23429785
0.23429785
0.23429785
0.23429785
0.23429785
0.23429785
0.23429785
0.23429785
0.23429785
0.23429785
0.2445648
0.27944399
0.31160486
0.31160486
0.31160486
0.31160486
0.31160486
0.31160486
0.31160486
0.31160486
0.31160486
0.31160486
0.31160486
0.30286471
0.30286471
0.30286471
0.34501458
0.34501458
0.3635819
0.3635819
0.3635819
0.3635819
0.3635819
0.39011009
0.39011009
0.39011009
0.35937947
0.35937947
0.35937947
0.35937947
0.33741556
0.33741556
0.25624265
0.25624265
0.25624265
0.28405864
0.28405864
0.28405864
0.28405864
0.28405864
0.28405864
0.35781073
0.36340048
0.39059304
0.39059304
0.39059304
0.47783271
0.47783271
0.47783271
0.47229755
0.42575118
0.40546819
0.40546819
0.35328194
0.35328194
0.35328194
0.43052691
0.49987107
0.49987107
0.49987107
0.49987107
0.49987107
0.49987107
0.51188719
0.51188719
0.51188719
0.46780699
0.46780699
0.46780699
0.46780699
0.46780699
0.49139275
0.52110459
0.55338831
0.55338831
0.60412321
0.60412321
0.60412321
0.48141965
0.48141965
0.4620857
0.36477986
0.36477986
0.36477986
0.35871187
0.35871187
0.33071967
0.33071967
0.32754346
0.32754346
0.32754346
0.33922231
0.33922231
0.3674875
0.3674875
0.3674875
0.36220177
0.36220177
0.36220177
0.38163251
0.38163251
0.38163251
0.38163251
0.38163251
0.33493351
0.29173608
0.29173608
0.29173608
0.35290421
0.36882495
0.36882495
0.36882495
0.36882495
0.40566947
0.41083459
0.41083459
0.41083459
0.50150136
0.50150136
0.50762917
0.50762917
0.52821568
0.53539701
0.53539701
0.53539701
0.52067598
0.46791197
0.46791197
0.37547443
0.37547443
0.37547443
0.37547443
0.37547443
0.37547443
0.37189716
0.37189716
0.37189716
0.36928879
0.33366407
0.30272623
0.30272623
0.30272623
0.30272623
0.30272623
0.30272623
0.30272623
0.29807882
0.25797122
0.24008143
0.19836018
0.13701907
0.13701907
0.13701907
0.17427135
0.17427135
0.17427135
0.17427135
0.17427135
0.18099454
0.18099454
0.18099454
0.18099454
0.18099454
0.26048107
0.31791235
0.38381773
0.41116516
0.43439256
0.46791594
0.46791594
0.46791594
0.46244531
0.41487471
0.3768625
0.3768625
0.3768625
0.26506321
0.26506321
0.26506321
0.19799213
0.1639091
0.1639091
0.1639091
0.1639091
0.1639091
0.1639091
0.12127975
0.10399056
0.10399056
0.10399056
0.13197457
0.13197457
0.13197457
0.13671678
0.21064756
0.21064756
0.21064756
0.21064756
0.21064756
0.21064756
0.21043239
0.17432372
0.17432372
0.17432372
0.20540029
0.21212745
0.21212745
0.21212745
0.17486227
0.17486227
0.15590704
0.15590704
0.15590704
0.15590704
0.16955718
0.16955718
0.17193474
0.17193474
0.17193474
0.17193474
0.16623752
0.16015315
0.16015315
0.16015315
0.20158403
0.20158403
0.20158403
0.16259102
0.16259102
0.14489282
0.13313903
0.13313903
0.13313903
0.15717846
0.17159349
0.17159349
0.17159349
0.17159349
0.21544264
0.21552454
0.21552454
0.21552454
0.2740359
0.2740359
0.2740359
0.28900685
0.28900685
0.28900685
0.28658139
0.28658139
0.28658139
0.30823011
0.30823011
0.31551171
0.32660038
0.32660038
0.34655751
0.34655751
0.34655751
0.34655751
0.34655751
0.36826902
0.40592063
0.40592063
0.40592063
0.39632749
0.39632749
0.39632749
0.41346107
0.41346107
0.41346107
0.40569354
0.35953012
0.35953012
0.32459782
0.30839664
0.30839664
0.30839664
0.3512295
0.36291554
0.36291554
0.36291554
0.36291554
0.37516172
0.40209221
0.4147526
0.4147526
0.4147526
0.45593555
0.45593555
0.45593555
0.44299894
0.43439405
0.43439405
0.43439405
0.48190633
0.48190633
0.48190633
0.48190633
0.59195421
0.59195421
0.59195421
0.59195421
0.59195421
0.622115
0.622115
0.622115
0.622115
0.622115
0.622115
0.59858508
0.59858508
0.59858508
0.59858508
0.59858508
0.59289605
0.58217766
0.56346317
0.54546939
0.54546939
0.54546939
0.54546939
0.52533084
0.48912141
0.45104542
0.44201093
0.44201093
0.44201093
0.44201093
0.44201093
0.44201093
0.44201093
0.44201093
0.38656484
0.37926066
0.352252
0.32443923
0.23366251
0.19023204
0.1892763
0.1892763
0.15447876
0.05725781
0.05725781
0.05725781
0.05725781
0.05725781
0.0836624
0.0836624
0.0836624
0.08854037
0.08854037
0.09081866
0.13024798
0.13024798
0.13024798
0.13024798
0.19777621
0.19777621
0.19777621
0.19777621
0.17759621
0.17759621
0.17759621
0.18037359
0.18037359
0.18037359
0.18037359
0.18037359
0.18037359
0.22249889
0.22249889
0.22249889
0.22249889
0.22249889
0.22249889
0.22789283
0.22789283
0.22789283
0.22789283
0.22789283
0.22789283
0.22789283
0.22789283
0.22789283
0.22789283
0.22789283
0.21406127
0.21406127
0.21406127
0.21406127
0.21406127
0.21406127
0.21406127
0.17826034
0.17826034
0.17073603
0.17073603
0.17073603
0.17073603
0.17073603
0.17073603
0.17073603
0.17073603
0.17073603
0.17073603
0.17073603
0.17073603
0.17073603
0.17073603
0.17073603
0.17073603
0.17073603
0.21446059
0.21446059
0.21446059
0.21446059
0.21446059
0.21446059
0.21446059
0.21446059
0.21446059
0.21446059
0.21446059
0.21446059
0.21446059
0.25598355
0.25598355
0.25598355
0.25598355
0.316528
0.34286584
0.34286584
0.34286584
0.36013543
0.36013543
0.39347615
0.45527465
0.46097807
0.48601867
0.53842878
0.54257437
0.58014457
0.58014457
0.58014457
0.5267956
0.5267956
0.5267956
0.56456112
0.56456112
0.61373769
0.61373769
0.61373769
0.61373769
0.65372368
0.65372368
0.65372368
0.65372368
0.66898053
0.66898053
0.66898053
0.66908501
0.66908501
0.67426775
0.69425193
0.69425193
0.69425193
0.69788801
0.69953767
0.70565306
0.70565306
0.70565306
0.68799011
0.68799011
0.68799011
0.68799011
0.68799011
0.68799011
0.7182673
0.7182673
0.7182673
0.70911616
0.70911616
0.70911616
0.74115965
0.75723574
0.75723574
0.75723574
0.75723574
0.75723574
0.75723574
0.75723574
0.7191806
0.7191806
0.7191806
0.7316561
0.7316561
0.7316561
0.74240253
0.75764996
0.81005709
0.81005709
0.81005709
0.79614661
0.79614661
0.79614661
0.82186275
0.82186275
0.82186275
0.82186275
0.82186275
0.82851695
0.84688846
0.84688846
0.84688846
0.83091238
0.79652732
0.79652732
0.79652732
0.79652732
0.79652732
0.79652732
0.80225804
0.80225804
0.80225804
0.80225804
0.80225804
0.80225804
0.80225804
0.80225804
0.80225804
0.79803327
0.79803327
0.79803327
0.83124097
0.83124097
0.83124097
0.82328011
0.82328011
0.82328011
0.82328011
0.82328011
0.78687908
0.78687908
0.78687908
0.78687908
0.78687908
0.78687908
0.78687908
0.76535817
0.76535817
0.76535817
0.77674466
0.77674466
0.77674466
0.71494367
0.71494367
0.71494367
0.71494367
0.71257703
0.68172506
0.653577
0.64002515
0.63005427
0.63005427
0.60661742
0.58234097
0.55649627
0.54635415
0.54635415
0.54635415
0.54635415
0.54635415
0.54635415
0.54635415
0.54248726
0.54248726
0.54248726
0.54248726
0.54248726
0.54248726
0.52418946
0.52418946
0.52418946
0.52418946
0.52353725
0.52353725
0.52353725
0.52353725
0.52353725
0.52353725
0.52353725
0.52353725
0.52353725
0.52353725
0.47051339
0.45578342
0.45578342
0.45578342
0.48056243
0.48056243
0.48056243
0.48056243
0.48056243
0.49329778
0.49329778
0.50032127
0.52380826
0.52380826
0.52380826
0.54858554
0.54858554
0.54858554
0.54858554
0.54858554
0.54206511
0.54206511
0.54206511
0.54206511
0.53306512
0.53306512
0.53306512
0.53306512
0.53306512
0.53306512
0.53306512
0.53306512
0.54527159
0.54527159
0.54527159
0.57653058
0.57653058
0.57653058
0.57653058
0.58927288
0.58927288
0.58927288
0.53804112
0.53804112
0.53114172
0.53114172
0.53114172
0.53114172
0.53114172
0.51289182
0.51289182
0.51289182
0.51289182
0.51289182
0.51289182
0.53220344
0.53220344
0.53220344
0.47696333
0.47696333
0.47696333
0.47696333
0.47660322
0.47660322
0.47660322
0.47660322
0.47660322
0.47660322
0.47660322
0.47660322
0.47269116
0.44628881
0.44628881
0.44628881
0.44649008
0.44649008
0.44649008
0.44649008
0.44649008
0.44649008
0.44649008
0.44649008
0.39023839
0.39023839
0.39023839
0.41346082
0.41346082
0.41346082
0.39420604
0.39420604
0.39420604
0.39420604
0.39318925
0.39124749
0.38126669
0.36675066
0.34115786
0.34115786
0.34115786
0.37027655
0.37027655
0.37027655
0.38222045
0.38222045
0.38222045
0.38222045
0.38222045
0.38222045
0.38222045
0.37850867
0.37850867
0.37850867
0.38396491
0.3845454
0.39862265
0.41524598
0.41524598
0.41524598
0.41524598
0.41524598
0.41524598
0.41524598
0.41524598
0.41524598
0.41524598
0.44468085
0.4569176
0.47982633
0.47982633
0.47982633
0.46511498
0.46511498
0.46511498
0.47138301
0.47138301
0.47138301
0.49302081
0.49302081
0.49302081
0.49302081
0.49302081
0.52589843
0.54031792
0.54031792
0.54593225
0.54593225
0.54593225
0.55040296
0.55803647
0.58432367
0.58432367
0.58432367
0.58432367
0.59772638
0.59772638
0.59772638
0.57720017
0.57647325
0.57647325
0.57647325
0.57647325
0.57647325
0.57647325
0.57647325
0.57744885
0.57744885
0.57744885
0.57744885
0.60639207
0.60639207
0.60639207
0.60639207
0.60639207
0.60639207
0.60639207
0.59659765
0.59659765
0.59659765
0.63301977
0.63301977
0.63301977
0.64002043
0.64002043
0.64002043
0.64002043
0.64806468
0.64806468
0.64806468
0.64806468
0.64806468
0.63853309
0.63853309
0.63853309
0.64487706
0.65440518
0.65440518
0.66911678
0.70068376
0.70068376
0.70068376
0.70068376
0.70789289
0.70986889
0.70986889
0.70986889
0.70986889
0.70299953
0.70299953
0.67872878
0.66908352
0.66908352
0.66780341
0.66780341
0.66780341
0.67792989
0.67792989
0.67792989
0.665814
0.665814
0.665814
0.665814
0.665814
0.665814
0.665814
0.67447895
0.67447895
0.67447895
0.67447895
0.67447895
0.68926004
0.68926004
0.69938826
0.69938826
0.69938826
0.69938826
0.69208185
0.68050724
0.68050724
0.68050724
0.68050724
0.68050724
0.68227726
0.68227726
0.68227726
0.68227726
0.68227726
0.68233831
0.70356562
0.706105
0.72875885
0.72875885
0.72875885
0.71969235
0.70563073
0.70563073
0.70563073
0.70563073
0.70563073
0.70149953
0.67164375
0.67164375
0.67164375
0.67164375
0.67164375
0.6757536
0.6757536
0.6757536
0.68115201
0.68744932
0.69003337
0.69003337
0.69003337
0.69003337
0.69003337
0.69018724
0.69018724
0.7086677
0.7086677
0.71316969
0.73541677
0.73541677
0.73541677
0.73541677
0.75581343
0.75581343
0.75581343
0.75581343
0.75581343
0.73759207
0.73759207
0.73759207
0.75157129
0.75157129
0.75157129
0.75157129
0.75157129
0.7662536
0.7715855
0.7715855
0.7715855
0.7715855
0.7715855
0.74177687
0.74177687
0.74177687
0.76782359
0.76782359
0.76782359
0.76782359
0.76782359
0.76782359
0.76782359
0.81171642
0.81171642
0.81171642
0.80379204
0.80379204
0.77010163
0.75686744
0.75686744
0.75686744
0.74899915
0.71112419
0.71112419
0.71112419
0.71590909
0.71590909
0.71939304
0.71939304
0.71939304
0.70843193
0.70843193
0.67480531
0.673859
0.673859
0.673859
0.65463549
0.64632693
0.64632693
0.64632693
0.64632693
0.65556046
0.66581599
0.69711543
0.69711543
0.69711543
0.68162926
0.68162926
0.67892485
0.67892485
0.67892485
0.67892485
0.68154314
0.68154314
0.68154314
0.64674064
0.61383895
0.61383895
0.61383895
0.60210154
0.60210154
0.60210154
0.6044858
0.61797859
0.65874535
0.67433948
0.67433948
0.67433948
0.6476326
0.6476326
0.6476326
0.6476326
0.6476326
0.63243084
0.63243084
0.63243084
0.63243084
0.62758836
0.62758836
0.62758836
0.66052604
0.66052604
0.66052604
0.65040899
0.63742124
0.63100753
0.62213808
0.60987552
0.60987552
0.60987552
0.60987552
0.61752293
0.63074074
0.63502035
0.63502035
0.65168215
0.65168215
0.65290171
0.65833585
0.6645401
0.6645401
0.6645401
0.67877246
0.69776293
0.69776293
0.69776293
0.69135989
0.68267832
0.6739543
0.66616195
0.66616195
0.66591675
0.66340194
0.66340194
0.66340194
0.66340194
0.66340194
0.66307931
0.66307931
0.66307931
0.66307931
0.66307931
0.65984454
0.6528275
0.6528275
0.6528275
0.66403406
0.66456889
0.6655616
0.6655616
0.6655616
0.65952314
0.65085
0.64248138
0.64107792
0.64107792
0.64107792
0.64107792
0.64107792
0.64107792
0.64118266
0.64843844
0.64843844
0.65505988
0.66068711
0.66068711
0.66068711
0.65985297
0.65985297
0.65985297
0.66630912
0.68247853
0.69815133
0.71312725
0.71312725
0.71312725
0.71204692
0.71136591
0.70249299
0.70249299
0.70249299
0.70249299
0.70028767
0.69021082
0.68938538
0.6872004
0.6872004
0.6872004
0.69357639
0.71603442
0.71603442
0.71603442
0.70558879
0.703241
0.69795279
0.69795279
0.69795279
0.71304981
0.72799793
0.72799793
0.72799793
0.71825911
0.69953345
0.69953345
0.69953345
0.69953345
0.69953345
0.69953345
0.69953345
0.69953345
0.69953345
0.69953345
0.70972272
0.71563188
0.7221667
0.7221667
0.7221667
0.7221667
0.7221667
0.7221667
0.70771593
0.69279437
0.69279437
0.69279437
0.69753833
0.69753833
0.69753833
0.69185998
0.68611288
0.68157268
0.68157268
0.68157268
0.68461809
0.68948043
0.68948043
0.68948043
0.68948043
0.68948043
0.68948043
0.69435766
0.69845585
0.69845585
0.69845585
0.69845585
0.69845585
0.69845585
0.69845585
0.69845585
0.69464828
0.69464828
0.693902
0.69335303
0.69335303
0.69335303
0.69335303
0.69335303
0.69335303
0.69335303
0.70678005
0.71649157
0.71649157
0.71649157
0.71114975
0.69942127
0.69682655
0.68411404
0.68411404
0.68411404
0.68411404
0.6933292
0.69509674
0.69509674
0.69509674
0.69509674
0.69509674
0.69509674
0.69509674
0.69522331
0.69522331
0.70030603
0.71032232
0.71217349
0.71217349
0.71217349
0.70271784
0.70047554
0.70047554
0.70047554
0.70047554
0.70047554
0.70047554
0.70053436
0.70053436
0.70053436
0.70053436
0.70053436
0.71771932
0.72309812
0.7440569
0.75666245
0.75666245
0.75666245
0.75666245
0.75666245
0.75666245
0.75666245
0.75666245
0.75666245
0.74489153
0.74356923
0.74146243
0.74146243
0.74146243
0.74146243
0.74146243
0.73986738
0.73986738
0.73062814
0.71315703
0.70523637
0.70523637
0.70523637
0.70523637
0.70758713
0.71424356
0.72650836
0.73156303
0.73156303
0.73156303
0.72811954
0.7271705
0.7271705
0.7271705
0.7271705
0.71462054
0.6994858
0.6994858
0.6994858
0.70452732
0.70452732
0.70452732
0.69518236
0.69518236
0.69518236
0.69518236
0.69518236
0.71146072
0.71332902
0.71332902
0.71332902
0.71332902
0.71332902
0.71332902
0.71332902
0.71332902
0.71332902
0.71332902
0.72432437
0.72432437
0.72554095
0.72554095
0.72554095
0.72276804
0.72276804
0.72276804
0.72276804
0.72276804
0.72276804
0.72003508
0.7137261
0.7137261
0.7137261
0.72906089
0.72906089
0.72906089
0.72906089
0.72906089
0.73585654
0.73585654
0.73585654
0.73537731
0.72389353
0.72389353
0.72389353
0.73088774
0.73429301
0.75229374
0.77223697
0.77223697
0.77223697
0.76929232
0.75926362
0.75926362
0.75926362
0.75926362
0.7439683
0.73548924
0.73548924
0.73548924
0.77504736
0.78375748
0.7938847
0.7938847
0.7938847
0.76405721
0.76405721
0.76405721
0.78760873
0.78760873
0.79893218
0.80855932
0.80889983
0.82762152
0.82762152
0.82762152
0.82762152
0.81856767
0.81856767
0.81856767
0.81920748
0.84710189
0.84710189
0.84710189
0.84710189
0.84710189
0.84710189
0.84710189
0.84710189
0.84710189
0.82867256
0.82231965
0.82179748
0.80403476
0.80403476
0.80403476
0.80403476
0.79577087
0.79577087
0.79552914
0.79552914
0.79552914
0.79552914
0.79552914
0.78273398
0.78273398
0.78273398
0.78578461
0.81780774
0.81780774
0.81780774
0.7827186
0.75080814
0.75080814
0.75080814
0.75080814
0.75080814
0.75080814
0.75080814
0.75080814
0.75080814
0.77727775
0.77727775
0.77727775
0.76215839
0.7603164
0.7603164
0.7603164
0.7402054
0.7402054
0.7402054
0.7425162
0.75528133
0.77009096
0.77179223
0.77179223
0.77179223
0.76909303
0.76909303
0.76909303
0.76909303
0.76909303
0.76909303
0.76909303
0.76909303
0.76350526
0.76115202
0.75987514
0.74638979
0.74638979
0.74550156
0.74550156
0.73868083
0.72363865
0.72363865
0.71995542
0.71995542
0.71995542
0.71995542
0.71995542
0.72870177
0.75523194
0.7568935
0.7568935
0.77724077
0.77724077
0.77724077
0.76208617
0.75116303
0.75116303
0.75116303
0.75856375
0.77208459
0.77208459
0.77208459
0.76911611
0.73690982
0.73611018
0.72927358
0.72927358
0.72927358
0.72927358
0.72927358
0.72927358
0.73906576
0.73906576
0.73906576
0.73906576
0.73906576
0.74795829
0.76512811
0.76677503
0.76677503
0.76677503
0.76677503
0.76677503
0.76677503
0.76677503
0.76677503
0.77239184
0.77239184
0.77239184
0.77239184
0.76340773
0.76340773
0.76340773
0.78234583
0.78234583
0.78234583
0.78234583
0.78234583
0.79755181
0.79935508
0.79935508
0.83136258
0.83798129
0.83798129
0.84803033
0.88320163
0.88779693
0.88779693
0.88779693
0.88779693
0.88779693
