0.62942139
0.61527936
0.61527936
0.61527936
0.61527936
0.61527936
0.64654372
0.66941566
0.66941566
0.66941566
0.71395553
0.75785817
0.77061983
0.77061983
0.77061983
0.74777852
0.74777852
0.74777852
0.74777852
0.74777852
0.74777852
0.73922694
0.73922694
0.73049073
0.72072453
0.72072453
0.69924498
0.69924498
0.62526225
0.59093172
0.59093172
0.59093172
0.59093172
0.59093172
0.58442693
0.58442693
0.58442693
0.58442693
0.587064
0.62351661
0.62351661
0.62351661
0.62351661
0.62914314
0.65800574
0.69883934
0.69883934
0.69883934
0.69883934
0.69883934
0.69883934
0.69883934
0.69303132
0.68577023
0.67875017
0.67875017
0.67875017
0.67875017
0.67875017
0.67875017
0.67875017
0.67875017
0.67875017
0.67875017
0.62185943
0.60998118
0.58902434
0.58902434
0.58902434
0.58902434
0.58902434
0.58902434
0.58902434
0.58902434
0.58902434
0.58902434
0.58902434
0.58902434
0.6097911
0.6097911
0.6097911
0.6097911
0.62638069
0.62638069
0.62638069
0.59906506
0.59906506
0.59906506
0.61404184
0.63140606
0.63140606
0.63140606
0.61856682
0.6117855
0.6117855
0.6117855
0.6117855
0.6176522
0.6176522
0.63368129
0.6346271
0.6346271
0.6346271
0.6346271
0.6346271
0.6346271
0.63425067
0.60161195
0.60161195
0.60161195
0.60024161
0.60024161
0.60024161
0.57543881
0.57543881
0.57543881
0.55845675
0.55845675
0.55845675
0.55845675
0.54324838
0.54324838
0.54324838
0.55597627
0.55850112
0.55850112
0.55850112
0.55850112
0.62566474
0.62566474
0.62566474
0.62641905
0.62641905
0.62641905
0.62613736
0.62613736
0.62613736
0.62982588
0.62982588
0.62982588
0.62982588
0.62982588
0.63620643
0.63620643
0.64797303
0.64797303
0.64797303
0.64152407
0.64152407
0.64152407
0.64912095
0.64912095
0.64912095
0.65293915
0.65293915
0.65293915
0.65293915
0.66480108
0.66480108
0.66480108
0.66480108
0.66480108
0.68653713
0.68653713
0.68653713
0.68653713
0.67849625
0.63980734
0.62534413
0.62534413
0.62063508
0.61470511
0.61470511
0.61470511
0.61470511
0.61470511
0.61470511
0.61470511
0.6274579
0.6274579
0.6274579
0.6274579
0.64727512
0.66059157
0.66059157
0.66059157
0.64634705
0.64634705
0.64634705
0.65839993
0.65839993
0.65949775
0.65949775
0.65949775
0.66825114
0.67197229
0.67197229
0.67197229
0.66071695
0.6501953
0.6501953
0.6501953
0.65724027
0.65724027
0.65724027
0.65724027
0.65724027
0.65716555
0.64375006
0.63509457
0.63509457
0.63509457
0.63509457
0.63509457
0.62541999
0.6197677
0.61956932
0.61956932
0.61956932
0.61956932
0.61956932
0.59237936
0.59237936
0.59237936
0.59237936
0.62009089
0.63014306
0.63014306
0.63014306
0.63014306
0.63014306
0.63014306
0.63014306
0.63014306
0.63014306
0.6013297
0.6013297
0.6013297
0.6013297
0.6013297
0.62429897
0.62429897
0.62429897
0.62429897
0.62429897
0.61903973
0.61408277
0.61408277
0.61408277
0.61408277
0.60572786
0.60572786
0.59012417
0.58414038
0.58414038
0.57942905
0.57942905
0.57942905
0.57942905
0.57942905
0.57942905
0.57942905
0.57942905
0.57942905
0.57942905
0.57942905
0.57942905
0.57942905
0.57942905
0.56046861
0.56046861
0.56046861
0.57018299
0.57018299
0.57055457
0.57055457
0.57055457
0.57055457
0.57055457
0.57055457
0.57055457
0.58991577
0.59517072
0.59517072
0.59517072
0.56830081
0.54615053
0.54615053
0.54615053
0.54428953
0.54428953
0.54428953
0.56762551
0.59536481
0.6024404
0.60248935
0.60903794
0.60903794
0.60903794
0.60903794
0.60903794
0.60903794
0.60903794
0.60903794
0.63243632
0.63243632
0.63243632
0.63243632
0.63243632
0.64018951
0.64018951
0.64018951
0.64018951
0.64018951
0.64018951
0.64018951
0.64018951
0.64018951
0.60082272
0.60082272
0.60082272
0.60082272
0.63600289
0.63600289
0.63600289
0.63600289
0.63600289
0.62617
0.60155756
0.60155756
0.5850653
0.5850653
0.5850653
0.5850653
0.60790691
0.65193694
0.65193694
0.65193694
0.65957504
0.72398594
0.75978645
0.75978645
0.75978645
0.74642391
0.74642391
0.72283831
0.72283831
0.72283831
0.72283831
0.72283831
0.72283831
0.72283831
0.72283831
0.72283831
0.72283831
0.73222664
0.73222664
0.73222664
0.68115393
0.65030981
0.65030981
0.65030981
0.65030981
0.69147519
0.7361058
0.7361058
0.77758579
0.77758579
0.77758579
0.77758579
0.77758579
0.77758579
0.73440053
0.73440053
0.73440053
0.73873858
0.78292777
0.78292777
0.82608899
0.83853547
0.83853547
0.83853547
0.78228539
0.74023316
0.74023316
0.70865678
0.69103263
0.69103263
0.69103263
0.68456134
0.64155298
0.64155298
0.64155298
0.68378957
0.68378957
0.70306317
0.70306317
0.70306317
0.63987748
0.63550737
0.63550737
0.63550737
0.63550737
0.63550737
0.63621902
0.63621902
0.64316465
0.64316465
0.64419205
0.64419205
0.64419205
0.59637103
0.5527827
0.52722789
0.51476194
0.51476194
0.51476194
0.53981293
0.53981293
0.53981293
0.53981293
0.45451217
0.45451217
0.45451217
0.45451217
0.41740258
0.41740258
0.41740258
0.44657692
0.47628515
0.49426656
0.49426656
0.49426656
0.43959551
0.43959551
0.43959551
0.46327472
0.46327472
0.46327472
0.44199011
0.38055893
0.38055893
0.38055893
0.38055893
0.38055893
0.38055893
0.38055893
0.53584616
0.55903758
0.55903758
0.59182429
0.59182429
0.59182429
0.59182429
0.59182429
0.64851465
0.64851465
0.64851465
0.64851465
0.64851465
0.62827547
0.56871102
0.56655946
0.56655946
0.56655946
0.62234179
0.7082769
0.7082769
0.7082769
0.7082769
0.67901525
0.6237233
0.61514138
0.61514138
0.61514138
0.61514138
0.65083568
0.70289742
0.70289742
0.76479979
0.76479979
0.76479979
0.76852266
0.76852266
0.76852266
0.76792007
0.76792007
0.76593684
0.76593684
0.66542514
0.64655316
0.62761621
0.62761621
0.62761621
0.62761621
0.62761621
0.61867674
0.61867674
0.61867674
0.61867674
0.61867674
0.61412199
0.60494293
0.60494293
0.52051213
0.49369889
0.49369889
0.49369889
0.49969355
0.49969355
0.49969355
0.49969355
0.49969355
0.51323071
0.52711052
0.52711052
0.54880392
0.56239002
0.58317968
0.58317968
0.58564127
0.58564127
0.65826824
0.65826824
0.69729065
0.71446336
0.71446336
0.71446336
0.69932284
0.69899307
0.66233234
0.66233234
0.66233234
0.65251233
0.65251233
0.65251233
0.65251233
0.65251233
0.65251233
0.65251233
0.61591945
0.61591945
0.61591945
0.61591945
0.61591945
0.61591945
0.6589381
0.6589381
0.6589381
0.63894683
0.6064982
0.6064982
0.52840071
0.50492589
0.39423235
0.39423235
0.39423235
0.39423235
0.39423235
0.4483446
0.45202568
0.45202568
0.48116137
0.49349307
0.52421839
0.52421839
0.52421839
0.51447052
0.50031246
0.50031246
0.42985479
0.42985479
0.42985479
0.4642171
0.5938456
0.7187559
0.7187559
0.7187559
0.55823375
0.55823375
0.55823375
0.55823375
0.62909218
0.62909218
0.63703144
0.63703144
0.70547695
0.70547695
0.70547695
0.70547695
0.70547695
0.70547695
0.69452133
0.69452133
0.69452133
0.69452133
0.7435043
0.7435043
0.7435043
0.7435043
0.70189893
0.57230564
0.44060917
0.42678575
0.39687514
0.39687514
0.39687514
0.43171809
0.43171809
0.43171809
0.43171809
0.43171809
0.43171809
0.43171809
0.43171809
0.48239804
0.48914128
0.48914128
0.49560599
0.49560599
0.49560599
0.53273533
0.53273533
0.53273533
0.45269067
0.45269067
0.45269067
0.45269067
0.45269067
0.32837953
0.32837953
0.32837953
0.3801052
0.56225576
0.58354696
0.6066754
0.6066754
0.6066754
0.56192284
0.54158261
0.52572872
0.52572872
0.52572872
0.52572872
0.59423693
0.59423693
0.59423693
0.59423693
0.59423693
0.59423693
0.59423693
0.59423693
0.59423693
0.59423693
0.68404892
0.68404892
0.68404892
0.68404892
0.68404892
0.70181076
0.7462012
0.7462012
0.7462012
0.76467126
0.76467126
0.76467126
0.76467126
0.76467126
0.76467126
0.76467126
0.75208193
0.75208193
0.75208193
0.75927947
0.7897692
0.7897692
0.7897692
0.7897692
0.81063615
0.81063615
0.82811345
0.82811345
0.82811345
0.81997467
0.81997467
0.81997467
0.81997467
0.81997467
0.81997467
0.81997467
0.81997467
0.81997467
0.81997467
0.81997467
0.7944668
0.7944668
0.7944668
0.80171587
0.84980484
0.85794276
0.85794276
0.85794276
0.84778897
0.84778897
0.84778897
0.84778897
0.84646385
0.79083009
0.72737789
0.71138488
0.71138488
0.71138488
0.73060037
0.73060037
0.73060037
0.60243926
0.60243926
0.60243926
0.62741267
0.62741267
0.62741267
0.59675462
0.59675462
0.59675462
0.66001617
0.66001617
0.66001617
0.64235567
0.64235567
0.64235567
0.64235567
0.73637003
0.73637003
0.73637003
0.727511
0.7258667
0.7258667
0.7258667
0.7258667
0.63321525
0.61344269
0.60346981
0.60346981
0.60346981
0.6678644
0.68158361
0.68158361
0.68158361
0.64184583
0.64184583
0.63836743
0.63836743
0.63836743
0.63836743
0.63836743
0.68512385
0.69247454
0.69247454
0.76377754
0.76377754
0.76377754
0.70403074
0.70403074
0.68314862
0.68314862
0.68314862
0.7200395
0.7200395
0.7200395
0.7200395
0.74501378
0.78897024
0.78897024
0.78897024
0.72495524
0.71018199
0.6402459
0.6402459
0.60011479
0.56542385
0.56542385
0.56542385
0.56542385
0.56542385
0.56542385
0.56542385
0.56542385
0.6160205
0.6160205
0.6160205
0.6160205
0.6160205
0.70419363
0.74373389
0.74373389
0.74373389
0.73148721
0.73148721
0.73148721
0.73148721
0.69699494
0.69699494
0.68280968
0.68280968
0.68280968
0.68280968
0.68280968
0.68280968
0.71040556
0.74500605
0.74500605
0.74500605
0.68004466
0.6545262
0.61604197
0.61604197
0.61604197
0.61604197
0.61604197
0.6597677
0.6597677
0.6597677
0.64592768
0.62448361
0.59994132
0.59994132
0.59994132
0.60859222
0.60859222
0.60859222
0.60859222
0.65910499
0.68507461
0.68507461
0.68507461
0.74779627
0.74779627
0.74779627
0.74779627
0.74779627
0.74779627
0.74779627
0.74779627
0.72903965
0.71026673
0.71026673
0.71026673
0.64669486
0.64669486
0.64669486
0.64669486
0.64669486
0.64403976
0.64403976
0.64403976
0.64403976
0.67486757
0.67486757
0.67486757
0.67486757
0.67486757
0.67486757
0.67486757
0.63373568
0.61263513
0.56284633
0.54993552
0.54993552
0.54993552
0.57885938
0.60072568
0.60072568
0.60893402
0.61163035
0.64182293
0.6663638
0.6663638
0.6663638
0.6663638
0.56902992
0.56902992
0.56902992
0.58112602
0.58112602
0.58112602
0.66162097
0.72496067
0.77513193
0.78826402
0.78826402
0.81159542
0.81159542
0.81159542
0.81159542
0.76390923
0.73319049
0.68439559
0.67939083
0.65808045
0.65302818
0.65302818
0.65302818
0.65302818
0.67881801
0.68102798
0.75876591
0.82122478
0.82122478
0.82959429
0.85649484
0.85649484
0.85649484
0.85649484
0.85649484
0.85649484
0.85649484
0.83343281
0.67278986
0.51088277
0.51088277
0.51088277
0.51088277
0.51088277
0.51088277
0.57875518
0.60508291
0.66161525
0.66161525
0.66161525
0.61528651
0.55715282
0.55715282
0.55715282
0.55715282
0.55715282
0.55715282
0.55715282
0.55715282
0.55715282
0.61735735
0.64640745
0.65937294
0.65937294
0.71259406
0.74530691
0.74530691
0.74530691
0.73733273
0.73733273
0.66885573
0.66885573
0.62301766
0.62301766
0.62301766
0.62301766
0.62301766
0.62301766
0.61806872
0.61806872
0.61806872
0.6930173
0.6930173
0.6930173
0.6930173
0.61267178
0.61267178
0.61267178
0.61792616
0.64272867
0.66765685
0.66765685
0.77443001
0.77443001
0.77443001
0.77443001
0.72731291
0.72731291
0.72731291
0.60134487
0.60134487
0.60134487
0.62556255
0.63683764
0.63683764
0.63683764
0.63683764
0.61461923
0.61461923
0.61461923
0.61461923
0.61461923
0.61461923
0.61461923
0.61461923
0.61461923
0.61461923
0.61461923
0.67054784
0.67310475
0.7543125
0.7543125
0.7543125
0.75220159
0.75220159
0.75220159
0.74353264
0.74353264
0.72462202
0.72462202
0.72462202
0.73498078
0.73498078
0.73498078
0.65081392
0.65081392
0.65081392
0.67685739
0.67685739
0.67685739
0.62894991
0.61711002
0.57450616
0.57450616
0.57450616
0.57450616
0.57450616
0.5447965
0.5447965
0.5447965
0.5447965
0.28462575
0.24181263
0.20884757
0.20884757
0.13954556
0.13954556
0.13954556
0.14643136
0.14643136
0.24930016
0.32137464
0.33963687
0.33963687
0.37141679
0.37141679
0.37141679
0.37141679
0.35692266
0.35692266
0.35692266
0.4009315
0.40190394
0.54946547
0.56501735
0.56501735
0.56501735
0.56019294
0.56019294
0.56019294
0.56019294
0.57657614
0.66957196
0.66957196
0.66957196
0.66957196
0.66957196
0.6899703
0.6899703
0.6899703
0.6899703
0.6899703
0.6899703
0.6899703
0.6899703
0.6899703
0.64924691
0.64924691
0.64924691
0.64928785
0.64928785
0.64928785
0.78509622
0.78509622
0.78509622
0.75864998
0.75864998
0.73212186
0.73212186
0.73212186
0.73212186
0.73212186
0.74792365
0.74792365
0.74792365
0.67934789
0.67934789
0.67934789
0.67934789
0.67934789
0.67934789
0.6564539
0.65377733
0.65377733
0.65377733
0.61622346
0.61622346
0.61622346
0.61622346
0.65167329
0.65167329
0.65167329
0.65167329
0.66631284
0.66631284
0.66631284
0.69109961
0.69109961
0.69109961
0.69109961
0.69109961
0.69109961
0.69109961
0.68224889
0.68224889
0.68224889
0.69396483
0.71397843
0.71397843
0.71397843
0.68589075
0.68589075
0.66829036
0.60381934
0.60381934
0.58375135
0.58375135
0.58375135
0.58375135
0.58522704
0.58522704
0.58522704
0.58522704
0.58522704
0.58522704
0.58522704
0.62703681
0.62703681
0.62703681
0.58354495
0.58354495
0.58354495
0.58354495
0.58354495
0.57629502
0.57629502
0.57629502
0.57629502
0.61614703
0.61614703
0.61614703
0.60245987
0.60245987
0.60245987
0.52014657
0.52014657
0.52014657
0.54978895
0.54978895
0.54978895
0.48545648
0.48545648
0.48545648
0.53443373
0.60217847
0.63612112
0.63612112
0.67398387
0.67398387
0.69593691
0.69593691
0.69941731
0.69941731
0.69941731
0.65030408
0.65030408
0.65030408
0.65030408
0.59691607
0.50877042
0.50877042
0.50877042
0.50877042
0.50877042
0.50877042
0.50877042
0.49464843
0.49464843
0.49464843
0.49464843
0.47958205
0.43417939
0.41811538
0.34443266
0.27401822
0.27401822
0.27401822
0.2779389
0.36217962
0.37008967
0.37008967
0.37008967
0.38839799
0.38839799
0.38839799
0.38839799
0.38941938
0.41829687
0.41829687
0.44369825
0.44369825
0.44369825
0.44369825
0.40912153
0.39224338
0.39224338
0.39224338
0.39224338
0.44432345
0.44432345
0.44432345
0.44432345
0.44432345
0.44432345
0.46329533
0.46329533
0.55709012
0.56929643
0.56929643
0.61858457
0.61858457
0.61858457
0.61858457
0.61858457
0.61858457
0.62533783
0.62533783
0.62961777
0.67463169
0.67463169
0.67463169
0.67463169
0.70426176
0.73741575
0.77069169
0.77069169
0.77069169
0.77069169
0.74955536
0.69187339
0.68651767
0.68651767
0.68651767
0.69576143
0.75648696
0.75648696
0.75648696
0.53886253
0.53886253
0.53886253
0.53886253
0.53886253
0.53886253
0.53886253
0.53886253
0.53886253
0.53886253
0.53886253
0.64391495
0.64391495
0.64391495
0.64391495
0.64391495
0.64391495
0.64391495
0.63325246
0.58803272
0.50131123
0.49223551
0.48356256
0.48356256
0.48356256
0.48356256
0.48356256
0.48356256
0.48356256
0.57737338
0.57737338
0.59505192
0.59505192
0.59505192
0.59505192
0.5999333
0.5999333
0.5999333
0.64501907
0.64501907
0.64501907
0.64501907
0.64501907
0.64501907
0.64501907
0.64501907
0.64501907
0.60013082
0.60013082
0.59699251
0.58807795
0.57705448
0.57705448
0.57705448
0.66029127
0.73099828
0.75341735
0.77780936
0.77780936
0.78730189
0.78730189
0.78730189
0.76126386
0.76126386
0.76126386
0.76126386
0.76126386
0.76126386
0.78773042
0.78773042
0.81402237
0.81402237
0.81402237
0.81402237
0.81402237
0.81402237
0.81402237
0.81402237
0.80745633
0.80745633
0.80745633
0.80745633
0.80371943
0.79030022
0.79030022
0.79030022
0.79030022
0.79030022
0.79030022
0.79030022
0.79248012
0.79248012
0.79248012
0.78063336
0.78063336
0.78063336
0.78063336
0.79373654
0.80173877
0.84614609
0.86609786
0.86609786
0.86609786
0.80424816
0.80424816
0.80424816
0.81561286
0.81561286
0.81561286
0.81561286
0.77364994
0.77364994
0.75901325
0.75901325
0.75901325
0.71099498
0.7101276
0.7101276
0.7101276
0.68205194
0.68205194
0.679627
0.64225634
0.64225634
0.64225634
0.5455823
0.54549642
0.54549642
0.54549642
0.51462424
0.51462424
0.51462424
0.51821171
0.51821171
0.59337699
0.59337699
0.59337699
0.63609306
0.64077492
0.64077492
0.64077492
0.64077492
0.60830997
0.58133213
0.58133213
0.50843607
0.50843607
0.48492146
0.48492146
0.47989723
0.47328739
0.47328739
0.47328739
0.51787134
0.53497048
0.53497048
0.53497048
0.53497048
0.56137894
0.60639887
0.60639887
0.63988034
0.74613479
0.76135575
0.77021133
0.87340103
0.87340103
0.88390923
0.88390923
0.88390923
0.88390923
0.88390923
0.88390923
0.90628078
0.91674661
0.91674661
0.91674661
0.82895163
0.82895163
0.82176983
0.7822894
0.71946898
0.71946898
0.71946898
0.77538814
0.79004144
0.79004144
0.80822752
0.80822752
0.80822752
0.80822752
0.80822752
0.81345757
0.81345757
0.84343632
0.86210934
0.86210934
0.86210934
0.86060244
0.86060244
0.84023789
0.83883691
0.83883691
0.83883691
0.84587472
0.84945417
0.87212916
0.87212916
0.87212916
0.82349514
0.82349514
0.77758951
0.77758951
0.77758951
0.77758951
0.77758951
0.79072131
0.79072131
0.80121176
0.80121176
0.80121176
0.80121176
0.80121176
0.80121176
0.78662487
0.78662487
0.78662487
0.82536016
0.86859179
0.88590506
0.88590506
0.88590506
0.84204307
0.84204307
0.84204307
0.76579313
0.7280758
0.7280758
0.7280758
0.7280758
0.7280758
0.73531056
0.73531056
0.73531056
0.73531056
0.73531056
0.73531056
0.73531056
0.66572657
0.60375579
0.58041351
0.58041351
0.58041351
0.58041351
0.58041351
0.58041351
0.58041351
0.62081686
0.62081686
0.62081686
0.6475402
0.6475402
0.6475402
0.6475402
0.6475402
0.65668034
0.7131892
0.7131892
0.7131892
0.7131892
0.7131892
0.73492611
0.78516178
0.82150503
0.82150503
0.82882138
0.82882138
0.82882138
0.80909261
0.77276567
0.77276567
0.77276567
0.75010127
0.70325182
0.70325182
0.70325182
0.75564993
0.75564993
0.75564993
0.67444848
0.67444848
0.67444848
0.67444848
0.67444848
0.56395646
0.56395646
0.56395646
0.56159449
0.56159449
0.56159449
0.56159449
0.60639343
0.6222061
0.6222061
0.6222061
0.6222061
0.62829437
0.62829437
0.62829437
0.59263499
0.5657625
0.5657625
0.5657625
0.5848277
0.5848277
0.5848277
0.55584373
0.50984449
0.50984449
0.50984449
0.50984449
0.50984449
0.50984449
0.50984449
0.50984449
0.50984449
0.51915065
0.51915065
0.51915065
0.51915065
0.51915065
0.51915065
0.51915065
0.51915065
0.51915065
0.51915065
0.5620883
0.5620883
0.5620883
0.59573438
0.64645583
0.64645583
0.64645583
0.6146928
0.6146928
0.6146928
0.6146928
0.6146928
0.6146928
0.64030029
0.66493448
0.68500132
0.70518811
0.76744602
0.77373868
0.77373868
0.77373868
0.77373868
0.77373868
0.77373868
0.77373868
0.70176697
0.70176697
0.70176697
0.70176697
0.70176697
0.70176697
0.72186702
0.72186702
0.80562853
0.85456484
0.85456484
0.85456484
0.79641568
0.79641568
0.79641568
0.79641568
0.75954484
0.75954484
0.75954484
0.76641805
0.76641805
0.76641805
0.70632945
0.70632945
0.70632945
0.74513916
0.76251283
0.77232082
0.79168374
0.83213489
0.8403209
0.8403209
0.8403209
0.8403209
0.8403209
0.72777408
0.70937215
0.69374756
0.69374756
0.69374756
0.62576207
0.62576207
0.62576207
0.62576207
0.62576207
0.62576207
0.68740652
0.68740652
0.68740652
0.68740652
0.69811967
0.69811967
0.69811967
0.66530433
0.63415162
0.63415162
0.63415162
0.63415162
0.63415162
0.63415162
0.63415162
0.63415162
0.63415162
0.63472386
0.63472386
0.63472386
0.66986767
0.67386335
0.68130565
0.71388368
0.73352742
0.73352742
0.73352742
0.69247225
0.67371678
0.67371678
0.66715818
0.66715818
0.66715818
0.62204665
0.62204665
0.62204665
0.62204665
0.62204665
0.67104937
0.67104937
0.67104937
0.62245858
0.62245858
0.62245858
0.5963321
0.5963321
0.5963321
0.5963321
0.5963321
0.5963321
0.5963321
0.5963321
0.61846004
0.61846004
0.61846004
0.61846004
0.61846004
0.61846004
0.61846004
0.61846004
0.61846004
0.61846004
0.61846004
0.59729194
0.59729194
0.59729194
0.64079467
0.64079467
0.64079467
0.64079467
0.69152758
0.69152758
0.69152758
0.68584523
0.68584523
0.68584523
0.68584523
0.68584523
0.69476236
0.69476236
0.69526562
0.69526562
0.69526562
0.6638879
0.6638879
0.6638879
0.6638879
0.62985794
0.59272831
0.58296241
0.58296241
0.54806221
0.48888221
0.36562137
0.36562137
0.36562137
0.41302131
0.41963773
0.48778066
0.48778066
0.48778066
0.53399403
0.64097788
0.64097788
0.64097788
0.64097788
0.64097788
0.64097788
0.64097788
0.64097788
0.63562302
0.46047477
0.46047477
0.46047477
0.58273511
0.60114992
0.61822158
0.66868655
0.66868655
0.66868655
0.66868655
0.64637453
0.64637453
0.64637453
0.64637453
0.58870601
0.58870601
0.58870601
0.58870601
0.58870601
0.58870601
0.58872605
0.61821586
0.713306
0.713306
0.713306
0.68263335
0.68263335
0.68263335
0.68539093
0.71913119
0.71913119
0.71913119
0.71913119
0.66264322
0.66264322
0.66264322
0.66264322
0.64019809
0.62582619
0.62582619
0.62582619
0.62582619
0.62582619
0.7755264
0.84837037
0.84837037
0.84837037
0.82013755
0.74772756
0.74007944
0.74007944
0.73525617
0.73525617
0.73525617
0.81859831
0.81859831
0.81859831
0.85426169
0.85426169
0.85426169
0.85426169
0.85426169
0.85426169
0.78694291
0.72094439
0.65469395
0.64628694
0.64628694
0.64628694
0.64628694
0.64628694
0.61593319
0.61593319
0.61593319
0.67943148
0.69998297
0.69998297
0.69998297
0.69345929
0.63749919
0.63749919
0.63749919
0.72622768
0.75530584
0.75530584
0.75530584
0.74449478
0.6983796
0.6983796
0.54167107
0.54167107
0.54167107
0.55048457
0.55048457
0.59111865
0.59111865
0.59111865
0.66907758
0.70819618
0.70819618
0.70819618
0.64174736
0.64174736
0.64174736
0.64174736
0.64174736
0.64174736
0.64174736
0.66475843
0.66475843
0.66475843
0.66475843
0.61197759
0.58417101
0.58417101
0.58417101
0.58417101
0.55694069
0.53295718
0.53295718
0.53295718
0.53295718
0.53295718
0.53295718
0.56367621
0.67272717
0.67272717
0.67272717
0.67272717
0.67272717
0.67272717
0.67272717
0.67272717
0.65103749
0.65103749
0.65103749
0.73612298
0.73654007
0.73654007
0.73654007
0.73139647
0.72379558
0.72379558
0.72379558
0.73352112
0.73352112
0.73352112
0.73352112
0.73352112
0.73352112
0.73352112
0.73352112
0.73352112
0.75496661
0.76197036
0.76197036
0.82313016
0.82313016
0.82313016
0.83843442
0.83843442
0.83843442
0.83843442
0.85323228
0.85323228
0.85323228
0.83161761
0.83161761
0.83161761
0.83161761
0.83161761
0.81740344
0.76707273
0.75903901
0.75903901
0.75903901
0.76938775
0.76938775
0.76938775
0.71346373
0.64852839
0.64852839
0.64056766
0.64056766
0.64056766
0.64056766
0.64056766
0.64056766
0.64056766
0.64056766
0.64056766
0.63914035
0.63914035
0.63914035
0.63914035
0.63914035
0.63914035
0.63914035
0.61590112
0.61590112
0.61590112
0.59946698
0.59946698
0.59946698
0.57448555
0.57448555
0.57448555
0.57448555
0.59087447
0.5908905
0.5908905
0.5908905
0.5908905
0.6425927
0.6425927
0.65556333
0.67322641
0.70463992
0.70463992
0.70463992
0.70463992
0.70463992
0.69071001
0.69071001
0.69071001
0.69071001
0.65699208
0.65699208
0.65198875
0.65198875
0.59611024
0.59611024
0.59611024
0.59611024
0.59611024
0.59611024
0.58613851
0.56476172
0.56476172
0.56476172
0.56476172
0.56476172
0.57412858
0.63840551
0.69531113
0.74172174
0.76501277
0.76501277
0.76501277
0.76501277
0.72556498
0.72556498
0.71475277
0.71475277
0.70858492
0.67417939
0.67417939
0.67417939
0.67417939
0.66050826
0.64038588
0.64038588
0.62669358
0.60025707
0.60025707
0.60025707
0.62006742
0.69575627
0.69575627
0.69575627
0.79590384
0.79590384
0.79590384
0.82112316
0.82934267
0.82934267
0.82934267
0.82934267
0.82934267
0.82085665
0.76818287
0.76818287
0.76818287
0.76818287
0.76818287
0.76818287
0.76818287
0.702377
0.702377
0.66251125
0.64398566
0.62409286
0.62409286
0.62409286
0.63856753
0.63856753
0.63856753
0.63856753
0.63856753
0.63856753
0.61512249
0.61512249
0.61512249
0.61512249
0.61512249
0.61512249
0.61512249
0.65361158
0.65361158
0.65361158
0.65361158
0.65361158
0.70585969
0.77305251
0.77597412
0.77597412
0.77597412
0.7661544
0.7661544
0.7661544
0.7661544
0.80484216
0.81520665
0.81520665
0.81520665
0.71793804
0.71793804
0.71793804
0.71793804
0.73305394
0.74503038
0.74503038
0.77338143
0.78698671
0.78698671
0.78698671
0.78698671
0.78698671
0.72431858
0.67163478
0.57312808
0.57312808
0.47576472
0.47576472
0.47576472
0.47576472
0.53437591
0.60350559
0.60350559
0.60350559
0.56621737
0.56621737
0.56621737
0.59798355
0.59798355
0.59798355
0.59798355
0.59798355
0.59798355
0.69874917
0.69874917
0.69874917
0.69537526
0.68808611
0.68808611
0.68808611
0.6525275
0.6525275
0.63109489
0.63109489
0.62936328
0.62936328
0.62936328
0.55749376
0.55318376
0.55318376
0.55318376
0.55874015
0.65114398
0.65968554
0.73821872
0.78881136
0.80685889
0.80685889
0.80685889
0.78904352
0.78904352
0.78904352
0.78904352
0.78904352
0.77847435
0.77847435
0.77847435
0.77847435
0.69455482
0.68823811
0.61814687
0.61814687
0.59726274
0.57922752
0.54192155
0.53114771
0.53114771
0.53114771
0.49444261
0.49444261
0.49444261
0.49444261
0.51486041
0.65335538
0.65335538
0.65335538
0.65335538
0.65335538
0.68333841
0.70415241
0.70415241
0.70415241
0.70415241
0.70415241
0.70415241
0.74599881
0.7624447
0.7624447
0.7624447
0.75991555
0.69556276
0.69556276
0.69556276
0.70067888
0.71876591
0.71876591
0.71876591
0.71876591
0.71876591
0.71876591
0.71876591
0.70728872
0.70728872
0.70728872
0.70728872
0.68520285
0.68520285
0.68520285
0.67117819
0.61635457
0.53451475
0.45497248
0.45497248
0.45497248
0.45497248
0.48454072
0.52796788
0.60722588
0.60722588
0.63652303
0.63652303
0.63652303
0.59980477
0.58660054
0.58660054
0.58660054
0.57341263
0.57341263
0.56693103
0.56693103
0.56693103
0.56693103
0.60173018
0.60470676
0.63932069
0.63932069
0.63932069
0.63791685
0.58116381
0.55860561
0.55860561
0.55860561
0.5685656
0.57227101
0.57227101
0.57227101
0.5650039
0.5650039
0.5650039
0.5650039
0.53627499
0.53627499
0.53627499
0.59963673
0.63729108
0.71614259
0.71614259
0.71614259
0.6988757
0.6274038
0.6274038
0.6274038
0.6746251
0.6746251
0.6746251
0.6746251
0.6746251
0.66184254
0.66184254
0.66184254
0.70696295
0.70696295
0.70696295
0.660522
0.660522
0.660522
0.63843557
0.63843557
0.63843557
0.642303
0.64856388
0.665205
0.665205
0.73984842
0.73984842
0.73984842
0.75140663
0.75140663
0.76310511
0.76310511
0.76310511
0.76310511
0.76814737
0.76814737
0.76814737
0.81573709
0.84431286
0.86280696
0.86280696
0.86280696
0.83968597
0.81317303
0.81317303
0.81317303
0.81317303
0.81317303
0.81317303
0.81317303
0.81317303
0.75086616
0.75086616
0.75086616
0.75274635
0.75274635
0.75274635
0.75274635
0.75274635
0.71089994
0.71089994
0.71089994
0.71089994
0.69120381
0.67781065
0.67781065
0.67781065
0.67781065
0.77745411
0.77745411
0.77745411
0.77745411
0.77745411
0.75672428
0.75623706
0.75623706
0.75623706
0.75623706
0.75623706
0.67849539
0.67849539
0.67849539
0.67849539
0.67003256
0.5836294
0.5836294
0.5836294
0.61867188
0.63977958
0.68212322
0.68212322
0.68212322
0.68212322
0.68212322
0.68212322
0.67496948
0.62638069
0.56138123
0.56138123
0.56138123
0.56138123
0.56138123
0.56138123
0.57037193
0.59601348
0.59601348
0.65511275
0.65511275
0.65511275
0.65511275
0.66315306
0.75355991
0.76937487
0.82680035
0.82680035
0.82680035
0.76733781
0.76733781
0.76733781
0.76733781
0.73799114
0.73799114
0.73799114
0.73799114
0.73799114
0.69050876
0.64835863
0.64835863
0.64835863
0.70785638
0.70785638
0.70785638
0.70785638
0.70785638
0.64518825
0.64518825
0.64518825
0.66230343
0.66230343
0.67855751
0.67855751
0.67855751
0.64722216
0.64722216
0.64722216
0.49483937
0.49483937
0.49483937
0.57770287
0.57789581
0.57789581
0.57789581
0.57789581
0.57789581
0.59748231
0.66336432
0.66336432
0.66336432
0.66336432
0.66336432
0.66336432
0.67021778
0.67894597
0.67894597
0.67894597
0.67894597
0.67894597
0.67894597
0.67894597
0.67894597
0.67864597
0.67864597
0.67864597
0.67864597
0.67864597
0.67864597
0.67864597
0.67864597
0.63084183
0.63084183
0.63084183
0.65667576
0.65667576
0.65667576
0.65667576
0.58215657
0.58215657
0.58215657
0.58215657
0.58215657
0.58215657
0.54547294
0.53609521
0.53019044
0.53019044
0.53019044
0.53019044
0.53019044
0.53019044
0.52854356
0.52854356
0.52854356
0.5318522
0.60221139
0.63575756
0.64055135
0.64055135
0.64055135
0.65091984
0.65091984
0.65091984
0.65091984
0.65223122
0.65223122
0.65223122
0.64952974
0.6222997
0.6222997
0.62001589
0.62001589
0.59603467
0.59603467
0.59603467
0.59603467
0.59603467
0.59603467
0.62495452
0.64962707
0.66521388
0.66521388
0.66521388
0.65996608
0.6008419
0.6008419
0.6008419
0.73036534
0.73036534
0.73036534
0.73036534
0.73036534
0.73036534
0.71699279
0.71506022
0.71506022
0.71506022
0.66620063
0.5617631
0.43430849
0.39834425
0.39834425
0.39834425
0.50212537
0.536875
0.536875
0.536875
0.536875
0.50593097
0.50593097
0.50593097
0.55425038
0.56900387
0.56900387
0.56900387
0.56900387
0.56900387
0.56900387
0.55967967
0.55967967
0.55967967
0.55967967
0.49869936
0.49869936
0.49869936
0.49869936
0.43962614
0.407809
0.36695479
0.30227766
0.30227766
0.30227766
0.30227766
0.30227766
0.30227766
0.46056952
0.47443445
0.4999426
0.4999426
0.4999426
0.48686662
0.48686662
0.48686662
0.48686662
0.52078694
0.52078694
0.52078694
0.52078694
0.58287853
0.58287853
0.58287853
0.58287853
0.58287853
0.57158111
0.57158111
0.57158111
0.50534498
0.50534498
0.50534498
0.51228575
0.62339409
0.6870026
0.6870026
0.6870026
0.62063193
0.53190258
0.53190258
0.53190258
0.48407297
0.48407297
0.48360035
0.43568714
0.43568714
0.43568714
0.50888178
0.54919066
0.54919066
0.55727448
0.55727448
0.55727448
0.55727448
0.75328453
0.75328453
0.75328453
0.75328453
0.74258311
0.71762
0.71762
0.71762
0.63250331
0.55641454
0.55641454
0.52566746
0.52566746
0.52566746
0.52566746
0.52566746
0.48939978
0.46930917
0.46930917
0.46930917
0.49501972
0.49501972
0.49501972
0.56347095
0.56347095
0.56347095
0.55683792
0.55683792
0.55683792
0.60700975
0.64676328
0.64676328
0.64676328
0.64676328
0.58148271
0.52028197
0.52028197
0.52028197
0.52028197
0.52028197
0.52028197
0.50927826
0.33512964
0.33512964
0.33512964
0.37450015
0.37450015
0.37450015
0.37450015
0.37450015
0.40691872
0.40691872
0.43817535
0.47347861
0.47347861
0.52854327
0.52854327
0.52854327
0.52854327
0.52854327
0.61534921
0.61534921
0.65643644
0.66438686
0.66438686
0.70018822
0.70028383
0.70028383
0.70028383
0.70028383
0.70028383
0.71229834
0.76633503
0.76633503
0.76633503
0.76633503
0.77976369
0.77976369
0.77976369
0.77976369
0.77968955
0.77968955
0.74033851
0.72851722
0.72851722
0.72851722
0.72851722
0.71807344
0.71807344
0.64967488
0.61815746
0.61815746
0.61815746
0.63529639
0.63529639
0.63529639
0.63529639
0.63529639
0.63529639
0.68880721
0.70610101
0.70610101
0.70610101
0.70610101
0.70610101
0.65587049
0.65587049
0.65587049
0.65587049
0.6343666
0.6343666
0.6343666
0.61991684
0.61991684
0.61991684
0.65593233
0.65593233
0.74903751
0.7713478
0.7713478
0.7713478
0.74960517
0.74960517
0.74960517
0.77710086
0.77710086
0.77710086
0.79866973
0.87858271
0.87858271
0.87858271
0.87015966
0.80446086
0.66829322
0.66829322
0.66829322
0.66829322
0.66829322
0.66829322
0.66829322
0.66829322
0.66829322
0.60929472
0.60929472
0.54374935
0.54374935
0.47480717
0.46699931
0.46699931
0.42424974
0.42424974
0.42424974
0.42424974
0.42424974
0.42424974
0.46847299
0.59995191
0.6032219
0.6032219
0.6032219
0.6032219
0.65552984
0.69449356
0.69449356
0.69449356
0.69449356
0.74581818
0.74581818
0.74581818
0.73850269
0.73850269
0.73850269
0.75656855
0.75656855
0.75656855
0.75656855
0.75656855
0.75656855
0.75778202
0.75778202
0.75778202
0.7097609
0.69706966
0.63987777
0.6346626
0.55687142
0.55045452
0.55045452
0.54783806
0.46531235
0.46531235
0.46531235
0.54713757
0.56954348
0.60384024
0.60384024
0.60384024
0.60384024
0.5862679
0.5862679
0.5862679
0.5862679
0.5862679
0.5862679
0.5862679
0.64775891
0.64775891
0.64775891
0.60072826
0.49353315
0.49353315
0.49353315
0.49353315
0.56380445
0.56380445
0.5662772
0.5662772
0.5662772
0.5662772
0.5662772
0.5662772
0.5662772
0.5593144
0.49535522
0.49535522
0.49535522
0.61156365
0.61156365
0.61156365
0.68941266
0.68941266
0.68941266
0.62302796
0.62302796
0.62302796
0.61524873
0.61524873
0.61524873
0.61524873
0.5971886
0.53688902
0.48868898
0.48868898
0.48868898
0.48868898
0.48868898
0.48868898
0.48868898
0.48868898
0.50707831
0.51353758
0.51353758
0.51353758
0.51353758
0.51353758
0.5317855
0.5317855
0.5317855
0.4712718
0.45753856
0.45753856
0.45753856
0.46082287
0.46082287
0.46082287
0.46082287
0.34978494
0.34978494
0.34978494
0.39087332
0.39919617
0.40794298
0.42901461
0.44902763
0.57881157
0.57881157
0.57881157
0.52720327
0.48113132
0.48113132
0.48113132
0.48113132
0.44345034
0.44345034
0.44345034
0.44345034
0.44345034
0.42845353
0.41540474
0.41540474
0.41540474
0.41540474
0.41540474
0.47127409
0.49147347
0.49147347
0.49147347
0.49147347
0.49147347
0.57559511
0.57559511
0.57559511
0.57559511
0.57559511
0.57559511
0.53867817
0.48105374
0.44754478
0.40921714
0.23170692
0.23170692
0.23170692
0.23777029
0.26804846
0.26804846
0.26804846
0.34140026
0.34140026
0.39215178
0.44184097
0.53413831
0.53413831
0.53413831
0.53009855
0.51005317
0.51005317
0.47421803
0.47421803
0.47421803
0.47421803
0.47421803
0.47421803
0.5060761
0.5060761
0.56765299
0.56765299
0.56765299
0.45919975
0.45111164
0.45111164
0.42375622
0.42375622
0.42375622
0.42375622
0.45898648
0.52508663
0.5494795
0.5494795
0.59623162
0.59623162
0.59623162
0.5923181
0.5923181
0.5923181
0.5923181
0.59337556
0.62294151
0.62294151
0.62294151
0.62294151
0.56596203
0.48585554
0.48585554
0.46764025
0.44081299
0.44081299
0.44081299
0.48234851
0.48234851
0.48234851
0.42851794
0.41649655
0.41649655
0.41649655
0.37681946
0.37681946
0.37681946
0.37681946
0.37681946
0.31584373
0.31584373
0.31584373
0.31584373
0.24284518
0.22622382
0.22622382
0.22622382
0.22963895
0.22963895
0.22963895
0.29220087
0.3747283
0.40508577
0.40516593
0.40516593
0.40516593
0.40516593
0.43880914
0.47502158
0.51344312
0.51344312
0.51388482
0.51388482
0.51388482
0.51388482
0.52286923
0.52286923
0.56037587
0.56037587
0.61656984
0.61656984
0.61656984
0.58932835
0.58932835
0.58932835
0.57879297
0.5478017
0.5478017
0.5478017
0.5478017
0.52452498
0.52452498
0.52452498
0.53174113
0.63405601
0.63405601
0.63405601
0.59752009
0.49947199
0.49576314
0.43291925
0.43291925
0.42525538
0.42525538
0.42525538
0.46184369
0.46184369
0.46184369
0.41516399
0.41516399
0.41516399
0.4750502
0.4750502
0.4750502
0.40627577
0.40627577
0.40627577
0.41670696
0.41670696
0.44559246
0.44559246
0.49658587
0.49658587
0.49658587
0.54651523
0.54651523
0.57217139
0.57217139
0.57217139
0.57217139
0.57212501
0.57212501
0.52348784
0.52348784
0.52348784
0.52459511
0.54252328
0.54252328
0.54252328
0.54252328
0.54252328
0.57770001
0.58115007
0.58115007
0.58115007
0.56119658
0.55917241
0.51368386
0.51368386
0.51368386
0.51368386
0.51368386
0.51368386
0.51368386
0.51368386
0.49589111
0.49589111
0.49589111
0.5380899
0.54225591
0.55571691
0.58004881
0.59810207
0.59810207
0.59810207
0.52941523
0.520894
0.520894
0.520894
0.520894
0.520894
0.52053789
0.52053789
0.52053789
0.52053789
0.57824019
0.62810686
0.62810686
0.62810686
0.62810686
0.62810686
0.62810686
0.62810686
0.67616835
0.67616835
0.67616835
0.67616835
0.61456112
0.57773264
0.55974866
0.55974866
0.55974866
0.55974866
0.55974866
0.55974866
0.55974866
0.56889309
0.72655946
0.72655946
0.72655946
0.72244183
0.72244183
0.72244183
0.67875389
0.5660064
0.43770387
0.43770387
0.43770387
0.56364128
0.56364128
0.61033471
0.61033471
0.61033471
0.61033471
0.61033471
0.60113733
0.60113733
0.60113733
0.66641246
0.68086309
0.68086309
0.68086309
0.67853662
0.67853662
0.67853662
0.6306549
0.62454173
0.62454173
0.56309767
0.50787184
0.50787184
0.50787184
0.53286243
0.53286243
0.53286243
0.53286243
0.53719389
0.56532223
0.59370304
0.59370304
0.59370304
0.58608555
0.58608555
0.58608555
0.58608555
0.58608555
0.55337327
0.55337327
0.55337327
0.57909612
0.57909612
0.60156844
0.60156844
0.60156844
0.5846694
0.55286515
0.55286515
0.55286515
0.54075388
0.54075388
0.54075388
0.54075388
0.54075388
0.54075388
0.60289156
0.60998204
0.62005253
0.7187891
0.7482102
0.7482102
0.7482102
0.7482102
0.7482102
0.7482102
0.7482102
0.7482102
0.7482102
0.70620034
0.59324874
0.59324874
0.59324874
0.59736236
0.6594405
0.6594405
0.6594405
0.58187918
0.58187918
0.58187918
0.58187918
0.58187918
0.58187918
0.63094145
0.63094145
0.66521187
0.69193865
0.70928484
0.70928484
0.70928484
0.70389133
0.70389133
0.70389133
0.70402702
0.72912468
0.80465494
0.82642048
0.82642048
0.82642048
0.82642048
0.82642048
0.82642048
0.82642048
0.82966786
0.84309309
0.90848502
0.90848502
0.90848502
0.87524315
0.87524315
0.72328288
0.72328288
0.72328288
0.72328288
0.71630605
0.71630605
0.68952001
0.68952001
0.68952001
0.62458581
0.62458581
0.58449879
0.53788723
0.53788723
0.53788723
0.54458323
0.54458323
0.54458323
0.54458323
0.54458323
0.5534142
0.5534142
0.5534142
0.5534142
0.5534142
0.5534142
0.60987726
0.61202167
0.6674413
0.6674413
0.6674413
0.6674413
0.6674413
0.6674413
0.6674413
0.6674413
0.63995878
0.58982359
0.58982359
0.58982359
0.62849446
0.62849446
0.62849446
0.62849446
0.62849446
0.72988757
0.72988757
0.72988757
0.72988757
0.7071662
0.7071662
0.6713906
0.64495323
0.64495323
0.64495323
0.64495323
0.64495323
0.64495323
0.67158784
0.67158784
0.67158784
0.66791764
0.64245701
0.6308092
0.62441921
0.62441921
0.60100221
0.60100221
0.5627135
0.56128905
0.56128905
0.56128905
0.56128905
0.65906749
0.65906749
0.65906749
0.60434234
0.57058004
0.51800789
0.51800789
0.51800789
0.59198288
0.66439745
0.67211914
0.67211914
0.67211914
0.56814365
0.52585926
0.52585926
0.52585926
0.58326098
0.58326098
0.58326098
0.58326098
0.59588323
0.63208994
0.81395023
0.8354046
0.8354046
0.8354046
0.80255291
0.80255291
0.80255291
0.80255291
0.8036639
0.8036639
0.8036639
0.82407311
0.82407311
0.82407311
0.82407311
0.82407311
0.76865721
0.74259284
0.72191167
0.6925003
0.67852603
0.67852603
0.63589526
0.5758204
0.36688036
0.36688036
0.36688036
0.42310325
0.4339206
0.48201473
0.48201473
0.48201473
0.48201473
0.48201473
0.4868629
0.50445728
0.50445728
0.52644753
0.52644753
0.55225741
0.55225741
0.60460027
0.60460027
0.64134945
0.66273025
0.66273025
0.71668105
0.71668105
0.71668105
0.80200328
0.80660412
0.80660412
0.80660412
0.80660412
0.80660412
0.80660412
0.76109324
0.64597291
0.54011494
0.52790147
0.52790147
0.52790147
0.66404649
0.66404649
0.66404649
0.66404649
0.66404649
0.66404649
0.66404649
0.66404649
0.66404649
0.66404649
0.66404649
0.66654214
0.66654214
0.66654214
0.66654214
0.66654214
0.66654214
0.66654214
0.66654214
0.62273025
0.57850012
0.57850012
0.57850012
0.57850012
0.57850012
0.57850012
0.57850012
0.57850012
0.57850012
0.57850012
0.63456584
0.68511125
0.68511125
0.68511125
0.68284633
0.68284633
0.68284633
0.68284633
0.60970264
0.59451661
0.59451661
0.59451661
0.62425718
0.62425718
0.62425718
0.60886589
0.60886589
0.60886589
0.60886589
0.60886589
0.60886589
0.60886589
0.60886589
0.62853139
0.69039225
0.69861262
0.69861262
0.69861262
0.66848359
0.63995191
0.63919102
0.58665121
0.58665121
0.58665121
0.58665121
0.58665121
0.52736644
0.52736644
0.52736644
0.52736644
0.52736644
0.52736644
0.52736644
0.52736644
0.52736644
0.52736644
0.52736644
0.54419077
0.54735628
0.54735628
0.54735628
0.54735628
0.54735628
0.46353894
0.46353894
0.46353894
0.39712333
0.39712333
0.39712333
0.39712333
0.38699272
0.38699272
0.38699272
0.34019938
0.34019938
0.27309903
0.22778911
0.22123337
0.19548389
0.19548389
0.19548389
0.19548389
0.28335387
0.29033815
0.29033815
0.29033815
0.33493527
0.33493527
0.33493527
0.31871152
0.2797166
0.2797166
0.2797166
0.2797166
0.2797166
0.24938603
0.24938603
0.24938603
0.24938603
0.24938603
0.28577223
0.33932771
0.33932771
0.33932771
0.42428552
0.43026215
0.44610316
0.49091211
0.49091211
0.49091211
0.49005332
0.48473596
0.43914092
0.43914092
0.43914092
0.43914092
0.52943842
0.58549356
0.58549356
0.58549356
0.52007643
0.46586455
0.46586455
0.46413008
0.46413008
0.46413008
0.46413008
0.46413008
0.46413008
0.48700288
0.48700288
0.48700288
0.48700288
0.48700288
0.48700288
0.48700288
0.48700288
0.48700288
0.48700288
0.48700288
0.48700288
0.48700288
0.48700288
0.48700288
0.48700288
0.48700288
0.48700288
0.50947807
0.50947807
0.5992789
0.63342021
0.72106662
0.72106662
0.72106662
0.70000329
0.69285012
0.69285012
0.69285012
0.69285012
0.69285012
0.69285012
0.719554
0.74087583
0.75789224
0.75789224
0.75789224
0.75789224
0.75789224
0.81966951
0.81966951
0.81966951
0.81298638
0.77847206
0.77847206
0.77847206
0.82344133
0.82615683
0.82615683
0.82615683
0.82615683
0.75687943
0.75687943
0.75687943
0.79623562
0.79648267
0.79648267
0.79648267
0.78383551
0.65837359
0.60202045
0.59116359
0.59116359
0.59116359
0.59116359
0.59116359
0.65302903
0.71861706
0.76663475
0.76663475
0.79167715
0.79167715
0.79167715
0.84458538
0.84458538
0.84458538
0.76630469
0.73946655
0.71581424
0.71581424
0.68890969
0.68890969
0.68890969
0.68890969
0.66232003
0.66232003
0.66232003
0.66232003
0.66232003
0.66232003
0.66232003
0.66232003
0.70605206
0.70605206
0.72686204
0.72686204
0.72686204
0.72149401
0.72149401
0.72149401
0.72149401
0.72149401
0.69980749
0.69980749
0.69980749
0.69980749
0.66927654
0.66927654
0.63857984
0.63857984
0.63857984
0.63857984
0.63857984
0.63857984
0.65840393
0.67842755
0.67842755
0.67842755
0.6268639
0.50661543
0.50661543
0.50407626
0.50407626
0.50407626
0.51078544
0.53496704
0.53496704
0.53496704
0.59755187
0.60766587
0.60766587
0.60766587
0.60753992
0.48455074
0.42485919
0.42485919
0.42485919
0.47718774
0.52591537
0.58476644
0.59525173
0.59525173
0.59525173
0.58172489
0.58172489
0.58172489
0.52794011
0.50667869
0.50667869
0.50667869
0.54946662
0.54946662
0.54946662
0.54946662
0.57790039
0.64381304
0.64381304
0.64381304
0.64381304
0.64381304
0.70046389
0.78712641
0.78712641
0.78712641
0.75894769
0.6788787
0.6788787
0.6788787
0.6788787
0.68900015
0.68900015
0.68900015
0.63252879
0.63252879
0.63252879
0.63252879
0.63126493
0.62084376
0.62084376
0.62084376
0.62084376
0.62084376
0.6261617
0.64394444
0.64394444
0.64394444
0.58410202
0.51387967
0.51387967
0.51387967
0.52908746
0.60377182
0.60759087
0.60759087
0.60759087
0.5658876
0.5324754
0.5324754
0.5324754
0.5324754
0.5324754
0.5324754
0.5324754
0.59934245
0.60406009
0.60406009
0.60406009
0.60406009
0.60406009
0.58388046
0.58388046
0.56549141
0.56549141
0.56549141
0.56841102
0.63248671
0.66258626
0.66941395
0.66941395
0.66941395
0.58872662
0.58872662
0.58872662
0.56184326
0.56184326
0.56184326
0.5664836
0.58656991
0.62844866
0.67277039
0.67656511
0.712789
0.80343775
0.80343775
0.80343775
0.76080898
0.76080898
0.6376555
0.6376555
0.6376555
0.6376555
0.6376555
0.6376555
0.6376555
0.6376555
0.6376555
0.68893059
0.69783369
0.71290608
0.71892279
0.71892279
0.71892279
0.71892279
0.71892279
0.72433576
0.72433576
0.72433576
0.72433576
0.72433576
0.72433576
0.60942697
0.52443567
0.52443567
0.52443567
0.53238236
0.53238236
0.57629846
0.57629846
0.57629846
0.62316021
0.64076089
0.64076089
0.64076089
0.64076089
0.64076089
0.57872827
0.57872827
0.57872827
0.57872827
0.57872827
0.61009568
0.61009568
0.61009568
0.51902412
0.51902412
0.51902412
0.51902412
0.51902412
0.50048278
0.50048278
0.50048278
0.50048278
0.50048278
0.51086817
0.51086817
0.51086817
0.47805169
0.47805169
0.47805169
0.59208937
0.62458266
0.62458266
0.62458266
0.57148292
0.57148292
0.57148292
0.57148292
0.57148292
0.58187575
0.59622732
0.59622732
0.59622732
0.65649913
0.65649913
0.65649913
0.51939713
0.51939713
0.51939713
0.68790576
0.74725838
0.74725838
0.74725838
0.70365574
0.70365574
0.70365574
0.70365574
0.70365574
0.70365574
0.70365574
0.70365574
0.70365574
0.71340161
0.71340161
0.71340161
0.65302961
0.60762694
0.60762694
0.60762694
0.6178294
0.67173927
0.67173927
0.67489619
0.67489619
0.67489619
0.75231953
0.75231953
0.75231953
0.72868612
0.72868612
0.72868612
0.73619569
0.77025427
0.77025427
0.77025427
0.77025427
0.77025427
0.77025427
0.77025427
0.77025427
0.80163686
0.80163686
0.80163686
0.77536237
0.77536237
0.68583063
0.68583063
0.68583063
0.67757763
0.67757763
0.67757763
0.67757763
0.67757763
0.66409916
0.66409916
0.66409916
0.67009182
0.70160494
0.70160494
0.70160494
0.59516185
0.59516185
0.59516185
0.68674467
0.76613722
0.84444254
0.84444254
0.88988184
0.88988184
0.88988184
0.88988184
0.88988184
0.88988184
0.88988184
0.87462825
0.87462825
0.87462825
0.87462825
0.87462825
0.82370183
0.75601262
0.75601262
0.75601262
0.76076461
0.76076461
0.77507039
0.77507039
0.8151972
0.83042932
0.83042932
0.83334664
0.83334664
0.90825143
0.90825143
0.90825143
0.82884342
0.82884342
0.82884342
0.82884342
0.79795693
0.78351175
0.76615497
0.73953783
0.73953783
0.73953783
0.73953783
0.73953783
0.69892694
0.66405594
0.64519856
0.63087876
0.63087876
0.63087876
0.66748596
0.66748596
0.69894326
0.69894326
0.77780478
0.79032656
0.79032656
0.79032656
0.70718108
0.70474154
0.70298187
0.70298187
0.64001374
0.64001374
0.64001374
0.64001374
0.63616578
0.63616578
0.63616578
0.69781824
0.69781824
0.70299704
0.72480323
0.72480323
0.72480323
0.72480323
0.70050053
0.70050053
0.70050053
0.70050053
0.70050053
0.67434456
0.67434456
0.67434456
0.70269131
0.70269131
0.70269131
0.70269131
0.68553864
0.68553864
0.68553864
0.68553864
0.68553864
0.73864497
0.77258418
0.77258418
0.77258418
0.76936771
0.76936771
0.76936771
0.7536853
0.70264408
0.67499925
0.63945839
0.63495144
0.63495144
0.63495144
0.63495144
0.64960589
0.65810507
0.65810507
0.67280589
0.67280589
0.67280589
0.65832006
0.65832006
0.65832006
0.65832006
0.62383236
0.62383236
0.62383236
0.62383236
0.62383236
0.62383236
0.62383236
0.62383236
0.62383236
0.64382106
0.70656848
0.71255656
0.71255656
0.71255656
0.71255656
0.71255656
0.71255656
0.74453629
0.74453629
0.74453629
0.74453629
0.74453629
0.74453629
0.71233699
0.71233699
0.65880213
0.65880213
0.65880213
0.79073735
0.82965383
0.85982295
0.85982295
0.86687965
0.86687965
0.86687965
0.86687965
0.86687965
0.86687965
0.86687965
0.86687965
0.84237284
0.84237284
0.84006756
0.80103399
0.77864497
0.76880206
0.74971538
0.74971538
0.70985622
0.70985622
0.67861391
0.67861391
0.67861391
0.67861391
0.67861391
0.67861391
0.67861391
0.64417459
0.53012402
0.53012402
0.53012402
0.53012402
0.53012402
0.562603
0.562603
0.562603
0.562603
0.57836786
0.57836786
0.57836786
0.57836786
0.6248715
0.6248715
0.6496159
0.66912739
0.68751158
0.75425382
0.75425382
0.77118034
0.7874891
0.7874891
0.7874891
0.7874891
0.7874891
0.7874891
0.71809148
0.71809148
0.71809148
0.59657742
0.53661478
0.49854878
0.49854878
0.49854878
0.50392282
0.55829701
0.55829701
0.55829701
0.55829701
0.55829701
0.55829701
0.51542235
0.46933379
0.46675026
0.46675026
0.46675026
0.46675026
0.56056709
0.56056709
0.56056709
0.57806385
0.57806385
0.57806385
0.57806385
0.59516356
0.59516356
0.59516356
0.59516356
0.59958349
0.59958349
0.59958349
0.54379515
0.52771969
0.52771969
0.52771969
0.5702683
0.5702683
0.5702683
0.5702683
0.5702683
0.5702683
0.47389427
0.45512907
0.42770638
0.42770638
0.42770638
0.5826415
0.61382685
0.62779312
0.62779312
0.62779312
0.62779312
0.62779312
0.61374269
0.57598843
0.57598843
0.57598843
0.57598843
0.57598843
0.57598843
0.58026522
0.58304972
0.58304972
0.59246152
0.59246152
0.59246152
0.59246152
0.59246152
0.62154139
0.62154139
0.66004652
0.66004652
0.66004652
0.69317818
0.70144864
0.74092564
0.74092564
0.74092564
0.73549692
0.73549692
0.73549692
0.69539873
0.69539873
0.69539873
0.64356399
0.64356399
0.64356399
0.68067931
0.7015454
0.71763889
0.71763889
0.71763889
0.653901
0.59487215
0.59487215
0.59487215
0.59487215
0.64796645
0.64796645
0.64796645
0.70494507
0.70494507
0.70494507
0.67821944
0.56518682
0.56518682
0.56518682
0.58857777
0.58857777
0.64991391
0.67243489
0.69801204
0.70429611
0.70429611
0.70429611
0.68841216
0.68841216
0.68841216
0.68841216
0.68841216
0.68841216
0.67697476
0.57443058
0.57443058
0.57443058
0.6083927
0.64655946
0.64655946
0.64655946
0.64655946
0.6148826
0.6148826
0.6148826
0.61499825
0.6266618
0.6266618
0.6266618
0.55705148
0.55705148
0.55705148
0.61207835
0.61207835
0.66004451
0.74874495
0.74874495
0.74874495
0.64872705
0.49873915
0.41866873
0.41866873
0.41866873
0.48770824
0.52348069
0.60670803
0.63077027
0.63077027
0.63768097
0.63768097
0.63768097
0.63768097
0.63768097
0.63768097
0.63768097
0.75353129
0.75353129
0.75353129
0.75353129
0.75353129
0.71215407
0.71215407
0.58943198
0.58943198
0.58943198
0.58943198
0.58943198
0.58943198
0.58943198
0.58943198
0.58943198
0.58943198
0.58943198
0.58943198
0.46514345
0.46514345
0.46514345
0.46514345
0.39586291
0.39586291
0.39586291
0.39586291
0.39586291
0.42109425
0.42871517
0.49082337
0.49870909
0.49870909
0.49870909
0.49870909
0.49870909
0.49190974
0.489443
0.489443
0.489443
0.54583621
0.56399654
0.56399654
0.56399654
0.52422669
0.42413695
0.42349142
0.42349142
0.42349142
0.47728106
0.51249215
0.51880857
0.53202339
0.61987762
0.61987762
0.61987762
0.61987762
0.61987762
0.61987762
0.61987762
0.66433104
0.70448075
0.70448075
0.70448075
0.63401164
0.63401164
0.56178801
0.56025478
0.56025478
0.56025478
0.67657513
0.68206969
0.68206969
0.68206969
0.66236726
0.65114885
0.65114885
0.65056258
0.65056258
0.65056258
0.65056258
0.71129098
0.71129098
0.73034931
0.73034931
0.73034931
0.73034931
0.73034931
0.69053367
0.68267428
0.68267428
0.66050826
0.66050826
0.66050826
0.6412693
0.6412693
0.6412693
0.64888192
0.66104129
0.68864432
0.68864432
0.68900988
0.68900988
0.68900988
0.68900988
0.68900988
0.58752517
0.57228131
0.57228131
0.57228131
0.57228131
0.57228131
0.57228131
0.60157646
0.69008681
0.69008681
0.69008681
0.69008681
0.69008681
0.69008681
0.69711259
0.69711259
0.69711259
0.77369832
0.77369832
0.77369832
0.70804503
0.68278421
0.6317407
0.58364772
0.56564885
0.56564885
0.56564885
0.56564885
0.56564885
0.56564885
0.56564885
0.62617028
0.65541934
0.66078852
0.66078852
0.66078852
0.66078852
0.66078852
0.66078852
0.66078852
0.66078852
0.66078852
0.66078852
0.66078852
0.65527535
0.65527535
0.65527535
0.65527535
0.65527535
0.65527535
0.72590477
0.73247883
0.73247883
0.73247883
0.73247883
0.73247883
0.73247883
0.73247883
0.73247883
0.73247883
0.73247883
0.73247883
0.73247883
0.73247883
0.73247883
0.73247883
0.73247883
0.72885816
0.70156687
0.6278143
0.6278143
0.62642248
0.62642248
0.59866057
0.58351576
0.54639557
0.54639557
0.54639557
0.54736458
0.5684219
0.62723118
0.63450916
0.63450916
0.63450916
0.63450916
0.63450916
0.63450916
0.63450916
0.63148593
0.59265016
0.59265016
0.59265016
0.57957017
0.57686784
0.57686784
0.57686784
0.59783842
0.62224188
0.63681846
0.63681846
0.63681846
0.63681846
0.63681846
0.70360307
0.70360307
0.70360307
0.70360307
0.68094295
0.65974766
0.65974766
0.65974766
0.66398666
0.66398666
0.67475363
0.7011993
0.7011993
0.7011993
0.7011993
0.7011993
0.7011993
0.69865127
0.68794383
0.68794383
0.68794383
0.72475972
0.72475972
0.72475972
0.69246223
0.69246223
0.62015845
0.62015845
0.55051234
0.55051234
0.55051234
0.61183503
0.62858893
0.69331501
0.69331501
0.69331501
0.69331501
0.69381254
0.69381254
0.70821908
0.70821908
0.72935054
0.72935054
0.72935054
0.62210104
0.62210104
0.62210104
0.65355748
0.72705899
0.7425353
0.7425353
0.7425353
0.7425353
0.8197259
0.82923618
0.82923618
0.8542239
0.8762007
0.8762007
0.8762007
0.85886997
0.85549692
0.85549692
0.79657971
0.79657971
0.79657971
0.79657971
0.79657971
0.79657971
0.79657971
0.79657971
0.79657971
0.74796402
0.74796402
0.74796402
0.71586806
0.67641053
0.67641053
0.67641053
0.67641053
0.67641053
0.67641053
0.67641053
0.68162054
0.68995914
0.68995914
0.68995914
0.68995914
0.68995914
0.68995914
0.69318333
0.70309781
0.70309781
0.70309781
0.70018736
0.63045137
0.63045137
0.63045137
0.67975324
0.67975324
0.67975324
0.68242409
0.70813263
0.70813263
0.70813263
0.6415464
0.63915094
0.63915094
0.63915094
0.62802127
0.62802127
0.60586298
0.60586298
0.60586298
0.6991173
0.6991173
0.6991173
0.6991173
0.6991173
0.74023832
0.76841245
0.76841245
0.76841245
0.72842361
0.72842361
0.71534191
0.71534191
0.71534191
0.71534191
0.78979582
0.79132734
0.79132734
0.79132734
0.79132734
0.78121362
0.78121362
0.78121362
0.78121362
0.78121362
0.75354732
0.75354732
0.75354732
0.75354732
0.75354732
0.75354732
0.73015895
0.66420393
0.66420393
0.66420393
0.67893252
0.67893252
0.67893252
0.67893252
0.67893252
0.79479772
0.8372656
0.85975453
0.85975453
0.85975453
0.82082115
0.80813678
0.79458474
0.79458474
0.79458474
0.84283917
0.84283917
0.84843907
0.88477804
0.88477804
0.88477804
0.8829302
0.84344032
0.84344032
0.81248456
0.81248456
0.81248456
0.81248456
0.80842505
0.77271758
0.77271758
0.77271758
0.81179466
0.81179466
0.81179466
0.78974372
0.78191726
0.78191726
0.78191726
0.78191726
0.7813035
0.7813035
0.7813035
0.7813035
0.73133521
0.69860833
0.69860833
0.69428717
0.69428717
0.69428717
0.69428717
0.69428717
0.69428717
0.7119199
0.7119199
0.7119199
0.6656052
0.6656052
0.6656052
0.6656052
0.69506122
0.75444418
0.75444418
0.75444418
0.75444418
0.68423385
0.61646163
0.61646163
0.61646163
0.68856131
0.70496196
0.73818122
0.73818122
0.73818122
0.72514818
0.72514818
0.72514818
0.71481718
0.71481718
0.71481718
0.71481718
0.66372845
0.65121469
0.62896165
0.62896165
0.62896165
0.6594259
0.6594259
0.71828814
0.72726539
0.72726539
0.72726539
0.73763674
0.73763674
0.73763674
0.81240412
0.82722431
0.82722431
0.89657699
0.89657699
0.89657699
0.89655467
0.81489462
0.81489462
0.81489462
0.81489462
0.77655152
0.77655152
0.77655152
0.82808482
0.86419506
0.90121161
0.90121161
0.90121161
0.89014234
0.83586777
0.81159371
0.81159371
0.81159371
0.90663861
0.92214956
0.95572436
0.95572436
0.95572436
0.87617121
0.83865084
0.76517366
0.66891499
0.62152822
0.62152822
0.62152822
0.62152822
0.63206533
0.63206533
0.63206533
0.753012
0.753012
0.753012
0.753012
0.73490578
0.70625072
0.70625072
0.58902548
0.57982524
0.51031511
0.51031511
0.42847901
0.42847901
0.42847901
0.42925822
0.46691543
0.46691543
0.52580802
0.52580802
0.52580802
0.52580802
0.52580802
0.61063043
0.61063043
0.61063043
0.61063043
0.61136097
0.61136097
0.61136097
0.61136097
0.61136097
0.61136097
0.61136097
0.61136097
0.61136097
0.56671977
0.52624257
0.52624257
0.52624257
0.56578225
0.62061046
0.62061046
0.62061046
0.67722524
0.68987669
0.68987669
0.68987669
0.68987669
0.68987669
0.68987669
0.69468908
0.70664405
0.71421116
0.71421116
0.71421116
0.71421116
0.75941573
0.75957976
0.75957976
0.75957976
0.66203434
0.63762973
0.63762973
0.63176274
0.63176274
0.63176274
0.63176274
0.63176274
0.74701333
0.74701333
0.74701333
0.76076518
0.76076518
0.76076518
0.57700725
0.52745404
0.46617401
0.46617401
0.46617401
0.47132333
0.55253165
0.58388332
0.60007872
0.60007872
0.60007872
0.598141
0.5748554
0.56420351
0.54990947
0.54990947
0.50928541
0.50928541
0.50928541
0.50928541
0.49280203
0.49280203
0.49280203
0.48474827
0.48474827
0.48474827
0.40013827
0.37515999
0.37515999
0.37515999
0.28657091
0.28657091
0.28657091
0.27569773
0.27569773
0.27569773
0.26742584
0.23757964
0.23757964
0.23757964
0.2636483
0.32037186
0.32037186
0.32037186
0.32037186
0.32037186
0.25741088
0.25122671
0.25122671
0.25122671
0.25122671
0.25122671
0.25122671
0.25122671
0.25122671
0.25122671
0.27612971
0.29137414
0.29137414
0.30659768
0.30659768
0.30659768
0.26992206
0.26992206
0.26992206
0.28401142
0.29135811
0.3182578
0.35684308
0.37735964
0.37735964
0.43049631
0.43049631
0.43049631
0.43049631
0.43049631
0.44646986
0.44646986
0.44646986
0.44646986
0.44646986
0.45359927
0.45359927
0.45359927
0.41832206
0.41832206
0.41832206
0.41832206
0.41832206
0.36337248
0.36337248
0.36337248
0.36337248
0.36337248
0.36337248
0.36337248
0.36337248
0.36337248
0.36337248
0.41154561
0.41154561
0.41154561
0.41154561
0.42402788
0.43929321
0.49135725
0.50621838
0.54093852
0.60997459
0.60997459
0.60997459
0.60058684
0.59603295
0.57370147
0.57370147
0.57370147
0.53365166
0.48941208
0.46496511
0.45728779
0.45728779
0.45728779
0.45728779
0.42789159
0.42789159
0.42084405
0.38788673
0.36913498
0.36913498
0.36913498
0.36913498
0.36913498
0.3951816
0.4042161
0.4042161
0.4042161
0.4042161
0.41365967
0.41365967
0.41365967
0.41365967
0.41365967
0.44244727
0.45714666
0.45714666
0.45714666
0.45714666
0.36623856
0.36623856
0.36623856
0.36623856
0.39858528
0.39858528
0.39858528
0.38879189
0.29898934
0.29898934
0.29898934
0.29898934
0.29898934
0.29898934
0.29898934
0.30559232
0.30559232
0.30559232
0.32154754
0.32154754
0.32154754
0.32154754
0.32154754
0.32154754
0.32154754
0.32154754
0.40422698
0.40422698
0.40422698
0.40422698
0.40422698
0.4096806
0.46806764
0.46806764
0.46806764
0.4616287
0.45275794
0.43401221
0.43401221
0.43401221
0.45712576
0.45712576
0.49862894
0.49862894
0.49862894
0.49862894
0.49862894
0.46325325
0.46325325
0.46325325
0.38357387
0.35876763
0.35876763
0.35876763
0.35876763
0.3653331
0.3653331
0.3653331
0.3653331
0.3653331
0.3653331
0.3653331
0.3653331
0.3653331
0.36990503
0.36990503
0.36990503
0.36990503
0.40758028
0.40758028
0.40758028
0.36462002
0.3112781
0.3112781
0.3112781
0.31452348
0.31452348
0.36124153
0.36124153
0.38526426
0.39405744
0.51751952
0.51751952
0.51751952
0.47340647
0.47340647
0.47340647
0.47340647
0.46530204
0.44400226
0.44400226
0.44400226
0.43710215
0.43710215
0.43710215
0.44765528
0.44765528
0.44765528
0.44765528
0.44765528
0.44765528
0.44765528
0.44765528
0.47248127
0.47248127
0.50733366
0.50733366
0.50733366
0.43379493
0.40622968
0.40622968
0.40622968
0.40622968
0.40622968
0.39632265
0.34174865
0.34174865
0.34174865
0.34174865
0.34174865
0.38217203
0.42207985
0.44622453
0.47152743
0.4974355
0.4974355
0.4974355
0.4974355
0.4974355
0.4974355
0.4974355
0.48525037
0.45245135
0.37606487
0.37606487
0.37606487
0.31927804
0.31927804
0.31927804
0.31927804
