0.50771372
0.50803841
0.50803841
0.50803841
0.50803841
0.55086313
0.56782428
0.56957147
0.59722988
0.59722988
0.59722988
0.59576226
0.59576226
0.59576226
0.6194968
0.6194968
0.6194968
0.6161307
0.59818093
0.59818093
0.59728078
0.59728078
0.56066933
0.55738186
0.55738186
0.55738186
0.57679626
0.58468486
0.58468486
0.58468486
0.58468486
0.58468486
0.58468486
0.58396971
0.58396971
0.58396971
0.58396971
0.58396971
0.5642765
0.55907894
0.55907894
0.53910942
0.51789911
0.51789911
0.51789911
0.54098238
0.5518311
0.5518311
0.5518311
0.5518311
0.5518311
0.5518311
0.5518311
0.5518311
0.5518311
0.5518311
0.55657508
0.59020117
0.61713031
0.61713031
0.62221414
0.62221414
0.62221414
0.62221414
0.62221414
0.62221414
0.62221414
0.62221414
0.62221414
0.62221414
0.62221414
0.62221414
0.57876119
0.57876119
0.57876119
0.58590642
0.69726269
0.69726269
0.69726269
0.69726269
0.69726269
0.69726269
0.69726269
0.69726269
0.6368431
0.6368431
0.61704181
0.61704181
0.61704181
0.53090898
0.53090898
0.53090898
0.61860795
0.67372502
0.67372502
0.67372502
0.65463986
0.65463986
0.65463986
0.60409177
0.60409177
0.60409177
0.69087632
0.69315761
0.76091039
0.76091039
0.76091039
0.72384694
0.72384694
0.72163972
0.64840682
0.64840682
0.64840682
0.65141737
0.65679975
0.65679975
0.65679975
0.65679975
0.52326459
0.50612238
0.50612238
0.50612238
0.50612238
0.56991934
0.58490305
0.58954238
0.6145118
0.6145118
0.6145118
0.65150351
0.65150351
0.67735505
0.7736507
0.77407798
0.79750459
0.79750459
0.79750459
0.56658488
0.56658488
0.56658488
0.64035753
0.67739358
0.67739358
0.67739358
0.5838867
0.58136623
0.58136623
0.58136623
0.6652309
0.6652309
0.6652309
0.66223961
0.65378903
0.65378903
0.65378903
0.65378903
0.58820744
0.58820744
0.48148441
0.48148441
0.48148441
0.51380657
0.58485669
0.58485669
0.58485669
0.58485669
0.58485669
0.51381721
0.51381721
0.51381721
0.51381721
0.51128625
0.51128625
0.51128625
0.55635595
0.55715083
0.61694674
0.62279557
0.72213325
0.72213325
0.77834785
0.77834785
0.77834785
0.77748512
0.77748512
0.77748512
0.77748512
0.77748512
0.72063212
0.70213524
0.70213524
0.70213524
0.70383921
0.70383921
0.70383921
0.70383921
0.62519823
0.59916753
0.59916753
0.59916753
0.59916753
0.67847181
0.77593748
0.77593748
0.77593748
0.69577394
0.69577394
0.67271275
0.67050601
0.67050601
0.67050601
0.67050601
0.67050601
0.67050601
0.67050601
0.67050601
0.70754707
0.70754707
0.70754707
0.69525674
0.69525674
0.69525674
0.69525674
0.69497982
0.69335464
0.69332739
0.69332739
0.69332739
0.68625782
0.61058699
0.61058699
0.61058699
0.61884366
0.6807567
0.6807567
0.70269472
0.70269472
0.70269472
0.68837151
0.68837151
0.68837151
0.68837151
0.68837151
0.63809096
0.63791771
0.58890036
0.5272207
0.5272207
0.5272207
0.62390683
0.62390683
0.62390683
0.68298851
0.68298851
0.68298851
0.68298851
0.68298851
0.68298851
0.77536155
0.77536155
0.77536155
0.69198651
0.54747481
0.49951846
0.49951846
0.49951846
0.49951846
0.52584019
0.52584019
0.57790396
0.61018399
0.6181191
0.6181191
0.68564273
0.70941172
0.70941172
0.70941172
0.70941172
0.70941172
0.72825773
0.79067639
0.79067639
0.79067639
0.79437374
0.79437374
0.79437374
0.79437374
0.79437374
0.79437374
0.72181812
0.72181812
0.6439852
0.6439852
0.6439852
0.71868023
0.71868023
0.71868023
0.67856846
0.67856846
0.67856846
0.66825415
0.66825415
0.66825415
0.66825415
0.66825415
0.69508838
0.69508838
0.7307052
0.7307052
0.7307052
0.7307052
0.69823676
0.63475319
0.63475319
0.63475319
0.63475319
0.63475319
0.63475319
0.45202226
0.45202226
0.45202226
0.51579701
0.51579701
0.66593042
0.66593042
0.66593042
0.66593042
0.66593042
0.71638217
0.74862132
0.79316942
0.79316942
0.79316942
0.79316942
0.76433413
0.76433413
0.76433413
0.78257134
0.78257134
0.78257134
0.78257134
0.78257134
0.74684233
0.72898106
0.72898106
0.72898106
0.74502984
0.74502984
0.77615661
0.77615661
0.77615661
0.76306152
0.7052194
0.7052194
0.66931467
0.62490878
0.62196949
0.57219516
0.57219516
0.57219516
0.53058259
0.53058259
0.53058259
0.53058259
0.53371326
0.53371326
0.53371326
0.52984126
0.52984126
0.52984126
0.53296066
0.55909022
0.55909022
0.55909022
0.55934443
0.58463162
0.59617763
0.59617763
0.59617763
0.59587628
0.59587628
0.59587628
0.60218936
0.63422083
0.70377201
0.72504983
0.72504983
0.72504983
0.72504983
0.72504983
0.72240861
0.71163289
0.71163289
0.71163289
0.70108457
0.68105007
0.66698829
0.59758198
0.59758198
0.57106429
0.57106429
0.57106429
0.65839345
0.74399654
0.74399654
0.74399654
0.60814561
0.60557566
0.48745477
0.48745477
0.48745477
0.48745477
0.59730569
0.59730569
0.59730569
0.59730569
0.65065568
0.65065568
0.7247972
0.7247972
0.7247972
0.69450461
0.67679431
0.67540707
0.61274564
0.61274564
0.61035832
0.61035832
0.61035832
0.6134605
0.62172359
0.62172359
0.62172359
0.62172359
0.62675341
0.62675341
0.62697817
0.62697817
0.62697817
0.61376716
0.60964737
0.60964737
0.60964737
0.59879741
0.59879741
0.59879741
0.61721191
0.61732249
0.61732249
0.61732249
0.61732249
0.6571221
0.76690816
0.76764431
0.79003326
0.79003326
0.79003326
0.70308755
0.70308755
0.70308755
0.70308755
0.6780912
0.6780912
0.6780912
0.68425156
0.68425156
0.7283763
0.7283763
0.7283763
0.59714264
0.59714264
0.59714264
0.59714264
0.59714264
0.59714264
0.59714264
0.56728422
0.56728422
0.53192596
0.53192596
0.53192596
0.58779333
0.58779333
0.59283535
0.65649716
0.65649716
0.65649716
0.57030323
0.57030323
0.57030323
0.78878243
0.78878243
0.78878243
0.71905879
0.71905879
0.71905879
0.71905879
0.74816366
0.74816366
0.74816366
0.74816366
0.74818731
0.7759923
0.79831327
0.79831327
0.79831327
0.79831327
0.79831327
0.81917196
0.87053936
0.87053936
0.87053936
0.81997091
0.81997091
0.67301518
0.62607991
0.62607991
0.62607991
0.66143845
0.66143845
0.66143845
0.64015109
0.62777305
0.62777305
0.62777305
0.62777305
0.6679874
0.67351123
0.67351123
0.67351123
0.65494857
0.65494857
0.65494857
0.64379271
0.62751195
0.62751195
0.62751195
0.62751195
0.65099667
0.65099667
0.65099667
0.63243275
0.58878243
0.58878243
0.4780132
0.44317136
0.42551133
0.42551133
0.42551133
0.42618452
0.43687284
0.43687284
0.49570406
0.60273896
0.66394594
0.67303791
0.71836523
0.73926607
0.75381433
0.76742644
0.76742644
0.76742644
0.74203571
0.65566325
0.63175375
0.58446371
0.58446371
0.58446371
0.58207263
0.58207263
0.58207263
0.63093993
0.63093993
0.63093993
0.58847763
0.56947138
0.56947138
0.56947138
0.63171899
0.63171899
0.78006356
0.80087728
0.85146812
0.88131085
0.88131085
0.88131085
0.63153026
0.63153026
0.63153026
0.62017782
0.61002908
0.61002908
0.61002908
0.61002908
0.60349314
0.60043699
0.58538454
0.58538454
0.58538454
0.58538454
0.58538454
0.58538454
0.58538454
0.56656249
0.56656249
0.56656249
0.56656249
0.56656249
0.45349177
0.39522597
0.39522597
0.39522597
0.53091571
0.67188683
0.93846883
0.93846883
0.93846883
0.89195832
0.85914135
0.83411338
0.83227769
0.83227769
0.83227769
0.85777931
0.89094649
0.89094649
0.89094649
0.88518098
0.88518098
0.880276
0.880276
0.880276
0.89343374
0.89343374
0.89343374
0.89343374
0.87410375
0.83853469
0.81389107
0.80361076
0.80176676
0.77440298
0.72571159
0.7097145
0.6978372
0.69308634
0.69308634
0.69308634
0.69308634
0.67082944
0.67082944
0.67082944
0.67052432
0.67052432
0.67052432
0.67909081
0.67909081
0.67909081
0.67909081
0.54841598
0.50568851
0.50568851
0.48355064
0.48355064
0.48355064
0.6439216
0.6439216
0.6439216
0.6089828
0.58860403
0.58860403
0.58860403
0.58371345
0.56651144
0.55077652
0.52434469
0.52434469
0.47603608
0.42444736
0.42444736
0.40348874
0.40348874
0.4015467
0.3868866
0.3726237
0.3726237
0.36299716
0.36299716
0.36299716
0.3786412
0.3786412
0.3786412
0.36616385
0.36318746
0.36318746
0.35804832
0.35445384
0.35445384
0.35445384
0.37445968
0.37445968
0.41021013
0.5331234
0.56952606
0.56952606
0.61760897
0.61806476
0.61806476
0.61806476
0.61806476
0.61806476
0.68344241
0.68344241
0.68344241
0.68344241
0.68344241
0.72708427
0.77207345
0.77207345
0.86159226
0.86159226
0.86159226
0.86159226
0.85359937
0.85358121
0.75764906
0.74174297
0.73090413
0.73090413
0.63111988
0.63076841
0.6121619
0.6121619
0.6121619
0.63479266
0.65056563
0.65056563
0.65056563
0.69474535
0.69474535
0.69474535
0.54273711
0.54273711
0.54273711
0.62525415
0.6508062
0.66576109
0.72415205
0.72415205
0.72415205
0.67802919
0.67802919
0.62700321
0.49044714
0.49044714
0.48325241
0.48325241
0.48325241
0.45689374
0.42012362
0.42012362
0.41548805
0.41548805
0.41457179
0.40745316
0.40745316
0.40745316
0.42143366
0.42143366
0.42765135
0.44254687
0.48470187
0.48470187
0.57890357
0.57890357
0.57890357
0.53148836
0.52002518
0.51983051
0.51983051
0.51983051
0.51983051
0.51983051
0.4985425
0.4985425
0.4985425
0.4985425
0.4985425
0.4985425
0.50586097
0.50586097
0.50586097
0.50586097
0.50586097
0.48622258
0.48622258
0.48622258
0.51085459
0.51085459
0.51085459
0.50338685
0.46187137
0.42559702
0.42559702
0.42559702
0.42559702
0.45732165
0.45732165
0.49284122
0.49284122
0.49284122
0.49284122
0.49284122
0.54925427
0.60078972
0.60078972
0.61427685
0.6240608
0.6879173
0.6879173
0.6879173
0.68756504
0.67058886
0.67058886
0.67058886
0.67950382
0.67950382
0.67950382
0.67950382
0.67102852
0.62449795
0.62449795
0.62449795
0.62830951
0.68111539
0.68803789
0.68803789
0.68803789
0.68803789
0.68803789
0.68774767
0.67393459
0.67393459
0.67393459
0.71043249
0.71100385
0.75577219
0.75577219
0.75577219
0.72087207
0.71202272
0.71202272
0.66608218
0.63303154
0.63303154
0.63303154
0.75341635
0.75341635
0.75341635
0.64134726
0.64134726
0.59039523
0.56960469
0.56960469
0.56960469
0.56960469
0.56960469
0.55135416
0.53171987
0.53171987
0.53171987
0.56476564
0.63970484
0.63970484
0.63970484
0.63970484
0.63970484
0.63970484
0.654471
0.66006561
0.71623854
0.71623854
0.78331342
0.78331342
0.78331342
0.78331342
0.79455482
0.79455482
0.79455482
0.73838095
0.71451218
0.60350536
0.60350536
0.60350536
0.60350536
0.60350536
0.60350536
0.59551588
0.55364331
0.55309759
0.51536219
0.51536219
0.51536219
0.43058953
0.37991615
0.37991615
0.37991615
0.44197659
0.44716821
0.49294649
0.49294649
0.49294649
0.49294649
0.49294649
0.49911796
0.51291614
0.51291614
0.51291614
0.49859419
0.48445581
0.48445581
0.48445581
0.54596052
0.54596052
0.60501807
0.66606778
0.66606778
0.66606778
0.65600345
0.65458956
0.6042321
0.55679857
0.55221531
0.55221531
0.55221531
0.55221531
0.55221531
0.5005049
0.5005049
0.5005049
0.53980064
0.53980064
0.58928991
0.58928991
0.61189875
0.61189875
0.61189875
0.61189875
0.59282455
0.58216957
0.57968279
0.57137051
0.57137051
0.57137051
0.57137051
0.57137051
0.5845262
0.62509549
0.67033168
0.67033168
0.73497757
0.80286599
0.81486296
0.82274057
0.82274057
0.82274057
0.82274057
0.81865008
0.76590715
0.73380271
0.73380271
0.73380271
0.73947548
0.73947548
0.73947548
0.7812099
0.82362051
0.82421947
0.82862433
0.82862433
0.82862433
0.83918783
0.83918783
0.83918783
0.82350586
0.82350586
0.82350586
0.862686
0.862686
0.862686
0.7884239
0.77246628
0.77246628
0.77246628
0.73840429
0.73840429
0.66468537
0.62592469
0.59037784
0.5676545
0.53904959
0.52113505
0.52113505
0.52113505
0.4936253
0.48206612
0.43690606
0.42953387
0.42953387
0.42953387
0.43644196
0.44407291
0.44407291
0.44407291
0.44407291
0.49660437
0.49660437
0.57465469
0.64229345
0.74699067
0.74986621
0.74986621
0.74986621
0.74986621
0.71918644
0.71918644
0.71918644
0.71918644
0.71918644
0.69926864
0.5778612
0.48560436
0.48560436
0.48560436
0.48560436
0.48560436
0.42807424
0.36892742
0.36892742
0.36892742
0.3686469
0.3539918
0.3539918
0.3539918
0.35551282
0.35551282
0.35589766
0.35589766
0.35589766
0.35589766
0.35589766
0.35121039
0.35121039
0.35121039
0.35335619
0.36574832
0.37380124
0.38128978
0.38128978
0.38128978
0.38128978
0.343121
0.343121
0.31802127
0.31802127
0.31802127
0.26709573
0.16163793
0.16087516
0.10111685
0.10111685
0.10111685
0.11958459
0.164414
0.164414
0.164414
0.164414
0.164414
0.16218456
0.16218456
0.16218456
0.17283123
0.17283123
0.20355233
0.23685673
0.26118567
0.26118567
0.27960204
0.27960204
0.27960204
0.27960204
0.40312443
0.40312443
0.50350308
0.51760982
0.53657597
0.57686645
0.59163776
0.59163776
0.59163776
0.62123445
0.62123445
0.62123445
0.59694652
0.59124228
0.59124228
0.59124228
0.62349146
0.62349146
0.69000923
0.69000923
0.73877565
0.73877565
0.73877565
0.73877565
0.73877565
0.73877565
0.70446181
0.6692644
0.6692644
0.6692644
0.65825452
0.65825452
0.65825452
0.67749837
0.67749837
0.67749837
0.64746986
0.64746986
0.64386881
0.63113696
0.63113696
0.63113696
0.63155218
0.63155218
0.63155218
0.63155218
0.67134475
0.68845436
0.68845436
0.68845436
0.68751774
0.64983479
0.63368655
0.58018101
0.4830723
0.4830723
0.44806223
0.44806223
0.44806223
0.44806223
0.40774873
0.40774873
0.40774873
0.41058073
0.49973052
0.49973052
0.51206736
0.51337443
0.55689475
0.58548836
0.58548836
0.58548836
0.62712117
0.62886461
0.62886461
0.62886461
0.61437066
0.59342035
0.59342035
0.59342035
0.57883777
0.57130581
0.57130581
0.57048728
0.57048728
0.57048728
0.57048728
0.57048728
0.55609141
0.50574679
0.47568869
0.47568869
0.44178082
0.44178082
0.44178082
0.45256201
0.49628375
0.49628375
0.49628375
0.48799279
0.47992923
0.47398974
0.47398974
0.47395463
0.46258358
0.45907149
0.44443612
0.44443612
0.38399414
0.38092704
0.38092704
0.38092704
0.38981916
0.38981916
0.39903501
0.39903501
0.39903501
0.48379184
0.50935583
0.60469477
0.73517712
0.77260145
0.77511314
0.78697604
0.78697604
0.78697604
0.78697604
0.78697604
0.78697604
0.77318881
0.7640533
0.73068423
0.68945694
0.68945694
0.68945694
0.70515129
0.70623452
0.71977864
0.74409584
0.74409584
0.74409584
0.70290726
0.69804065
0.69804065
0.69804065
0.76445661
0.76445661
0.77030481
0.80134498
0.80134498
0.80134498
0.79415965
0.79415965
0.77644278
0.74391479
0.70976947
0.70976947
0.70976947
0.70976947
0.64669298
0.62139795
0.62139795
0.62139795
0.5527441
0.5523652
0.46400185
0.40880253
0.38282115
0.38282115
0.38282115
0.3860599
0.3860599
0.3860599
0.32444932
0.32444932
0.32444932
0.32444932
0.32444932
0.32444932
0.32444932
0.32978407
0.32978407
0.32978407
0.26807684
0.25601395
0.24842607
0.24842607
0.24842607
0.24842607
0.24842607
0.24842607
0.24842607
0.2417805
0.2417805
0.2417805
0.29618867
0.29618867
0.3154983
0.4027692
0.41787539
0.41787539
0.41787539
0.38083509
0.33457393
0.33457393
0.31524349
0.31524349
0.31524349
0.31524349
0.31524349
0.31524349
0.3441549
0.3441549
0.3841979
0.3841979
0.3841979
0.3841979
0.44613914
0.44613914
0.44613914
0.40011779
0.40011779
0.40011779
0.40910888
0.40910888
0.40910888
0.40910888
0.42254684
0.47871364
0.49421345
0.49730263
0.50454763
0.50454763
0.50454763
0.50198582
0.41218147
0.41218147
0.41218147
0.45351511
0.45351511
0.45351511
0.522483
0.52392884
0.55857333
0.55857333
0.55857333
0.5104934
0.5104934
0.5104934
0.52450177
0.53587175
0.5517658
0.5517658
0.5517658
0.55329058
0.61393508
0.61393508
0.61393508
0.61393508
0.59044645
0.59044645
0.59044645
0.6410802
0.69637258
0.69637258
0.69637258
0.69637258
0.69637258
0.65991039
0.65991039
0.65991039
0.65991039
0.65991039
0.65991039
0.65991039
0.65991039
0.65991039
0.68704377
0.68704377
0.68704377
0.68704377
0.68704377
0.66015614
0.59636731
0.59636731
0.59636731
0.61936993
0.61936993
0.62506183
0.63226546
0.63226546
0.63226546
0.59252351
0.59252351
0.59252351
0.63975356
0.63975356
0.63975356
0.59165295
0.59165295
0.59165295
0.55964531
0.55964531
0.55964531
0.55964531
0.55964531
0.50311338
0.50311338
0.50311338
0.50311338
0.50311338
0.41823422
0.41823422
0.40878264
0.40878264
0.40878264
0.53551403
0.59455232
0.59455232
0.59455232
0.59455232
0.59455232
0.62800689
0.62800689
0.62800689
0.62800689
0.62800689
0.62800689
0.62800689
0.58778424
0.58778424
0.58778424
0.52328511
0.52328511
0.48877185
0.48877185
0.48877185
0.53878457
0.60131223
0.60131223
0.60131223
0.60131223
0.60131223
0.57801798
0.53204125
0.53064492
0.53064492
0.53064492
0.53064492
0.46000123
0.45063986
0.45063986
0.45063986
0.48702358
0.48702358
0.50812047
0.50812047
0.50812047
0.53216028
0.55661862
0.55661862
0.55661862
0.52733942
0.52733942
0.52733942
0.52733942
0.52733942
0.51444656
0.38072092
0.378803
0.378803
0.378803
0.378803
0.378803
0.36072509
0.36072509
0.36072509
0.36072509
0.50586129
0.50586129
0.53340956
0.53521785
0.53521785
0.53521785
0.52402814
0.43082919
0.43082919
0.43082919
0.50317542
0.51742485
0.51742485
0.51742485
0.51742485
0.51742485
0.55755009
0.5658655
0.5658655
0.60229994
0.60229994
0.60229994
0.60229994
0.48768954
0.48768954
0.48768954
0.54732928
0.54732928
0.54732928
0.54122753
0.54122753
0.50135851
0.50135851
0.50135851
0.50432913
0.50432913
0.50432913
0.50432913
0.44032134
0.44032134
0.44032134
0.44032134
0.50706137
0.62381833
0.62381833
0.62381833
0.5509073
0.5509073
0.5509073
0.5509073
0.5509073
0.5509073
0.5885937
0.5885937
0.5885937
0.52536372
0.52536372
0.52536372
0.61700626
0.61700626
0.61700626
0.58007546
0.58007546
0.58007546
0.58007546
0.58007546
0.56486652
0.51859816
0.51859816
0.51859816
0.51859816
0.51859816
0.52442959
0.59879772
0.59879772
0.59879772
0.59879772
0.59879772
0.59879772
0.59879772
0.70410201
0.70410201
0.70410201
0.70410201
0.70235671
0.65818107
0.65818107
0.65818107
0.66528588
0.71387689
0.80806605
0.80806605
0.80806605
0.80806605
0.74492207
0.74492207
0.74492207
0.74492207
0.69685843
0.69685843
0.69685843
0.75816453
0.85385342
0.85385342
0.85385342
0.84554459
0.8270831
0.80434441
0.75060892
0.72426152
0.72426152
0.72426152
0.75139802
0.75139802
0.76635338
0.76635338
0.76635338
0.76635338
0.72554023
0.72554023
0.72554023
0.72554023
0.72554023
0.72554023
0.77376974
0.77376974
0.77376974
0.7538621
0.7538621
0.7538621
0.7538621
0.74964161
0.68914384
0.68914384
0.68733041
0.68733041
0.68733041
0.69729651
0.79809243
0.82129881
0.82129881
0.82129881
0.82299415
0.82299415
0.82299415
0.81341037
0.78122901
0.78122901
0.78122901
0.78122901
0.77867317
0.77867317
0.77867317
0.77867317
0.77867317
0.75571096
0.75571096
0.75571096
0.75571096
0.77011372
0.77011372
0.77227379
0.77227379
0.77227379
0.77227379
0.77673943
0.77673943
0.77673943
0.73970289
0.73970289
0.73970289
0.73970289
0.73970289
0.74964568
0.74964568
0.74964568
0.74964568
0.74964568
0.74964568
0.74710453
0.73125938
0.73125938
0.73125938
0.73125938
0.73125938
0.73125938
0.67697318
0.67697318
0.51960323
0.51960323
0.51960323
0.51960323
0.51960323
0.51960323
0.52590299
0.54532914
0.54532914
0.54532914
0.54532914
0.55475489
0.64803155
0.64853479
0.64853479
0.64853479
0.64929036
0.65935829
0.65935829
0.66052971
0.66052971
0.67175605
0.67175605
0.67175605
0.65889606
0.61699341
0.61699341
0.61699341
0.63633202
0.63633202
0.71288543
0.7216264
0.7216264
0.7216264
0.67975036
0.66202269
0.57500556
0.57500556
0.57500556
0.64599835
0.65125511
0.65125511
0.65125511
0.56957649
0.56957649
0.56957649
0.57689528
0.60438091
0.60438091
0.60438091
0.60458953
0.60458953
0.63765614
0.63765614
0.66705924
0.76947609
0.77130051
0.77130051
0.77130051
0.68703641
0.64151
0.64151
0.63567825
0.63567825
0.63567825
0.63567825
0.63567825
0.5988364
0.59836981
0.51304427
0.49475364
0.49475364
0.49475364
0.5272362
0.52852697
0.52852697
0.52852697
0.52852697
0.52852697
0.52852697
0.52852697
0.55143985
0.56523677
0.56523677
0.56523677
0.55932561
0.5589635
0.5589635
0.5589635
0.5589635
0.53868464
0.53868464
0.53868464
0.56770322
0.56884113
0.59860208
0.61260029
0.63880141
0.63880141
0.68985151
0.68985151
0.68985151
0.58468174
0.5215874
0.5155608
0.4830831
0.4830831
0.4830831
0.50624142
0.53936723
0.53936723
0.53936723
0.56930207
0.56930207
0.56930207
0.55788448
0.55788448
0.55788448
0.55788448
0.55788448
0.52398021
0.52398021
0.52398021
0.52398021
0.52398021
0.43799055
0.40350769
0.40350769
0.40350769
0.54477281
0.54477281
0.54477281
0.51633862
0.51633862
0.51633862
0.53766908
0.53766908
0.53766908
0.53766908
0.56970869
0.57393702
0.57393702
0.57393702
0.57393702
0.57393702
0.57393702
0.55638399
0.55638399
0.55396547
0.55396547
0.53545293
0.53545293
0.53545293
0.53529771
0.50578279
0.46364537
0.46364537
0.46364537
0.33649703
0.33277647
0.33277647
0.33277647
0.33277647
0.33277647
0.47748552
0.47748552
0.574827
0.574827
0.574827
0.574827
0.56454369
0.56454369
0.56454369
0.59242123
0.61412147
0.61412147
0.61412147
0.61383281
0.58834748
0.5376664
0.51309157
0.47694798
0.4331844
0.43266331
0.43266331
0.43266331
0.47155039
0.5168389
0.52571206
0.52571206
0.61893703
0.61893703
0.61893703
0.61893703
0.61893703
0.61893703
0.5850326
0.52790471
0.51437779
0.50127253
0.50127253
0.50127253
0.52427374
0.54126213
0.54126213
0.54126213
0.54126213
0.54126213
0.58182672
0.60823349
0.60823349
0.60823349
0.58877381
0.58210019
0.54378337
0.54181079
0.54181079
0.54181079
0.64486921
0.64486921
0.64789183
0.64789183
0.64789183
0.64789183
0.66514647
0.66712078
0.75004555
0.75004555
0.75004555
0.69150031
0.69150031
0.69150031
0.65823228
0.6388517
0.6388517
0.63026501
0.59357447
0.59357447
0.54937328
0.48758149
0.48693678
0.4581972
0.4581972
0.4581972
0.4581972
0.4581972
0.4581972
0.4581972
0.4581972
0.4581972
0.4581972
0.4581972
0.4581972
0.39205284
0.39205284
0.39205284
0.40290311
0.40290311
0.40290311
0.38517089
0.38517089
0.38517089
0.49509276
0.58001673
0.58762652
0.58762652
0.58762652
0.58762652
0.61681156
0.62567439
0.68496235
0.69300005
0.69300005
0.69300005
0.52688331
0.52688331
0.52688331
0.63438685
0.71626077
0.71626077
0.71626077
0.71626077
0.71626077
0.67475564
0.64595354
0.64595354
0.50742771
0.37284188
0.34661365
0.29199449
0.29199449
0.29199449
0.39026476
0.39203825
0.39203825
0.39203825
0.49001266
0.49709306
0.52968259
0.55585504
0.63052923
0.69677495
0.69677495
0.69677495
0.69677495
0.74754011
0.74754011
0.74754011
0.72884728
0.7283619
0.68615899
0.67670833
0.63969701
0.63969701
0.56581788
0.56581788
0.56581788
0.57958645
0.582964
0.59338214
0.61850018
0.61850018
0.61850018
0.61850018
0.61850018
0.6478959
0.6478959
0.6478959
0.6181874
0.6181874
0.6181874
0.6181874
0.58996388
0.58794729
0.53841274
0.53476329
0.4990459
0.49532017
0.49532017
0.49532017
0.53674105
0.53674105
0.53674105
0.53674105
0.62198187
0.62198187
0.62198187
0.62198187
0.65555002
0.65821817
0.72558503
0.72558503
0.72558503
0.64737964
0.63679798
0.63679798
0.63679798
0.67650189
0.67650189
0.67650189
0.64460827
0.64460827
0.64460827
0.66358677
0.66358677
0.66358677
0.56473447
0.56473447
0.56473447
0.56473447
0.56473447
0.61016488
0.62959731
0.62959731
0.64051901
0.64051901
0.64051901
0.58335964
0.58335964
0.58335964
0.58335964
0.61923226
0.61990889
0.63110829
0.67675219
0.69560539
0.69560539
0.69560539
0.69560539
0.69560539
0.69560539
0.69560539
0.69560539
0.6068232
0.6068232
0.56899838
0.56899838
0.56899838
0.56447713
0.38999599
0.38999599
0.38999599
0.38999599
0.59792498
0.59792498
0.59792498
0.59792498
0.59792498
0.6237997
0.70502237
0.74569519
0.74569519
0.74569519
0.5949478
0.52729025
0.52729025
0.52729025
0.52995778
0.52995778
0.5628623
0.5628623
0.5628623
0.54157085
0.54157085
0.54157085
0.58947206
0.61751639
0.61751639
0.63459673
0.71190384
0.71190384
0.71190384
0.71190384
0.71190384
0.68128972
0.54918048
0.54918048
0.48492145
0.48492145
0.4691925
0.44264147
0.44264147
0.44264147
0.47006117
0.47006117
0.47006117
0.44200103
0.28248948
0.28248948
0.28248948
0.304945
0.304945
0.304945
0.304945
0.304945
0.3061675
0.31942075
0.37245123
0.48781941
0.50641667
0.50641667
0.50641667
0.49005902
0.4043643
0.30375009
0.20355877
0.20355877
0.18352332
0.18352332
0.18352332
0.39221198
0.4574225
0.4574225
0.4574225
0.40888115
0.36005004
0.31193281
0.31193281
0.31193281
0.30128677
0.22388115
0.1883636
0.02680477
0.02680477
0.02680477
0.14573686
0.30899713
0.31728342
0.31728342
0.5260167
0.5260167
0.5260167
0.525294
0.525294
0.525294
0.539545
0.539545
0.539545
0.46429115
0.43912688
0.43707615
0.38095805
0.38095805
0.38095805
0.35280049
0.35280049
0.35280049
0.36187914
0.36830826
0.39027117
0.39027117
0.39027117
0.44551265
0.47870379
0.47870379
0.47981161
0.52228518
0.52228518
0.52228518
0.52228518
0.52228518
0.52228518
0.49708242
0.49708242
0.49708242
0.57609551
0.58226701
0.64080234
0.64080234
0.64080234
0.49070183
0.49070183
0.49070183
0.49774699
0.49774699
0.49774699
0.58185536
0.59312104
0.59312104
0.59312104
0.61424442
0.61424442
0.61424442
0.57368798
0.52601325
0.52535854
0.50234903
0.50234903
0.50234903
0.50234903
0.50416247
0.50416247
0.56526247
0.56526247
0.61551202
0.72244572
0.78897258
0.79381381
0.84508879
0.91756253
0.92974946
0.93531682
0.93531682
0.93531682
0.92403425
0.92403425
0.92403425
0.93094518
0.93094518
0.93094518
0.91973214
0.91973214
0.82762724
0.55748742
0.55748742
0.55748742
0.57567388
0.57567388
0.57567388
0.57567388
0.41674563
0.41343214
0.39049219
0.39049219
0.39049219
0.39049219
0.39049219
0.39049219
0.40178791
0.43257966
0.4761346
0.50941563
0.59053792
0.59053792
0.59053792
0.59053792
0.59053792
0.69615092
0.69615092
0.69615092
0.6856667
0.6856667
0.6856667
0.72884822
0.72884822
0.72884822
0.65050737
0.59123508
0.58456693
0.55560146
0.46402627
0.46402627
0.46402627
0.58736918
0.76297084
0.76297084
0.78945749
0.78945749
0.84022752
0.88127107
0.88127107
0.88127107
0.83022757
0.83022757
0.73655669
0.72078877
0.72078877
0.72078877
0.74360718
0.74360718
0.74360718
0.71326151
0.71326151
0.7082483
0.70545217
0.70447981
0.68979919
0.67959015
0.65140642
0.56470346
0.52833714
0.52570423
0.52570423
0.52570423
0.55893076
0.5636199
0.62156164
0.62156164
0.64625411
0.64625411
0.66466157
0.69557439
0.72679453
0.72679453
0.74820642
0.74820642
0.74820642
0.74820642
0.75844192
0.7586955
0.76116554
0.76538919
0.76538919
0.7765712
0.78428187
0.78537138
0.79797886
0.79797886
0.79797886
0.78145174
0.78145174
0.78145174
0.79931743
0.80049933
0.80049933
0.80049933
0.75245119
0.75245119
0.72012026
0.65690173
0.65690173
0.65690173
0.64081503
0.64081503
0.64081503
0.65241838
0.67013885
0.67933373
0.67933373
0.67933373
0.67117291
0.6635863
0.60576738
0.54029293
0.53836794
0.53836794
0.51468259
0.49401453
0.49401453
0.49401453
0.51207222
0.51207222
0.51207222
0.51207222
0.52240501
0.54731425
0.55645165
0.55645165
0.55645165
0.55645165
0.55645165
0.57468822
0.57468822
0.57468822
0.57468822
0.57468822
0.58779958
0.58779958
0.58779958
0.58779958
0.58779958
0.58779958
0.58055177
0.52975793
0.51324241
0.51324241
0.50764151
0.50764151
0.50764151
0.52804832
0.52804832
0.52804832
0.52804832
0.53779955
0.53779955
0.53779955
0.52558676
0.52520568
0.49768652
0.49768652
0.49768652
0.49768652
0.49768652
0.49768652
0.49768652
0.49768652
0.48800687
0.48800687
0.48800687
0.49114556
0.49305909
0.52222348
0.59091585
0.62027649
0.62027649
0.62027649
0.61986332
0.51665845
0.45016607
0.43593793
0.43593793
0.43593793
0.43595078
0.43972883
0.43972883
0.43972883
0.38575605
0.38575605
0.38575605
0.46776469
0.5680323
0.5680323
0.5680323
0.48949031
0.48949031
0.47164218
0.47164218
0.44849125
0.44849125
0.44849125
0.44849125
0.40797146
0.40797146
0.34483529
0.34483529
0.34483529
0.34483529
0.30359221
0.30359221
0.30359221
0.34257639
0.50010409
0.50061204
0.53344919
0.53344919
0.53344919
0.4450747
0.39162711
0.39162711
0.39006836
0.34559853
0.32586854
0.32586854
0.32586854
0.3297009
0.51827
0.51827
0.51827
0.51216714
0.50473231
0.50473231
0.50473231
0.50473231
0.50473231
0.50473231
0.50473231
0.50473231
0.50473231
0.5241511
0.5241511
0.5241511
0.47327598
0.47327598
0.47327598
0.47327598
0.4135681
0.31435587
0.31435587
0.31435587
0.46650023
0.46650023
0.46650023
0.46650023
0.41359693
0.41359693
0.41359693
0.41359693
0.41359693
0.41359693
0.12155028
0.11933726
0.11933726
0.11933726
0.51081088
0.70932025
0.70932025
0.70932025
0.59586469
0.59586469
0.59586469
0.53810043
0.53810043
0.53661215
0.52770171
0.52770171
0.52770171
0.64509194
0.64509194
0.64509194
0.59911458
0.54306916
0.52625228
0.52625228
0.52625228
0.52625228
0.53055954
0.53055954
0.53055954
0.53055954
0.53055954
0.53055954
0.53055954
0.53055954
0.53055954
0.5263627
0.52192604
0.52192604
0.52192604
0.63226452
0.63226452
0.63226452
0.61679356
0.61679356
0.61679356
0.61679356
0.61679356
0.61679356
0.54385324
0.54385324
0.54385324
0.54385324
0.54385324
0.5402348
0.5402348
0.5402348
0.58826118
0.58826118
0.58826118
0.58826118
0.53484037
0.53484037
0.53484037
0.53484037
0.53484037
0.48368143
0.47015062
0.47015062
0.47015062
0.47015062
0.47015062
0.47015062
0.47015062
0.47015062
0.47015062
0.47015062
0.60764129
0.60764129
0.60764129
0.60764129
0.60764129
0.60764129
0.60764129
0.59725508
0.59725508
0.59725508
0.59725508
0.59725508
0.47350825
0.39335488
0.39335488
0.39335488
0.44976996
0.49197302
0.55457055
0.61994131
0.61994131
0.61994131
0.5580961
0.5580961
0.54599749
0.52373698
0.52373698
0.52373698
0.52373698
0.52373698
0.52373698
0.52373698
0.52373698
0.46491344
0.46491344
0.46491344
0.46491344
0.56018348
0.56018348
0.56018348
0.56018348
0.52366319
0.52366319
0.52366319
0.24221779
0.24221779
0.24221779
0.38030554
0.41358235
0.41358235
0.63803409
0.63803409
0.63803409
0.63803409
0.63803409
0.63803409
0.63803409
0.63803409
0.63803409
0.63803409
0.63803409
0.63803409
0.78398459
0.78398459
0.78398459
0.62210732
0.62210732
0.62210732
0.64059435
0.68741812
0.68741812
0.68741812
0.68741812
0.65502483
0.65502483
0.65502483
0.65486225
0.38715364
0.38715364
0.38715364
0.38715364
0.29521508
0.29521508
0.29521508
0.29521508
0.37161297
0.43653157
0.43653157
0.43653157
0.43653157
0.62308063
0.62308063
0.62308063
0.61383436
0.6133103
0.59417421
0.53604374
0.53604374
0.53604374
0.53604374
0.53604374
0.5302621
0.5302621
0.5302621
0.5302621
0.49736638
0.49736638
0.49736638
0.49736638
0.49736638
0.49752864
0.49752864
0.49752864
0.49752864
0.49752864
0.49752864
0.48602757
0.39727452
0.39727452
0.39727452
0.46649991
0.49327118
0.58424397
0.58424397
0.58424397
0.51354218
0.51354218
0.50620053
0.50620053
0.50620053
0.50620053
0.55392367
0.55392367
0.55392367
0.56673556
0.61089023
0.61462346
0.65902356
0.70686574
0.73878332
0.73878332
0.75032841
0.75032841
0.75032841
0.75032841
0.78583108
0.79765856
0.79765856
0.79765856
0.68575113
0.6419304
0.58483696
0.51567687
0.3488716
0.3488716
0.3488716
0.3488716
0.26141997
0.26141997
0.26141997
0.26141997
0.26141997
0.26141997
0.26141997
0.26141997
0.17692817
0.17692817
0.17692817
0.23710624
0.36191687
0.43893658
0.43893658
0.43893658
0.34519115
0.30667637
0.30667637
0.30667637
0.32157236
0.32157236
0.43063623
0.58260812
0.58260812
0.58260812
0.48806563
0.48657922
0.38637771
0.38637771
0.38637771
0.38637771
0.38637771
0.38637771
0.40189725
0.49438525
0.49610801
0.53613755
0.55254502
0.55254502
0.55254502
0.48786655
0.42341441
0.42341441
0.42341441
0.42341441
0.42341441
0.42341441
0.31673928
0.30670299
0.30670299
0.30670299
0.37068402
0.37068402
0.37068402
0.34795535
0.34795535
0.34795535
0.25494638
0.15914379
0.15405712
0.15405712
0.12127852
0.12127852
0.12127852
0.19839989
0.29399636
0.54782362
0.62267839
0.62267839
0.62267839
0.52375435
0.52375435
0.52375435
0.57430275
0.57430275
0.57430275
0.57430275
0.57430275
0.57430275
0.35184645
0.35184645
0.35184645
0.38274768
0.50286059
0.50286059
0.50286059
0.41626837
0.41562306
0.19837671
0.19837671
0.19837671
0.30191673
0.30191673
0.30191673
0.29462695
0.29462695
0.29462695
0.39970428
0.50189529
0.50189529
0.50189529
0.51289499
0.51289499
0.51289499
0.4610884
0.45718647
0.40276042
0.40276042
0.38912309
0.31324897
0.31324897
0.31324897
0.32243882
0.39042813
0.39042813
0.39042813
0.35837566
0.35669332
0.32718296
0.32718296
0.32718296
0.46599682
0.51842225
0.51842225
0.51842225
0.51842225
0.51842225
0.51842225
0.51842225
0.51842225
0.51842225
0.51842225
0.45873272
0.22766044
0.22766044
0.22766044
0.28563818
0.60119022
0.65716892
0.65716892
0.66640876
0.66640876
0.66640876
0.63546288
0.60963218
0.60248273
0.60248273
0.60248273
0.60248273
0.60248273
0.59713604
0.59713604
0.59713604
0.59713604
0.62591247
0.62591247
0.63600074
0.67334018
0.67334018
0.67334018
0.61567349
0.61567349
0.61567349
0.69574199
0.69574199
0.69574199
0.5798712
0.5798712
0.5798712
0.5798712
0.5798712
0.5798712
0.6160231
0.77304158
0.80160623
0.83843867
0.87120614
0.87130591
0.87130591
0.87130591
0.86051153
0.8042202
0.73324651
0.73324651
0.73324651
0.73324651
0.73324651
0.63572429
0.62668338
0.62668338
0.62668338
0.62668338
0.62668338
0.62668338
0.44770748
0.44150874
0.38647733
0.38647733
0.38647733
0.44083195
0.57980353
0.57980353
0.57980353
0.56006599
0.56006599
0.56006599
0.56006599
0.56006599
0.51796536
0.51796536
0.51796536
0.6006027
0.64968897
0.64968897
0.64968897
0.62479069
0.58599773
0.53929079
0.48335847
0.48335847
0.48335847
0.48335847
0.48335847
0.54804288
0.59106592
0.59106592
0.59106592
0.56407413
0.56300531
0.56300531
0.56300531
0.56300531
0.56300531
0.57902713
0.57902713
0.57902713
0.42572326
0.42572326
0.42572326
0.47523101
0.47523101
0.47523101
0.47523101
0.47523101
0.48329611
0.51110677
0.55643271
0.6407502
0.65807769
0.66005936
0.66005936
0.66005936
0.62042499
0.49199496
0.41922426
0.41922426
0.41922426
0.41922426
0.41922426
0.42523896
0.42523896
0.42600049
0.42772167
0.43393983
0.44603781
0.44603781
0.49443555
0.49638947
0.50984622
0.5301921
0.5301921
0.5301921
0.50978607
0.48088593
0.48088593
0.48088593
0.48088593
0.4935719
0.65415587
0.70247433
0.70247433
0.79721751
0.79721751
0.79721751
0.71166876
0.62769739
0.62769739
0.62769739
0.47514439
0.47514439
0.47514439
0.47514439
0.47514439
0.52317422
0.68297332
0.68501622
0.68501622
0.68501622
0.68501622
0.54272035
0.40067835
0.27861982
0.23470496
0.2329316
0.2329316
0.2329316
0.26905233
0.32353695
0.53331402
0.71855775
0.71855775
0.71855775
0.6295832
0.6295832
0.6295832
0.64347756
0.64347756
0.64347756
0.57869258
0.57869258
0.57869258
0.60630931
0.60630931
0.60630931
0.61129949
0.61129949
0.61401872
0.61401872
0.61401872
0.57583223
0.5290957
0.50695531
0.50695531
0.50695531
0.50695531
0.50695531
0.53460447
0.58869613
0.61614432
0.62001946
0.62001946
0.62001946
0.62001946
0.63222489
0.67344921
0.71307857
0.71307857
0.71307857
0.68411199
0.59989866
0.40862084
0.36207367
0.36207367
0.36207367
0.40132978
0.52296746
0.55335118
0.58969448
0.59132216
0.59813407
0.59813407
0.59813407
0.52986163
0.40231638
0.39808099
0.20630147
0.1196958
0.1196958
0.1196958
0.13509176
0.13509176
0.13509176
0.13509176
0.13509176
0.20864888
0.32480783
0.32480783
0.45001429
0.52051904
0.52051904
0.54076091
0.59880618
0.6033567
0.62228572
0.62228572
0.62228572
0.61662877
0.52285891
0.52285891
0.52285891
0.52285891
0.52285891
0.75864302
0.75864302
0.75864302
0.75864302
0.75864302
0.75864302
0.46083248
0.46083248
0.46083248
0.53887261
0.58551248
0.58551248
0.58551248
0.58551248
0.58551248
0.58551248
0.58551248
0.51851622
0.51851622
0.51851622
0.51851622
0.51234241
0.51234241
0.51234241
0.4980383
0.47495456
0.47495456
0.47495456
0.47495456
0.47495456
0.47495456
0.39197608
0.39197608
0.38842297
0.38842297
0.38842297
0.55469537
0.62226365
0.62226365
0.62226365
0.62226365
0.62226365
0.62226365
0.64238758
0.64238758
0.64238758
0.69576861
0.69576861
0.70406961
0.70696299
0.70696299
0.70696299
0.69038716
0.69038716
0.64524464
0.51200175
0.50983479
0.5089785
0.49980867
0.49980867
0.44767379
0.44767379
0.44767379
0.56280841
0.56280841
0.56280841
0.5200941
0.5200941
0.5200941
0.68171574
0.73100501
0.73100501
0.77802408
0.8006572
0.8006572
0.8006572
0.72679889
0.72679889
0.72679889
0.88743894
0.88743894
0.88743894
0.69653671
0.69653671
0.69208487
0.6265866
0.6265866
0.6265866
0.6265866
0.6265866
0.55398868
0.50131027
0.50131027
0.50131027
0.59214729
0.59214729
0.59214729
0.61098405
0.61098405
0.61194245
0.61194245
0.61194245
0.61194245
0.61194245
0.63324313
0.63324313
0.63324313
0.63324313
0.63324313
0.63324313
0.45120828
0.45120828
0.45120828
0.54598966
0.54598966
0.54598966
0.48264313
0.48264313
0.48264313
0.48780154
0.58185255
0.58185255
0.58185255
0.58506266
0.60482947
0.60482947
0.60482947
0.58138909
0.58138909
0.58138909
0.58138909
0.58138909
0.58138909
0.58138909
0.48725412
0.48725412
0.48725412
0.50571358
0.52630034
0.52630034
0.52630034
0.52344829
0.47597296
0.39175148
0.39175148
0.39175148
0.52205635
0.52205635
0.52205635
0.52205635
0.52205635
0.64884256
0.66899329
0.66899329
0.66899329
0.57290078
0.57290078
0.57290078
0.81252903
0.81252903
0.81252903
0.81252903
0.73402731
0.61236471
0.61236471
0.61236471
0.47179927
0.43561763
0.3951099
0.33681967
0.33681967
0.33681967
0.37857136
0.44739845
0.45853379
0.45853379
0.4606669
0.4606669
0.58930323
0.61898619
0.61898619
0.61898619
0.58676802
0.58676802
0.58676802
0.59594239
0.63237699
0.67045808
0.71154094
0.71154094
0.71154094
0.42859583
0.41972846
0.41972846
0.41972846
0.41879105
0.41879105
0.41879105
0.46554902
0.47093186
0.47093186
0.47331403
0.47331403
0.47331403
0.47331403
0.47331403
0.5243912
0.5243912
0.5243912
0.5243912
0.48539808
0.48539808
0.48539808
0.48539808
0.50538857
0.51545319
0.53481217
0.5736883
0.60974512
0.60974512
0.60974512
0.56660196
0.51979464
0.47295944
0.41464195
0.41464195
0.41464195
0.58217866
0.58217866
0.6618944
0.76211767
0.76652208
0.77621345
0.80477905
0.84085921
0.8939038
0.91407566
0.91594376
0.95427922
0.95427922
0.95427922
0.94616132
0.94616132
0.94616132
0.94616132
0.94616132
0.94616132
0.94742342
0.94742342
0.94742342
0.84919198
0.71383837
0.71383837
0.71383837
0.71383837
0.71383837
0.48661853
0.48661853
0.48661853
0.48661853
0.48661853
0.48661853
0.59537789
0.59537789
0.59537789
0.44383312
0.43309763
0.43309763
0.43309763
0.52550672
0.52550672
0.52550672
0.55704167
0.55704167
0.55704167
0.55704167
0.55704167
0.55704167
0.55704167
0.61146646
0.61525373
0.6889111
0.6889111
0.6889111
0.57463638
0.57463638
0.57463638
0.57463638
0.57463638
0.57463638
0.53657989
0.53657989
0.53657989
0.66704826
0.67349493
0.68382614
0.70578955
0.70578955
0.70578955
0.55475239
0.55475239
0.54058847
0.51732068
0.51732068
0.51732068
0.70818252
0.70818252
0.70818252
0.70818252
0.70818252
0.70818252
0.63438966
0.60888491
0.60888491
0.48793984
0.48793984
0.48793984
0.48793984
0.48793984
0.48793984
0.48850731
0.54534448
0.54534448
0.54534448
0.54226595
0.54226595
0.54226595
0.57488134
0.57488134
0.57488134
0.57488134
0.57488134
0.57488134
0.57488134
0.57488134
0.57488134
0.6035716
0.62494089
0.62494089
0.62494089
0.62494089
0.62494089
0.62494089
0.55376892
0.36830592
0.36830592
0.36830592
0.49677431
0.58358613
0.58358613
0.58358613
0.63317297
0.63317297
0.63317297
0.63317297
0.54822896
0.54598291
0.49224337
0.49224337
0.49224337
0.57674678
0.57674678
0.57674678
0.57674678
0.57674678
0.57674678
0.57674678
0.56405503
0.50164578
0.30408432
0.30408432
0.30408432
0.30408432
0.50506372
0.52602939
0.58341743
0.58341743
0.70264806
0.70264806
0.70264806
0.69086988
0.65779418
0.65779418
0.65779418
0.6584301
0.72543953
0.7266999
0.7266999
0.7266999
0.7266999
0.53623985
0.53623985
0.53623985
0.56140643
0.56140643
0.56140643
0.56140643
0.41321317
0.41321317
0.41321317
0.41321317
0.48686615
0.62069641
0.62069641
0.62069641
0.60075088
0.60075088
0.60075088
0.60075088
0.60075088
0.60075088
0.57072786
0.5679203
0.50888138
0.50888138
0.50888138
0.53648996
0.53648996
0.53648996
0.53648996
0.53648996
0.53648996
0.53648996
0.70231144
0.70231144
0.70231144
0.67307924
0.66022615
0.66022615
0.66022615
0.6578537
0.6578537
0.6578537
0.65949956
0.65949956
0.67914219
0.68068812
0.75423112
0.75423112
0.75423112
0.75423112
0.75423112
0.75367495
0.72059938
0.71038658
0.64986159
0.58458995
0.58458995
0.58458995
0.64401479
0.6906575
0.69431244
0.69431244
0.69431244
0.69431244
0.69431244
0.63568264
0.63568264
0.63568264
0.69404273
0.69404273
0.69404273
0.70879304
0.70879304
0.70879304
0.54643291
0.54643291
0.54643291
0.54643291
0.54643291
0.54643291
0.54643291
0.54643291
0.54643291
0.54029369
0.53950209
0.53950209
0.53950209
0.53950209
0.5392673
0.5392673
0.5392673
0.5392673
0.5392673
0.33786547
0.33786547
0.33786547
0.36509221
0.36509221
0.36509221
0.29794496
0.29794496
0.29794496
0.41058559
0.41058559
0.41058559
0.41058559
0.41058559
0.41058559
0.41058559
0.71176194
0.71176194
0.71176194
0.71176194
0.71176194
0.71176194
0.70152846
0.6329689
0.6329689
0.6329689
0.6329689
0.6329689
0.6329689
0.59290412
0.44546393
0.44546393
0.44546393
0.44546393
0.69898857
0.70566095
0.70566095
0.70566095
0.7401463
0.81262818
0.81262818
0.81262818
0.65110819
0.65110819
0.65110819
0.65110819
0.66569876
0.66569876
0.66569876
0.66569876
0.67113439
0.67113439
0.67113439
0.66987902
0.56367174
0.56217892
0.35294552
0.3417057
0.3417057
0.3417057
0.47506122
0.47506122
0.50691584
0.50691584
0.50691584
0.50691584
0.53009983
0.53009983
0.56420931
0.56420931
0.56420931
0.43150708
0.34611447
0.34611447
0.30936428
0.30936428
0.30936428
0.388508
0.64963071
0.64963071
0.64963071
0.64963071
0.69392369
0.83104752
0.83104752
0.83104752
0.81015359
0.64432789
0.51146402
0.37167139
0.37167139
0.37167139
0.51871013
0.64358814
0.65675042
0.65675042
0.65675042
0.6585272
0.6585272
0.6585272
0.64658524
0.52081115
0.49187921
0.49187921
0.49187921
0.52998143
0.52998143
0.52998143
0.52998143
0.52998143
0.52998143
0.52998143
0.52998143
0.5328587
0.57744267
0.58192805
0.71491847
0.74324864
0.74324864
0.74324864
0.60019752
0.60019752
0.59138247
0.59138247
0.59138247
0.71599137
0.80800214
0.80800214
0.80800214
0.80800214
0.80800214
0.80800214
0.75965845
0.75965845
0.75965845
0.75965845
0.75965845
0.75386978
0.75386978
0.75386978
0.8046824
0.8046824
0.8046824
0.62046524
0.62046524
0.62046524
0.62046524
0.62046524
0.62046524
0.62046524
0.69979396
0.69979396
0.78570232
0.78570232
0.78570232
0.79147815
0.8219648
0.8219648
0.8219648
0.8219648
0.8099846
0.8099846
0.79778214
0.79297116
0.79297116
0.79297116
0.80512253
0.80512253
0.80512253
0.80512253
0.73050347
0.7063957
0.65182773
0.48902622
0.46953787
0.46953787
0.46953787
0.46953787
0.46953787
0.52987101
0.52987101
0.52987101
0.52987101
0.52987101
0.52987101
0.64552721
0.64552721
0.64552721
0.64552721
0.64552721
0.64552721
0.64552721
0.68414411
0.68477877
0.80184977
0.80184977
0.80184977
0.76147457
0.65165122
0.65165122
0.64560473
0.56920387
0.56920387
0.56920387
0.6333318
0.6333318
0.6333318
0.6333318
0.6333318
0.6333318
0.6333318
0.6333318
0.6333318
0.56645299
0.56645299
0.55423033
0.48464611
0.18644177
0.18644177
0.18644177
0.20993589
0.31445985
0.31445985
0.53975741
0.53975741
0.53975741
0.53975741
0.53975741
0.49291782
0.49291782
0.49291782
0.49781074
0.49781074
0.49781074
0.49781074
0.54563302
0.54563302
0.54563302
0.54563302
0.54563302
0.60176098
0.60176098
0.60176098
0.54293178
0.54293178
0.54293178
0.54293178
0.54293178
0.54293178
0.54293178
0.50424848
0.50424848
0.42641337
0.42641337
0.42641337
0.42641337
0.42641337
0.42641337
0.45571869
0.59153643
0.59153643
0.59153643
0.59153643
0.59153643
0.59153643
0.6169198
0.61904947
0.61904947
0.61904947
0.48271033
0.48271033
0.48271033
0.48271033
0.48271033
0.48271033
0.50135757
0.51814142
0.51814142
0.51814142
0.54984287
0.54984287
0.64882204
0.74840894
0.77351695
0.77351695
0.77351695
0.74118554
0.74118554
0.74118554
0.59384936
0.59169368
0.54761968
0.54761968
0.54761968
0.50470098
0.50470098
0.50470098
0.60847548
0.60847548
0.62238847
0.62238847
0.62238847
0.62238847
0.42966229
0.42966229
0.42966229
0.63230275
0.63230275
0.63230275
0.63230275
0.63230275
0.63230275
0.30427806
0.30427806
0.30427806
0.30427806
0.30427806
0.30427806
0.36795474
0.4922686
0.4922686
0.4922686
0.4922686
0.47414462
0.44703866
0.4460248
0.4460248
0.4460248
0.54490843
0.55720034
0.76852551
0.76852551
0.76852551
0.74105163
0.74105163
0.74105163
0.72388265
0.68194034
0.68194034
0.62501734
0.62501734
0.62501734
0.689074
0.73146926
0.73935862
0.73935862
0.73935862
0.6861629
0.6861629
0.6861629
0.68302656
0.55765095
0.55765095
0.32972424
0.32972424
0.32972424
0.32972424
0.67539217
0.67539217
0.67539217
0.59856466
0.59856466
0.59856466
0.59856466
0.5325857
0.5325857
0.5325857
0.5325857
0.5325857
0.53167194
0.53167194
0.53167194
0.53167194
0.51697061
0.51697061
0.51697061
0.51697061
0.53064053
0.5780103
0.61110684
0.61110684
0.61110684
0.61110684
0.58766864
0.58766864
0.58766864
0.58766864
0.58766864
0.58766864
0.58766864
0.58766864
0.58766864
0.58766864
0.52210208
0.52210208
0.52210208
0.52210208
0.614064
0.62354157
0.62354157
0.62354157
0.58640559
0.53777009
0.53777009
0.53777009
0.53832708
0.53832708
0.53832708
0.53832708
0.53832708
0.57154812
0.57154812
0.57154812
0.54669604
0.45451046
0.45451046
0.45451046
0.46127071
0.64146551
0.64146551
0.64146551
0.64146551
0.58040703
0.58040703
0.58040703
0.58040703
0.58040703
0.49625385
0.46321415
0.46321415
0.46321415
0.47202184
0.47202184
0.47202184
0.45490424
0.45490424
0.45490424
0.46008127
0.54393531
0.57221944
0.57221944
0.57221944
0.57221944
0.57221944
0.57221944
0.57221944
0.57221944
0.57221944
0.60119272
0.72165491
0.72165491
0.72165491
0.72165491
0.72165491
0.72165491
0.71684642
0.71684642
0.71684642
0.70504008
0.70293154
0.62011753
0.62011753
0.62011753
0.55388922
0.5288252
0.5288252
0.5288252
0.5288252
0.5288252
0.51771335
0.51771335
0.51771335
0.51771335
0.51771335
0.51771335
0.51771335
0.55215409
0.55215409
0.61892354
0.61892354
0.61892354
0.65226552
0.65391795
0.65391795
0.6863612
0.6863612
0.6863612
0.66481584
0.66481584
0.66481584
0.66481584
0.66481584
0.66481584
0.65016702
0.65016702
0.65016702
0.74970549
0.74970549
0.74970549
0.74970549
0.74970549
0.74970549
0.74970549
0.49160558
0.49160558
0.49160558
0.44137827
0.44137827
0.44137827
0.50524509
0.50524509
0.50524509
0.49221454
0.49221454
0.49221454
0.49221454
0.49757563
0.80733492
0.80733492
0.80733492
0.64695018
0.64695018
0.64695018
0.64695018
0.64695018
0.64695018
0.64695018
0.63523326
0.63523326
0.63523326
0.62570947
0.62570947
0.62570947
0.62570947
0.62570947
0.62570947
0.62570947
0.62570947
0.62570947
0.62570947
0.62570947
0.58432102
0.58432102
0.58432102
0.58432102
0.6128235
0.6128235
0.6128235
0.50339405
0.48963802
0.48963802
0.48963802
0.51965164
0.60093054
0.60093054
0.60093054
0.60093054
0.60093054
0.60093054
0.60093054
0.69458466
0.69458466
0.69458466
0.67752859
0.67752859
0.50735458
0.40713349
0.40713349
0.40713349
0.40713349
0.45838813
0.47611392
0.47611392
0.47729177
0.47729177
0.47729177
0.47729177
0.50380945
0.54739413
0.54739413
0.59821491
0.59821491
0.59821491
0.59821491
0.59821491
0.59821491
0.59821491
0.61529932
0.61529932
0.62497238
0.65642447
0.65766184
0.65766184
0.65766184
0.56344888
0.56344888
0.56344888
0.56632833
0.5725471
0.5725471
0.5725471
0.5474546
0.50335288
0.50335288
0.50335288
0.52238104
0.56784714
0.64710178
0.70856844
0.70856844
0.70856844
0.70856844
0.61201716
0.47080657
0.47080657
0.42334532
0.41951308
0.26506158
0.1934921
0.1934921
0.1934921
0.27785924
0.27785924
0.29263619
0.29263619
0.32184849
0.32184849
0.43364726
0.43846137
0.43846137
0.4894336
0.4894336
0.4894336
0.4894336
0.4894336
0.4894336
0.4894336
0.48164886
0.38371331
0.38371331
0.38371331
0.50318026
0.63258311
0.71300071
0.71300071
0.80577551
0.80794139
0.80794139
0.80794139
0.80794139
0.80794139
0.80794139
0.80794139
0.72551503
0.52849252
0.52849252
0.52849252
0.52849252
0.52849252
0.44412898
0.44412898
0.44412898
0.53301487
0.53301487
0.53301487
0.47377156
0.35776591
0.35776591
0.35776591
0.48933243
0.49061162
0.51777413
0.51777413
0.51777413
0.51777413
0.49974665
0.49974665
0.49974665
0.4457908
0.4457908
0.4457908
0.52936621
0.53372595
0.61866981
0.61866981
0.66498704
0.68300682
0.68300682
0.68300682
0.68300682
0.62792622
0.62792622
0.62792622
0.5890194
0.5890194
0.5890194
0.63464685
0.63464685
0.63464685
0.63464685
0.63464685
0.63464685
0.63464685
0.63464685
0.56255906
0.56255906
0.56255906
0.68535171
0.69988777
0.69988777
0.69988777
0.58613509
0.58613509
0.58613509
0.69407733
0.69407733
0.69407733
0.69407733
0.69407733
0.81134414
0.81134414
0.8127596
0.8127596
0.8127596
0.8127596
0.73832737
0.70714313
0.70714313
0.68816775
0.68816775
0.68816775
0.68816775
0.55700972
0.55700972
0.55700972
0.55700972
0.55700972
0.55700972
0.55700972
0.57433565
0.57433565
0.57472659
0.57472659
0.57472659
0.61784389
0.64278104
0.73762819
0.73762819
0.73762819
0.73762819
0.73762819
0.73762819
0.76938367
0.76938367
0.76938367
0.56163197
0.46281538
0.46281538
0.46281538
0.46281538
0.46281538
0.61186415
0.7278906
0.81414371
0.84194635
0.86368482
0.86368482
0.86368482
0.77876354
0.77113228
0.76453477
0.74531222
0.74531222
0.72024902
0.66697386
0.66697386
0.66697386
0.68467397
0.68495499
0.73878363
0.7656141
0.8671421
0.8671421
0.8671421
0.8671421
0.81776887
0.70119938
0.62959839
0.55067863
0.55067863
0.55067863
0.55067863
0.53544699
0.53544699
0.53544699
0.65947231
0.71215994
0.71215994
0.75192116
0.76056877
0.79678912
0.852211
0.89982248
0.89982248
0.89982248
0.73765279
0.60553698
0.60553698
0.58984829
0.58984829
0.58984829
0.58984829
0.58984829
0.65103175
0.65447712
0.65447712
0.65447712
0.6336532
0.6336532
0.60876038
0.60674976
0.60674976
0.60674976
0.60674976
0.60674976
0.54366496
0.4987519
0.4987519
0.4987519
0.48574532
0.4855732
0.45420067
0.45420067
0.45420067
0.45420067
0.45420067
0.48139527
0.48139527
0.48139527
0.48409102
0.54261447
0.65106699
0.79441292
0.80811148
0.80811148
0.80811148
0.74260804
0.66341949
0.58730183
0.53907544
0.50282175
0.50282175
0.4872615
0.4872615
0.4872615
0.43815909
0.43815909
0.43815909
0.50567269
0.60974355
0.74707962
0.74707962
0.74707962
0.74556675
0.73563197
0.71612531
0.70371875
0.53970039
0.45826565
0.45826565
0.41138862
0.41138862
0.41138862
0.50819379
0.67882485
0.67882485
0.67882485
0.67882485
0.67882485
0.67039496
0.65091586
0.65091586
0.65091586
0.65091586
0.65291474
0.65291474
0.65291474
0.65291474
0.61896851
0.6024257
0.6024257
0.6024257
0.6024257
0.6024257
0.6024257
0.6024257
0.6024257
0.6024257
0.52750936
0.52750936
0.52750936
0.52750936
0.52750936
0.52750936
0.52750936
0.52750936
0.52750936
0.52750936
0.52750936
0.52750936
0.62979857
0.62979857
0.62979857
0.62979857
0.62979857
0.56625738
0.53442607
0.53442607
0.53442607
0.55941475
0.55941475
0.55941475
0.55941475
0.55941475
0.55941475
0.55941475
0.56606332
0.56606332
0.56606332
0.56606332
0.56606332
0.58004069
0.58004069
0.58004069
0.58004069
0.58004069
0.58004069
0.58004069
0.58004069
0.76284539
0.76284539
0.76284539
0.73194337
0.64398034
0.64398034
0.64398034
0.73548458
0.73548458
0.73548458
0.65938302
0.64709739
0.63531612
0.63531612
0.63531612
0.67596122
0.67596122
0.67596122
0.66815343
0.66511108
0.66511108
0.66511108
0.66511108
0.64930116
0.64930116
0.64930116
0.64930116
0.63454145
0.63454145
0.62200802
0.59429795
0.59429795
0.59429795
0.59732839
0.59732839
0.61946689
0.61946689
0.64548193
0.64639993
0.70292121
0.74428084
0.77053882
0.77110253
0.80560762
0.80560762
0.80560762
0.77211121
0.72794324
0.72674344
0.72674344
0.72674344
0.72674344
0.72674344
0.69412997
0.66149516
0.47029612
0.47029612
0.47029612
0.54378573
0.60429225
0.69213295
0.7320032
0.7320032
0.7320032
0.62582459
0.62582459
0.62582459
0.63102559
0.68959651
0.68959651
0.68959651
0.68959651
0.68959651
0.68959651
0.73403498
0.73403498
0.73403498
0.73403498
0.74398387
0.74398387
0.74398387
0.74398387
0.74398387
0.74398387
0.74994672
0.74994672
0.74994672
0.74449104
0.74449104
0.74449104
0.78181435
0.82488482
0.82488482
0.82488482
0.82488482
0.82488482
0.57836303
0.4347463
0.38714833
0.38714833
0.38714833
0.40569532
0.41545281
0.41545281
0.41727392
0.41727392
0.41727392
0.58208687
0.5867486
0.6012325
0.6012325
0.6012325
0.6012325
0.64362401
0.64362401
0.64362401
0.59879538
0.59879538
0.59879538
0.55838132
0.55838132
0.55838132
0.4320252
0.4320252
0.4320252
0.50299889
0.50299889
0.6683024
0.6683024
0.6683024
0.64525967
0.64525967
0.59996023
0.59996023
0.59996023
0.59996023
0.62538118
0.62538118
0.62538118
0.59577527
0.59577527
0.59577527
0.59577527
0.58120475
0.58120475
0.53156746
0.53156746
0.53156746
0.53156746
0.53156746
0.53156746
0.53156746
0.58519218
0.58519218
0.58519218
0.58519218
0.58519218
0.58519218
0.57224653
0.56970961
0.53530399
0.43836364
0.43836364
0.43836364
0.43836364
0.43836364
0.43836364
0.42808507
0.42808507
0.42808507
0.42808507
0.4520287
0.34423353
0.32214359
