0.64858953
0.65628171
0.61928045
0.59672847
0.59672847
0.58130978
0.58130978
0.53332191
0.53332191
0.53332191
0.50798479
0.47472178
0.47472178
0.47472178
0.46824496
0.45460292
0.4421239
0.4421239
0.4421239
0.47118074
0.48891865
0.58279389
0.58279389
0.58279389
0.58279389
0.62191804
0.7162966
0.73954226
0.7847239
0.79393382
0.83270546
0.85260163
0.85260163
0.85260163
0.81690225
0.69874703
0.69086939
0.59850461
0.56679063
0.56679063
0.56679063
0.56679063
0.56679063
0.56679063
0.57691338
0.63113327
0.70175313
0.70175313
0.70175313
0.6403303
0.52767802
0.52767802
0.52767802
0.60156122
0.61668601
0.61668601
0.61668601
0.5827881
0.5827881
0.5827881
0.5827881
0.5827881
0.5827881
0.47401499
0.45244925
0.45244925
0.45244925
0.73880589
0.79932872
0.89662569
0.89662569
0.89662569
0.85537556
0.76572709
0.66266927
0.60934281
0.60934281
0.60934281
0.63578039
0.74091011
0.74091011
0.74091011
0.73630359
0.71906629
0.71906629
0.71906629
0.71906629
0.71906629
0.71906629
0.76561863
0.88469876
0.88469876
0.88469876
0.82771139
0.76530741
0.76530741
0.76530741
0.77194026
0.77194026
0.77194026
0.7349927
0.7349927
0.7349927
0.7349927
0.67892427
0.49162662
0.4517809
0.4517809
0.4517809
0.5232597
0.53121602
0.53121602
0.61179121
0.70447847
0.70447847
0.70447847
0.68001489
0.68001489
0.68001489
0.68001489
0.65745917
0.62692587
0.61218285
0.61218285
0.61218285
0.62566445
0.62566445
0.62566445
0.6100836
0.5701335
0.51990596
0.51990596
0.51990596
0.64542803
0.64542803
0.64542803
0.59928975
0.59009323
0.57946582
0.55233964
0.48414539
0.48414539
0.48414539
0.48414539
0.45925905
0.45925905
0.45925905
0.5766975
0.5849836
0.5849836
0.5849836
0.54936801
0.5437209
0.5437209
0.5437209
0.54436989
0.57748962
0.57748962
0.57748962
0.57748962
0.57748962
0.57748962
0.57028291
0.42945975
0.42945975
0.42945975
0.50340209
0.54031021
0.63740099
0.63740099
0.64318206
0.65106956
0.65106956
0.65106956
0.59125558
0.52294557
0.52294557
0.52294557
0.52188421
0.45854022
0.39570736
0.39570736
0.39570736
0.40447043
0.45647188
0.45647188
0.45647188
0.45647188
0.51177982
0.51358876
0.51358876
0.54058116
0.54058116
0.54058116
0.54058116
0.54058116
0.54058116
0.62528775
0.62528775
0.62528775
0.62528775
0.63989106
0.63989106
0.63989106
0.53484191
0.47858528
0.47225094
0.47225094
0.4621314
0.4621314
0.457863
0.44668892
0.44668892
0.44668892
0.50043338
0.50043338
0.56081798
0.56081798
0.56081798
0.56081798
0.56081798
0.5771624
0.61477201
0.64070508
0.66970753
0.66970753
0.66970753
0.66827119
0.49260012
0.49260012
0.49260012
0.49260012
0.49260012
0.49260012
0.49135142
0.46420604
0.46420604
0.46420604
0.46420604
0.46420604
0.46420604
0.46420604
0.479408
0.60110907
0.60110907
0.60110907
0.60110907
0.60110907
0.63646066
0.63646066
0.63646066
0.60661613
0.53071527
0.53071527
0.53071527
0.53497788
0.53497788
0.53497788
0.51171454
0.50640431
0.50640431
0.50640431
0.51000827
0.51000827
0.54019665
0.62361345
0.63005659
0.63005659
0.63005659
0.62870201
0.62870201
0.62870201
0.62870201
0.62870201
0.60007098
0.56922172
0.5250722
0.48541636
0.44924341
0.44924341
0.44924341
0.44755582
0.44755582
0.44755582
0.44755582
0.51644582
0.57987309
0.6206153
0.63920177
0.63920177
0.63920177
0.63920177
0.63920177
0.63920177
0.63920177
0.59812199
0.59655865
0.59655865
0.55388715
0.42110857
0.42110857
0.42110857
0.42956566
0.44684531
0.44684531
0.44684531
0.43128365
0.35624901
0.35624901
0.33506744
0.19028373
0.15749207
0.15749207
0.15749207
0.17063504
0.23356104
0.37840321
0.41372335
0.41372335
0.42693706
0.42693706
0.45983597
0.50725099
0.50725099
0.50725099
0.50725099
0.50725099
0.50725099
0.57112396
0.57112396
0.57112396
0.57112396
0.57112396
0.58702083
0.58702083
0.69099467
0.69099467
0.69099467
0.6890963
0.6220202
0.57399395
0.5232206
0.5232206
0.5232206
0.55013378
0.58511447
0.59960439
0.6258142
0.6258142
0.6258142
0.62112475
0.62112475
0.62112475
0.68078727
0.72110215
0.72364235
0.73524343
0.84301704
0.85350457
0.85350457
0.85350457
0.85350457
0.84036245
0.80823678
0.79159251
0.74401602
0.71518017
0.69801611
0.63832299
0.61492824
0.61492824
0.61492824
0.60182961
0.57750559
0.49562681
0.45960004
0.45960004
0.45960004
0.49102166
0.51202154
0.55387169
0.58185932
0.62479787
0.62479787
0.62479787
0.5759931
0.52276759
0.52276759
0.52276759
0.55684756
0.58223177
0.58223177
0.64554142
0.68562153
0.72825513
0.79471183
0.85419776
0.8554121
0.85762254
0.85762254
0.85762254
0.78991513
0.78991513
0.78991513
0.87117484
0.87117484
0.87117484
0.84526182
0.84526182
0.84526182
0.84526182
0.83498506
0.83498506
0.83498506
0.84783194
0.84783194
0.84783194
0.86159775
0.87997173
0.87997173
0.90791433
0.94067454
0.94067454
0.94067454
0.94031658
0.86985952
0.78919627
0.74820945
0.74597522
0.73332367
0.71701851
0.71228706
0.71228706
0.6791296
0.67124466
0.65843452
0.65473623
0.65473623
0.65473623
0.65473623
0.65473623
0.67647213
0.68309357
0.69464095
0.69464095
0.69464095
0.72163353
0.72163353
0.72163353
0.70754697
0.70037815
0.70037815
0.67981803
0.6540417
0.633726
0.62623829
0.62623829
0.62623829
0.62623829
0.65736874
0.65736874
0.65736874
0.65736874
0.65736874
0.72896313
0.82647749
0.82647749
0.82647749
0.80297651
0.71906372
0.70517437
0.70517437
0.70517437
0.70517437
0.72971615
0.73751439
0.73855111
0.76832355
0.76832355
0.76832355
0.71738483
0.70464624
0.70464624
0.70464624
0.68245667
0.64592813
0.64592813
0.64592813
0.6543599
0.6543599
0.6543599
0.6543599
0.65740596
0.72060428
0.72360496
0.72691007
0.77801811
0.80131647
0.80131647
0.80131647
0.81412766
0.83749843
0.84919844
0.88513204
0.88513204
0.88513204
0.88513204
0.88513204
0.88513204
0.88390698
0.88390698
0.88390698
0.89000083
0.90466922
0.90466922
0.90466922
0.90466922
0.87275329
0.87275329
0.87275329
0.87275329
0.87275329
0.87275329
0.87774939
0.93201841
0.93201841
0.93201841
0.88924541
0.88924541
0.88924541
0.88924541
0.88924541
0.88924541
0.90453492
0.91763304
0.9195346
0.9195346
0.9195346
0.9048681
0.88557196
0.85137061
0.85137061
0.85137061
0.85137061
0.85883009
0.85883009
0.85883009
0.84883757
0.84883757
0.84883757
0.8438938
0.82541342
0.82018273
0.77761338
0.77742744
0.7690091
0.7690091
0.7690091
0.7690091
0.76480358
0.74276715
0.72737957
0.72737957
0.72737957
0.72737957
0.72737957
0.72737957
0.72737957
0.72737957
0.72737957
0.72737957
0.72737957
0.72737957
0.73845404
0.73845404
0.75609133
0.7644167
0.7644167
0.7644167
0.7644167
0.7644167
0.73984059
0.67760165
0.67607233
0.67607233
0.67607233
0.69085342
0.69085342
0.69085342
0.69921769
0.69921769
0.72206715
0.75377754
0.75983452
0.76959449
0.76959449
0.76959449
0.76959449
0.76959449
0.72883137
0.67392104
0.67392104
0.67392104
0.71349666
0.73346526
0.75576888
0.76268833
0.76268833
0.76268833
0.76268833
0.77696151
0.77696151
0.77696151
0.75116017
0.75116017
0.75116017
0.7562649
0.75861132
0.75861132
0.75861132
0.75944627
0.75944627
0.75944627
0.75354435
0.75354435
0.75354435
0.75354435
0.75354435
0.72149259
0.71002377
0.71002377
0.71002377
0.72381828
0.72381828
0.72381828
0.72381828
0.69904889
0.69904889
0.69904889
0.69904889
0.69904889
0.70384103
0.77599075
0.77599075
0.77599075
0.77599075
0.77693006
0.77720782
0.77720782
0.77720782
0.76372129
0.69449477
0.67385373
0.6569441
0.58984404
0.58984404
0.58984404
0.6088031
0.71048069
0.71048069
0.73624428
0.73624428
0.7370143
0.7370143
0.75657272
0.75657272
0.7871356
0.7871356
0.7871356
0.67818145
0.67818145
0.67818145
0.72249634
0.72249634
0.72249634
0.72074909
0.72074909
0.72074909
0.72074909
0.71739333
0.71739333
0.60927057
0.60927057
0.60927057
0.62983036
0.68144527
0.68144527
0.68144527
0.68144527
0.68144527
0.68144527
0.66688871
0.66688871
0.66688871
0.66688871
0.66688871
0.66309984
0.66309984
0.66309984
0.66309984
0.66309984
0.66309984
0.6835277
0.6835277
0.6835277
0.62351654
0.62351654
0.60197274
0.60197274
0.5608848
0.53846454
0.53846454
0.53846454
0.57257748
0.57257748
0.58387821
0.63665647
0.63665647
0.63665647
0.63665647
0.55217628
0.51177591
0.51177591
0.51177591
0.51177591
0.51177591
0.51177591
0.51177591
0.50474342
0.50474342
0.50474342
0.56150692
0.56150692
0.56150692
0.56097794
0.53884021
0.53884021
0.53884021
0.53884021
0.53884021
0.53884021
0.62517165
0.70254203
0.70254203
0.70254203
0.65663731
0.59916601
0.59916601
0.59916601
0.66504307
0.66504307
0.66504307
0.66504307
0.66504307
0.66709626
0.66709626
0.66709626
0.66709626
0.66709626
0.68835486
0.71613733
0.71613733
0.71613733
0.71613733
0.71613733
0.71613733
0.71613733
0.71613733
0.71613733
0.71534453
0.69379579
0.61089303
0.61089303
0.61089303
0.61089303
0.61089303
0.61089303
0.61089303
0.60906778
0.60906778
0.60906778
0.68272643
0.68272643
0.68272643
0.63158508
0.63158508
0.63158508
0.63158508
0.63158508
0.63158508
0.59529007
0.47375579
0.47375579
0.47375579
0.51404839
0.51725289
0.51725289
0.51725289
0.51725289
0.51725289
0.51725289
0.51725289
0.51725289
0.61053507
0.61053507
0.61053507
0.61053507
0.62027366
0.62528775
0.62528775
0.62528775
0.62528775
0.62528775
0.62528775
0.64008618
0.67428581
0.72125871
0.77052975
0.77052975
0.77052975
0.7477624
0.7477624
0.7477624
0.69253488
0.65995688
0.65995688
0.65995688
0.65995688
0.65995688
0.73483531
0.73483531
0.73483531
0.62587828
0.62587828
0.62587828
0.62587828
0.62587828
0.62587828
0.62587828
0.56128374
0.54740422
0.54740422
0.54740422
0.57867949
0.57867949
0.57867949
0.58081921
0.62356346
0.67439307
0.72762808
0.74146849
0.74146849
0.78895557
0.81739299
0.81739299
0.81739299
0.81739299
0.81739299
0.81739299
0.8288054
0.87032731
0.89110757
0.91197962
0.91197962
0.91197962
0.87496545
0.84033254
0.83034747
0.82492744
0.72214634
0.71179872
0.70307663
0.68918368
0.64874727
0.64874727
0.64874727
0.64874727
0.62876269
0.61011403
0.61011403
0.61011403
0.61011403
0.52002103
0.51271573
0.51271573
0.50818265
0.50818265
0.50818265
0.53246965
0.6147387
0.6147387
0.6147387
0.6147387
0.6147387
0.62331649
0.62331649
0.62331649
0.62331649
0.62331649
0.65163408
0.65163408
0.65163408
0.65163408
0.62408055
0.61836493
0.61106896
0.61106896
0.61106896
0.61106896
0.61106896
0.61106896
0.55817902
0.55817902
0.55817902
0.56092609
0.56092609
0.57578401
0.57578401
0.57578401
0.57578401
0.58921051
0.58921051
0.62999642
0.63490106
0.63490106
0.63490106
0.63490106
0.65212496
0.6630541
0.6630541
0.6630541
0.6630541
0.58789249
0.58789249
0.58789249
0.64995855
0.64995855
0.64995855
0.64995855
0.5468324
0.5468324
0.5468324
0.5468324
0.5468324
0.5468324
0.5468324
0.5468324
0.5468324
0.5468324
0.5468324
0.55679808
0.55679808
0.55679808
0.71508718
0.71508718
0.71508718
0.71184868
0.66798053
0.66798053
0.66798053
0.66798053
0.54846099
0.36460021
0.36460021
0.36460021
0.61069654
0.61069654
0.61069654
0.57674849
0.57674849
0.57674849
0.57917616
0.75243656
0.75243656
0.75243656
0.75243656
0.75243656
0.71811949
0.71811949
0.67256237
0.67256237
0.67256237
0.67256237
0.65132502
0.65132502
0.63827622
0.63827622
0.63827622
0.63827622
0.63827622
0.63827622
0.65489584
0.65557067
0.66441652
0.69221634
0.69221634
0.69221634
0.70849446
0.70849446
0.70849446
0.70426972
0.70426972
0.70426972
0.69367595
0.60970539
0.44771067
0.44771067
0.44771067
0.44771067
0.44771067
0.4904602
0.4904602
0.4904602
0.4904602
0.54185669
0.54185669
0.54185669
0.50880021
0.50880021
0.50880021
0.50880021
0.57820369
0.60286122
0.60286122
0.60286122
0.46729562
0.46729562
0.46729562
0.46729562
0.46729562
0.39890573
0.36338143
0.36338143
0.36338143
0.43093656
0.601525
0.601525
0.62025749
0.66033457
0.66033457
0.66198763
0.66198763
0.66198763
0.65376698
0.65376698
0.65376698
0.65376698
0.65376698
0.65376698
0.65376698
0.6173792
0.56285945
0.52062499
0.49431931
0.49431931
0.49431931
0.49431931
0.49431931
0.49415798
0.47384399
0.4720551
0.4720551
0.4720551
0.49769871
0.5069384
0.51486871
0.59339989
0.61837785
0.63330664
0.66002367
0.66104562
0.66104562
0.6795284
0.69384407
0.69384407
0.69384407
0.67556069
0.67556069
0.67556069
0.67556069
0.65532573
0.51376757
0.41750971
0.41750971
0.41750971
0.41750971
0.44300101
0.5033596
0.51948951
0.58274595
0.63691501
0.65083634
0.65083634
0.68854508
0.68854508
0.68854508
0.65566689
0.62449224
0.61270487
0.61270487
0.61270487
0.61270487
0.58924673
0.58079151
0.55524838
0.55524838
0.55524838
0.59680718
0.61696783
0.61696783
0.67133595
0.67133595
0.67133595
0.6234892
0.6234892
0.6234892
0.6234892
0.6234892
0.6234892
0.6234892
0.6234892
0.6234892
0.65751578
0.73468878
0.73468878
0.73468878
0.63461636
0.63461636
0.55351421
0.55351421
0.55351421
0.65096128
0.70326802
0.70326802
0.70326802
0.70326802
0.70326802
0.64949536
0.64949536
0.59732137
0.56974406
0.51304617
0.45370847
0.41087345
0.41087345
0.41087345
0.53250875
0.61828383
0.66098952
0.66098952
0.66098952
0.61552775
0.53878241
0.50615666
0.47532081
0.47532081
0.47358393
0.47358393
0.47358393
0.47358393
0.47358393
0.47882666
0.53231987
0.55694649
0.56916901
0.56916901
0.56916901
0.56916901
0.56916901
0.56916901
0.56916901
0.56916901
0.56916901
0.56916901
0.54153273
0.54153273
0.54153273
0.48510631
0.48510631
0.48510631
0.48510631
0.58641584
0.58641584
0.58641584
0.58641584
0.58641584
0.53227672
0.53227672
0.53227672
0.53227672
0.45256196
0.44979312
0.44979312
0.44979312
0.44979312
0.44979312
0.44979312
0.46305322
0.46908094
0.46908094
0.50653521
0.50653521
0.53001289
0.53001289
0.53001289
0.59319675
0.59319675
0.59319675
0.63055922
0.74254092
0.74254092
0.74254092
0.71434063
0.71434063
0.71434063
0.71434063
0.69968006
0.67521987
0.67521987
0.67521987
0.69351565
0.69351565
0.69351565
0.66279863
0.59695063
0.59695063
0.59695063
0.60131491
0.60131491
0.60131491
0.58216735
0.58216735
0.58216735
0.67135891
0.67135891
0.67135891
0.61589865
0.54643939
0.54643939
0.54643939
0.54643939
0.54643939
0.54643939
0.54643939
0.53030934
0.53030934
0.53030934
0.54381233
0.54381233
0.54381233
0.54381233
0.54381233
0.54381233
0.54381233
0.54381233
0.54381233
0.54381233
0.54381233
0.54381233
0.51455222
0.42910161
0.42910161
0.42910161
0.42910161
0.42910161
0.50512981
0.50512981
0.53230153
0.56166773
0.56166773
0.56166773
0.56166773
0.56166773
0.56166773
0.49151834
0.49151834
0.49151834
0.49151834
0.49151834
0.49151834
0.49151834
0.49151834
0.49151834
0.49151834
0.49151834
0.50771079
0.53810758
0.53810758
0.53810758
0.52390444
0.52390444
0.52390444
0.52390444
0.52390444
0.52390444
0.52390444
0.52390444
0.51341078
0.51341078
0.51341078
0.67047091
0.67047091
0.67047091
0.67047091
0.63232635
0.63232635
0.63232635
0.63232635
0.58887345
0.58887345
0.58887345
0.63120091
0.63120091
0.63120091
0.66271022
0.66271022
0.66271022
0.66271022
0.66271022
0.66271022
0.66271022
0.65451558
0.57770548
0.56757935
0.56709677
0.56709677
0.56709677
0.64495634
0.64495634
0.64495634
0.56908232
0.49462579
0.42644837
0.42644837
0.42644837
0.52173751
0.52173751
0.52173751
0.55824056
0.57019758
0.57019758
0.57368236
0.57368236
0.57368236
0.51272508
0.51272508
0.51272508
0.51272508
0.51272508
0.64486115
0.69643714
0.74425281
0.74425281
0.74425281
0.74367232
0.72723644
0.72723644
0.72723644
0.72723644
0.6300583
0.6300583
0.55846985
0.55846985
0.55846985
0.63978583
0.63978583
0.63978583
0.63978583
0.65565922
0.65565922
0.65565922
0.44858914
0.44858914
0.44858914
0.4135097
0.29539457
0.29539457
0.29539457
0.48742723
0.54286213
0.54286213
0.54286213
0.49958924
0.49958924
0.49958924
0.49958924
0.49958924
0.49958924
0.5184482
0.5184482
0.5184482
0.5184482
0.56125365
0.62481096
0.62481096
0.62481096
0.60508
0.60508
0.60508
0.51545228
0.42705689
0.42705689
0.42705689
0.47966501
0.48238524
0.48238524
0.48238524
0.48238524
0.48238524
0.48238524
0.48238524
0.48238524
0.48238524
0.47534356
0.450949
0.450949
0.450949
0.450949
0.450949
0.450949
0.450949
0.48324926
0.50677266
0.50677266
0.50677266
0.47166312
0.41829485
0.41829485
0.41829485
0.43397295
0.46807328
0.5269789
0.5269789
0.5269789
0.5269789
0.5670597
0.59879681
0.59879681
0.59879681
0.60559147
0.61668516
0.61668516
0.63782731
0.63782731
0.63782731
0.63782731
0.63782731
0.63782731
0.60459998
0.57058004
0.57058004
0.57058004
0.61541607
0.74405783
0.74576088
0.74576088
0.74576088
0.70198669
0.67285577
0.59846637
0.56890485
0.37554429
0.35925973
0.35925973
0.35925973
0.50357394
0.57154466
0.57154466
0.57154466
0.57154466
0.57154466
0.40854981
0.40854981
0.40854981
0.40854981
0.43990105
0.47838759
0.49008915
0.58658923
0.58658923
0.58658923
0.58658923
0.58658923
0.58658923
0.54469354
0.54469354
0.40519402
0.39982211
0.39982211
0.39982211
0.39982211
0.49293734
0.49293734
0.49293734
0.49293734
0.49293734
0.49293734
0.49293734
0.49293734
0.49293734
0.59956954
0.59956954
0.59956954
0.59956954
0.54013548
0.49624708
0.49624708
0.49624708
0.49624708
0.43482473
0.39533934
0.26897484
0.26897484
0.26897484
0.38458647
0.42472459
0.42849495
0.52906067
0.52906067
0.60842167
0.60842167
0.60842167
0.60842167
0.60842167
0.60842167
0.60842167
0.57320166
0.56666178
0.5422509
0.51520885
0.51520885
0.51520885
0.51520885
0.51520885
0.51520885
0.51520885
0.51520885
0.51520885
0.5434858
0.5434858
0.5434858
0.52314785
0.52314785
0.52314785
0.52314785
0.41988996
0.41988996
0.41988996
0.41988996
0.41988996
0.44583087
0.49318177
0.51276401
0.53209874
0.54214584
0.54214584
0.54214584
0.54214584
0.54214584
0.54214584
0.54214584
0.54214584
0.54214584
0.54214584
0.54214584
0.54214584
0.54214584
0.54214584
0.54214584
0.44691704
0.38589363
0.38589363
0.38589363
0.51579053
0.57721476
0.6026819
0.6026819
0.6026819
0.6026819
0.6026819
0.6026819
0.6026819
0.56689144
0.56689144
0.56689144
0.56689144
0.5824801
0.61961377
0.62841255
0.64705799
0.64705799
0.64705799
0.62613138
0.59280988
0.56489517
0.50679832
0.50679832
0.50679832
0.50679832
0.50679832
0.52955717
0.52955717
0.52955717
0.50843712
0.50843712
0.49989929
0.39583892
0.27681625
0.27681625
0.27681625
0.33418201
0.37308859
0.38328136
0.38328136
0.48127677
0.55419754
0.57790011
0.57790011
0.57790011
0.55843942
0.55078551
0.55078551
0.55009691
0.55009691
0.55009691
0.52554968
0.52554968
0.49653095
0.49140786
0.49140786
0.49140786
0.48145646
0.47574712
0.47018106
0.47018106
0.47018106
0.56453549
0.65384298
0.65384298
0.65384298
0.60446925
0.56595022
0.56595022
0.50639174
0.50639174
0.50639174
0.62774536
0.62774536
0.62774536
0.58721238
0.58721238
0.58721238
0.57895571
0.57895571
0.57895571
0.5600019
0.49786785
0.49084046
0.49084046
0.49084046
0.49084046
0.55356384
0.70008119
0.70008119
0.70008119
0.59905094
0.52870234
0.50346771
0.44460205
0.33617825
0.33617825
0.33617825
0.62487658
0.62487658
0.62487658
0.58412689
0.58412689
0.58412689
0.58412689
0.71874332
0.76789655
0.76789655
0.76789655
0.73438366
0.65013738
0.58940364
0.56180405
0.52585905
0.45591552
0.44377068
0.44377068
0.44377068
0.46145267
0.50182672
0.55749433
0.67988262
0.67988262
0.67988262
0.67988262
0.72749789
0.73155754
0.73155754
0.73155754
0.73155754
0.68837881
0.68837881
0.68837881
0.68837881
0.67175394
0.66902318
0.65824413
0.55079367
0.44810214
0.4260251
0.4260251
0.36129476
0.36129476
0.36129476
0.40324843
0.40324843
0.40542029
0.51265981
0.51265981
0.51265981
0.51265981
0.57196845
0.57196845
0.57196845
0.57196845
0.60416975
0.60416975
0.60416975
0.52589458
0.52589458
0.52589458
0.52589458
0.52589458
0.51351601
0.51351601
0.4503046
0.4503046
0.4503046
0.4503046
0.4503046
0.4503046
0.49800945
0.55159819
0.60130285
0.60130285
0.60130285
0.60130285
0.53031205
0.53031205
0.53031205
0.55556079
0.55556079
0.55556079
0.61223997
0.61223997
0.61223997
0.59412214
0.59412214
0.59412214
0.59412214
0.59018637
0.57305835
0.57305835
0.48779609
0.48060331
0.48060331
0.35020803
0.35020803
0.35020803
0.35020803
0.35020803
0.34000539
0.34000539
0.34000539
0.34000539
0.34000539
0.34000539
0.44060867
0.44060867
0.44060867
0.27568368
0.1823415
0.1823415
0.1823415
0.24064892
0.26998435
0.26998435
0.26998435
0.25935406
0.25935406
0.25935406
0.30076939
0.40182856
0.54436801
0.54436801
0.54436801
0.54436801
0.6165337
0.69774769
0.69774769
0.71072104
0.71072104
0.71072104
0.71072104
0.71072104
0.73296856
0.73296856
0.73296856
0.66994942
0.60176587
0.60176587
0.50685986
0.50685986
0.50685986
0.50685986
0.50685986
0.50873613
0.58124977
0.58124977
0.58124977
0.50151581
0.44342222
0.44342222
0.44342222
0.53515398
0.53515398
0.53515398
0.53515398
0.53515398
0.53515398
0.57050983
0.60440825
0.62153031
0.62153031
0.6244897
0.67043455
0.67043455
0.67043455
0.67043455
0.67043455
0.65154228
0.61644583
0.53725377
0.50623774
0.50623774
0.50623774
0.540377
0.540377
0.540377
0.52597395
0.52597395
0.52597395
0.52597395
0.54232331
0.61528181
0.70712151
0.70712151
0.70712151
0.68416411
0.68416411
0.66117752
0.5941524
0.48009846
0.29882856
0.29882856
0.29882856
0.29882856
0.29882856
0.29882856
0.3427982
0.3427982
0.39486936
0.39486936
0.39486936
0.39486936
0.39486936
0.38048227
0.38048227
0.32905857
0.2035268
0.2035268
0.2035268
0.20908163
0.20908163
0.20908163
0.20908163
0.20908163
0.21053874
0.4376318
0.44668943
0.5919717
0.68885359
0.78633293
0.81348752
0.81348752
0.81348752
0.66868729
0.66868729
0.66868729
0.60042982
0.5045765
0.5045765
0.5045765
0.59263275
0.60341793
0.68068053
0.68068053
0.68068053
0.75365058
0.75365058
0.75365058
0.73829784
0.73829784
0.73829784
0.82296941
0.82296941
0.82296941
0.70765457
0.67040905
0.67040905
0.67040905
0.67040905
0.67040905
0.70513764
0.73162521
0.76539308
0.76539308
0.76539308
0.73518463
0.73518463
0.73518463
0.74407568
0.7862573
0.80300338
0.84163833
0.87088963
0.87088963
0.87088963
0.77698649
0.73324904
0.68011687
0.68011687
0.68011687
0.70689219
0.70689219
0.70689219
0.70689219
0.70689219
0.70689219
0.70385988
0.68929673
0.68929673
0.68929673
0.68929673
0.68929673
0.81255295
0.81255295
0.81255295
0.87332374
0.87530507
0.87530507
0.87974498
0.88255411
0.91989088
0.91989088
0.91989088
0.89761516
0.88494778
0.85393668
0.85393668
0.85393668
0.85811685
0.86496509
0.93669494
0.93669494
0.93669494
0.89677764
0.87400929
0.83499342
0.82746644
0.81780283
0.81780283
0.81780283
0.84112038
0.84112038
0.84112038
0.84112038
0.84112038
0.92977007
0.92977007
0.92977007
0.87188928
0.78488757
0.70156003
0.56110781
0.37105442
0.37105442
0.37105442
0.4184837
0.4184837
0.4184837
0.39844576
0.38799938
0.38557
0.26978156
0.26978156
0.26978156
0.45284531
0.50658213
0.57517292
0.66822376
0.69046398
0.69046398
0.70734215
0.70734215
0.70734215
0.67313673
0.63364116
0.63364116
0.63364116
0.63364116
0.64108891
0.68840075
0.73095122
0.73095122
0.73095122
0.63633079
0.62055616
0.62055616
0.61876456
0.61876456
0.61876456
0.61876456
0.61876456
0.60997192
0.54983257
0.48510137
0.45236512
0.34047811
0.27680624
0.27680624
0.26097617
0.23299601
0.18351947
0.14556665
0.14556665
0.14556665
0.16156347
0.16156347
0.16156347
0.20069355
0.20069355
0.20069355
0.28459427
0.48648622
0.48648622
0.48648622
0.48648622
0.51383658
0.51383658
0.51383658
0.53007307
0.53007307
0.53007307
0.53007307
0.62590275
0.69067681
0.69067681
0.69067681
0.63714738
0.63714738
0.42182674
0.42182674
0.42182674
0.47001109
0.47001109
0.47001109
0.40420678
0.40420678
0.40420678
0.47220214
0.47220214
0.47220214
0.45005983
0.39955133
0.33931069
0.32602101
0.32602101
0.32602101
0.36818087
0.48963631
0.48963631
0.48963631
0.40528634
0.40528634
0.40528634
0.43137902
0.49462322
0.56691625
0.58208116
0.58208116
0.58208116
0.55099423
0.54481982
0.54481982
0.54481982
0.62865341
0.66401892
0.71150532
0.71150532
0.71150532
0.71150532
0.73165852
0.73165852
0.7793778
0.7793778
0.7793778
0.69810229
0.63524393
0.59895252
0.59895252
0.59895252
0.59895252
0.56910339
0.56910339
0.56910339
0.54347222
0.54347222
0.54347222
0.54347222
0.54347222
0.54347222
0.57755693
0.64302943
0.64302943
0.64302943
0.64302943
0.66255486
0.66255486
0.66255486
0.66255486
0.66255486
0.66255486
0.66255486
0.72886522
0.72886522
0.72886522
0.64746187
0.60541605
0.52170606
0.44773397
0.407193
0.407193
0.407193
0.407193
0.407193
0.40647315
0.40647315
0.40647315
0.41506656
0.41506656
0.48394602
0.56523564
0.56523564
0.56523564
0.56523564
0.56523564
0.58177451
0.6734439
0.6734439
0.6734439
0.55770085
0.55770085
0.55770085
0.55770085
0.55631772
0.55631772
0.55631772
0.55631772
0.54102242
0.54102242
0.48349708
0.46897913
0.44718799
0.44718799
0.44718799
0.4858826
0.66235651
0.66235651
0.66235651
0.66235651
0.67656884
0.73791148
0.74074964
0.74074964
0.74074964
0.72004301
0.72004301
0.72004301
0.72004301
0.8467937
0.8467937
0.8467937
0.80817626
0.76023871
0.76023871
0.76023871
0.74368863
0.69703157
0.69703157
0.69703157
0.69703157
0.69703157
0.69703157
0.64232178
0.64232178
0.64232178
0.75858802
0.75858802
0.75858802
0.72772413
0.72772413
0.72772413
0.77036554
0.77036554
0.77036554
0.77036554
0.77036554
0.77036554
0.61935762
0.61250873
0.61250873
0.61250873
0.65917326
0.65917326
0.65917326
0.65917326
0.58779373
0.58779373
0.58779373
0.58779373
0.52648477
0.52648477
0.52648477
0.63898506
0.63898506
0.63898506
0.69289675
0.69289675
0.69289675
0.606575
0.606575
0.606575
0.606575
0.606575
0.68141944
0.68141944
0.68141944
0.68141944
0.68141944
0.62553084
0.62553084
0.50212282
0.42289303
0.42289303
0.42289303
0.42289303
0.42289303
0.42289303
0.42289303
0.42289303
0.38371686
0.2230538
0.2230538
0.2230538
0.49800112
0.49800112
0.49800112
0.49800112
0.49800112
0.49800112
0.49800112
0.56652324
0.56652324
0.56652324
0.56652324
0.56652324
0.56652324
0.52548968
0.5024242
0.5024242
0.5024242
0.5024242
0.5024242
0.57085065
0.59066029
0.59066029
0.59066029
0.57789706
0.52008868
0.52008868
0.48675018
0.48675018
0.48675018
0.48675018
0.48675018
0.48675018
0.48675018
0.65110541
0.65110541
0.65110541
0.62970117
0.62970117
0.62970117
0.63111812
0.63111812
0.63111812
0.63111812
0.63111812
0.63111812
0.63111812
0.64484059
0.64484059
0.64484059
0.62004979
0.62004979
0.5534707
0.536642
0.536642
0.536642
0.536642
0.536642
0.56881308
0.56881308
0.56881308
0.53739095
0.53350771
0.51123045
0.51123045
0.51123045
0.51123045
0.5083472
0.5083472
0.5083472
0.55243737
0.58187464
0.58187464
0.58187464
0.58241534
0.58241534
0.58241534
0.59617842
0.59617842
0.59617842
0.59617842
0.59617842
0.59617842
0.59617842
0.58173746
0.54283002
0.51109701
0.51109701
0.51109701
0.46971362
0.46101429
0.46101429
0.39098715
0.39098715
0.39098715
0.42525882
0.48281732
0.50209562
0.50209562
0.52670504
0.52670504
0.52670504
0.52670504
0.54048871
0.58970211
0.68869346
0.72762451
0.72762451
0.72762451
0.71865934
0.71865934
0.71865934
0.71865934
0.71865934
0.71865934
0.71160034
0.68906553
0.61375146
0.56453923
0.53413953
0.53413953
0.53413953
0.53413953
0.53413953
0.53413953
0.55436309
0.56867742
0.56867742
0.56867742
0.54319668
0.53966955
0.53966955
0.47663561
0.47663561
0.47663561
0.58682006
0.61868431
0.61868431
0.61868431
0.51499296
0.51499296
0.51499296
0.62883732
0.62883732
0.62883732
0.62883732
0.52407883
0.44524562
0.44524562
0.44524562
0.54987016
0.54987016
0.54987016
0.54987016
0.54987016
0.54987016
0.50804397
0.50804397
0.50804397
0.50804397
0.50804397
0.51720749
0.51720749
0.51720749
0.51720749
0.52421075
0.55685418
0.56053445
0.56053445
0.56053445
0.59313709
0.61238581
0.64153171
0.6558678
0.73191909
0.78533277
0.78533277
0.78533277
0.66584606
0.66584606
0.62488354
0.62488354
0.62488354
0.67323312
0.67323312
0.67323312
0.5683429
0.45368147
0.45368147
0.45368147
0.51973137
0.59643405
0.59643405
0.59643405
0.50558536
0.50558536
0.50558536
0.50558536
0.57309152
0.66186917
0.6920693
0.7282956
0.7282956
0.7282956
0.7282956
0.74492438
0.78243338
0.78243338
0.78243338
0.73280675
0.68345581
0.68345581
0.65028611
0.65028611
0.65028611
0.64827184
0.6339842
0.6339842
0.6339842
0.57284912
0.53149276
0.53149276
0.53149276
0.64387764
0.68784798
0.68784798
0.68784798
0.68784798
0.66729718
0.66729718
0.63132773
0.60102069
0.60102069
0.60102069
0.60333531
0.60333531
0.60333531
0.63803758
0.63803758
0.63803758
0.62721926
0.60558197
0.57592409
0.56345645
0.56345645
0.53646556
0.53646556
0.53646556
0.53646556
0.54281881
0.54281881
0.54281881
0.53379432
0.49753944
0.44723305
0.42887144
0.42887144
0.42887144
0.5263049
0.60388828
0.70822807
0.70822807
0.70822807
0.68878642
0.68878642
0.68878642
0.73005677
0.74180335
0.74180335
0.74180335
0.69210839
0.67989793
0.67989793
0.67989793
0.67989793
0.67989793
0.67989793
0.67989793
0.67989793
0.59255934
0.59255934
0.59255934
0.5350153
0.51146892
0.51146892
0.51146892
0.60312402
0.62773464
0.66696437
0.71655464
0.78792176
0.78792176
0.78792176
0.78792176
0.78792176
0.73750367
0.73473638
0.69848475
0.69848475
0.685756
0.6846321
0.6767203
0.61550924
0.61550924
0.61550924
0.61550924
0.58381259
0.58381259
0.51117435
0.51117435
0.51117435
0.51117435
0.51117435
0.53947697
0.56766722
0.56766722
0.56766722
0.56766722
0.56766722
0.56766722
0.38788226
0.38701893
0.38701893
0.38701893
0.61581843
0.61581843
0.61581843
0.58809782
0.58809782
0.58809782
0.54498012
0.54498012
0.54498012
0.54498012
0.56975136
0.56975136
0.56975136
0.56975136
0.56975136
0.57867726
0.57867726
0.57867726
0.55380062
0.55380062
0.55380062
0.63514806
0.67954862
0.67954862
0.67954862
0.67954862
0.65356114
0.65356114
0.65356114
0.65356114
0.65356114
0.61840928
0.61840928
0.61840928
0.61840928
0.57808845
0.53731939
0.53731939
0.53731939
0.6974249
0.71874195
0.71874195
0.71874195
0.68152447
0.65038843
0.56494208
0.56494208
0.56494208
0.56494208
0.56494208
0.56494208
0.60928688
0.60928688
0.60928688
0.61926311
0.61926311
0.61926311
0.60997343
0.60026595
0.57794874
0.56571686
0.56571686
0.56571686
0.56571686
0.56571686
0.56571686
0.56571686
0.59723978
0.59723978
0.59723978
0.59723978
0.59723978
0.59723978
0.49031692
0.49031692
0.49031692
0.49031692
0.50848369
0.50848369
0.51099705
0.51099705
0.5395453
0.5395453
0.5395453
0.5395453
0.53331002
0.53331002
0.53331002
0.53679363
0.53679363
0.53679363
0.65178568
0.65178568
0.65178568
0.59332697
0.59332697
0.59332697
0.61196799
0.61196799
0.61196799
0.61196799
0.61196799
0.61196799
0.58383689
0.51833498
0.51833498
0.45961618
0.45961618
0.45961618
0.47497827
0.47712327
0.47712327
0.47712327
0.47712327
0.47712327
0.47712327
0.42302798
0.42302798
0.42302798
0.42648712
0.42648712
0.42648712
0.42187636
0.42187636
0.42187636
0.42187636
0.42187636
0.56476835
0.56476835
0.56476835
0.56476835
0.56476835
0.57550781
0.57550781
0.57550781
0.54266413
0.43391871
0.41634483
0.41634483
0.41634483
0.41634483
0.41634483
0.41634483
0.44531377
0.49765077
0.52851075
0.52851075
0.52851075
0.52851075
0.50639853
0.50639853
0.50639853
0.50639853
0.50022106
0.50022106
0.50022106
0.54157368
0.56864836
0.57348076
0.57348076
0.57348076
0.56721133
0.56721133
0.56721133
0.56052239
0.5358482
0.50893365
0.50893365
0.50893365
0.50893365
0.50893365
0.50893365
0.50893365
0.51378967
0.51378967
0.51378967
0.35818357
0.32141467
0.29935312
0.29935312
0.29935312
0.30651731
0.36037667
0.5696725
0.63702313
0.63702313
0.63702313
0.48435448
0.48435448
0.44276932
0.40593142
0.40593142
0.40593142
0.50596542
0.50890507
0.55499
0.55499
0.55499
0.6226466
0.6226466
0.6226466
0.6226466
0.6226466
0.6226466
0.62442901
0.62442901
0.62442901
0.62442901
0.62442901
0.62442901
0.54461551
0.53706322
0.53706322
0.53706322
0.52449511
0.50228669
0.46812838
0.46812838
0.46812838
0.47558035
0.48447363
0.52886672
0.52886672
0.52886672
0.50604056
0.50604056
0.50604056
0.50604056
0.50604056
0.5330549
0.60569108
0.639418
0.639418
0.65247733
0.65247733
0.65247733
0.65247733
0.65549775
0.65549775
0.65549775
0.65549775
0.52278527
0.51112336
0.51112336
0.49407063
0.48676396
0.48676396
0.48676396
0.48676396
0.48676396
0.48676396
0.60074991
0.60074991
0.60074991
0.60074991
0.63960089
0.63960089
0.63960089
0.57633509
0.57633509
0.55998083
0.55998083
0.55998083
0.53005216
0.53005216
0.53005216
0.73063914
0.73063914
0.73063914
0.7060083
0.7060083
0.7060083
0.67895758
0.67895758
0.67895758
0.70977592
0.70977592
0.70977592
0.69821822
0.69821822
0.69821822
0.69821822
0.69821822
0.69821822
0.69821822
0.68197765
0.63072648
0.62496701
0.62496701
0.62496701
0.62496701
0.62496701
0.62496701
0.62496701
0.56583413
0.56583413
0.56583413
0.74174081
0.74174081
0.74174081
0.6523429
0.6523429
0.6523429
0.58245629
0.42321666
0.41861374
0.41266216
0.41266216
0.41266216
0.43368295
0.46839066
0.51273646
0.52579973
0.52579973
0.54417323
0.56230532
0.56230532
0.57193562
0.57193562
0.57193562
0.57193562
0.561956
0.55121402
0.55121402
0.55121402
0.57057493
0.62676676
0.62676676
0.6589732
0.69063141
0.69063141
0.69063141
0.69063141
0.68132136
0.68132136
0.68132136
0.68132136
0.68132136
0.68132136
0.79632345
0.79632345
0.79632345
0.56182242
0.4510765
0.4510765
0.4510765
0.50192037
0.50192037
0.50192037
0.50192037
0.50192037
0.54827742
0.66128511
0.66128511
0.66128511
0.56778688
0.38871023
0.38871023
0.38871023
0.38945526
0.38945526
0.47095413
0.47095413
0.47095413
0.47095413
0.47095413
0.44775844
0.44518781
0.44518781
0.44518781
0.44518781
0.44518781
0.45471699
0.50130335
0.50130335
0.54634965
0.62222946
0.62222946
0.62222946
0.52042405
0.50114271
0.50114271
0.50114271
0.52127906
0.5426471
0.5426471
0.5426471
0.54696142
0.54696142
0.54696142
0.54696142
0.56503779
0.63188917
0.63188917
0.6480942
0.6480942
0.6480942
0.6480942
0.6480942
0.6480942
0.48108079
0.44673381
0.40440618
0.36913295
0.36913295
0.36913295
0.36913295
0.36913295
0.36913295
0.36913295
0.36913295
0.36913295
0.36913295
0.36913295
0.37143297
0.37143297
0.37143297
0.32417825
0.32417825
0.32417825
0.48243709
0.65885317
0.65885317
0.65885317
0.57334137
0.57334137
0.57334137
0.66759297
0.66759297
0.66759297
0.69959556
0.7165191
0.7165191
0.7165191
0.67805566
0.66244743
0.62617695
0.52830525
0.52830525
0.52830525
0.56551475
0.61514343
0.63036561
0.63036561
0.63036561
0.74121471
0.79473972
0.83397692
0.83397692
0.83397692
0.58303356
0.52486279
