0.39714351
0.4028306
0.4028306
0.40947861
0.4175234
0.43082711
0.4351362
0.46392858
0.46392858
0.46392858
0.47057975
0.47400141
0.47400141
0.47400141
0.45775563
0.44335908
0.44335908
0.44335908
0.44335908
0.44335908
0.47050083
0.50216863
0.55517165
0.56965165
0.56965165
0.56965165
0.56965165
0.56965165
0.53129804
0.52388484
0.52388484
0.52388484
0.49403999
0.47762563
0.43389523
0.43333844
0.39241109
0.39241109
0.32848349
0.32848349
0.32848349
0.32848349
0.32848349
0.31913507
0.31913507
0.31913507
0.31913507
0.33997552
0.44744602
0.55218853
0.55218853
0.55218853
0.55218853
0.55218853
0.55218853
0.55218853
0.39614662
0.39614662
0.39614662
0.43770627
0.43770627
0.43770627
0.43770627
0.43770627
0.43806333
0.49910673
0.51917047
0.54043936
0.54043936
0.54043936
0.51160233
0.42488926
0.42488926
0.36293427
0.34870544
0.34870544
0.34870544
0.35341896
0.35341896
0.4084671
0.4404972
0.4404972
0.4404972
0.4404972
0.52218744
0.52218744
0.52218744
0.52218744
0.52218744
0.52218744
0.52218744
0.52218744
0.53820718
0.56279155
0.56279155
0.56279155
0.56510403
0.58437016
0.586639
0.60759657
0.61937886
0.64385903
0.64421853
0.66195372
0.67322229
0.67322229
0.67322229
0.6727063
0.66650263
0.66650263
0.66650263
0.66259923
0.6475306
0.6475306
0.6475306
0.64839413
0.64839413
0.64839413
0.64839413
0.64839413
0.64839413
0.64839413
0.64839413
0.64839413
0.64839413
0.64839413
0.64839413
0.64839413
0.64839413
0.65184851
0.65184851
0.65184851
0.68429866
0.69224208
0.69224208
0.69224208
0.69224208
0.67744211
0.66055555
0.6055364
0.6055364
0.6055364
0.6055364
0.6055364
0.5740112
0.5740112
0.5740112
0.56062378
0.54151784
0.54151784
0.54151784
0.59333109
0.60828727
0.60828727
0.60828727
0.4943557
0.4943557
0.4943557
0.55542199
0.55542199
0.55542199
0.55542199
0.55542199
0.55575091
0.56248009
0.56248009
0.5669477
0.5669477
0.5669477
0.57787709
0.57787709
0.57787709
0.57787709
0.57787709
0.57787709
0.57661793
0.52423196
0.52423196
0.52423196
0.58902198
0.60256821
0.65988688
0.65988688
0.65988688
0.59770814
0.59770814
0.59770814
0.6133738
0.6133738
0.6133738
0.60411181
0.60411181
0.60411181
0.60411181
0.60602442
0.60602442
0.60602442
0.63737178
0.67879509
0.71029968
0.71029968
0.71029968
0.71428724
0.72201501
0.72201501
0.72201501
0.72201501
0.72201501
0.72201501
0.71539387
0.71539387
0.71539387
0.71539387
0.69732747
0.67415989
0.67415989
0.66609508
0.66609508
0.66609508
0.68486413
0.68486413
0.68486413
0.63290546
0.58542107
0.58485817
0.58485817
0.57164459
0.57164459
0.57164459
0.55815664
0.55815664
0.55815664
0.56649183
0.58167219
0.58167219
0.59386272
0.63397044
0.63397044
0.63397044
0.62370032
0.57765549
0.57765549
0.57765549
0.58929662
0.60338285
0.60338285
0.60338285
0.60338285
0.58503484
0.58492767
0.58492767
0.58492767
0.59513452
0.60283216
0.60283216
0.60283216
0.60283216
0.60284626
0.60935211
0.61091532
0.61091532
0.61091532
0.58658314
0.57825378
0.50264667
0.48732913
0.47764624
0.45661476
0.43472483
0.43472483
0.43472483
0.43472483
0.43472483
0.43472483
0.43472483
0.43472483
0.51312885
0.62790994
0.71066287
0.77145155
0.77712811
0.77712811
0.77712811
0.74522324
0.6813104
0.58646176
0.58010555
0.58010555
0.58010555
0.50734723
0.50734723
0.50734723
0.50734723
0.44265204
0.44265204
0.44265204
0.59974541
0.59974541
0.59974541
0.51698608
0.38702097
0.38702097
0.38185796
0.38185796
0.35337517
0.35337517
0.35337517
0.35337517
0.35337517
0.40796745
0.4346529
0.4346529
0.4346529
0.50958154
0.58481921
0.60312371
0.66698096
0.66698096
0.66698096
0.66549166
0.66549166
0.66549166
0.66549166
0.64958621
0.64131214
0.63020107
0.52033467
0.48238706
0.48238706
0.48088126
0.48088126
0.48088126
0.48661883
0.48661883
0.48661883
0.4812655
0.45637878
0.42611586
0.33939669
0.21698834
0.21698834
0.21698834
0.31044709
0.38716993
0.4264512
0.4264512
0.4264512
0.4264512
0.4212538
0.4212538
0.39307038
0.35977499
0.35977499
0.35977499
0.36564631
0.43711477
0.46627462
0.46627462
0.46627462
0.46599714
0.41167128
0.38624937
0.36245651
0.36245651
0.36245651
0.38670552
0.38670552
0.38670552
0.37627395
0.3160715
0.3160715
0.3160715
0.32165339
0.32165339
0.32165339
0.32165339
0.32165339
0.37434512
0.38817123
0.44067177
0.44093461
0.4515025
0.4894099
0.54610014
0.54977626
0.54977626
0.54977626
0.54977626
0.53345501
0.53345501
0.50968347
0.48823433
0.48823433
0.48823433
0.48823433
0.47992857
0.47992857
0.4701314
0.4701314
0.4701314
0.46644149
0.40734838
0.39637578
0.39637578
0.39637578
0.4356188
0.44199575
0.50835224
0.53034522
0.53034522
0.53649258
0.55800341
0.55800341
0.55800341
0.55800341
0.55211204
0.55211204
0.55211204
0.63627823
0.65057313
0.65057313
0.65057313
0.62275191
0.62275191
0.61368083
0.61368083
0.60481274
0.60481274
0.60481274
0.58251171
0.57118998
0.57118998
0.57118998
0.58119939
0.58119939
0.58119939
0.58119939
0.58119939
0.53031934
0.49067219
0.43436803
0.43436803
0.43436803
0.45187707
0.51376881
0.56616899
0.56616899
0.62504221
0.62887655
0.70368591
0.74193292
0.74534108
0.74534108
0.74534108
0.67191295
0.66624547
0.66624547
0.66624547
0.6546025
0.62419914
0.55966457
0.53781799
0.51394836
0.51390842
0.48770826
0.45654241
0.45654241
0.45654241
0.45654241
0.45654241
0.45654241
0.45654241
0.45654241
0.45654241
0.45654241
0.45654241
0.49438739
0.49438739
0.49438739
0.45551494
0.45551494
0.45551494
0.4793563
0.51321459
0.51321459
0.51321459
0.51321459
0.51321459
0.53673083
0.53673083
0.53673083
0.53468986
0.53468986
0.53468986
0.54347181
0.61462371
0.65818678
0.65818678
0.65818678
0.65495532
0.65495532
0.65495532
0.65495532
0.66051546
0.66051546
0.66051546
0.65502851
0.65502851
0.65502851
0.6562928
0.6562928
0.6562928
0.6562928
0.67164785
0.7071437
0.7071437
0.75281895
0.81196765
0.81196765
0.81196765
0.80367995
0.80367995
0.80110093
0.80110093
0.79860112
0.79261948
0.77567833
0.74482764
0.73670325
0.73670325
0.69862927
0.65589932
0.6463489
0.6463489
0.6463489
0.66675621
0.66675621
0.66675621
0.59611124
0.59611124
0.5674121
0.55413383
0.54026522
0.49632276
0.41421645
0.35332018
0.34179474
0.29289739
0.29289739
0.29289739
0.32107143
0.32453716
0.32453716
0.32453716
0.32453716
0.32453716
0.37586952
0.43497288
0.450544
0.450544
0.450544
0.44640491
0.44640491
0.44640491
0.46261102
0.46261102
0.4860549
0.4860549
0.4860549
0.44926922
0.44153077
0.40168873
0.32179526
0.25175895
0.2325751
0.19726207
0.196013
0.196013
0.196013
0.23982513
0.23982513
0.23982513
0.2946781
0.41614669
0.53820293
0.61742432
0.62206051
0.62206051
0.62206051
0.62206051
0.62189958
0.60733573
0.55178711
0.54211613
0.53957351
0.53833286
0.53833286
0.53425859
0.53425859
0.53425859
0.59420359
0.59420359
0.59420359
0.56700911
0.56700911
0.56700911
0.6185065
0.67861911
0.67861911
0.67861911
0.65761363
0.54488932
0.51942861
0.48735232
0.44773358
0.44773358
0.37994139
0.37374468
0.37374468
0.37374468
0.40224168
0.40224168
0.42287515
0.43123492
0.43282813
0.43282813
0.43282813
0.43282813
0.47903604
0.47903604
0.47903604
0.47903604
0.47903604
0.47903604
0.47903604
0.47903604
0.47269562
0.47269562
0.4713533
0.44298993
0.40709025
0.40709025
0.40709025
0.44361765
0.44413876
0.44413876
0.44413876
0.44413807
0.44413807
0.41515704
0.41515704
0.38589131
0.38231399
0.38231399
0.38231399
0.38231399
0.38231399
0.38406839
0.38406839
0.38406839
0.38406839
0.38406839
0.41447914
0.42361731
0.42361731
0.42361731
0.40051657
0.36049072
0.33575426
0.33575426
0.32643513
0.31009739
0.31009739
0.31009739
0.31009739
0.30166114
0.2638804
0.24890346
0.24890346
0.24363783
0.24363783
0.24363783
0.23877279
0.23877279
0.23877279
0.23877279
0.23877279
0.23458053
0.23458053
0.23458053
0.2705965
0.35628084
0.37605957
0.41929485
0.43978305
0.44937084
0.44937084
0.4986314
0.54565651
0.54565651
0.54565651
0.54565651
0.54565651
0.55225349
0.55225349
0.55225349
0.53855957
0.53855957
0.51754686
0.50486846
0.49620874
0.49620874
0.47650451
0.43795033
0.43795033
0.42880944
0.41622741
0.41439229
0.41439229
0.39768853
0.3952828
0.36606323
0.31463209
0.31463209
0.31463209
0.3169565
0.3169565
0.3169565
0.30263201
0.30263201
0.30263201
0.30263201
0.30263201
0.28968481
0.27980917
0.27980917
0.27535921
0.27535921
0.27535921
0.27535921
0.2577653
0.24948215
0.24948215
0.24948215
0.24948215
0.24948215
0.25926526
0.25926526
0.25926526
0.2591443
0.25842104
0.25842104
0.25842104
0.26267242
0.26267242
0.26267242
0.23300526
0.22547833
0.22547833
0.22547833
0.38042909
0.43515554
0.44250108
0.44250108
0.44250108
0.44250108
0.40727545
0.40553172
0.40415217
0.40415217
0.40415217
0.40720098
0.42035869
0.43096853
0.45756074
0.46933621
0.50067861
0.50067861
0.50067861
0.48960124
0.48960124
0.48960124
0.48960124
0.48960124
0.48960124
0.46574568
0.46574568
0.46574568
0.4819316
0.4819316
0.4930637
0.4930637
0.4930637
0.52130783
0.52826531
0.52826531
0.52826531
0.4933672
0.48286055
0.47325242
0.45432773
0.4469364
0.43794108
0.43519591
0.43519591
0.40139505
0.40139505
0.40139505
0.40139505
0.40139505
0.39145714
0.38343995
0.38343995
0.3602512
0.3602512
0.3523871
0.34436266
0.34436266
0.34436266
0.34691763
0.38038487
0.38038487
0.39900168
0.39900168
0.39900168
0.39745567
0.38034137
0.37954905
0.37954905
0.37945294
0.36054645
0.31716574
0.31716574
0.31716574
0.31716574
0.31716574
0.32553618
0.33112689
0.33112689
0.33211255
0.33211255
0.33211255
0.31748472
0.29726293
0.29726293
0.29726293
0.30351804
0.32986489
0.33797235
0.33797235
0.34703988
0.34703988
0.34703988
0.37333956
0.40206954
0.40206954
0.40206954
0.40206954
0.40959788
0.40959788
0.40959788
0.4023085
0.4023085
0.4023085
0.41437223
0.41437223
0.41437223
0.41230112
0.41230112
0.4119732
0.39429911
0.38414032
0.38414032
0.38414032
0.39127959
0.39127959
0.39904589
0.39904589
0.39904589
0.39904589
0.39904589
0.40409062
0.40804746
0.42504377
0.43140508
0.43140508
0.43140508
0.42338035
0.39582907
0.39582907
0.39582907
0.39007502
0.3826648
0.35763737
0.35763737
0.35763737
0.34194016
0.34133503
0.32690111
0.31253737
0.25649364
0.25649364
0.25649364
0.24679851
0.24679851
0.24679851
0.25110548
0.26920758
0.31592593
0.34701145
0.36607504
0.37718098
0.43714549
0.44579267
0.44579267
0.44579267
0.43670112
0.43670112
0.43670112
0.48583857
0.49484639
0.49538286
0.49538286
0.49538286
0.49538286
0.49538286
0.52231508
0.52231508
0.52231508
0.52231508
0.52231508
0.52335164
0.5506681
0.58246067
0.58246067
0.58246067
0.58246067
0.56945349
0.56945349
0.56945349
0.56945349
0.56113409
0.55711541
0.55711541
0.55711541
0.55711541
0.54877596
0.52554685
0.52554685
0.52554685
0.52554685
0.55849637
0.56448611
0.56448611
0.57887768
0.58583671
0.59988216
0.59988216
0.59988216
0.59988216
0.5971937
0.5971937
0.5971937
0.5971937
0.5971937
0.61628769
0.61628769
0.62796877
0.62796877
0.62796877
0.62796877
0.62796877
0.62796877
0.62796877
0.63675713
0.63743419
0.65286644
0.65286644
0.65286644
0.62575865
0.55027362
0.5205054
0.5066426
0.5066426
0.5066426
0.5066426
0.5066426
0.5066426
0.5066426
0.5066426
0.5066426
0.51310782
0.51310782
0.52341929
0.53531489
0.53769403
0.53934283
0.53934283
0.53934283
0.52364874
0.52364874
0.52364874
0.51551598
0.51551598
0.51551598
0.51935115
0.54320032
0.5476291
0.5476291
0.5476291
0.57319799
0.59742227
0.59742227
0.59742227
0.59742227
0.60463292
0.62027554
0.62027554
0.62027554
0.61685658
0.5598131
0.49488321
0.49488321
0.49488321
0.49488321
0.49488321
0.51304429
0.51304429
0.51304429
0.53773483
0.56995813
0.5926364
0.5926364
0.5926364
0.58249523
0.56022193
0.51511368
0.4964612
0.46332545
0.46332545
0.41717342
0.41717342
0.41717342
0.4230537
0.42766116
0.48563614
0.50925701
0.50925701
0.52415948
0.52415948
0.52415948
0.52415948
0.52415948
0.52424932
0.53026065
0.53026065
0.53026065
0.53026065
0.53026065
0.53772942
0.53772942
0.54357715
0.54357715
0.54357715
0.53581979
0.53354172
0.51560909
0.51560909
0.51560909
0.53339403
0.54330592
0.54330592
0.54330592
0.53423953
0.52626355
0.51164368
0.4777439
0.46864098
0.46344117
0.43541296
0.42011505
0.42011505
0.39727272
0.39727272
0.39727272
0.40617878
0.43586699
0.45540421
0.49478044
0.50499652
0.50984509
0.50984509
0.50984509
0.49073119
0.49073119
0.49073119
0.5217492
0.5217492
0.5217492
0.5217492
0.51150596
0.4871449
0.46521233
0.46213481
0.4605112
0.4605112
0.4605112
0.4605112
0.45502752
0.44682183
0.4159346
0.4159346
0.4127806
0.4127806
0.4127806
0.4127806
0.38434258
0.36790818
0.36790818
0.36790818
0.3795226
0.41358246
0.43375467
0.44217996
0.44217996
0.44217996
0.44217996
0.44217996
0.46775409
0.46775409
0.46775409
0.46775409
0.46775409
0.45182505
0.44707982
0.42722263
0.42722263
0.42722263
0.44673554
0.46397592
0.48191896
0.48191896
0.48191896
0.48191896
0.49092608
0.49092608
0.50344128
0.50344128
0.50344128
0.50344128
0.5029075
0.5029075
0.5029075
0.5029075
0.5029075
0.51212216
0.51311252
0.52428698
0.52428698
0.52428698
0.52428698
0.52129589
0.52000432
0.51950722
0.5097554
0.49403899
0.49403899
0.49403899
0.49265076
0.48630197
0.48630197
0.47828619
0.47828619
0.47738624
0.47738624
0.47738624
0.48508333
0.51737214
0.5376946
0.54443288
0.54443288
0.54443288
0.50335216
0.50335216
0.50335216
0.50335216
0.50335216
0.49328304
0.49328304
0.49328304
0.49328304
0.49184194
0.48304704
0.48304704
0.4729637
0.4729637
0.4729637
0.47439403
0.47439403
0.48371614
0.48711421
0.48711421
0.48711421
0.46939123
0.45835678
0.44811283
0.44022711
0.43835986
0.43507793
0.43507793
0.43507793
0.44486529
0.46343506
0.50364185
0.50682457
0.50682457
0.50682457
0.50682457
0.50682457
0.58471842
0.61384786
0.61384786
0.61384786
0.56209047
0.51442441
0.51442441
0.48637559
0.4226109
0.4226109
0.32745163
0.32745163
0.32745163
0.32745163
0.41742731
0.47919652
0.47919652
0.47919652
0.47919652
0.5028279
0.60756075
0.60756075
0.60756075
0.60756075
0.57443893
0.54350849
0.51311066
0.51311066
0.51311066
0.51311066
0.51311066
0.51311066
0.52409905
0.52409905
0.52409905
0.52409905
0.52409905
0.49452755
0.49452755
0.49452755
0.49452755
0.49452755
0.5301809
0.5301809
0.5301809
0.5301809
0.5301809
0.57162226
0.57336471
0.58748393
0.58748393
0.58748393
0.59632957
0.59632957
0.59632957
0.51212488
0.50958638
0.50958638
0.50958638
0.50383886
0.50383886
0.50383886
0.50383886
0.49195324
0.45065289
0.45065289
0.45065289
0.45065289
0.45065289
0.45065289
0.45065289
0.45065289
0.4916786
0.4916786
0.58279231
0.58279231
0.58279231
0.58279231
0.51980203
0.49451859
0.49451859
0.49451859
0.49451859
0.49451859
0.49451859
0.49451859
0.49451859
0.49451859
0.49451859
0.49451859
0.56762986
0.56762986
0.56762986
0.52912119
0.52912119
0.52912119
0.57503638
0.57503638
0.57503638
0.56226843
0.56226843
0.56226843
0.48474671
0.48474671
0.45462154
0.41978682
0.40011228
0.3940053
0.37173656
0.37173656
0.37173656
0.38961758
0.49704914
0.50671682
0.52155302
0.54083892
0.54083892
0.54083892
0.54083892
0.54083892
0.54083892
0.54083892
0.54083892
0.54083892
0.54083892
0.54083892
0.4857665
0.4857665
0.4857665
0.4857665
0.4857665
0.4857665
0.57161074
0.57161074
0.62017063
0.6205115
0.6442896
0.6442896
0.6442896
0.6442896
0.6442896
0.6442896
0.61134404
0.59331673
0.59331673
0.52613875
0.39601984
0.34862257
0.28133713
0.28133713
0.28133713
0.3018674
0.3018674
0.31038313
0.31038313
0.36786867
0.47860078
0.50368137
0.50368137
0.50368137
0.60720667
0.68436591
0.72074023
0.76206602
0.76206602
0.76206602
0.67371242
0.66416
0.66416
0.66416
0.66416
0.66416
0.66416
0.66416
0.66416
0.66416
0.66416
0.66416
0.66416
0.66416
0.66416
0.66091931
0.59013616
0.59013616
0.59013616
0.60816731
0.60816731
0.60816731
0.60816731
0.60816731
0.56295374
0.56295374
0.56295374
0.56295374
0.55416567
0.55416567
0.55416567
0.55416567
0.55416567
0.52512693
0.52512693
0.52512693
0.6828405
0.6828405
0.6828405
0.6828405
0.6828405
0.6828405
0.6828405
0.6828405
0.63289182
0.63289182
0.57718185
0.48435836
0.48435836
0.48435836
0.48435836
0.46987839
0.314449
0.29703279
0.29703279
0.29703279
0.29703279
0.36561974
0.37748548
0.37748548
0.37748548
0.37130115
0.36845417
0.36845417
0.36845417
0.42797162
0.49816158
0.5409144
0.5409144
0.54510112
0.54510112
0.54621373
0.55536101
0.55536101
0.55536101
0.55536101
0.55536101
0.505244
0.46924623
0.45741775
0.45741775
0.45741775
0.49412697
0.50607687
0.51272503
0.51272503
0.51272503
0.51272503
0.52919524
0.5694559
0.63261222
0.63261222
0.65532547
0.65532547
0.65532547
0.65532547
0.65818876
0.65818876
0.65818876
0.59940979
0.5805907
0.5805907
0.5805907
0.5805907
0.5185915
0.47297026
0.47297026
0.43015317
0.39964321
0.38508546
0.37588574
0.3441537
0.31120886
0.31120886
0.31120886
0.34655487
0.37533674
0.37533674
0.37533674
0.35527202
0.34059684
0.34059684
0.34059684
0.34059684
0.34181265
0.34181265
0.34181265
0.35176789
0.35176789
0.3866936
0.3866936
0.3866936
0.41701564
0.45492318
0.45915893
0.45915893
0.45915893
0.44217841
0.44217841
0.44217841
0.46823471
0.49378653
0.49378653
0.5193982
0.5193982
0.5193982
0.54788483
0.61918454
0.61918454
0.61918454
0.60260446
0.60005301
0.60005301
0.60005301
0.60005301
0.58945027
0.58945027
0.58945027
0.58460073
0.58460073
0.58328428
0.58328428
0.56677541
0.56677541
0.56677541
0.56677541
0.57283451
0.58016441
0.58016441
0.58016441
0.59639852
0.59639852
0.59639852
0.58743931
0.56573871
0.5223215
0.51098582
0.50158026
0.50158026
0.50158026
0.50158026
0.51126246
0.53740078
0.5832452
0.58356062
0.58356062
0.58356062
0.54870985
0.52235746
0.51743086
0.51743086
0.51743086
0.54359036
0.54823822
0.54823822
0.54823822
0.54823822
0.5213951
0.5213951
0.49370721
0.48390519
0.48279103
0.48279103
0.48279103
0.49402335
0.51629338
0.51629338
0.51629338
0.52458776
0.52458776
0.52458776
0.51000671
0.46877346
0.45368548
0.44628166
0.44628166
0.44628166
0.41306106
0.29140425
0.20334178
0.20334178
0.20334178
0.27512678
0.35372999
0.39777948
0.46546124
0.46546124
0.49933546
0.53715102
0.57524265
0.58866589
0.62105651
0.65870761
0.65870761
0.65870761
0.65794782
0.57828805
0.57828805
0.57828805
0.60796844
0.61224712
0.61224712
0.61224712
0.63198974
0.63198974
0.63198974
0.63198974
0.63198974
0.63198974
0.62489595
0.62489595
0.62489595
0.54922715
0.51807279
0.51807279
0.51807279
0.51807279
0.51807279
0.36433628
0.36052413
0.08616293
0.07434568
0.07434568
0.07434568
0.13408673
0.18744782
0.18744782
0.46687265
0.53510765
0.53510765
0.53510765
0.53510765
0.51922933
0.49668836
0.43800931
0.40718817
0.35955652
0.34503233
0.34503233
0.34503233
0.34503233
0.34503233
0.34503233
0.34503233
0.32907868
0.32907868
0.32907868
0.37243635
0.39489714
0.39880297
0.44865512
0.47544577
0.47594812
0.47594812
0.47594812
0.47594812
0.47594812
0.47594812
0.46166075
0.45638832
0.44246497
0.44246497
0.44246497
0.45210182
0.49129566
0.49278765
0.49493708
0.49493708
0.51602074
0.53148781
0.55245973
0.56568825
0.57313458
0.62882708
0.64667117
0.64667117
0.64667117
0.628297
0.55872183
0.47952773
0.37450803
0.34028228
0.34028228
0.34028228
0.34028228
0.35418755
0.35418755
0.43960237
0.47844271
0.55943371
0.60664701
0.60664701
0.64433252
0.64433252
0.64433252
0.61259994
0.58795275
0.5500752
0.5500752
0.54511278
0.50438087
0.48706105
0.47692498
0.45566051
0.45445267
0.45445267
0.45445267
0.47932842
0.4964332
0.4964332
0.51623681
0.51623681
0.51623681
0.50866256
0.45042757
0.41160758
0.39877566
0.39877566
0.39877566
0.42936455
0.45635476
0.49177569
0.50858138
0.55113933
0.55113933
0.61097644
0.62914279
0.65965218
0.67287202
0.67541436
0.67541436
0.67541436
0.67541436
0.67541436
0.67541436
0.67541436
0.67541436
0.67541436
0.67541436
0.67541436
0.67541436
0.67972516
0.67972516
0.67972516
0.73015816
0.77204416
0.77884683
0.77884683
0.77884683
0.77884683
0.78207474
0.80589078
0.82848947
0.82848947
0.82848947
0.80918964
0.77423964
0.75792692
0.74980909
0.74269925
0.73717149
0.73445871
0.73379632
0.72657672
0.72657672
0.72657672
0.72657672
0.72657672
0.70615832
0.69418582
0.68352708
0.68352708
0.68352708
0.64626901
0.62924982
0.59511136
0.58944119
0.58116655
0.57711689
0.57711689
0.57711689
0.60283998
0.61980489
0.63730527
0.64723264
0.65641519
0.66821637
0.69073659
0.6916401
0.69444412
0.70145333
0.70145333
0.70145333
0.70488922
0.70488922
0.70488922
0.69636298
0.69193162
0.69063538
0.68854094
0.68854094
0.68854094
0.69290123
0.6975873
0.71419798
0.71937547
0.73683261
0.74037708
0.74120697
0.75934301
0.75934301
0.75934301
0.75457178
0.7449233
0.74432799
0.74432799
0.74432799
0.74432799
0.74761531
0.74761531
0.76028703
0.76028703
0.76453459
0.76453459
0.76453459
0.76212502
0.76212502
0.75350739
0.75350739
0.7447125
0.73144461
0.73144461
0.73144461
0.73144461
0.73144461
0.73144461
0.73144461
0.71900061
0.71900061
0.71900061
0.66860116
0.52625461
0.52625461
0.52625461
0.52625461
0.52625461
0.52625461
0.52625461
0.52625461
0.56099451
0.63513905
0.63513905
0.63513905
0.59918549
0.59918549
0.59918549
0.56902577
0.26445014
0.26445014
0.26445014
0.36907381
0.42440141
0.42440141
0.42440141
0.41707535
0.35552717
0.34275025
0.33976045
0.18178604
0.17685732
0.17685732
0.17685732
0.19183895
0.19183895
0.29771653
0.38791023
0.46160034
0.46160034
0.46160034
0.48486684
0.4934448
0.4934448
0.4934448
0.45766253
0.45766253
0.45766253
0.4984817
0.51217207
0.51217207
0.51217207
0.51217207
0.51217207
0.5565124
0.61616402
0.62766031
0.71499328
0.78534375
0.78534375
0.78534375
0.78534375
0.75923228
0.73509783
0.71710419
0.71710419
0.66722474
0.63906563
0.58425304
0.58425304
0.58425304
0.60420434
0.60420434
0.60420434
0.60420434
0.67320211
0.70188718
0.76333286
0.79797126
0.84942715
0.85939022
0.85939022
0.85939022
0.83364664
0.81622387
0.79249313
0.79088612
0.76829201
0.70966157
0.67699776
0.67699776
0.67699776
0.67699776
0.69568506
0.72970869
0.73698755
0.74700151
0.76930922
0.78066818
0.79593923
0.80135909
0.80135909
0.80135909
0.80135909
0.80135909
0.78854053
0.78854053
0.78854053
0.80069126
0.80069126
0.80069126
0.79375129
0.79375129
0.79121664
0.79121664
0.79121664
0.79666192
0.79666192
0.79666192
0.79666192
0.79666192
0.79666192
0.79666192
0.79862044
0.79862044
0.80437194
0.80437194
0.80437194
0.8039486
0.8039486
0.8039486
0.8039486
0.8039486
0.80475616
0.80554536
0.80554536
0.81116181
0.81116181
0.81116181
0.81116181
0.81116181
0.81116181
0.81116181
0.81405796
0.81405796
0.81405796
0.80882574
0.80882574
0.80882574
0.81566936
0.81899834
0.82032685
0.82748518
0.82748518
0.82964458
0.83414601
0.83414601
0.8369948
0.8369948
0.8369948
0.8369948
0.8369948
0.83566073
0.83355024
0.83355024
0.83020507
0.8272923
0.8272923
0.82041741
0.82041741
0.82041741
0.82067314
0.82067314
0.82067314
0.82067314
0.81449804
0.81408112
0.80991488
0.80777001
0.79354204
0.7809623
0.7809623
0.77510263
0.77153356
0.76550077
0.76550077
0.75918253
0.75538588
0.75041222
0.75041222
0.75041222
0.75041222
0.75041222
0.75041222
0.7498489
0.7498489
0.7498489
0.75039675
0.75875666
0.76248664
0.76248664
0.76248664
0.76408609
0.76408609
0.76408609
0.76334194
0.76334194
0.75840099
0.75840099
0.75840099
0.75840099
0.75416979
0.74224863
0.74224863
0.74224863
0.74224863
0.74224863
0.74224863
0.74224863
0.73348913
0.72981699
0.72981699
0.72981699
0.71778295
0.70846339
0.70846339
0.70290113
0.69362518
0.69362518
0.69362518
0.69451078
0.69451078
0.69451078
0.69451078
0.69451078
0.69451078
0.69451078
0.71479799
0.72500825
0.74171101
0.74171101
0.76469335
0.77993343
0.78200196
0.79531891
0.79531891
0.79531891
0.79531891
0.8099507
0.8394031
0.84614096
0.88933629
0.90299735
0.91823144
0.91823144
0.91823144
0.89946525
0.82124514
0.79298637
0.79298637
0.79298637
0.80516526
0.81778283
0.81879635
0.81879635
0.81879635
0.80634679
0.80591595
0.80591595
0.79086182
0.78935206
0.78935206
0.78935206
0.8041671
0.81678891
0.8206572
0.8206572
0.8206572
0.77795869
0.77719889
0.77719889
0.77719889
0.77900164
0.77900164
0.77900164
0.77900164
0.77900164
0.8177642
0.8177642
0.8177642
0.79193589
0.78554617
0.77960577
0.77637316
0.77384106
0.77384106
0.77384106
0.72568302
0.72568302
0.72097165
0.72097165
0.72097165
0.7258057
0.75570402
0.75570402
0.75570402
0.72821028
0.72459602
0.72459602
0.72459602
0.72120179
0.72120179
0.71066841
0.71066841
0.71066841
0.73367207
0.73367207
0.73367207
0.65020527
0.59511449
0.53214398
0.53214398
0.53214398
0.54432187
0.54432187
0.54432187
0.61221855
0.66010948
0.66010948
0.66010948
0.6593396
0.65490798
0.64500019
0.64500019
0.64500019
0.60611879
0.60611879
0.60611879
0.65121936
0.66735381
0.68288515
0.6885057
0.6885057
0.6885057
0.6758158
0.6758158
0.6758158
0.6758158
0.6758158
0.67506979
0.67506979
0.67506979
0.67353842
0.67353842
0.67353842
0.67353842
0.68852916
0.69988456
0.70179405
0.70179405
0.70179405
0.70115922
0.70115922
0.69714097
0.69333507
0.69333507
0.69333507
0.70375643
0.72403921
0.7437095
0.75916789
0.76044481
0.76044481
0.76510288
0.76622999
0.76622999
0.77730068
0.77888721
0.77888721
0.77888721
0.78841132
0.7913039
0.7913039
0.7913039
0.78012049
0.76312261
0.75440348
0.75440348
0.75440348
0.70645767
0.70556726
0.70556726
0.70556726
0.68555228
0.67133257
0.66518277
0.66518277
0.65718504
0.64099088
0.64099088
0.61019464
0.60095878
0.5822193
0.5822193
0.5822193
0.5822193
0.5822193
0.5822193
0.59419009
0.60414677
0.60624118
0.60624118
0.60624118
0.58745095
0.54477504
0.54477504
0.54477504
0.53912192
0.53912192
0.53912192
0.53912192
0.53912192
0.55805032
0.55805032
0.55805032
0.55805032
0.55626549
0.54544838
0.54544838
0.54544838
0.55707971
0.55707971
0.55707971
0.55414604
0.55414604
0.55414604
0.58425189
0.60953591
0.62008363
0.63626416
0.64041164
0.6595477
0.6595477
0.6595477
0.6595477
0.65576882
0.65576882
0.61066371
0.61066371
0.61066371
0.61066371
0.61066371
0.62582943
0.64000822
0.64000822
0.64000822
0.64000822
0.64000822
0.64000822
0.64000822
0.60767861
0.60767861
0.59999802
0.59999802
0.59999802
0.54601245
0.54601245
0.54601245
0.55376552
0.55376552
0.55376552
0.55440762
0.55440762
0.58425049
0.60099646
0.60099646
0.60099646
0.54884688
0.54884688
0.54008371
0.54008371
0.54008371
0.51134035
0.51134035
0.51134035
0.51134035
0.50816815
0.50162576
0.49023921
0.49023921
0.47805422
0.46158114
0.46158114
0.46158114
0.44135735
0.44135735
0.41671145
0.41671145
0.41671145
0.41733719
0.41733719
0.41733719
0.41733719
0.41134718
0.41134718
0.41134718
0.41134718
0.38340199
0.38340199
0.38340199
0.38897763
0.41867183
0.44092337
0.46160105
0.50051785
0.50051785
0.50051785
0.49186283
0.49182927
0.48373603
0.48373603
0.45325165
0.44193463
0.43848552
0.43848552
0.43848552
0.43848552
0.43848552
0.45641262
0.48319047
0.49777352
0.49777352
0.50524913
0.50524913
0.50524913
0.50524913
0.50524913
0.50524913
0.50524913
0.51906103
0.65224595
0.69994953
0.7163946
0.79741744
0.79741744
0.79741744
0.77995644
0.74722569
0.74722569
0.74722569
0.78429071
0.8282346
0.8282346
0.8282346
0.77276472
0.76084254
0.71430089
0.6492395
0.59094143
0.59094143
0.59094143
0.59094143
0.61573503
0.62270245
0.62270245
0.62270245
0.52786728
0.50827349
0.50827349
0.50827349
0.52520284
0.57335193
0.57335193
0.58052803
0.58052803
0.58052803
0.56945705
0.56945705
0.53318039
0.50123443
0.49189424
0.49189424
0.49189424
0.44949864
0.44847461
0.42925863
0.42925863
0.42925863
0.41783868
0.41783868
0.41783868
0.35605938
0.35269656
0.35269656
0.21493032
0.21493032
0.21493032
0.19885528
0.19885528
0.19885528
0.22566382
0.2944761
0.2944761
0.2944761
0.23370946
0.23370946
0.21130197
0.21130197
0.21130197
0.26569692
0.28027627
0.28027627
0.28027627
0.28027627
0.32421051
0.39019102
0.39249112
0.39249112
0.39249112
0.3891718
0.368203
0.3614289
0.3614289
0.3614289
0.36395604
0.36395604
0.38325444
0.39379164
0.41803939
0.4195355
0.45625739
0.45838094
0.45838094
0.45838094
0.44274715
0.42824767
0.42178801
0.42178801
0.39104802
0.38931027
0.38931027
0.38931027
0.39955251
0.4303168
0.4303168
0.4303168
0.41215712
0.3764944
0.34062584
0.34062584
0.34062584
0.33261605
0.2824655
0.28213401
0.28213401
0.28213401
0.28213401
0.28213401
0.28213401
0.28213401
0.28213401
0.46620284
0.60316351
0.60316351
0.60316351
0.60316351
0.60316351
0.56282921
0.56282921
0.51798694
0.48848338
0.48848338
0.48848338
0.51065334
0.56394907
0.56394907
0.56394907
0.56394907
0.51309063
0.51309063
0.51309063
0.5166108
0.60906583
0.66566893
0.66566893
0.66566893
0.6291054
0.55223102
0.54010999
0.54010999
0.54010999
0.55929126
0.56665798
0.56665798
0.59025059
0.60629365
0.60629365
0.60629365
0.59490524
0.56234491
0.55529319
0.53785281
0.48788578
0.44481754
0.44481754
0.44481754
0.45098267
0.45998879
0.45998879
0.47692014
0.50059362
0.50059362
0.55899461
0.55899461
0.59293789
0.595587
0.61750307
0.61750307
0.61750307
0.56744236
0.48636737
0.47592112
0.47069856
0.47069856
0.47069856
0.47698213
0.47698213
0.47698213
0.48348629
0.48348629
0.48348629
0.48348629
0.48348629
0.48348629
0.50346745
0.50346745
0.51644989
0.52683158
0.52683158
0.52683158
0.52683158
0.52683158
0.52683158
0.52683158
0.52261374
0.52261374
0.52261374
0.52289164
0.52332819
0.53446271
0.55561815
0.55561815
0.55561815
0.55561815
0.55561815
0.56350116
0.56350116
0.5794656
0.60399879
0.60715208
0.64442107
0.64442107
0.64442107
0.62337295
0.61652749
0.59794608
0.58000422
0.58000422
0.58000422
0.5828749
0.5828749
0.58417214
0.58417214
0.58417214
0.59396878
0.60545396
0.63800222
0.63800222
0.63800222
0.63800222
0.65671981
0.65671981
0.65671981
0.61840414
0.61840414
0.61840414
0.61840414
0.61840414
0.61840414
0.61840414
0.64243654
0.67417981
0.67430759
0.71426435
0.71426435
0.71426435
0.69150306
0.67622974
0.67622974
0.67425755
0.67425755
0.67314864
0.63978206
0.57689512
0.57506667
0.57506667
0.57506667
0.57506667
0.59174399
0.59174399
0.59174399
0.56147766
0.54482691
0.54482691
0.54482691
0.5113854
0.5113854
0.48131737
0.43244304
0.39146921
0.39146921
0.39146921
0.40405522
0.42473047
0.42473047
0.42473047
0.45790958
0.50221396
0.63798061
0.63798061
0.63798061
0.57656789
0.57656789
0.57656789
0.6155967
0.6733997
0.6733997
0.67475835
0.70471749
0.70471749
0.70471749
0.69441042
0.66819662
0.63847728
0.61255217
0.6040373
0.57901855
0.57901855
0.57901855
0.61159195
0.61930054
0.61930054
0.61930054
0.61930054
0.62472352
0.63465914
0.63465914
0.68588874
0.6969047
0.72901329
0.73376462
0.73604112
0.73604112
0.73604112
0.67255774
0.64354459
0.64354459
0.64354459
0.60581984
0.59656909
0.58834153
0.54283655
0.54283655
0.54283655
0.56961853
0.59159744
0.6585302
0.74291658
0.74291658
0.74291658
0.71332858
0.68787612
0.67149674
0.66220163
0.60760055
0.60485495
0.58778018
0.56295971
0.50445254
0.50445254
0.49006378
0.49006378
0.49006378
0.49006378
0.49006378
0.53508134
0.57445173
0.58836127
0.59937271
0.62567735
0.62567735
0.62567735
0.62567735
0.62567735
0.63227631
0.64029665
0.64029665
0.64029665
0.64029665
0.64029665
0.64029665
0.6388015
0.6388015
0.57524379
0.54095707
0.53750071
0.53750071
0.53750071
0.47214038
0.43762864
0.43762864
0.43762864
0.43969889
0.47874661
0.47874661
0.47874661
0.45003965
0.42986859
0.42507477
0.42507477
0.42507477
0.45855182
0.50221795
0.54440062
0.5830469
0.5830469
0.5830469
0.5830469
0.58882398
0.58882398
0.58882398
0.58882398
0.58882398
0.60418528
0.60418528
0.60418528
0.64906409
0.66235771
0.66844097
0.69516821
0.69516821
0.69554066
0.69554066
0.69554066
0.69554066
0.69554066
0.69554066
0.68389965
0.68389965
0.65206627
0.62246663
0.62246663
0.62246663
0.6605156
0.69360899
0.7387694
0.7387694
0.7387694
0.72421349
0.71815325
0.71815325
0.71815325
0.71224299
0.68389609
0.63651931
0.60751982
0.55480577
0.53884117
0.48362048
0.48362048
0.48362048
0.51762291
0.5238847
0.5238847
0.5238847
0.51679644
0.51679644
0.51679644
0.51679644
0.52268027
0.52268027
0.52268027
0.52268027
0.52268027
0.53073953
0.53073953
0.53073953
0.53073953
0.53073953
0.56529763
0.57446082
0.59023365
0.63740803
0.65597024
0.66286631
0.66286631
0.68506358
0.68506358
0.68506358
0.70318342
0.70318342
0.70318342
0.68323126
0.67818683
0.63087914
0.57090697
0.52778228
0.52778228
0.52778228
0.54214869
0.58369496
0.60162576
0.62526994
0.63945384
0.71056309
0.73001729
0.73001729
0.73001729
0.73001729
0.73001729
0.73722709
0.73722709
0.73722709
0.67600442
0.67600442
0.67600442
0.73499092
0.73499092
0.73499092
0.72800731
0.69867773
0.69867773
0.6870194
0.65207865
0.65207865
0.65207865
0.65207865
0.63585775
0.60684958
0.60684958
0.60684958
0.56008659
0.52104996
0.52101302
0.52101302
0.5112943
0.47897916
0.46667561
0.46667561
0.46667561
0.46955827
0.4810999
0.4810999
0.4810999
0.50566548
0.50634068
0.50634068
0.50634068
0.50634068
0.50634068
0.50634068
0.50634068
0.50174076
0.50174076
0.50174076
0.53774037
0.56972897
0.58302331
0.64417262
0.64417262
0.70991219
0.74212724
0.74747288
0.76572237
0.76625202
0.76625202
0.76625202
0.75451607
0.73452625
0.72606042
0.72606042
0.68961986
0.67389749
0.65665854
0.65665854
0.65665854
0.65665854
0.65497621
0.65459113
0.64830246
0.64830246
0.64830246
0.67168934
0.69806663
0.71363122
0.73719863
0.73719863
0.73719863
0.72399728
0.69976475
0.69976475
0.69976475
0.7162668
0.7162668
0.7162668
0.71742276
0.72664438
0.72664438
0.72664438
0.71224513
0.70180543
0.70180543
0.69266101
0.65715051
0.61226019
0.59756372
0.59756372
0.59756372
0.60222691
0.62635909
0.63391514
0.63391514
0.63391514
0.63391514
0.63391514
0.61734316
0.61734316
0.61734316
0.617174
0.617174
0.617174
0.617174
0.62430717
0.62547607
0.64222588
0.64453679
0.64453679
0.64453679
0.64418867
0.63294157
0.63294157
0.61847154
0.59710129
0.57583185
0.5603173
0.5603173
0.5603173
0.56418431
0.57863857
0.59692603
0.59692603
0.59692603
0.59098379
0.57277863
0.56689439
0.5508101
0.54393478
0.54204578
0.54204578
0.54204578
0.54429854
0.54429854
0.54429854
0.5430738
0.5430738
0.5430738
0.54064973
0.52891151
0.52215589
0.52215589
0.51926727
0.51651698
0.51456657
0.51135783
0.5092971
0.50386402
0.49582835
0.49256605
0.48713083
0.48289935
0.48289935
0.48206267
0.47220778
0.4701479
0.4701479
0.4701479
0.47352875
0.47558338
0.47639705
0.48231513
0.4847237
0.4847237
0.48510096
0.48893214
0.49348148
0.49348148
0.49348148
0.49348148
0.50569519
0.51275288
0.52691347
0.53065396
0.53672515
0.53951623
0.54832023
0.54832023
0.55172825
0.56561506
0.57471755
0.58298451
0.58965966
0.59630499
0.60998708
0.61015028
0.61307598
0.62488472
0.63800036
0.63800036
0.63800036
0.63800036
0.61764807
0.56913821
0.56913821
0.54861591
0.530879
0.530879
0.530879
0.530879
0.530879
0.49966538
0.49966538
0.49966538
0.49966538
0.49966538
0.49966538
0.52295632
0.56481603
0.56481603
0.56481603
0.48194311
0.39046394
0.39046394
0.39046394
0.45452233
0.46930993
0.46930993
0.46930993
0.43879283
0.43879283
0.43879283
0.46574356
0.46574356
0.51469647
0.53955248
0.53955248
0.53955248
0.57320438
0.59029137
0.62379188
0.64734964
0.6696454
0.68792858
0.72988295
0.72988295
0.72988295
0.72441704
0.70362295
0.67774417
0.67774417
0.65243729
0.59141478
0.59141478
0.59141478
0.74083366
0.74083366
0.74083366
0.74083366
0.74083366
0.74083366
0.74083366
0.74083366
0.74083366
0.7229974
0.7229974
0.7229974
0.7229974
0.7229974
0.67453033
0.60253365
0.60253365
0.60253365
0.60253365
0.56522301
0.56522301
0.56522301
0.56522301
0.56522301
0.57598992
0.57598992
0.57598992
0.57598992
0.57598992
0.59919031
0.63720162
0.68908054
0.68908054
0.70846453
0.70846453
0.70846453
0.6840529
0.66755054
0.64234856
0.62385839
0.61020828
0.61020828
0.61020828
0.62057463
0.62855869
0.62855869
0.62855869
0.71067523
0.75351591
0.75351591
0.75699103
0.75699103
0.75699103
0.66723313
0.64249411
0.59790516
0.59790516
0.59790516
0.6013706
0.65182035
0.68876142
0.68876142
0.68876142
0.64777266
0.64777266
0.59628479
0.59628479
0.56602003
0.53992406
0.46971576
0.45649406
0.4157825
0.4157825
0.4157825
0.4157825
0.52979568
0.54925231
0.54925231
0.54925231
0.52397468
0.52397468
0.52397468
0.55631083
0.6048504
0.63648137
0.69755589
0.69755589
0.74544143
0.74544143
0.74544143
0.70117372
0.65804519
0.65804519
0.65804519
0.73175149
0.73840704
0.77463083
0.80271136
0.80271136
0.80271136
0.78078716
0.74000836
0.74000836
0.73815942
0.66778709
0.61399839
0.57302583
0.57302583
0.57302583
0.57302583
0.52618736
0.52618736
0.52618736
0.52618736
0.52618736
0.44500702
0.41843215
0.41843215
0.41843215
0.47504364
0.51412234
0.59210391
0.59857139
0.60854925
0.64024134
0.64024134
0.64024134
0.62700047
0.60345194
0.60345194
0.6012944
0.6012944
0.6012944
0.6012944
0.6012944
0.6012944
0.6012944
0.6012944
0.6012944
0.57034035
0.57034035
0.57034035
0.57180733
0.73457045
0.74414872
0.81469734
0.81469734
0.81469734
0.80043341
0.80043341
0.80043341
0.80043341
0.80043341
0.75359239
0.73413719
0.73413719
0.6339895
0.6339895
0.6339895
0.6339895
0.6339895
0.64863963
0.64863963
0.67866304
0.67866304
0.67866304
0.65408379
0.65408379
0.65408379
0.65123343
0.53105283
0.53105283
0.53105283
0.53105283
0.52882294
0.52882294
0.52882294
0.59484981
0.59897808
0.61626523
0.61626523
0.61626523
0.54471406
0.54434362
0.53409425
0.53409425
0.53409425
0.53409425
0.46095342
0.46095342
0.46095342
0.53145242
0.61224471
0.61224471
0.61224471
0.61224471
0.53013242
0.52412977
0.52412977
0.52412977
0.55212995
0.56462312
0.57609738
0.57609738
0.57609738
0.57609738
0.57823274
0.63515882
0.66299879
0.66299879
0.66299879
0.639248
0.639248
0.639248
0.5778043
0.57651218
0.57651218
0.57651218
0.61212487
0.61212487
0.61212487
0.61059095
0.61059095
0.61059095
0.61059095
0.61059095
0.61059095
0.61059095
0.59560846
0.58370734
0.58370734
0.58370734
0.60308448
0.60308448
0.60308448
0.58119114
0.5249147
0.5249147
0.5249147
0.64965272
0.64965272
0.64965272
0.61551285
0.61551285
0.61551285
0.7044288
0.7708052
0.80195312
0.83850272
0.85124692
0.858458
0.858458
0.858458
0.83713355
0.83713355
0.82122609
0.80516724
0.80516724
0.80516724
0.83315138
0.83315138
0.83315138
0.83155163
0.79901718
0.75782857
0.73751394
0.73751394
0.73751394
0.73751394
0.67655682
0.56848078
0.53524466
0.53524466
0.53524466
0.65176306
0.65727488
0.65727488
0.65727488
0.66960474
0.6822021
0.69263215
0.69263215
0.69263215
0.68616479
0.68616479
0.59946581
0.59946581
0.59946581
0.59946581
0.62711687
0.64835321
0.64835321
0.64835321
0.64835321
0.64835321
0.71815339
0.71973224
0.71973224
0.71973224
0.66604163
0.66604163
0.66604163
0.66310585
0.66310585
0.66310585
0.66310585
0.65838153
0.65838153
0.65838153
0.65838153
0.65838153
0.65432729
0.60992951
0.49390196
0.49390196
0.49390196
0.49390196
0.49390196
0.50936747
0.53894296
0.53894296
0.53894296
0.53894296
0.53894296
0.53918476
0.53918476
0.53918476
0.53918476
0.53918476
0.53918476
0.53918476
0.53918476
0.53918476
0.57159965
0.57159965
0.61001525
0.61001525
0.61001525
0.61001525
0.63392282
0.63392282
0.63392282
0.54846778
0.54846778
0.54846778
0.54846778
0.54846778
0.55620707
0.55620707
0.57053653
0.57652711
0.57652711
0.57652711
0.53404719
0.53404719
0.53404719
0.55025686
0.55025686
0.55025686
0.55025686
0.55025686
0.55025686
0.55025686
0.55025686
0.55025686
0.55025686
0.55025686
0.59097596
0.59097596
0.59097596
0.59097596
0.59097596
0.59461326
0.59461326
0.64439961
0.64439961
0.66191492
0.66191492
0.66191492
0.66191492
0.66191492
0.66191492
0.66191492
0.66191492
0.61265593
0.61265593
0.61265593
0.61265593
0.61265593
0.61265593
0.61265593
0.61265593
0.61265593
0.61265593
0.59383971
0.55154559
0.55154559
0.55154559
0.61171064
0.67629456
0.67734275
0.67734275
0.67734275
0.67734275
0.67734275
0.65663281
0.65270167
0.65270167
0.65270167
0.65270167
0.65270167
0.67432025
0.67432025
0.67432025
0.64651138
0.56659319
0.56659319
0.55982461
0.45384258
0.45384258
0.45384258
0.45384258
0.45384258
0.43807272
0.43058631
0.43058631
0.43058631
0.49057739
0.63275478
0.63275478
0.63275478
0.61863471
0.49930801
0.49930801
0.49930801
0.49930801
0.49930801
0.49930801
0.49930801
0.56397606
0.57072048
0.64471732
0.64471732
0.64471732
0.64471732
0.64471732
0.64471732
0.61421887
0.52123519
0.52123519
0.52123519
0.52123519
0.52123519
0.54398169
0.54398169
0.54398169
0.53230887
0.53230887
0.53230887
0.53230887
0.59066992
0.59066992
0.59066992
0.59066992
0.59066992
0.60714809
0.69842882
0.70918097
0.70918097
0.71025575
0.71025575
0.71025575
0.68968212
0.66213368
0.66213368
0.66213368
0.66213368
0.66632181
0.72285369
0.72285369
0.72285369
0.63539194
0.63539194
0.63539194
0.6416698
0.66289176
0.66289176
0.66289176
0.65243585
0.65243585
0.65243585
0.68711733
0.68711733
0.68711733
0.68711733
0.68711733
0.68711733
0.68711733
0.68711733
0.68711733
0.6345632
0.60354023
0.60354023
0.60354023
0.62775571
0.70627559
0.71301516
0.71301516
0.76555776
0.76555776
0.76555776
0.76555776
0.81002575
0.81002575
0.81002575
0.79770289
0.74176574
0.69584711
0.65868615
0.65197345
0.65197345
0.64549047
0.6398078
0.6398078
0.61583297
0.59907603
0.59649859
0.59649859
0.59649859
0.60855991
0.60855991
0.60855991
0.593293
0.5760364
0.57307061
0.57307061
0.57307061
0.57811789
0.58371556
0.58371556
0.58371556
0.58371556
0.58371556
0.58371556
0.59367267
0.63971183
0.63971183
0.63971183
0.63971183
0.63971183
0.64064205
0.64064205
0.64064205
0.64129168
0.64129168
0.64129168
0.64129168
0.64129168
0.64781759
0.72624935
0.88219031
0.88219031
0.88219031
0.71094915
0.56332688
0.48997168
0.43671335
0.37024852
0.37024852
0.37024852
0.37276896
0.44078605
0.46920616
0.53064132
0.53064132
0.56460607
0.56875938
0.60642455
0.65409672
0.69623406
0.69623406
0.72402172
0.72402172
0.72402172
0.64912195
0.6448498
0.63674547
0.60408834
0.59312468
0.5821043
0.5821043
0.5821043
0.6199803
0.6606957
0.71590931
0.72015598
0.75925303
0.79186453
0.86992528
0.86992528
0.86992528
0.84961975
0.7881276
0.73833726
0.67833708
0.67239157
0.61574824
0.54191728
0.50475956
0.50475956
0.50475956
0.51538689
0.51925833
0.51925833
0.51925833
0.50984182
0.48554275
0.48554275
0.48554275
0.50687916
0.53128853
0.54160255
0.55923853
0.55923853
0.55923853
0.5320685
0.5320685
0.5320685
0.54723562
0.56714955
0.57908862
0.59274386
0.60438402
0.62426823
0.62426823
0.62426823
0.63033143
0.63033143
0.63033143
0.6408331
0.6408331
0.6408331
0.63550806
0.59892166
0.58801132
0.58801132
0.58801132
0.59294898
0.59294898
0.59294898
0.59294898
0.5910958
0.58305827
0.58305827
0.58305827
0.5936451
0.59457219
0.59920638
0.62367957
0.63269423
0.6501022
0.67201132
0.68380158
0.68595556
0.68595556
0.68595556
0.68372851
0.67412949
0.64075449
0.59767545
0.57682291
0.57682291
0.56105933
0.55196449
0.55196449
0.55196449
0.55495857
0.61188762
0.63831366
0.64248757
0.64248757
0.64248757
0.64248757
0.65475034
0.65475034
0.65475034
0.65475034
0.65475034
0.65475034
0.65475034
0.50380533
0.49849351
0.49849351
0.49849351
0.61202125
0.61202125
0.61202125
0.49012193
0.49012193
0.49012193
0.55222363
0.62233954
0.62233954
0.62233954
0.62123705
0.62123705
0.62123705
0.65654469
0.65654469
0.65654469
0.56111802
0.51660994
0.51660994
0.51660994
0.55637267
0.6260647
0.7154864
0.7154864
0.7154864
0.7154864
0.72321617
0.72321617
0.72321617
0.72321617
0.72321617
0.72321617
0.72321617
0.72321617
0.72321617
0.72321617
0.72321617
0.72680202
0.73178505
0.73178505
0.73178505
0.73178505
0.74930133
0.74930133
0.74930133
0.74114925
0.74114925
0.74114925
0.74114925
0.76582713
0.76582713
0.76582713
0.75422011
0.75422011
0.75422011
0.75422011
0.75422011
0.7397097
0.7397097
0.55647245
0.55647245
0.55647245
0.55983003
0.64604769
0.64604769
0.64604769
0.64604769
0.64604769
0.64604769
0.64604769
0.6456396
0.6456396
0.6456396
0.6456396
0.6456396
0.6456396
0.7408702
0.7408702
0.7408702
0.7408702
0.7408702
0.7408702
0.72965963
0.70112824
0.67293572
0.67293572
0.67293572
0.69210049
0.74809266
0.76109359
0.76109359
0.76109359
0.76109359
0.74946708
0.7243619
0.6898955
0.6898955
0.6898955
0.6898955
0.6898955
0.6898955
0.6898955
0.70112099
0.76442085
0.76517993
0.76517993
0.76517993
0.73203963
0.69473581
0.69473581
0.69473581
0.70009453
0.70248859
0.75942333
0.75942333
0.75942333
0.66018241
0.66018241
0.66018241
0.68988326
0.75093804
0.75093804
0.75093804
0.75093804
0.66440152
0.59391476
0.59391476
0.56262764
0.53777435
0.53777435
0.53777435
0.52378406
0.52378406
0.52378406
0.5300696
0.5300696
0.61131035
0.61131035
0.61131035
0.5341558
0.5341558
0.5341558
0.65418444
0.65418444
0.65418444
0.55997472
0.54684429
0.53326083
0.53326083
0.53326083
0.53326083
0.53326083
0.53326083
0.53326083
0.72853951
0.72853951
0.736069
0.736069
0.736069
0.73087331
0.73087331
0.5002165
0.5002165
0.5002165
0.55617268
0.65734311
0.65734311
0.67534641
0.69834099
0.71067508
0.75381955
0.75381955
0.75381955
0.75381955
0.73893386
0.70840994
0.70840994
0.62218474
0.61837388
0.60817697
0.57624665
0.57624665
0.57624665
0.47611132
0.45540137
0.45540137
0.45540137
0.69122315
0.69122315
0.69122315
0.69122315
0.69122315
0.69122315
0.62600415
0.45314875
0.43611719
0.43611719
0.39295794
0.37848932
0.37848932
0.37848932
0.4140581
0.43756554
0.46023131
0.46979835
0.48957267
0.54788993
0.54788993
0.54788993
0.51568924
0.51568924
0.47882124
0.47882124
0.47882124
0.51495604
0.54475527
0.67134621
0.67134621
0.67134621
0.67134621
0.67134621
0.61802519
0.61802519
0.61802519
0.61802519
0.61802519
0.61802519
0.61802519
0.61802519
0.64905357
0.64905357
0.64905357
0.64905357
0.64905357
0.64905357
0.64905357
0.64905357
0.64905357
0.64905357
0.64905357
0.64905357
0.64905357
0.64905357
0.64905357
0.6488314
0.54266115
0.54266115
0.54266115
0.54266115
0.56859165
0.56859165
0.59283327
0.60980116
0.60980116
0.60980116
0.41536088
0.41536088
0.41536088
0.46994361
0.46994361
0.53146777
0.63500402
0.7102549
0.7102549
0.7102549
0.7102549
0.7102549
0.7102549
0.7102549
0.7102549
0.65110193
0.63007186
0.63007186
0.63007186
0.70687133
0.72930527
0.72930527
0.72930527
0.70732636
0.70732636
0.69982487
0.59139119
0.58158846
0.57383453
0.57383453
0.57383453
0.61265765
0.61265765
0.61265765
0.65875622
0.65875622
0.65875622
0.61157547
0.60662385
0.60662385
0.60662385
0.63095631
0.66189259
0.68484508
0.68484508
0.70063527
0.70063527
0.70063527
0.6894942
0.65279437
0.61800556
0.61800556
0.59868513
0.58697591
0.58697591
0.58697591
0.58697591
0.58943821
0.61782958
0.6566402
0.6566402
0.65815251
0.65815251
0.65815251
0.64125343
0.6280862
0.6280862
0.6280862
0.63997595
0.65376794
0.65376794
0.65376794
0.65376794
0.64439336
0.63815929
0.62725563
0.62605048
0.61862462
0.60109212
0.60109212
0.59268758
0.58540772
0.58540772
0.58540772
0.58505702
0.58059328
0.58059328
0.58059328
0.58650454
0.5872582
0.62081044
0.62081044
0.62677644
0.62677644
0.62677644
0.60825956
0.5980989
0.5980989
0.5980989
0.5980989
0.5980989
0.5980989
0.63852973
0.65506817
0.65674737
0.65674737
0.65674737
0.65674737
0.67031989
0.67031989
0.67031989
0.70587076
0.72358704
0.75002275
0.75002275
0.75002275
0.7385084
0.7385084
0.7385084
0.6869479
0.6869479
0.6869479
0.69583361
0.72636151
0.76977234
0.79380302
0.79380302
0.79380302
0.79380302
0.81521831
0.81521831
0.81521831
0.78628846
0.7538764
0.71572877
0.71572877
0.71572877
0.72028379
0.74859656
0.74940724
0.74940724
0.74940724
0.72519446
0.71451042
0.71451042
0.71451042
0.71451042
0.71451042
0.72250273
0.72250273
0.75486063
0.75486063
0.75486063
0.67674444
0.64548052
0.64548052
0.64548052
0.67829644
0.67988168
0.67988168
0.67988168
0.67988168
0.62901301
0.57643556
0.57643556
0.57643556
0.58857095
0.63652358
0.64924221
0.64924221
0.64924221
0.6557728
0.6557728
0.6557728
0.65460107
0.61760841
0.60666807
0.59365562
0.59365562
0.59365562
0.58281974
0.5513848
0.52084469
0.52084469
0.52084469
0.53991042
0.60052653
0.62333343
0.62333343
0.62333343
0.61159209
0.55649718
0.55082374
0.50854272
0.50854272
0.50854272
0.50854272
0.50854272
0.55753915
0.59463871
0.65591837
0.69043026
0.73489968
0.74500517
0.74500517
0.74500517
0.71148904
0.66291236
0.60117173
0.57592453
0.57592453
0.57592453
0.57592453
0.59054853
0.60914515
0.6409117
0.68481851
0.71218372
0.73583843
0.74830188
0.75503122
0.75503122
0.75503122
0.70383547
0.68852816
0.68852816
0.67475167
0.67191424
0.67191424
0.67191424
0.6856896
0.69056898
0.69953077
0.72018372
0.72018372
0.72018372
0.71689864
0.69871269
0.66890211
0.65662186
0.62727211
0.62727211
0.62727211
0.64858406
0.65972113
0.65972113
0.65972113
0.6547212
0.63715316
0.59868172
0.56887011
0.56887011
0.56887011
0.56898069
0.57543497
0.65312642
0.65312642
0.66612322
0.66612322
0.70507855
0.76613063
0.80079717
0.81894759
0.82834888
0.84958806
0.85153093
0.86193952
0.86193952
0.86193952
0.86193952
0.86193952
0.8468153
0.84172879
0.84172879
0.84172879
0.84172879
0.84172879
0.84172879
0.84172879
0.83882711
0.81877302
0.81101852
0.76000869
0.72369195
0.70269372
0.69062116
0.64377005
0.6383475
0.6383475
0.62377225
0.59538655
0.59538655
0.58976627
0.58492896
0.57303238
0.55024947
0.55024947
0.55024947
0.55024947
0.57748733
0.57748733
0.57748733
0.56777615
0.56777615
0.56777615
0.56777615
0.58537373
0.60167109
0.62950982
0.62950982
0.64345831
0.64345831
0.64345831
0.60971843
0.59144848
0.59144848
0.59144848
0.61809241
0.62684808
0.62684808
0.62684808
0.63619309
0.66232373
0.66232373
0.66232373
0.65097444
0.65097444
0.64794425
0.64794425
0.64794425
0.64794425
0.64794425
0.64690171
0.62110256
0.60453939
0.60453939
0.60453939
0.63778756
0.64041377
0.65483803
0.65483803
0.65483803
0.65483803
0.65483803
0.65483803
0.68581951
0.74247662
0.76351849
0.77211012
0.77211012
0.77211012
0.77211012
0.77211012
0.77211012
0.77211012
0.7830833
0.78694292
0.78694292
0.78694292
0.77386438
0.76589393
0.76589393
0.76589393
0.766745
0.766745
0.766745
0.74024148
0.70881096
0.6978244
0.67658113
0.65080571
0.65080571
0.65080571
0.65080571
0.60027349
0.55661006
0.53605021
0.49262148
0.49262148
0.49262148
0.50818308
0.50818308
0.50818308
0.50818308
0.53308216
0.54339022
0.58296517
0.58296517
0.59985585
0.68717406
0.73093444
0.75460789
0.75460789
0.75460789
0.74162914
0.69511846
0.69511846
0.69511846
0.67190372
0.62432635
0.61072045
0.61072045
0.61072045
0.60929967
0.60929967
0.60929967
0.60929967
0.60929967
0.6083069
0.57247955
0.57247955
0.57247955
0.60586363
0.60586363
0.60586363
0.55502625
0.52854761
0.52854761
0.52854761
0.52854761
0.54453097
0.54453097
0.59463787
0.59463787
0.59463787
0.58089022
0.58089022
0.58089022
0.61675763
0.63830541
0.65281767
0.65281767
0.66123714
0.66123714
0.6707297
0.68267802
0.69518286
0.69518286
0.69609175
0.69828981
0.71761737
0.71761737
0.71761737
0.71615521
0.70186145
0.70186145
0.67730267
0.66151021
0.65827562
0.65827562
0.65827562
0.68306709
0.71979906
0.73088667
0.73088667
0.73608321
0.73608321
0.73608321
0.71012242
0.68960793
0.68960793
0.68960793
0.67724936
0.67724936
0.67724936
0.67667936
0.64979829
0.64876799
0.61923643
0.61923643
0.61923643
0.62730409
0.62730409
0.62730409
0.60744861
0.57463112
0.53615229
0.53615229
0.52957322
0.51282936
0.49036671
0.49036671
0.49036671
0.49951912
0.49951912
0.49951912
0.47711658
0.47711658
0.47711658
0.50546563
0.53729132
0.53729132
0.53749217
0.55828528
0.57136894
0.57136894
0.57136894
0.54540161
0.49952992
0.42374624
0.40464913
0.40464913
0.32628887
0.3084469
0.3084469
0.3084469
0.38193458
0.46121041
0.53716154
0.57003061
0.57098601
0.58799696
0.58960436
0.58960436
0.58960436
0.60152099
0.60152099
0.60152099
0.60152099
0.63308599
0.67398477
0.67398477
0.68666957
0.68666957
0.68666957
0.64298894
0.62964116
0.57625674
0.57625674
0.57625674
0.57625674
0.57625674
0.57625674
0.55092779
0.55092779
0.55092779
0.54873501
0.54873501
0.54873501
0.54873501
0.53635199
0.49054908
0.49054908
0.49054908
0.49054908
0.49054908
0.58118945
0.59364224
0.59904064
0.59904064
0.59904064
0.61141029
0.61928489
0.61928489
0.61928489
0.60233351
0.54121506
0.54121506
0.54121506
0.6315505
0.6315505
0.6315505
0.59284224
0.56313838
0.4995282
0.42581749
0.42581749
0.42581749
0.45725045
0.49958933
0.5533955
0.5533955
0.5533955
0.5533955
0.62411128
0.63332438
0.63332438
0.63332438
0.62130428
0.62130428
0.62130428
0.62130428
0.62130428
0.62130428
0.62180863
0.6278093
0.67305158
0.72065764
0.77323196
0.77323196
0.82306095
0.85536555
0.85536555
0.86269488
0.86269488
0.86269488
0.80924395
0.80924395
0.80924395
0.80924395
0.73299999
0.71174591
0.71174591
0.71174591
0.71174591
0.71174591
0.71174591
0.71174591
0.71174591
0.71174591
0.69656214
0.6807067
0.6807067
0.6807067
0.6807067
0.61489393
0.537242
0.53394116
0.48290689
0.48290689
0.48290689
0.55002999
0.55002999
0.55002999
0.55002999
0.55002999
0.55002999
0.55002999
0.55002999
0.55002999
0.52412748
0.52412748
0.52412748
0.5100566
0.49885386
0.46139679
0.44978733
0.44884262
0.43495781
0.43495781
0.43495781
0.43495781
0.43495781
0.43495781
0.44484354
0.44484354
0.46032542
0.47417908
0.49921462
0.52108139
0.52108139
0.52108139
0.41697841
0.41697841
0.41697841
0.4459101
0.46166373
0.4688461
0.4688461
0.4688461
0.4688461
0.4688461
0.4688461
0.47687011
0.47687011
0.48977126
0.50592562
0.50592562
0.50592562
0.51244285
0.56467032
0.58347875
0.58347875
0.58347875
0.56857956
0.56857956
0.56857956
0.60569008
0.60569008
0.60569008
0.57811576
0.57811576
0.57811576
0.57811576
0.57811576
0.51107225
0.49035946
0.46402951
0.43365787
0.43365787
0.43365787
0.43365787
0.42868436
0.42868436
0.42868436
0.44236149
0.44236149
0.47713266
0.51778468
0.55404896
0.56794643
0.56794643
0.60772707
0.66075952
0.6663484
0.6663484
0.69107135
0.70518857
0.72261318
0.73483571
0.73483571
0.73483571
0.73228768
0.73228768
0.73228768
0.73658014
0.75572035
0.75572035
0.75572035
0.75572035
0.75572035
0.72406694
0.71198399
0.71198399
0.71198399
0.70731143
0.70731143
0.70731143
0.70731143
0.70731143
0.70153563
0.65968004
0.61352901
0.57071079
0.569953
0.569953
0.55063426
0.54988444
0.54988444
0.54988444
0.55885288
0.55885288
0.55885288
0.55885288
0.55885288
0.55885288
0.55885288
0.55885288
0.55885288
0.54771297
0.53102397
0.48391556
0.48391556
0.48391556
0.48391556
0.47879622
0.47879622
0.47879622
0.49918066
0.53676453
0.54009534
0.55418301
0.55673486
0.55673486
0.55673486
0.55673486
0.55673486
0.55673486
0.55673486
0.54842641
0.54842641
0.54248815
0.54248815
0.54248815
0.54248815
0.54289398
0.54289398
0.54289398
0.54289398
0.54289398
0.54289398
0.57776223
0.57776223
0.57776223
0.55976206
0.54020252
0.54020252
0.54020252
0.54020252
0.54020252
0.54020252
0.54020252
0.54421767
0.55417221
0.55417221
0.57908905
0.58659507
0.58659507
0.59268047
0.59268047
0.6119307
0.61498632
0.63363058
0.63363058
0.63363058
0.65763154
0.67063106
0.71105747
0.72392564
0.72790566
0.72790566
0.72790566
0.72652313
0.72652313
0.72652313
0.72652313
0.72652313
0.71794116
0.71794116
0.71794116
0.71794116
0.70127906
0.66756532
0.66756532
0.64583759
0.64583759
0.64583759
0.61911221
0.61031319
0.58296445
0.58063962
0.58063962
0.58063962
0.58063962
0.58063962
0.58063962
0.58063962
0.57478478
0.57445629
0.57445629
0.57445629
0.57619149
0.57619149
0.60187736
0.62058471
0.62058471
0.62058471
0.57265524
0.57265524
0.57265524
0.5540383
0.55127124
0.55127124
0.55127124
0.53286325
0.47793183
0.46397933
0.43735913
0.43735913
0.37762335
0.36520211
0.36520211
0.35642782
0.34813928
0.34412768
0.34412768
0.34412768
0.34440745
0.34440745
0.34440745
0.34440745
0.34440745
0.36578661
0.42640059
0.44561542
0.50681546
0.50681546
0.50681546
0.50681546
0.50681546
0.52734602
0.54886722
0.62768249
0.639162
0.639162
0.639162
0.58416349
0.58416349
0.58416349
0.59430907
0.59430907
0.59430907
0.59430907
0.57291283
0.54013615
0.54013615
0.53142442
0.53142442
0.53142442
0.53142442
0.54138792
0.60624771
0.66358702
0.66358702
0.69239746
0.71871829
0.72197778
0.72197778
0.73539265
0.7701921
0.7701921
0.7701921
0.7402095
0.73922527
0.73211399
0.72932389
0.72932389
0.71584775
0.71584775
0.71584775
0.71497795
0.67611245
0.60148972
0.58303666
0.51545386
0.41304699
0.41034274
0.41034274
0.41034274
0.49897625
0.50590401
0.50590401
0.50590401
0.50590401
0.50590401
0.54538287
0.54538287
0.54538287
0.50235512
0.50235512
0.49728965
0.49728965
0.49728965
0.51828516
0.58838572
0.58838572
0.58838572
0.58710426
0.58710426
0.58710426
0.58710426
0.58131866
0.58131866
0.55107351
0.5460056
0.5460056
0.5460056
0.52087427
0.52087427
0.52087427
0.53121319
0.53121319
0.53121319
0.51632793
0.51632793
0.51632793
0.51632793
0.49869152
0.49869152
0.49869152
0.54593439
0.54593439
0.54593439
0.51111491
0.48294726
0.48294726
0.48294726
0.54942984
0.54942984
0.71318429
0.77477299
0.77477299
0.77477299
0.69849266
0.68709345
0.68709345
0.68709345
0.68709345
0.66980516
0.66980516
0.66980516
0.57460995
0.57460995
0.54675104
0.47991949
0.43817506
0.4235063
0.4235063
0.4235063
0.43398366
0.52705063
0.55578573
0.55578573
0.55578573
0.55068501
0.50739159
0.49882174
0.4896227
0.43855447
0.43855447
0.43855447
0.46338417
0.46338417
0.46338417
0.46338417
0.46338417
0.45369657
0.43810611
0.43239628
0.43239628
0.43239628
0.43239628
0.49189696
0.49189696
0.49189696
0.45560294
0.46670475
0.43108439
