0.7138049
0.71409232
0.71353424
0.71353424
0.71353424
0.71353424
0.71353424
0.67994071
0.67994071
0.67994071
0.67994071
0.66347687
0.66347687
0.66347687
0.67712331
0.67746979
0.67746979
0.67746979
0.67746979
0.67746979
0.67746979
0.67746979
0.67300798
0.67300798
0.67300798
0.67300798
0.67300798
0.67300798
0.67300798
0.66792616
0.66792616
0.66792616
0.66078777
0.66060988
0.66060988
0.66060988
0.67257738
0.674584
0.6791159
0.6791159
0.6791159
0.6791159
0.69745939
0.69745939
0.69745939
0.69745939
0.69745939
0.69745939
0.69745939
0.71233333
0.72861503
0.72861503
0.72861503
0.72412107
0.72412107
0.72412107
0.72412107
0.74037991
0.74037991
0.74383984
0.74383984
0.74383984
0.74383984
0.74383984
0.74383984
0.74716503
0.77197426
0.78786174
0.8250437
0.82767627
0.83867912
0.83867912
0.83867912
0.83867912
0.83509123
0.83509123
0.80086039
0.79040968
0.79040968
0.79040968
0.7842852
0.78118935
0.78118935
0.78118935
0.7988695
0.80207911
0.81981038
0.86661313
0.86661313
0.86903547
0.87269584
0.87269584
0.87269584
0.87269584
0.87269584
0.87269584
0.87269584
0.86392218
0.84053021
0.84053021
0.84053021
0.79021774
0.79010332
0.77641662
0.76604561
0.757882
0.757882
0.757882
0.74778811
0.72704105
0.71610927
0.70946887
0.69216499
0.69216499
0.69216499
0.71170366
0.73127045
0.73127045
0.76204743
0.79490264
0.82401948
0.82401948
0.82401948
0.81549212
0.77818745
0.77480285
0.77480285
0.77480285
0.77480285
0.77215436
0.77215436
0.76781815
0.76781815
0.76781815
0.76781815
0.76781815
0.81061255
0.81061255
0.81061255
0.80837437
0.78557838
0.76901824
0.76901824
0.76901824
0.7739863
0.80801165
0.80801165
0.80801165
0.81011661
0.84653297
0.84653297
0.84653297
0.84498219
0.84498219
0.81802447
0.81225596
0.79749897
0.74476334
0.7366214
0.7366214
0.73403435
0.73403435
0.73403435
0.74733158
0.74733158
0.74733158
0.74733158
0.74733158
0.7208414
0.7208414
0.7208414
0.7208414
0.7208414
0.7208414
0.72714598
0.72869306
0.75636743
0.75636743
0.75636743
0.76012273
0.76012273
0.76012273
0.76012273
0.76012273
0.76012273
0.76012273
0.78518229
0.82455824
0.83762241
0.85205422
0.85205422
0.85205422
0.82774465
0.81581424
0.81581424
0.80292372
0.79161553
0.79161553
0.78029107
0.78029107
0.77010679
0.7628978
0.7628978
0.7628978
0.76022156
0.76022156
0.7473685
0.7473685
0.70710188
0.69646615
0.67820796
0.67706424
0.67706424
0.67706424
0.67706424
0.68169885
0.68169885
0.68169885
0.68169885
0.6742382
0.6742382
0.6690362
0.6690362
0.66626213
0.66626213
0.63839326
0.63839326
0.63839326
0.63839326
0.6436342
0.66856108
0.66856108
0.6974137
0.70879402
0.70879402
0.70879402
0.70879402
0.70745935
0.70745935
0.70745935
0.706133
0.706133
0.706133
0.706133
0.7094284
0.71282384
0.71282384
0.71282384
0.71282384
0.71282384
0.71282384
0.70035095
0.70035095
0.70035095
0.70035095
0.70035095
0.70035095
0.67196515
0.66863537
0.66046551
0.66046551
0.66046551
0.66046551
0.66046551
0.66046551
0.62287308
0.61809713
0.61809713
0.61809713
0.6248726
0.66452648
0.66452648
0.66875455
0.67211765
0.67211765
0.67211765
0.66364902
0.66364902
0.66364902
0.67256063
0.68839225
0.69471562
0.69471562
0.69471562
0.69034082
0.69034082
0.69034082
0.69034082
0.69034082
0.6913371
0.6913371
0.6913371
0.68244617
0.68244617
0.68244617
0.73280348
0.75559456
0.75559456
0.76583269
0.76583269
0.76583269
0.76583269
0.76836285
0.7814639
0.7814639
0.7814639
0.73454452
0.72398953
0.71359027
0.66937624
0.66937624
0.6680824
0.6680824
0.6680824
0.68315555
0.68315555
0.68315555
0.68315555
0.68315555
0.68315555
0.68315555
0.68315555
0.6730926
0.6730926
0.67243519
0.666602
0.666602
0.66150055
0.66150055
0.66150055
0.65671256
0.65671256
0.65671256
0.65671256
0.64402995
0.64402995
0.63704067
0.63704067
0.63704067
0.6181029
0.6181029
0.6181029
0.59391198
0.59095781
0.59095781
0.5592485
0.55249774
0.55249774
0.55249774
0.55249774
0.5496949
0.5496673
0.5496673
0.5496673
0.55034757
0.55034757
0.58929866
0.59289843
0.59289843
0.59289843
0.59289843
0.61072077
0.61072077
0.61072077
0.60562472
0.59173727
0.5756829
0.5756829
0.5756829
0.58068108
0.5873044
0.5978267
0.5978267
0.5978267
0.59048419
0.59048419
0.56905754
0.55464013
0.5405719
0.5405719
0.5405719
0.5405719
0.5405719
0.5405719
0.5405719
0.54329974
0.54329974
0.54329974
0.54329974
0.52968548
0.51732665
0.50226975
0.4991377
0.4991377
0.48695861
0.48695861
0.48695861
0.43980057
0.43980057
0.43980057
0.43980057
0.43980057
0.46016931
0.46016931
0.46016931
0.52221636
0.59954256
0.60359507
0.6099281
0.6099281
0.6099281
0.60168949
0.57041217
0.57041217
0.55825475
0.55825475
0.55825475
0.57962741
0.62020295
0.63167451
0.63167451
0.63167451
0.57502716
0.57502716
0.57502716
0.57502716
0.60735156
0.61121043
0.61121043
0.61121043
0.59854846
0.59854846
0.59854846
0.58152149
0.58152149
0.57974523
0.57974523
0.55235521
0.53947336
0.52791109
0.52520169
0.52520169
0.48985558
0.48985558
0.48985558
0.50057693
0.52287377
0.52895596
0.52895596
0.52895596
0.52895596
0.51773459
0.51773459
0.47238106
0.47238106
0.47238106
0.48290999
0.50698257
0.50698257
0.52761317
0.53593135
0.53593135
0.53593135
0.5194455
0.51514144
0.51514144
0.51514144
0.49090858
0.49090858
0.49090858
0.49090858
0.50246524
0.50246524
0.50246524
0.50246524
0.50246524
0.50246524
0.50246524
0.50246524
0.52718527
0.57332045
0.57332045
0.57332045
0.52916009
0.52916009
0.51832785
0.51710441
0.49571786
0.4903346
0.47737945
0.46495679
0.44561497
0.42582645
0.42582645
0.42582645
0.42606053
0.4484075
0.4484075
0.4484075
0.44530285
0.42159299
0.42159299
0.42159299
0.42159299
0.42159299
0.42159299
0.42159299
0.37617278
0.37617278
0.37594512
0.37594512
0.37594512
0.40554012
0.41615537
0.45460916
0.48307333
0.49256533
0.52171739
0.52568323
0.52568323
0.52568323
0.51934937
0.49931712
0.49931712
0.49931712
0.49931712
0.49931712
0.49931712
0.49931712
0.52197498
0.53179637
0.54591572
0.54891831
0.57054317
0.57162223
0.58144768
0.58144768
0.58144768
0.58144768
0.57300225
0.57300225
0.57300225
0.57300225
0.56833834
0.56833834
0.55216395
0.5260739
0.5260739
0.5260739
0.5260739
0.5260739
0.50901427
0.50541808
0.50541808
0.49571602
0.49010424
0.48174647
0.48039859
0.4475444
0.43780375
0.43780375
0.43780375
0.43780375
0.43780375
0.43780375
0.43780375
0.43780375
0.43780375
0.43780375
0.43780375
0.43780375
0.463721
0.47016691
0.47016691
0.47016691
0.42331509
0.42146079
0.40822939
0.36169238
0.36047165
0.35073522
0.29813059
0.29257975
0.29257975
0.2776388
0.26794977
0.26542367
0.25802598
0.25802598
0.25802598
0.23863608
0.23863608
0.23863608
0.25012116
0.28469998
0.28640246
0.29761671
0.29761671
0.29831561
0.29831561
0.29831561
0.30162912
0.30162912
0.30162912
0.33376312
0.33461011
0.33461011
0.33461011
0.32837491
0.31476741
0.29923944
0.29923944
0.29254928
0.29254928
0.29254928
0.30972656
0.33736726
0.34124188
0.34378761
0.34378761
0.34378761
0.34378761
0.34378761
0.36524845
0.36600068
0.37078475
0.37078475
0.37078475
0.37078475
0.38847049
0.43102084
0.47062985
0.47062985
0.47062985
0.47062985
0.47062985
0.47062985
0.49222561
0.51369815
0.54973534
0.56838795
0.5701901
0.5701901
0.5701901
0.5638019
0.5638019
0.54102519
0.54102519
0.54102519
0.49382972
0.41510797
0.38555781
0.38555781
0.37204374
0.3657681
0.3657681
0.3657681
0.3657681
0.3728865
0.37339059
0.38804379
0.38804379
0.38804379
0.376959
0.376959
0.376959
0.38484806
0.40030344
0.40030344
0.40030344
0.40030344
0.40030344
0.36787968
0.35964683
0.3464014
0.33842158
0.33364546
0.33364546
0.33364546
0.34534974
0.35107597
0.3544636
0.36808008
0.36833634
0.36833634
0.36833634
0.36677335
0.36450709
0.36391804
0.35881861
0.35881861
0.35881861
0.35881861
0.329477
0.31959975
0.29440662
0.29440662
0.29440662
0.29440662
0.29440662
0.30379147
0.31281156
0.32276702
0.32528602
0.3316903
0.34850415
0.35781571
0.36567703
0.37048381
0.37048381
0.37396897
0.38632779
0.38632779
0.38632779
0.38632779
0.38129674
0.38050356
0.38050356
0.38050356
0.38050356
0.38050356
0.38050356
0.37887151
0.37322386
0.35184086
0.32029862
0.32029862
0.32029862
0.32029862
0.32029862
0.32029862
0.32029862
0.32029862
0.32029862
0.32029862
0.34312054
0.3456304
0.3456304
0.35842456
0.35842456
0.35842456
0.33836166
0.33836166
0.33836166
0.33836166
0.33272637
0.32110231
0.31763576
0.31066903
0.28988014
0.24973185
0.24973185
0.24933002
0.24933002
0.24933002
0.24933002
0.26218919
0.26729878
0.27396171
0.29197886
0.30061878
0.30061878
0.30061878
0.29198598
0.29198598
0.29198598
0.2943367
0.29781847
0.29781847
0.29781847
0.29781847
0.30518552
0.30546059
0.30696754
0.30696754
0.30696754
0.30896945
0.31879777
0.31879777
0.31879777
0.35124573
0.35124573
0.35124573
0.35124573
0.35124573
0.35124573
0.34999674
0.34999674
0.34999674
0.3534663
0.35764595
0.35764595
0.35764595
0.37176345
0.37176345
0.37176345
0.37176345
0.37176345
0.37176345
0.37176345
0.37306137
0.37306137
0.37306137
0.37306137
0.37306137
0.37141001
0.37141001
0.37141001
0.36135184
0.36135184
0.36135184
0.35131479
0.35131479
0.34171346
0.33367221
0.33367221
0.33367221
0.37676317
0.38709303
0.3912566
0.40356465
0.40356465
0.40356465
0.40356465
0.40356465
0.40356465
0.40356465
0.40356465
0.3985336
0.3985336
0.3985336
0.3985336
0.3985336
0.3985336
0.38836658
0.3776088
0.3776088
0.37753162
0.37753162
0.37753162
0.38829769
0.38829769
0.38829769
0.38215677
0.36976867
0.35795858
0.35795858
0.35795858
0.35795858
0.35795858
0.35795858
0.36397372
0.36397372
0.36764321
0.37266832
0.3821219
0.3821219
0.38310483
0.38310483
0.38310483
0.38310483
0.38508252
0.38673064
0.38673064
0.38673064
0.38673064
0.38673064
0.38673064
0.38673064
0.38673064
0.38673064
0.38673064
0.38673064
0.38673064
0.38702464
0.4036733
0.4036733
0.42415935
0.42415935
0.42415935
0.42415935
0.42415935
0.40802646
0.40802646
0.40412187
0.40412187
0.40412187
0.40592925
0.40592925
0.41467448
0.41467448
0.42283945
0.44361426
0.44361426
0.44361426
0.44361426
0.44361426
0.43744204
0.43744204
0.43692529
0.43692529
0.43692529
0.43104875
0.43104875
0.43104875
0.43104875
0.42764232
0.42764232
0.42764232
0.42764232
0.43121988
0.43121988
0.43121988
0.42858496
0.42242677
0.41873446
0.40807028
0.40807028
0.40807028
0.40807028
0.40548426
0.401558
0.401558
0.401558
0.38726077
0.38726077
0.37674676
0.3762977
0.37320285
0.36422289
0.34750295
0.34750295
0.34458755
0.34458755
0.34282873
0.34235462
0.34235462
0.34235462
0.34235462
0.34235462
0.34235462
0.34235462
0.34320145
0.35610446
0.35610446
0.35610446
0.35610446
0.35610446
0.35610446
0.35610446
0.34313559
0.34313559
0.34313559
0.34824266
0.34824266
0.34824266
0.37008738
0.37008738
0.37008738
0.36409155
0.3589002
0.3589002
0.3589002
0.35575323
0.35575323
0.35575323
0.35946046
0.36974683
0.37438213
0.38429999
0.39949163
0.40762293
0.40762293
0.40762293
0.40762293
0.40762293
0.40055936
0.39564713
0.39564713
0.39491186
0.36993877
0.36049468
0.36049468
0.36049468
0.37499333
0.37499333
0.37499333
0.38965993
0.38965993
0.38965993
0.38869242
0.38869242
0.38869242
0.39714699
0.40443093
0.40443093
0.40443093
0.39286477
0.37248078
0.37248078
0.37248078
0.37738454
0.38153015
0.38853972
0.41343818
0.4509192
0.4509192
0.4509192
0.4509192
0.4509192
0.44896421
0.44677459
0.44677459
0.44677459
0.44895609
0.46584408
0.46976136
0.4745126
0.4745126
0.4745126
0.44175539
0.41622832
0.3992076
0.38150172
0.37340751
0.37340751
0.35768471
0.35768471
0.35768471
0.35768471
0.35423832
0.34448651
0.34209294
0.34209294
0.34083344
0.34083344
0.32432172
0.31155987
0.3079586
0.3079586
0.29304676
0.29304676
0.29304676
0.29937064
0.30066433
0.32119608
0.33602074
0.35349592
0.35349592
0.36290957
0.37102019
0.37102019
0.37102019
0.37102019
0.37427126
0.39108681
0.41513063
0.43004384
0.44927125
0.48768781
0.48768781
0.48768781
0.48329878
0.47597506
0.46960225
0.46753182
0.46600285
0.46600285
0.46600285
0.46600285
0.48661602
0.48661602
0.48661602
0.48661602
0.47759729
0.47394709
0.45720855
0.43089152
0.41579653
0.41579653
0.41579653
0.39907066
0.39907066
0.39139726
0.38204219
0.38204219
0.38204219
0.38204219
0.38204219
0.35810247
0.34028283
0.34028283
0.34028283
0.34028283
0.34829716
0.35221577
0.35221577
0.35221577
0.35221577
0.35631977
0.36345882
0.36421374
0.38580561
0.39029906
0.40458277
0.42053965
0.43711993
0.45390858
0.45390858
0.45390858
0.44366472
0.42579717
0.42579717
0.42579717
0.43570066
0.43570066
0.43570066
0.39151099
0.39151099
0.38398752
0.38398752
0.38398752
0.38398752
0.39430369
0.39430369
0.40229109
0.42731768
0.42731768
0.42731768
0.42311755
0.42311755
0.41425689
0.41286301
0.39442759
0.39442759
0.39442759
0.39442759
0.39442759
0.39442759
0.39442759
0.35416503
0.35002837
0.35002837
0.35002837
0.34931814
0.3449777
0.30923602
0.30923602
0.30923602
0.33476346
0.37144505
0.37144505
0.37144505
0.37144505
0.37144505
0.38117301
0.38459351
0.41293917
0.43014709
0.43014709
0.43014709
0.40758314
0.40758314
0.39623449
0.39216164
0.3876164
0.3876164
0.37842212
0.37842212
0.37521813
0.35785229
0.35419669
0.34350562
0.34350562
0.34350562
0.34350562
0.3444574
0.35876176
0.37365378
0.37365378
0.37365378
0.37365378
0.37365378
0.36687678
0.36687678
0.36687678
0.353109
0.3402136
0.33631901
0.31530856
0.31530856
0.31530856
0.32520358
0.33498993
0.33498993
0.33498993
0.33498993
0.31990543
0.29898557
0.28425652
0.27112093
0.27112093
0.2521217
0.23012732
0.2230988
0.22097081
0.21677219
0.20696452
0.20696452
0.20696452
0.20696452
0.20696452
0.20696452
0.21568333
0.21812379
0.23546322
0.23546322
0.26490589
0.26490589
0.26490589
0.26490589
0.28371943
0.28916111
0.28916111
0.28916111
0.31276283
0.31276283
0.31276283
0.29721099
0.29721099
0.29721099
0.29721099
0.32241003
0.36498594
0.39620183
0.43617527
0.4649182
0.47513261
0.47513261
0.47513261
0.48963772
0.51706514
0.51861222
0.51861222
0.51861222
0.51861222
0.49463999
0.49358345
0.48789718
0.48789718
0.48789718
0.50677422
0.50677422
0.50677422
0.49983135
0.48892274
0.48892274
0.48892274
0.48892274
0.49063317
0.49063317
0.49063317
0.49361273
0.49361273
0.49361273
0.49278655
0.49210932
0.49036268
0.49036268
0.4690325
0.4690325
0.4690325
0.45859025
0.45859025
0.45859025
0.46993842
0.48316406
0.48316406
0.48886876
0.49456721
0.49456721
0.49456721
0.49891543
0.50656501
0.51940302
0.51940302
0.51940302
0.51940302
0.51991708
0.51991708
0.51991708
0.51497066
0.51497066
0.51187498
0.51187498
0.51187498
0.52241237
0.52512873
0.53241386
0.53241386
0.53241386
0.53104332
0.53104332
0.53104332
0.53976958
0.54926328
0.54926328
0.54926328
0.54926328
0.54926328
0.54926328
0.54926328
0.54926328
0.54926328
0.53696858
0.53696858
0.53696858
0.54230973
0.54230973
0.54230973
0.54230973
0.54230973
0.55484238
0.55484238
0.5716351
0.5716351
0.5716351
0.5716351
0.54214451
0.53075034
0.50882417
0.50771887
0.50771887
0.50771887
0.51054153
0.51686354
0.51877031
0.51877031
0.51877031
0.47920918
0.47571236
0.47571236
0.47571236
0.47797609
0.47934427
0.47934427
0.47934427
0.48140555
0.48830256
0.52850674
0.55278294
0.55278294
0.55278294
0.55278294
0.5713614
0.57564141
0.57564141
0.57564141
0.57564141
0.57564141
0.57564141
0.57063069
0.57063069
0.55411963
0.54243821
0.51907803
0.51907803
0.51907803
0.52167777
0.52167777
0.52620339
0.52620339
0.53772064
0.54151502
0.54259578
0.54259578
0.54259578
0.54259578
0.54259578
0.54259578
0.54042886
0.53870167
0.53494166
0.53494166
0.53442522
0.51977844
0.51977844
0.51977844
0.51977844
0.51977844
0.51977844
0.52223346
0.52223346
0.53128351
0.53272106
0.53272106
0.53272106
0.52448518
0.52448518
0.52448518
0.52448518
0.52448518
0.50762561
0.50762561
0.50762561
0.51418225
0.51418225
0.51418225
0.51418225
0.50883349
0.50002936
0.49518282
0.49518282
0.49518282
0.49518282
0.50245221
0.5151037
0.52020906
0.52020906
0.52020906
0.51604515
0.5095317
0.50517533
0.5028295
0.49777798
0.49187353
0.49187353
0.49187353
0.49187353
0.49665238
0.50723293
0.50723293
0.51725049
0.51725049
0.51725049
0.51725049
0.52854533
0.53041908
0.53737635
0.53737635
0.53737635
0.53737635
0.53737635
0.53737635
0.54463356
0.55339417
0.55339417
0.55339417
0.5457969
0.54088959
0.54088959
0.54088959
0.54088959
0.55075636
0.55075636
0.55075636
0.55871448
0.55871448
0.55871448
0.55060874
0.55060874
0.55060874
0.5512628
0.5512628
0.5512628
0.55224063
0.55224063
0.55224063
0.55224063
0.54125453
0.54125453
0.52698825
0.52698825
0.52372011
0.52372011
0.52372011
0.52372011
0.52372011
0.52372011
0.5282728
0.5282728
0.5282728
0.55012669
0.55216972
0.5613076
0.56409167
0.56409167
0.56409167
0.56409167
0.55180764
0.54959841
0.52816582
0.50392041
0.50008727
0.50008727
0.50008727
0.50071369
0.50409832
0.50409832
0.50409832
0.50409832
0.50409832
0.50692081
0.50692081
0.50692081
0.50598425
0.50598425
0.50467738
0.50467738
0.50467738
0.50477808
0.50477808
0.50477808
0.47980738
0.4754708
0.47367527
0.47367527
0.46764538
0.46739403
0.46727539
0.46727539
0.46727539
0.46767483
0.47049428
0.48035409
0.48163745
0.48163745
0.49248815
0.49248815
0.49248815
0.50419209
0.50419209
0.50419209
0.50272051
0.50272051
0.50272051
0.49480047
0.48894407
0.48894407
0.48213441
0.48213441
0.48213441
0.48213441
0.48213441
0.48213441
0.48213441
0.48213441
0.48213441
0.48213441
0.49380993
0.49421056
0.50907535
0.51478482
0.51478482
0.51998986
0.52573772
0.52573772
0.52573772
0.52573772
0.52750603
0.53480793
0.54392111
0.54392111
0.54885856
0.54885856
0.54885856
0.54885856
0.54885856
0.54050809
0.53189642
0.53189642
0.52602397
0.52602397
0.52602397
0.53019431
0.53795456
0.53881441
0.53881441
0.54222746
0.54222746
0.54222746
0.54222746
0.54222746
0.55880706
0.55880706
0.55880706
0.55283644
0.55283644
0.55283644
0.55283644
0.55283644
0.55283644
0.55283644
0.55938052
0.55938052
0.55938052
0.56002779
0.56521881
0.56521881
0.56521881
0.56521881
0.55937936
0.54815392
0.54815392
0.54815392
0.54815392
0.54815392
0.54815392
0.54815392
0.54815392
0.54429298
0.54429298
0.54429298
0.54232816
0.54232816
0.54232816
0.54268245
0.55131085
0.55131085
0.55131085
0.55810952
0.55810952
0.55810952
0.55096048
0.55096048
0.54957827
0.54957827
0.54957827
0.55168306
0.55578993
0.55578993
0.55594549
0.55594549
0.55594549
0.5536142
0.5536142
0.5536142
0.5536142
0.55619752
0.56231203
0.56548217
0.56548217
0.56548217
0.55667231
0.55585814
0.55532207
0.55478078
0.55478078
0.55295932
0.55295932
0.55295932
0.547356
0.547356
0.547356
0.5208157
0.5208157
0.5208157
0.5208157
0.50230005
0.50230005
0.50230005
0.50426385
0.50426385
0.50426385
0.50426385
0.51701283
0.51772121
0.5205232
0.5257037
0.5257037
0.5257037
0.5257037
0.55044847
0.55273759
0.55273759
0.56019097
0.56019097
0.56019097
0.56019097
0.56019097
0.56622
0.56864605
0.56864605
0.56864605
0.54128043
0.54128043
0.54128043
0.54128043
0.53692849
0.5337964
0.5216759
0.5216759
0.5216759
0.52459877
0.54743131
0.54743131
0.54743131
0.54743131
0.54743131
0.54743131
0.54743131
0.54191279
0.54191279
0.54191279
0.54191279
0.52961068
0.50484595
0.50484595
0.50484595
0.50637713
0.51357374
0.51606616
0.51925967
0.51925967
0.51925967
0.51925967
0.55134235
0.55134235
0.55134235
0.55107441
0.55107441
0.55107441
0.54160797
0.54109067
0.54081107
0.5348352
0.5348352
0.49012962
0.49012962
0.49012962
0.48771538
0.48597942
0.48597942
0.48446113
0.48446113
0.48446113
0.48446113
0.48446113
0.51608019
0.52238073
0.52238073
0.52238073
0.52238073
0.52238073
0.52238073
0.52238073
0.52238073
0.52238073
0.52238073
0.5029348
0.5029348
0.5029348
0.50444412
0.51236044
0.51236044
0.51236044
0.51434201
0.51434201
0.51434201
0.51434201
0.51434201
0.52734422
0.52734422
0.53407925
0.53501055
0.53501055
0.53611617
0.54330806
0.5448993
0.5448993
0.5448993
0.52915367
0.52915367
0.52915367
0.5265624
0.5265624
0.52410229
0.52410229
0.52410229
0.52410229
0.49993307
0.49993307
0.49993307
0.5298693
0.5298693
0.53053332
0.53053332
0.53372853
0.53486277
0.54201826
0.54201826
0.55662678
0.56397081
0.57181571
0.57181571
0.57181571
0.58720759
0.59177163
0.59177163
0.59177163
0.59177163
0.59177163
0.59177163
0.60935801
0.60958769
0.62405744
0.62405744
0.62405744
0.6236016
0.62224072
0.62145126
0.62145126
0.61033856
0.60667976
0.60036246
0.60036246
0.58047103
0.58047103
0.5760534
0.56407982
0.56407982
0.55911157
0.55911157
0.55911157
0.55464283
0.55464283
0.55464283
0.55792672
0.55792672
0.55792672
0.55769043
0.55629348
0.54530622
0.53239846
0.52970598
0.52970598
0.52970598
0.52970598
0.49580235
0.49580235
0.49580235
0.50034336
0.50430159
0.50885294
0.50977002
0.51022228
0.52574704
0.52574704
0.52574704
0.53968291
0.55221203
0.55221203
0.55221203
0.54560005
0.53219567
0.52568865
0.52013372
0.52013372
0.52013372
0.52013372
0.4929196
0.4929196
0.4929196
0.4929196
0.4929196
0.49531231
0.49773331
0.49773331
0.50573917
0.50573917
0.50573917
0.50573917
0.56196064
0.56196064
0.56196064
0.56663606
0.57245943
0.57333891
0.57333891
0.57442408
0.57442408
0.57442408
0.55388333
0.55388333
0.49063113
0.48720405
0.48720405
0.48720405
0.48720405
0.48720405
0.48720405
0.48720405
0.49671145
0.50838477
0.54895605
0.55668111
0.57717225
0.57717225
0.57717225
0.57717225
0.58626089
0.59088417
0.59088417
0.59088417
0.59088417
0.59088417
0.55455124
0.55455124
0.55455124
0.54083526
0.54083526
0.53722519
0.51980368
0.50285591
0.50285591
0.50285591
0.51246827
0.52467425
0.52467425
0.52467425
0.51569952
0.50982826
0.50982826
0.48963485
0.48963485
0.46182405
0.46182405
0.44306567
0.42107774
0.41842098
0.39974639
0.38686451
0.38686451
0.38686451
0.38686451
0.38735048
0.39037474
0.39037474
0.39037474
0.388383
0.388383
0.388383
0.388383
0.388383
0.40860617
0.41286199
0.42395557
0.42395557
0.42395557
0.38530087
0.3711314
0.35864462
0.3346272
0.32666738
0.32180271
0.32180271
0.32180271
0.32180271
0.34511362
0.36060452
0.42429663
0.42429663
0.42429663
0.42429663
0.42429663
0.39857762
0.37014562
0.32981536
0.32981536
0.32981536
0.32981536
0.32981536
0.32981536
0.33793564
0.36285303
0.40102568
0.44365776
0.45010742
0.45010742
0.45010742
0.44404573
0.44404573
0.44404573
0.48494537
0.48494537
0.48494537
0.47418915
0.47418915
0.47418915
0.48052692
0.49657639
0.49657639
0.49657639
0.47214309
0.43888264
0.41829691
0.39263322
0.37591734
0.37591734
0.37591734
0.38844578
0.39230772
0.41872361
0.41872361
0.41872361
0.41872361
0.45921841
0.45921841
0.45921841
0.46026359
0.46026359
0.46026359
0.46026359
0.45365198
0.44360446
0.42253256
0.40989294
0.39796556
0.39796556
0.39796556
0.4096492
0.4096492
0.4096492
0.40498715
0.40498715
0.39783945
0.39783945
0.39783945
0.42412602
0.42412602
0.43122718
0.44428555
0.44428555
0.44428555
0.45329008
0.47613466
0.48789821
0.48789821
0.48789821
0.48789821
0.48591561
0.47518594
0.47518594
0.47518594
0.47518594
0.47518594
0.44852072
0.44852072
0.44852072
0.46233269
0.46835578
0.47684813
0.48354098
0.5100632
0.53278473
0.53467997
0.53467997
0.53467997
0.51778874
0.51778874
0.51778874
0.4887596
0.48003553
0.48003553
0.48003553
0.4767706
0.4767706
0.45521497
0.45521497
0.45521497
0.46514637
0.46514637
0.46514637
0.46514637
0.45983944
0.43375649
0.42557544
0.41428026
0.40799039
0.40178331
0.39686821
0.39264236
0.38452342
0.35964175
0.35548308
0.34707505
0.34707505
0.34707505
0.37155066
0.37155066
0.37155066
0.37155066
0.37155066
0.38828821
0.45225063
0.45225063
0.45225063
0.4540809
0.45940425
0.45940425
0.45940425
0.4552925
0.4552925
0.4552925
0.4552925
0.4552925
0.4552925
0.44965496
0.44484243
0.41192156
0.41192156
0.40648091
0.39418842
0.3680909
0.3680909
0.3680909
0.38836167
0.41067714
0.41067714
0.41067714
0.43205759
0.43205759
0.43375666
0.43375666
0.43375666
0.43375666
0.43375666
0.41937648
0.38768072
0.38768072
0.38768072
0.38768072
0.40633838
0.43284432
0.46615941
0.47936727
0.47936727
0.50155461
0.50723918
0.5097607
0.51743633
0.52705581
0.52874843
0.53336987
0.55667739
0.57456217
0.57456217
0.57456217
0.57054911
0.54803136
0.49514914
0.49514914
0.47193675
0.47193675
0.47193675
0.47607542
0.47607542
0.47607542
0.46517398
0.46517398
0.46517398
0.4801498
0.4904888
0.4904888
0.4904888
0.45393582
0.42710305
0.38130234
0.38130234
0.38130234
0.38130234
0.38130234
0.38130234
0.38130234
0.38130234
0.38130234
0.38393269
0.38393269
0.38393269
0.38393269
0.38393269
0.37584814
0.37584814
0.37584814
0.41827777
0.47376733
0.47376733
0.47958412
0.47958412
0.48225036
0.48225036
0.50171389
0.50171389
0.50171389
0.49341131
0.49276929
0.49276929
0.49276929
0.49276929
0.49276929
0.50576828
0.50576828
0.50576828
0.50576828
0.50576828
0.50576828
0.50576828
0.50576828
0.50576828
0.50372137
0.48740462
0.48740462
0.48740462
0.48740462
0.48740462
0.50048589
0.50048589
0.50048589
0.46022063
0.46022063
0.45153754
0.44546957
0.44546957
0.43923116
0.43478494
0.43478494
0.43478494
0.44893084
0.46275434
0.46275434
0.46275434
0.46275434
0.46275434
0.46275434
0.45083847
0.43855342
0.43855342
0.43412024
0.43412024
0.43412024
0.43412024
0.43412024
0.43412024
0.43412024
0.43412024
0.4287466
0.41103799
0.41103799
0.41103799
0.41103799
0.42146332
0.42146332
0.42146332
0.42146332
0.42146332
0.41411657
0.41331561
0.40761972
0.40761972
0.40761972
0.40761972
0.40562798
0.40562798
0.40562798
0.44395009
0.44395009
0.44395009
0.44395009
0.44395009
0.41410675
0.35827916
0.35827916
0.35827916
0.35827916
0.32162804
0.23557528
0.23557528
0.23557528
0.29154065
0.39968798
0.39968798
0.39968798
0.39968798
0.39968798
0.39968798
0.39968798
0.4063741
0.4063741
0.4063741
0.42733611
0.44303639
0.44303639
0.44303639
0.47208112
0.47208112
0.47208112
0.47208112
0.47208112
0.47208112
0.49356755
0.55095185
0.55095185
0.55095185
0.55095185
0.52630798
0.52630798
0.52630798
0.52630798
0.52630798
0.52630798
0.52630798
0.52630798
0.6319421
0.6319421
0.74196473
0.74196473
0.74196473
0.74196473
0.72427391
0.7039786
0.7039786
0.7039786
0.57017164
0.57017164
0.57017164
0.57017164
0.51638995
0.51638995
0.48556016
0.48556016
0.48556016
0.48556016
0.48556016
0.48130653
0.46586609
0.46586609
0.46586609
0.51834071
0.51834071
0.51834071
0.51834071
0.48886657
0.48886657
0.45200266
0.45200266
0.45200266
0.45200266
0.42546659
0.41232442
0.41232442
0.41232442
0.45746785
0.47679005
0.61981094
0.61981094
0.61981094
0.61750606
0.61107418
0.48057412
0.4643923
0.43763078
0.35332988
0.35332988
0.35332988
0.36533597
0.36533597
0.36543584
0.36543584
0.36543584
0.63721436
0.7452444
0.76936913
0.76936913
0.76936913
0.74778708
0.71939502
0.71939502
0.71939502
0.72931222
0.8081826
0.8081826
0.8081826
0.79465228
0.79465228
0.70443867
0.67074356
0.67074356
0.63893643
0.53818154
0.53818154
0.53818154
0.53818154
0.53818154
0.50425047
0.46760273
0.46760273
0.46760273
0.46760273
0.44739054
0.44739054
0.44739054
0.44739054
0.43160055
0.4235187
0.38819375
0.36158473
0.36158473
0.36158473
0.41135824
0.41135824
0.41135824
0.41135824
0.49714934
0.49714934
0.49714934
0.45953746
0.45953746
0.45953746
0.41373218
0.41373218
0.41373218
0.41665994
0.48249714
0.48249714
0.48249714
0.48249714
0.48249714
0.54336593
0.54336593
0.54336593
0.54336593
0.6058832
0.67849876
0.67849876
0.67849876
0.67849876
0.61800015
0.61800015
0.61800015
0.61800015
0.61800015
0.72567304
0.82452388
0.82452388
0.83752711
0.87360036
0.87360036
0.87360036
0.87360036
0.82688073
0.822088
0.822088
0.822088
0.84811271
0.84811271
0.84811271
0.82841291
0.8061951
0.73895317
0.69461152
0.6211823
0.54816119
0.51687777
0.51676793
0.51676793
0.51476401
0.48475022
0.47596558
0.452719
0.44614053
0.44120632
0.44033459
0.44033459
0.44033459
0.49002688
0.53662244
0.56176716
0.56176716
0.56176716
0.56176716
0.56176716
0.5432505
0.52146652
0.49656994
0.49224339
0.49224339
0.49224339
0.49161474
0.49161474
0.49161474
0.49604997
0.52370234
0.52761641
0.54532771
0.56216121
0.58556472
0.61356592
0.61356592
0.61356592
0.60519665
0.60449267
0.60274163
0.6015876
0.57570845
0.53710552
0.52339715
0.51322893
0.51322893
0.51322893
0.51322893
0.50518414
0.49751545
0.4684301
0.46264024
0.46264024
0.46264024
0.48622756
0.48622756
0.48622756
0.48622756
0.51114462
0.54210711
0.62944698
0.71110665
0.71110665
0.71110665
0.71110665
0.71304966
0.71304966
0.71304966
0.70171555
0.69801747
0.69801747
0.69801747
0.699356
0.699356
0.70776607
0.71720171
0.71720171
0.72777243
0.72777243
0.80934461
0.83553875
0.84247131
0.84247131
0.84247131
0.84247131
0.84910851
0.84910851
0.84910851
0.84910851
0.84910851
0.84910851
0.85520845
0.85520845
0.85520845
0.84876507
0.84876507
0.84876507
0.84876507
0.86765275
0.86765275
0.86765275
0.86765275
0.86765275
0.85868565
0.8546961
0.82589374
0.80817973
0.77978599
0.77166435
0.77166435
0.73762935
0.72444571
0.68370666
0.66748522
0.63047441
0.6082683
0.58732234
0.54888715
0.54888715
0.54888715
0.55370831
0.55370831
0.55370831
0.55370831
0.55370831
0.56593869
0.62141996
0.62141996
0.62141996
0.62141996
0.62141996
0.70445594
0.70445594
0.7097021
0.7097021
0.7097021
0.7097021
0.7097021
0.7097021
0.7193742
0.7193742
0.7193742
0.69555569
0.64389097
0.64389097
0.64389097
0.64389097
0.64389097
0.64147235
0.61906294
0.60121843
0.60121843
0.60121843
0.60121843
0.60121843
0.60121843
0.6144197
0.6144197
0.6144197
0.6144197
0.59844453
0.53178251
0.51896447
0.51896447
0.51896447
0.50523983
0.50523983
0.50523983
0.51071351
0.51071351
0.51336368
0.51546171
0.51546171
0.52067893
0.52067893
0.52067893
0.46254309
0.46254309
0.46254309
0.47407539
0.55568295
0.55568295
0.55568295
0.55568295
0.55568295
0.55568295
0.55568295
0.55568295
0.55568295
0.64500811
0.64500811
0.64500811
0.62408774
0.6097986
0.6097986
0.6097986
0.6316784
0.6316784
0.6316784
0.62848878
0.5806156
0.5806156
0.5806156
0.58199409
0.58199409
0.58199409
0.56766857
0.56766857
0.55035081
0.55035081
0.55035081
0.56717516
0.63660684
0.69833601
0.69833601
0.69833601
0.68294515
0.61450026
0.54190569
0.54190569
0.54190569
0.54190569
0.54190569
0.61365952
0.62194248
0.62194248
0.67140506
0.67140506
0.67140506
0.67140506
0.67140506
0.67140506
0.69675408
0.69675408
0.69675408
0.66169655
0.66169655
0.66169655
0.66169655
0.66169655
0.66169655
0.58441642
0.43540004
0.43540004
0.43540004
0.50535984
0.61132604
0.68434953
0.68434953
0.68434953
0.65303683
0.62643408
0.59257529
0.58780593
0.58780593
0.55185691
0.49848586
0.40687479
0.2855844
0.24670268
0.24670268
0.24670268
0.24670268
0.23069926
0.23069926
0.23069926
0.31279296
0.31279296
0.31279296
0.31279296
0.31589878
0.36961007
0.36961007
0.36961007
0.36961007
0.36961007
0.36961007
0.36961007
0.36961007
0.36961007
0.36961007
0.33522521
0.26201908
0.23484031
0.22983315
0.22810395
0.22810395
0.22810395
0.26098097
0.26098097
0.26098097
0.24656831
0.21883197
0.20415981
0.17397052
0.17397052
0.17397052
0.2083877
0.34888721
0.4676117
0.52463464
0.55655332
0.55655332
0.55655332
0.55655332
0.55655332
0.55703892
0.63298984
0.63298984
0.63298984
0.62376545
0.62376545
0.62376545
0.62932527
0.62932527
0.62932527
0.62932527
0.64248235
0.67157837
0.67157837
0.69281038
0.69281038
0.69281038
0.63752293
0.63752293
0.63752293
0.63997607
0.65896752
0.69701389
0.69701389
0.69953576
0.70856871
0.70856871
0.70879976
0.71179539
0.71179539
0.72756644
0.77286257
0.77286257
0.77286257
0.76373278
0.76373278
0.76373278
0.76373278
0.71138933
0.69940186
0.69940186
0.69940186
0.72320669
0.72320669
0.72320669
0.73835296
0.73835296
0.73835296
0.73835296
0.73835296
0.73835296
0.62531302
0.52266085
0.52043349
0.52043349
0.38030435
0.38030435
0.38030435
0.40482313
0.40482313
0.43467254
0.43467254
0.4530736
0.46041121
0.46041121
0.55697665
0.55697665
0.55697665
0.45173388
0.45173388
0.45173388
0.46804656
0.46804656
0.46804656
0.46804656
0.50852355
0.50852355
0.50852355
0.50852355
0.50852355
0.50852355
0.50852355
0.50852355
0.50852355
0.53947421
0.53947421
0.53947421
0.53947421
0.6246595
0.6246595
0.6246595
0.60182287
0.60182287
0.52071923
0.52071923
0.52071923
0.53975671
0.53975671
0.63312779
0.75382134
0.75382134
0.81995714
0.82273476
0.82273476
0.82273476
0.54557281
0.54557281
0.54557281
0.54557281
0.54557281
0.54175217
0.54175217
0.54175217
0.61428833
0.61428833
0.61428833
0.61428833
0.65272199
0.65272199
0.66998222
0.67243199
0.67243199
0.67243199
0.62635233
0.59315367
0.51608019
0.50443719
0.45082154
0.45082154
0.40807976
0.36491824
0.36491824
0.36491824
0.40646228
0.48881054
0.50961837
0.50961837
0.55061587
0.55061587
0.55061587
0.51653907
0.48923083
0.48923083
0.48923083
0.47295842
0.43605745
0.43605745
0.43605745
0.46466463
0.46466463
0.46466463
0.46466463
0.46466463
0.46223943
0.46223943
0.46223943
0.46223943
0.46223943
0.48990111
0.48990111
0.48990111
0.48990111
0.52664873
0.52664873
0.52664873
0.49644079
0.45469296
0.45469296
0.45469296
0.60616771
0.69084082
0.69084082
0.69084082
0.56339041
0.52140052
0.52140052
0.52129727
0.52129727
0.52129727
0.46362757
0.46362757
0.43182688
0.36282799
0.36282799
0.36282799
0.3696302
0.40553015
0.40553015
0.40553015
0.40553015
0.40553015
0.51407118
0.59142092
0.68362221
0.68362221
0.68362221
0.60356815
0.56231981
0.45094459
0.45094459
0.38110142
0.38110142
0.38110142
0.45161623
0.56839996
0.58435142
0.58926822
0.6121216
0.6121216
0.6121216
0.54705064
0.53235851
0.53235851
0.53235851
0.59264688
0.6594692
0.6594692
0.6594692
0.55285473
0.45841813
0.33309807
0.33309807
0.33309807
0.43150593
0.44209815
0.44209815
0.44209815
0.48553443
0.48553443
0.48553443
0.44427862
0.42892721
0.40206632
0.40206632
0.40206632
0.49111134
0.59008253
0.61130573
0.67645928
0.67645928
0.67645928
0.48054621
0.40973314
0.40973314
0.40973314
0.5027833
0.63707384
0.63707384
0.63707384
0.60471119
0.57845342
0.45377673
0.45377673
0.45377673
0.6447295
0.6447295
0.6447295
0.60332103
0.58352541
0.51186263
0.4282955
0.4282955
0.4282955
0.42441834
0.42441834
0.42441834
0.48451648
0.50933619
0.51353904
0.51353904
0.51353904
0.50003868
0.43817224
0.30348376
0.30348376
0.30348376
0.36036672
0.5368931
0.61426973
0.67596536
0.71178692
0.71178692
0.71178692
0.67198833
0.65195388
0.65195388
0.65195388
0.69526066
0.69526066
0.69526066
0.68746841
0.58341421
0.51420559
0.51420559
0.51420559
0.51420559
0.52339325
0.52339325
0.52339325
0.45844028
0.45844028
0.45844028
0.45844028
0.45844028
0.45844028
0.45844028
0.43187002
0.43187002
0.43187002
0.47350025
0.47350025
0.47350025
0.47350025
0.53125812
0.53125812
0.53125812
0.53125812
0.53125812
0.43095161
0.43095161
0.43095161
0.43095161
0.57631154
0.59502827
0.59502827
0.59502827
0.53614732
0.53614732
0.53614732
0.53614732
0.49214368
0.43174189
0.42799457
0.42799457
0.42799457
0.53548162
0.53548162
0.53548162
0.53548162
0.53548162
0.53548162
0.49886213
0.49886213
0.48250341
0.44441388
0.3874087
0.31324472
0.31324472
0.31324472
0.49975839
