0.59153965
0.59823411
0.60669449
0.61241992
0.61241992
0.61241992
0.61241992
0.62615343
0.65279166
0.65279166
0.68104528
0.68104528
0.68344403
0.68357274
0.68357274
0.68406412
0.69312612
0.71195324
0.72208005
0.7325066
0.7325066
0.7325066
0.72781568
0.71214106
0.71214106
0.71214106
0.71443201
0.72612694
0.72612694
0.73324974
0.73324974
0.73538684
0.73538684
0.73538684
0.73676705
0.73676705
0.73676705
0.73123449
0.73123449
0.73045477
0.73045477
0.73045477
0.71144276
0.71144276
0.71144276
0.69560539
0.69560539
0.69560539
0.69195997
0.69195997
0.69195997
0.70073112
0.71515989
0.72114011
0.72114011
0.72114011
0.71381151
0.70625045
0.7019802
0.69929938
0.69929938
0.69929938
0.70986424
0.71169734
0.71169734
0.7127163
0.7127163
0.7127163
0.7222222
0.72261044
0.72261044
0.73203046
0.73349705
0.73500567
0.73500567
0.73500567
0.73012533
0.73012533
0.73012533
0.73012533
0.71197426
0.71181414
0.70139264
0.68354081
0.67997512
0.67891798
0.67891798
0.67891798
0.67891798
0.68126683
0.68885132
0.71819017
0.72512031
0.73282372
0.74270059
0.75302499
0.75302499
0.75302499
0.75302499
0.75230822
0.75230822
0.74333705
0.74333705
0.74333705
0.74455067
0.74455067
0.74900862
0.74900862
0.74900862
0.74087364
0.74087364
0.734516
0.734516
0.734516
0.73631405
0.74302356
0.74302356
0.74302356
0.74202867
0.74202867
0.74202867
0.75106136
0.76260767
0.76260767
0.76260767
0.7755448
0.7755448
0.7755448
0.76767573
0.76767573
0.76767573
0.76767573
0.76767573
0.76767573
0.78247597
0.78832546
0.79041667
0.79041667
0.80254378
0.80254378
0.80254378
0.80254378
0.80254378
0.80639842
0.80639842
0.80639842
0.80594784
0.80594784
0.80594784
0.80715773
0.80715773
0.80922502
0.8133023
0.81430963
0.81430963
0.81430963
0.81207404
0.81198009
0.7958656
0.7958656
0.79539614
0.79539614
0.79539614
0.80353586
0.80353586
0.8048311
0.8048311
0.8048311
0.79558605
0.79558605
0.79493686
0.79493686
0.79493686
0.79493686
0.79059034
0.77864659
0.76091176
0.71991478
0.71991478
0.71553025
0.71553025
0.71553025
0.71553025
0.71430663
0.70126576
0.70126576
0.70126576
0.689165
0.689165
0.68517086
0.68042579
0.67455278
0.67455278
0.66002338
0.65398194
0.65398194
0.65398194
0.65495846
0.65495846
0.65495846
0.65495846
0.65109645
0.65109645
0.65109645
0.64664516
0.64482801
0.63562721
0.62854057
0.62854057
0.62854057
0.63764682
0.64011771
0.64011771
0.64276679
0.64276679
0.64276679
0.64276679
0.65050383
0.66076894
0.67532724
0.67532724
0.67532724
0.66628302
0.66628302
0.64266789
0.64248998
0.63520664
0.63520664
0.63520664
0.63409788
0.63409788
0.62180379
0.62180379
0.62180379
0.61496759
0.61332895
0.60742724
0.6067143
0.60596964
0.60596964
0.60383315
0.60383315
0.60229797
0.60229797
0.60229797
0.62236347
0.62236347
0.62236347
0.61184812
0.58900987
0.56141646
0.53661165
0.51223711
0.51223711
0.51223711
0.52109734
0.52516383
0.53442393
0.58878812
0.61766093
0.61766093
0.63753214
0.63753214
0.63753214
0.63753214
0.63753214
0.6375362
0.6375362
0.6375362
0.6375362
0.63243733
0.63162407
0.62172579
0.61969133
0.60064055
0.59184677
0.59184677
0.59184677
0.59184677
0.59184677
0.59876914
0.59876914
0.59876914
0.59130648
0.58918434
0.58918434
0.58212326
0.58212326
0.58212326
0.58794799
0.59667831
0.59667831
0.60478754
0.60653751
0.61032142
0.61032142
0.61032142
0.61032142
0.59442576
0.59231816
0.59231816
0.59231816
0.59231816
0.59231816
0.59813773
0.61133097
0.61133097
0.61133097
0.61529894
0.61529894
0.61529894
0.61529894
0.61529894
0.61529894
0.61432506
0.61432506
0.61432506
0.60181951
0.60181951
0.60181951
0.59941308
0.59941308
0.59941308
0.59634352
0.59634352
0.59149914
0.59085691
0.59085691
0.58607922
0.58607922
0.58522019
0.58522019
0.58522019
0.57548122
0.57548122
0.57548122
0.59244333
0.59435331
0.59715384
0.59715384
0.59715384
0.59715384
0.59715384
0.59715384
0.59715384
0.60273288
0.60771062
0.60771062
0.60771062
0.60122345
0.588825
0.58687539
0.58687539
0.58687539
0.59095259
0.59095259
0.59095259
0.58346508
0.58346508
0.57554589
0.57554589
0.56399463
0.55873776
0.55873776
0.55873776
0.56535261
0.56986937
0.56986937
0.58130242
0.58130242
0.5858113
0.58963784
0.59005033
0.59005033
0.59075235
0.59096785
0.5929719
0.5929719
0.59332315
0.60139864
0.60139864
0.60139864
0.62264937
0.63069333
0.65668922
0.66096735
0.68520208
0.70919888
0.71339074
0.73988914
0.74347282
0.74692557
0.76332647
0.77238856
0.77238856
0.77238856
0.7750719
0.77928124
0.78730833
0.78730833
0.78730833
0.78730833
0.78730833
0.78779223
0.79250832
0.79617846
0.81244338
0.8220983
0.8220983
0.82957571
0.83678044
0.83678044
0.83678044
0.80842196
0.77727851
0.77727851
0.77727851
0.77058232
0.76390797
0.73819788
0.70968461
0.66592164
0.61768991
0.6124183
0.60427585
0.60427585
0.60427585
0.55755919
0.5114389
0.50480849
0.46100573
0.46100573
0.43656643
0.43656643
0.42242769
0.38570237
0.36616019
0.31381266
0.31381266
0.31381266
0.33358913
0.33445331
0.33445331
0.37332906
0.40273144
0.43705801
0.49967113
0.53585111
0.57063756
0.59809177
0.59809177
0.59809177
0.62064522
0.636276
0.636276
0.636276
0.64461535
0.65881844
0.67722561
0.70478104
0.70478104
0.70478104
0.70478104
0.69926938
0.69926938
0.69116309
0.67080573
0.66668682
0.66668682
0.66642355
0.65513828
0.63798627
0.63730524
0.62938878
0.61391722
0.61391722
0.61391722
0.61391722
0.61391722
0.60845457
0.60339682
0.60339682
0.60129013
0.60129013
0.60129013
0.52561238
0.4805373
0.41325264
0.36536823
0.36010309
0.36010309
0.36010309
0.36010309
0.36010309
0.35764848
0.35576677
0.35576677
0.35576677
0.35778324
0.35778324
0.35778324
0.38056391
0.38056391
0.38056391
0.35858437
0.34717474
0.34717474
0.34717474
0.38361366
0.38580006
0.39833743
0.39833743
0.39833743
0.40257717
0.43219868
0.50314006
0.5607321
0.65759118
0.70542599
0.70881985
0.71920011
0.72637445
0.72637445
0.72637445
0.72637445
0.71901099
0.71294411
0.70665405
0.67982287
0.67604926
0.67604926
0.65349591
0.64431652
0.64293257
0.63520291
0.63520291
0.63520291
0.65115575
0.66793842
0.69395221
0.69395221
0.69395221
0.67123912
0.67123912
0.67123912
0.67580568
0.67580568
0.67580568
0.67494293
0.64805083
0.63185188
0.62233588
0.62233588
0.62233588
0.62233588
0.61287655
0.61287655
0.61287655
0.61287655
0.61287655
0.61287655
0.61211431
0.61211431
0.61211431
0.65007871
0.69281435
0.71052282
0.74218848
0.77984456
0.77984456
0.77984456
0.77778343
0.77778343
0.77778343
0.76022964
0.76022964
0.76022964
0.74252298
0.74252298
0.74252298
0.74252298
0.74252298
0.73108669
0.71023764
0.71023764
0.68415697
0.6759443
0.6759443
0.6672463
0.66282501
0.6617998
0.6617998
0.6617998
0.72185294
0.72185294
0.72185294
0.68849834
0.67551241
0.62705429
0.62435084
0.62235083
0.61955555
0.61955555
0.61955555
0.61292142
0.61292142
0.60558109
0.58140557
0.58140557
0.58140557
0.67273441
0.75467332
0.75467332
0.82364379
0.82364379
0.82364379
0.79920943
0.79475371
0.79475371
0.78659478
0.77942924
0.7619106
0.75843381
0.75843381
0.75843381
0.73418383
0.73418383
0.73418383
0.73418383
0.73418383
0.70615155
0.70615155
0.70615155
0.70615155
0.70615155
0.7180853
0.7180853
0.7180853
0.7240543
0.74957639
0.76742064
0.77517192
0.77517192
0.78025663
0.78025663
0.78461922
0.81982552
0.87231378
0.87231378
0.87231378
0.86713459
0.84923933
0.84923933
0.84923933
0.82633621
0.80294819
0.80294819
0.80294819
0.80294819
0.77145953
0.7418058
0.7418058
0.7418058
0.774717
0.80445893
0.81105317
0.81105317
0.81105317
0.81105317
0.81105317
0.81105317
0.81105317
0.82300995
0.85458763
0.85458763
0.85458763
0.84112566
0.83283186
0.81999344
0.81999344
0.81999344
0.79429465
0.79429465
0.79429465
0.80965195
0.81522159
0.81685679
0.81685679
0.81685679
0.81685679
0.81685679
0.81691326
0.81691326
0.81691326
0.81707774
0.842755
0.842755
0.842755
0.842755
0.842755
0.842755
0.83082318
0.81611648
0.81611648
0.81611648
0.81611648
0.81611648
0.81611648
0.81611648
0.81611648
0.81611648
0.80475149
0.80475149
0.80475149
0.78847841
0.78847841
0.78847841
0.7911181
0.7911181
0.7911181
0.76396465
0.72579607
0.72579607
0.72579607
0.72853214
0.72853214
0.72969324
0.72985731
0.72985731
0.72985731
0.72985731
0.73374083
0.7420325
0.76244997
0.77226076
0.77226076
0.78191619
0.78191619
0.78191619
0.7731017
0.76326595
0.76326595
0.7620487
0.7620487
0.7620487
0.7620487
0.7620487
0.75600413
0.75324745
0.75324745
0.75324745
0.75324745
0.75324745
0.75324745
0.75324745
0.75324745
0.75324745
0.73435829
0.73435829
0.73435829
0.752603
0.79458449
0.79458449
0.79458449
0.79458449
0.79458449
0.79458449
0.79458449
0.79359605
0.79359605
0.78414036
0.7249812
0.69986381
0.68715662
0.68715662
0.68715662
0.72437171
0.79005116
0.79005116
0.79005116
0.79005116
0.77195093
0.77195093
0.77195093
0.73114508
0.70586293
0.70586293
0.70586293
0.71633826
0.72544349
0.73383095
0.75387583
0.75387583
0.75387583
0.75844876
0.77412377
0.77412377
0.81210758
0.81210758
0.81210758
0.81209889
0.81209889
0.81209889
0.81209889
0.79111385
0.79111385
0.7896305
0.7896305
0.7891967
0.7891967
0.7891967
0.79509042
0.80046953
0.80046953
0.80046953
0.80046953
0.80046953
0.79964384
0.79964384
0.79964384
0.79964384
0.79964384
0.79964384
0.79866926
0.79717539
0.77509231
0.76670567
0.75592352
0.75039177
0.71829068
0.71829068
0.71829068
0.72398579
0.73814574
0.73814574
0.73814574
0.73814574
0.75797504
0.76350569
0.7673486
0.7673486
0.78363434
0.78723811
0.78723811
0.78723811
0.78723811
0.78723811
0.79166212
0.79715064
0.79715064
0.79715064
0.78776598
0.78776598
0.7789725
0.7789725
0.7789725
0.7789725
0.7789725
0.74807868
0.73185629
0.73185629
0.73185629
0.73185629
0.73185629
0.76076971
0.80367194
0.83997276
0.83997276
0.83997276
0.83189454
0.83189454
0.83189454
0.84354926
0.85656773
0.85656773
0.85656773
0.83657788
0.82183332
0.76754237
0.69167368
0.60802279
0.60802279
0.60802279
0.6310651
0.6419107
0.68508741
0.68508741
0.68508741
0.68508741
0.70504319
0.73883797
0.73899829
0.73899829
0.73899829
0.73899829
0.73899829
0.69230196
0.65320577
0.60833384
0.60833384
0.60833384
0.54808492
0.47118212
0.43988613
0.43988613
0.43988613
0.47780011
0.50781965
0.51885821
0.595317
0.62134877
0.62134877
0.62134877
0.59089319
0.57725059
0.57725059
0.57725059
0.59290744
0.59290744
0.59290744
0.59290744
0.59042959
0.59042959
0.59042959
0.59042959
0.57155862
0.57155862
0.57155862
0.57511612
0.58076791
0.61671492
0.61897324
0.61897324
0.61897324
0.61897324
0.67149553
0.67149553
0.67149553
0.67149553
0.67149553
0.67149553
0.67149553
0.67149553
0.65472165
0.64883864
0.64883864
0.64883864
0.64883864
0.64883864
0.64883864
0.63922624
0.63922624
0.63922624
0.66035382
0.66638727
0.71004104
0.71004104
0.71004104
0.69530625
0.69530625
0.68378035
0.6579077
0.6579077
0.6579077
0.6579077
0.6579077
0.68795633
0.68795633
0.68795633
0.68795633
0.68795633
0.68795633
0.68795633
0.68795633
0.68795633
0.65628442
0.53187132
0.53187132
0.53187132
0.55218725
0.59329124
0.62158253
0.68805605
0.68805605
0.68805605
0.68805605
0.68805605
0.68805605
0.67805109
0.67805109
0.67805109
0.65976707
0.65945582
0.65945582
0.65945582
0.65945582
0.61818847
0.61401541
0.61401541
0.61401541
0.62632872
0.65463851
0.69979563
0.69979563
0.70006405
0.70006405
0.70006405
0.70006405
0.70006405
0.66140309
0.66140309
0.64955683
0.64955683
0.64955683
0.60322155
0.54337551
0.3860011
0.37098253
0.34626248
0.34292278
0.34292278
0.34292278
0.34292278
0.39189058
0.409151
0.45288538
0.45288538
0.45288538
0.45280082
0.45280082
0.45280082
0.45632206
0.49252186
0.51551427
0.51551427
0.51551427
0.51551427
0.51551427
0.51551427
0.50532068
0.49153151
0.47350773
0.47350773
0.47350773
0.49170487
0.49772932
0.49772932
0.49772932
0.49772932
0.51189744
0.56992564
0.60841244
0.68960538
0.75963761
0.78118366
0.78118366
0.78118366
0.78118366
0.78118366
0.78118366
0.78118366
0.78118366
0.78118366
0.79502637
0.79502637
0.79502637
0.76964733
0.76713625
0.76713625
0.76713625
0.78143662
0.80562386
0.80562386
0.80562386
0.76746822
0.75269807
0.75269807
0.72306171
0.72306171
0.72306171
0.73743219
0.73743219
0.73743219
0.73472946
0.72701171
0.72330639
0.72330639
0.72330639
0.72330639
0.72330639
0.72330639
0.74340504
0.74550676
0.74550676
0.74550676
0.73360505
0.73360505
0.73360505
0.74589288
0.75611233
0.75611233
0.75611233
0.73123832
0.71555047
0.71555047
0.71555047
0.726784
0.74916713
0.74916713
0.74916713
0.75253846
0.75253846
0.75253846
0.74925967
0.73979479
0.73979479
0.72432505
0.72432505
0.72432505
0.74720328
0.74720328
0.74720328
0.74720328
0.74720328
0.74720328
0.74720328
0.74720328
0.74720328
0.74720328
0.73919246
0.71928942
0.69337424
0.68264875
0.68211988
0.68211988
0.68211988
0.71752106
0.72029644
0.72029644
0.72029644
0.70532395
0.70532395
0.70532395
0.71764806
0.72028169
0.72028169
0.72028169
0.72028169
0.73043829
0.73043829
0.73043829
0.72548704
0.72548704
0.72548704
0.72917942
0.72917942
0.72917942
0.72390447
0.72390447
0.72390447
0.73241163
0.73241163
0.73241163
0.70486741
0.70486741
0.70486741
0.66935904
0.65252212
0.65252212
0.65252212
0.65252212
0.65252212
0.64260939
0.56567074
0.55470897
0.52307078
0.50526341
0.46962654
0.46962654
0.45968248
0.45968248
0.45968248
0.47262083
0.49178811
0.52949924
0.53374273
0.53374273
0.53374273
0.53374273
0.55041436
0.55041436
0.55041436
0.54067691
0.52789889
0.52789889
0.52471335
0.52471335
0.52471335
0.52386333
0.52386333
0.52386333
0.41629231
0.41629231
0.41629231
0.42266551
0.43132854
0.43132854
0.43132854
0.37345463
0.37345463
0.37345463
0.34816066
0.32380692
0.30812574
0.29454133
0.29454133
0.29454133
0.23575267
0.22964336
0.22015574
0.22015574
0.22015574
0.22015574
0.22015574
0.22015574
0.22015574
0.22015574
0.22398426
0.2438914
0.2438914
0.2598849
0.2598849
0.2598849
0.24915413
0.24395753
0.24395753
0.24395753
0.26474404
0.30308789
0.36656095
0.36656095
0.38717199
0.38717199
0.38717199
0.38717199
0.38717199
0.38717199
0.40663224
0.41841666
0.47540136
0.60319538
0.60319538
0.60319538
0.60319538
0.60877159
0.60877159
0.60877159
0.60877159
0.60877159
0.60877159
0.60877159
0.60877159
0.6301086
0.66901848
0.69267554
0.72014783
0.72014783
0.73982448
0.73982448
0.73982448
0.73982448
0.73982448
0.75658735
0.78461165
0.79846267
0.79846267
0.79846267
0.78969162
0.78969162
0.78969162
0.78969162
0.78649598
0.74065876
0.72508798
0.72508798
0.72508798
0.73072975
0.7790814
0.78513426
0.78513426
0.7885178
0.7885178
0.7885178
0.77213469
0.77213469
0.77213469
0.78085672
0.78476824
0.79665087
0.802437
0.802437
0.802437
0.802437
0.802437
0.802437
0.79960768
0.79960768
0.79960768
0.79960768
0.78490412
0.78490412
0.78490412
0.78774516
0.78774516
0.78774516
0.78774516
0.78774516
0.78774516
0.79877867
0.80170669
0.8156371
0.8156371
0.8156371
0.8156371
0.8213197
0.8213197
0.8213197
0.8213197
0.82081699
0.81914118
0.81774723
0.81644207
0.81644207
0.81644207
0.83137669
0.83137669
0.83137669
0.84305595
0.84305595
0.84305595
0.87261766
0.87902106
0.88429985
0.88429985
0.88429985
0.88429985
0.88905946
0.88905946
0.88905946
0.88905946
0.88905946
0.87773097
0.86981874
0.85984106
0.85984106
0.85984106
0.87139879
0.87139879
0.87139879
0.86626314
0.86626314
0.86626314
0.88147588
0.88147588
0.88147588
0.85288716
0.84809975
0.84809975
0.84719598
0.84719598
0.8067312
0.79424989
0.77739781
0.75400666
0.7470853
0.74549676
0.74549676
0.73224292
0.73224292
0.73224292
0.72010137
0.6999313
0.61653945
0.57650169
0.53720457
0.50014414
0.49985278
0.46458111
0.45521856
0.43622263
0.40991628
0.40991628
0.40991628
0.41517193
0.44754063
0.4555168
0.4555168
0.4555168
0.4555168
0.4555168
0.43070411
0.38823376
0.31081393
0.31081393
0.31081393
0.32076151
0.33440987
0.34446565
0.35209388
0.35209388
0.35209388
0.35209388
0.35445647
0.42151684
0.43884576
0.43884576
0.43884576
0.41735428
0.41735428
0.41735428
0.41949531
0.42938683
0.42938683
0.42938683
0.41671267
0.41671267
0.41671267
0.41671267
0.41671267
0.44041974
0.46553854
0.46553854
0.46553854
0.43281321
0.41224663
0.40282973
0.40282973
0.40282973
0.40282973
0.35447091
0.35447091
0.35447091
0.35447091
0.35447091
0.34551834
0.32158286
0.30353755
0.30353755
0.30353755
0.30353755
0.34745549
0.50518158
0.54042486
0.54042486
0.54042486
0.53791003
0.53791003
0.53791003
0.54834778
0.61554605
0.64774776
0.65336347
0.65336347
0.65336347
0.62666806
0.59454103
0.54344026
0.51825388
0.51825388
0.51825388
0.51825388
0.51825388
0.54530893
0.54530893
0.54530893
0.51471516
0.50465807
0.41325679
0.38173227
0.35279177
0.35279177
0.35279177
0.33584352
0.30813393
0.30813393
0.30813393
0.31503286
0.31503286
0.31503286
0.29098514
0.28653375
0.26525513
0.25269331
0.25269331
0.25269331
0.25269331
0.25269331
0.25269331
0.25269331
0.30912458
0.37771144
0.37771144
0.40699714
0.40699714
0.40699714
0.40699714
0.40699714
0.35739863
0.34374563
0.34374563
0.34374563
0.39128656
0.39131161
0.39131161
0.39131161
0.34259808
0.26087335
0.26087335
0.26087335
0.23782016
0.23782016
0.23418627
0.23418627
0.23418627
0.24253322
0.24493369
0.24493369
0.24493369
0.30051933
0.3096786
0.3096786
0.3096786
0.31912682
0.31912682
0.33139798
0.33139798
0.33139798
0.33952529
0.36205712
0.43332157
0.45842583
0.45842583
0.45842583
0.44369104
0.4141049
0.4141049
0.4141049
0.42252608
0.42377477
0.44471201
0.44471201
0.44471201
0.44471201
0.44471201
0.48036384
0.48036384
0.48036384
0.45585472
0.45585472
0.45585472
0.49504498
0.52076507
0.53719133
0.53719133
0.53719133
0.51203817
0.45796596
0.45796596
0.43478846
0.41184192
0.40946712
0.40946712
0.40946712
0.41666075
0.41666075
0.42862509
0.42862509
0.4395786
0.4395786
0.4395786
0.43334169
0.43334169
0.43334169
0.44556063
0.44556063
0.46406527
0.46406527
0.46636573
0.46729184
0.48668954
0.51690196
0.59911586
0.62432437
0.68859341
0.68859341
0.68859341
0.68859341
0.71667418
0.75076636
0.78496282
0.80922441
0.80922441
0.80922441
0.80922441
0.80922441
0.81387634
0.82014457
0.82014457
0.82014457
0.80096608
0.76829612
0.76463506
0.76386807
0.76386807
0.74441004
0.70754399
0.67857228
0.67166111
0.64590848
0.64404062
0.63646915
0.6245142
0.6245142
0.6245142
0.6245142
0.6245142
0.6245142
0.63864393
0.63864393
0.63864393
0.63864393
0.64001486
0.64001486
0.64001486
0.64001486
0.68330189
0.72181587
0.72525983
0.72525983
0.72525983
0.72525983
0.73884605
0.75309541
0.75815467
0.77432008
0.78453214
0.78453214
0.78453214
0.78453214
0.78453214
0.77024157
0.76419338
0.76419338
0.76419338
0.76419338
0.76419338
0.76419338
0.76706038
0.77720546
0.77903857
0.77903857
0.77903857
0.77903857
0.77166572
0.77166572
0.76738011
0.76738011
0.75729414
0.75729414
0.75729414
0.75490963
0.75490963
0.75490963
0.8075386
0.82805992
0.85135693
0.86597098
0.89442089
0.92499124
0.93518764
0.93518764
0.93518764
0.93518764
0.93518764
0.92417655
0.92417655
0.92417655
0.92417655
0.89686915
0.89686915
0.89686915
0.89686915
0.88909351
0.85329975
0.8445483
0.82687801
0.78759089
0.75031073
0.75031073
0.75031073
0.75031073
0.75031073
0.75031073
0.75031073
0.67774507
0.67774507
0.67774507
0.67774507
0.65121859
0.62754234
0.60904525
0.60904525
0.60904525
0.60904525
0.60904525
0.56461482
0.51176582
0.45401808
0.41815642
0.39231964
0.30732844
0.29654801
0.29654801
0.29654801
0.33305087
0.36632414
0.42623574
0.4332846
0.45143172
0.47804419
0.59181313
0.64762007
0.70684307
0.70684307
0.70684307
0.70684307
0.70684307
0.71771645
0.76123069
0.76123069
0.79097485
0.79097485
0.79097485
0.70622742
0.70622742
0.70622742
0.70622742
0.70622742
0.70622742
0.70622742
0.7203118
0.72982356
0.72982356
0.72982356
0.70231934
0.67984227
0.64318403
0.62294558
0.62294558
0.62294558
0.62294558
0.585889
0.585889
0.54206833
0.53426744
0.45647937
0.41014752
0.37982299
0.34315373
0.31569539
0.31569539
0.31569539
0.36978115
0.44456087
0.45484043
0.46243957
0.4660582
0.51163236
0.55049285
0.55049285
0.55291606
0.61403431
0.61403431
0.61403431
0.60523285
0.59211479
0.59211479
0.59211479
0.59998125
0.59998125
0.59998125
0.59998125
0.59110343
0.56570449
0.56570449
0.54165838
0.53092057
0.47514426
0.47514426
0.47514426
0.47514426
0.47514426
0.45039036
0.45039036
0.45039036
0.45332262
0.45405637
0.46417631
0.46658707
0.47612864
0.47623796
0.47623796
0.47623796
0.46332101
0.43863886
0.43863886
0.43863886
0.43863886
0.44482313
0.45588201
0.4568769
0.47998246
0.50630942
0.50630942
0.50630942
0.55830001
0.64009082
0.64880377
0.64880377
0.64880377
0.64880377
0.64880377
0.64880377
0.64880377
0.64880377
0.6417628
0.6417628
0.6417628
0.64830936
0.64830936
0.64830936
0.64830936
0.64830936
0.64830936
0.61865512
0.56897296
0.56897296
0.56897296
0.60318901
0.60361767
0.60361767
0.60361767
0.60312365
0.60312365
0.60312365
0.63735536
0.63735536
0.63735536
0.62142119
0.59065922
0.57615669
0.56681162
0.56681162
0.56681162
0.56681162
0.59248374
0.65002942
0.68329643
0.68329643
0.68329643
0.65717678
0.60454427
0.58288994
0.58288994
0.58288994
0.60279643
0.60279643
0.60279643
0.58587625
0.58587625
0.45713714
0.45713714
0.45713714
0.47559158
0.55834386
0.56318198
0.57777027
0.59915011
0.59915011
0.62743788
0.62743788
0.62743788
0.62743788
0.62405645
0.62405645
0.62405645
0.62405645
0.62357496
0.62357496
0.59288076
0.58961248
0.58961248
0.58961248
0.59620562
0.59620562
0.59620562
0.62380075
0.62380075
0.62380075
0.63104974
0.67076714
0.69267939
0.69267939
0.71461638
0.71461638
0.71461638
0.68844722
0.65584052
0.65584052
0.65584052
0.65584052
0.66333247
0.6791562
0.6791562
0.68373074
0.68429193
0.68429193
0.68429193
0.65286975
0.64660374
0.64660374
0.64660374
0.64660374
0.65014449
0.6771861
0.6819042
0.6819042
0.69472889
0.69472889
0.69472889
0.68554082
0.68554082
0.68554082
0.68598179
0.68846834
0.68846834
0.68846834
0.68368781
0.63095498
0.63095498
0.63095498
0.63687458
0.63687458
0.63687458
0.61984227
0.61984227
0.61984227
0.62635893
0.62865837
0.63427105
0.63427105
0.63427105
0.63225588
0.62159021
0.60958131
0.59522102
0.59225047
0.59225047
0.59225047
0.61047406
0.61613817
0.61945311
0.61945311
0.61945311
0.61670926
0.61670926
0.61670926
0.61676492
0.63210697
0.63822508
0.65173332
0.65173332
0.65573109
0.66392276
0.66392276
0.66392276
0.66392276
0.66118052
0.66118052
0.66118052
0.67065268
0.68975358
0.69061108
0.69061108
0.70231803
0.7219574
0.7219574
0.7219574
0.7219574
0.7219574
0.7219574
0.71114
0.71114
0.69359588
0.69359588
0.69359588
0.688267
0.688267
0.688267
0.6924741
0.72245546
0.72245546
0.72245546
0.72245546
0.72357109
0.7304576
0.7304576
0.73112679
0.7392748
0.7392748
0.7392748
0.71735477
0.70825894
0.69531939
0.69531939
0.69531939
0.70568996
0.71260981
0.72090027
0.73443183
0.73443183
0.73443183
0.74950688
0.75239187
0.75530958
0.75530958
0.75530958
0.74951759
0.74009362
0.74009362
0.74009362
0.7496073
0.76286459
0.76286459
0.76286459
0.75375682
0.74182257
0.73206571
0.73206571
0.73206571
0.7481199
0.76397
0.78331872
0.78331872
0.78331872
0.78331872
0.78331872
0.78331872
0.78331872
0.78333054
0.78532318
0.78532318
0.78532318
0.76955076
0.76955076
0.76955076
0.77303907
0.78195568
0.79100798
0.81222699
0.81222699
0.82643796
0.83222924
0.83222924
0.83222924
0.83222924
0.83222924
0.83222924
0.83222924
0.82902744
0.82129535
0.8029978
0.8029978
0.8029978
0.79278725
0.78351583
0.77373645
0.77373645
0.77373645
0.78781477
0.81901884
0.81901884
0.81901884
0.81329503
0.81233367
0.81233367
0.80619698
0.79853641
0.79258762
0.77953844
0.75966197
0.74629245
0.73405795
0.72184759
0.71915274
0.71662426
0.71099218
0.71099218
0.71099218
0.68948567
0.67333936
0.62236822
0.59072842
0.59072842
0.59072842
0.69047035
0.72068468
0.72068468
0.72068468
0.66602248
0.66602248
0.55216383
0.55216383
0.55216383
0.61273725
0.68545848
0.71052384
0.71052384
0.71052384
0.71052384
0.71052384
0.71052384
0.64805002
0.64805002
0.64805002
0.69051088
0.69051088
0.69051088
0.67760778
0.67760778
0.67760778
0.7118695
0.7118695
0.7118695
0.7118695
0.7118695
0.70361318
0.62384531
0.62384531
0.62384531
0.6687725
0.71268103
0.71268103
0.71268103
0.70281892
0.70281892
0.70281892
0.70281892
0.70281892
0.77914212
0.77914212
0.77914212
0.75254765
0.75007748
0.75007748
0.75007748
0.75007748
0.75007748
0.75628732
0.76310108
0.76310108
0.76310108
0.79194247
0.79194247
0.79194247
0.7850108
0.71868872
0.71868872
0.71868872
0.71868872
0.71868872
0.71868872
0.70561016
0.68670302
0.65455729
0.61105435
0.61105435
0.61105435
0.61105435
0.63597908
0.63597908
0.6489535
0.6489535
0.6489535
0.69704833
0.69704833
0.69704833
0.69704833
0.69704833
0.65420208
0.65420208
0.65420208
0.65420208
0.65420208
0.65420208
0.65420208
0.64549842
0.64549842
0.64549842
0.65723053
0.65723053
0.74728169
0.74728169
0.74728169
0.74728169
0.64593233
0.58358096
0.58358096
0.58358096
0.58358096
0.64656223
0.6764274
0.6764274
0.76334647
0.76334647
0.76334647
0.68525957
0.68525957
0.68525957
0.74225728
0.74225728
0.74225728
0.74225728
0.73387074
0.73387074
0.73387074
0.73387074
0.77204437
0.77204437
0.77204437
0.72320143
0.64356914
0.64356914
0.64356914
0.76844473
0.76844473
0.76844473
0.74697518
0.73593571
0.73593571
0.73593571
0.75026356
0.75026356
0.75026356
0.71103129
0.70945782
0.69789817
0.69789817
0.69789817
0.69789817
0.69789817
0.69789817
0.69789817
0.69789817
0.71975364
0.71975364
0.71975364
0.71975364
0.69616456
0.69616456
0.69616456
0.7253459
0.7253459
0.7253459
0.7253459
0.71629714
0.71629714
0.71629714
0.73415371
0.73415371
0.73415371
0.73070814
0.73070814
0.71830958
0.71830958
0.71830958
0.7027376
0.7027376
0.7027376
0.7114747
0.72316699
0.72316699
0.72316699
0.72316699
0.72316699
0.72316699
0.71838958
0.71838958
0.71838958
0.71838958
0.71838958
0.71838958
0.73163859
0.73163859
0.73163859
0.72155603
0.72155603
0.6893606
0.6893606
0.67958505
0.67958505
0.67958505
0.67958505
0.68606251
0.71993508
0.71993508
0.71993508
0.68073209
0.68073209
0.68073209
0.68073209
0.71756693
0.71756693
0.71756693
0.71756693
0.71756693
0.7052499
0.69537181
0.6583805
0.6583805
0.63440804
0.63440804
0.63440804
0.67789541
0.736358
0.76113685
0.77296451
0.77296451
0.77296451
0.77296451
0.72275247
0.72275247
0.72275247
0.72275247
0.72275247
0.72275247
0.72275247
0.72275247
0.72275247
0.72275247
0.72077036
0.6787035
0.6787035
0.6787035
0.6787035
0.65750926
0.65540096
0.65540096
0.65540096
0.68569771
0.68569771
0.70872478
0.722193
0.722193
0.722193
0.71969605
0.71969605
0.71969605
0.71969605
0.71969605
0.72054114
0.72054114
0.72054114
0.72054114
0.72054114
0.73250316
0.73250316
0.73250316
0.73101859
0.73101859
0.73101859
0.73101859
0.73101859
0.73101859
0.73101859
0.69459301
0.69459301
0.69459301
0.69459301
0.69459301
0.69459301
0.69459301
0.71840009
0.7394706
0.79612048
0.80148332
0.86316862
0.86316862
0.86316862
0.88525948
0.88572228
0.90878785
0.90878785
0.90878785
0.8866601
0.88171663
0.820375
0.80823103
0.80823103
0.80717895
0.77796012
0.74370943
0.74370943
0.74370943
0.7778386
0.7778386
0.7778386
0.73683575
0.72373869
0.72373869
0.72373869
0.72373869
0.72373869
0.72373869
0.72373869
0.74158253
0.82361731
0.82361731
0.82361731
0.82361731
0.82361731
0.82361731
0.82361731
0.82361731
0.82361731
0.80342079
0.73213846
0.65645969
0.63666031
0.59795083
0.59795083
0.59795083
0.59795083
0.69345446
0.69345446
0.69345446
0.69345446
0.69345446
0.69345446
0.69345446
0.69345446
0.69345446
0.62689486
0.62150141
0.62150141
0.62150141
0.65882076
0.70100521
0.70100521
0.70100521
0.70123565
0.70123565
0.70123565
0.70123565
0.70123565
0.70411791
0.70645644
0.70645644
0.70645644
0.70645644
0.70645644
0.70645644
0.70645644
0.71757511
0.71757511
0.71757511
0.70226064
0.69080758
0.69080758
0.64010235
0.56702923
0.56702923
0.53209802
0.53209802
0.53209802
0.47535458
0.46657394
0.46657394
0.46657394
0.47262427
0.47262427
0.47262427
0.57813194
0.57813194
0.58782777
0.58782777
0.58782777
0.58782777
0.60873037
0.7430762
0.75835469
0.75835469
0.75835469
0.70649766
0.70649766
0.70649766
0.70636078
0.70636078
0.70636078
0.70636078
0.70692449
0.71184838
0.71184838
0.71184838
0.73499152
0.76563471
0.76563471
0.76563471
0.67679169
0.67679169
0.67679169
0.67679169
0.67089797
0.67089797
0.67089797
0.6664096
0.6664096
0.6664096
0.71036855
0.72549734
0.72549734
0.75609486
0.75609486
0.75609486
0.76033076
0.76234218
0.76746316
0.76746316
0.77656445
0.77656445
0.79420241
0.83357672
0.85435364
0.86181195
0.86181195
0.86181195
0.86181195
0.82989212
0.82989212
0.82989212
0.82989212
0.82989212
0.82989212
0.82989212
0.79592026
0.79592026
0.79592026
0.85490777
0.88867385
0.94106148
0.95050848
0.95050848
0.95050848
0.89710059
0.87012364
0.8494345
0.83888502
0.82041754
0.82041754
0.79685342
0.77796689
0.75535646
0.74467169
0.74011989
0.73816928
0.72082441
0.72082441
0.72082441
0.74440701
0.74440701
0.74440701
0.74440701
0.74440701
0.74440701
0.74440701
0.73285008
0.7121754
0.65834727
0.65524536
0.65524536
0.65524536
0.6612968
0.66630039
0.67410311
0.67410311
0.67410311
0.71287399
0.71287399
0.71287399
0.70709037
0.68432992
0.6733537
0.6733537
0.6733537
0.73505679
0.73505679
0.73505679
0.72465661
0.71738479
0.71738479
0.71738479
0.74894214
0.78705062
0.80422798
0.80422798
0.80422798
0.80422798
0.77006396
0.76701814
0.76701814
0.76701814
0.76701814
0.76669689
0.76300045
0.76300045
0.76300045
0.76300045
0.76300045
0.76300045
0.76300045
0.76300045
0.71965806
0.71965806
0.67744281
0.67744281
0.67744281
0.70473124
0.70952187
0.70952187
0.70952187
0.75619983
0.7641957
0.76571683
0.76571683
0.76571683
0.77191254
0.77191254
0.78162947
0.80587976
0.80587976
0.80587976
0.80152747
0.80152747
0.80152747
0.78298543
0.78298543
0.78298543
0.73486675
0.73486675
0.73486675
0.76172531
0.76172531
0.76172531
0.7513315
0.74854258
0.74045964
0.74045964
0.71363925
0.71363925
0.71331973
0.71331973
0.71331973
0.73760616
0.79779478
0.79779478
0.79779478
0.79139804
0.76865839
0.74402553
0.74402553
0.74402553
0.76532547
0.76532547
0.76532547
0.76532547
0.75923039
0.75900368
0.75170752
0.75170752
0.75170752
0.75170752
0.7406542
0.7406542
0.7406542
0.7406542
0.7406542
0.70989434
0.65936409
0.63772198
0.63772198
0.63772198
0.63772198
0.63772198
0.59165441
0.56313803
0.56313803
0.56313803
0.62919542
0.62919542
0.62919542
0.62919542
0.65614106
0.66261326
0.67812999
0.69312046
0.69312046
0.69312046
0.69312046
0.69312046
0.69312046
0.69312046
0.69312046
0.69312046
0.68850219
0.68850219
0.68850219
0.68850219
0.682319
0.682319
0.682319
0.682319
0.682319
0.682319
0.682319
0.68302852
0.6875083
0.70449008
0.71555318
0.71555318
0.71555318
0.69913026
0.68164507
0.68164507
0.68164507
0.68164507
0.68164507
0.68578176
0.68992008
0.71194314
0.71340146
0.71340146
0.71340146
0.73592379
0.73592379
0.73592379
0.72081188
0.72081188
0.71244604
0.70589242
0.70589242
0.69375136
0.67751212
0.67751212
0.67751212
0.6805747
0.70156933
0.70156933
0.70156933
0.70156933
0.70156933
0.66202672
0.63681114
0.61564668
0.5960259
0.59516324
0.58349539
0.58349539
0.58349539
0.58349539
0.58349539
0.59868892
0.59868892
0.59868892
0.59202245
0.59202245
0.59202245
0.59202245
0.58609235
0.55121681
0.54739815
0.51185966
0.51142041
0.48493382
0.45266192
0.41719304
0.41246626
0.41246626
0.41246626
0.43538796
0.43538796
0.43538796
0.43538796
0.47388243
0.48360554
0.4862022
0.4862022
0.4862022
0.46900926
0.46900926
0.46367239
0.46367239
0.46367239
0.46367239
0.46367239
0.46590808
0.46590808
0.46590808
0.46590808
0.46590808
0.44709772
0.44709772
0.44709772
0.45094035
0.45094035
0.45094035
0.45094035
0.45094035
0.45094035
0.45094035
0.45094035
0.4639396
0.4639396
0.46630077
0.46731284
0.46837412
0.46837412
0.46837412
0.46837412
0.46837412
0.46955532
0.481158
0.481158
0.481158
0.481158
0.481158
0.47458578
0.47134831
0.47134831
0.46413629
0.46293581
0.46293581
0.46293581
0.48332833
0.50348425
0.50348425
0.50348425
0.48037394
0.47456305
0.44871848
0.4484345
0.4484345
0.43898193
0.43898193
0.43898193
0.43898193
0.43898193
0.44047408
0.44508571
0.44508571
0.44508571
0.44249915
0.44249915
0.44249915
0.44249915
0.44249915
0.44249915
0.43659693
0.42630343
0.42630343
0.42630343
0.42794238
0.45281436
0.45281436
0.45281436
0.45281436
0.45295417
0.45743255
0.47189143
0.48319194
0.50145474
0.50595957
0.50595957
0.50595957
0.50595957
0.50595957
0.48570183
0.45963419
0.45641047
0.43216705
0.43216705
0.43216705
0.43673655
0.4417356
0.44861241
0.44861241
0.44861241
0.44291537
0.44291537
0.44291537
0.44380692
0.44380692
0.45946336
0.48101111
0.5002002
0.5002002
0.5002002
0.49001238
0.49001238
0.49001238
0.49329349
0.49329349
0.50918512
0.54157573
0.56687243
0.56687243
0.57831823
0.57831823
0.57831823
0.55773933
0.55773933
0.55773933
0.54878038
0.52936256
0.51763308
0.4640179
0.454236
0.43314974
0.41589275
0.41307352
0.40796901
0.40796901
0.40796901
0.42205652
0.42233161
0.42233161
0.42233161
0.43598491
0.43797715
0.43797715
0.44572995
0.46114139
0.47254213
0.47506464
0.47506464
0.47506464
0.47506464
0.48444538
0.49120721
0.50060189
0.50060189
0.50060189
0.49444933
0.48409037
0.48163796
0.48163796
0.48163796
0.48163796
0.48163796
0.48319054
0.48319054
0.48331076
0.48331076
0.48331076
0.48331076
0.49698213
0.50668697
0.53107635
0.53107635
0.53107635
0.51710714
0.50364498
0.50364498
0.50364498
0.52318726
0.55844296
0.64183119
0.64183119
0.64183119
0.64183119
0.64183119
0.64223125
0.65778091
0.66760444
0.67054498
0.68512318
0.69640562
0.70383483
0.71655921
0.71655921
0.71655921
0.71655921
0.71980961
0.71980961
0.71980961
0.71980961
0.72008701
0.72664135
0.72664135
0.72664135
0.69668647
0.69668647
0.69668647
0.70459536
0.70459536
0.70459536
0.70459536
0.65946814
0.64364187
0.64364187
0.64364187
0.65011378
0.65011378
0.65011378
0.65011378
0.60703495
0.55921429
0.54377911
0.54235686
0.50228568
0.47897393
0.47897393
0.47897393
0.40441108
0.40369381
0.40369381
0.40369381
0.4392535
0.49938927
0.59083954
0.59438938
0.59438938
0.75632206
0.75878425
0.80725209
0.87039964
0.89294522
0.89294522
0.89294522
0.87225042
0.79163534
0.73406653
0.73406653
0.73406653
0.73837871
0.7928522
0.87594614
0.91309022
0.91309022
0.91309022
0.88087225
0.85112789
0.80312892
0.80312892
0.79885262
0.76627661
0.72635606
0.71899028
0.71796276
0.71796276
0.71796276
0.72480874
0.72480874
0.72480874
0.72480874
0.72480874
0.72480874
0.72480874
0.72480874
0.70562914
0.70483095
0.70483095
0.70483095
0.71008002
0.71008002
0.71008002
0.71008002
0.71008002
0.70341335
0.70341335
0.70341335
0.73981842
0.76818944
0.76818944
0.77036442
0.81184855
0.81184855
0.81184855
0.80045609
0.7903302
0.77604548
0.77604548
0.77604548
0.77604548
0.77604548
0.77604548
0.77604548
0.77604548
0.77604548
0.77604548
0.76167036
0.75523512
0.72623331
0.71618936
0.71618936
0.71618936
0.68369579
0.64633189
0.62257673
0.58499562
0.52610084
0.5194185
0.5194185
0.51327786
0.46419075
0.46419075
0.45941124
0.45941124
0.45941124
0.45941124
0.44132948
0.44132948
0.44132948
0.47322041
0.5216256
0.58953802
0.60826696
0.60826696
0.60826696
0.60826696
0.6154824
0.6154824
0.6154824
0.6154824
0.63902743
0.65062709
0.6699943
0.6699943
0.71664033
0.72852265
0.72852265
0.72852265
0.68386925
0.68386925
0.68386925
0.6964736
0.6964736
0.6964736
0.68525118
0.67689212
0.67689212
0.66884402
0.66884402
0.66884402
0.71306342
0.74502427
0.74502427
0.74502427
0.73337623
0.71774686
0.71774686
0.71774686
0.72650245
0.72768373
0.72768373
0.7503656
0.7503656
0.76635804
0.76635804
0.76635804
0.76513615
0.76513615
0.76513615
0.74449389
0.70943731
0.66800732
0.66800732
0.66800732
0.66800732
0.69404575
0.75201595
0.75201595
0.75201595
0.77464871
0.77464871
0.77464871
0.72352826
0.72352826
0.71761633
0.71761633
0.71761633
0.71761633
0.71761633
0.70908978
0.69030306
0.66007267
0.66007267
0.66007267
0.67817685
0.68077887
0.68077887
0.68077887
0.68077887
0.68077887
0.66017814
0.63053309
0.63053309
0.63053309
0.64278679
0.77173977
0.77173977
0.77173977
0.72766526
0.72766526
0.72766526
0.72766526
0.69893711
0.65316606
0.65316606
0.65316606
0.65316606
0.65316606
0.65316606
0.65316606
0.65316606
0.65316606
0.65316606
0.65316606
0.65316606
0.65316606
0.65316606
0.72025947
0.82072648
0.82072648
0.82072648
0.82072648
0.82072648
0.76255706
0.76255706
0.76255706
0.76255706
0.76255706
0.76255706
0.76255706
0.76255706
0.76255706
0.76255706
0.76255706
0.80944809
0.80944809
0.80944809
0.80944809
0.80944809
0.80944809
0.80944809
0.70840118
0.70840118
0.70840118
0.70840118
0.70840118
0.70840118
0.70840118
0.70840118
0.70840118
0.70840118
0.70840118
0.70840118
0.82434308
0.82434308
0.82434308
0.82146518
0.82146518
0.82146518
0.77120545
0.77120545
0.749972
0.749972
0.749972
0.91749666
0.91749666
0.91749666
0.92060137
0.92060137
0.92060137
0.87827135
0.87827135
0.70956105
0.70956105
0.64991173
0.64991173
0.64991173
0.64991173
0.64991173
0.67438789
0.67438789
0.67438789
0.66998793
0.41920316
0.16990572
0.16990572
0.16990572
0.43877231
0.71041382
0.71041382
0.71041382
0.54976659
0.36815463
0.29696301
0.29696301
0.29696301
0.31432426
0.53798852
0.66738055
0.7284574
0.78518719
0.78518719
0.78518719
0.78518719
0.78518719
0.76880841
0.747834
0.71442675
0.66839576
0.63015809
0.63015809
0.63015809
0.63015809
0.63015809
0.63015809
0.67476057
0.72145248
0.72908667
0.72908667
0.72908667
0.69519917
0.66786983
0.58170976
0.58170976
0.5579545
0.55038132
0.52048846
0.52048846
0.52048846
0.52048846
0.52048846
0.52048846
0.48459287
0.48459287
0.48459287
0.48459287
0.48459287
0.51962338
0.51962338
0.51962338
0.51962338
0.56430739
0.59287188
0.60196074
0.60196074
0.63665393
0.71394456
0.76215811
0.77551692
0.77551692
0.77551692
0.77551692
0.77551692
0.78156937
0.78156937
0.78156937
0.77227996
0.77227996
0.77227996
0.77227996
0.77227996
0.77227996
0.73613786
0.73613786
0.72321265
0.72321265
0.72321265
0.73111427
0.73111427
0.73111427
0.70019124
0.70019124
0.70019124
0.72277005
0.72277005
0.72277005
0.72277005
0.72277005
0.72916022
0.72916022
0.72916022
0.69876748
0.6911038
0.6911038
0.6911038
0.6911038
0.6911038
0.6911038
0.69628145
0.72020118
0.74336968
0.76262726
0.79617675
0.79755908
0.79755908
0.80354848
0.80354848
0.80354848
0.80354848
0.80354848
0.80610949
0.80610949
0.86967589
0.86967589
0.89591727
0.89653374
0.89653374
0.89653374
0.83245928
0.80800462
0.79427182
0.79427182
0.79427182
0.81873929
0.82878145
0.83982394
0.83982394
0.83982394
0.83982394
0.83982394
0.78352947
0.78352947
0.76581585
0.7391757
0.7391757
0.7391757
0.7391757
0.73811715
0.73811715
0.73811715
0.70438956
0.69868121
0.69868121
0.6861501
0.6861501
0.6861501
0.71356349
0.73420373
0.73852802
0.73852802
0.73852802
0.73852802
0.7773071
0.78214793
0.79470371
0.79470371
0.79470371
0.76619458
0.75969258
0.75969258
0.75969258
0.75882234
0.75882234
0.75882234
0.75882234
0.77025976
0.77025976
0.77025976
0.78748391
0.79268793
0.79268793
0.79268793
0.79268793
0.76178987
0.7590551
0.7590551
0.7590551
0.71496057
0.64902148
0.60956402
0.55199813
0.49466542
0.49466542
0.49466542
0.49613504
0.52133192
0.55860481
0.58619347
0.62208393
0.62208393
0.62208393
0.62208393
0.67066854
0.7054076
0.7054076
0.72221401
0.75396745
0.75396745
0.76011447
0.76011447
0.76011447
0.76011447
0.75573774
0.72252718
0.7088652
0.68995352
0.67934481
0.64458323
0.5916227
0.57198433
0.55330319
0.44924745
0.38813295
0.36393529
0.36393529
0.3143378
0.30073753
0.28573433
0.28573433
0.28573433
0.28573433
0.29673682
0.29673682
0.29673682
0.30020139
0.30020139
0.30020139
0.34455606
0.34455606
0.34455606
0.34455606
0.34455606
0.36626253
0.37779216
0.41513738
0.53361289
0.63928261
0.68675848
0.68675848
0.68675848
0.68675848
0.69456038
0.70302036
0.70302036
0.70302036
0.70302036
0.70302036
0.71175343
0.71175343
0.71175343
0.71175343
0.71175343
0.71175343
0.68981631
0.64971715
0.6192645
0.54319649
0.48023816
0.46986213
0.46986213
0.46986213
0.55891213
0.64971998
0.64971998
0.64971998
0.64971998
0.64971998
0.64971998
0.64971998
0.64971998
0.64971998
0.64971998
0.64971998
0.64971998
0.64971998
0.66260913
0.68267957
0.68267957
0.68267957
0.68267957
0.68267957
0.66188204
0.66188204
0.66188204
0.68630458
0.69339949
0.69339949
0.69435438
0.69435438
0.69435438
0.72783668
0.73738472
0.73738472
0.73738472
0.72184164
0.71393688
0.66389488
0.66389488
0.66389488
0.69183401
0.73360576
0.74982622
0.75680132
0.75680132
0.75680132
0.79333127
0.79333127
0.79333127
0.79248508
0.77136114
0.77136114
0.77136114
0.76081669
0.74969115
0.72972688
0.7051918
0.66888634
0.66888634
0.64718303
0.63854534
0.63854534
0.63854534
0.63854534
0.64321827
0.64321827
0.66735369
0.70701127
0.75119743
0.75307611
0.75307611
0.75307611
0.74872797
0.73743704
0.73743704
0.73743704
0.71132961
0.67768841
0.67768841
0.67768841
0.69983786
0.69983786
0.69983786
0.69983786
0.69983786
0.69983786
0.70657464
0.70768967
0.70768967
0.70768967
0.70768967
0.73635617
0.73635617
0.73635617
0.72206561
0.72200084
0.72200084
0.72200084
0.72057164
0.72057164
0.72057164
0.72057164
0.72057164
0.72057164
0.72172767
0.72172767
0.72172767
0.72172767
0.72172767
0.7290981
0.73124015
0.74054339
0.7476373
0.7476373
0.7476373
0.7476373
0.7476373
0.73630829
0.72522963
0.7120279
0.7120279
0.7120279
0.7120279
0.69317703
0.69317703
0.68932797
0.68932797
0.68932797
0.68932797
0.68932797
0.68932797
0.68932797
0.68956628
0.68956628
0.68956628
0.69521552
0.70965451
0.70965451
0.70965451
0.70965451
0.70965451
0.70965451
0.70965451
0.71924265
0.71946986
0.71946986
0.72027896
0.72642708
0.72642708
0.72642708
0.72642708
0.72642708
0.73591762
0.73591762
0.73591762
0.71104746
0.71104746
0.69496781
0.67442962
0.67442962
0.67442962
0.67442962
0.67163131
0.67163131
0.67163131
0.67163131
0.66426361
0.64607022
0.64607022
0.64607022
0.64607022
0.64607022
0.64607022
0.63668707
0.63668707
0.63668707
0.64586687
0.68653724
0.70286639
0.70944226
0.70944226
0.70944226
0.71334052
0.76182785
0.79032717
0.79032717
0.79032717
0.79751544
0.81943516
0.81943516
0.81943516
0.81943516
0.81924523
0.81924523
0.81924523
0.81321532
0.79818463
0.78367454
0.78367454
0.7665019
0.7665019
0.7665019
0.7665019
0.72562272
0.69837258
0.67477029
0.67477029
0.67477029
0.67477029
0.67477029
0.67477029
0.65953178
0.65953178
0.63604818
0.63227994
0.63227994
0.63227994
0.63227994
0.63939273
0.63939273
0.63939273
0.63939273
0.63939273
0.63622124
0.62814889
0.62814889
0.62814889
0.62814889
0.62814889
0.62814889
0.62814889
0.64438431
0.65991477
0.73646195
0.76012699
0.76496793
0.76496793
0.76496793
0.7713863
0.78304575
0.78304575
0.78304575
0.76450887
0.76101713
0.76101713
0.76101713
0.76069162
0.76069162
0.76069162
0.76069162
0.76069162
0.73394783
0.72043597
0.67910549
0.67910549
0.67910549
0.67910549
0.67605643
0.66118891
0.66118891
0.66118891
0.66118891
0.66118891
0.65135962
0.65135962
0.65135962
0.66138459
0.66138459
0.67062136
0.67062136
0.67236647
0.67236647
0.67236647
0.66735267
0.66132003
0.59236704
0.53376342
0.53376342
0.53376342
0.53682107
0.53682107
0.53682107
0.541001
0.5462906
0.55786308
0.55786308
0.55786308
0.55786308
0.56699741
0.58571361
0.58571361
0.58571361
0.57920574
0.57232701
0.56368861
0.54229928
0.53583071
0.50930958
0.50930958
0.47817653
0.46694047
0.44645774
0.44385704
0.44385704
0.44385704
0.45929939
0.45929939
0.45929939
0.47807016
0.48057408
0.48057408
0.48057408
0.46822431
0.46822431
0.46822431
0.47192486
0.48442041
0.48972143
0.48972143
0.52976322
0.53015843
0.54491928
0.55746039
0.55915842
0.56014101
0.56014101
0.56014101
0.56014101
0.56014101
0.56014101
0.56014101
0.58067021
0.59343792
0.59343792
0.59343792
0.61366931
0.62546616
0.65834645
0.67937715
0.71266265
0.77012205
0.77012205
0.77012205
0.7488687
0.72445547
0.72445547
0.72445547
0.73535198
0.73535198
0.73535198
0.74962044
0.76779493
0.80227869
0.80227869
0.80227869
0.80227869
0.79558312
0.78797489
0.78797489
0.78797489
0.78797489
0.7494893
0.67448235
0.67448235
0.67448235
0.67634174
0.74202614
0.75769511
0.78330296
0.78330296
0.78330296
0.77103178
0.77016964
0.7351373
0.7351373
0.64141456
0.61342563
0.61342563
0.61342563
0.6854403
0.69774775
0.69774775
0.69774775
0.6894306
0.6894306
0.6894306
0.6894306
0.65774626
0.61587419
0.57573531
0.56069674
0.44031881
0.44031881
0.44031881
0.51798041
0.52519929
0.55089121
0.64460667
0.65848122
0.65848122
0.68949133
0.72916174
0.72916174
0.73259973
0.73259973
0.73259973
0.7214048
0.7214048
0.7214048
0.68518814
0.68518814
0.68518814
0.68175368
0.68175368
0.68175368
0.74419889
0.74419889
0.74419889
0.73450933
0.73450933
0.73450933
0.73450933
0.70955368
0.70955368
0.70955368
0.70955368
0.73210624
0.74984259
0.75088497
0.75088497
0.75088497
0.74914491
0.74692001
0.74692001
0.74692001
0.75655846
0.75655846
0.75655846
0.71813278
0.71813278
0.70224529
0.6769881
0.6769881
0.6769881
0.66473713
0.66473713
0.66473713
0.68316348
0.68316348
0.68316348
0.67394703
0.66417209
0.66417209
0.66417209
0.66417209
0.63672355
0.60496353
0.60496353
0.60195388
0.60195388
0.60195388
0.61286221
0.61286221
0.61286221
0.59313868
0.58849797
0.58849797
0.58849797
0.58849797
0.5958601
0.5958601
0.5958601
0.60477441
0.64414002
0.69366973
0.71458426
0.72519265
0.72519265
0.73720601
0.73720601
0.73720601
0.6876676
0.68453288
0.68453288
0.67541149
0.64954459
0.63269899
0.61170293
0.61170293
0.61170293
0.63722009
0.71398729
0.71398729
0.71398729
0.71398729
0.71398729
0.76493782
0.77898401
0.77898401
0.77898401
0.77343055
0.75251329
0.75251329
0.75251329
0.75251329
0.68984733
0.68984733
0.68984733
0.68984733
0.68984733
0.68984733
0.68984733
0.68984733
0.68984733
0.68984733
0.72393801
0.72393801
0.72393801
0.72393801
0.72393801
0.74262805
0.75410193
0.75410193
0.75410193
0.70836016
0.70836016
0.70836016
0.70836016
0.71275469
0.73082109
0.73082109
0.77264841
0.77264841
0.84137205
0.85184891
0.85184891
0.85184891
0.63875122
0.63875122
0.63875122
0.72839626
0.78610147
0.78610147
0.78642303
0.78642303
0.78642303
0.76298935
0.76298935
0.75349203
0.64704098
0.64704098
0.64704098
0.65492775
0.65492775
0.65708656
0.7244794
0.7244794
0.73138805
0.73296777
0.73296777
0.73296777
0.73296777
0.72869359
0.72869359
0.72869359
0.72869359
0.72869359
0.72869359
0.75675768
0.75675768
0.75675768
0.75675768
0.7517743
0.66400227
0.64451069
0.64451069
0.64451069
0.69626609
0.69626609
0.69626609
0.69626609
0.78839627
0.78839627
0.78839627
0.72048242
0.68036184
0.68036184
0.68036184
0.83149995
0.83149995
0.83149995
0.81797837
0.81797837
0.81797837
0.81495013
0.81495013
0.81495013
0.81495013
0.79134814
0.76750752
0.67062248
0.66163876
0.66163876
0.66163876
0.72227574
0.72227574
0.7329303
0.80336503
0.80336503
0.80336503
0.80336503
0.80336503
0.80336503
0.80336503
0.79547361
0.7420127
0.72311375
0.70213881
0.70213881
0.70213881
0.79497718
0.79497718
0.79497718
0.75293255
0.75293255
0.72186204
0.72186204
0.72186204
0.73527014
0.73527014
0.78296716
0.79304002
0.79304002
0.79304002
0.79304002
0.79304002
0.81684033
0.83062577
0.83062577
0.83062577
0.80359677
0.77488612
0.77488612
0.77488612
0.83088025
0.85922358
0.85922358
0.85922358
0.85922358
0.84555331
0.84555331
0.84555331
0.88363884
0.88363884
0.88363884
0.88363884
0.88363884
0.84907769
0.77835826
0.73839225
0.73839225
0.73839225
0.74656582
0.74656582
0.74656582
0.69630529
0.68179237
0.67733825
0.66572819
0.61644509
0.61273784
0.59176807
0.58639998
0.58639998
0.58639998
0.58776938
0.58776938
0.58776938
0.58532164
0.58532164
0.58532164
0.58532164
0.58532164
0.61502254
0.62900954
0.69403697
0.71550974
0.71550974
0.71550974
0.67135491
0.65415206
0.65415206
0.65415206
0.65415206
0.65415206
0.63129089
0.46679933
0.44409435
0.39194736
0.39194736
0.39194736
0.46544539
0.47884855
0.48822242
0.55574074
0.63258331
0.65814167
0.69859484
0.69859484
0.74913126
0.77797428
0.8012354
0.81324139
0.81740879
0.81740879
0.81740879
0.80835296
0.74735796
0.72279541
0.7037232
0.65135881
0.64842109
0.64746003
0.59476722
0.49702184
0.49702184
0.49702184
0.49936381
0.49936381
0.49936381
0.4942107
0.4942107
0.4942107
0.52475488
0.52475488
0.53225855
0.53225855
0.53225855
0.53225855
0.53225855
0.54058386
0.5626332
0.58143012
0.60992924
0.60992924
0.63950043
0.63950043
0.64779312
0.6919126
0.70770735
0.70770735
0.74174528
0.76231713
0.80670807
0.80670807
0.80670807
0.79987571
0.79987571
0.79987571
0.79305022
0.78535086
0.78535086
0.78535086
0.7932072
0.7932072
0.7932072
0.7932072
0.79617907
0.80839479
0.80839479
0.80839479
0.80839479
0.80839479
0.81030952
0.81030952
0.81030952
0.80621374
0.78477712
0.78477712
0.78340611
0.78340611
0.78340611
0.7940037
0.81146778
0.81146778
0.81146778
0.78226058
0.74475049
0.74475049
0.67275573
0.63964126
0.58277316
0.51642229
0.515832
0.46222813
0.38497479
0.31712035
0.31712035
0.31712035
0.26247319
0.26247319
0.20904122
0.20904122
0.20904122
0.21307769
0.2919877
0.31684889
0.34848302
0.42470369
0.44443126
0.4838271
0.50996484
0.54555695
0.56742716
0.6004011
0.60371394
0.64923162
0.68760235
0.69863211
0.69972178
0.73254165
0.74098548
0.74098548
0.74098548
0.7489476
0.7489476
0.7489476
0.75207161
0.75207161
0.75207161
0.75207161
0.75207161
0.73198742
0.73198742
0.71901453
0.70530151
0.66601388
0.66601388
0.66601388
0.68338271
0.68338271
0.68338271
0.70644291
0.71400558
0.71400558
0.72407187
0.72407187
0.72407187
0.69749779
0.69115875
0.69115875
0.61923238
0.57325907
0.51688257
0.48370112
0.48370112
0.48370112
0.4845066
0.72093139
0.76720343
0.80754123
0.84368404
0.84368404
0.84368404
0.84135438
0.84135438
0.84135438
0.83947238
0.83154196
0.81293013
0.81293013
0.81293013
0.82101651
0.82101651
0.82101651
0.81331786
0.80718541
0.80718541
0.67146796
0.54442891
0.4694945
0.4694945
0.4694945
0.47444081
0.47444081
0.47444081
0.47444081
0.47444081
0.45773006
0.45773006
0.45773006
0.45886317
0.45886317
0.45886317
0.45886317
0.45886317
0.45886317
0.45886317
0.50689012
0.55977539
0.5842152
0.5842152
0.5842152
0.56455289
0.51569602
0.48571284
0.48571284
0.47074427
0.47074427
0.47074427
0.47074427
0.47074427
0.47074427
0.43069804
0.42946422
0.42946422
0.42946422
0.44573187
0.48471824
0.53129164
0.53129164
0.53129164
0.53129164
0.53129164
0.58580311
0.62650723
0.62650723
0.62650723
0.62650723
0.62650723
0.62650723
0.62650723
0.65354501
0.65354501
0.65354501
0.68003239
0.68003239
0.68003239
0.6720431
0.6720431
0.62785783
0.57730605
0.57730605
0.57730605
0.57915179
0.57915179
0.62269059
0.64361975
0.65231088
0.65231088
0.65231088
0.64772483
0.58221955
0.58221955
0.58221955
0.5374346
0.5374346
0.5374346
0.55274936
0.58944014
0.58944014
0.58944014
0.58944014
0.58944014
0.61582944
0.61975681
0.61975681
0.61975681
0.61975681
0.61975681
0.61975681
0.61163344
0.59656314
0.59656314
0.59656314
0.59857416
0.60457871
0.68857078
0.77261627
0.82436157
0.82436157
0.82436157
0.82436157
0.82436157
0.8319291
0.84211904
0.84211904
0.84211904
0.81603312
0.81307237
0.81307237
0.79110385
0.78475248
0.77836665
0.77836665
0.76873356
0.76873356
0.76873356
0.76784898
0.76164944
0.76164944
0.75170105
0.74670352
0.74670352
0.74670352
0.75654796
0.77343802
0.77343802
0.77343802
0.80944878
0.81387754
0.81387754
0.82470405
0.82470405
0.82470405
0.80476626
0.80476626
0.80476626
0.80476626
0.80476626
0.71769311
0.67005835
0.67005835
0.67005835
0.68036629
0.68036629
0.68036629
0.65855981
0.65855981
0.65855981
0.6729011
0.6729011
0.67851953
0.70685893
0.70685893
0.70685893
0.67550292
0.62928018
0.62650076
0.61159404
0.55657117
0.55657117
0.55657117
0.55657117
0.59704888
0.60021512
0.60021512
0.61953091
0.61953091
0.61953091
0.61181751
0.61181751
0.61181751
0.61961901
0.61961901
0.61961901
0.61961901
0.61961901
0.61961901
0.62001886
0.62755102
0.62755102
0.65621955
0.65764665
0.70872669
0.70872669
0.70872669
0.70872669
0.7173176
0.7173176
0.7173176
0.71187768
0.70396384
0.68962619
0.67511295
0.67511295
0.67511295
0.67748312
0.70033904
0.7129346
0.7129346
0.71500028
0.71500028
0.71500028
0.68537918
0.68537918
0.68537918
0.75563014
0.77489512
0.79187336
0.79447892
0.79447892
0.79447892
0.79447892
0.79447892
0.75228608
0.75228608
0.75228608
0.66117537
0.64242128
0.64242128
0.64242128
0.64931213
0.64931213
0.64931213
0.63026134
0.63026134
0.63026134
0.71387617
0.75080526
0.81854887
0.8390319
0.8390319
0.8390319
0.8390319
0.8390319
0.83174361
0.82930749
0.82930749
0.82930749
0.82930749
0.81159032
0.79855236
0.79194186
0.76813327
0.76813327
0.76813327
0.78645709
0.80326623
0.80326623
0.80957163
0.80994301
0.80994301
0.82177745
0.83059243
0.83059243
0.83059243
0.80282465
0.78628363
0.7761546
0.7761546
0.7761546
0.76662202
0.75460402
0.75460402
0.7052894
0.67928308
0.67928308
0.67928308
0.67993551
0.71776362
0.71776362
0.77521758
0.77521758
0.77521758
0.69517685
0.65448293
0.65448293
0.65448293
0.73453621
0.80797048
0.8978108
0.8978108
0.8978108
0.8978108
0.8978108
0.87044237
0.77080399
0.77080399
0.73344552
0.70128859
0.70128859
0.70128859
0.70128859
0.70427137
0.73815008
0.7617829
0.7617829
0.7617829
0.7617829
0.7617829
0.7617829
0.75312935
0.70656373
0.69397504
0.6922876
0.6922876
0.6922876
0.6922876
0.67025635
0.65915566
0.62701357
0.61646205
0.57312309
0.57312309
0.57312309
0.57312309
0.57312309
0.57312309
0.58746053
0.74300315
0.74300315
0.74300315
0.72215178
0.72215178
0.72215178
0.72508405
0.79018391
0.82629147
0.82629147
0.82629147
0.80122945
0.78890746
0.78890746
0.78830837
0.78660649
0.78294847
0.74063178
0.72697585
0.71394073
0.71394073
0.68445853
0.68445853
0.62006432
0.53173685
0.5247868
0.47025552
0.4479217
0.37392764
0.37392764
0.37392764
0.38043924
0.46059435
0.47574404
0.47574404
0.4876506
0.50824689
0.52986587
0.54144773
0.54298202
0.54298202
0.54298202
0.52503624
0.47435837
0.47435837
0.47435837
0.62335634
0.65067517
0.68860027
0.68860027
0.68860027
0.66365302
0.65266214
0.60318123
0.53898999
0.50308529
0.48594964
0.45740334
0.4410559
0.4410559
0.4410559
0.46959896
0.4708536
0.4708536
0.4708536
0.45245239
0.44774742
0.44774742
0.44774742
0.45097377
0.50034497
0.5036274
0.5036274
0.52445908
0.53790366
0.53790366
0.54079481
0.54079481
0.54079481
0.54079481
0.54079481
0.54079481
0.54079481
0.54079481
0.65141084
0.67800017
0.67800017
0.67800017
0.70961895
0.740683
0.78653417
0.78653417
0.78653417
0.77754905
0.74141443
0.74021172
0.74021172
0.74021172
0.74021172
0.74021172
0.74021172
0.7351277
0.69886155
0.64407416
0.61862734
0.61862734
0.58748155
0.5706207
0.5706207
0.55467703
0.55467703
0.55467703
0.55847378
0.55847378
0.55847378
0.55486777
0.55486777
0.55211422
0.55211422
0.55211422
0.53437695
0.48133701
0.48133701
0.48133701
0.4909398
0.4909398
0.4909398
0.47690432
0.47690432
0.41669055
0.41669055
0.41669055
0.41669055
0.41669055
0.41669055
0.4605216
0.4605216
0.4605216
0.4605216
0.4605216
0.4605216
0.49196147
0.59142297
0.61259459
0.61259459
0.61259459
0.59440777
0.58266263
0.58131788
0.58131788
0.58131788
0.58131788
0.58131788
0.59234886
0.61751413
0.61751413
0.61751413
0.61751413
0.77580657
0.77580657
0.77580657
0.6749793
0.5827487
0.5827487
0.5827487
0.6400686
0.6400686
0.6400686
0.627421
0.60226705
0.60226705
0.60226705
0.62400664
0.68971075
0.69656464
0.69656464
0.69656464
0.71942935
0.71942935
0.71942935
0.71891785
0.71891785
0.71891785
0.72459549
0.72459549
0.72459549
0.72459549
0.72459549
0.72459549
0.69750983
0.68099154
0.63930495
0.63930495
0.63930495
0.65030643
0.65319353
0.65319353
0.65578647
0.65578647
0.66928904
0.68070957
0.68070957
0.68070957
0.69475445
0.71784808
0.72319638
0.72319638
0.72319638
0.72319638
0.72319638
0.74752769
0.74752769
0.74752769
0.75104792
0.76903118
0.77996346
0.78974153
0.7903702
0.7903702
0.7903702
0.7821927
0.76477043
0.76477043
0.75825255
0.7470651
0.74484688
0.74484688
0.74484688
0.74512571
0.74512571
0.74512571
0.74512571
0.74512571
0.71692977
0.69700964
0.6618386
0.66093371
0.65526528
0.64648302
0.64581109
0.64581109
0.64581109
0.65891634
0.66308213
0.68194785
0.68194785
0.68194785
0.67036112
0.62927361
0.57488891
0.56935575
0.56935575
0.56935575
0.57165308
0.58574261
0.60788548
0.63418366
0.65921688
0.65921688
0.65921688
0.65202791
0.6283757
0.61520257
0.61381649
0.61381649
0.61381649
0.65694139
0.67475047
0.67578206
0.67847326
0.69353699
0.72424049
0.76056666
0.77448969
0.77934054
0.7813475
0.79421484
0.82554912
0.85589862
0.85589862
0.85589862
0.84410662
0.81456168
0.8056274
0.8051058
0.79204774
0.79204774
0.79204774
0.79829758
0.79829758
0.79829758
0.77380535
0.77380535
0.77380535
0.81026053
0.84352329
0.84352329
0.84352329
0.82207032
0.80512934
0.80512934
0.78265579
0.77007649
0.77007649
0.77007649
0.77007649
0.77007649
0.75992596
0.74480232
0.73671431
0.73524409
0.71211095
0.70812448
0.70559733
0.70559733
0.70559733
0.70559733
0.70559733
0.66953696
0.65712758
0.65712758
0.65712758
0.65985951
0.68462816
0.7128152
0.7312653
0.7312653
0.7312653
0.72212723
0.71548267
0.71548267
0.71548267
0.71548267
0.70448312
0.69666736
0.69278859
0.69278859
0.69278859
0.70232732
0.7083233
0.72559614
0.73786438
0.73825778
0.73825778
0.73825778
0.73996037
0.73996037
0.74206191
0.74585429
0.74585429
0.74585429
0.71984264
0.71717889
0.71717889
0.64747993
0.59642858
0.57579785
0.57579785
0.5478269
0.52910362
0.5230831
0.5230831
0.5230831
0.58345891
0.65469822
0.67503486
0.67503486
0.67503486
0.67092282
0.59442091
0.51949487
0.51114874
0.51114874
0.51114874
0.51114874
0.5519552
0.59369372
0.59369372
0.59369372
0.59369372
0.59369372
0.59369372
0.59369372
0.59369372
0.61332885
0.61332885
0.61332885
0.5792599
0.5792599
0.5792599
0.61240801
0.75956397
0.76535295
0.76535295
0.76535295
0.76535295
0.76535295
0.76535295
0.764246
0.72194569
0.71321688
0.71321688
0.69563488
0.68053014
0.68053014
0.68053014
0.66660206
0.66079581
0.66079581
0.66079581
0.66986518
0.66986518
0.70772411
0.70919151
0.71436968
0.73996128
0.73996128
0.73996128
0.73996128
0.75319309
0.75319309
0.75319309
0.75319309
0.75319309
0.75319309
0.75319309
0.75090709
0.75090709
0.75090709
0.75090709
0.75090709
0.75090709
0.83739336
0.83788405
0.84910557
0.84910557
0.84910557
0.81834651
0.81834651
0.69306671
0.50625567
0.50625567
0.50625567
0.54933035
0.54933035
0.54933035
0.51588039
0.51588039
0.51588039
0.54785144
0.60913427
0.63786311
0.63847139
0.69653947
0.70908534
0.70908534
0.7117219
0.7117219
0.711831
0.711831
0.71306988
0.71306988
0.71306988
0.7066491
0.70192747
0.70192747
0.70192747
0.72427472
0.80300194
0.84201267
0.84201267
0.84201267
0.82887701
0.81610375
0.73381891
0.68847349
0.68847349
0.68847349
0.73826466
0.76758823
0.76758823
0.76758823
0.73982397
0.72723488
0.7136917
0.7136917
0.7136917
0.73856186
0.73856186
0.73856186
0.73856186
0.73856186
0.75835267
0.75835267
0.75835267
0.75362882
0.75362882
0.75362882
0.75362882
0.75362882
0.76379826
0.78444344
0.78444344
0.78444344
0.76417711
0.75254129
0.75254129
0.75254129
0.76742821
0.77877984
0.77877984
0.77877984
0.77111675
0.77111675
0.77111675
0.80268795
0.80268795
0.80268795
0.80268795
0.80268795
0.80268795
0.80938463
0.80938463
0.80938463
0.81210909
0.81210909
0.81210909
0.81765005
0.81765005
0.81765005
0.81696731
0.75564953
0.75564953
0.75564953
0.75564953
0.75564953
0.75564953
0.75564953
0.75564953
0.75564953
0.75564953
0.756809
0.756809
0.79090534
0.81104044
0.81104044
0.81104044
0.75849583
0.75787048
0.75787048
0.75787048
0.75787048
0.75787048
0.7576957
0.7576957
0.7576957
0.7889911
0.79385277
0.79385277
0.79385277
0.79990117
0.80858744
0.80858744
0.80858744
0.75898954
0.74820031
0.74820031
0.74820031
0.75138757
0.75138757
0.75138757
0.72843184
0.67260237
0.63564237
0.63564237
0.63564237
0.63564237
0.6557907
0.71248211
0.71248211
0.71248211
0.67791692
0.62055864
0.62055864
0.62055864
0.6621839
0.6621839
0.6621839
0.66811532
0.66811532
0.66811532
0.69889984
0.70356509
0.70356509
0.70356509
0.70356509
0.74649116
0.75676446
0.75676446
0.75676446
0.74918855
0.73327762
0.67525844
0.65370888
0.63122906
0.63122906
0.62151121
0.61958193
0.61958193
0.61958193
0.61958193
0.68810818
0.68810818
0.68810818
0.66091805
0.64133546
0.58920041
0.58920041
0.58920041
0.58920041
0.55167394
0.55167394
0.52861698
0.51099217
0.48940795
0.48940795
0.48940795
0.49518115
0.53227088
0.6047541
0.604872
0.604872
0.604872
0.57503885
0.57503885
0.5441738
0.5441738
0.5441738
0.5441738
0.5441738
0.53573232
0.51733788
0.51733788
0.51733788
0.6349364
0.67810999
0.70749124
0.70749124
0.70749124
0.64579292
0.64579292
0.64579292
0.70321191
0.72889493
0.73157696
0.73157696
0.73157696
0.71338983
0.67470147
0.66279582
0.64653453
0.63970602
0.63970602
0.61141876
0.61141876
0.61141876
0.65818925
0.68693204
0.68693204
0.68693204
0.68693204
0.70062009
0.71280711
0.74631145
0.76412043
0.76542567
0.76542567
0.76542567
0.75093336
0.74431194
0.74431194
0.74431194
0.74431194
0.73882988
0.73882988
0.73882988
0.73882988
0.73882988
0.70128535
0.67994148
0.67994148
0.67994148
0.67994148
0.68763174
0.68763174
0.68763174
0.68763174
0.68763174
0.74613262
0.75905339
0.75905339
0.78350491
0.79212472
0.79212472
0.79212472
0.78939016
0.78583911
0.78583911
0.78583911
0.78583911
0.78583911
0.78583911
0.74743
0.72284127
0.71028723
0.69772753
0.69772753
0.69772753
0.69772753
0.69772753
0.70946095
0.72379738
0.73568203
0.73568203
0.73568203
0.7602956
0.7602956
0.77363513
0.7801538
0.79950464
0.79950464
0.79950464
0.79529459
0.7403885
0.71223077
0.71223077
0.71104432
0.71104432
0.71104432
0.71104432
0.71104432
0.63186129
0.63186129
0.63186129
0.64060929
0.64060929
0.64060929
0.64060929
0.64635411
0.66959857
0.71288116
0.71477418
0.71477418
0.71477418
0.72253507
0.72253507
0.74135714
0.74135714
0.74135714
0.74135714
0.70238915
0.67460196
0.58470275
0.56951689
0.56951689
0.56951689
0.5827574
0.5827574
0.59131527
0.59131527
0.59131527
0.60173232
0.69088719
0.69088719
0.69088719
0.69088719
0.7112983
0.7112983
0.7112983
0.70295055
0.61962567
0.59163967
0.57058532
0.57058532
0.57058532
0.57058532
0.57058532
0.57058532
0.57058532
0.60038312
0.67768982
0.74470857
0.7917487
0.80357182
0.80357182
0.80357182
0.80240165
0.73152462
0.56959194
0.55615928
0.55615928
0.55615928
0.57030135
0.62414555
0.63388746
0.63388746
0.63388746
0.63388746
0.61843437
0.60971495
0.60971495
0.60971495
0.60971495
0.60971495
0.6009228
0.58890722
0.58890722
0.58890722
0.61015069
0.6302188
0.6302188
0.6302188
0.6302188
0.6302188
0.6023307
0.6023307
0.6023307
0.61141381
0.65110887
0.66429616
0.66429616
0.66429616
0.64916474
0.6230958
0.54567243
0.54567243
0.54567243
0.54567243
0.54567243
0.54567243
0.64036764
0.64036764
0.65605762
0.65605762
0.66568364
0.66568364
0.66568364
0.67933583
0.67933583
0.67933583
0.61337876
0.61337876
0.61337876
0.65810409
0.72306192
0.72683906
0.75189462
0.77615752
0.81078303
0.81078303
0.81078303
0.70195656
0.41180656
0.41180656
0.41180656
0.56556012
0.57355821
0.75337191
0.76662697
0.78854276
0.78854276
0.78854276
0.78854276
0.78854276
0.78854276
0.7968913
0.7968913
0.8002988
0.8002988
0.81731828
0.83757128
0.83757128
0.83757128
0.83757128
0.83757128
0.83757128
0.83757128
0.83757128
0.83757128
0.83757128
0.83757128
0.83757128
0.83516797
0.83516797
0.83516797
0.87511653
0.87511653
0.87511653
0.87511653
0.87511653
0.88623954
0.88623954
0.88623954
0.88623954
0.85779428
0.85671966
0.84724286
0.82386816
0.82386816
0.82386816
0.83311686
0.83311686
0.83311686
0.85472007
0.88705492
0.88705492
0.88705492
0.85630495
0.85630495
0.85630495
0.85630495
0.85630495
0.89109614
0.90816825
0.90816825
0.91134924
0.91134924
0.91134924
0.91134924
0.91020209
0.91020209
0.91020209
0.91353797
0.91353797
0.91353797
0.91353797
0.81741374
0.78332196
0.78332196
0.78332196
0.80301245
0.82325353
0.83345367
0.83360178
0.83360178
0.83360178
0.83360178
0.86571468
0.91097757
0.91097757
0.91097757
0.91097757
0.8820199
0.8820199
0.8820199
0.88872234
0.90912112
0.90912112
0.90912112
0.86893153
0.86893153
0.86893153
0.86893153
0.86893153
0.87117268
0.87117268
0.87117268
0.87117268
0.86848409
0.86848409
0.86385288
0.79932188
0.79927744
0.79359485
0.79359485
0.79359485
0.79359485
0.79359485
0.79359485
0.79488232
0.79488232
0.79488232
0.8006045
0.8006045
0.8006045
0.80589279
0.80589279
0.80589279
0.82378472
0.82378472
0.84758029
0.84758029
0.84758029
0.78452244
0.77757048
0.77757048
0.77757048
0.79502244
0.81968833
0.81968833
0.88116603
0.8940187
0.8940187
0.90028502
0.90028502
0.90028502
0.90028502
0.92925815
0.92925815
0.93683173
0.93683173
0.93683173
0.92253166
0.92253166
0.92253166
0.9366021
0.9366021
0.9366021
0.95234027
0.95234027
0.95234027
0.92972659
0.92972659
0.92972659
0.88316301
0.88316301
0.88316301
0.83327881
0.78606803
0.78606803
0.71874358
0.71874358
0.71874358
0.71874358
0.71874358
0.75385088
0.75385088
0.75385088
0.75385088
0.75385088
0.75385088
0.75385088
0.75385088
0.75190835
0.75190835
0.75190835
0.79535561
0.80115367
0.80115367
0.80115367
0.78808279
0.78808279
0.72656922
0.72017815
0.71053172
0.71053172
0.71053172
0.71053172
0.71053172
0.71053172
0.71053172
0.73675675
0.73675675
0.73675675
0.74349697
0.74349697
0.74349697
0.74349697
0.74349697
0.77596608
0.77596608
0.77596608
0.77596608
0.77596608
0.82688125
0.82688125
0.82688125
0.81014486
0.81014486
0.81014486
0.81014486
0.81014486
0.81014486
0.81014486
0.81692974
0.81692974
0.85021504
0.85021504
0.85021504
0.85021504
0.85021504
0.85021504
0.85021504
0.85021504
0.85021504
0.85021504
0.85021504
0.85021504
0.83537811
0.83537811
0.83537811
0.83537811
0.87237023
0.90252031
0.9042621
0.9042621
0.9042621
0.9042621
0.9042621
0.90673097
0.9095619
0.9095619
0.9095619
0.89109614
0.89109614
0.89109614
0.89570331
0.89570331
0.90193932
0.95564492
0.95564492
0.95564492
0.90256295
0.83664002
0.83664002
0.83664002
0.85532996
0.85532996
0.91517893
0.91517893
0.91517893
0.83539418
0.83539418
0.83539418
0.83061404
0.82073354
0.82073354
0.82073354
0.78824261
0.75514724
0.75514724
0.75514724
0.7571539
0.7571539
0.7571539
0.7571539
0.7571539
0.7521488
0.7521488
0.7521488
0.7521488
0.74351131
0.73454963
0.73454963
0.73454963
0.73454963
0.73454963
0.72419016
0.72419016
0.72419016
0.72944663
0.72944663
0.72944663
0.72944663
0.73251104
0.73251104
0.73251104
0.71974696
0.69573419
0.69573419
0.69573419
0.69689811
0.7124218
0.7124218
0.7124218
0.70113906
0.68641176
0.68641176
0.68641176
0.68641176
0.68641176
0.68503589
0.64247735
0.64247735
0.64247735
0.71205639
0.71205639
0.71205639
0.71205639
0.71205639
0.71470943
0.71470943
0.7342989
0.7342989
0.7342989
0.72821341
0.72821341
0.72821341
0.72821341
0.74110509
0.74110509
0.74110509
0.74110509
0.73950999
0.73950999
0.72543238
0.70215407
0.70215407
0.69448169
0.69448169
0.69448169
0.71210256
0.71210256
0.71210256
0.70438552
0.70438552
0.70438552
0.71838039
0.71838039
0.71838039
0.71838039
0.71155681
0.71155681
0.71155681
0.71155681
0.67515559
0.67515559
0.67515559
0.68457936
0.68457936
0.68457936
0.68457936
0.68457936
0.72132104
0.74720601
0.74720601
0.75825832
0.75825832
0.75825832
0.75797323
0.75797323
0.73222221
0.72963615
0.72355594
0.72355594
0.72355594
0.74381904
0.75615932
0.7728251
0.7728251
0.7728251
0.7708461
0.76120039
0.76079669
0.76079669
0.76079669
0.76596536
0.76596536
0.76675872
0.76675872
0.77063304
0.77614713
0.77614713
0.77614713
0.77614713
0.77997639
0.78344813
0.78344813
0.80905054
0.81513855
0.81513855
0.81513855
0.80618111
0.77645849
0.77645849
0.77645849
0.7489764
0.7489764
0.7489764
0.66253811
0.65919507
0.65919507
0.65919507
0.65919507
0.67893537
0.71214328
0.71214328
0.71214328
0.71214328
0.68528421
0.68528421
0.64842129
0.64842129
0.64842129
0.66388083
0.71537822
0.77670215
0.80993745
0.80993745
0.80993745
0.80993745
0.81099559
0.81938899
0.81938899
0.81938899
0.81938899
0.818365
0.818365
0.818365
0.82163086
0.82163086
0.833643
0.833643
0.833643
0.79886443
0.79886443
0.79886443
0.79586631
0.72414026
0.658598
0.64205335
0.64205335
0.64205335
0.64205335
0.64205335
0.64205335
0.64205335
0.64116815
0.61923096
0.5964194
0.5964194
0.5964194
0.63411971
0.69844512
0.72246425
0.72246425
0.72246425
0.72246425
0.72246425
0.72246425
0.74631831
0.75062229
0.78789579
0.78801359
0.78801359
0.78801359
0.77782526
0.77782526
0.77782526
0.75367499
0.75367499
0.73711568
0.73378366
0.71734962
0.71734962
0.67987105
0.67895172
0.67822991
0.67822991
0.67822991
0.67822991
0.70847666
0.70847666
0.70859234
0.70859234
0.70859234
0.70859234
0.70859234
0.70859234
0.67686615
0.64679033
0.64590283
0.64590283
0.64590283
0.64590283
0.64590283
0.64590283
0.64590283
0.64590283
0.686337
0.68789664
0.68789664
0.73759808
0.73759808
0.73759808
0.73964406
0.73964406
0.74366548
0.74366548
0.75056673
0.75165408
0.75165408
0.75165408
0.75165408
0.75165408
0.75165408
0.7665897
0.78990347
0.78990347
0.79434758
0.79434758
0.79434758
0.79434758
0.80754233
0.84891513
0.84891513
0.84891513
0.84891513
0.84891513
0.84891513
0.84618219
0.84618219
0.84168362
0.80651793
0.76430439
0.67867026
0.67867026
0.67867026
0.72782921
0.74414848
0.74414848
0.74414848
0.74414848
0.74414848
0.74414848
0.73660197
0.6924834
0.64367461
0.64367461
0.58587757
0.5604652
0.55099819
0.53373029
0.53373029
0.53373029
0.59716122
0.59716122
0.59716122
0.59716122
0.60422452
0.60422452
0.60422452
0.60126923
0.56754679
0.55031222
0.55031222
0.53669651
0.53625442
0.52866133
0.49514459
0.47843486
0.45968148
0.45009931
0.4399335
0.4399335
0.4399335
0.44390906
0.44519935
0.44519935
0.44519935
0.44519935
0.44989493
0.48269307
0.55507538
0.65143267
0.67469976
0.67469976
0.67469976
0.64363692
0.64363692
0.61387965
0.61387965
0.61387965
0.61387965
0.61387965
0.61387965
0.61387965
0.666577
0.71284216
0.71284216
0.71284216
0.71126293
0.6780815
0.67759697
0.67759697
0.67759697
0.68581086
0.68581086
0.68581086
0.68581086
0.68581086
0.73819818
0.73819818
0.73819818
0.69160245
0.62351868
0.62351868
0.62351868
0.64150155
0.6895878
0.71616046
0.71616046
0.71616046
0.71328629
0.67812797
0.67812797
0.67812797
0.67812797
0.69916886
0.77481863
0.77481863
0.77481863
0.77086449
0.72849467
0.72198479
0.6567073
0.65151662
0.64705664
0.64705664
0.64705664
0.69193977
0.69193977
0.69193977
0.64939144
0.63976008
0.61178175
0.60124084
0.60124084
0.60124084
0.60124084
0.60124084
0.60124084
0.61187863
0.61187863
0.61187863
0.60755201
0.60187517
0.60187517
0.60187517
0.60319668
0.65355137
0.65355137
0.65355137
0.62329099
0.60865227
0.60865227
0.60865227
0.60865227
0.60865227
0.60865227
0.60865227
0.60865227
0.60865227
0.59743056
0.59743056
0.59264942
0.58666063
0.58666063
0.58666063
0.58666063
0.58666063
0.58666063
0.58666063
0.60738228
0.62472595
0.67777519
0.67777519
0.67777519
0.67777519
0.67777519
0.69426265
0.69426265
0.69426265
0.69415567
0.69330141
0.68743757
0.68743757
0.677847
0.6475349
0.6475349
0.6475349
0.6475349
0.6475349
0.6475349
0.6475349
0.6742101
0.6742101
0.6742101
0.6742101
0.6742101
0.66623948
0.66623948
0.66623948
0.66623948
0.66623948
0.66623948
0.65479822
0.65479822
0.65479822
0.65479822
0.66649367
0.66649367
0.66649367
0.66649367
0.6777769
0.6777769
0.6777769
0.6777769
0.63687468
0.63687468
0.63687468
0.656736
0.68590147
0.68590147
0.68590147
0.65648
0.65630462
0.65630462
0.64096592
0.64096592
0.64096592
0.65042524
0.65042524
0.65042524
0.63763691
0.62515571
0.62515571
0.62515571
0.62515571
0.62515571
0.5940075
0.58045957
0.56832358
0.56832358
0.56832358
0.57745749
0.58333738
0.58333738
0.58333738
0.58333738
0.58333738
0.58333738
0.58333738
0.58333738
0.60241587
0.60241587
0.60241587
0.60241587
0.60241587
0.60441244
0.60441244
0.60441244
0.55606513
0.53275499
0.53275499
0.53275499
0.54697657
0.54697657
0.56014565
0.57004867
0.57004867
0.57004867
0.57004867
0.60881603
0.60881603
0.60881603
0.62854279
0.62854279
0.62854279
0.63984352
0.65784304
0.65784304
0.65784304
0.65784304
0.65784304
0.63844229
0.63844229
0.63844229
0.64477881
0.69837602
0.69837602
0.71360673
0.71360673
0.71360673
0.70763531
0.70763531
0.67454762
0.67454762
0.67454762
0.68688314
0.69818366
0.70690046
0.70690046
0.70690046
0.70437471
0.69887064
0.69768671
0.69768671
0.69768671
0.69768671
0.69768671
0.68224212
0.68224212
0.68224212
0.68224212
0.63580695
0.63580695
0.63580695
0.645082
0.68828608
0.71249081
0.75331857
0.79546563
0.79546563
0.79546563
0.7500509
0.7500509
0.7500509
0.7500509
0.7500509
0.74628579
0.68331947
0.63287538
0.63287538
0.63287538
0.63488053
0.66940511
0.70392555
0.72590326
0.72590326
0.72590326
0.72587043
0.66662812
0.66580305
0.66580305
0.66580305
0.64605538
0.62772702
0.62772702
0.62772702
0.63804223
0.65014692
0.65014692
0.65014692
0.65014692
0.71318183
0.7610241
0.7610241
0.7610241
0.72259052
0.60161635
0.55280573
0.55280573
0.55280573
0.69622216
0.72654993
0.72654993
0.72654993
0.72654993
0.72654993
0.71753077
0.71753077
0.71753077
0.70619974
0.6785255
0.6785255
0.6785255
0.69602848
0.69602848
0.70752945
0.73428646
0.76467435
0.76467435
0.76467435
0.76064444
0.76064444
0.76064444
0.7667286
0.7667286
0.7667286
0.76275243
0.76275243
0.76275243
0.76275243
0.7544731
0.7544731
0.73328257
0.73328257
0.73328257
0.72303222
0.72303222
0.72303222
0.72880552
0.72880552
0.72880552
0.69556598
0.69556598
0.69331827
0.69331827
0.69331827
0.69331827
0.69331827
0.69331827
0.69331827
0.71730791
0.71730791
0.71730791
0.7167744
0.7167744
0.7167744
0.7167744
0.67776205
0.63850593
0.62479617
0.62479617
0.62479617
0.64613024
0.64613024
0.64613024
0.64613024
0.64613024
0.66003287
0.68861542
0.74353112
0.74353112
0.74353112
0.5465964
0.52206932
0.52206932
0.52206932
0.59462549
0.69007959
0.75064211
0.75064211
0.75064211
0.73689666
0.70542528
0.70542528
0.70542528
0.70836967
0.71471175
0.71471175
0.71471175
0.69567832
0.69567832
0.69567832
0.70887813
0.73149169
0.73149169
0.73149169
0.73149169
0.72656184
0.70555914
0.70555914
0.671049
0.62251157
0.62251157
0.59760846
0.59760846
0.59760846
0.56646863
0.51830893
0.51559378
0.51559378
0.51559378
0.54094312
0.60617947
0.64774583
0.65473883
0.65473883
0.65473883
0.62498093
0.6162888
0.55617788
0.54251144
0.54251144
0.54251144
0.54251144
0.60009339
0.615679
0.615679
0.615679
0.60017936
0.56964498
0.51702582
0.5014016
0.5014016
0.5014016
0.5198615
0.52473346
0.5758225
0.61056227
0.61056227
0.61056227
0.58498814
0.58498814
0.58498814
0.59220581
0.60296968
0.66360675
0.66360675
0.66360675
0.66360675
0.66360675
0.66360675
0.66360675
0.66647022
0.71943662
0.75089821
0.79540703
0.79540703
0.79540703
0.77577595
0.77577595
0.77577595
0.78759979
0.78759979
0.82460849
0.83338094
0.85542926
0.85542926
0.85542926
0.86713448
0.88348659
0.88597183
0.88597183
0.88597183
0.88480446
0.88480446
0.88480446
0.88480446
0.87778875
0.83598356
0.76825783
0.73155191
0.73155191
0.73155191
0.7502669
0.76648392
0.79415846
0.82780473
0.82780473
0.82780473
0.78992267
0.75700348
0.75700348
0.75700348
0.75700348
0.7514295
0.7514295
0.69427438
0.69367692
0.69367692
0.69367692
0.69367692
0.74180902
0.74180902
0.74180902
0.70434956
0.66760201
0.66760201
0.65121698
0.65121698
0.65121698
0.65121698
0.6696891
0.6696891
0.6696891
0.6696891
0.6696891
0.66575788
0.66575788
0.66575788
0.67211805
0.67211805
0.67211805
0.62468664
0.62468664
0.62468664
0.64946549
0.67084443
0.67084443
0.67084443
0.67084443
0.64169118
0.64169118
0.64169118
0.64169118
0.64169118
0.64169118
0.64169118
0.64939467
0.64939467
0.64939467
0.64939467
0.64939467
0.68206776
0.68206776
0.68206776
0.68206776
0.68206776
0.68206776
0.68067714
0.68067714
0.68067714
0.68067714
0.68067714
0.68067714
0.68067714
0.68067714
0.67974983
0.67974983
0.67974983
0.68673121
0.74844723
0.74844723
0.74844723
0.6764566
0.61681413
0.61681413
0.61681413
0.6378924
0.68797654
0.71524052
0.71824219
0.71824219
0.71824219
0.66711648
0.64810014
0.64810014
0.64810014
0.64810014
0.64810014
0.64810014
0.64810014
0.64810014
0.64810014
0.64810014
0.6271449
0.58418125
0.58418125
0.58418125
0.58418125
0.58418125
0.58081962
0.57362953
0.57362953
0.57362953
0.57166892
0.57166892
0.57166892
0.57166892
0.59256425
0.61320378
0.66568525
0.68136371
0.68136371
0.68136371
0.6904352
0.6904352
0.6904352
0.65418147
0.65418147
0.65418147
0.70640766
0.70640766
0.70640766
0.61367234
0.49676857
0.49331471
0.49331471
0.49331471
0.49331471
0.49331471
0.49331471
0.49331471
0.48966526
0.44008393
0.44008393
0.42209986
0.42209986
0.42209986
0.42209986
0.35516546
0.32588321
0.32588321
0.32588321
0.32588321
0.32588321
0.38042136
0.41106949
0.41106949
0.41106949
0.41106949
0.45661939
0.49835387
0.49835387
0.49912852
0.49912852
0.49912852
0.47314383
0.47314383
0.47314383
0.49955517
0.49955517
0.49955517
0.49955517
0.49955517
0.49955517
0.48440214
0.48440214
0.48440214
0.50696942
0.50696942
0.50696942
0.50696942
0.50852552
0.51736557
0.51736557
0.51736557
0.54360322
0.54360322
0.54360322
0.54360322
0.54360322
0.54360322
0.55759375
0.55759375
0.55759375
0.55759375
0.5530675
0.5530675
0.5530675
0.5530675
0.5530675
0.5508015
0.5508015
0.5508015
0.5508015
0.5508015
0.5508015
0.5508015
0.5508015
0.64116331
0.67878018
0.74492152
0.81425367
0.84421572
0.85993228
0.87587189
0.87587189
0.87587189
0.87587189
0.87587189
0.87545222
0.84672976
0.8413567
0.72900405
0.63751194
0.57075192
0.47161281
0.47020188
0.45820893
0.44086688
0.44086688
0.44086688
0.45883266
0.51773623
0.51773623
0.57046239
0.57046239
0.57046239
0.53633059
0.53138488
0.47987588
0.45045966
0.45045966
0.45045966
0.44521573
0.40566633
0.40566633
0.40566633
0.41136508
0.45077455
0.45077455
0.45077455
0.38502762
0.38502762
0.38502762
0.38502762
0.38502762
0.38502762
0.38502762
0.38502762
0.44288012
0.45179249
0.45179249
0.45179249
0.3967976
0.35437029
0.35437029
0.35437029
0.35437029
0.43807666
0.46611115
0.46901068
0.46901068
0.46901068
0.44838187
0.44838187
0.44838187
0.45132091
0.45132091
0.48508809
0.49685696
0.49685696
0.49685696
0.49311447
0.49311447
0.49311447
0.49311447
0.49311447
0.49311447
0.53960553
0.61978589
0.61978589
0.61978589
0.59471337
0.56435428
0.55722783
0.55722783
0.55722783
0.56364639
0.56364639
0.56364639
0.56345424
0.54697071
0.54697071
0.54697071
0.54697071
0.54696798
0.54696798
0.54696798
0.54696798
0.54696798
0.51911563
0.51911563
0.51911563
0.55311467
0.55311467
0.55311467
0.55311467
0.55311467
0.60020037
0.60020037
0.60020037
0.68935595
0.68935595
0.68935595
0.66669207
0.61885777
0.61885777
0.61885777
0.61885777
0.61885777
0.61885777
0.61885777
0.61885777
0.64865536
0.70755297
0.74500215
0.77646433
0.77646433
0.77646433
0.77646433
0.77929539
0.80793319
0.8622394
0.8622394
0.8622394
0.8529007
0.80395027
0.79206916
0.76601566
0.76601566
0.76601566
0.67431677
0.54807532
0.50118652
0.50118652
0.50118652
0.54312344
0.54312344
0.59811955
0.60862105
0.74686445
0.78728882
0.78728882
0.78728882
0.78157927
0.78157927
0.78157927
0.72126367
0.72114758
0.68750486
0.68750486
0.68750486
0.68750486
0.6104482
0.59164523
0.59164523
0.59164523
0.59164523
0.59164523
0.59164523
0.59164523
0.59164523
0.59781163
0.59781163
0.59781163
0.59781163
0.59781163
0.59781163
0.63190795
0.63190795
0.65738448
0.65738448
0.65738448
0.65738448
0.61646236
0.61646236
0.61646236
0.70246958
0.80030122
0.80703993
0.80703993
0.80703993
0.80703993
0.80703993
0.80703993
0.80703993
0.79932613
0.74984956
0.74984956
0.74984956
0.74984956
0.75401089
0.75401089
0.75401089
0.74566943
0.74566943
0.74566943
0.75812669
0.78054952
0.78054952
0.78054952
0.78054952
0.76827087
0.76827087
0.76827087
0.83950157
0.84165726
0.84165726
0.84165726
0.81934435
0.81934435
0.81934435
0.80672695
0.75450351
0.75450351
0.75450351
0.75450351
0.75450351
0.75450351
0.74850845
0.73662895
0.73662895
0.73662895
0.73662895
0.73662895
0.67630233
0.67630233
0.67630233
0.66867863
0.64063929
0.5926384
0.5926384
0.5926384
0.5926384
0.6277347
0.62991412
0.70368865
0.70368865
0.70368865
0.70368865
0.70368865
0.70368865
0.65707485
0.62063734
0.58561116
0.58561116
0.58561116
0.67977095
0.79201662
0.94061049
0.94061049
0.94061049
0.89743166
0.8339693
0.8339693
0.8339693
0.8339693
0.82021468
0.74833509
0.74833509
0.72582679
0.72582679
0.72582679
0.67356474
0.66182648
0.66182648
0.66182648
0.66182648
0.6465494
0.6465494
0.6465494
0.6465494
0.64689793
0.64689793
0.64689793
0.63425822
0.63425822
0.63425822
0.77960139
0.79294525
0.82355155
0.83328628
0.84122295
0.84122295
0.84122295
0.83362178
0.80615657
0.77656062
0.77656062
0.77656062
0.73081442
0.73081442
0.70704512
0.60430485
0.60430485
0.60430485
0.65745823
0.65745823
0.65745823
0.65745823
0.65745823
0.65745823
0.65745823
0.66272489
0.73836446
0.77688106
0.826787
0.826787
0.826787
0.83760531
0.83760531
0.83760531
0.800052
0.7913836
0.7913836
0.76355975
0.76355975
0.72563121
0.65536772
0.6281795
0.6281795
0.6281795
0.6281795
0.6281795
0.6281795
0.6281795
0.66426797
0.66426797
0.68908995
0.70244997
0.70244997
0.70244997
0.70015437
0.67738058
0.65595003
0.65595003
0.65595003
0.60485754
0.60298606
0.60298606
0.60298606
0.7019209
0.70790626
0.70790626
0.70790626
0.70790626
0.7259853
0.7259853
0.7259853
0.67937037
0.67672613
0.67672613
0.65326072
0.65326072
0.65326072
0.65326072
0.65326072
0.65326072
0.6389161
0.58620742
0.51955509
0.51955509
0.50283192
0.4942783
0.4942783
0.4942783
0.4942783
0.4942783
0.4942783
0.4942783
0.51930142
0.51930142
0.51930142
0.51930142
0.53674419
0.67379174
0.689016
0.689016
0.689016
0.64693147
0.6135598
0.6135598
0.6135598
0.6135598
0.57516542
0.54109941
0.54109941
0.54109941
0.54470642
0.6077286
0.63709462
0.63859271
0.65049404
0.67308305
0.68755113
0.70319655
0.70319655
0.70319655
0.70319655
0.72808926
0.76785949
0.78774586
0.78774586
0.78774586
0.78774586
0.78774586
0.78774586
0.78774586
0.78774586
0.78406854
0.78406854
0.78185022
0.72158138
0.67058488
0.67058488
0.67058488
0.67058488
0.65918566
0.65918566
0.65918566
0.67537643
0.69269605
0.69269605
0.70207547
0.70207547
0.70207547
0.7017532
0.65334296
0.65334296
0.65334296
0.65878127
0.67019129
0.67019129
0.67019129
0.67019129
0.67019129
0.67305022
0.69049027
0.71891795
0.71891795
0.71891795
0.7237103
0.7237103
0.7237103
0.7237103
0.74240538
0.74240538
0.74240538
0.7139867
0.68233922
0.68064016
0.68064016
0.68064016
0.64323353
0.64323353
0.64323353
0.63085254
0.63085254
0.63085254
0.63085254
0.63085254
0.71001013
0.71001013
0.71001013
0.62900367
0.61741867
0.61741867
0.61741867
0.62298275
0.62298275
0.62298275
0.6037492
0.58419095
0.58419095
0.57243783
0.56056774
0.56056774
0.56056774
0.56958396
0.61237163
0.62728259
0.62728259
0.62728259
0.63996293
0.68702236
0.69450077
0.71099886
0.71099886
0.71099886
0.70859395
0.61899801
0.61899801
0.61899801
0.54028442
0.54028442
0.54028442
0.54573971
0.56432316
0.57405111
0.57405111
0.57405111
0.56184975
0.5193593
0.5193593
0.5193593
0.56861897
0.61787318
0.61787318
0.61787318
0.61787318
0.61787318
0.61787318
0.61787318
0.62509812
0.62509812
0.62509812
0.62509812
0.62509812
0.6509635
0.67634254
0.67634254
0.67634254
0.67634254
0.67634254
0.70340345
0.76981908
0.76981908
0.76981908
0.71589486
0.71589486
0.71589486
0.71589486
0.71589486
0.71012438
0.66006348
0.64383473
0.64383473
0.64383473
0.69379511
0.79638597
0.79638597
0.79638597
0.77330729
0.77330729
0.77330729
0.78219571
0.78219571
0.78219571
0.77499483
0.7325856
0.7325856
0.7325856
0.7325856
0.7325856
0.73100738
0.73100738
0.72788295
0.69836146
0.69533049
0.69533049
0.69533049
0.69533049
0.69533049
0.6895786
0.67344402
0.65560855
0.61602805
0.61602805
0.61602805
0.61602805
0.61602805
0.61137602
0.58513857
0.58513857
0.58513857
0.70908807
0.74534634
0.74534634
0.74534634
0.74534634
0.74361072
0.74361072
0.74361072
0.69177672
0.69177672
0.69177672
0.69177672
0.73398541
0.74069603
0.74069603
0.74069603
0.74069603
0.74069603
0.7015564
0.68862947
0.68862947
0.68862947
0.68862947
0.68862947
0.68862947
0.68862947
0.69064917
0.69064917
0.69064917
0.69064917
0.69064917
0.69064917
0.69064917
0.65839333
0.65839333
0.65839333
0.65839333
0.65839333
0.68347303
0.69441784
0.75878486
0.75878486
0.78069903
0.8055598
0.8055598
0.8055598
0.77318475
0.77019115
0.68438488
0.66438889
0.60836001
0.57554216
0.57554216
0.57554216
0.57554216
0.57554216
0.57554216
0.59830938
0.6102406
0.61539603
0.62910147
0.68903833
0.68903833
0.68903833
0.68173458
0.68173458
0.68173458
0.68173458
0.68173458
0.68173458
0.68173458
0.71708111
0.75302206
0.78273914
0.78273914
0.78273914
0.64219459
0.58105218
0.58105218
0.58105218
0.62362931
0.67415018
0.67415018
0.70124716
0.77831735
0.79081442
0.83922709
0.83922709
0.83922709
0.79988046
0.79988046
0.76343963
0.69008828
0.63496035
0.59830716
0.59830716
0.59830716
0.63466494
0.79753807
0.79753807
0.79753807
0.71312311
0.71312311
0.71312311
0.71312311
0.71312311
0.71312311
0.71312311
0.78913921
0.78913921
0.78913921
0.78913921
0.78913921
0.78913921
0.78913921
0.83252404
0.84855357
0.84855357
0.84855357
0.69641057
0.66278299
0.66278299
0.66278299
0.66278299
0.68927089
0.7366137
0.7366137
0.7366137
0.68557113
0.68557113
0.68557113
0.69795182
0.70023065
0.70023065
0.70023065
0.68714904
0.65305311
0.65025995
0.65025995
0.65025995
0.65025995
0.65025995
0.65025995
0.67482857
0.71310393
0.72277632
0.77258091
0.77258091
0.77258091
0.77258091
0.77258091
0.77258091
0.72699666
0.72699666
0.72699666
0.72699666
0.72699666
0.72699666
0.72699666
0.71023611
0.71023611
0.71023611
0.71023611
0.70286216
0.70286216
0.70286216
0.70286216
0.55283817
0.55283817
0.55283817
0.63474202
0.63474202
0.63474202
0.69971874
0.69971874
0.7537446
0.7537446
0.7537446
0.7537446
0.72361826
0.64967422
0.64967422
0.64967422
0.64967422
0.64967422
0.64967422
0.64967422
0.64967422
0.64967422
0.64967422
0.64967422
0.64967422
0.6587653
0.690533
0.690533
0.690533
0.6014842
0.53344611
0.51963693
0.51963693
0.51963693
0.55292284
0.55292284
0.55292284
0.55292284
0.57994697
0.68763901
0.71118859
0.71118859
0.71118859
0.73053943
0.73053943
0.73053943
0.67615938
0.61768608
0.5719812
0.5561913
0.53729882
0.53729882
0.53729882
0.56849349
0.58741336
0.61662187
0.70321897
0.70321897
0.70321897
0.69828419
0.68500831
0.68500831
0.65379333
0.65379333
0.65379333
0.65379333
0.65379333
0.65379333
0.65379333
0.65379333
0.6937949
0.6937949
0.6937949
0.68902266
0.67514953
0.6442857
0.6442857
0.61183004
0.59131094
0.59131094
0.59131094
0.6956647
0.70615276
0.70615276
0.70615276
0.68864886
0.68282838
0.68282838
0.68282838
0.68282838
0.68282838
0.60796581
0.52224267
0.52224267
0.52224267
0.54432777
0.54432777
0.63628186
0.65061972
0.65356026
0.65356026
0.65356026
0.71085642
0.71822642
0.72470247
0.73715297
0.74544615
0.74544615
0.74544615
0.72882583
0.71553461
0.65546601
0.62498519
0.62498519
0.62498519
0.59424794
0.5780987
0.57350568
0.5481316
0.5481316
0.5481316
0.60186557
0.60186557
0.60186557
0.59373139
0.59373139
0.53503999
0.52688701
0.52688701
0.52688701
0.52688701
0.52688701
0.52688701
0.52688701
0.52607933
0.52129141
0.52129141
0.52129141
0.55420808
0.55420808
0.55420808
0.60406783
0.60406783
0.60406783
0.60406783
0.60877623
0.60877623
0.60877623
0.59574302
0.59574302
0.59574302
0.61379124
0.62985512
0.62985512
0.62985512
0.60585337
0.60023239
0.59250606
0.53064123
0.53064123
0.53064123
0.57678083
0.61897518
0.61897518
0.61897518
0.61777095
0.58342972
0.57342375
0.57342375
0.57342375
0.58084337
0.58084337
0.58084337
0.58084337
0.58120766
0.59630665
0.59757674
0.59757674
0.59757674
0.61434546
0.6338132
0.6338132
0.65659861
0.67751544
0.68101335
0.68101335
0.68101335
0.68101335
0.68101335
0.67562455
0.67562455
0.67562455
0.68611444
0.72527509
0.77804084
0.77804084
0.77804084
0.81725493
0.83505311
0.83505311
0.83505311
0.82773209
0.82773209
0.77452262
0.77452262
0.77452262
0.80549121
0.83761784
0.83761784
0.83761784
0.83761784
0.83761784
0.83761784
0.82978736
0.80535433
0.75748921
0.75748921
0.75748921
0.75748921
0.75003564
0.75003564
0.72126811
0.71143246
0.71143246
0.67577185
0.6440888
0.63697277
0.595484
0.595484
0.595484
0.6038685
0.69224154
0.71104503
0.71104503
0.71104503
0.74409453
0.76677377
0.77140821
0.77140821
0.77140821
0.72240071
0.65199942
0.63801354
0.63801354
0.63801354
0.63801354
0.66175263
0.72321214
0.72321214
0.75377542
0.75377542
0.75377542
0.75377542
0.73256782
0.70766482
0.70766482
0.63576218
0.59166946
0.5823635
0.5823635
0.5823635
0.5823635
0.61227858
0.63271424
0.63271424
0.63271424
0.61675836
0.57944739
0.57944739
0.57944739
0.58505936
0.58505936
0.58505936
0.55445761
0.55073714
0.55073714
0.54141722
0.54141722
0.54141722
0.54105363
0.54105363
0.54105363
0.54105363
0.54105363
0.54105363
0.54105363
0.54105363
0.54105363
0.62049136
0.62049136
0.62049136
0.59654335
0.59616309
0.56522976
0.52440886
0.52440886
0.50146657
0.50146657
0.50146657
0.52858355
0.60647629
0.68754243
0.73168252
0.76337101
0.76337101
0.76337101
0.65996538
0.65996538
0.65996538
0.73010694
0.73010694
0.73010694
0.72873188
0.7203423
0.7203423
0.7203423
0.7203423
0.7203423
0.7203423
0.7203423
0.7203423
0.7203423
0.7203423
0.7203423
0.71667741
0.71052979
0.71052979
0.71052979
0.71052979
0.66804724
0.66804724
0.66804724
0.71261728
0.71446424
0.73463439
0.73463439
0.73463439
0.73463439
0.71317464
0.71317464
0.71317464
0.73835407
0.73835407
0.73835407
0.73835407
0.73835407
0.73835407
0.73835407
0.73835407
0.74683415
0.74683415
0.74683415
0.69113824
0.61609876
0.566042
0.566042
0.566042
0.566042
0.57340929
0.57340929
0.60657085
0.65218934
0.65218934
0.65218934
0.65218934
0.63606122
0.62069492
0.62069492
0.62069492
0.69969168
0.72525731
0.72525731
0.72525731
0.72525731
0.72525731
0.74178752
0.74415565
0.77585626
0.78593579
0.81490518
0.83751662
0.83751662
0.83751662
0.82153225
0.70779321
0.60011087
0.57407182
0.57407182
0.57407182
0.64623884
0.64623884
0.65202871
0.65202871
0.65202871
0.666547
0.69141151
0.6982167
0.6982167
0.6982167
0.6982167
0.72285068
0.80343201
0.81571813
0.81571813
0.81571813
0.81571813
0.83842827
0.85280867
0.85280867
0.85280867
0.85280867
0.85280867
0.84994075
0.81439238
0.81439238
0.81439238
0.81439238
0.81570318
0.82443815
0.82443815
0.82443815
0.82443815
0.82443815
0.8099025
0.80840327
0.7844097
0.7844097
0.7844097
0.7844097
0.80051812
0.8042684
0.8042684
0.8042684
0.8042684
0.8042684
0.8042684
0.8042684
0.8042684
0.8042684
0.8042684
0.74394885
0.74394885
0.67073834
0.67073834
0.67073834
0.77114807
0.77114807
0.77114807
0.77114807
0.77114807
0.77114807
0.77114807
0.76268384
0.76268384
0.75943375
0.75059239
0.75059239
0.65118435
0.56509428
0.56509428
0.56509428
0.593012
0.62708056
0.62708056
0.62708056
0.62708056
0.62708056
0.63796333
0.76887884
0.76887884
0.76887884
0.76412063
0.76412063
0.76228328
0.71962554
0.71352752
0.71342883
0.65571311
0.65571311
0.65571311
0.64066415
0.64066415
0.64066415
0.64066415
0.66245082
0.66245082
0.66245082
0.66245082
0.58774038
0.58774038
0.57595767
0.52595294
0.52595294
0.52595294
0.52889976
0.52889976
0.65312504
0.71088915
0.71088915
0.71088915
0.65208873
0.65208873
0.65208873
0.65208873
0.65208873
0.57437461
0.49839155
0.49839155
0.49839155
0.54594672
0.54594672
0.54594672
0.54563748
0.49892638
0.49892638
0.49892638
0.52810024
0.56142595
0.56816122
0.5835663
0.60844396
0.6429163
0.7072598
0.75740577
0.75740577
0.76472658
0.76472658
0.76472658
0.76472658
0.76472658
0.73953221
0.73953221
0.7356791
0.7356791
0.7356791
0.77918951
0.78640102
0.78640102
0.78640102
0.78640102
0.78640102
0.78640102
0.70863193
0.70863193
0.70863193
0.71512343
0.76015357
0.76015357
0.76015357
0.75893256
0.67757171
0.66881745
0.66277006
0.66277006
0.66277006
0.66536117
0.66536117
0.66536117
0.66536117
0.66536117
0.66536117
0.6373395
0.61841175
0.61841175
0.61841175
0.67711225
0.70589999
0.70589999
0.70589999
0.70589999
0.68968135
0.68968135
0.68382813
0.61539774
0.61539774
0.61539774
0.61539774
0.61539774
0.61539774
0.61539774
0.61539774
0.63758721
0.64793354
0.75090204
0.75635954
0.77438049
0.7931673
0.7931673
0.7931673
0.77458435
0.77364118
0.77364118
0.77364118
0.77364118
0.77364118
0.71404912
0.71404912
0.71404912
0.73343279
0.81649704
0.83734114
0.83734114
0.83734114
0.82378543
0.79333359
0.78874481
0.76843876
0.75083728
0.75083728
0.72806501
0.63212577
0.61366173
0.61366173
0.61366173
0.63035085
0.68929968
0.75531818
0.76872346
0.76872346
0.76872346
0.73223414
0.66405429
0.66405429
0.66405429
0.66405429
0.65324911
0.60543957
0.60543957
0.60543957
0.60543957
0.64567592
0.68317247
0.71071215
0.71071215
0.71328618
0.71328618
0.71328618
0.70955682
0.70955682
0.70955682
0.70955682
0.70955682
0.70955682
0.70955682
0.71149146
0.71149146
0.71149146
0.69335898
0.69335898
0.69335898
0.7346835
0.76651626
0.8001318
0.82390706
0.82390706
0.82390706
0.82390706
0.73386196
0.64713817
0.64713817
0.64713817
0.64713817
0.64713817
0.64713817
0.64713817
0.61966567
0.58378654
0.58378654
0.58378654
0.64590465
0.64590465
0.64590465
0.64590465
0.64590465
0.64590465
0.64590465
0.63564155
0.63564155
0.63564155
0.65054041
0.65054041
0.65054041
0.67582741
0.68282818
0.68282818
0.68282818
0.68282818
0.68282818
0.68282818
0.68282818
0.70235492
0.72870359
0.72870359
0.72870359
0.72675289
0.68240267
0.63359195
0.58596142
0.5734295
0.5734295
0.5734295
0.5206401
0.49743251
0.49743251
0.49743251
0.52815146
0.52815146
0.52815146
0.522837
0.522837
0.48078491
0.48078491
0.48078491
0.48078491
0.52717717
0.58007122
0.58007122
0.58007122
0.59897938
0.59897938
0.59897938
0.59897938
0.59897938
0.6156304
0.63880497
0.63880497
0.63880497
0.63880497
0.63880497
0.685745
0.71486075
0.73287867
0.73287867
0.73287867
0.73287867
0.74855148
0.74855148
0.74855148
0.79454782
0.79454782
0.79454782
0.75367084
0.73925409
0.64934891
0.63891478
0.63726585
0.63726585
0.63726585
0.68334028
0.73603654
0.75501792
0.75501792
0.75501792
0.75501792
0.75413152
0.72674167
0.72674167
0.71205548
0.71205548
0.71205548
0.71205548
0.73604583
0.74534593
0.74534593
0.74534593
0.73352271
0.73300414
0.72981943
0.72981943
0.72981943
0.72981943
0.72981943
0.72003257
0.72003257
0.71297603
0.68322106
0.6811152
0.6577997
0.63197302
0.63197302
0.63197302
0.63392119
0.67615958
0.71105554
0.71105554
0.71105554
0.71105554
0.71105554
0.71105554
0.71105554
0.72289836
0.72289836
0.72289836
0.76029933
0.76485892
0.76485892
0.76485892
0.74882779
0.74882779
0.74882779
0.722312
0.68850308
0.68850308
0.68850308
0.69845633
0.72977204
0.75250076
0.75250076
0.75250076
0.73804027
0.73091635
0.73091635
0.70174532
0.6923151
0.6923151
0.68412141
0.66631151
0.66631151
0.62909762
0.62909762
0.58390908
0.54960898
0.54960898
0.54960898
0.5571861
0.5571861
0.5571861
0.5571861
0.57028225
0.57028225
0.57028225
0.57028225
0.57028225
0.57028225
0.57028225
0.55457883
0.55260844
0.55260844
0.55260844
0.57374016
0.60307485
0.60307485
0.60307485
0.60307485
0.60307485
0.59610248
0.59610248
0.59610248
0.61835063
0.62028405
0.62028405
0.62028405
0.59174079
0.59174079
0.59174079
0.607276
0.61335785
0.61335785
0.61335785
0.61335785
0.61335785
0.61335785
0.61335785
0.61335785
0.61335785
0.62846581
0.65451091
0.66424655
0.66424655
0.66424655
0.66041718
0.6414679
0.60878562
0.57247451
0.57247451
0.57247451
0.57819316
0.57819316
0.57819316
0.57819316
0.56579186
0.56579186
0.56579186
0.56579186
0.59758108
0.59758108
0.59758108
0.58570906
0.51305339
0.47504827
0.47504827
0.47504827
0.47884744
0.47884744
0.63950135
0.64733557
0.64733557
0.64733557
0.66440202
0.66440202
0.66440202
0.60308304
0.60308304
0.60308304
0.60308304
0.60543885
0.64280618
0.64280618
0.64280618
0.64280618
0.64280618
0.64280618
0.53128932
0.52286095
0.52286095
0.52135567
0.52135567
0.52135567
0.52795436
0.52795436
0.55319843
0.55319843
0.55319843
0.53797105
0.53797105
0.4881135
0.38832085
0.28239716
0.28239716
0.28239716
0.31664573
0.39178623
0.50945799
0.55564031
0.65061931
0.72771849
0.76861031
0.80239468
0.80239468
0.80239468
0.78099665
0.78099665
0.74421121
0.71692148
0.71692148
0.71692148
0.71879853
0.71879853
0.71879853
0.69993232
0.58906543
0.58296419
0.58296419
0.58296419
0.58296419
0.60381669
0.60381669
0.60381669
0.52803518
0.4746664
0.4746664
0.4746664
0.6609612
0.69845806
0.69845806
0.69845806
0.69845806
0.69845806
0.6334393
0.52284075
0.52284075
0.51238157
0.50025344
0.50025344
0.50025344
0.50874112
0.50874112
0.50874112
0.54973193
0.61065744
0.61065744
0.66942926
0.67926015
0.69695015
0.69695015
0.69695015
0.69695015
0.69695015
0.69695015
0.69695015
0.64405113
0.64405113
0.64405113
0.64405113
0.64405113
0.64405113
0.65494482
0.65494482
0.65494482
0.65494482
0.65494482
0.65494482
0.65494482
0.65494482
0.65494482
0.65494482
0.65494482
0.65494482
0.65494482
0.65494482
0.65494482
0.65494482
0.65885602
0.66501142
0.70659959
0.70659959
0.70659959
0.68597493
0.68597493
0.68597493
0.72132943
0.72132943
0.72132943
0.7139286
0.70472446
0.58815752
0.58471617
0.58471617
0.58471617
0.58471617
0.58471617
0.52547488
0.52547488
0.52547488
0.59371938
0.65138367
0.66615634
0.71469214
0.71469214
0.71469214
0.71469214
0.71469214
0.65902949
0.65902949
0.65902949
0.65902949
0.63814983
0.63814983
0.63814983
0.66347935
0.69626277
0.69626277
0.69626277
0.69626277
0.69626277
0.69626277
0.69626277
0.71835402
0.79958364
0.79958364
0.79958364
0.79851529
0.71962988
0.71962988
0.71962988
0.75140747
0.75469141
0.75469141
0.75472626
0.7558525
0.7558525
0.7558525
0.74694618
0.73269702
0.73269702
0.73269702
0.73269702
0.73269702
0.73269702
0.66268752
0.66268752
0.66268752
0.66268752
0.66268752
0.68494224
0.77767392
0.84154097
0.84154097
0.84154097
0.79304739
0.69989725
0.69678274
0.69678274
0.69678274
0.65855639
0.65855639
0.65855639
0.70603113
0.77219489
0.77219489
0.77930518
0.77930518
0.77930518
0.74497195
0.69161124
0.64165116
0.63450956
0.63450956
0.61937109
0.61937109
0.61937109
0.68084626
0.76884963
0.76884963
0.76884963
0.76884963
0.76884963
0.76884963
0.76884963
0.76884963
0.76884963
0.76884963
0.76884963
0.76884963
0.76884963
0.75804909
0.71102108
0.71102108
0.71102108
0.76299601
0.79276906
0.79477745
0.79477745
0.79477745
0.7896808
0.78335066
0.78335066
0.78335066
0.74898245
0.74898245
0.74898245
0.74898245
0.74898245
0.74898245
0.74898245
0.74898245
0.74898245
0.75077284
0.75077284
0.75077284
0.75077284
0.77599043
0.77599043
0.77599043
0.67372294
0.65867256
0.65867256
0.65867256
0.65867256
0.65867256
0.65541106
0.65541106
0.65541106
0.65541106
0.65541106
0.65541106
0.60919256
0.60738411
0.60738411
0.60738411
0.64583616
0.64583616
0.70641008
0.70641008
0.71474862
0.81358498
0.81358498
0.81358498
0.8047609
0.76861222
0.76271881
0.75872718
0.75872718
0.75872718
0.75872718
0.75872718
0.60723953
0.56547112
0.56547112
0.56547112
0.60409369
0.76385858
0.76385858
0.76385858
0.74054086
0.73427353
0.72890554
0.71659194
0.64130182
0.62614991
0.60569111
0.56685991
0.56685991
0.56685991
0.56685991
0.56329715
0.5201273
0.5201273
0.5201273
0.52676893
0.52676893
0.52676893
0.52676893
0.54333015
0.61136814
0.68777157
0.69026164
0.69026164
0.69026164
0.69026164
0.69026164
0.69026164
0.69026164
0.69026164
0.69026164
0.66473965
0.66473965
0.66473965
0.66473965
0.66473965
0.66473965
0.66473965
0.66473965
0.66473965
0.66473965
0.66473965
0.66473965
0.66473965
0.66473965
0.66473965
0.66473965
0.61308527
0.61308527
0.61308527
0.7944174
0.7944174
0.79657136
0.80892083
0.80892083
0.80892083
0.78998691
0.78998691
0.78998691
0.8042981
0.82665749
0.82665749
0.82665749
0.6375954
0.5589793
0.51761125
0.46273911
0.46273911
0.46273911
0.53682158
0.64917879
0.64917879
0.64917879
0.64917879
0.64917879
0.64917879
0.63620881
0.63620881
0.63620881
0.65217944
0.74408402
0.74408402
0.74408402
0.74408402
0.71529022
0.71529022
0.71529022
0.82996194
0.82996194
0.82996194
0.82996194
0.82996194
0.79448508
0.78649336
0.78649336
0.78649336
0.78649336
0.78649336
0.79370204
0.79370204
0.79370204
0.77166562
0.77166562
0.65739631
0.64743327
0.64743327
0.55336026
0.55336026
0.55336026
0.70206961
0.70206961
0.70206961
0.72245829
0.72245829
0.72245829
0.70164489
0.70164489
0.70164489
0.71705352
0.71705352
0.71705352
0.52368714
0.52368714
0.47542753
0.47542753
0.47542753
0.48981104
0.48981104
0.48981104
0.48981104
0.54138065
0.5459169
0.5878605
0.62967368
0.62967368
0.62967368
0.62484698
0.62484698
0.62484698
0.62484698
0.62484698
0.62484698
0.62484698
0.61133107
0.61133107
0.61133107
0.61133107
0.57442642
0.57442642
0.57442642
0.59359482
0.67368819
0.67368819
0.67368819
0.67368819
0.67368819
0.67368819
0.67368819
0.67368819
0.67368819
0.67643952
0.67992702
0.68186875
0.70140021
0.70140021
0.70140021
0.68166547
0.68166547
0.64780251
0.63387129
0.63387129
0.60377435
0.65956563
