0.23273518
0.40861997
0.44802022
0.44802022
0.44802022
0.44802022
0.52442503
0.67209376
0.67384859
0.67384859
0.67384859
0.58434002
0.5128107
0.5128107
0.5128107
0.5128107
0.5128107
0.46731144
0.46731144
0.46731144
0.50835811
0.56939412
0.56939412
0.56939412
0.52278473
0.32403062
0.05804016
0.05804016
0.05804016
0.06477674
0.06477674
0.06477674
0.38225873
0.39077876
0.48407572
0.52059862
0.52059862
0.52059862
0.52059862
0.65988549
0.65988549
0.65988549
0.33372719
0.33372719
0.33372719
0.61359196
0.61359196
0.61359196
0.55799521
0.55799521
0.55799521
0.55799521
0.54047575
0.54047575
0.46005556
0.46005556
0.46005556
0.46005556
0.46005556
0.42569991
0.38999018
0.34181628
0.34181628
0.34181628
0.26784374
0.26784374
0.26784374
0.26784374
0.26784374
0.27856573
0.27856573
0.27856573
0.26614085
0.26614085
0.26614085
0.35176362
0.35176362
0.35176362
0.35176362
0.35176362
0.35176362
0.35176362
0.35176362
0.35176362
0.34028017
0.28235435
0.28235435
0.28235435
0.28235435
0.28235435
0.28235435
0.28235435
0.24549273
0.24549273
0.24549273
0.20254619
0.20254619
0.20254619
0.20254619
0.20254619
0.20254619
0.34130998
0.46894812
0.46894812
0.49526623
0.49526623
0.65404283
0.65404283
0.65404283
0.65404283
0.6478448
0.50371716
0.46214206
0.44371534
0.44371534
0.39745216
0.35910175
0.35910175
0.35910175
0.46042694
0.52806368
0.52806368
0.52806368
0.52806368
0.49395534
0.49395534
0.49395534
0.49395534
0.49395534
0.43775837
0.43775837
0.43775837
0.43775837
0.40879975
0.29947896
0.29947896
0.29947896
0.12020059
0.12020059
0.12020059
0.07508191
0.07508191
0.07508191
0.07508191
0.07203089
0.07203089
0.07203089
0.2515079
0.39860677
0.45985654
0.45985654
0.45985654
0.45985654
0.45985654
0.45985654
0.6674952
0.6674952
0.6674952
0.41168299
0.41168299
0.39135854
0.39135854
0.39135854
0.39135854
0.39135854
0.39135854
0.44982215
0.44982215
0.55225366
0.60365359
0.60749546
0.6850843
0.76928184
0.76928184
0.76928184
0.76928184
0.76928184
0.76928184
0.76928184
0.78988152
0.78988152
0.78988152
0.7209297
0.7209297
0.7209297
0.7209297
0.72317155
0.72317155
0.72317155
0.63538538
0.50029018
0.50029018
0.38693993
0.38693993
0.38693993
0.38693993
0.38693993
0.38693993
0.51039306
0.51039306
0.59392209
0.59392209
0.59392209
0.59392209
0.59392209
0.59392209
0.59392209
0.46692729
0.46692729
0.46692729
0.48292076
0.48292076
0.48292076
0.48292076
0.43876487
0.43876487
0.43876487
0.49880066
0.55232583
0.56498828
0.56498828
0.56498828
0.51791194
0.43238382
0.43238382
0.43238382
0.43238382
0.43238382
0.38377822
0.38377822
0.38377822
0.39334941
0.39334941
0.39334941
0.32786388
0.32786388
0.32786388
0.39014726
0.39014726
0.39014726
0.39014726
0.43586824
0.43586824
0.43586824
0.43586824
0.43586824
0.54636426
0.59406351
0.59406351
0.59406351
0.59406351
0.59406351
0.59406351
0.5077098
0.5077098
0.5077098
0.55039449
0.55039449
0.55039449
0.57523582
0.59928845
0.59928845
0.59928845
0.59327455
0.32276263
0.32276263
0.32276263
0.51923637
0.58282818
0.72336181
0.72336181
0.72336181
0.72336181
0.72336181
0.72336181
0.72336181
0.69063099
0.69063099
0.67441672
0.67441672
0.67441672
0.67441672
0.67441672
0.67441672
0.5288261
0.5288261
0.5288261
0.61996958
0.61996958
0.61996958
0.57824067
0.52936791
0.52936791
0.51441282
0.51441282
0.51441282
0.51441282
0.51441282
0.51441282
0.56548277
0.69603378
0.69603378
0.69603378
0.69603378
0.69603378
0.69603378
0.58333599
0.58333599
0.58333599
0.65882821
0.65882821
0.65882821
0.65933702
0.71781954
0.76002328
0.76002328
0.76002328
0.76002328
0.76002328
0.76002328
0.64892631
0.64892631
0.57623527
0.57623527
0.57623527
0.58550417
0.58550417
0.58550417
0.50849284
0.50849284
0.50849284
0.57670591
0.57670591
0.57670591
0.61610482
0.61610482
0.61610482
0.61610482
0.67728853
0.67728853
0.67728853
0.67728853
0.67728853
0.66966127
0.66966127
0.66966127
0.75501249
0.81078137
0.85258492
0.85258492
0.85258492
0.85258492
0.85258492
0.84238909
0.84238909
0.84238909
0.66474019
0.66474019
0.66474019
0.52861635
0.52861635
0.52861635
0.78116971
0.83289443
0.83289443
0.83289443
0.58537536
0.58537536
0.47720099
0.47720099
0.47720099
0.63457141
0.63457141
0.63457141
0.62194882
0.59960027
0.59960027
0.59960027
0.6697588
0.81422154
0.81422154
0.81422154
0.74129958
0.74129958
0.74129958
0.74129958
0.41580313
0.41580313
0.41580313
0.51329065
0.51329065
0.51329065
0.49075031
0.49075031
0.49075031
0.58601163
0.58608396
0.63182709
0.63182709
0.64486019
0.64486019
0.64486019
0.64486019
0.57568965
0.57568965
0.4709621
0.4709621
0.43455258
0.43455258
0.43455258
0.45538753
0.45538753
0.45538753
0.35594863
0.35594863
0.35594863
0.35594863
0.35594863
0.35594863
0.42074999
0.64535926
0.64535926
0.87507355
0.87507355
0.87507355
0.69804603
0.69804603
0.69804603
0.69804603
0.69804603
0.6709193
0.62048984
0.51291946
0.51291946
0.51291946
0.6889613
0.6889613
0.6889613
0.6889613
0.6889613
0.6889613
0.6889613
0.6889613
0.62392121
0.5312559
0.5312559
0.5312559
0.53191432
0.53586345
0.58123214
0.58123214
0.58123214
0.58831073
0.58831073
0.58831073
0.58831073
0.59215164
0.59215164
0.59215164
0.59081286
0.57627821
0.57260123
0.56927444
0.56927444
0.48159876
0.4494498
0.4494498
0.4494498
0.49403967
0.55059925
0.55059925
0.62786688
0.68280524
0.75821294
0.88695606
0.88695606
0.88695606
0.88695606
0.70123809
0.54289585
0.34132371
0.26134666
0.26134666
0.26134666
0.44065689
0.62233778
0.62233778
0.62233778
0.62233778
0.62233778
0.62233778
0.62233778
0.62233778
0.58977621
0.58977621
0.58977621
0.50867624
0.50867624
0.50867624
0.50867624
0.61784456
0.61784456
0.61784456
0.55397794
0.55397794
0.55397794
0.54987195
0.54987195
0.54987195
0.56002693
0.60802315
0.60802315
0.60802315
0.56941987
0.55778014
0.53934595
0.51712471
0.51712471
0.51712471
0.51712471
0.50074478
0.50074478
0.50074478
0.43613524
0.43613524
0.43613524
0.46386349
0.46386349
0.46386349
0.46386349
0.41578155
0.41578155
0.41578155
0.55934791
0.58197947
0.58197947
0.650842
0.65458919
0.65458919
0.74096906
0.74742548
0.74742548
0.77770799
0.83635464
0.83635464
0.83635464
0.82098312
0.82098312
0.82098312
0.82098312
0.82098312
0.78337413
0.77326859
0.77326859
0.77326859
0.77326859
0.76845436
0.71576205
0.71576205
0.69393066
0.69393066
0.69393066
0.70588243
0.72203487
0.72203487
0.72203487
0.67619652
0.65702379
0.65702379
0.65702379
0.65702379
0.65702379
0.68342377
0.68427056
0.68427056
0.68427056
0.68207183
0.68171819
0.67797558
0.67480583
0.67480583
0.67480583
0.62716459
0.62541131
0.62541131
0.62541131
0.62541131
0.62541131
0.62541131
0.62541131
0.66806125
0.68559788
0.68559788
0.72829876
0.72829876
0.72829876
0.72829876
0.72829876
0.71953902
0.69450013
0.68978916
0.68978916
0.68978916
0.68978916
0.68977296
0.68977296
0.65698163
0.63976483
0.63976483
0.63976483
0.63996408
0.63996408
0.63996408
0.62036808
0.62036808
0.62036808
0.62847529
0.6517111
0.6517111
0.6517111
0.6517111
0.6517111
0.6517111
0.6517111
0.6517111
0.6517111
0.6517111
0.6517111
0.6517111
0.6517111
0.6517111
0.63777512
0.62972724
0.59865426
0.56792365
0.56792365
0.56792365
0.56792365
0.56792365
0.59786379
0.64048281
0.64048281
0.64048281
0.65501289
0.72367747
0.72367747
0.72367747
0.70740519
0.61474715
0.61474715
0.61474715
0.53733581
0.53733581
0.53733581
0.53733581
0.53733581
0.57151075
0.68068403
0.7142708
0.71705709
0.71705709
0.71705709
0.70326446
0.54698752
0.54698752
0.51321755
0.51321755
0.51321755
0.55086452
0.55086452
0.55086452
0.66481175
0.68260772
0.74670218
0.76823545
0.76823545
0.76823545
0.71813918
0.67217028
0.67217028
0.56011968
0.56011968
0.56011968
0.56011968
0.56011968
0.56011968
0.56011968
0.54720128
0.54720128
0.49992796
0.49992796
0.49992796
0.51344162
0.51344162
0.51344162
0.51344162
0.51344162
0.52223034
0.52223034
0.52223034
0.482824
0.46453316
0.46453316
0.46453316
0.51664645
0.51664645
0.51664645
0.51664645
0.51610845
0.51610845
0.51610845
0.55608907
0.55608907
0.55608907
0.54613885
0.54613885
0.54613885
0.56170961
0.56170961
0.56170961
0.56170961
0.56170961
0.56170961
0.55321571
0.55321571
0.55321571
0.55321571
0.53969979
0.51278034
0.51278034
0.51278034
0.51278034
0.49118752
0.40812263
0.40812263
0.40812263
0.4278549
0.4278549
0.4278549
0.49343184
0.61640652
0.61640652
0.61640652
0.61640652
0.61640652
0.61640652
0.61640652
0.61640652
0.66285483
0.66285483
0.66285483
0.54915932
0.54915932
0.54915932
0.54915932
0.54915932
0.46714943
0.39184634
0.36653303
0.23942751
0.23942751
0.23942751
0.22749424
0.22749424
0.22749424
0.41231872
0.44672303
0.49385666
0.53693293
0.53856579
0.57561828
0.57561828
0.58612308
0.58612308
0.62150684
0.62150684
0.62150684
0.62150684
0.58063327
0.58063327
0.58063327
0.54380446
0.43996469
0.25924015
0.23010517
0.23010517
0.23010517
0.29871558
0.39694262
0.43055593
0.43055593
0.43055593
0.43055593
0.43055593
0.54242617
0.55862043
0.73087819
0.73087819
0.73087819
0.71287515
0.68669332
0.68669332
0.68669332
0.68669332
0.62464585
0.62464585
0.62464585
0.59835675
0.59835675
0.59835675
0.75905684
0.75905684
0.75905684
0.75905684
0.75905684
0.68248311
0.68248311
0.68248311
0.68299972
0.77561041
0.77561041
0.77561041
0.68403961
0.68403961
0.67161474
0.67161474
0.67161474
0.7096083
0.7096083
0.7096083
0.67405049
0.67405049
0.67405049
0.68325718
0.74856901
0.74856901
0.75570351
0.75570351
0.78995023
0.78995023
0.78995023
0.73890507
0.72347268
0.70422325
0.70422325
0.68914566
0.68914566
0.68914566
0.68914566
0.68914566
0.68914566
0.68914566
0.66142464
0.66038952
0.6252094
0.59614313
0.59614313
0.59614313
0.59614313
0.59614313
0.62207651
0.62207651
0.62207651
0.59764927
0.59764927
0.5375982
0.42526171
0.42526171
0.42526171
0.47853
0.47987201
0.47987201
0.47987201
0.40940205
0.30919672
0.23670436
0.23670436
0.23670436
0.23670436
0.23670436
0.23670436
0.23670436
0.31461418
0.31490199
0.40254617
0.4936454
0.51449582
0.51449582
0.51449582
0.4560992
0.42983222
0.35859429
0.35859429
0.35859429
0.43362773
0.47841723
0.47841723
0.50471357
0.50471357
0.50471357
0.50471357
0.54813051
0.54813051
0.54813051
0.54813051
0.54813051
0.62153204
0.62153204
0.63641211
0.63641211
0.63641211
0.63641211
0.63641211
0.63641211
0.63641211
0.62490635
0.62490635
0.60281007
0.59527691
0.58954548
0.58954548
0.58954548
0.60617103
0.60617103
0.60617103
0.58186786
0.56696256
0.54340292
0.54340292
0.54340292
0.54340292
0.54340292
0.62609416
0.78953553
0.92229173
0.92229173
0.92229173
0.92229173
0.92229173
0.8366737
0.74227614
0.67380354
0.67380354
0.67380354
0.75771541
0.75771541
0.75771541
0.65827478
0.52877285
0.52877285
0.52877285
0.53992193
0.53992193
0.53992193
0.53992193
0.53992193
0.53992193
0.52857399
0.52857399
0.52857399
0.52857399
0.53327696
0.53327696
0.53327696
0.46946435
0.39846423
0.39846423
0.39846423
0.4046069
0.4046069
0.4046069
0.4046069
0.48661759
0.55627131
0.55627131
0.56108878
0.56524001
0.56524001
0.56524001
0.56524001
0.56524001
0.56524001
0.6343176
0.6343176
0.6343176
0.50082684
0.49333966
0.49333966
0.49333966
0.49333966
0.49333966
0.40934134
0.32224737
0.24493545
0.23940081
0.23940081
0.23940081
0.24752156
0.24752156
0.24752156
0.24752156
0.25332532
0.27079534
0.2853485
0.2853485
0.28984937
0.29031771
0.29031771
0.29031771
0.29031771
0.29031771
0.29031771
0.29031771
0.29206411
0.29206411
0.29206411
0.31023873
0.31023873
0.31361111
0.31361111
0.31361111
0.31361111
0.31361111
0.32360007
0.32360007
0.32360007
0.32360007
0.32360007
0.33922444
0.35737901
0.39829075
0.4113891
0.41423382
0.41423382
0.41423382
0.41423382
0.41423382
0.52473
0.54822935
0.61205473
0.62692891
0.62692891
0.64397066
0.66750532
0.66750532
0.66750532
0.66750532
0.66750532
0.82845237
0.82845237
0.82845237
0.76643884
0.76643884
0.69405815
0.69405815
0.598668
0.598668
0.598668
0.598668
0.598668
0.598668
0.64461685
0.65983721
0.65983721
0.65983721
0.65983721
0.65983721
0.65983721
0.78004295
0.78004295
0.78004295
0.72039419
0.69561543
0.54024198
0.54024198
0.54024198
0.77246494
0.78857594
0.78857594
0.78857594
0.78857594
0.78857594
0.78857594
0.78857594
0.78857594
0.78857594
0.76017918
0.76017918
0.74533574
0.74533574
0.74533574
0.66758565
0.66758565
0.66758565
0.66758565
0.48800865
0.48800865
0.48800865
0.56039888
0.56039888
0.56039888
0.51326487
0.51326487
0.51326487
0.54997995
0.67746104
0.67746104
0.67746104
0.62994615
0.62994615
0.62994615
0.62994615
0.53623884
0.52325326
0.52325326
0.52325326
0.52325326
0.52325326
0.52325326
0.26023233
0.26023233
0.26023233
0.43978109
0.43978109
0.43978109
0.43978109
0.43978109
0.48622062
0.48622062
0.48622062
0.48622062
0.56821623
0.6497389
0.6497389
0.6497389
0.6358556
0.58981821
0.58981821
0.42853318
0.42853318
0.42853318
0.42853318
0.42853318
0.414309
0.34745095
0.28654451
0.28654451
0.28654451
0.48062966
0.48062966
0.48062966
0.48062966
0.4460341
0.4460341
0.4460341
0.35306919
0.35306919
0.35306919
0.3937189
0.3937189
0.3937189
0.3937189
0.3937189
0.58518261
0.58518261
0.58518261
0.58518261
0.58518261
0.6679393
0.76873241
0.76873241
0.76873241
0.8305318
0.8305318
0.8305318
0.77490143
0.74732206
0.72014058
0.72014058
0.72014058
0.72014058
0.72014058
0.73966102
0.73966102
0.73966102
0.70934434
0.69357113
0.48259478
0.48259478
0.48259478
0.42638216
0.33644977
0.33644977
0.33644977
0.45564137
0.52996371
0.52996371
0.52996371
0.52996371
0.52996371
0.55777556
0.55777556
0.55777556
0.55777556
0.55777556
0.78425678
0.78425678
0.78425678
0.69150105
0.69150105
0.69150105
0.80298733
0.80298733
0.80298733
0.80298733
0.80298733
0.80298733
0.80298733
0.80298733
0.80298733
0.80298733
0.79507475
0.57279267
0.56425372
0.48371846
0.48371846
0.48371846
0.48371846
0.48371846
0.30755909
0.30755909
0.30755909
0.74473479
0.74473479
0.75998931
0.75998931
0.75998931
0.66015534
0.66015534
0.66015534
0.66015534
0.54839998
0.43180653
0.43180653
0.43180653
0.43180653
0.43180653
0.43180653
0.43180653
0.43180653
0.43180653
0.43180653
0.57662461
0.57662461
0.57662461
0.50439255
0.50439255
0.50439255
0.7066754
0.7066754
0.7066754
0.54412221
0.54412221
0.54412221
0.64322047
0.74852149
0.74852149
0.74852149
0.70509465
0.70509465
0.70509465
0.70837201
0.70837201
0.70837201
0.56248481
0.45713758
0.68066303
