0.71728314
0.71210872
0.71210872
0.71210872
0.71210872
0.71914435
0.71914435
0.71942291
0.72229289
0.73447291
0.73447291
0.73447291
0.71223845
0.64364369
0.6186594
0.6186594
0.6186594
0.62145047
0.62145047
0.62145047
0.56349448
0.56349448
0.56349448
0.58372875
0.58372875
0.60920812
0.61554031
0.61554031
0.61554031
0.61097654
0.49045218
0.48269279
0.48269279
0.48220648
0.48220648
0.48220648
0.48220648
0.48220648
0.55684098
0.55684098
0.58899193
0.58899193
0.58899193
0.6655096
0.6655096
0.6655096
0.65279009
0.65279009
0.65279009
0.63484801
0.54955667
0.54955667
0.54955667
0.57780201
0.60184072
0.63232477
0.65697711
0.65697711
0.65697711
0.65697711
0.69513822
0.69513822
0.69513822
0.67151883
0.6522603
0.6522603
0.6237733
0.58610867
0.58610867
0.58610867
0.68586104
0.68586104
0.68586104
0.68586104
0.68586104
0.68586104
0.68586104
0.68586104
0.68586104
0.70647714
0.75220006
0.75220006
0.75220006
0.75220006
0.73939194
0.69108373
0.61416794
0.56934873
0.56934873
0.56934873
0.65049326
0.74992176
0.78532753
0.78532753
0.85021483
0.85021483
0.85021483
0.75802758
0.75802758
0.66627222
0.59519875
0.59519875
0.59519875
0.72586435
0.72586435
0.72586435
0.81196196
0.8176067
0.85469912
0.85469912
0.85469912
0.85469912
0.85469912
0.85557517
0.85557517
0.85557517
0.83986134
0.83986134
0.83986134
0.8567637
0.8567637
0.87736651
0.87736651
0.87736651
0.86022459
0.8212351
0.76207503
0.75823754
0.75823754
0.75823754
0.75823754
0.7423266
0.7423266
0.7423266
0.8222234
0.83118373
0.83118373
0.85288587
0.85288587
0.85288587
0.86105969
0.87306247
0.87749519
0.90938192
0.9262414
0.93346862
0.93346862
0.93346862
0.9004428
0.89516079
0.88277243
0.88277243
0.88277243
0.91560755
0.92257474
0.92257474
0.92257474
0.90559526
0.89548776
0.87286324
0.87286324
0.87286324
0.84211081
0.82174097
0.82174097
0.82174097
0.82174097
0.82174097
0.82685532
0.82685532
0.82685532
0.8159906
0.78369781
0.78369781
0.78369781
0.83548795
0.89537852
0.91073515
0.91073515
0.91073515
0.91073515
0.79197756
0.79197756
0.79197756
0.81397441
0.81397441
0.83604808
0.83604808
0.83604808
0.83604808
0.83604808
0.83329214
0.83329214
0.74857883
0.68234652
0.57206879
0.52849281
0.52849281
0.52849281
0.6397125
0.6397125
0.70897052
0.76068817
0.85190401
0.87728595
0.88549056
0.88549056
0.88549056
0.82961484
0.76710719
0.71162707
0.68251508
0.64430333
0.54174317
0.52994335
0.52994335
0.51268336
0.51268336
0.51268336
0.62265036
0.67907468
0.72747629
0.74574308
0.76967541
0.76967541
0.76967541
0.83415399
0.8425454
0.84273026
0.84273026
0.86946559
0.86946559
0.89400884
0.90500554
0.9154889
0.9154889
0.9154889
0.90996253
0.90996253
0.90996253
0.92442294
0.929508
0.929508
0.929508
0.929508
0.91762567
0.86876976
0.86620212
0.85464082
0.85464082
0.85464082
0.75659499
0.72313845
0.69432881
0.62864765
0.60672043
0.57931875
0.53683447
0.50366398
0.50366398
0.46828497
0.41371439
0.41196393
0.29890712
0.29890712
0.16390471
0.15478386
0.15478386
0.05196023
0.03815125
0.03815125
0.03792349
0.03792349
0.03792349
0.08921761
0.08921761
0.12345304
0.13557911
0.13557911
0.13557911
0.18114527
0.25690316
0.27639811
0.34275912
0.37998646
0.38747253
0.38747253
0.42544561
0.4748633
0.52253649
0.52253649
0.53632514
0.53632514
0.53632514
0.53632514
0.53532521
0.53532521
0.53532521
0.53108841
0.51882888
0.5133424
0.5049519
0.5049519
0.50370372
0.4831598
0.40655114
0.39256088
0.36129284
0.3595751
0.3595751
0.3595751
0.3737178
0.3737178
0.3737178
0.32327446
0.30348689
0.30348689
0.30348689
0.41603692
0.41603692
0.41603692
0.41603692
0.41603692
0.41603692
0.41603692
0.41345898
0.39379858
0.36939373
0.33228025
0.33228025
0.33228025
0.33761308
0.34253585
0.37646356
0.4354056
0.43827018
0.43827018
0.43827018
0.43192575
0.42643614
0.42643614
0.42643614
0.42643614
0.45213162
0.47020357
0.47020357
0.47020357
0.46739518
0.44162481
0.43865964
0.42829151
0.42829151
0.42829151
0.44501933
0.44501933
0.44501933
0.45808363
0.45905651
0.46618032
0.46618032
0.46618032
0.43404266
0.40781215
0.40781215
0.40781215
0.43480423
0.43480423
0.43480423
0.39784559
0.37967934
0.37967934
0.36205158
0.35574045
0.35574045
0.35574045
0.38081873
0.422389
0.43604704
0.43604704
0.43604704
0.43277071
0.40848945
0.40686826
0.40686826
0.40686826
0.41268319
0.41511306
0.41511306
0.41511306
0.40613508
0.39645723
0.39645723
0.38979894
0.38979894
0.38979894
0.39162608
0.39162608
0.39162608
0.38288183
0.38288183
0.38288183
0.39319377
0.39319377
0.39319377
0.39319377
0.39319377
0.39319377
0.38325321
0.38146746
0.38146746
0.38146746
0.38396994
0.38396994
0.38396994
0.3808008
0.3751438
0.3751438
0.3751438
0.3751438
0.3751438
0.3751438
0.3751438
0.38437823
0.41969208
0.41969208
0.43570793
0.45605623
0.47276239
0.47276239
0.49447483
0.49448872
0.50668055
0.50668055
0.50668055
0.45249866
0.35156044
0.34737088
0.34737088
0.34737088
0.35757027
0.35757027
0.35757027
0.35757027
0.34640994
0.32481032
0.30559975
0.30559975
0.30559975
0.30787881
0.37031536
0.37845719
0.37845719
0.38024426
0.39670397
0.4131423
0.4131423
0.43300878
0.43300878
0.43300878
0.43300878
0.43300878
0.43300878
0.43300878
0.43300878
0.43300878
0.42404739
0.42404739
0.40431348
0.37995253
0.37995253
0.37995253
0.39230666
0.4674542
0.50857852
0.50857852
0.50857852
0.50239233
0.50239233
0.50239233
0.50239233
0.50239233
0.50239233
0.50239233
0.50239233
0.50239233
0.46810981
0.44549053
0.44549053
0.44549053
0.40142826
0.40142826
0.40142826
0.40142826
0.40142826
0.3967627
0.36148952
0.35421132
0.35421132
0.35421132
0.35421132
0.35520827
0.38780251
0.42146706
0.42146706
0.42146706
0.42086165
0.42086165
0.42086165
0.42086165
0.42086165
0.40974329
0.35419668
0.35419668
0.35419668
0.35419668
0.35419668
0.35419668
0.35419668
0.38770117
0.38770117
0.38770117
0.38770117
0.36876768
0.328876
0.31312481
0.31312481
0.31312481
0.31312481
0.31312481
0.31312481
0.29914055
0.25480388
0.24167159
0.24167159
0.24167159
0.24167159
0.24167159
0.26934768
0.27073484
0.27073484
0.27073484
0.27073484
0.27073484
0.27073484
0.29365274
0.30226606
0.30645429
0.30645429
0.30645429
0.30645429
0.30645429
0.31554914
0.33230116
0.34362978
0.34362978
0.34362978
0.31623629
0.20941288
0.20500002
0.17355086
0.15082786
0.14326887
0.13826512
0.13826512
0.13826512
0.12839166
0.12839166
0.12839166
0.12839166
0.13735723
0.13735723
0.1380786
0.15692095
0.16898604
0.16898604
0.16898604
0.15923616
0.15734328
0.15734328
0.15734328
0.15734328
0.15734328
0.15888273
0.17795595
0.18313634
0.22212492
0.27519478
0.32623963
0.32623963
0.32623963
0.32623963
0.47069016
0.47069016
0.47069016
0.47069016
0.46375211
0.44810704
0.44810704
0.44810704
0.44810704
0.44810704
0.44810704
0.45562598
0.45562598
0.45562598
0.45139934
0.45139934
0.45139934
0.45139934
0.45139934
0.45139934
0.48422445
0.48422445
0.48422445
0.48422445
0.48422445
0.48422445
0.48422445
0.48422445
0.48422445
0.70203096
0.90218326
0.90218326
0.90218326
0.90218326
0.84799359
0.84799359
0.84799359
0.87929154
0.87929154
0.87929154
0.87929154
0.82512759
0.82512759
0.82512759
0.82512759
0.73367709
0.51554704
0.51554704
0.51554704
0.51554704
0.51554704
0.51554704
0.51554704
0.56674255
0.64217612
0.65007539
0.65007539
0.65007539
0.63709091
0.610673
0.50926627
0.50926627
0.50926627
0.53161281
0.60558839
0.62296345
0.62296345
0.62296345
0.56891968
0.48134911
0.47037946
0.47037946
0.47037946
0.47037946
0.47037946
0.40074096
0.40074096
0.40074096
0.478722
0.57412863
0.57412863
0.57412863
0.57412863
0.57412863
0.69754848
0.69754848
0.69754848
0.65456327
0.65094966
0.65094966
0.63169725
0.6308475
0.6308475
0.6308475
0.6308475
0.59840766
0.4593557
0.4593557
0.4593557
0.48084429
0.48765217
0.48765217
0.52630044
0.52630044
0.52630044
0.51694257
0.51694257
0.51694257
0.53657188
0.59824042
0.68143908
0.69004987
0.72173351
0.72173351
0.72173351
0.70323281
0.67857061
0.64827979
0.64827979
0.60870538
0.57411531
0.56312578
0.56312578
0.56312578
0.60628497
0.60628497
0.60628497
0.60628497
0.60628497
0.60628497
0.60628497
0.60628497
0.60628497
0.60628497
0.58903079
0.58903079
0.57267197
0.49859669
0.49859669
0.49859669
0.50374692
0.55660529
0.5703642
0.60596321
0.64889403
0.68717318
0.77821925
0.77821925
0.77821925
0.7426282
0.67335075
0.63785099
0.44159896
0.44159896
0.44159896
0.44319997
0.4573349
0.50666022
0.58524696
0.66507426
0.68508363
0.70789868
0.740074
0.740074
0.740074
0.740074
0.740074
0.76273437
0.79035144
0.813868
0.81730931
0.84771265
0.87477631
0.87477631
0.87477631
0.86666512
0.86253024
0.86253024
0.84761507
0.839682
0.80067714
0.77828725
0.76659951
0.76659951
0.76626175
0.76626175
0.76626175
0.76680932
0.76680932
0.78804608
0.78804608
0.78804608
0.78804608
0.80498477
0.84165649
0.90798087
0.95402525
0.95402525
0.95402525
0.9241792
0.9241792
0.86985803
0.85136525
0.85136525
0.85136525
0.85136525
0.83845505
0.81182463
0.80159982
0.80159982
0.80159982
0.80777568
0.81156563
0.81156563
0.81156563
0.81156563
0.82080635
0.82080635
0.82080635
0.80963181
0.80963181
0.80963181
0.83098169
0.83726321
0.85497976
0.85497976
0.85497976
0.82949963
0.82949963
0.80474013
0.80474013
0.79697833
0.63356861
0.63356861
0.63356861
0.69587528
0.69587528
0.69587528
0.74539324
0.78343582
0.82689165
0.85516806
0.86107225
0.86477432
0.86477432
0.86477432
0.86477432
0.86477432
0.86477432
0.86477432
0.86477432
0.86477432
0.86477432
0.86477432
0.86477432
0.87166468
0.87166468
0.87166468
0.86579772
0.86227588
0.85709652
0.85709652
0.8413005
0.81533945
0.79747272
0.79181915
0.78100628
0.76081802
0.76081802
0.74689696
0.74689696
0.74689696
0.75286091
0.77721543
0.78172347
0.78735475
0.78735475
0.78735475
0.77795802
0.77795802
0.76681411
0.74523766
0.74355968
0.71504624
0.6879198
0.63636938
0.63505561
0.61141845
0.56979109
0.55104605
0.54414701
0.54414701
0.54414701
0.54414701
0.54414701
0.54414701
0.54414701
0.54246261
0.53974686
0.53954586
0.53790957
0.41564029
0.41564029
0.41564029
0.41564029
0.41564029
0.41385262
0.39453968
0.36830574
0.33400007
0.33400007
0.33400007
0.34164872
0.34164872
0.38351607
0.43142796
0.43856504
0.43856504
0.43856504
0.42730607
0.42730607
0.42730607
0.42730607
0.42730607
0.45472676
0.47145233
0.47350558
0.47350558
0.47350558
0.44643593
0.4392912
0.42414019
0.42414019
0.42414019
0.43989302
0.43989302
0.43989302
0.45762123
0.46327495
0.46726277
0.46726277
0.46726277
0.43986883
0.40468095
0.40468095
0.40468095
0.43555895
0.43555895
0.43555895
0.40040978
0.378573
0.378573
0.35875195
0.35474545
0.35474545
0.35474545
0.38161527
0.42194558
0.43869028
0.43883061
0.43883061
0.43883061
0.40830263
0.40830263
0.40830263
0.4108371
0.41318952
0.41899282
0.41899282
0.41899282
0.40787223
0.39311143
0.39276487
0.38223204
0.38223204
0.38223204
0.39687911
0.39687911
0.39687911
0.38082171
0.38082171
0.38082171
0.39602533
0.39602533
0.39602533
0.39602533
0.39602533
0.39509159
0.38415348
0.38243498
0.38243498
0.38243498
0.38396129
0.38396129
0.38396129
0.37916885
0.37218688
0.37218688
0.37218688
0.37218688
0.37218688
0.37218688
0.37218688
0.38847544
0.41988278
0.42220055
0.43174207
0.4529249
0.47118558
0.47118558
0.49337997
0.49648681
0.506506
0.506506
0.506506
0.44780381
0.34575072
0.34401013
0.34401013
0.34401013
0.35489519
0.35489519
0.35489519
0.35489519
0.34627693
0.32399926
0.30804095
0.30804095
0.30804095
0.3108667
0.3729504
0.38371081
0.38371081
0.38371081
0.3973409
0.41408427
0.41408427
0.43831742
0.43831742
0.43831742
0.43831742
0.43831742
0.43831742
0.43831742
0.43831742
0.43831742
0.42484604
0.42484604
0.4086525
0.38091872
0.38091872
0.38091872
0.3896906
0.46767763
0.50626314
0.50626314
0.50626314
0.50281258
0.50281258
0.50281258
0.50281258
0.49898871
0.49898871
0.49898871
0.49898871
0.49898871
0.4706685
0.43816304
0.43816304
0.43816304
0.40258169
0.40243883
0.40243883
0.40243883
0.40243883
0.39980168
0.36443135
0.35510979
0.35510979
0.35201476
0.35201476
0.35201476
0.38572803
0.42793926
0.42793926
0.42793926
0.41937586
0.41937586
0.41937586
0.41937586
0.41937586
0.41241075
0.35311842
0.35311842
0.35311842
0.35355316
0.35355316
0.35355316
0.35355316
0.3868695
0.3868695
0.3868695
0.3868695
0.36958636
0.33615627
0.31749329
0.31749329
0.31749329
0.31749329
0.31749329
0.31749329
0.30400665
0.25356929
0.24177216
0.24177216
0.24177216
0.24177216
0.24177216
0.27568062
0.27568062
0.27568062
0.27568062
0.27568062
0.27568062
0.27568062
0.29728548
0.30596815
0.30700306
0.30700306
0.30700306
0.30700306
0.30700306
0.31572011
0.34115227
0.35417487
0.35417487
0.35417487
0.32649264
0.21430531
0.21430531
0.17733276
0.14831836
0.14298896
0.1395547
0.1395547
0.1395547
0.13009594
0.12853558
0.12853558
0.12853558
0.13802974
0.13802974
0.13802974
0.15435749
0.16817245
0.17027321
0.17027321
0.17027321
0.16761457
0.16761457
0.16761457
0.16761457
0.16761457
0.16761457
0.17489289
0.20319695
0.21814816
0.27686439
0.32379021
0.32379021
0.32379021
0.32379021
0.32379021
0.35530212
0.40355906
0.41018939
0.41018939
0.41018939
0.4175683
0.5048842
0.5194978
0.53278685
0.57191381
0.58938199
0.60015602
0.60015602
0.60015602
0.55193704
0.54678145
0.4900267
0.46927251
0.36810683
0.30470979
0.30354816
0.30354816
0.30354816
0.30354816
0.34481176
0.37872035
0.48647183
0.48647183
0.48647183
0.48647183
0.55016521
0.55016521
0.55016521
0.55016521
0.5099987
0.41778618
0.39612203
0.39612203
0.39612203
0.39612203
0.5136153
0.58466203
0.58466203
0.58466203
0.58466203
0.58466203
0.58466203
0.58102691
0.58102691
0.56555622
0.56555622
0.56555622
0.57219014
0.57219014
0.57219014
0.57219014
0.64947357
0.64947357
0.64947357
0.60132349
0.55823501
0.54770817
0.54770817
0.54770817
0.54770817
0.55258818
0.55258818
0.55258818
0.55258818
0.52837073
0.36276861
0.27042326
0.27042326
0.27042326
0.40768932
0.5683588
0.6087199
0.6087199
0.63682744
0.77853818
0.77853818
0.77853818
0.74892719
0.74892719
0.74892719
0.8086084
0.8086084
0.82628699
0.82628699
0.82628699
0.79823175
0.76176104
0.76176104
0.76176104
0.76176104
0.76176104
0.76176104
0.75479431
0.75256532
0.75046426
0.75046426
0.75046426
0.74976709
0.71862056
0.71862056
0.71862056
0.72969689
0.77169009
0.77169009
0.77169009
0.76070251
0.75438885
0.72498158
0.72498158
0.72498158
0.76926727
0.80460594
0.80521075
0.80521075
0.80521075
0.80521075
0.86110497
0.86110497
0.86110497
0.86110497
0.86110497
0.86110497
0.86110497
0.86110497
0.8613115
0.8613115
0.8613115
0.82981094
0.80803228
0.7026446
0.7026446
0.7026446
0.7026446
0.81086803
0.89400721
0.89400721
0.89400721
0.89400721
0.92827657
0.92827657
0.92827657
0.81289645
0.73073749
0.62512012
0.62512012
0.52917041
0.52917041
0.52917041
0.52917041
0.6537416
0.6537416
0.6537416
0.64851831
0.64851831
0.64851831
0.64851831
0.64851831
0.64851831
0.65721563
0.65721563
0.65721563
0.65419698
0.65419698
0.65419698
0.65419698
0.65419698
0.73191499
0.77663991
0.77663991
0.77663991
0.77663991
0.77663991
0.72113587
0.71293114
0.67155335
0.58040641
0.58040641
0.58040641
0.58040641
0.67793248
0.7983679
0.83870343
0.83870343
0.83870343
0.90152091
0.90152091
0.90152091
0.90152091
0.90152091
0.86833653
0.86833653
0.80747962
0.80747962
0.80747962
0.76352151
0.73350509
0.73350509
0.73350509
0.80087171
0.86708266
0.86708266
0.86708266
0.86806198
0.86806198
0.86806198
0.86806198
0.86253232
0.8583465
0.84754722
0.79557475
0.79557475
0.79557475
0.79707459
0.79707459
0.79707459
0.75802041
0.64529624
0.64529624
0.64529624
0.74541403
0.74541403
0.74541403
0.71807299
0.53660282
0.53660282
0.53660282
0.58466294
0.60485386
0.60485386
0.60485386
0.60485386
0.60485386
0.61994464
0.61994464
0.7154626
0.7154626
0.7154626
0.65678972
0.46050928
0.42965791
0.42965791
0.42965791
0.42965791
0.42965791
0.34042057
0.32218215
0.32218215
0.32218215
0.40208359
0.48559145
0.74007848
0.74007848
0.74007848
0.74007848
0.74007848
0.7936829
0.7936829
0.7936829
0.7936829
0.7328453
0.7328453
0.62957853
0.57050888
0.57050888
0.57050888
0.57374529
0.57374529
0.58591498
0.58591498
0.586113
0.60280196
0.60280196
0.61903796
0.62818466
0.62818466
0.63336311
0.64051203
0.65545652
0.68217211
0.71347602
0.74322373
0.75330628
0.75330628
0.75330628
0.75330628
0.75330628
0.75330628
0.75330628
0.75330628
0.75330628
0.74594918
0.72169211
0.70215337
0.70215337
0.70215337
0.70215337
0.69298245
0.67760846
0.67760846
0.67760846
0.67760846
0.68595952
0.68595952
0.68595952
0.68595952
0.68595952
0.72732743
0.76977434
0.77519925
0.77519925
0.77519925
0.77519925
0.78787348
0.78787348
0.81177022
0.81880511
0.81946701
0.81946701
0.81946701
0.82829077
0.82829077
0.83839902
0.83839902
0.83839902
0.83839902
0.83839902
0.86416174
0.88349052
0.89179733
0.90675974
0.92505763
0.92505763
0.92505763
0.92505763
0.89408042
0.88342746
0.88342746
0.88342746
0.86780002
0.84322746
0.78995212
0.78995212
0.78995212
0.88422759
0.88422759
0.88422759
0.86222089
0.77175794
0.77175794
0.77175794
0.72322304
0.72322304
0.72322304
0.78633165
0.78633165
0.78633165
0.77092868
0.71160568
0.67632307
0.67632307
0.67632307
0.66351405
0.66351405
0.66351405
0.62791923
0.59558746
0.58056154
0.58026279
0.58026279
0.58026279
0.56523732
0.56523732
0.56523732
0.56523732
0.56523732
0.56523732
0.64316454
0.64764196
0.64764196
0.64764196
0.64764196
0.64764196
0.63301192
0.57684152
0.57684152
0.57684152
0.50795742
0.50795742
0.50795742
0.56332679
0.69487849
0.69487849
0.69487849
0.57438552
0.57438552
0.57438552
0.62747988
0.62747988
0.62747988
0.59085956
0.59085956
0.59085956
0.59085956
0.59085956
0.59085956
0.59085956
0.59085956
0.59085956
0.52203764
0.52203764
0.52203764
0.52203764
0.52203764
0.53690006
0.53690006
0.54356702
0.54356702
0.54356702
0.54356702
0.54356702
0.54356702
0.76627223
0.76627223
0.76627223
0.8223534
0.8223534
0.83292434
0.83292434
0.83292434
0.86966075
0.9199923
0.9199923
0.9199923
0.90685808
0.88941054
0.88941054
0.78629817
0.71035632
0.71035632
0.71035632
0.57292124
0.47089997
0.44303932
0.40486731
0.40486731
0.40486731
0.4472274
0.44742408
0.44742408
0.44742408
0.44742408
0.49614369
0.52825685
0.55197307
0.55197307
0.55197307
0.5377298
0.5377298
0.5377298
0.58606055
0.58606055
0.58606055
0.53960819
0.49518605
0.45897013
0.45123255
0.45123255
0.43152328
0.43152328
0.4279019
0.4279019
0.4279019
0.43162433
0.4596407
0.46456242
0.46456242
0.47561995
0.47561995
0.48179415
0.48219723
0.48219723
0.48219723
0.48219723
0.48219723
0.48219723
0.48219723
0.48219723
0.48465232
0.48465232
0.49196278
0.51151243
0.52256788
0.52256788
0.52256788
0.51748535
0.51748535
0.51748535
0.51528954
0.50188197
0.50132932
0.50132932
0.48900061
0.48900061
0.48900061
0.48900061
0.46036536
0.46036536
0.46036536
0.55576317
0.55576317
0.55576317
0.55576317
0.55576317
0.54314139
0.53748426
0.53748426
0.53748426
0.52181542
0.52181542
0.48657406
0.4102178
0.39656798
0.39656798
0.39656798
0.39656798
0.40962315
0.51414479
0.61948884
0.61948884
0.61948884
0.61948884
0.62134554
0.62134554
0.62134554
0.62134554
0.62134554
0.58741394
0.58741394
0.58741394
0.58741394
0.58741394
0.58741394
0.60314421
0.60314421
0.60314421
0.59969513
0.55644209
0.55644209
0.55644209
0.52475815
0.52475815
0.52475815
0.52475815
0.52475815
0.52654374
0.52654374
0.52654374
0.52654374
0.53836986
0.61164501
0.61164501
0.61164501
0.61164501
0.61164501
0.61164501
0.59916085
0.57285773
0.57285773
0.57285773
0.57285773
0.57285773
0.57285773
0.57285773
0.57285773
0.57285773
0.57285773
0.57285773
0.57285773
0.57285773
0.57285773
0.57285773
0.54637614
0.54637614
0.52259717
0.52259717
0.4222953
0.37454498
0.37454498
0.37454498
0.39762365
0.4301433
0.4301433
0.4301433
0.45733595
0.45733595
0.45733595
0.45733595
0.45733595
0.45733595
0.45733595
0.45733595
0.45733595
0.4297141
0.37072648
0.37072648
0.37072648
0.37072648
0.37072648
0.45700193
0.45700193
0.45700193
0.48535471
0.48535471
0.48535471
0.60275144
0.60275144
0.60275144
0.56475055
0.42002848
0.37436669
0.37436669
0.37436669
0.53235542
0.53235542
0.53235542
0.53322264
0.56061628
0.56061628
0.56061628
0.56061628
0.56061628
0.55557785
0.43103534
0.43103534
0.43103534
0.4920919
0.59701661
0.59701661
0.59701661
0.53953525
0.52314654
0.52314654
0.52314654
0.67270244
0.70826752
0.70826752
0.75161709
0.80531595
0.83605121
0.83605121
0.83605121
0.83318766
0.80819623
0.80819623
0.80819623
0.81572846
0.84829637
0.84829637
0.84829637
0.82972171
0.80475134
0.80475134
0.80475134
0.88355672
0.88770954
0.88770954
0.88770954
0.82189432
0.80223018
0.78266079
0.78266079
0.78266079
0.79177179
0.79177179
0.79177179
0.79177179
0.79177179
0.79177179
0.68751735
0.68751735
0.68751735
0.68751735
0.68751735
0.68751735
0.68751735
0.68751735
0.68751735
0.68751735
0.67194462
0.66906823
0.66906823
0.66906823
0.66906823
0.66906823
0.66906823
0.57416014
0.514211
0.514211
0.514211
0.62944239
0.66607735
0.67787015
0.68347437
0.73824179
0.73824179
0.75027281
0.75027281
0.75027281
0.62069964
0.62069964
0.62069964
0.6400882
0.65755203
0.65755203
0.65755203
0.62855305
0.60755301
0.60755301
0.60755301
0.68244575
0.71208796
0.71208796
0.71208796
0.62783556
0.58519288
0.58519288
0.58519288
0.61644506
0.6522192
0.70919871
0.70919871
0.70919871
0.61130321
0.5798019
0.5798019
0.5798019
0.46472233
0.46472233
0.46472233
0.50952167
0.50952167
0.50952167
0.61475452
0.61475452
0.61475452
0.59519472
0.59519472
0.59519472
0.59519472
0.6058408
0.64070647
0.64070647
0.67101103
0.68198664
0.68823484
0.68823484
0.68823484
0.69974444
0.69974444
0.73820175
0.73820175
0.73820175
0.75171706
0.83485533
0.83485533
0.83485533
0.83485533
0.76333171
0.69556039
0.62754113
0.59897987
0.56880713
0.54340054
0.54340054
0.54340054
0.54340054
0.54340054
0.54340054
0.54340054
0.54340054
0.55375761
0.57552907
0.65704481
0.7058529
0.7058529
0.7058529
0.73417865
0.73417865
0.73417865
0.73417865
0.73417865
0.75319345
0.75319345
0.75319345
0.70927776
0.69127937
0.69127937
0.63661417
0.5094039
0.47194581
0.47194581
0.47194581
0.49615519
0.49615519
0.49615519
0.4332742
0.4332742
0.4332742
0.44346928
0.44346928
0.45728275
0.45728275
0.4790747
0.50271334
0.59099944
0.64710829
0.75375864
0.75524293
0.75524293
0.75524293
0.73984162
0.73984162
0.73984162
0.57526501
0.54465632
0.54465632
0.54465632
0.54465632
0.54465632
0.54465632
0.64055984
0.68868796
0.68868796
0.68868796
0.68868796
0.68868796
0.73857208
0.78001485
0.78001485
0.78001485
0.80233376
0.80261337
0.80261337
0.80261337
0.81638512
0.82367154
0.83758931
0.83758931
0.83758931
0.83758931
0.79123212
0.77309117
0.76270017
0.63903521
0.59073552
0.50200513
0.50200513
0.50200513
0.56638416
0.64182984
0.64182984
0.64182984
0.63798997
0.62689225
0.62689225
0.62689225
0.62689225
0.62689225
0.63069729
0.63451386
0.6391271
0.6391271
0.6391271
0.66374106
0.68417679
0.74968219
0.74968219
0.74968219
0.71504117
0.71504117
0.71504117
0.41269455
0.41269455
0.41269455
0.41274956
0.41274956
0.41274956
0.39485219
0.36742806
0.33369072
0.33369072
0.33369072
0.33701933
0.34176932
0.37477377
0.43014839
0.43427564
0.43427564
0.43427564
0.428659
0.42434105
0.42434105
0.42434105
0.42434105
0.45015938
0.46670129
0.46670129
0.46670129
0.46670129
0.44484731
0.44348018
0.43364694
0.43364694
0.43364694
0.44016098
0.44100491
0.44100491
0.45674669
0.45765217
0.46468003
0.46468003
0.46468003
0.43579446
0.40432243
0.40432243
0.40432243
0.43906226
0.43906226
0.43906226
0.39795857
0.38003532
0.38003532
0.36744747
0.35344184
0.35344184
0.35344184
0.38435792
0.42498128
0.43362196
0.43614492
0.43614492
0.43614492
0.40635431
0.40635431
0.40635431
0.40813256
0.41190744
0.41445577
0.41445577
0.41445577
0.40898038
0.3963692
0.3963692
0.38431846
0.38431846
0.38431846
0.39057846
0.39057846
0.39057846
0.38274538
0.38274538
0.38274538
0.39717038
0.39717038
0.39717038
0.39717038
0.39717038
0.3952349
0.38461542
0.37666593
0.37666593
0.37666593
0.38580739
0.38580739
0.38580739
0.3816501
0.36870387
0.36870387
0.36870387
0.36870387
0.36870387
0.36870387
0.36870387
0.38879931
0.42312007
0.42527241
0.43782499
0.45246832
0.46982246
0.46982246
0.49386927
0.49386927
0.50472326
0.50472326
0.50472326
0.44452093
0.34756186
0.34388637
0.34388637
0.34388637
0.35650159
0.35650159
0.35650159
0.35650159
0.34335601
0.32141803
0.31195526
0.30804544
0.30804544
0.30804544
0.36928388
0.38386519
0.38386519
0.38967313
0.39583896
0.41330626
0.41330626
0.43698151
0.43698151
0.43698151
0.43698151
0.43698151
0.43698151
0.43698151
0.43698151
0.43698151
0.42177087
0.42177087
0.40767423
0.37977171
0.37977171
0.37977171
0.3940812
0.46018065
0.50298518
0.50525977
0.50525977
0.50525977
0.50468889
0.50468889
0.50468889
0.49953043
0.49953043
0.49953043
0.49953043
0.49953043
0.47084993
0.44339769
0.43865605
0.43865605
0.39528781
0.39528781
0.39528781
0.40090116
0.40090116
0.40090116
0.36392144
0.35703168
0.35703168
0.35703168
0.35703168
0.35703168
0.38932476
0.42722283
0.42722283
0.42722283
0.42178313
0.42178313
0.42178313
0.42178313
0.42178313
0.4134252
0.35660082
0.35514657
0.35514657
0.35514657
0.35514657
0.35514657
0.35514657
0.38538506
0.38538506
0.38538506
0.38538506
0.35963309
0.33047688
0.3125097
0.3125097
0.3125097
0.3125097
0.3125097
0.3125097
0.30418181
0.25297945
0.23629616
0.23629616
0.23629616
0.23629616
0.23629616
0.27144545
0.27144545
0.27144545
0.27144545
0.27144545
0.27144545
0.27144545
0.29195876
0.30283619
0.30406166
0.30406166
0.30406166
0.30406166
0.30406166
0.31268336
0.34210783
0.3503589
0.3503589
0.3503589
0.32124724
0.20731137
0.20731137
0.17405225
0.15370798
0.14111238
0.13740058
0.13740058
0.13574457
0.13574457
0.13574457
0.13574457
0.13574457
0.13579955
0.13579955
0.13579955
0.14924059
0.1657568
0.1657568
0.1657568
0.16542262
0.16542262
0.16542262
0.16542262
0.16542262
0.16542262
0.16542262
0.17905214
0.18643553
0.21962513
0.27808491
0.33162491
0.33162491
0.33162491
0.33162491
0.60550994
0.60550994
0.60550994
0.60550994
0.60550994
0.60550994
0.60550994
0.61947149
0.62320871
0.62320871
0.66659772
0.66659772
0.66659772
0.66659772
0.66659772
0.66659772
0.66067396
0.66067396
0.66067396
0.6430296
0.6430296
0.6430296
0.6430296
0.6430296
0.65849804
0.65849804
0.65849804
0.61809795
0.61809795
0.59540377
0.59540377
0.59540377
0.59540377
0.59540377
0.5208038
0.5208038
0.5208038
0.5208038
0.5208038
0.51068989
0.51068989
0.51068989
0.51068989
0.47208419
0.47208419
0.47208419
0.47208419
0.50761936
0.61563506
0.61850756
0.61850756
0.61850756
0.45730471
0.45730471
0.45730471
0.5548372
0.64484523
0.64484523
0.64484523
0.56444898
0.56444898
0.56444898
0.53735992
0.53735992
0.53735992
0.64938077
0.64938077
0.64938077
0.64938077
0.64938077
0.62944688
0.62944688
0.62829974
0.62829974
0.62829974
0.62829974
0.62829974
0.62829974
0.62347411
0.62347411
0.62347411
0.62347411
0.62019362
0.62019362
0.62019362
0.62347471
0.63614626
0.73464207
0.73464207
0.73464207
0.69923721
0.62108581
0.62108581
0.62108581
0.72398596
0.75034695
0.75034695
0.75034695
0.75034695
0.75034695
0.75034695
0.75034695
0.74167443
0.74167443
0.74167443
0.74167443
0.74602748
0.76596228
0.76596228
0.76596228
0.71435101
0.71435101
0.71435101
0.71435101
0.66158872
0.51068838
0.51068838
0.51068838
0.46436081
0.4273243
0.4273243
0.4273243
0.62789832
0.62789832
0.62789832
0.6918392
0.76504767
0.76504767
0.76504767
0.64711368
0.53912786
0.53912786
0.53912786
0.53961117
0.53961117
0.53961117
0.53961117
0.53961117
0.53961117
0.3989382
0.3989382
0.3989382
0.54029428
0.54029428
0.61984257
0.61984257
0.65504061
0.65504061
0.65504061
0.67237336
0.82512386
0.82512386
0.84142514
0.84684362
0.84684362
0.84684362
0.84684362
0.73917315
0.65924496
0.61945326
0.55584328
0.55584328
0.55584328
0.61762001
0.61762001
0.61762001
0.61762001
0.61762001
0.61762001
0.61762001
0.6441733
0.6441733
0.6441733
0.5944255
0.5944255
0.55502372
0.47120589
0.44342878
0.44342878
0.44342878
0.52271433
0.57027903
0.57027903
0.57027903
0.57027903
0.57027903
0.57027903
0.55221726
0.55221726
0.55221726
0.55908327
0.55908327
0.55908327
0.55908327
0.55115321
0.50540369
0.45666688
0.45666688
0.45666688
0.45666688
0.45666688
0.45666688
0.46319647
0.51294294
0.51294294
0.55968986
0.56577591
0.56577591
0.59948905
0.61355895
0.70012464
0.7543273
0.7543273
0.7543273
0.74527653
0.66911947
0.66911947
0.66911947
0.66911947
0.620351
0.620351
0.620351
0.60471518
0.60471518
0.60471518
0.60471518
0.60471518
0.60471518
0.52105847
0.52105847
0.52105847
0.52105847
0.52105847
0.54805831
0.54805831
0.54805831
0.43231371
0.43231371
0.43231371
0.50387021
0.62726884
0.66925382
0.66925382
0.66925382
0.66925382
0.66004481
0.59425065
0.57768349
0.57768349
0.50811507
0.41094664
0.41081514
0.41081514
0.41081514
0.41081514
0.41081514
0.41081514
0.49486173
0.55990419
0.55990419
0.55990419
0.55990419
0.55990419
0.55990419
0.51060068
0.51060068
0.51060068
0.55300394
0.55640371
0.662794
0.662794
0.662794
0.59492959
0.59492959
0.59492959
0.59492959
0.52900796
0.52900796
0.52900796
0.52900796
0.3620586
0.3620586
0.3620586
0.43270856
0.44626272
0.49292179
0.49292179
0.49292179
0.56980184
0.56980184
0.56980184
0.56980184
0.4935786
0.36454089
0.33682835
0.25624693
0.25624693
0.25624693
0.38929217
0.40463537
0.40463537
0.40463537
0.40463537
0.40463537
0.41079212
0.43864216
0.43864216
0.43864216
0.43864216
0.6262994
0.75060743
0.82599961
0.82599961
0.90089652
0.90807815
0.90807815
0.94453796
0.94453796
0.94453796
0.9073284
0.9073284
0.9073284
0.9073284
0.92330315
0.95044915
0.95044915
0.95044915
0.93327092
0.81869855
0.81869855
0.81869855
0.84094168
0.84094168
0.84094168
0.59448064
0.59448064
0.59448064
0.58122476
0.53453701
0.53453701
0.53453701
0.65883444
0.70923712
0.70923712
0.70923712
0.70923712
0.70923712
0.70923712
0.70923712
0.70923712
0.69869594
0.62075748
0.49000295
0.3523706
0.3523706
0.29581131
0.29581131
0.29581131
0.45046261
0.49274051
0.49274051
0.49274051
0.49274051
0.49274051
0.60647775
0.60647775
0.6766323
0.6766323
0.6766323
0.63872987
0.59944839
0.46841096
0.42062268
0.37211722
0.35451947
0.35451947
0.35451947
0.4003763
0.44889999
0.46246702
0.47064907
0.47617722
0.47977112
0.47977112
0.4802716
0.4802716
0.48082664
0.48082664
0.48082664
0.49686328
0.49686328
0.50103611
0.50103611
0.50103611
0.50103611
0.50103611
0.50103611
0.50103611
0.50103611
0.50103611
0.50103611
0.5209673
0.54741885
0.59222909
0.62805688
0.66608064
0.66608064
0.66608064
0.65827401
0.58992868
0.47855849
0.47855849
0.47855849
0.45232681
0.45232681
0.45232681
0.53172401
0.67572097
0.67572097
0.67572097
0.58347453
0.56838031
0.56838031
0.56838031
0.56838031
0.56838031
0.56838031
0.56838031
0.56838031
0.65404707
0.75261045
0.75261045
0.75261045
0.75261045
0.67615704
0.67615704
0.67615704
0.67615704
0.67615704
0.64604214
0.64604214
0.55514938
0.55514938
0.55514938
0.55514938
0.55514938
0.55514938
0.60000508
0.62891277
0.69857055
0.7172597
0.75449391
0.75449391
0.75449391
0.71677757
0.71677757
0.71677757
0.71677757
0.65633419
0.65633419
0.5753227
0.5753227
0.5753227
0.5753227
0.6540674
0.66054469
0.66054469
0.68773376
0.68773376
0.68773376
0.64368253
0.61764227
0.61764227
0.61764227
0.61764227
0.61764227
0.61764227
0.61764227
0.63139431
0.72177909
0.76000265
0.76000265
0.76000265
0.66727486
0.65044617
0.63091505
0.63091505
0.62821499
0.57093868
0.55979597
0.55979597
0.55979597
0.55979597
0.55979597
0.56711405
0.6011984
0.63356159
0.65711624
0.65711624
0.65711624
0.58689894
0.57255869
0.57255869
0.42596419
0.37712368
0.37712368
0.37712368
0.37712368
0.37712368
0.55118265
0.70120513
0.70120513
0.70120513
0.59593625
0.51286837
0.51286837
0.49825655
0.36286456
0.36286456
0.36286456
0.57487989
0.72559296
0.72559296
0.72559296
0.68637649
0.6856164
0.6856164
0.6856164
0.74985527
0.74985527
0.74985527
0.72276992
0.72276992
0.72276992
0.74059481
0.79915278
0.876263
0.91679849
0.95049323
0.95049323
0.95049323
0.94111235
0.94111235
0.92933585
0.92379631
0.92379631
0.92379631
0.90410798
0.90410798
0.88068975
0.88068975
0.88068975
0.91485481
0.94391028
0.94963872
0.94963872
0.94963872
0.91594844
0.84548307
0.81130008
0.81130008
0.81130008
0.86182695
0.88589644
0.88589644
0.88589644
0.88589644
0.88589644
0.86111871
0.79302386
0.72255307
0.66677884
0.66677884
0.66677884
0.66677884
0.66677884
0.66677884
0.67250833
0.67250833
0.67250833
0.58889943
0.58889943
0.58889943
0.63523747
0.70653005
0.72159393
0.72159393
0.72159393
0.72159393
0.72159393
0.69936531
0.59051942
0.59051942
0.54571873
0.54571873
0.50797266
0.50797266
0.50797266
0.57790661
0.63700691
0.63700691
0.65475874
0.65475874
0.65475874
0.60042876
0.56488851
0.50908798
0.50908798
0.50908798
0.50908798
0.51533063
0.547821
0.74422128
0.74422128
0.74422128
0.71915198
0.45545052
0.45545052
0.45545052
0.45545052
0.45545052
0.55786468
0.74051337
0.74051337
0.74051337
0.67729658
0.62390586
0.58415137
0.47314766
0.47314766
0.47314766
0.4474148
0.4474148
0.4474148
0.63481574
0.72915951
0.80619215
0.80619215
0.80619215
0.80619215
0.78925139
0.72416127
0.57090834
0.35642328
0.2953083
0.28253631
0.28253631
0.28253631
0.31389403
0.38598553
0.41193239
0.47173538
0.56860657
0.70317378
0.82406458
0.82610346
0.82610346
0.82610346
0.59345634
0.44426148
0.44426148
0.44426148
0.44426148
0.51626305
0.61540745
0.61540745
0.61540745
0.52670785
0.33650285
0.1519768
0.1519768
0.1519768
0.28322077
0.32719624
0.45481239
0.56129626
0.56129626
0.56129626
0.56129626
0.44309238
0.37169698
0.37169698
0.37169698
0.49618315
0.58802995
0.58802995
0.58920282
0.58920282
0.58920282
0.58272448
0.48661202
0.48661202
0.48661202
0.48661202
0.48661202
0.48661202
0.5030091
0.57977964
0.58218318
0.60992159
0.61990819
0.61990819
0.61990819
0.61990819
0.61990819
0.65471915
0.66967512
0.66967512
0.66967512
0.57134308
0.57134308
0.52510503
0.52510503
0.52510503
0.60854161
0.60854161
0.60854161
0.44283816
0.44283816
0.44283816
0.45094607
0.48029073
0.48029073
0.48029073
0.64461
0.64461
0.64461
0.64067327
0.57440689
0.57440689
0.57440689
0.47538845
0.46889008
0.46889008
0.46889008
0.64156742
0.64156742
0.64156742
0.55243709
0.46039196
0.38450931
0.38450931
0.38450931
0.44573862
0.44573862
0.44573862
0.42911766
0.29940223
0.29940223
0.29940223
0.32514582
0.33526124
0.46885049
0.50822926
0.52972397
0.52972397
0.52972397
0.52124004
0.52124004
0.38444608
0.37588954
0.37588954
0.37588954
0.41195974
0.47667414
0.53843876
0.56512492
0.56512492
0.60849018
0.62380605
0.65290575
0.65290575
0.65290575
0.65010453
0.58795627
0.47977874
0.34519508
0.34519508
0.34519508
0.34519508
0.34519508
0.23762159
0.23762159
0.23762159
0.32550181
0.40893509
0.42868681
0.42868681
0.4358949
0.88633088
0.88633088
0.88633088
0.88633088
0.886097
0.886097
0.886097
0.88557022
0.8822114
0.8822114
0.87896035
0.87896035
0.87896035
0.87896035
0.88906859
0.88906859
0.88906859
0.87891284
0.87588581
0.87588581
0.87588581
0.87720346
0.87760666
0.87760666
0.87760666
0.87760666
0.87750745
0.8734948
0.86784259
0.86371519
0.86044515
0.86044515
0.85880544
0.85048173
0.84842863
0.84660152
0.84660152
0.84660152
0.84660152
0.84660152
0.84660152
0.84660152
0.84072498
0.83429834
0.83220357
0.82268787
0.82210922
0.82210922
0.82210922
0.82650786
0.831792
0.84900611
0.84900611
0.84900611
0.84898174
0.84576789
0.84576789
0.83811371
0.82644718
0.82644718
0.82644718
0.82199594
0.79799875
0.79799875
0.79706501
0.79706501
0.79706501
0.79706501
0.79706501
0.81067449
0.83689005
0.83955603
0.85186741
0.85855303
0.86565067
0.86565067
0.86565067
0.86565067
0.86634411
0.86634411
0.86634411
0.86448723
0.84339394
0.83772425
0.83772425
0.83772425
0.83348595
0.83348595
0.83348595
0.83909168
0.83909168
0.83909168
0.83909168
0.83909168
0.78980254
0.78966025
0.78966025
0.78966025
0.78167011
0.73968664
0.72071562
0.72071562
0.70901728
0.69035922
0.69035922
0.69035922
0.74805786
0.75179864
0.75179864
0.75179864
0.75179864
0.74668043
0.72037729
0.72037729
0.72037729
0.72567933
0.72585076
0.72585076
0.72585076
0.72585076
0.67274549
0.67274549
0.67274549
0.68515072
0.68515072
0.68515072
0.70054905
0.70727594
0.70727594
0.70727594
0.70727594
0.70727594
0.70727594
0.68178744
0.66868413
0.64918693
0.6240033
0.62161232
0.62161232
0.61033495
0.61033495
0.59727695
0.58585418
0.58158255
0.5596673
0.5596673
0.54236458
0.54236458
0.54236458
0.54236458
0.54236458
0.54236458
0.55134883
0.55827043
0.59365571
0.59365571
0.66286306
0.71474764
0.79917878
0.8199385
0.8199385
0.8199385
0.8131112
0.8131112
0.78254797
0.77018607
0.77018607
0.55763827
0.55249238
0.51985843
0.51985843
0.51985843
0.59788175
0.66641644
0.73291463
0.77836034
0.77836034
0.77836034
0.75112704
0.71977905
0.66945618
0.62710296
0.62710296
0.62710296
0.63637894
0.65472391
0.65472391
0.65946823
0.68853494
0.68853494
0.68853494
0.68853494
0.66205335
0.62052092
0.62052092
0.59366767
0.56398779
0.55274181
0.5304573
0.51707977
0.51541761
0.51541761
0.45598718
0.45598718
0.45251047
0.38222098
0.36352333
0.36352333
0.36352333
0.62825609
0.62825609
0.62825609
0.61053207
0.61053207
0.61053207
0.5849167
0.5849167
0.5849167
0.5849167
0.5849167
0.59395684
0.61978129
0.63022519
0.63022519
0.63022519
0.64771189
0.64771189
0.64771189
0.633325
0.633325
0.633325
0.55932881
0.55932881
0.55932881
0.56151998
0.572177
0.59856935
0.62821379
0.62821379
0.62821379
0.62821379
0.62821379
0.61933893
0.60483816
0.5453544
0.53411454
0.53411454
0.51119473
0.51119473
0.50932514
0.49770465
0.48686307
0.47549188
0.47549188
0.47549188
0.44084081
0.44084081
0.44084081
0.44084081
0.45391721
0.45391721
0.45391721
0.45391721
0.42386446
0.42386446
0.42386446
0.42386446
0.42386446
0.42386446
0.43538858
0.48247428
0.51896846
0.62141251
0.74805786
0.74805786
0.74805786
0.74805786
0.64348871
0.64348871
0.64348871
0.64348871
0.64348871
0.64348871
0.67297383
0.74362289
0.84159804
0.84159804
0.84159804
0.83905194
0.83905194
0.79515225
0.78994586
0.76787743
0.75042299
0.70425398
0.66162042
0.66162042
0.66162042
0.62282926
0.62282926
0.62282926
0.62282926
0.60023089
0.59431864
0.59431864
0.59431864
0.59431864
0.66290743
0.77462941
0.79152818
0.79152818
0.79152818
0.73014913
0.52926365
0.52926365
0.52926365
0.52926365
0.52926365
0.52926365
0.54548307
0.54548307
0.54548307
0.54548307
0.54548307
0.54693239
0.5587216
0.5587216
0.5587216
0.57388532
0.57388532
0.57388532
0.60979515
0.60979515
0.60979515
0.60349225
0.5790179
0.5790179
0.5790179
0.5790179
0.5790179
0.5790179
0.62442698
0.66644485
0.78042208
0.82080337
0.82080337
0.82080337
0.82080337
0.82080337
0.78868466
0.77308921
0.77308921
0.77308921
0.75666164
0.74278242
0.74278242
0.74278242
0.71408815
0.71258771
0.71258771
0.71258771
0.71033032
0.65630714
0.65555335
0.65555335
0.61686561
0.61485063
0.61485063
0.61485063
0.61485063
0.6039137
0.55748314
0.55748314
0.55748314
0.56653973
0.56653973
0.56653973
0.56653973
0.56653973
0.57346598
0.57346598
0.588423
0.588423
0.588423
0.57220599
0.57220599
0.57220599
0.57220599
0.57220599
0.55892098
0.53804825
0.49890502
0.47424951
0.42873716
0.42679661
0.42679661
0.42679661
0.42679661
0.42679661
0.43732107
0.53916673
0.56141538
0.58043419
0.6435978
0.65743442
0.65743442
0.65743442
0.62756162
0.62167613
0.62016731
0.58904799
0.54180936
0.53511597
0.48002875
0.46917252
0.46917252
0.44446562
0.44446562
0.43165331
0.43165331
0.43165331
0.43165331
0.45678194
0.45678194
0.61879377
0.61879377
0.6910676
0.72508275
0.76171022
0.76171022
0.76844024
0.76844024
0.76844024
0.76844024
0.75044034
0.75044034
0.72109448
0.72109448
0.71675546
0.71675546
0.67231509
0.67231509
0.65938141
0.65938141
0.62859683
0.61542688
0.61542688
0.61542688
0.61542688
0.59469032
0.59469032
0.5829053
0.58159838
0.53226037
0.4907832
0.4825239
0.45156552
0.45156552
0.45156552
0.41704779
0.41704779
0.41704779
0.46648789
0.49962503
0.55451022
0.58110073
0.58149721
0.65143805
0.65143805
0.65143805
0.65411822
0.65411822
0.65411822
0.69340703
0.69340703
0.6939386
0.6939386
0.73389425
0.76004718
0.76004718
0.76962624
0.76962624
0.76962624
0.76962624
0.76962624
0.76396776
0.74220376
0.71653444
0.71653444
0.71653444
0.71653444
0.71598311
0.67689022
0.67414386
0.6369688
0.6369688
0.58937451
0.52688418
0.52688418
0.52688418
0.52688418
0.53635159
0.56733838
0.58146105
0.60045027
0.62102872
0.62508544
0.65950456
0.73656933
0.74190635
0.74190635
0.74190635
0.73661627
0.73661627
0.73661627
0.73661627
0.72938082
0.72938082
0.72938082
0.74549248
0.74549248
0.74549248
0.71714597
0.64762762
0.64121653
0.61084771
0.61084771
0.61084771
0.61084771
0.69663715
0.7442606
0.7442606
0.7442606
0.74354893
0.73829873
0.7274032
0.69479597
0.69479597
0.69479597
0.68163828
0.68163828
0.64625689
0.64625689
0.58188218
0.56680006
0.56680006
0.56680006
0.56680006
0.55741575
0.55741575
0.55741575
0.56000924
0.60087739
0.60087739
0.60087739
0.53713798
0.53713798
0.53713798
0.54120934
0.57243809
0.57243809
0.57243809
0.57243809
0.61808135
0.61808135
0.61808135
0.61231393
0.61231393
0.61231393
0.61231393
0.54512603
0.48420263
0.48420263
0.48420263
0.48420263
0.54266405
0.54266405
0.59590009
0.62224985
0.62224985
0.62224985
0.57951196
0.57951196
0.57951196
0.57951196
0.57951196
0.57034359
0.57034359
0.57034359
0.59784497
0.59784497
0.59784497
0.59784497
0.59694202
0.59694202
0.59694202
0.59694202
0.59694202
0.59694202
0.59694202
0.57900012
0.57900012
0.57900012
0.62180182
0.63013074
0.71905575
0.76379829
0.76379829
0.76379829
0.76379829
0.74244735
0.68426241
0.55929772
0.55929772
0.55929772
0.56590115
0.56590115
0.57002557
0.60981787
0.6748346
0.6834672
0.69232579
0.69232579
0.69232579
0.65851418
0.65851418
0.65851418
0.69733716
0.69733716
0.69733716
0.68615171
0.68615171
0.68615171
0.68615171
0.66525867
0.66525867
0.66525867
0.67260097
0.67260097
0.67912267
0.73527647
0.73527647
0.73527647
0.72011889
0.72011889
0.72011889
0.72123361
0.76204035
0.76204035
0.76204035
0.75138246
0.73550245
0.69847266
0.6717847
0.57428734
0.55964922
0.46013865
0.41630952
0.41630952
0.41630952
0.54374845
0.54374845
0.54374845
0.54374845
0.54374845
0.51208587
0.51208587
0.51208587
0.5270635
0.5270635
0.53481186
0.53951507
0.55375761
0.55375761
0.55375761
0.4746989
0.4746989
0.44804561
0.44804561
0.44804561
0.44804561
0.43046147
0.3549339
0.30925057
0.26962283
0.26962283
0.26962283
0.33737995
0.39437889
0.50248558
0.52095296
0.52095296
0.52095296
0.4936889
0.4936889
0.4936889
0.49596003
0.49596003
0.49596003
0.2551521
0.11517986
0.11517986
0.11517986
0.22623633
0.22623633
0.24993613
0.38360531
0.52631749
0.52631749
0.52631749
0.49104741
0.31625123
0.29696326
0.29696326
0.29696326
0.26658053
0.22106085
0.22106085
0.22106085
0.22106085
0.22106085
0.25758941
0.25909403
0.34758741
0.36895405
0.39411735
0.4280297
0.44473375
0.44473375
0.46130748
0.50292242
0.52274946
0.60896095
0.66172427
0.72113198
0.72113198
0.72113198
0.65432131
0.55968537
0.36095373
0.25150978
0.24249205
0.24249205
0.24249205
0.28460212
0.28460212
0.28460212
0.28460212
0.42071162
0.45814415
0.45814415
0.45814415
0.45189849
0.45189849
0.40579
0.40579
0.35901677
0.35901677
0.35901677
0.40157336
0.40467393
0.40467393
0.40467393
0.40467393
0.40467393
0.47579135
0.48365268
0.48365268
0.48365268
0.40635131
0.32358308
0.30091939
0.30091939
0.30091939
0.35658693
0.41552566
0.46924799
0.46924799
0.574575
0.60412712
0.60412712
0.60412712
0.57978515
0.5217078
0.5217078
0.47592586
0.47592586
0.47592586
0.47668056
0.47668056
0.53057579
0.55140951
0.55140951
0.59472455
0.7497635
0.7497635
0.7497635
0.75194153
0.75194153
0.75194153
0.75194153
0.75795883
0.76092235
0.7617561
0.7675334
0.7675334
0.7675334
0.75814593
0.75814593
0.75814593
0.75814593
0.75814593
0.75814593
0.76118552
0.77567553
0.81623165
0.82839567
0.83504993
0.84997601
0.89358009
0.89358009
0.89358009
0.88796
0.85667943
0.84523349
0.84523349
0.84195225
0.82493539
0.81775839
0.80560542
0.7623397
0.72988669
0.72988669
0.72988669
0.74472282
0.75028103
0.7648232
0.7648232
0.7648232
0.75824755
0.74831672
0.74831672
0.74831672
0.74831672
0.74712608
0.7350033
0.7111406
0.69472589
0.69472589
0.69472589
0.76025283
0.76025283
0.76114189
0.79273168
0.83659176
0.83659176
0.83659176
0.82815969
0.8172452
0.79912096
0.77266971
0.70160445
0.70160445
0.70160445
0.77969863
0.8578463
0.86440116
0.90245525
0.92615487
0.92615487
0.92615487
0.86134886
0.85983513
0.85983513
0.85983513
0.85983513
0.85983513
0.85983513
0.85983513
0.85983513
0.85983513
0.85983513
0.85983513
0.85983513
0.85983513
0.85983513
0.84187377
0.79834937
0.77637614
0.77637614
0.74293171
0.66811668
0.58638605
0.58017253
0.56880848
0.54729943
0.54729943
0.54729943
0.55980076
0.65499054
0.75201954
0.75904785
0.77232464
0.81156608
0.8325053
0.86704156
0.86704156
0.86704156
0.7436347
0.70924221
0.65084684
0.65084684
0.65084684
0.67997241
0.73709433
0.77605676
0.77863098
0.77863098
0.83433241
0.83433241
0.83433241
0.78371947
0.65420879
0.50808489
0.48676804
0.48676804
0.48676804
0.53524404
0.58068153
0.62885882
0.6936439
0.72697159
0.73153988
0.73153988
0.73153988
0.65375968
0.4498732
0.4498732
0.4498732
0.4517468
0.4517468
0.55267188
0.69848716
0.78649364
0.82401526
0.83432331
0.83432331
0.83432331
0.64882453
0.58813233
0.58813233
0.53383013
0.53383013
0.53383013
0.5610428
0.59663626
0.59663626
0.59663626
0.58899463
0.5362162
0.51233828
0.47270349
0.41621148
0.41621148
0.41621148
0.47591225
0.54996809
0.56367292
0.62409148
0.62409148
0.62409148
0.61944474
0.549412
0.52645616
0.52645616
0.52645616
0.56788414
0.57325017
0.57325017
0.57325017
0.55949379
0.55741605
0.55741605
0.55741605
0.55821124
0.55821124
0.55821124
0.55821124
0.52644227
0.46219832
0.40659431
0.40659431
0.3826215
0.3826215
0.3826215
0.44631084
0.52679736
0.55622077
0.56687451
0.56954675
0.58388074
0.58427646
0.58427646
0.58427646
0.57759398
0.54561877
0.51947897
0.50216846
0.50216846
0.50216846
0.53440954
0.53440954
0.5554725
0.56611322
0.58016415
0.60203142
0.60203142
0.60203142
0.60203142
0.60299146
0.60527754
0.60948282
0.61308058
0.61308058
0.61308058
0.61112597
0.59503284
0.59503284
0.59503284
0.59837717
0.59837717
0.59837717
0.59837717
0.59895104
0.59895104
0.59895104
0.59895104
0.59727812
0.59069084
0.58490248
0.58490248
0.58490248
0.58617115
0.59054096
0.59054096
0.60267016
0.60585411
0.60585411
0.60585411
0.6027549
0.6027549
0.6027549
0.59250632
0.57664484
0.57664484
0.57664484
0.57785446
0.57808834
0.57808834
0.57808834
0.57808834
0.57808834
0.58164293
0.58164293
0.58164293
0.4143195
0.4143195
0.4143195
0.4166483
0.4166483
0.4166483
0.3923119
0.36949445
0.33436606
0.33436606
0.33436606
0.34057181
0.34057181
0.38193944
0.43486879
0.43646353
0.43646353
0.43646353
0.43227873
0.42351269
0.42351269
0.42351269
0.42351269
0.45031137
0.47091045
0.47091045
0.47091045
0.46699316
0.44463196
0.44040667
0.42576692
0.42576692
0.42576692
0.44453811
0.44453811
0.44453811
0.45779371
0.46447887
0.46886408
0.46886408
0.46886408
0.43770559
0.40599803
0.40599803
0.40599803
0.43693713
0.43693713
0.43693713
0.39773934
0.38078541
0.38078541
0.36587306
0.360007
0.360007
0.360007
0.381755
0.42629014
0.43900755
0.43900755
0.43900755
0.43830202
0.41314035
0.41314035
0.41314035
0.41314035
0.41314035
0.41402477
0.41402477
0.41402477
0.40613447
0.39814582
0.39814582
0.38642415
0.38642415
0.38642415
0.39264083
0.39264083
0.39264083
0.38116498
0.38116498
0.38116498
0.39375166
0.39375166
0.39375166
0.39417474
0.39417474
0.39417474
0.38148376
0.37880239
0.37880239
0.37880239
0.3807159
0.3807159
0.3807159
0.3807159
0.3754605
0.3754605
0.3754605
0.3754605
0.3754605
0.3754605
0.3754605
0.38656374
0.41871188
0.42109523
0.43395225
0.45781685
0.47727446
0.47727446
0.49655466
0.49680812
0.50673822
0.50673822
0.50673822
0.44659584
0.34882722
0.34251551
0.34251551
0.34251551
0.355594
0.355594
0.355594
0.355594
0.34866688
0.31831777
0.30231179
0.30231179
0.30231179
0.30564787
0.37321206
0.38224147
0.38224147
0.38917142
0.39825835
0.41147897
0.41147897
0.43227068
0.43227068
0.43227068
0.43227068
0.43227068
0.43227068
0.43227068
0.43227068
0.43227068
0.42442444
0.42442444
0.40822912
0.38118921
0.38118921
0.38118921
0.39067053
0.46295737
0.50688798
0.50688798
0.50688798
0.50589073
0.50589073
0.50589073
0.50589073
0.49534998
0.49534998
0.49534998
0.49534998
0.49534998
0.46926923
0.4425487
0.43802121
0.43802121
0.39979825
0.39979825
0.39979825
0.39979825
0.39979825
0.39792956
0.36118643
0.35260089
0.35260089
0.35260089
0.35260089
0.35260089
0.38290933
0.42801578
0.42801578
0.42801578
0.41741691
0.41741691
0.41741691
0.41741691
0.41741691
0.40812286
0.35422434
0.35422434
0.35422434
0.3548653
0.3548653
0.3548653
0.3548653
0.3859407
0.3859407
0.3859407
0.3859407
0.36422199
0.33127896
0.30877938
0.30877938
0.30877938
0.30877938
0.30877938
0.30877938
0.30029606
0.25693109
0.24796866
0.24353967
0.24353967
0.24353967
0.24353967
0.27353591
0.27353591
0.27353591
0.27353591
0.27353591
0.27353591
0.27353591
0.2955643
0.30415192
0.30489423
0.30489423
0.30489423
0.30489423
0.30489423
0.31773703
0.33609291
0.34913629
0.34913629
0.34913629
0.32597496
0.21144715
0.21144715
0.17651095
0.15339999
0.1425732
0.14218913
0.14218913
0.13646787
0.13005514
0.11833198
0.11833198
0.11833198
0.13530862
0.13530862
0.13530862
0.15457372
0.16935995
0.16935995
0.16935995
0.16367068
0.16337432
0.16337432
0.16337432
0.16337432
0.16337432
0.16337432
0.16466943
0.1964644
0.22682201
0.28169988
0.32851166
0.32851166
0.32851166
0.32851166
0.35146017
0.41598806
0.50708182
0.59690885
0.69774964
0.69774964
0.69774964
0.69774964
0.81661812
0.81661812
0.81661812
0.75156865
0.75156865
0.75156865
0.79196922
0.82087209
0.82087209
0.82087209
0.80659312
0.80659312
0.80659312
0.67433023
0.62853871
0.62853871
0.62853871
0.62853871
0.62853871
0.62306479
0.55866438
0.55866438
0.55866438
0.55866438
0.55866438
0.55949409
0.56276368
0.56276368
0.56276368
0.5582495
0.54825513
0.54401102
0.54239311
0.53271662
0.53271662
0.5067227
0.4722263
0.4722263
0.4722263
0.47688307
0.47795727
0.47795727
0.47795727
0.47795727
0.46947485
0.46947485
0.46947485
0.52157675
0.52621168
0.52621168
0.53910247
0.54690624
0.54690624
0.55196216
0.55196216
0.55510591
0.55510591
0.55510591
0.55510591
0.55510591
0.55510591
0.51180102
0.51028488
0.51028488
0.48115871
0.48115871
0.47670851
0.47670851
0.47670851
0.49985355
0.49985355
0.53462459
0.5607617
0.5607617
0.5607617
0.54862847
0.50439014
0.50439014
0.42453504
0.35337562
0.35337562
0.35337562
0.36435395
0.43810535
0.45236327
0.50078982
0.58918444
0.58918444
0.58918444
0.46997057
0.44790708
0.39378993
0.39378993
0.39378993
0.39378993
0.43769483
0.43769483
0.43769483
0.50633174
0.50633174
0.50633174
0.50633174
0.50633174
0.42877289
0.29137845
0.29137845
0.29137845
0.37745575
0.37745575
0.44032987
0.54406961
0.54406961
0.56699481
0.67902924
0.67902924
0.67902924
0.67902924
0.65266798
0.65266798
0.58752378
0.55918324
0.55918324
0.53427951
0.49963699
0.49963699
0.49963699
0.49963699
0.52363283
0.57998975
0.58190805
0.58190805
0.58190805
0.58190805
0.58190805
0.49608048
0.46619602
0.46619602
0.46619602
0.45146586
0.45122285
0.45122285
0.41458969
0.39963161
0.39963161
0.39963161
0.4040527
0.4422317
0.56652449
0.6364864
0.6364864
0.71200053
0.71200053
0.71902182
0.71902182
0.71902182
0.68648826
0.68648826
0.58911493
0.57289449
0.57289449
0.57289449
0.60098603
0.60098603
0.63257914
0.63257914
0.63257914
0.63257914
0.63257914
0.63257914
0.63257914
0.58179267
0.58179267
0.55589976
0.55589976
0.55458268
0.55458268
0.55415915
0.53442195
0.53442195
0.53442195
0.53789225
0.54819596
0.54819596
0.54819596
0.54819596
0.54819596
0.54819596
0.54819596
0.54877507
0.58750197
0.58750197
0.60866414
0.67924312
0.69249167
0.69249167
0.69249167
0.64611926
0.49362105
0.49362105
0.49362105
0.54398441
0.54398441
0.54398441
0.35478625
0.35478625
0.31922581
0.29821277
0.28788857
0.25117265
0.25117265
0.22859745
0.22859745
0.22859745
0.28899344
0.29737215
0.29737215
0.29737215
0.28877914
0.28877914
0.28877914
0.35433747
0.39566114
0.39566114
0.39566114
0.39566114
0.36519757
0.36519757
0.36519757
0.37427941
0.40559661
0.40559661
0.40559661
0.40559661
0.40559661
0.40559661
0.40559661
0.40506757
0.40506757
0.40506757
0.40506757
0.40122831
0.39553202
0.39553202
0.38883203
0.38883203
0.38883203
0.38883203
0.41281054
0.41427242
0.42739154
0.43934277
0.52581623
0.52581623
0.54623135
0.54623135
0.55696323
0.55696323
0.55696323
0.55477713
0.54711143
0.52828059
0.52165686
0.45629788
0.41923477
0.35503657
0.27350183
0.23191156
0.23191156
0.23191156
0.23191156
0.34414029
0.35093547
0.35800308
0.35800308
0.35800308
0.26447468
0.26447468
0.26447468
0.26510178
0.26510178
0.29681248
0.29681248
0.31241944
0.31241944
0.31241944
0.31510169
0.34008163
0.34375218
0.41620669
0.51026458
0.58276271
0.58276271
0.60791601
0.65554139
0.65554139
0.65554139
0.63244043
0.61138944
0.61138944
0.54055642
0.52038804
0.51546187
0.51546187
0.51546187
0.53202348
0.59293612
0.59293612
0.59293612
0.59293612
0.54345134
0.54345134
0.49454446
0.41361546
0.41361546
0.41361546
0.41361546
0.36994292
0.36994292
0.36994292
0.37048004
0.39963746
0.50237754
0.57940154
0.63819592
0.67820655
0.71339814
0.74705389
0.74705389
0.74705389
0.73352588
0.70380685
0.62699254
0.60354202
0.60354202
0.60354202
0.57595276
0.54193819
0.50619499
0.47614555
0.39285363
0.35267232
0.33303196
0.28760224
0.28760224
0.28760224
0.32415065
0.32415065
0.32415065
0.3187948
0.31289362
0.28767159
0.28767159
0.28767159
0.24872696
0.24872696
0.24872696
0.25141219
0.27299626
0.29077499
0.29077499
0.29346023
0.29346023
0.29346023
0.29169976
0.29169976
0.29169976
0.60116164
0.60116164
0.60116164
0.60116164
0.60116164
0.60116164
0.60116164
0.60373242
0.60480035
0.6123737
0.6123737
0.64414073
0.64725923
0.67220076
0.67220076
0.67220076
0.67281334
0.67281334
0.67281334
0.70505323
0.71616827
0.7213705
0.7213705
0.7213705
0.7213705
0.7213705
0.72516346
0.72516346
0.72516346
0.72516346
0.72516346
0.72516346
0.72706577
0.73188435
0.73188435
0.73188435
0.74284398
0.74284398
0.74336166
0.74336166
0.74336166
0.74336166
0.74336166
0.73932274
0.7376957
0.7376957
0.7376957
0.74859826
0.75751557
0.75751557
0.75907879
0.75907879
0.75907879
0.74436222
0.73703576
0.73703576
0.7156089
0.70374033
0.68016505
0.68016505
0.68016505
0.68016505
0.68016505
0.68016505
0.68016505
0.68016505
0.67643756
0.67219477
0.66964538
0.66885092
0.66685461
0.66685461
0.66685461
0.66685461
0.66685461
0.6588307
0.6588307
0.6588307
0.66311501
0.67159222
0.67159222
0.67783788
0.68717423
0.69981961
0.73208654
0.73208654
0.73674837
0.73674837
0.73674837
0.72807646
0.71880482
0.71880482
0.71745517
0.70891491
0.70891491
0.70572034
0.67901939
0.67901939
0.67901939
0.68610986
0.69712362
0.70047988
0.70047988
0.70229475
0.71410876
0.71410876
0.71410876
0.71410876
0.7118617
0.7118617
0.7118617
0.7118617
0.7118617
0.7118617
0.70560483
0.70560483
0.70448698
0.69245371
0.68458701
0.67799822
0.67031385
0.66020009
0.66020009
0.66020009
0.66020009
0.66020009
0.66020009
0.66020009
0.65383472
0.65383472
0.65383472
0.65383472
0.65383472
0.64808134
0.64808134
0.64808134
0.64808134
0.64808134
0.63998149
0.65640653
0.65442456
