0.18216482
0.17661404
0.18216482
0.28037718
0.30851805
0.30851805
0.30851805
0.30851805
0.30851805
0.28639551
0.184216
0.184216
0.184216
0.31611655
0.3608235
0.44593417
0.48547167
0.54609983
0.54609983
0.54609983
0.5518028
0.56451354
0.56451354
0.56451354
0.55866017
0.55866017
0.55866017
0.55866017
0.55432739
0.55432739
0.55432739
0.5568421
0.65600689
0.69906495
0.70289665
0.70289665
0.70289665
0.68413736
0.6385449
0.6385449
0.6385449
0.65142748
0.67354891
0.74306321
0.74306321
0.74306321
0.7345987
0.7345987
0.63805728
0.55263511
0.54433026
0.54433026
0.54433026
0.54433026
0.54433026
0.53773156
0.5177233
0.46161639
0.37927202
0.37927202
0.37927202
0.36678312
0.36678312
0.36678312
0.36678312
0.34883971
0.3022921
0.3022921
0.3022921
0.33215568
0.35802751
0.38805516
0.38805516
0.38805516
0.33182574
0.33182574
0.33182574
0.31564881
0.31564881
0.31564881
0.3225574
0.34792322
0.3791085
0.3791085
0.3791085
0.43130442
0.52872224
0.54348851
0.54348851
0.54348851
0.54348851
0.54516419
0.54569517
0.54569517
0.54569517
0.48369792
0.48369792
0.48369792
0.56386424
0.56386424
0.56386424
0.4861503
0.4861503
0.42195112
0.40086446
0.34523114
0.34523114
0.34523114
0.48975398
0.50168689
0.57953755
0.59057895
0.59681346
0.59681346
0.59681346
0.56070955
0.54754767
0.44956189
0.39655704
0.39655704
0.39655704
0.39655704
0.39655704
0.4209575
0.42672026
0.4927428
0.4927428
0.4927428
0.47200725
0.43699207
0.43264691
0.43264691
0.43264691
0.53673378
0.53673378
0.59498628
0.69744484
0.69744484
0.69744484
0.61794895
0.61794895
0.48870168
0.39733754
0.39733754
0.39733754
0.57459758
0.66826392
0.66826392
0.66826392
0.66826392
0.60061855
0.60061855
0.53263596
0.53263596
0.53263596
0.53263596
0.53263596
0.53263596
0.55986685
0.55986685
0.55986685
0.52778293
0.52254039
0.52254039
0.49191563
0.43165803
0.43165803
0.43165803
0.43165803
0.43165803
0.45902219
0.50361523
0.50932132
0.50932132
0.52653123
0.52653123
0.52653123
0.39543073
0.3718948
0.3718948
0.3718948
0.3718948
0.33312487
0.33312487
0.33312487
0.36185994
0.36185994
0.43134689
0.4321347
0.4321347
0.4321347
0.4321347
0.4321347
0.45357916
0.46332708
0.49954585
0.5418458
0.56630717
0.56630717
0.56630717
0.53338857
0.52441222
0.52441222
0.52441222
0.54455611
0.55069692
0.56407241
0.57777854
0.58689817
0.59490298
0.59876896
0.60687967
0.60687967
0.60687967
0.60687967
0.60687967
0.6026269
0.58453548
0.58305008
0.56893965
0.56819249
0.56426999
0.56414351
0.56414351
0.56414351
0.56414351
0.56414351
0.56260398
0.55921302
0.55921302
0.55921302
0.56355072
0.56919265
0.56954718
0.56954718
0.56954718
0.56954718
0.56954718
0.59450872
0.60495059
0.60495059
0.60495059
0.62044544
0.62044544
0.62045054
0.62340037
0.63241938
0.63241938
0.63241938
0.62061697
0.62061697
0.6157625
0.61006008
0.60755537
0.60755537
0.60755537
0.60755537
0.60755537
0.60755537
0.61334275
0.65052465
0.65055838
0.65055838
0.65055838
0.65055838
0.58849987
0.58849987
0.58849987
0.58849987
0.59994264
0.65748608
0.6794885
0.69197719
0.69197719
0.69197719
0.73388178
0.75617019
0.77050046
0.77050046
0.77050046
0.76854151
0.76854151
0.76383157
0.74856569
0.72642765
0.71781659
0.70252536
0.63321138
0.63321138
0.63321138
0.7099423
0.77593695
0.77626231
0.77626231
0.77626231
0.65483868
0.61591599
0.61591599
0.61591599
0.61591599
0.61591599
0.59108369
0.59108369
0.59108369
0.63091064
0.73975265
0.73975265
0.73975265
0.69518585
0.63632747
0.63632747
0.63632747
0.63632747
0.63632747
0.63632747
0.72545865
0.87319909
0.87319909
0.87319909
0.80299124
0.79903412
0.78152308
0.78152308
0.78152308
0.81040656
0.81040656
0.81040656
0.83863618
0.84719347
0.87631004
0.87631004
0.87631004
0.87631004
0.87631004
0.90481967
0.90481967
0.90481967
0.90481967
0.91765469
0.91765469
0.91765469
0.93892343
0.93892343
0.93892343
0.93892343
0.93892343
0.96285235
0.973739
0.973739
0.973739
0.973739
0.973739
0.973739
0.973739
0.8984324
0.8984324
0.8984324
0.8984324
0.8984324
0.8984324
0.8984324
0.81470725
0.78645849
0.76876408
0.63202913
0.63202913
0.63202913
0.70067794
0.70067794
0.70067794
0.70067794
0.61698561
0.58650773
0.58650773
0.58650773
0.61864471
0.61864471
0.61864471
0.61323354
0.60437643
0.60437643
0.59591137
0.59591137
0.59591137
0.59591137
0.59591137
0.60245882
0.60245882
0.60245882
0.64444164
0.68167256
0.68167256
0.68167256
0.62721274
0.59345788
0.59345788
0.59345788
0.60952509
0.64850881
0.73271959
0.73271959
0.73271959
0.71539482
0.71539482
0.70599213
0.66743401
0.63878713
0.6347602
0.6347602
0.6347602
0.65065936
0.65065936
0.65127328
0.65127328
0.67408883
0.71762246
0.72803482
0.7383048
0.7383048
0.74153041
0.74153041
0.74153041
0.6971337
0.65799156
0.63647509
0.6312145
0.6312145
0.6312145
0.6312145
0.6312145
0.6312145
0.6312145
0.6312145
0.6312145
0.60565348
0.55863047
0.54558563
0.50298654
0.4946305
0.4946305
0.4946305
0.4946305
0.48792607
0.45338738
0.40793764
0.39566076
0.3595078
0.3595078
0.3595078
0.38438621
0.39880636
0.44614124
0.45714746
0.45714746
0.45714746
0.40818627
0.40818627
0.40818627
0.43707703
0.49580712
0.53634386
0.54331716
0.54331716
0.57569803
0.57569803
0.57569803
0.57569803
0.57569803
0.57569803
0.57569803
0.57569803
0.53872334
0.51652025
0.51652025
0.51652025
0.51652025
0.51652025
0.51652025
0.46190605
0.37633988
0.37633988
0.37633988
0.35664694
0.35664694
0.35664694
0.38808485
0.38808485
0.56296068
0.60837489
0.60837489
0.60837489
0.60837489
0.60837489
0.52895209
0.52507626
0.40960677
0.26560451
0.26560451
0.26560451
0.2539822
0.25132076
0.25132076
0.25132076
0.36886568
0.36886568
0.36886568
0.31872004
0.31872004
0.31872004
0.31872004
0.31872004
0.31872004
0.31872004
0.37512916
0.37927291
0.37927291
0.37927291
0.39906829
0.45927538
0.51153254
0.5181737
0.61034898
0.6843674
0.6843674
0.6843674
0.5730331
0.5730331
0.5730331
0.52573229
0.52573229
0.52573229
0.52573229
0.52573229
0.59672523
0.64598771
0.64598771
0.64598771
0.64598771
0.6345761
0.6345761
0.6345761
0.58982303
0.57040625
0.57040625
0.57040625
0.57040625
0.57040625
0.59380403
0.59765466
0.60181465
0.62595028
0.64268847
0.64268847
0.64268847
0.64268847
0.46231343
0.46231343
0.46231343
0.46231343
0.46231343
0.46231343
0.46231343
0.48193964
0.51002091
0.51002091
0.51002091
0.48070087
0.37543941
0.37543941
0.37543941
0.40881258
0.46985927
0.51324015
0.51324015
0.51324015
0.51324015
0.51324015
0.49580947
0.4930051
0.48615376
0.41107704
0.40778161
0.19643258
0.19643258
0.11299524
0.11299524
0.11299524
0.19117453
0.31051875
0.31051875
0.50712958
0.50712958
0.55412433
0.62975846
0.72146655
0.78666846
0.82007977
0.82007977
0.82007977
0.701097
0.701097
0.701097
0.62613694
0.49976111
0.49976111
0.48164235
0.48164235
0.48164235
0.48164235
0.48164235
0.34141127
0.34141127
0.34141127
0.44356307
0.44356307
0.53596144
0.55934372
0.55934372
0.55934372
0.55365185
0.38779721
0.38779721
0.38779721
0.38779721
0.38779721
0.38779721
0.38779721
0.38779721
0.37863477
0.37863477
0.37863477
0.50126092
0.50907395
0.50907395
0.53475186
0.62795318
0.64374989
0.64374989
0.64374989
0.53826328
0.5308108
0.42963073
0.42963073
0.42963073
0.45666642
0.45666642
0.45666642
0.45666642
0.44531569
0.35937382
0.35937382
0.35937382
0.37942897
0.37942897
0.37942897
0.32730559
0.32730559
0.32730559
0.38155012
0.38155012
0.38155012
0.38155012
0.38155012
0.52107159
0.52107159
0.52107159
0.52107159
0.44066683
0.4204174
0.4204174
0.4204174
0.37441936
0.37441936
0.37441936
0.37441936
0.37441936
0.24744857
0.24744857
0.12648537
0.03574372
0.03574372
0.03574372
0.14640724
0.14640724
0.14640724
0.0409695
0.0409695
0.0409695
0.0880204
0.1079419
0.1079419
0.1079419
0.20578805
0.3013953
0.3013953
0.33339518
0.33339518
0.33339518
0.33339518
0.33339518
0.31816903
0.29125089
0.21366689
0.21366689
0.21366689
0.21366689
0.21366689
0.18906374
0.18906374
0.18906374
0.46959532
0.46959532
0.46959532
0.46959532
0.46959532
0.4761388
0.4761388
0.4761388
0.53960794
0.53960794
0.53960794
0.49474787
0.48666688
0.48666688
0.48666688
0.48666688
0.48666688
0.48666688
0.51685475
0.5855506
0.5855506
0.5855506
0.5855506
0.60475282
0.60563433
0.60563433
0.60563433
0.60563433
0.60563433
0.67033551
0.67033551
0.67033551
0.6638513
0.6638513
0.61693108
0.49444732
0.49444732
0.49444732
0.52841618
0.53865955
0.55331609
0.55331609
0.57213517
0.59048598
0.59048598
0.59048598
0.59048598
0.48969365
0.29651768
0.25088017
0.25088017
0.1650887
0.15692514
0.13010196
0.13010196
0.13010196
0.21974483
0.37099724
0.39348489
0.4107781
0.4286794
0.57199119
0.57199119
0.57199119
0.4923387
0.12849629
0.12849629
0.12849629
0.1546993
0.1668364
0.17978041
0.18593015
0.48512735
0.54601108
0.61463637
0.61463637
0.61463637
0.57698272
0.50011858
0.50011858
0.50011858
0.50011858
0.50011858
0.48693722
0.34763267
0.25921563
0.25345088
0.25345088
0.25345088
0.25862287
0.35655816
0.45814998
0.46713545
0.46713545
0.46713545
0.48674746
0.48674746
0.48674746
0.51731063
0.51731063
0.51731063
0.45158975
0.45158975
0.45158975
0.49064039
0.52311131
0.52311131
0.52311131
0.52311131
0.52311131
0.52311131
0.49153483
0.49153483
0.49153483
0.52424546
0.63137144
0.63137144
0.63137144
0.63137144
0.63137144
0.59292524
0.59292524
0.56317032
0.5488528
0.51512381
0.51512381
0.51299535
0.42511984
0.36583984
0.36583984
0.36583984
0.397049
0.397049
0.397049
0.37332424
0.37332424
0.37332424
0.37332424
0.37332424
0.29623404
0.29623404
0.29623404
0.51041865
0.51041865
0.51041865
0.41972201
0.31622863
0.31622863
0.31622863
0.37759429
0.44445186
0.44445186
0.44445186
0.40889771
0.40889771
0.40647175
0.40647175
0.40647175
0.40647175
0.40647175
0.43824982
0.43824982
0.43824982
0.37884639
0.37884639
0.37884639
0.37795341
0.37795341
0.37795341
0.39517718
0.47375219
0.55434143
0.55434143
0.58224933
0.58224933
0.58224933
0.58224933
0.63431818
0.63902044
0.64541792
0.64541792
0.64541792
0.4904224
0.47461129
0.45222061
0.40062623
0.40062623
0.316618
0.19766076
0.19766076
0.19766076
0.22653858
0.22653858
0.22653858
0.27470393
0.33050661
0.33050661
0.33050661
0.24814763
0.24814763
0.22876112
0.22876112
0.15698982
0.15698982
0.15698982
0.16528464
0.16528464
0.16528464
0.15179578
0.15179578
0.15179578
0.22191908
0.27844556
0.51185717
0.51185717
0.51185717
0.42855747
0.42855747
0.42855747
0.42855747
0.42855747
0.42855747
0.48804017
0.48804017
0.48804017
0.51619872
0.55089123
0.55089123
0.72028757
0.91842938
