0.6894154
0.69359758
0.69131704
0.69131704
0.66794922
0.66345629
0.66345629
0.66345629
0.68823562
0.71105519
0.71760671
0.71760671
0.71760671
0.68403741
0.68403741
0.68403741
0.70266453
0.70381804
0.70529045
0.70529045
0.70529045
0.70961341
0.71306609
0.72353431
0.73232201
0.74720032
0.75027318
0.75027318
0.75027318
0.75114729
0.75114729
0.75114729
0.74850728
0.74454863
0.74454863
0.74072031
0.72399223
0.7150923
0.7150923
0.7150923
0.72247526
0.72247526
0.72442701
0.72442701
0.72644695
0.75631424
0.75631424
0.75631424
0.73345479
0.73345479
0.73345479
0.75739953
0.77175714
0.77175714
0.80452921
0.80452921
0.80452921
0.78642249
0.78642249
0.78642249
0.78642249
0.78152662
0.78152662
0.77225088
0.77225088
0.77225088
0.77225088
0.76039326
0.71426814
0.68519804
0.68221129
0.68221129
0.67961284
0.66840817
0.61048302
0.61048302
0.61048302
0.61107058
0.68180833
0.687135
0.687135
0.687135
0.69583849
0.69583849
0.69583849
0.69583849
0.69583849
0.72440509
0.72440509
0.72440509
0.72219463
0.72219463
0.72219463
0.71378429
0.71378429
0.71378429
0.71378429
0.7719927
0.7719927
0.7719927
0.75266336
0.73862104
0.7131738
0.70126866
0.70126866
0.70126866
0.75383497
0.77735971
0.77735971
0.77735971
0.76854837
0.74744023
0.70936007
0.70936007
0.70936007
0.72866993
0.7699717
0.81689122
0.81689122
0.81689122
0.74994349
0.74994349
0.70108702
0.70108702
0.70108702
0.74074694
0.75542848
0.75762102
0.77655192
0.78513015
0.78513015
0.78513015
0.78513015
0.78513015
0.7851131
0.75389414
0.71213494
0.69054731
0.68315776
0.68315776
0.68315776
0.72103659
0.76702514
0.81888107
0.81921441
0.81921441
0.81921441
0.82280194
0.82280194
0.82280194
0.82280194
0.79486116
0.79486116
0.79486116
0.79486116
0.79486116
0.79486116
0.79337589
0.79337589
0.77951293
0.76449681
0.75326084
0.75326084
0.7494259
0.7494259
0.67723504
0.67723504
0.67723504
0.69825251
0.69825251
0.69825251
0.69080064
0.69080064
0.69080064
0.69080064
0.67953263
0.56362685
0.56362685
0.56362685
0.56362685
0.55588825
0.55588825
0.55588825
0.63907762
0.66587257
0.66587257
0.66587257
0.65077241
0.65077241
0.65077241
0.69356349
0.69356349
0.69356349
0.67161522
0.62287165
0.57425476
0.55855401
0.52944565
0.51273651
0.51273651
0.4964491
0.4964491
0.4964491
0.4964491
0.4964491
0.4964491
0.50365651
0.51586577
0.55346937
0.5540341
0.5540341
0.58178142
0.60009346
0.60009346
0.60009346
0.60009346
0.596123
0.5871822
0.56484907
0.56484907
0.56484907
0.56484907
0.54628319
0.54628319
0.54628319
0.54628319
0.54628319
0.54703931
0.54703931
0.54703931
0.55327661
0.56012212
0.56012212
0.57850986
0.60571588
0.60571588
0.60571588
0.59581697
0.59581697
0.59581697
0.63448953
0.63448953
0.63448953
0.61784633
0.61784633
0.57755189
0.55259979
0.55259979
0.55259979
0.55259979
0.5186989
0.5186989
0.5186989
0.56257354
0.58146617
0.58146617
0.61653867
0.61653867
0.61653867
0.60694143
0.60694143
0.60694143
0.62832217
0.65587532
0.69336237
0.69336237
0.69336237
0.64616865
0.64616865
0.62773882
0.60411125
0.60411125
0.60411125
0.62150485
0.62150485
0.62150485
0.62150485
0.62150485
0.58517583
0.57304609
0.56246618
0.56246618
0.50926728
0.50926728
0.47488826
0.45294452
0.4498805
0.44084227
0.44084227
0.44084227
0.44084227
0.41784175
0.41784175
0.41784175
0.47820211
0.47964565
0.52932404
0.54752473
0.54752473
0.5561701
0.61788165
0.65154941
0.65154941
0.65154941
0.65154941
0.65154941
0.63671269
0.63671269
0.58966249
0.52814844
0.48139696
0.46930639
0.46930639
0.46930639
0.46930639
0.46930639
0.46187086
0.39870048
0.37846803
0.37846803
0.37846803
0.38599486
0.4013151
0.42313552
0.42313552
0.44359031
0.44359031
0.46174649
0.46174649
0.46174649
0.44468486
0.44468486
0.44468486
0.48535266
0.51610497
0.54861315
0.57930653
0.57930653
0.57930653
0.55542492
0.55062022
0.55062022
0.55062022
0.55062022
0.55062022
0.55062022
0.52406019
0.52406019
0.52406019
0.52406019
0.47298108
0.47298108
0.45993026
0.45993026
0.45993026
0.46917311
0.46917311
0.46917311
0.46917311
0.46917311
0.46917311
0.46917311
0.47553723
0.47553723
0.47553723
0.47553723
0.4796883
0.5179038
0.53063517
0.53063517
0.53063517
0.53063517
0.53721434
0.54905698
0.54905698
0.54905698
0.54905698
0.5321229
0.48197112
0.48197112
0.48197112
0.52137423
0.52137423
0.53268486
0.53268486
0.53268486
0.49148797
0.49148797
0.49148797
0.54681
0.55170119
0.55170119
0.57143865
0.67213263
0.69708596
0.74622846
0.74622846
0.74622846
0.74135343
0.71310505
0.71310505
0.71310505
0.7299092
0.75323107
0.77349155
0.77349155
0.77349155
0.74558924
0.73404547
0.73404547
0.73404547
0.73404547
0.73404547
0.71892844
0.71892844
0.70488019
0.70488019
0.70488019
0.71892167
0.71892167
0.71892167
0.71892167
0.68513018
0.68190734
0.64233686
0.61109839
0.53586873
0.53586873
0.53586873
0.55485374
0.55485374
0.57930183
0.59475532
0.61749296
0.62039168
0.62039168
0.62039168
0.62039168
0.62039168
0.64256494
0.65235912
0.6682422
0.67224746
0.67224746
0.67224746
0.66665356
0.66056764
0.65582677
0.65582677
0.65582677
0.65582677
0.65127071
0.61735831
0.58862314
0.5685603
0.5685603
0.5685603
0.5685603
0.5685603
0.5685603
0.5685603
0.55748299
0.55299093
0.55299093
0.55299093
0.58653133
0.62313923
0.62313923
0.64482027
0.64482027
0.64482027
0.64482027
0.58875414
0.51388669
0.50427433
0.50427433
0.50427433
0.50427433
0.50427433
0.50427433
0.50427433
0.54914799
0.54914799
0.55641351
0.55641351
0.55641351
0.55356281
0.55356281
0.55356281
0.54825806
0.54825806
0.54825806
0.58721107
0.59505317
0.59505317
0.59505317
0.58136039
0.56351984
0.56351984
0.56351984
0.56351984
0.56351984
0.56351984
0.5926491
0.5926491
0.5926491
0.56929886
0.53660661
0.53660661
0.53660661
0.39351477
0.39351477
0.39351477
0.43652088
0.44412722
0.44412722
0.44412722
0.44412722
0.44412722
0.44412722
0.44412722
0.44412722
0.44412722
0.47725533
0.67480466
0.67480466
0.67480466
0.66467154
0.66467154
0.66467154
0.63812525
0.60572893
0.60572893
0.60572893
0.60952021
0.63091557
0.65469971
0.65469971
0.65469971
0.65469971
0.65250738
0.65250738
0.65250738
0.65250738
0.65250738
0.65250738
0.68014176
0.68014176
0.68014176
0.58928288
0.45873066
0.43258121
0.43258121
0.43258121
0.44643477
0.44643477
0.44643477
0.44643477
0.52010887
0.57341668
0.57554832
0.57554832
0.57554832
0.56001077
0.47740302
0.47740302
0.47740302
0.47740302
0.44399987
0.44399987
0.44399987
0.44399987
0.44399987
0.44399987
0.44399987
0.42621519
0.42621519
0.42621519
0.42621519
0.42621519
0.42621519
0.42621519
0.59683668
0.59683668
0.59683668
0.59683668
0.62244312
0.62244312
0.65423414
0.65423414
0.65423414
0.65423414
0.70337352
0.71060982
0.71060982
0.71060982
0.71060982
0.71060982
0.71060982
0.71060982
0.71060982
0.65326838
0.65326838
0.65326838
0.63591792
0.61058673
0.61058673
0.61058673
0.6246983
0.63755562
0.63755562
0.63755562
0.6199992
0.6199992
0.6199992
0.6199992
0.57944865
0.57944865
0.57944865
0.5837055
0.5837055
0.5837055
0.56292081
0.53201642
0.53201642
0.53201642
0.6102986
0.65064176
0.65608776
0.66224989
0.66224989
0.66224989
0.65677882
0.59487398
0.55010645
0.55010645
0.55010645
0.55101638
0.55101638
0.58061191
0.59125113
0.61330903
0.61330903
0.61330903
0.58683823
0.47198589
0.47198589
0.47198589
0.47198589
0.47198589
0.56470257
0.64373967
0.64373967
0.64373967
0.64372053
0.59953376
0.59953376
0.57793135
0.54819805
0.54819805
0.54819805
0.61997065
0.61997065
0.61997065
0.64910096
0.64910096
0.7376779
0.79145075
0.79145075
0.79145075
0.79145075
0.63689293
0.63689293
0.63689293
0.63689293
0.68576852
0.78578449
0.79275111
0.8185359
0.8185359
0.8185359
0.8185359
0.71405362
0.71405362
0.71405362
0.7184084
0.7184084
0.74495177
0.74495177
0.74495177
0.73283125
0.64774824
0.64774824
0.60547005
0.60547005
0.60547005
0.60547005
0.61783048
0.65417202
0.65417202
0.65417202
0.65417202
0.67872709
0.75859601
0.75859601
0.75859601
0.7396185
0.7396185
0.65751025
0.65751025
0.65751025
0.74408671
0.77227143
0.77227143
0.77227143
0.77227143
0.73862191
0.63330905
0.63330905
0.63330905
0.63330905
0.63330905
0.57836336
0.57836336
0.57836336
0.57836336
0.60741763
0.75202642
0.75202642
0.75202642
0.71411016
0.62099856
0.56443064
0.54343666
0.46307709
0.46307709
0.46307709
0.5086961
0.56451972
0.56451972
0.56451972
0.56451972
0.56451972
0.56596481
0.61871988
0.6756591
0.6756591
0.6756591
0.6756591
0.55514847
0.22447789
0.16844828
0.16844828
0.16844828
0.50890262
0.59732505
0.59732505
0.75168073
0.75601011
0.75601011
0.75601011
0.73570264
0.64601762
0.60572198
0.60572198
0.60572198
0.62665002
0.75259188
0.75259188
0.75259188
0.75259188
0.65542644
0.63284642
0.62562944
0.62562944
0.62562944
0.62562944
0.62562944
0.6493193
0.6493193
0.6493193
0.6493193
0.68917424
0.71542705
0.71542705
0.71542705
0.59298419
0.59298419
0.59298419
0.53410143
0.53410143
0.51320678
0.51320678
0.51320678
0.54982948
0.6200018
0.68775385
0.69896739
0.69896739
0.69896739
0.60744843
0.60744843
0.60744843
0.57206065
0.49405299
0.37017165
0.37017165
0.37017165
0.49738165
0.65805638
0.65805638
0.65805638
0.63859535
0.63859535
0.63859535
0.63859535
0.6733364
0.6733364
0.67947054
0.67947054
0.67947054
0.51048031
0.51048031
0.51048031
0.62774577
0.62827033
0.62827033
0.62827033
0.43035353
0.43035353
0.43035353
0.43035353
0.41318127
0.40039178
0.36708781
0.36708781
0.36708781
0.43940133
0.44790875
0.44790875
0.44790875
0.4554737
0.4554737
0.5468027
0.5468027
0.5468027
0.48221435
0.48221435
0.48221435
0.48221435
0.48221435
0.48221435
0.46321349
0.46321349
0.46321349
0.51462145
0.51462145
0.51462145
0.51462145
0.51462145
0.51462145
0.46355676
0.46355676
0.46355676
0.51362903
0.51362903
0.51362903
0.51017671
0.45882774
0.37533267
0.37196175
0.36844034
0.36844034
0.36844034
0.452762
0.452762
0.452762
0.452762
0.47443749
0.57891539
0.61040873
0.61040873
0.61040873
0.69385769
0.78133922
0.78133922
0.78133922
0.74905829
0.72682901
0.71260886
0.60704374
0.54289522
0.54289522
0.54289522
0.54289522
0.54289522
0.54289522
0.54289522
0.54289522
0.54289522
0.59891144
0.61785363
0.61785363
0.61785363
0.61785363
0.61784458
0.59300489
0.55180992
0.55180992
0.55180992
0.55180992
0.55180992
0.54370981
0.54370981
0.54370981
0.54370981
0.54370981
0.54370981
0.54370981
0.55429368
0.55429368
0.61859218
0.70284443
0.70682707
0.70682707
0.70682707
0.73907131
0.73907131
0.73907131
0.70233326
0.70233326
0.70233326
0.70233326
0.70233326
0.68725976
0.68725976
0.68725976
0.68406038
0.6774645
0.6774645
0.6774645
0.6774645
0.6774645
0.6774645
0.6272233
0.5911236
0.53010069
0.50507048
0.50507048
0.50507048
0.50507048
0.4808839
0.4808839
0.4808839
0.52530745
0.52530745
0.52530745
0.52530745
0.51947904
0.51947904
0.49508925
0.47822856
0.47822856
0.47822856
0.4854386
0.5091561
0.5304899
0.5304899
0.5304899
0.51208806
0.49771099
0.49771099
0.49771099
0.50089054
0.56641701
0.56981539
0.59067282
0.59164156
0.59164156
0.63230691
0.63230691
0.63230691
0.63230691
0.63230691
0.66383748
0.68180468
0.68180468
0.6860523
0.74661974
0.75756968
0.75756968
0.75756968
0.75756968
0.75756968
0.75756968
0.75507459
0.75507459
0.75507459
0.78910704
0.78910704
0.78910704
0.73851978
0.73851978
0.73851978
0.76178826
0.83172015
0.83172015
0.83172015
0.72141848
0.6626121
0.62632573
0.50699351
0.44001151
0.41637836
0.41637836
0.41637836
0.43430035
0.47869259
0.48810505
0.49931548
0.52752296
0.52752296
0.52752296
0.4587926
0.40672963
0.37038739
0.37038739
0.37038739
0.37695768
0.38864777
0.53463206
0.53463206
0.65259871
0.67369257
0.67369257
0.67369257
0.67369257
0.63453807
0.63453807
0.63453807
0.60667855
0.57379631
0.57379631
0.50645989
0.46414674
0.46414674
0.46414674
0.46736386
0.46736386
0.46736386
0.46736386
0.49262183
0.54520344
0.57461908
0.57461908
0.57461908
0.5622301
0.5622301
0.5622301
0.5622301
0.5622301
0.5622301
0.55726914
0.52611752
0.52611752
0.5174577
0.5174577
0.5174577
0.51898387
0.51898387
0.51898387
0.51898387
0.52862201
0.52862201
0.52862201
0.51769344
0.51769344
0.51769344
0.52335798
0.54185079
0.54447166
0.54447166
0.54447166
0.55179512
0.55179512
0.55179512
0.55179512
0.56363172
0.58632706
0.58632706
0.60988522
0.60988522
0.60988522
0.60250104
0.60250104
0.60250104
0.64015632
0.65623948
0.65623948
0.65623948
0.64900805
0.63536276
0.63536276
0.63536276
0.63536276
0.63536276
0.62488949
0.60960824
0.60960824
0.60960824
0.59643077
0.5905199
0.58918247
0.58918247
0.58918247
0.59769564
0.60775497
0.60781291
0.62175556
0.6236149
0.6236149
0.6236149
0.60556106
0.58009397
0.57884615
0.57884615
0.57518678
0.57518678
0.53913614
0.53913614
0.53913614
0.55795483
0.58977262
0.62472769
0.65095231
0.65095231
0.65095231
0.64545044
0.64545044
0.64545044
0.64545044
0.64545044
0.64545044
0.64545044
0.64090897
0.59767214
0.55758964
0.55758964
0.47625039
0.43178037
0.43178037
0.43178037
0.47025076
0.56536076
0.62069251
0.62069251
0.6750009
0.6750009
0.6750009
0.64457391
0.64457391
0.64457391
0.64457391
0.61014358
0.57264663
0.57264663
0.57264663
0.59309345
0.60407541
0.60407541
0.64274344
0.65968241
0.65968241
0.65968241
0.65968241
0.65212059
0.65212059
0.63051106
0.62965785
0.61297551
0.61297551
0.59050615
0.59050615
0.59050615
0.59050615
0.60858938
0.61792602
0.61792602
0.61792602
0.61053766
0.61053766
0.61053766
0.6261975
0.64356935
0.66035818
0.66035818
0.66035818
0.66035818
0.66035818
0.66035818
0.65495792
0.65495792
0.65495792
0.65495792
0.65739854
0.66884487
0.69124657
0.71802564
0.71802564
0.7311558
0.7311558
0.7311558
0.72163145
0.70789759
0.69934875
0.67446122
0.6602296
0.6602296
0.65253607
0.65253607
0.65253607
0.67074633
0.69521336
0.7037413
0.7037413
0.7037413
0.69359968
0.66584907
0.66456021
0.66456021
0.66456021
0.66456021
0.66456021
0.65474618
0.63251431
0.5401301
0.49460088
0.49460088
0.49460088
0.49460088
0.49460088
0.49981497
0.49981497
0.49981497
0.4962953
0.47582866
0.43806845
0.43806845
0.43806845
0.43806845
0.43806845
0.43940848
0.43992242
0.44199595
0.46464398
0.4646626
0.50192572
0.50192572
0.50192572
0.5460356
0.5722322
0.5722322
0.5722322
0.56679767
0.56679767
0.56679767
0.59404479
0.59404479
0.59404479
0.57615047
0.57615047
0.52952516
0.50757026
0.49802294
0.43896031
0.43896031
0.43896031
0.43896031
0.44555287
0.44555287
0.44555287
0.4415509
0.4415509
0.4415509
0.48115723
0.48115723
0.48115723
0.48115723
0.48115723
0.48115723
0.47818265
0.46747644
0.43288428
0.43288428
0.43288428
0.51481734
0.58037302
0.58037302
0.58037302
0.56050159
0.56050159
0.56050159
0.56050159
0.66167103
0.73713106
0.73713106
0.73713106
0.67388134
0.67388134
0.67388134
0.67478587
0.75049502
0.75049502
0.75049502
0.70891347
0.62847477
0.59375961
0.59375961
0.59375961
0.66165311
0.67550772
0.68287173
0.69803502
0.72052178
0.77871766
0.77871766
0.77871766
0.76253621
0.74844759
0.69169492
0.67362853
0.65488918
0.60803108
0.59485606
0.58644207
0.5834052
0.5834052
0.5834052
0.5834052
0.5834052
0.5834052
0.60405106
0.63563764
0.6983315
0.70901386
0.73138543
0.73138543
0.73726536
0.73726536
0.73726536
0.71032986
0.70477146
0.70477146
0.65527457
0.65527457
0.65527457
0.65788621
0.6670506
0.67120931
0.67120931
0.67120931
0.67120931
0.67238769
0.68219877
0.7043981
0.71849854
0.71849854
0.71849854
0.71849854
0.72563043
0.72563043
0.72563043
0.70431216
0.69946656
0.69946656
0.69946656
0.72091552
0.72091552
0.74329789
0.76519152
0.77864737
0.77864737
0.77864737
0.7595423
0.75768086
0.75768086
0.75768086
0.75461737
0.75429272
0.74629787
0.74629787
0.74629787
0.76287583
0.80346861
0.87197352
0.87197352
0.87197352
0.76506784
0.69486035
0.5832594
0.50910426
0.46850937
0.41884995
0.41884995
0.4162771
0.38893833
0.36802576
0.35100969
0.35100969
0.35100969
0.47775709
0.57159003
0.64336943
0.6877697
0.6877697
0.6877697
0.4146328
0.4146328
0.4146328
0.65924921
0.65924921
0.65924921
0.61096634
0.61096634
0.61096634
0.62690683
0.71031769
0.71031769
0.71031769
0.65366401
0.57243159
0.57243159
0.57243159
0.68281919
0.68281919
0.68281919
0.65472079
0.65472079
0.63946161
0.63946161
0.63946161
0.63946161
0.63576709
0.6245022
0.6245022
0.6245022
0.6245022
0.6245022
0.6245022
0.6245022
0.6245022
0.57026167
0.57026167
0.57026167
0.6298221
0.67120096
0.70048034
0.70048034
0.70048034
0.680901
0.680901
0.680901
0.60617328
0.60617328
0.60617328
0.60617328
0.61177241
0.78460748
0.78460748
0.78460748
0.77473744
0.77473744
0.60120173
0.55397567
0.46828911
0.46828911
0.46828911
0.4386727
0.4386727
0.4386727
0.45447381
0.52631534
0.68354052
0.68780084
0.68780084
0.68780084
0.68780084
0.66084497
0.66017948
0.66017948
0.66017948
0.66017948
0.66017948
0.65813222
0.65813222
0.65813222
0.76811306
0.77808436
0.77808436
0.77808436
0.75284971
0.75284971
0.73587282
0.73587282
0.73587282
0.73753732
0.73753732
0.73753732
0.580063
0.52828221
0.52828221
0.52828221
0.70290114
0.71651687
0.75286903
0.78266863
0.78494885
0.79249431
0.79249431
0.79249431
0.79249431
0.79249431
0.79249431
0.79249431
0.70728047
0.52895693
0.52895693
0.52895693
0.52895693
0.52895693
0.51252564
0.51252564
0.51252564
0.54545155
0.54545155
0.54545155
0.81690237
0.81690237
0.81690237
0.789843
0.72334936
0.72334936
0.63110416
0.59325125
0.59325125
0.59325125
0.56694589
0.56694589
0.56694589
0.6070173
0.73456239
0.73456239
0.73456239
0.73456239
0.73077441
0.7306869
0.7306869
0.7306869
0.7306869
0.7306869
0.72920334
0.69675451
0.69675451
0.69675451
0.74097955
0.74804466
0.74804466
0.74804466
0.74804466
0.74804466
0.7091807
0.7038979
0.68869961
0.68869961
0.57415593
0.57415593
0.57415593
0.62479363
0.72649357
0.72971279
0.72971279
0.72971279
0.7098107
0.64141873
0.60249112
0.60249112
0.60249112
0.62707455
0.62707455
0.63508038
0.63508038
0.64014067
0.66607993
0.67393806
0.67393806
0.67496976
0.67496976
0.67496976
0.71737635
0.71737635
0.71737635
0.56217756
0.5291203
0.42538075
0.42538075
0.42538075
0.46971994
0.46971994
0.47141089
0.56891245
0.56891245
0.56891245
0.53805885
0.53805885
0.53805885
0.51610778
0.51234712
0.51234712
0.51234712
0.51234712
0.51234712
0.51234712
0.55628511
0.55628511
0.55628511
0.55628511
0.55490786
0.48278971
0.39119835
0.39119835
0.39119835
0.49594106
0.58285436
0.63432791
0.63432791
0.63432791
0.63432791
0.63432791
0.69942879
0.7413985
0.7413985
0.7413985
0.7413985
0.70027193
0.70027193
0.70027193
0.70027193
0.6122526
0.6122526
0.6122526
0.65088497
0.65088497
0.65088497
0.62504262
0.62091747
0.62091747
0.62091747
0.62091747
0.55569895
0.55569895
0.55569895
0.57872525
0.57872525
0.57872525
0.57872525
0.57872525
0.59589648
0.65243793
0.65401198
0.65401198
0.65401198
0.6558106
0.6558106
0.68549084
0.68549084
0.68549084
0.68549084
0.65650514
0.64643868
0.58168886
0.49030524
0.49030524
0.49030524
0.51098745
0.51164231
0.532748
0.532748
0.532748
0.532748
0.61506781
0.61990506
0.66641103
0.66641103
0.66641103
0.62081429
0.62081429
0.62081429
0.62081429
0.62081429
0.60532582
0.60532582
0.52286753
0.52286753
0.52286753
0.56914888
0.56914888
0.58523479
0.58523479
0.66583809
0.77614864
0.77614864
0.77614864
0.74292068
0.74292068
0.74292068
0.74292068
0.74650144
0.76566999
0.76566999
0.76566999
0.76174649
0.61403278
0.61403278
0.61403278
0.61403278
0.61403278
0.62403926
0.71986899
0.71986899
0.71986899
0.71986899
0.71986899
0.69523304
0.69372791
0.68773175
0.59856067
0.59856067
0.59856067
0.64334716
0.64334716
0.64397558
0.64397558
0.66069675
0.73085462
0.73085462
0.73085462
0.73085462
0.73085462
0.73085462
0.71072185
0.62485939
0.55653007
0.50449214
0.50449214
0.50449214
0.54249924
0.56899003
0.56899003
0.58976827
0.58976827
0.58976827
0.63367894
0.69453605
0.71211772
0.79276486
0.79276486
0.80876291
0.80876291
0.80876291
0.72438752
0.70552446
0.6476555
0.5052267
0.5052267
0.5052267
0.5052267
0.5052267
0.5052267
0.64416
0.64416
0.64416
0.61658409
0.5902142
0.56485654
0.56485654
0.56485654
0.58317781
0.61367282
0.68750576
0.69134643
0.69134643
0.69134643
0.69134643
0.69134643
0.68194666
0.68194666
0.60038089
0.59841921
0.59841921
0.55077682
0.55077682
0.55077682
0.55077682
0.55077682
0.55691075
0.56822556
0.56822556
0.56822556
0.56822556
0.56822556
0.58775566
0.60211635
0.60211635
0.60743205
0.65757584
0.65757584
0.65757584
0.5550813
0.5550813
0.5550813
0.58186093
0.58186093
0.58186093
0.58186093
0.58186093
0.6006436
0.6006436
0.6006436
0.6006436
0.60467861
0.61738248
0.62698564
0.63551498
0.63551498
0.64270745
0.65366888
0.65366888
0.65366888
0.64329792
0.62114419
0.53182885
0.53182885
0.53182885
0.64027879
0.64027879
0.71440959
0.71440959
0.71440959
0.70315532
0.50985168
0.50985168
0.50985168
0.60709228
0.60709228
0.60709228
0.60709228
0.60709228
0.60709228
0.63183872
0.63183872
0.63183872
0.63183872
0.6949569
0.6949569
0.6949569
0.66846264
0.56932478
0.56932478
0.56932478
0.72099938
0.72099938
0.72099938
0.66147079
0.66147079
0.66147079
0.66147079
0.66147079
0.66147079
0.62568146
0.57877029
0.53459432
0.53459432
0.53459432
0.62546694
0.62546694
0.62546694
0.62156729
0.61209551
0.61209551
0.61209551
0.61209551
0.61209551
0.64199671
0.64860267
0.69523251
0.69523251
0.69523251
0.63479036
0.63479036
0.63479036
0.63479036
0.63479036
0.63479036
0.61302875
0.61302875
0.61302875
0.61302875
0.60716152
0.60716152
0.60716152
0.60254401
0.58690245
0.58690245
0.58690245
0.59591371
0.59902974
0.60017038
0.60017038
0.60017038
0.59162782
0.54067796
0.53728028
0.53728028
0.53728028
0.53728028
0.52148313
0.52148313
0.52148313
0.52148313
0.52148313
0.48607466
0.41833079
0.37145339
0.37145339
0.37145339
0.35446657
0.35446657
0.35446657
0.35446657
0.35954496
0.38347298
0.3990441
0.42000069
0.451228
0.451228
0.451228
0.451228
0.451228
0.48337324
0.48337324
0.48654356
0.49980069
0.55080726
0.55080726
0.55080726
0.58460518
0.61452501
0.62057663
0.63723062
0.6385581
0.64021601
0.64021601
0.64021601
0.64021601
0.64021601
0.64021601
0.64021601
0.6369159
0.6369159
0.6369159
0.6369159
0.63612201
0.6230131
0.6230131
0.6230131
0.63183629
0.6488478
0.66108228
0.66108228
0.66108228
0.65305923
0.6482775
0.6482775
0.6482775
0.64399978
0.64399978
0.64399978
0.68337645
0.69743252
0.70377055
0.70792944
0.70792944
0.70792944
0.70792944
0.66606428
0.66004518
0.66004518
0.66004518
0.66004518
0.66004518
0.63850104
0.62841161
0.62841161
0.62841161
0.66101112
0.66969078
0.66969078
0.71181602
0.71181602
0.71181602
0.70919428
0.70919428
0.70919428
0.70919428
0.70919428
0.76249826
0.76249826
0.76249826
0.74540917
0.72512814
0.72512814
0.72512814
0.67334563
0.585073
0.585073
0.585073
0.585073
0.585073
0.57410914
0.5015875
0.47266251
0.31823134
0.31823134
0.31823134
0.38314033
0.51550857
0.51550857
0.51550857
0.51550857
0.51550857
0.51550857
0.51550857
0.51550857
0.65559904
0.70726567
0.75720747
0.75720747
0.75720747
0.71605372
0.71605372
0.67222989
0.59363001
0.51980229
0.4521703
0.4521703
0.4521703
0.4521703
0.4521703
0.5062692
0.54284353
0.54284353
0.54284353
0.54284353
0.55123892
0.55123892
0.55123892
0.58193122
0.58193122
0.58193122
0.3895074
0.3895074
0.3895074
0.42993544
0.42993544
0.42993544
0.42993544
0.50874671
0.50874671
0.50874671
0.4739258
0.4739258
0.4739258
0.4739258
0.4739258
0.40914503
0.31691358
0.31691358
0.31691358
0.38399859
0.38399859
0.38399859
0.47693065
0.65063583
0.65063583
0.65063583
0.47676415
0.45042036
0.45042036
0.45042036
0.45042036
0.45042036
0.45042036
0.45406061
0.53005859
0.53005859
0.54105202
0.54105202
0.56067156
0.63159916
0.63159916
0.6904586
0.6904586
0.6904586
0.6904586
0.6904586
0.6904586
0.6904586
0.72444771
0.76688057
0.76688057
0.76688057
0.68165018
0.68165018
0.59654423
0.50511621
0.50511621
0.50511621
0.65446745
0.65446745
0.65446745
0.65446745
0.65446745
0.50733085
0.50733085
0.50733085
0.53299941
0.64570308
0.64570308
0.64570308
0.64570308
0.64570308
0.62314358
0.62314358
0.62314358
0.62314358
0.67830606
0.70632688
0.70632688
0.70632688
0.66020505
0.66020505
0.66020505
0.67093493
0.75759405
0.75759405
0.75759405
0.70833044
0.70677348
0.61332208
0.56382501
0.56382501
0.56382501
0.56382501
0.56382501
0.56382501
0.56382501
0.56382501
0.56382501
0.65560269
0.6916763
0.6916763
0.6916763
0.6916763
0.70325206
0.70666492
0.74254349
0.74254349
0.74254349
0.74254349
0.74254349
0.74254349
0.73738489
0.71595298
0.71595298
0.71595298
0.74597042
0.74597042
0.74597042
0.73664669
0.73664669
0.73664669
0.71242167
0.71242167
0.71242167
0.76010566
0.77624102
0.77624102
0.77624102
0.77624102
0.79956514
0.79973843
0.79973843
0.79973843
0.79973843
0.76794359
0.76794359
0.76794359
0.77667057
0.77667057
0.9011059
0.94010468
0.94010468
0.94010468
0.9375339
0.85276719
0.85276719
0.85276719
0.86462186
0.86462186
0.86462186
0.86161283
0.85082866
0.85082866
0.79210565
0.77500954
0.74392666
0.74392666
0.74392666
0.79036771
0.80288614
0.87274024
0.87274024
0.87274024
0.88495332
0.88495332
0.88495332
0.86399221
0.86399221
0.81795792
0.81795792
0.81795792
0.81795792
0.81795792
0.81374127
0.75384142
0.75384142
0.75384142
0.77800188
0.82498038
0.82498038
0.82498038
0.83872886
0.85672356
0.85672356
0.85672356
0.80540645
0.7961443
0.7961443
0.76867484
0.74178996
0.7381172
0.72285107
0.70984549
0.70984549
0.70747064
0.68601404
0.68601404
0.68601404
0.68601404
0.68601404
0.64038475
0.63111738
0.63111738
0.63111738
0.63111738
0.63111738
0.64307541
0.66969966
0.67084482
0.67084482
0.67084482
0.67084482
0.67084482
0.67499691
0.69215804
0.71292431
0.7224876
0.75601306
0.75844014
0.76947726
0.76947726
0.76947726
0.76947726
0.76947726
0.78867556
0.78867556
0.816248
0.8850765
0.8850765
0.8850765
0.80676265
0.73449347
0.70069331
0.56877377
0.56813577
0.50256809
0.39244824
0.39244824
0.39244824
0.39244824
0.39244824
0.39244824
0.39244824
0.50290716
0.57150444
0.57150444
0.57150444
0.56946848
0.56946848
0.56946848
0.60400547
0.78506941
0.78506941
0.78506941
0.78748291
0.78748291
0.78748291
0.67650203
0.67650203
0.67650203
0.67650203
0.7017786
0.71997982
0.72661902
0.72661902
0.72661902
0.72661902
0.72661902
0.72661902
0.72661902
0.79527805
0.84814116
0.86103243
0.86103243
0.87793728
0.88080713
0.89659852
0.90903411
0.91852557
0.93250701
0.93250701
0.93250701
0.91070416
0.91070416
0.88997534
0.85171529
0.85171529
0.85171529
0.87688783
0.87688783
0.87688783
0.84083806
0.84083806
0.84083806
0.84477824
0.90931927
0.90931927
0.90931927
0.7525882
0.66029919
0.40430049
0.38203379
0.38203379
0.38203379
0.42111295
0.42111295
0.43090664
0.43090664
0.43090664
0.43090664
0.43602711
0.48623821
0.48623821
0.54219249
0.57603894
0.62781851
0.65634404
0.71713259
0.71713259
0.71713259
0.71713259
0.71713259
0.71713259
0.71713259
0.75937111
0.75937111
0.75937111
0.73169408
0.73169408
0.73169408
0.73169408
0.73169408
0.70504584
0.70504584
0.70504584
0.70504584
0.70504584
0.70504584
0.62933405
0.62933405
0.62933405
0.62933405
0.62933405
0.62933405
0.62933405
0.59557633
0.59557633
0.59557633
0.68582527
0.68582527
0.68582527
0.68582527
0.70600466
0.70600466
0.70600466
0.68037784
0.67421609
0.67421609
0.67421609
0.67421609
0.67421609
0.67421609
0.67421609
0.67421609
0.66381973
0.66381973
0.66381973
0.66381973
0.66381973
0.62100568
0.62100568
0.60280671
0.60280671
0.60280671
0.60280671
0.60280671
0.60280671
0.60280671
0.60280671
0.60280671
0.60280671
0.60280671
0.60280671
0.6013952
0.56698749
0.54893085
0.53133041
0.53133041
0.53133041
0.53133041
0.53133041
0.53133041
0.53133041
0.55885431
0.55885431
0.55885431
0.55885431
0.55885431
0.55885431
0.52570624
0.48956409
0.48956409
0.48956409
0.48956409
0.48956409
0.48956409
0.48956409
0.49780113
0.52599816
0.56836684
0.56836684
0.5797996
0.61041519
0.62570878
0.62570878
0.62570878
0.62570878
0.62570878
0.63835211
0.66826394
0.67885914
0.67885914
0.67885914
0.67885914
0.67885914
0.67885914
0.68760769
0.70893035
0.738077
0.738077
0.7449081
0.75118033
0.75118033
0.75118033
0.77252908
0.77252908
0.77252908
0.77252908
0.75025964
0.68278804
0.65210269
0.65210269
0.65210269
0.65210269
0.64532361
0.64532361
0.64532361
0.64532361
0.64532361
0.68685732
0.68685732
0.68685732
0.67576418
0.67576418
0.67576418
0.67339732
0.67257923
0.64901535
0.61225765
0.599084
0.599084
0.57383563
0.52767746
0.51019025
0.51019025
0.51019025
0.51474165
0.51474165
0.51474165
0.4769256
0.4769256
0.45444982
0.45444982
0.45444982
0.5046202
0.5046202
0.5046202
0.48782425
0.4834425
0.47965852
0.47965852
0.47554558
0.47554558
0.47554558
0.47711994
0.47711994
0.47878515
0.51871472
0.54586458
0.57076936
0.57076936
0.57076936
0.57076936
0.50081763
0.47237911
0.47237911
0.47237911
0.48145403
0.51245623
0.59604296
0.59604296
0.68519492
0.68519492
0.68519492
0.68519492
0.75153335
0.75153335
0.75153335
0.75153335
0.75153335
0.71521671
0.68365378
0.68365378
0.68365378
0.74705557
0.77048932
0.77048932
0.80297975
0.80297975
0.80297975
0.80297975
0.80297975
0.80297975
0.80044654
0.75255863
0.75255863
0.75255863
0.75348911
0.77372556
0.77372556
0.77372556
0.77372556
0.77372556
0.77372556
0.75271348
0.75271348
0.75271348
0.75271348
0.75271348
0.75271348
0.77616533
0.77616533
0.77616533
0.73712636
0.73712636
0.7229612
0.68853939
0.66872952
0.66872952
0.66872952
0.68371172
0.68649126
0.68649126
0.69000222
0.69000222
0.71564591
0.74697241
0.78108294
0.80124861
0.80124861
0.80124861
0.77654062
0.77654062
0.77218494
0.77218494
0.77218494
0.77218494
0.72317154
0.70189466
0.70189466
0.70189466
0.70189466
0.70189466
0.70189466
0.70189466
0.70189466
0.70183689
0.69913389
0.69810861
0.69810861
0.69810861
0.71836561
0.74720639
0.75469951
0.75469951
0.75469951
0.80589692
0.81431297
0.81431297
0.81431297
0.81431297
0.81431297
0.75562335
0.75110622
0.75110622
0.75110622
0.75110622
0.76059266
0.7846348
0.7846348
0.7846348
0.84953527
0.84953527
0.84953527
0.84953527
0.84953527
0.84439775
0.82680721
0.81525352
0.77720766
0.77403438
0.77403438
0.77403438
0.78625859
0.78625859
0.78625859
0.77612321
0.77612321
0.77612321
0.77612321
0.77612321
0.77612321
0.77612321
0.78889548
0.78889548
0.78889548
0.78889548
0.77984455
0.76083884
0.75406323
0.75406323
0.75406323
0.78264671
0.78264671
0.78264671
0.77744707
0.77636487
0.77636487
0.77636487
0.78949938
0.78949938
0.84865022
0.86414376
0.86414376
0.94052536
0.94052536
0.94052536
0.91738946
0.86732746
0.86732746
0.84518797
0.81712751
0.81712751
0.81712751
0.81661512
0.80189183
0.77045155
0.77045155
0.76136113
0.76136113
0.76136113
0.81292755
0.907315
0.907315
0.907315
0.86805384
0.86805384
0.86081529
0.81956136
0.81956136
0.81956136
0.84419243
0.84854654
0.86861825
0.86861825
0.86861825
0.83922453
0.80728911
0.80470304
0.80470304
0.80470304
0.80470304
0.80470304
0.80470304
0.80470304
0.79764943
0.79764943
0.79764943
0.79764943
0.79764943
0.78664797
0.78664797
0.75641862
0.7329666
0.69223268
0.69223268
0.66913648
0.54441564
0.54441564
0.54441564
0.54441564
0.54441564
0.54441564
0.56140874
0.56140874
0.59306943
0.59810257
0.63052011
0.64879789
0.64879789
0.64879789
0.62819674
0.62819674
0.62819674
0.62819674
0.62819674
0.59995061
0.59995061
0.50421187
0.50421187
0.50421187
0.50485474
0.50485474
0.55394189
0.55394189
0.56948745
0.6012616
0.6012616
0.6012616
0.7026955
0.7026955
0.7026955
0.70182142
0.63385396
0.63385396
0.63385396
0.63385396
0.63385396
0.63385396
0.63385396
0.65434374
0.65434374
0.65434374
0.65434374
0.65434374
0.69859403
0.72414288
0.72414288
0.72414288
0.62583893
0.62583893
0.59676379
0.59676379
0.59676379
0.59676379
0.59676379
0.69637732
0.75536202
0.76939895
0.76939895
0.80412523
0.83239816
0.83239816
0.83239816
0.76323787
0.72979942
0.70195555
0.70195555
0.70195555
0.7715193
0.82979901
0.85843328
0.85843328
0.85843328
0.66055267
0.52343976
0.52343976
0.52343976
0.52343976
0.52343976
0.52278609
0.52278609
0.52278609
0.66781559
0.66781559
0.66781559
0.62494553
0.62494553
0.57997234
0.57997234
0.57997234
0.61042178
0.61042178
0.61042178
0.60037167
0.60037167
0.60037167
0.59739393
0.59739393
0.59739393
0.56027017
0.56027017
0.55938547
0.54579324
0.54579324
0.54579324
0.54579324
0.54587675
0.54587675
0.54587675
0.54587675
0.63081726
0.64804209
0.70186664
0.70186664
0.86620667
0.90260265
0.90260265
0.90260265
0.63627476
0.5682981
0.5682981
0.5682981
0.5682981
0.5682981
0.57338728
0.59028919
0.59028919
0.59028919
0.55518084
0.55518084
0.53611509
0.53611509
0.53611509
0.53611509
0.46821534
0.44705971
0.44705971
0.44705971
0.45809491
0.54494143
0.54494143
0.54494143
0.54494143
0.63108137
0.63312656
0.7199224
0.7199224
0.7199224
0.64333082
0.6404401
0.6404401
0.6404401
0.6404401
0.6404401
0.6404401
0.64785767
0.66522377
0.69805642
0.69805642
0.69805642
0.69805642
0.701221
0.74054424
0.76437521
0.76437521
0.76437521
0.70722968
0.61070588
0.45440998
0.44333108
0.44333108
0.44333108
0.53997213
0.64004846
0.66413255
0.66413255
0.66413255
0.66641955
0.66641955
0.66641955
0.65480949
0.59281977
0.59281977
0.59281977
0.59281977
0.59281977
0.59281977
0.59281977
0.59281977
0.64347817
0.64347817
0.64347817
0.64347817
0.64347817
0.64972658
0.68027034
0.68027034
0.68027034
0.68027034
0.68027034
0.68027034
0.74340245
0.7572981
0.7894797
0.7894797
0.7894797
0.7894797
0.7894797
0.8015924
0.8015924
0.8015924
0.8015924
0.84988429
0.85144038
0.85144038
0.85144038
0.82660017
0.82306048
0.81142678
0.79969301
0.78342756
0.78342756
0.76892748
0.76892748
0.76892748
0.68200982
0.64173488
0.5857011
0.5857011
0.54631276
0.54631276
0.50594666
0.49225977
0.49225977
0.49225977
0.39895067
0.39895067
0.39596181
0.39356103
0.39356103
0.34538692
0.34538692
0.34538692
0.34538692
0.36346443
0.39833722
0.43869932
0.44001393
0.44001393
0.44001393
0.44001393
0.44001393
0.44001393
0.42657098
0.39870259
0.36618624
0.36618624
0.36618624
0.36618624
0.36618624
0.35454191
0.35454191
0.35454191
0.37163971
0.41253212
0.41253212
0.41253212
0.35480184
0.35480184
0.35480184
0.38186677
0.47742859
0.50547828
0.50547828
0.50547828
0.50547828
0.50547828
0.46990314
0.42465002
0.42465002
0.42465002
0.44687772
0.45480978
0.49001381
0.49001381
0.49001381
0.47675163
0.47559342
0.47559342
0.47559342
0.53489827
0.53489827
0.53489827
0.52048483
0.52048483
0.49870947
0.46671074
0.46489921
0.46489921
0.46489921
0.53473262
0.53473262
0.5697914
0.5697914
0.5697914
0.56517754
0.56517754
0.56517754
0.58032466
0.58032466
0.58032466
0.58032466
0.49326695
0.49326695
0.49326695
0.54579377
0.54579377
0.54579377
0.54579377
0.54579377
0.54579377
0.54579377
0.54579377
0.54579377
0.54579377
0.54579377
0.57572299
0.58203665
0.58203665
0.58203665
0.58203665
0.57002959
0.52345246
0.52345246
0.52345246
0.55745391
0.55745391
0.55745391
0.53144244
0.53102558
0.53102558
0.53102558
0.53102558
0.53102558
0.53102558
0.53102558
0.45672552
0.45672552
0.45672552
0.45672552
0.45672552
0.55317882
0.55317882
0.65374177
0.81103637
0.82174082
0.82174082
0.82174082
0.82174082
0.82174082
0.82174082
0.73933924
0.73933924
0.67306013
0.67306013
0.67306013
0.64087887
0.64087887
0.64087887
0.64087887
0.64087887
0.64373063
0.64373063
0.64373063
0.61277142
0.57897421
0.57897421
0.54404628
0.54404628
0.54404628
0.54404628
0.54404628
0.52906288
0.48549044
0.48549044
0.48549044
0.62607242
0.64803844
0.64803844
0.64803844
0.62902158
0.61661226
0.6027467
0.56493415
0.56193243
0.56193243
0.56193243
0.56193243
0.56193243
0.56193243
0.53752818
0.53752818
0.53752818
0.57048734
0.57877362
0.55210707
