0.26520205
0.26612802
0.26581139
0.26612802
0.26719825
0.26822765
0.27188041
0.27198945
0.27506896
0.27506896
0.27599546
0.27599546
0.27959903
0.28273208
0.28273208
0.28273208
0.28272492
0.28272492
0.28272492
0.28272492
0.28272492
0.28250716
0.28250716
0.28250716
0.28250716
0.2813713
0.28112433
0.28112433
0.28112433
0.28112433
0.28112433
0.28085706
0.28085706
0.28022846
0.27913744
0.2779911
0.27741327
0.27690006
0.27690006
0.27690006
0.27690006
0.2753471
0.27352998
0.27114191
0.26996004
0.26865579
0.26865579
0.26865579
0.27174597
0.27174597
0.27221264
0.27221264
0.27613302
0.27613302
0.27613302
0.27613302
0.27613302
0.27508943
0.27508943
0.27508943
0.2766697
0.2766697
0.2766697
0.2766697
0.27604042
0.27318272
0.27318272
0.27318272
0.27492979
0.27492979
0.27866466
0.27866466
0.28143259
0.28143259
0.28143259
0.27854667
0.27854667
0.27854667
0.27854667
0.27854667
0.27854667
0.28115164
0.2827384
0.285183
0.2864804
0.2864804
0.2864804
0.28470866
0.2845245
0.28292673
0.28156789
0.28142381
0.28080646
0.27941296
0.2752328
0.27427934
0.27427934
0.27299033
0.27299033
0.27299033
0.27299033
0.27299033
0.27142372
0.27023274
0.27023274
0.27023274
0.27385505
0.27596621
0.27596621
0.27596621
0.27593297
0.27593297
0.27593297
0.27725681
0.28015756
0.28015756
0.28015756
0.27670385
0.27670385
0.27389775
0.27181195
0.27181195
0.27181195
0.27452667
0.27452667
0.27452667
0.27537335
0.27537335
0.27537335
0.27523682
0.27522264
0.27522264
0.27522264
0.27522264
0.27522264
0.27442183
0.27271798
0.27079409
0.27009395
0.27009395
0.27009395
0.27129979
0.27323784
0.2747903
0.27711746
0.27714689
0.27714689
0.2796484
0.28230095
0.28230095
0.28230095
0.28089591
0.27982184
0.27982184
0.27982184
0.28079245
0.28395264
0.28395264
0.28395264
0.28395264
0.28395264
0.28498785
0.28563234
0.28563234
0.28686165
0.28686165
0.28686165
0.28686165
0.28754537
0.28877118
0.28877118
0.28877118
0.28877118
0.28877118
0.28990161
0.28990161
0.28990161
0.2863311
0.28611896
0.28611896
0.28558929
0.28558929
0.28483241
0.28483241
0.28483241
0.28581718
0.28774912
0.28980164
0.28980164
0.28980164
0.28919251
0.28905669
0.28889038
0.2877584
0.2877584
0.2877584
0.2877584
0.28547182
0.28335907
0.28318807
0.28237886
0.28216791
0.28216791
0.28093388
0.28093388
0.28093388
0.28093388
0.28093388
0.28093388
0.28093388
0.28093388
0.28217931
0.28233824
0.28298361
0.28327752
0.28351331
0.28351331
0.28351331
0.28351331
0.28351331
0.28509005
0.28509005
0.28532005
0.28583521
0.28711056
0.28808661
0.288677
0.288677
0.28868857
0.28868857
0.28868857
0.28868857
0.29060806
0.29339752
0.29423368
0.29559954
0.29819538
0.29902107
0.29902107
0.29902107
0.29707427
0.29707427
0.29707427
0.29707427
0.29707427
0.29704784
0.29699653
0.2958045
0.29354159
0.29354159
0.28824815
0.28824815
0.28824815
0.28824815
0.28824815
0.28824815
0.28824815
0.28824815
0.29313688
0.30305472
0.30656884
0.31049221
0.32256359
0.32256359
0.32256359
0.31624651
0.30263706
0.28810602
0.27690863
0.27690863
0.27690863
0.28407921
0.29057987
0.29107491
0.29107491
0.29107491
0.2952568
0.30453678
0.32097489
0.32954108
0.33052041
0.33954188
0.33954188
0.33954188
0.31865613
0.31865613
0.31865613
0.31865613
0.31813187
0.31813187
0.31813187
0.31813187
0.26720365
0.24633455
0.24633455
0.24633455
0.24744342
0.24744342
0.24744342
0.24744342
0.24744342
0.24797714
0.25046341
0.25046341
0.25604162
0.25604162
0.25604162
0.25671554
0.25671554
0.25671554
0.25309884
0.25309884
0.25309884
0.25309884
0.25543634
0.25543634
0.25855121
0.25855121
0.25855121
0.25855121
0.25855121
0.25855121
0.25855121
0.25462187
0.25417535
0.25417535
0.24983607
0.24983607
0.24983607
0.24983607
0.24983607
0.24983607
0.24983607
0.24983607
0.25122625
0.25122625
0.25381055
0.25591928
0.25639276
0.25908384
0.26184443
0.26184443
0.26184443
0.26049152
0.25904657
0.25681233
0.25681233
0.25681233
0.25842675
0.25842675
0.2595521
0.26290446
0.26337674
0.26351694
0.26351694
0.26351694
0.26351694
0.26351694
0.26186596
0.26186596
0.26186596
0.26186596
0.26186596
0.26034433
0.25929006
0.25929006
0.25929006
0.25929006
0.25929006
0.2564115
0.2564115
0.2564115
0.2564115
0.2564115
0.2564115
0.2564115
0.2551274
0.25115045
0.25076116
0.24836414
0.24836414
0.24836414
0.24836414
0.24883571
0.24883571
0.24903667
0.24903667
0.25146169
0.25463465
0.25463465
0.25463465
0.25463465
0.25463465
0.25501783
0.25501783
0.25501783
0.25774864
0.25774864
0.25774864
0.25933801
0.25933801
0.25933801
0.25933801
0.25933801
0.2595526
0.26108685
0.26162861
0.26187365
0.26352954
0.26367693
0.26367693
0.26367693
0.26367693
0.26367693
0.26333839
0.26194228
0.26194228
0.25848889
0.25848889
0.25848889
0.25848889
0.25799579
0.25799579
0.25799579
0.25799579
0.25799579
0.26007703
0.26021462
0.26021462
0.26021462
0.26021462
0.26021462
0.26104397
0.26104397
0.26104397
0.26104397
0.26104397
0.26104397
0.26104397
0.26042729
0.26042729
0.26042729
0.26042729
0.26042729
0.25994051
0.25814266
0.25814266
0.25814266
0.25814266
0.25841536
0.26009944
0.26188275
0.26269461
0.26269461
0.26269461
0.26269461
0.26198043
0.26073764
0.26073764
0.26073764
0.26073764
0.26073764
0.26143168
0.26143168
0.26143168
0.26185597
0.26185597
0.26202927
0.26202927
0.26202927
0.26116508
0.25924803
0.25878679
0.25878679
0.25878679
0.25926398
0.25926398
0.25926398
0.2605381
0.2605381
0.26352308
0.26352308
0.26352308
0.26232106
0.26158518
0.2601089
0.2601089
0.2601089
0.2601089
0.25864028
0.25864028
0.25864028
0.25901436
0.25935305
0.25935305
0.26020061
0.26020061
0.26020061
0.26020061
0.26020061
0.26020061
0.25456866
0.25397509
0.25397509
0.25397509
0.25219301
0.25219301
0.2506474
0.2506474
0.2506474
0.25232866
0.25255658
0.25255658
0.25255658
0.25255658
0.25255658
0.25255658
0.25502778
0.25502778
0.25502778
0.25684769
0.25684769
0.25684769
0.25684769
0.25718782
0.25770051
0.25807455
0.25807455
0.25807455
0.25725345
0.25725345
0.25586571
0.25586571
0.25586571
0.25591402
0.25591402
0.25591402
0.25620966
0.25649796
0.25649796
0.25649796
0.25649796
0.25720811
0.25757464
0.25757464
0.25757464
0.25757464
0.25757464
0.25757464
0.25757464
0.25757464
0.25719848
0.25672796
0.25672796
0.25672796
0.25665742
0.25665742
0.25665742
0.25664693
0.25664693
0.25664693
0.25664693
0.25664693
0.25664693
0.25706756
0.25706756
0.25724943
0.25724943
0.25724943
0.25724943
0.25724943
0.25724943
0.25724943
0.25724943
0.25724943
0.25634322
0.25634322
0.25634322
0.25634322
0.25528721
0.25528721
0.25528721
0.25528721
0.25514437
0.25393465
0.25390297
0.25390297
0.25390297
0.25390297
0.25354205
0.25354205
0.25354205
0.25422821
0.25422821
0.25458966
0.25486832
0.25495777
0.25495777
0.25495777
0.25495777
0.25495777
0.25495777
0.25516223
0.25524853
0.25524853
0.25524853
0.25573268
0.25647364
0.2569172
0.2569172
0.2569172
0.2569172
0.2569172
0.2567684
0.25610027
0.25610027
0.25610027
0.25672728
0.25672728
0.25811693
0.25811693
0.25811693
0.25811693
0.25811693
0.25707613
0.25707613
0.25707613
0.25707613
0.25707613
0.25672587
0.25593223
0.25580516
0.2554206
0.2554206
0.25523714
0.25523714
0.25523714
0.25533711
0.25533711
0.25533711
0.25533711
0.25533711
0.25533711
0.25532239
0.25532239
0.25296983
0.252259
0.252259
0.252259
0.25250439
0.2532072
0.2532072
0.2532072
0.25274194
0.25249426
0.25249426
0.25227791
0.25181177
0.25181177
0.25180249
0.25180249
0.25180249
0.25180249
0.25180249
0.25180249
0.25180249
0.25050685
0.25050685
0.25050685
0.25204019
0.25204019
0.25253241
0.25253241
0.25253241
0.25253241
0.25253241
0.25253241
0.25412739
0.25412739
0.25412739
0.25527899
0.25527899
0.25527899
0.25527899
0.25699526
0.25699526
0.25699526
0.25699526
0.25595044
0.25595044
0.25595044
0.25595044
0.2556049
0.25538453
0.25538453
0.25458634
0.25458634
0.25458634
0.25497527
0.25533482
0.25579238
0.25579238
0.25579238
0.25579238
0.25579238
0.25579238
0.25584419
0.25624187
0.25873813
0.25873813
0.25944758
0.25944758
0.25944758
0.25944758
0.25948068
0.25948068
0.25948068
0.25940103
0.25940103
0.25904693
0.25763837
0.25711358
0.25709974
0.25682478
0.25682478
0.25682478
0.25691071
0.25691071
0.2569263
0.25707928
0.25815787
0.258784
0.258784
0.258784
0.25816715
0.2578148
0.2578148
0.2578148
0.2578148
0.25778643
0.25778643
0.25778643
0.25785104
0.25785104
0.25820776
0.25861667
0.26082393
0.26082393
0.26082393
0.26082393
0.26082393
0.26082393
0.26211293
0.26211293
0.26211293
0.26170999
0.26170999
0.26170999
0.26170999
0.26170999
0.26288766
0.26288766
0.26288766
0.26288766
0.26288766
0.26288766
0.26313866
0.26313866
0.26358187
0.26358187
0.26358187
0.26351747
0.26351747
0.26351747
0.26351747
0.26351747
0.26351747
0.26351747
0.26351747
0.2620515
0.2620515
0.2620515
0.26685497
0.26717704
0.26717704
0.26717704
0.2634091
0.2634091
0.26180643
0.26032295
0.2598801
0.2598801
0.2598801
0.26051639
0.26305835
0.26305835
0.26403612
0.26403612
0.26403612
0.26403612
0.26198201
0.26198201
0.26198201
0.26375763
0.26612682
0.26630816
0.26630816
0.26630816
0.26519104
0.26519104
0.26519104
0.26519104
0.26519104
0.26519104
0.26561272
0.26800149
0.26800149
0.26800149
0.26444694
0.26444694
0.26444694
0.26444694
0.26444694
0.26719719
0.26907101
0.26907101
0.26984433
0.26984433
0.26984433
0.26984433
0.26984433
0.26984433
0.26984433
0.26984433
0.26984433
0.26984433
0.27071533
0.2726056
0.2726056
0.27711167
0.27802314
0.28205189
0.2842812
0.2842812
0.2842812
0.28140387
0.27844532
0.27565657
0.2725431
0.2725431
0.27066038
0.27066038
0.27066038
0.27066038
0.27066038
0.27066038
0.27066038
0.27066038
0.27066038
0.27066038
0.27066038
0.27066038
0.27066038
0.27066038
0.27259177
0.27259177
0.27259177
0.27107907
0.27002691
0.26726808
0.26726808
0.26726808
0.26726808
0.26855935
0.26855935
0.26855935
0.26855935
0.26855935
0.26842021
0.26842021
0.26842021
0.26842021
0.26842021
0.26992606
0.27200748
0.27275684
0.27275684
0.27481323
0.27481323
0.27481323
0.27226006
0.27130681
0.27130681
0.27051525
0.26761728
0.26667677
0.26638727
0.26368639
0.26099408
0.25990233
0.25935675
0.25935675
0.25813094
0.25528844
0.25197716
0.24647913
0.24550135
0.24392634
0.2422407
0.2422407
0.2422407
0.2422407
0.2422407
0.2422407
0.24518856
0.24703226
0.24749664
0.24749664
0.24807305
0.24807305
0.24807305
0.24807305
0.24807305
0.24815813
0.25574475
0.25684455
0.25684455
0.25857746
0.26210577
0.26268917
0.26308633
0.26308633
0.26543731
0.26547566
0.26547566
0.26654762
0.26738869
0.26738869
0.26738869
0.26654321
0.26564353
0.26564353
0.26416704
0.26257802
0.26257802
0.26257802
0.2627156
0.26427364
0.26593811
0.26800026
0.26800026
0.26923344
0.27097335
0.27097335
0.27097335
0.27097335
0.27097335
0.27350567
0.27523788
0.276087
0.276087
0.276087
0.27266128
0.27265987
0.27265987
0.27265987
0.27265987
0.27265987
0.27282932
0.27282932
0.27282932
0.2749732
0.27557869
0.27557869
0.27557869
0.27494398
0.2728953
0.27180426
0.2701797
0.26922293
0.26715534
0.26715516
0.266608
0.266608
0.266608
0.26793656
0.26903862
0.26984624
0.27013927
0.27042178
0.27043458
0.27043458
0.27043458
0.27043458
0.27043458
0.27043458
0.2705277
0.27096513
0.27096513
0.27096513
0.26659293
0.26659293
0.26659293
0.2684741
0.2684741
0.2707057
0.2707057
0.2707057
0.2707057
0.2707057
0.26941601
0.26941601
0.26941601
0.26886829
0.26886829
0.26713191
0.26713191
0.26515078
0.26241629
0.26150468
0.25975705
0.25975705
0.25975705
0.25975705
0.26021532
0.26021532
0.26021532
0.26021532
0.26021532
0.2609517
0.26350784
0.26350784
0.26350784
0.26271892
0.26172908
0.26172908
0.26010907
0.26010907
0.25605965
0.25605965
0.25605965
0.25630857
0.25630857
0.25684631
0.25799177
0.25799177
0.25799177
0.25799177
0.25799177
0.25799177
0.25704462
0.25704462
0.25704462
0.25704462
0.25704462
0.25704462
0.25749605
0.25749605
0.25749605
0.25749605
0.25749605
0.25747608
0.25747608
0.25747608
0.25783615
0.25794381
0.25794381
0.25794381
0.25794381
0.25826394
0.25826394
0.25922004
0.25922004
0.25922004
0.25922004
0.25922004
0.25922004
0.25970069
0.2602167
0.2602167
0.26136272
0.26136272
0.26136272
0.26193318
0.26193318
0.26193318
0.2612605
0.2612605
0.2612605
0.2612605
0.2612605
0.25984004
0.25984004
0.25961756
0.25961756
0.25961756
0.25961756
0.25961756
0.25961756
0.25760054
0.25760054
0.25760054
0.25857817
0.25857817
0.26071489
0.26071489
0.26071489
0.26126381
0.26126381
0.26126381
0.26126381
0.26126381
0.26051795
0.26051795
0.26051795
0.26051795
0.26051795
0.26051795
0.26051795
0.25954317
0.25954317
0.25954317
0.25972152
0.25972152
0.26043358
0.26043358
0.26043358
0.26043358
0.26043358
0.26093335
0.26139282
0.26139282
0.26139282
0.26051481
0.25953354
0.25953354
0.25953354
0.25967165
0.26004361
0.26004361
0.26004361
0.2599988
0.2599988
0.2599988
0.26010572
0.26010572
0.26010572
0.26121427
0.26121427
0.26121427
0.25933942
0.25933942
0.25933942
0.25943795
0.25943795
0.25943795
0.25943795
0.25932715
0.25932715
0.25932715
0.25901961
0.2586305
0.25814336
0.25814336
0.25814336
0.25915385
0.25915385
0.25915385
0.25915385
0.25915385
0.25936444
0.25936444
0.25936444
0.25760809
0.25742079
0.25742079
0.25742079
0.25827954
0.25827954
0.25827954
0.25827954
0.25837947
0.25837947
0.25856677
0.25878436
0.25878436
0.25878436
0.25878436
0.25878436
0.25878436
0.25965711
0.25965711
0.25965711
0.25965711
0.26005445
0.26005445
0.26005445
0.258728
0.25712024
0.25712024
0.25712024
0.25824626
0.25839192
0.25877875
0.25877875
0.25947331
0.25947331
0.25947331
0.25893454
0.25783809
0.25783809
0.25783809
0.25783809
0.25783809
0.25783809
0.25783809
0.25783809
0.25783809
0.25783809
0.25783809
0.25792787
0.25792787
0.25792787
0.25791301
0.25791301
0.25652054
0.25652054
0.25652054
0.25734446
0.25744965
0.25744965
0.25744965
0.25648747
0.25648747
0.25648747
0.25648747
0.25521929
0.25521929
0.2552123
0.2552123
0.25434811
0.25434811
0.25434811
0.25518569
0.25564446
0.25747068
0.25747068
0.25747068
0.25747068
0.25747068
0.27085065
0.27255641
0.27255641
0.27255641
0.27105229
0.27059034
0.27059034
0.27059034
0.27059034
0.27059034
0.27059034
0.2703194
0.26987408
0.26987408
0.26987408
0.26987408
0.27053381
0.27065845
0.27065845
0.27065845
0.27020264
0.26910302
0.26910302
0.26910302
0.26948673
0.26963095
0.26963095
0.26963095
0.26963095
0.26986744
0.26986744
0.27089141
0.27089141
0.27089141
0.27089141
0.27089141
0.27120124
0.27120124
0.27120124
0.27097631
0.27031415
0.27031415
0.27031415
0.27051631
0.27206927
0.27295762
0.27384315
0.27566094
0.27663346
0.27663346
0.27817699
0.27817699
0.27817699
0.27965451
0.27965451
0.2817734
0.28204084
0.28222113
0.28222113
0.2822255
0.2822255
0.28316005
0.28316005
0.28316005
0.28316005
0.28316005
0.28316005
0.28531395
0.28531395
0.28569484
0.28610565
0.28610565
0.28610565
0.28545799
0.28230394
0.28230394
0.28210771
0.28210771
0.28210771
0.28210771
0.28131968
0.28131968
0.28131968
0.28131968
0.27820166
0.27820166
0.27820166
0.27820166
0.27820166
0.27730441
0.27605337
0.2757469
0.27525659
0.27525659
0.27374703
0.27374703
0.27374703
0.27374703
0.27341481
0.2717724
0.2717724
0.2717724
0.2717724
0.27419899
0.27419899
0.27419899
0.27419899
0.27670033
0.27670033
0.27670033
0.27670033
0.27670033
0.27670033
0.27670033
0.27670033
0.27670033
0.27670033
0.27670033
0.27670033
0.27670033
0.27670033
0.27724333
0.27724333
0.27724333
0.27611396
0.27603238
0.27597952
0.27597952
0.27597952
0.27597952
0.27445264
0.27419444
0.27365882
0.27365882
0.27192155
0.27182282
0.27182282
0.27182282
0.27387989
0.27388077
0.27388077
0.27695083
0.27695083
0.27695083
0.27797395
0.27797395
0.27797395
0.27784335
0.27565815
0.27565815
0.27565815
0.27565815
0.27565815
0.27605934
0.27672274
0.27672274
0.27672274
0.276707
0.27605828
0.27598389
0.27498826
0.27498826
0.27486154
0.27486154
0.27486154
0.27486154
0.27486154
0.27486154
0.27486154
0.27486154
0.27486154
0.27486154
0.27486154
0.27486154
0.27486154
0.27401539
0.27401539
0.27401539
0.27401539
0.27401539
0.27473394
0.27544477
0.27544477
0.27544477
0.27544477
0.27544477
0.27671766
0.27717575
0.27763908
0.27953372
0.27953372
0.27953372
0.27953372
0.27953372
0.27947807
0.27887102
0.27810698
0.27810698
0.27810698
0.27810698
0.27810698
0.27810698
0.27810698
0.27810698
0.27810698
0.27832033
0.27832033
0.27832033
0.27832033
0.2780886
0.2780886
0.2780886
0.27834817
0.27999323
0.27999323
0.27999323
0.27999323
0.27999323
0.28045708
0.28045708
0.28045708
0.28045708
0.28045708
0.28183727
0.2823911
0.2823911
0.2823911
0.2823911
0.2823911
0.2823911
0.2817277
0.2808644
0.28071157
0.28071157
0.27964752
0.27903031
0.27903031
0.27903031
0.27903031
0.27903031
0.28039318
0.28039318
0.28063193
0.28063193
0.28063193
0.28063193
0.2806477
0.2806477
0.2806477
0.2792276
0.27808528
0.26935334
0.26935334
0.26935334
0.26977467
0.27155904
0.27155904
0.27155904
0.27155904
0.27155904
0.26798417
0.26798417
0.26798417
0.26798417
0.26798417
0.26798417
0.26803932
0.26805647
0.26805647
0.27001255
0.27144404
0.27270888
0.27270888
0.27270888
0.27270888
0.27270888
0.27328195
0.27328195
0.27376997
0.27376997
0.27376997
0.27376997
0.27312933
0.27296252
0.27293172
0.27293172
0.27293172
0.27455328
0.27455328
0.27455328
0.27448694
0.27412672
0.27346121
0.27346121
0.27314683
0.27295656
0.27295656
0.27295656
0.27295656
0.27295656
0.27158039
0.27158039
0.27158039
0.27158039
0.27030836
0.27030836
0.27030836
0.27156078
0.27156078
0.27156078
0.27286344
0.27324013
0.27324013
0.27324013
0.27324013
0.27314052
0.27314052
0.27314052
0.27314052
0.27314052
0.27306002
0.27193083
0.27193083
0.27193083
0.2719849
0.2721603
0.2721603
0.2721603
0.2721603
0.2721603
0.2721603
0.2721603
0.2716063
0.2716063
0.2716063
0.27189336
0.27344949
0.27344949
0.27344949
0.27344949
0.27344949
0.27344949
0.27344949
0.27452931
0.27452931
0.27452931
0.27452931
0.27452931
0.27474337
0.27474337
0.27474337
0.27474337
0.27474337
0.27377399
0.27377399
0.27377399
0.27505478
0.27505478
0.27505478
0.27505478
0.2751227
0.27597059
0.27597059
0.27597059
0.27545317
0.27427041
0.27390092
0.27346279
0.27346279
0.27346279
0.27346279
0.27393836
0.27393836
0.27393836
0.27371922
0.27371922
0.27303726
0.27234426
0.27234426
0.27234426
0.27234426
0.27179745
0.27179745
0.27163851
0.27156709
0.27053226
0.27035074
0.27035074
0.26975699
0.26975699
0.26975699
0.26975699
0.26975699
0.26975699
0.26975699
0.26975699
0.26915274
0.26894461
0.268883
0.268883
0.26884588
0.26884588
0.26884588
0.26884588
0.26884588
0.26884588
0.26902129
0.27120649
0.27363362
0.27363362
0.27363362
0.27363362
0.27353577
0.27353577
0.27353577
0.2743618
0.2743618
0.2743618
0.27433291
0.27433291
0.27433291
0.27433291
0.27433291
0.27417694
0.27358584
0.27287395
0.27287395
0.27287395
0.27294414
0.27294414
0.27405231
0.27405231
0.27405231
0.27405231
0.27277995
0.27277995
0.27277995
0.27277995
0.27269872
0.27269872
0.27269872
0.27373726
0.27423611
0.27423611
0.27423611
0.27380691
0.27380691
0.27353665
0.27353665
0.27353665
0.27370257
0.27430228
0.27430228
0.27430228
0.27430228
0.27430228
0.27419814
0.2737362
0.2737362
0.27301101
0.27205176
0.27205176
0.27205176
0.27205176
0.27205176
0.27266618
0.27266618
0.27316433
0.27316433
0.27316433
0.27428845
0.27496882
0.27502101
0.27502101
0.27502101
0.27490862
0.27490862
0.27438683
0.27426516
0.27426516
0.27426516
0.27426516
0.27426516
0.27426516
0.27477418
0.27477418
0.27477418
0.27477418
0.27477418
0.27530719
0.27534166
0.27534166
0.27534166
0.27534166
0.27534166
0.27534166
0.27534166
0.27534166
0.27491003
0.27491003
0.27154239
0.27154239
0.27154239
0.27154239
0.27154239
0.2690647
0.2690647
0.2690647
0.2690647
0.26627768
0.26627768
0.26627768
0.26601584
0.26413432
0.26413432
0.26413432
0.26249068
0.26193861
0.26193861
0.26193861
0.26193861
0.26193861
0.26179873
0.26179873
0.26179873
0.26179873
0.2615073
0.2615073
0.2615073
0.26226206
0.26226206
0.26226206
0.26169231
0.26166203
0.26166203
0.26166203
0.26188625
0.26188625
0.26188625
0.261954
0.261954
0.261954
0.26022023
0.26022023
0.26022023
0.26099232
0.26099232
0.26105202
0.26135344
0.26135344
0.26135344
0.26135344
0.26135344
0.26135344
0.26110086
0.26054282
0.26054282
0.26054282
0.26054282
0.26054282
0.26046738
0.26046195
0.26046195
0.26046195
0.26133068
0.26133068
0.26133068
0.26111713
0.26111713
0.26111713
0.26111713
0.26222793
0.26222793
0.26366695
0.26390062
0.26390062
0.26390062
0.26390062
0.26432283
0.26432283
0.26432283
0.26119871
0.26119871
0.26119871
0.26119871
0.26119871
0.25971086
0.25940506
0.25940506
0.25940506
0.26053827
0.26053827
0.26053827
0.26295577
0.26295577
0.26295577
0.26295577
0.26295577
0.26295577
0.2602708
0.25923247
0.25861858
0.25861858
0.25861858
0.26106776
0.26106776
0.26120361
0.26120361
0.26120361
0.26075427
0.26075427
0.26075427
0.26165451
0.26165451
0.26165451
0.26165451
0.26281801
0.26281801
0.26281801
0.26281801
0.26281801
0.2626048
0.2626048
0.2626048
0.2626048
0.26225768
0.26178335
0.26157117
0.26157117
0.26157117
0.26179997
0.2628817
0.2628817
0.2628817
0.26261161
0.2620221
0.2620221
0.26175269
0.26175269
0.26175269
0.26175269
0.26175269
0.26297888
0.26297888
0.26297888
0.26826826
0.26881963
0.27029926
0.27029926
0.27029926
0.26930222
0.26861065
0.26825478
0.26825478
0.26825478
0.26798942
0.26798942
0.26726667
0.26726667
0.26726667
0.267319
0.267319
0.26757596
0.26799503
0.26877361
0.26877361
0.26918214
0.26918214
0.26918214
0.26918214
0.26918214
0.26918214
0.26918214
0.26918214
0.26918214
0.26918214
0.26918214
0.26892535
0.26788088
0.26788088
0.26788088
0.2679523
0.26902549
0.26902549
0.26902549
0.26848672
0.26848672
0.26848672
0.26848672
0.26848672
0.26848672
0.26907292
0.26907292
0.26907292
0.26888512
0.26837137
0.26837137
0.26614535
0.26481593
0.26352428
0.26325631
0.26325631
0.26325631
0.26325631
0.26325631
0.26325631
0.26639758
0.2686108
0.2686108
0.2686108
0.2686108
0.27143967
0.27143967
0.27143967
0.27143967
0.27362381
0.27868252
0.27939247
0.27939247
0.28071228
0.28071228
0.28071228
0.28071228
0.27475755
0.27475755
0.27111355
0.27111355
0.27111355
0.27239468
0.27448136
0.277306
0.27770647
0.27770647
0.28014761
0.28014761
0.28014761
0.27779049
0.27687292
0.27687292
0.27687292
0.27687292
0.27687292
0.27690058
0.27690058
0.27690058
0.27242235
0.27027755
0.27016414
0.26896649
0.2666808
0.26225298
0.26225298
0.26225298
0.26267185
0.26445727
0.26770829
0.26818756
0.26884976
0.26884976
0.26884976
0.26884976
0.27322298
0.27467163
0.2768388
0.2768388
0.2768388
0.2768388
0.2768388
0.2768388
0.27523665
0.27523665
0.27472971
0.2719905
0.27088792
0.26987355
0.26897016
0.26896946
0.26896946
0.26896946
0.26922977
0.26922977
0.26922977
0.26840059
0.26840059
0.26611246
0.26611246
0.26414308
0.26368201
0.26219381
0.26219381
0.26219381
0.26219381
0.26219381
0.26031455
0.26031455
0.26031455
0.25807053
0.25701223
0.25701223
0.25701223
0.25940347
0.26258031
0.26258031
0.26258031
0.26204398
0.26204398
0.26204398
0.26204398
0.26204398
0.26204398
0.26204398
0.26204398
0.26204398
0.26370562
0.26463982
0.26463982
0.26463982
0.26443031
0.26443031
0.26443031
0.26443031
0.26443031
0.26443031
0.26443031
0.26443031
0.26522551
0.26561657
0.26561657
0.26588736
0.26588736
0.26588736
0.26588736
0.26588736
0.26588736
0.26588736
0.26588736
0.26588736
0.26588736
0.26588736
0.26588736
0.26588736
0.26588736
0.26695021
0.26695021
0.26695021
0.26695021
0.26695021
0.26717164
0.26822712
0.26822712
0.26822712
0.26822712
0.26822712
0.26838344
0.26838344
0.26987285
0.26987285
0.26987285
0.26987285
0.26987285
0.26987285
0.26987285
0.26907888
0.26907888
0.26907888
0.26907888
0.26905351
0.26905351
0.26905351
0.2706047
0.2706047
0.2706047
0.2706047
0.27063113
0.27063113
0.27063113
0.27063113
0.27195306
0.27195306
0.27514003
0.27514003
0.27514003
0.2738988
0.27355398
0.27355398
0.27041094
0.27041094
0.26934266
0.26934266
0.26914487
0.26769901
0.26769901
0.26769901
0.26880213
0.26903195
0.27077119
0.27077119
0.27077119
0.26953836
0.26953836
0.26953836
0.26953836
0.26953836
0.26953836
0.26926372
0.26926372
0.26804017
0.26804017
0.26804017
0.26948042
0.26967488
0.26967488
0.26967488
0.26967488
0.26967488
0.27023186
0.27105246
0.27105246
0.27105246
0.27105246
0.27183856
0.27183856
0.27183856
0.27260997
0.27260997
0.27289319
0.27289319
0.27289319
0.27272113
0.27272113
0.27272113
0.27272113
0.2721253
0.2715697
0.27136035
0.27136035
0.27136035
0.27167945
0.27167945
0.27207311
0.27226006
0.27328075
0.27328075
0.27328075
0.27328075
0.27268753
0.27153681
0.27133709
0.27133709
0.27133709
0.27133709
0.27133709
0.27133709
0.27133709
0.27159998
0.27159998
0.27356869
0.27356869
0.27356869
0.27356869
0.274098
0.274098
0.274098
0.274098
0.27395131
0.27355539
0.27330873
0.27330873
0.27330873
0.27330873
0.27330873
0.27330873
0.27330873
0.27330873
0.27330873
0.27330873
0.2724444
0.2724444
0.2724444
0.2724444
0.2724444
0.2724444
0.2724444
0.27267702
0.27484019
0.27547208
0.27547208
0.27547208
0.27547208
0.27522091
0.27522091
0.27522091
0.27721743
0.27846755
0.27846755
0.27928833
0.27928833
0.27928833
0.27928833
0.27928833
0.28233369
0.28233369
0.28233369
0.2812684
0.28010033
0.27694208
0.27694208
0.27694208
0.27598093
0.27598093
0.27598093
0.27693876
0.27953058
0.27953058
0.28207708
0.28207708
0.28207708
0.28207708
0.283692
0.283692
0.283692
0.283692
0.283692
0.28167502
0.28167502
0.28152081
0.27920657
0.27920657
0.27920657
0.27920657
0.27966065
0.27966065
0.27966065
0.27895628
0.27868548
0.27868548
0.27868548
0.27868548
0.27868548
0.27868548
0.27877091
0.27877091
0.27986298
0.27986298
0.28008617
0.28008617
0.28008617
0.27852567
0.27852567
0.27852567
0.27852567
0.27852567
0.27852567
0.27852567
0.27852567
0.27834362
0.27834362
0.27834362
0.27834362
0.27834362
0.27834362
0.27834362
0.27834362
0.27848262
0.27848262
0.27848262
0.27848262
0.27848262
0.27848262
0.27819538
0.27819538
0.27819538
0.27854825
0.27854825
0.27854825
0.27854825
0.27854825
0.27854825
0.27901492
0.27901492
0.28060797
0.28060797
0.28060797
0.28060797
0.28060797
0.27998885
0.27998885
0.27998885
0.27998885
0.27998885
0.28011557
0.28011557
0.2820088
0.2820088
0.2820088
0.2820088
0.28375274
0.28375274
0.28469603
0.28515466
0.28515466
0.28515466
0.28539394
0.28539394
0.28723537
0.28723537
0.28835878
0.28835878
0.28864026
0.28864026
0.28864026
0.28864026
0.28864026
0.28864026
0.28808904
0.28808904
0.28808904
0.28808904
0.28808904
0.29279975
0.29279975
0.29279975
0.28778307
0.28778307
0.28778307
0.28778307
0.28778307
0.2926466
0.30065699
0.30065699
0.30065699
0.28937473
0.28882125
0.28882125
0.28882125
0.28794045
0.28794045
0.28794045
0.28794045
0.28794045
0.28794045
0.28834374
0.28834374
0.28834374
0.28834374
0.2921367
0.2921367
0.2921367
0.29148519
0.2898629
0.28736071
0.28345554
0.28245621
0.28245621
0.28245621
0.28171264
0.28168674
0.28168674
0.28168674
0.28168674
0.28168674
0.28168674
0.28168674
0.28168674
0.28168674
0.28168674
0.28168674
0.28168674
0.28195509
0.28195509
0.28269147
0.28269147
0.28269147
0.28269147
0.28269147
0.28525251
0.29009431
0.29009431
0.29009431
0.39359842
0.40513523
0.42467855
0.42467855
0.42467855
0.42467855
0.42467855
0.42467855
0.42467855
0.42467855
0.42467855
0.42467855
0.42467855
0.42943827
0.42943827
0.42943827
0.42943827
0.42943827
0.42943827
0.42943827
0.42943827
0.42943827
0.42943827
0.30531519
0.27755841
0.27755841
0.27755841
0.27755841
0.27755841
0.27755841
0.27755841
0.27755841
0.29319588
0.29319588
0.29319588
0.29644517
0.30425304
0.34259267
0.34259267
0.37689234
0.40340037
0.44408294
0.48570947
0.48570947
0.48570947
0.46702678
0.46298667
0.46105
0.46105
0.46105
0.46105
0.46105
0.46105
0.517822
0.517822
0.517822
0.50151831
0.4588431
0.4588431
0.4588431
0.46975657
0.47111996
0.47966671
0.47966671
0.48486893
0.48486893
0.48486893
0.47815363
0.47815363
0.46999497
0.45987165
0.45987165
0.45001631
0.44539837
0.44539837
0.44539837
0.4484418
0.45396697
0.45396697
0.45396697
0.44495026
0.44495026
0.44495026
0.44495026
0.43938638
0.43938638
0.43938638
0.44817224
0.46252631
0.46252631
0.46550918
0.47258664
0.47725864
0.48818629
0.48818629
0.48818629
0.48842628
0.48842628
0.48842628
0.48842628
0.48842628
0.48842628
0.48842628
0.4977257
0.52068217
0.52068217
0.52068217
0.52068217
0.52068217
0.52389663
0.52389663
0.52389663
0.51864222
0.51864222
0.50758175
0.49554364
0.49072316
0.49072316
0.49072316
0.49072316
0.49150717
0.50011955
0.50145793
0.50145793
0.50145793
0.50286296
0.50286296
0.50286296
0.50286296
0.50286296
0.50434661
0.50434661
0.50434661
0.50434661
0.50691326
0.51012332
0.51616364
0.51816471
0.5220769
0.52690261
0.52690261
0.52690261
0.53248414
0.54045937
0.54369289
0.55098108
0.55098108
0.55179082
0.55679332
0.55679332
0.55679332
0.55679332
0.55679332
0.55679332
0.55679332
0.55679332
0.55720871
0.55803804
0.55803804
0.55803804
0.55803804
0.56300955
0.56490614
0.56768893
0.57526316
0.57799711
0.57799711
0.57959488
0.57959488
0.58772467
0.58854316
0.58854316
0.58854316
0.58517817
0.58517817
0.58517817
0.58517817
0.58517817
0.58689655
0.58689655
0.58689655
0.58606826
0.58606826
0.58606826
0.57781909
0.57781909
0.57612716
0.57612716
0.57612716
0.57802548
0.57802548
0.57802548
0.57802548
0.57802548
0.57802548
0.57627611
0.57627611
0.57627611
0.57113811
0.57113811
0.57113811
0.5623367
0.5623367
0.56087372
0.56031322
0.55803786
0.55803786
0.54931958
0.5463208
0.54010089
0.53982904
0.53982904
0.53982904
0.53982904
0.54089591
0.54089591
0.54089591
0.54089591
0.53978161
0.53792371
0.53285681
0.53108976
0.53067528
0.52767505
0.52446709
0.52446709
0.52446709
0.52446709
0.52446709
0.52446709
0.52446709
0.52446709
0.52258836
0.52258836
0.52258836
0.52258836
0.52258836
0.51505968
0.51505968
0.51505968
0.51505968
0.51505968
0.51505968
0.51663067
0.51728846
0.52016053
0.52016053
0.52016053
0.52016053
0.52248158
0.52327381
0.52327381
0.52327381
0.52327381
0.52880809
0.52880809
0.52880809
0.52611578
0.52611578
0.52318454
0.52318454
0.51984583
0.51984583
0.51984583
0.51984583
0.52099006
0.52099006
0.52099006
0.52099006
0.51908141
0.51908141
0.51908141
0.51481549
0.51481549
0.51481549
0.51615927
0.51615927
0.51743585
0.51743585
0.51743585
0.52126996
0.54283379
0.54825359
0.55195345
0.56533865
0.56675247
0.57043953
0.57159744
0.57159744
0.57159744
0.56732695
0.55878126
0.55797381
0.5569302
0.55642488
0.55642488
0.55642488
0.55642488
0.55642488
0.55642488
0.55477947
0.55039662
0.55039662
0.55039662
0.55065725
0.55065725
0.55293716
0.55293716
0.55293716
0.55068912
0.55068912
0.54759213
0.54759213
0.54759213
0.55098966
0.55098966
0.55098966
0.55098966
0.55098966
0.55098966
0.55347631
0.55347631
0.55347631
0.55347631
0.55347631
0.55532911
0.55532911
0.55532911
0.55616125
0.55616125
0.55616125
0.55616125
0.55217802
0.55138247
0.55138247
0.55138247
0.55138247
0.55138247
0.55138247
0.55138247
0.54728562
0.54728562
0.54728562
0.54728562
0.54470062
0.54443403
0.53256431
0.53256431
0.53091541
0.52698575
0.52530114
0.52530114
0.52296593
0.52296593
0.52296593
0.52296593
0.52296593
0.52296593
0.52296593
0.51924683
0.51924683
0.51924683
0.51924683
0.51924683
0.51702486
0.51702486
0.51702486
0.51975147
0.51975147
0.51975147
0.51975147
0.51975147
0.523037
0.5261186
0.5261186
0.5261186
0.5261186
0.52257506
0.51053222
0.51053222
0.51053222
0.51053222
0.50272347
0.49957203
0.49306923
0.4888987
0.4888
0.4888
0.4888
0.47166645
0.47166645
0.47166645
0.47166645
0.4714886
0.4714886
0.4714886
0.4714886
0.47719738
0.47719738
0.478781
0.478781
0.49114625
0.49321942
0.50221812
0.51478818
0.5184257
0.5184257
0.5184257
0.5184257
0.51558987
0.51552336
0.51262938
0.51262938
0.51262938
0.51262938
0.51184907
0.51184907
0.51184907
0.51184907
0.51184907
0.51184907
0.49987816
0.49987816
0.49987816
0.49971714
0.49971714
0.49537437
0.48965455
0.48957911
0.4862197
0.4862197
0.4862197
0.47912022
0.47912022
0.47912022
0.47470183
0.47470183
0.47194579
0.46723021
0.46723021
0.46723021
0.46723021
0.46723021
0.46723021
0.46723021
0.46723021
0.47893993
0.48267653
0.48267653
0.48267653
0.48141886
0.48141886
0.48141886
0.4821871
0.4821871
0.4821871
0.48152737
0.4760318
0.46682271
0.46067123
0.45441071
0.45435573
0.45430393
0.44682267
0.44682267
0.44682267
0.44682267
0.44159017
0.44159017
0.44159017
0.44030625
0.4362528
0.4362528
0.4362528
0.4362528
0.433902
0.433902
0.42911497
0.42052922
0.42052922
0.41834085
0.41643202
0.41643202
0.41643202
0.41643202
0.41724335
0.41724335
0.41724335
0.41724335
0.41724335
0.41724335
0.41724335
0.41724335
0.41724335
0.41551777
0.41378138
0.41378138
0.41378138
0.41677477
0.42011682
0.42011682
0.42011682
0.41504132
0.41229579
0.40971813
0.40971813
0.40971813
0.40971813
0.40971813
0.40971813
0.40971813
0.40971813
0.40971813
0.40971813
0.40971813
0.40971813
0.40971813
0.40971813
0.40971813
0.40971813
0.40971813
0.40971813
0.40971813
0.40971813
0.41117151
0.41117151
0.41117151
0.41201205
0.41201205
0.4125524
0.4125524
0.45030581
0.45030581
0.45030581
0.43996597
0.43573782
0.43573782
0.43573782
0.43869638
0.43869638
0.43869638
0.43459045
0.43394156
0.43394156
0.43394156
0.43394156
0.43347997
0.43347997
0.43347997
0.43347997
0.43347997
0.43620993
0.43626734
0.43626734
0.43626734
0.44182593
0.44449516
0.44449516
0.44449516
0.44449516
0.44449516
0.44341375
0.44341375
0.44341375
0.44341375
0.44341375
0.44341375
0.44334688
0.44334688
0.44334688
0.44334688
0.44334688
0.44334688
0.44334688
0.44334688
0.44334688
0.44334688
0.44334688
0.44491928
0.44491928
0.44491928
0.44491928
0.44711376
0.45461428
0.45461428
0.45461428
0.45461428
0.45800132
0.45800132
0.45800132
0.45800132
0.45800132
0.45666697
0.45666697
0.45666697
0.45666697
0.45666697
0.45666697
0.45666697
0.45666697
0.45666697
0.45666697
0.45666697
0.45666697
0.45852153
0.45979653
0.45979653
0.46380255
0.46380255
0.46457884
0.46457884
0.46457884
0.46298265
0.46238174
0.46238174
0.46238174
0.46238174
0.46235058
0.46164113
0.46083383
0.46083383
0.46083383
0.45959454
0.45959454
0.45959454
0.45959454
0.45862937
0.45862937
0.45862937
0.45159849
0.44702152
0.44702152
0.44702152
0.44702152
0.44830439
0.44830439
0.44830439
0.44830439
0.44830439
0.44830439
0.44705197
0.44705197
0.44705197
0.44205526
0.44205526
0.44205526
0.44205526
0.44205526
0.44205526
0.44205526
0.44205526
0.4385637
0.4385637
0.4385637
0.4385637
0.4385637
0.4385637
0.4385637
0.44225968
0.44387972
0.44387972
0.45228045
0.45228045
0.45228045
0.44795257
0.44343231
0.44343231
0.44343231
0.44343231
0.44343231
0.44343231
0.44343231
0.44343231
0.44343231
0.44343231
0.44343231
0.44879047
0.44879047
0.44879047
0.44017075
0.44017075
0.44017075
0.44421788
0.44421788
0.4488241
0.4488241
0.4488241
0.44842447
0.44842447
0.44842447
0.44981324
0.44981324
0.44981324
0.44432571
0.44432571
0.44432571
0.44432571
0.44432571
0.44432571
0.44432571
0.44198522
0.43739459
0.43545672
0.43545672
0.43545672
0.44213752
0.44213752
0.44213752
0.44213752
0.44726186
0.45057364
0.45057364
0.45057364
0.44921618
0.44477838
0.44477838
0.44157617
0.44157617
0.44157617
0.44409956
0.44409956
0.44409956
0.44409956
0.44409956
0.44269432
0.44172388
0.440625
0.440625
0.440625
0.44271079
0.44271079
0.44271079
0.44010021
0.44010021
0.44010021
0.44030957
0.44030957
0.44030957
0.44030957
0.44139218
0.44871294
0.44871294
0.44883564
0.44883564
0.44883564
0.44883564
0.44883564
0.44883564
0.44883564
0.44729302
0.44729302
0.44722036
0.44722036
0.44293974
0.44293974
0.44293974
0.45013008
0.45013008
0.45013008
0.45013008
0.45013008
0.45013008
0.45195365
0.45195365
0.45195365
0.45195365
0.45195365
0.45195365
0.45195365
0.45195365
0.45195365
0.45195365
0.45195365
0.45195365
0.45195365
0.44655206
0.44633744
0.44633744
0.44633744
0.44633744
0.44633744
0.43912067
0.43912067
0.43912067
0.44685069
0.4494369
0.4494369
0.4494369
0.43798484
0.43798484
0.43798484
0.43846009
0.43846009
0.43846009
0.4381912
0.4381912
0.4381912
0.44428316
0.44444368
0.44444368
0.44444368
0.44444368
0.44444368
0.44241339
0.44241339
0.44241339
0.44432289
0.44432289
0.44756029
0.44801768
0.44801768
0.44801768
0.44801768
0.44801768
0.44801768
0.44664257
0.44664257
0.44664257
0.4466702
0.44696199
0.44696199
0.44696199
0.44696199
0.44696199
0.44696199
0.44696199
0.44623557
0.44623557
0.44623557
0.44623557
0.44623557
0.44623557
0.44623557
0.44623557
0.44623557
0.44623557
0.44623557
0.45037268
0.45037268
0.45037268
0.45037268
0.45037268
0.45037268
0.45037268
0.45037268
0.45037268
0.45367659
0.45476884
0.45476884
0.45476884
0.45476884
0.45476884
0.45476884
0.45476884
0.45476884
0.45344902
0.45344902
0.45344902
0.45344902
0.45344902
0.44624855
0.44624855
0.44624855
0.4526552
0.4526552
0.4526552
0.4526552
0.4526552
0.4526552
0.4526552
0.4526552
0.4526552
0.4526552
0.4526552
0.4526552
0.4526552
0.4526552
0.4526552
0.4526552
0.4526552
0.45354916
0.45354916
0.45354916
0.45278054
0.45278054
0.45278054
0.45278054
0.45278054
0.45278054
0.45278054
0.45278054
0.45278054
0.45278054
0.45278054
0.45278054
0.45278054
0.45278054
0.45899819
0.45899819
0.45899819
0.45899819
0.45899819
0.45899819
0.45899819
0.46464397
0.47066274
0.47066274
0.47066274
0.47066274
0.47066274
0.47074083
0.4945424
0.49553313
0.49553313
0.51300117
0.51300117
0.51300117
0.51300117
0.52780162
0.52919653
0.5423729
0.54454606
0.54971134
0.54971134
0.54971134
0.54971134
0.54971134
0.54971134
0.54781811
0.54305295
0.54113537
0.54069164
0.54069164
0.54069164
0.53456153
0.53456153
0.53456153
0.52778621
0.52224597
0.52116476
0.51980451
0.51854737
0.51854737
0.50887301
0.50802005
0.50802005
0.50502769
0.50395891
0.49001251
0.48398058
0.48398058
0.48398058
0.48398058
0.48398058
0.49344472
0.49344472
0.49344472
0.49344472
0.49344472
0.49887483
0.50605011
0.50605011
0.51095094
0.51205684
0.51205684
0.51205684
0.51205684
0.51205684
0.51205684
0.51205684
0.51238346
0.51665026
0.51665026
0.51665026
0.51552265
0.51552265
0.51552265
0.51983303
0.51983303
0.51983303
0.51983303
0.51983303
0.51983303
0.518477
0.518477
0.518477
0.518477
0.518477
0.5184644
0.5184644
0.5184644
0.5184644
0.5184644
0.52231442
0.52231442
0.52554359
0.52650069
0.52650069
0.52650069
0.52817726
0.52817726
0.53426029
0.53426029
0.53426029
0.53283966
0.53283966
0.53114841
0.53114841
0.53114841
0.53111898
0.52970519
0.52839728
0.52839728
0.52839728
0.52480909
0.52480909
0.52146213
0.52146213
0.52096468
0.51684578
0.51684578
0.51684578
0.51684578
0.51684578
0.51684578
0.51684578
0.51684578
0.51684578
0.52342315
0.52342315
0.527284
0.527284
0.527284
0.52598871
0.52598871
0.52292952
0.52292952
0.52292952
0.52292952
0.52281031
0.52281031
0.52281031
0.52281031
0.52281031
0.52281031
0.52610494
0.52610494
0.52976416
0.53248202
0.53276104
0.53276104
0.53276104
0.53019198
0.53019198
0.53019198
0.5287619
0.5273822
0.5273822
0.5273822
0.53030364
0.53030364
0.53030364
0.53030364
0.53030364
0.53030364
0.53030364
0.53182494
0.53182494
0.53182494
0.53895978
0.53895978
0.54447902
0.54489788
0.54489788
0.54489788
0.54326807
0.53628094
0.53628094
0.53628094
0.53380815
0.52043132
0.52043132
0.52043132
0.52952858
0.53921236
0.53921236
0.53921236
0.53921236
0.53764278
0.53764278
0.53764278
0.53764278
0.53764278
0.53764278
0.53764278
0.53525295
0.53187046
0.53187046
0.53089879
0.53089879
0.53089879
0.53393925
0.53393925
0.53393925
0.53393925
0.53393925
0.53393925
0.53393925
0.53393925
0.53393925
0.53393925
0.53425206
0.53748367
0.53748367
0.53748367
0.53748367
0.53818067
0.53818067
0.53818067
0.53716143
0.53539523
0.52589453
0.52589453
0.52514185
0.52514185
0.52514185
0.52697943
0.52697943
0.52697943
0.52697943
0.52658507
0.52658507
0.52658507
0.52658507
0.52658507
0.52658507
0.52658507
0.52658507
0.52658507
0.52982002
0.52982002
0.52982002
0.52982002
0.52934915
0.52329675
0.52177128
0.52177128
0.52177128
0.52177128
0.52177128
0.52177128
0.52601129
0.52616673
0.52616673
0.52616673
0.52616673
0.52616673
0.52616673
0.52616673
0.52616673
0.52616673
0.52616673
0.52616673
0.52762378
0.52762378
0.53008118
0.53008118
0.53008118
0.53008118
0.53008118
0.53008118
0.52628297
0.52400077
0.52400077
0.52400077
0.52141121
0.52141121
0.52141121
0.52286511
0.52286511
0.52286511
0.52286511
0.52198868
0.52198868
0.51994157
0.51994157
0.51994157
0.52141523
0.52430674
0.52430674
0.52430674
0.52430674
0.52430674
0.52430674
0.52200005
0.52200005
0.52200005
0.52200005
0.52200005
0.51606477
0.51599282
0.51599282
0.51599282
0.51599282
0.51599282
0.51599282
0.51751268
0.51751268
0.51751268
0.51751268
0.51751268
0.51751268
0.52010837
0.52010837
0.52010837
0.52010837
0.52010837
0.52010837
0.52010837
0.52000021
0.51912096
0.51912096
0.51912096
0.51417782
0.51417782
0.51417782
0.51417782
0.51417782
0.51417782
0.51417782
0.51417782
0.51417782
0.51417782
0.51417782
0.51417782
0.51417782
0.51417782
0.51190281
0.51190281
0.51190281
0.51190281
0.51190281
0.51190281
0.51190281
0.51799336
0.51799336
0.51799336
0.51799336
0.51799336
0.51702204
0.51702204
0.51702204
0.51702204
0.51907809
0.51907809
0.51907809
0.51628164
0.51628164
0.51628164
0.52118541
0.53710804
0.54107341
0.54107341
0.54107341
0.54254499
0.54254499
0.54254499
0.54254499
0.54107112
0.54075099
0.54075099
0.54075099
0.53573692
0.53573692
0.53024185
0.52181941
0.52111748
0.51670294
0.51670294
0.49692366
0.48102202
0.46683898
0.46447576
0.45911757
0.43037317
0.40786428
0.40786428
0.40786428
0.41774432
0.42460328
0.45023142
0.48667709
0.50776623
0.51739069
0.52489244
0.52916763
0.53391387
0.53391387
0.53391387
0.53391387
0.52695547
0.52269373
0.5155349
0.5155349
0.5155349
0.5155349
0.5155349
0.51358178
0.5002034
0.5002034
0.50013882
0.50013882
0.50013882
0.50013882
0.50013882
0.50420956
0.50456769
0.5062131
0.5062131
0.5184166
0.52122532
0.52803265
0.52963272
0.52963272
0.52963272
0.52917289
0.52917289
0.52917289
0.52917289
0.52917289
0.52629239
0.52629239
0.52073451
0.51718168
0.51718168
0.51718168
0.51894682
0.5202316
0.5202316
0.5202316
0.5202316
0.5220461
0.5220461
0.5220461
0.52277058
0.52399219
0.52399219
0.52399219
0.52399219
0.52399219
0.51900667
0.51747506
0.51747506
0.50805294
0.50360533
0.50043498
0.50043498
0.50043498
0.49397071
0.49397071
0.49397071
0.48957244
0.48957244
0.48652094
0.48173497
0.48173497
0.48173497
0.48173497
0.49205995
0.50487331
0.5055089
0.50919265
0.50919265
0.50919265
0.50919265
0.50529587
0.50512939
0.50512939
0.50512939
0.50521291
0.50521291
0.50521291
0.50598747
0.50944294
0.51572379
0.5198579
0.5198579
0.52294335
0.52294335
0.52634825
0.52634825
0.52634825
0.52634825
0.52634825
0.52634825
0.52634825
0.52400479
0.52400479
0.52400479
0.52109211
0.51549954
0.51549954
0.51549954
0.51549954
0.53382862
0.5345043
0.5345043
0.5345043
0.5345043
0.5345043
0.5345043
0.5345043
0.53231416
0.53231416
0.51325202
0.51325202
0.51325202
0.51325202
0.51340605
0.52008038
0.52008038
0.52008038
0.52008038
0.52876013
0.53295254
0.53295254
0.53304305
0.53304305
0.53304305
0.53304305
0.5290593
0.52330674
0.52086122
0.52086122
0.52086122
0.52796808
0.52796808
0.52796808
0.53508559
0.53508559
0.53508559
0.53508559
0.53508559
0.53508559
0.53433118
0.53393155
0.53393155
0.53393155
0.53393155
0.53203952
0.53203952
0.53203952
0.5342377
0.5342377
0.5342377
0.5342377
0.5342377
0.53112353
0.51247274
0.51247274
0.51247274
0.51247274
0.51247274
0.51247274
0.51247274
0.51247274
0.5096264
0.5096264
0.5096264
0.5096264
0.5096264
0.50060634
0.50060634
0.50042306
0.48694753
0.48663439
0.48663439
0.48663439
0.48935698
0.49009984
0.50006249
0.50006249
0.50297097
0.50297097
0.50297097
0.50297097
0.50297097
0.50297097
0.50297097
0.50297097
0.50297097
0.49914615
0.49914615
0.49672026
0.49672026
0.49672026
0.49672026
0.49778869
0.49778869
0.49778869
0.49778869
0.49778869
0.49778869
0.48947776
0.48947776
0.48947776
0.48947776
0.48947776
0.48332399
0.47862485
0.47862485
0.47862485
0.48208085
0.48208085
0.4832069
0.48595592
0.48595592
0.48595592
0.48595592
0.49911972
0.49911972
0.49911972
0.49418163
0.48915619
0.48915619
0.48915619
0.49664866
0.50556875
0.50556875
0.50556875
0.50556875
0.52501023
0.53648889
0.53925298
0.54795918
0.54795918
0.54795918
0.54795918
0.55159949
0.56824241
0.56824241
0.56824241
0.56824241
0.56824241
0.56824241
0.56824241
0.56824241
0.56476732
0.56459999
0.56459999
0.56459999
0.55222739
0.54588581
0.53908021
0.53884636
0.53721305
0.53721305
0.53721305
0.54050924
0.54050924
0.54050924
0.54050924
0.53709752
0.53709752
0.53709752
0.53709752
0.53695785
0.53695785
0.53695785
0.53695785
0.53695785
0.53695785
0.53695785
0.53695785
0.53651849
0.53651849
0.53277822
0.52814243
0.52657458
0.52657458
0.52657458
0.53313844
0.53313844
0.53313844
0.53254155
0.53254155
0.53254155
0.53254155
0.53254155
0.53254155
0.53254155
0.53027653
0.52782121
0.52782121
0.52782121
0.52782121
0.52664932
0.52664932
0.52556248
0.52413257
0.5235096
0.5235096
0.52158994
0.52158994
0.52158994
0.52158994
0.51754316
0.51754316
0.51754316
0.51754316
0.51685051
0.51685051
0.51685051
0.51921321
0.51921321
0.51921321
0.51921321
0.52368551
0.52368551
0.52368551
0.52368551
0.52368551
0.52368551
0.52368551
0.52368551
0.52368551
0.52368551
0.52368551
0.52368551
0.52368551
0.52368551
0.52368551
0.5236631
0.5236631
0.5236631
0.5236631
0.52034557
0.51932298
0.51932298
0.51932298
0.51932298
0.51963612
0.52033156
0.52387123
0.52387123
0.53530334
0.53530334
0.53530334
0.53530334
0.53180218
0.52475101
0.52466593
0.52287281
0.52164576
0.51717346
0.51717346
0.51717346
0.51717346
0.51717346
0.52376883
0.52376883
0.52376883
0.52376883
0.52376883
0.52376883
0.52376883
0.5212738
0.5212738
0.51825191
0.51825191
0.51825191
0.51825191
0.51696798
0.51696798
0.51696798
0.51696798
0.51477241
0.51477241
0.51288129
0.51288129
0.51288129
0.51288129
0.51288129
0.51288129
0.51288129
0.51288129
0.51288129
0.51288129
0.5096957
0.5096957
0.5096957
0.5096957
0.50471106
0.50471106
0.50471106
0.51068801
0.51593241
0.51652195
0.51652195
0.51652195
0.51652195
0.51652195
0.51652195
0.51652195
0.50979126
0.50951874
0.50951874
0.50951874
0.50951874
0.50951874
0.50825598
0.50825598
0.50825598
0.50825598
0.50825598
0.51289072
0.51289072
0.51289072
0.51013647
0.49681879
0.49681879
0.49681879
0.49833973
0.50177474
0.50177474
0.5068385
0.5068385
0.50845327
0.50925006
0.51164741
0.51164741
0.51164741
0.51164741
0.51164741
0.51187935
0.51187935
0.51187935
0.51187935
0.51187935
0.51187935
0.51187935
0.51187935
0.51187935
0.50785741
0.50628974
0.50628974
0.50628974
0.50628974
0.5174108
0.51941575
0.51941575
0.51941575
0.51920763
0.51920763
0.51920763
0.5143798
0.5143798
0.5143798
0.5143798
0.51342532
0.51342532
0.51342532
0.51342532
0.51342532
0.51029294
0.51029294
0.51029294
0.51029294
0.50704034
0.50704034
0.50704034
0.50704034
0.50704034
0.50704034
0.51376524
0.51376524
0.51376524
0.50972598
0.50972598
0.50972598
0.50972598
0.52103784
0.52380227
0.52558506
0.52558506
0.52558506
0.52558506
0.52558506
0.52558506
0.51949801
0.51949801
0.51949801
0.51949801
0.51949801
0.51131362
0.51131362
0.51131362
0.51131362
0.51131362
0.51131362
0.51131362
0.51131362
0.51131362
0.51164321
0.51164321
0.51164321
0.51164321
0.50830394
0.50830394
0.50830394
0.50830394
0.50830394
0.50830394
0.50602089
0.5049899
0.5049899
0.5049899
0.5049899
0.5049899
0.5049899
0.50407092
0.50299741
0.50299741
0.50299741
0.50310559
0.50310559
0.50310559
0.50178035
0.49394129
0.49394129
0.49394129
0.49394129
0.50480383
0.50480383
0.50480383
0.50321499
0.50321499
0.50321499
0.50321499
0.50321499
0.50321499
0.50321499
0.50321499
0.50321499
0.50321499
0.50321499
0.50321499
0.49700383
0.49700383
0.49700383
0.49700383
0.49700383
0.49490752
0.49490752
0.49490752
0.49490752
0.49699875
0.49699875
0.49699875
0.49426879
0.49426879
0.49082013
0.48895106
0.48895106
0.48895106
0.48895106
0.48895106
0.48895106
0.48895106
0.48895106
0.48895106
0.48895106
0.48683655
0.48683655
0.48683655
0.48683655
0.47272945
0.47272945
0.47272945
0.47408585
0.47408585
0.47408585
0.47408585
0.47408585
0.47408585
0.46453194
0.46453194
0.46453194
0.46531087
0.46568844
0.46731649
0.46731649
0.46731649
0.46731649
0.46731649
0.46731649
0.46731649
0.46731649
0.47070406
0.47479827
0.47479827
0.47479827
0.47100129
0.47100129
0.47100129
0.47100129
0.47100129
0.47100129
0.47100129
0.47100129
0.47100129
0.4727454
0.4727454
0.4727454
0.4727454
0.47263354
0.47263354
0.4652729
0.4652729
0.4652729
0.4652729
0.4652729
0.4652729
0.4652729
0.4652729
0.4652729
0.46097071
0.46097071
0.46097071
0.46097071
0.46097071
0.45820631
0.45820631
0.45820631
0.45820631
0.45820631
0.45820631
0.45820631
0.45642332
0.45642332
0.45642332
0.45695947
0.45695947
0.45695947
0.45487805
0.45487805
0.45487805
0.45487805
0.45487805
0.45416705
0.44783369
0.44783369
0.44783369
0.44783369
0.44783369
0.44783369
0.44783369
0.45138984
0.45558034
0.45558034
0.45558034
0.45492269
0.45492269
0.45492269
0.45426681
0.45426681
0.45426681
0.45426681
0.45426681
0.45352132
0.45352132
0.45352132
0.45352132
0.45352132
0.45352132
0.44762557
0.44762557
0.44762557
0.45000333
0.45000333
0.45000333
0.45000333
0.450759
0.450759
0.450759
0.45269373
0.45695178
0.45695178
0.45695178
0.45695178
0.45007546
0.45007546
0.45007546
0.45034695
0.45217699
0.45217699
0.45217699
0.45158974
0.44908981
0.44858849
0.44858849
0.44858849
0.44858849
0.44858849
0.44858849
0.44858849
0.45265033
0.45265033
0.45265033
0.45265033
0.45316037
0.45316037
0.45316037
0.45316037
0.45316037
0.45316037
0.45015337
0.45015337
0.45015337
0.45015337
0.45015337
0.45072417
0.45072417
0.45072417
0.44034231
0.44034231
0.44034231
0.44034231
0.44034231
0.44034231
0.44034231
0.44034231
0.44034231
0.44034231
0.44034231
0.44457654
0.44888606
0.44888606
0.44888606
0.44994574
0.44994574
0.44994574
0.44994574
0.44611654
0.43941179
0.43941179
0.43694196
0.43694196
0.42858269
0.42858269
0.42858269
0.42858269
0.42863958
0.43369162
0.43497237
0.43497237
0.4388744
0.4388744
0.4388744
0.43874486
0.42842549
0.42842549
0.42842549
0.43456558
0.43679281
0.43679281
0.43679281
0.43679281
0.43835592
0.43835592
0.43835592
0.43676499
0.43287154
0.4305869
0.4305869
0.4305869
0.43584689
0.44977947
0.44977947
0.44977947
0.44977947
0.44977947
0.44977947
0.4570967
0.4570967
0.4570967
0.45294632
0.45294632
0.45294632
0.45322304
0.45322304
0.45322304
0.44634097
0.44616573
0.44616573
0.44413019
0.43296555
0.43296555
0.43186716
0.42619319
0.42619319
0.42619319
0.4302412
0.4302412
0.4302412
0.42718638
0.42718638
0.42718638
0.42718638
0.42718638
0.42430309
0.41421634
0.41421634
0.41421634
0.41421634
0.41421634
0.41614232
0.4170445
0.4170445
0.4170445
0.41395571
0.41395571
0.41395571
0.4173804
0.42883299
0.43993619
0.44027527
0.44027527
0.44027527
0.44027527
0.44027527
0.43755423
0.43755423
0.43755423
0.43755423
0.43755423
0.43755423
0.43755423
0.43755423
0.43755423
0.43755423
0.4336384
0.42793189
0.42279442
0.40815801
0.40815801
0.40739778
0.40739778
0.40739778
0.40739778
0.40739778
0.40739778
0.40739778
0.39192993
0.33522046
0.33522046
0.33522046
0.3275561
0.32177746
0.30440131
0.30440131
0.30440131
0.30440131
0.30268399
0.30268399
0.30268399
0.30268399
0.30268399
0.30268399
0.30268399
0.30694746
0.32087408
0.32087408
0.32087408
0.32087408
0.32087408
0.32087408
0.32087408
0.32087408
0.3126321
0.3126321
0.3126321
0.31884658
0.32131396
0.32131396
0.32131396
0.32131396
0.33620455
0.33620455
0.33620455
0.33620455
0.3427936
0.3427936
0.3427936
0.32719988
0.31775677
0.29731196
0.28318055
0.27811415
0.27811415
0.27811415
0.27811415
0.26553272
0.26341192
0.26341192
0.25536527
0.25536527
0.25536527
0.28034836
0.30491996
0.31908953
0.33354304
0.3414675
0.37281105
0.38985536
0.40441721
0.45868329
0.4823345
0.48658781
0.51340919
0.53572397
0.56049947
0.59449457
0.60088601
0.61882756
0.64363686
0.66395142
0.66395142
0.66395142
0.64268323
0.63975583
0.63283435
0.62768343
0.60016904
0.58594224
0.56478238
0.56478238
0.56478238
0.58121297
0.58121297
0.58121297
0.58121297
0.58121297
0.61026578
0.62640159
0.62640159
0.62640159
0.625128
0.60573028
0.60573028
0.60573028
0.59696686
0.59696686
0.59050224
0.59050224
0.53991726
0.49711654
0.46003687
0.43294417
0.42449668
0.41535326
0.41535326
0.41535326
0.41938793
0.44177116
0.46161925
0.4690564
0.4690564
0.47696667
0.47824467
0.47962941
0.48470947
0.48470947
0.48470947
0.48470947
0.4874142
0.50002975
0.50002975
0.50339791
0.50339791
0.50402349
0.50402349
0.50402349
0.50402349
0.50602265
0.50602265
0.51106697
0.51509783
0.51509783
0.52191691
0.52191691
0.52191691
0.50969115
0.50969115
0.50969115
0.50969115
0.50969115
0.50969115
0.50969115
0.50969115
0.51279184
0.51279184
0.51279184
0.50835803
0.50835803
0.50384864
0.50026081
0.49958217
0.4726486
0.46354033
0.46354033
0.46354033
0.46354033
0.4593866
0.45764898
0.45618544
0.45529571
0.44744652
0.4397629
0.4397629
0.4350914
0.43031191
0.43031191
0.43031191
0.4426362
0.44457759
0.44503322
0.44503322
0.44503322
0.43972807
0.42976245
0.42976245
0.42976245
0.43031576
0.43031576
0.43031576
0.43031576
0.43031576
0.43031576
0.42251664
0.42251664
0.42251664
0.42251664
0.41792704
0.41792704
0.41792704
0.41820817
0.41861024
0.41861024
0.42342998
0.42423534
0.42755781
0.43177559
0.44463413
0.44463413
0.44463413
0.4233857
0.4233857
0.4233857
0.4296422
0.4296422
0.4296422
0.43269405
0.43269405
0.43269405
0.42275328
0.42275328
0.42275328
0.42275328
0.42275328
0.42421802
0.42421802
0.42421802
0.42421802
0.42164896
0.41915112
0.41348451
0.41348451
0.41348451
0.41024642
0.4079735
0.40595633
0.4049439
0.3965827
0.3965827
0.3965827
0.3965827
0.3965827
0.40319892
0.40319892
0.40557668
0.40995883
0.41125362
0.41125362
0.41404428
0.41404428
0.41404428
0.41404428
0.41404428
0.41404428
0.41404428
0.41849192
0.42221889
0.42221889
0.43173184
0.43173184
0.45206936
0.47362147
0.47362147
0.47362147
0.49901785
0.53736726
0.53736726
0.56769175
0.56769175
0.56769175
0.56513473
0.55719435
0.55719435
0.55719435
0.55258305
0.55258305
0.55258305
0.57733056
0.57733056
0.57733056
0.57615289
0.57101701
0.52854555
0.42464355
0.42464355
0.42464355
0.43474152
0.43474152
0.43474152
0.42523764
0.40701778
0.40701778
0.40701778
0.40701778
0.40490767
0.38966474
0.38966474
0.38966474
0.39805637
0.42884576
0.43689503
0.43689503
0.45213203
0.45213203
0.45213203
0.44311338
0.44311338
0.43571929
0.43571929
0.43422163
0.43422163
0.42889845
0.3944325
0.3944325
0.3944325
0.39774132
0.39774132
0.39774132
0.39774132
0.39774132
0.39774132
0.39534288
0.37467842
0.37467842
0.37467842
0.37467842
0.37467842
0.37467842
0.37133862
0.37133862
0.37133862
0.38684656
0.38684656
0.38684656
0.38684656
0.37478185
0.37478185
0.37478185
0.35863221
0.34945689
0.34120687
0.34120687
0.34120687
0.36064799
0.37759406
0.37759406
0.40452904
0.40452904
0.40452904
0.39012929
0.39012929
0.38853205
0.38853205
0.38853205
0.38853205
0.38853205
0.38853205
0.38853205
0.39434602
0.39434602
0.3976025
0.39892842
0.39892842
0.39892842
0.39598984
0.37883702
0.37883702
0.37883702
0.37883702
0.37253101
0.37253101
0.36374812
0.36374812
0.36374812
0.36259426
0.3621458
0.3621458
0.3621458
0.36647738
0.37136364
0.37136364
0.37136364
0.37136364
0.37136364
0.37136364
0.37136364
0.39296039
0.40075552
0.40075552
0.40075552
0.40075552
0.41690131
0.444931
0.444931
0.444931
0.40406081
0.37684873
0.36936486
0.36936486
0.36936486
0.36936486
0.37476837
0.39895591
0.42301532
0.43756789
0.44363797
0.44480531
0.44480531
0.4571606
0.4571606
0.4571606
0.47109335
0.47109335
0.47109335
0.44545734
0.41355347
0.39409798
0.38286965
0.38286965
0.38286965
0.38460568
0.39149357
0.39149357
0.39149357
0.39149357
0.39149357
0.39149357
0.39093501
0.39064057
0.39064057
0.38955672
0.38955672
0.38955672
0.38955672
0.3973142
0.41583846
0.42442335
0.42611058
0.43715411
0.44200519
0.44200519
0.44896271
0.44896271
0.45942633
0.46108469
0.46608017
0.46608017
0.46636373
0.46636373
0.46636373
0.46636373
0.46533084
0.45463125
0.45463125
0.45463125
0.46051632
0.46051632
0.46051632
0.46051632
0.46141586
0.46141586
0.46141586
0.46141586
0.46141586
0.46583739
0.47274504
0.4841929
0.51335407
0.53978528
0.53978528
0.53978528
0.53240344
0.51638525
0.51623122
0.45622394
0.45496786
0.44988152
0.44988152
0.44988152
0.44988152
0.44988152
0.44988152
0.44988152
0.46514107
0.53088654
0.53088654
0.53088654
0.5483616
0.5483616
0.5483616
0.50803071
0.50803071
0.50803071
0.5802604
0.5802604
0.5802604
0.57432949
0.5587109
0.50247088
0.45518473
0.34816474
0.34816474
0.34816474
0.34943363
0.36483882
0.38606537
0.38606537
0.38606537
0.38606537
0.37179863
0.37179863
0.33609216
0.33522152
0.33522152
0.33522152
0.41025376
0.41364415
0.41830147
0.4194114
0.42912531
0.42912531
0.43790344
0.43790344
0.43790344
0.4320443
0.4320443
0.4320443
0.44596566
0.44864607
0.45279561
0.45279561
0.45829961
0.46426816
0.46995629
0.47184515
0.47184515
0.47184515
0.47322989
0.48211501
0.49445503
0.49445503
0.49445503
0.49445503
0.50118258
0.52910828
0.53019809
0.53019809
0.53019809
0.5223398
0.5223398
0.5223398
0.5223398
0.5223398
0.5223398
0.5223398
0.52042137
0.52042137
0.52042137
0.52042137
0.51542777
0.49710465
0.49592503
0.49592503
0.49592503
0.49430012
0.49430012
0.47746013
0.47715729
0.47715729
0.47715729
0.47715729
0.45900659
0.44745089
0.44745089
0.44745089
0.45037303
0.45053705
0.45053705
0.45053705
0.45053705
0.45053705
0.45053705
0.45620524
0.45916693
0.45916693
0.45916693
0.45620715
0.44681583
0.44681583
0.44176887
0.43947478
0.43947478
0.43873681
0.43873681
0.43873681
0.43873681
0.43873681
0.44133565
0.44133565
0.44133565
0.43455107
0.43455107
0.43455107
0.43474272
0.43474272
0.43474272
0.43474272
0.43474272
0.43474272
0.43474272
0.43474272
0.41732264
0.41144861
0.41144861
0.41144861
0.41144861
0.41144861
0.41144861
0.41144861
0.41488852
0.41607057
0.41607057
0.41607057
0.41607057
0.41607057
0.4198455
0.4198455
0.4198455
0.41721078
0.41721078
0.41721078
0.41721078
0.41748789
0.42094632
0.42534004
0.43677565
0.43677565
0.43677565
0.43132751
0.43132751
0.42483103
0.42298695
0.41854372
0.41854372
0.41854372
0.42431149
0.42431149
0.42431149
0.42431149
0.43554336
0.43554336
0.43693967
0.43693967
0.43693967
0.42939907
0.41783042
0.41783042
0.41783042
0.41783042
0.41783042
0.42356164
0.4375446
0.4375446
0.4375446
0.43330283
0.43330283
0.43330283
0.43330283
0.43330283
0.43330283
0.43321898
0.43083512
0.43083512
0.43083512
0.43020181
0.4249161
0.4249161
0.4249161
0.4249161
0.42438887
0.42438887
0.42438887
0.42438887
0.42438887
0.42438887
0.41930024
0.41930024
0.41930024
0.41930024
0.42129309
0.42129309
0.42129309
0.41755875
0.41755875
0.41755875
0.41755875
0.41755875
0.41755875
0.42303476
0.42303476
0.42303476
0.42244557
0.42244557
0.42244557
0.42244557
0.42244557
0.42377534
0.42377534
0.42377534
0.42377534
0.41851065
0.4129088
0.4129088
0.4129088
0.41494156
0.41494156
0.41596955
0.41596955
0.41596955
0.41596955
0.42168728
0.42168728
0.42168728
0.42168728
0.4207545
0.41876585
0.41876585
0.41876585
0.41876585
0.4184928
0.41804187
0.41804187
0.41804187
0.41804187
0.4107579
0.4107579
0.4107579
0.4107579
0.4192297
0.4192297
0.4192297
0.4192297
0.4192297
0.4192297
0.4192297
0.41752639
0.41752639
0.41752639
0.41752639
0.4139207
0.40289626
0.40110208
0.40110208
0.40110208
0.40110208
0.40110208
0.39580991
0.39580991
0.39580991
0.39580991
0.39580991
0.39580991
0.39829127
0.39829127
0.39829127
0.39849784
0.40052848
0.40052848
0.40052848
0.40208127
0.40208127
0.40208127
0.40208127
0.40208127
0.40208127
0.40208127
0.40208127
0.3994728
0.3994728
0.3994728
0.39470136
0.39458145
0.38973422
0.38973422
0.38973422
0.38496995
0.37166454
0.37166454
0.37166454
0.37166454
0.37166454
0.37365022
0.37487846
0.37887711
0.39038834
0.39682794
0.40072313
0.40072313
0.40072313
0.40072313
0.40072313
0.40072313
0.40072313
0.40072313
0.40072313
0.40734545
0.41141464
0.41141464
0.41141464
0.41141464
0.39664152
0.39454119
0.39263501
0.38657245
0.38657245
0.38657245
0.38657245
0.38657245
0.38657245
0.38657245
0.38704716
0.38955567
0.38955567
0.38955567
0.38955567
0.38955567
0.38955567
0.38980441
0.38980441
0.38980441
0.38980441
0.38980441
0.38363912
0.38363912
0.38363912
0.38363912
0.38363912
0.38327327
0.38327327
0.38327327
0.38327327
0.38327327
0.38327327
0.38327327
0.38327327
0.38327327
0.38327327
0.38327327
0.38327327
0.38327327
0.38327327
0.38327327
0.38655321
0.39153574
0.39153574
0.39153574
0.3844478
0.3796319
0.3796319
0.3796319
0.3796319
0.3796319
0.3796319
0.3796319
0.3796319
0.3796319
0.38457611
0.38457611
0.38457611
0.38457611
0.39061379
0.39061379
0.39061379
0.39061379
0.39061379
0.40242838
0.40735755
0.40735755
0.40831956
0.41090982
0.41090982
0.41090982
0.40346113
0.40346113
0.40346113
0.41967273
0.42065262
0.42065262
0.42065262
0.42065262
0.41722987
0.41722987
0.41722987
0.41588186
0.41588186
0.41588186
0.41831985
0.41831985
0.41831985
0.41771701
0.41771701
0.41771701
0.41771701
0.41833471
0.41833471
0.41833471
0.41833471
0.41833471
0.41833471
0.41833471
0.41833471
0.41761231
0.41761231
0.41324241
0.41324241
0.41324241
0.40470078
0.40460363
0.40086106
0.40086106
0.40086106
0.40086106
0.40276446
0.40276446
0.40276446
0.40276446
0.40276446
0.39543286
0.39411044
0.39411044
0.39411044
0.3849444
0.3849444
0.3849444
0.38453743
0.37251771
0.35728036
0.34539349
0.34539349
0.34539349
0.34539349
0.30712496
0.30712496
0.30712496
0.40132562
0.47763744
0.47763744
0.47763744
0.47763744
0.55713588
0.95346846
0.95346846
0.95346846
0.95346846
0.92945997
0.92945997
0.92945997
0.95309668
0.95309668
0.95309668
0.95310437
0.95311556
0.95311556
0.95311556
0.95311556
0.95311556
0.95311556
0.95311556
0.95311715
0.96001849
0.96001849
0.96001884
0.96002935
0.96002935
0.96002935
0.96002935
0.96002935
0.96002935
0.92371041
0.92371041
0.89086972
0.51683685
0.40327154
0.40327154
0.40327154
0.40961608
0.40961608
0.40961608
0.435431
0.46005
0.46005
0.46005
0.41613007
0.41613007
0.41613007
0.60949595
0.60949595
0.60949595
0.53190843
0.53190843
0.53190843
0.35749077
0.35749077
0.35749077
0.3926294
0.3926294
0.45404961
0.45404961
0.45404961
0.44362449
0.44362449
0.44362449
0.4477544
0.4477544
0.4477544
0.4477544
0.58255939
0.66225964
0.66225964
0.66225964
0.66225964
0.66225964
0.66225964
0.50645622
0.50645622
0.50645622
0.50645622
0.50645622
0.42340969
0.42340969
0.31970445
0.31970445
0.31970445
0.31970445
0.376147
0.376147
0.39204091
0.39204091
0.39204091
0.39204091
0.39204091
0.39204091
0.39204091
0.38464805
0.36511275
0.36511275
0.36511275
0.36511275
0.36511275
0.37976702
0.37976702
0.44879502
0.44879502
0.44879502
0.44879502
0.44879502
0.44879502
0.43993129
0.43993129
0.43993129
0.43993129
0.43993129
0.43993129
0.33927196
0.33927196
0.33927196
0.34072146
0.34072146
0.34072146
0.34072146
0.34072146
0.34072146
0.34072146
0.37500677
0.37500677
0.39357322
0.46891373
0.46891373
0.46891373
0.35772166
0.35095649
0.35095649
0.35095649
0.32133373
0.30346412
0.30346412
0.22785843
0.20976461
0.20976461
0.20976461
0.20976461
0.27199156
0.3250896
0.3250896
0.3480977
0.3638633
0.3638633
0.3638633
0.3638633
0.3638633
0.3638633
0.3638633
0.39215923
0.65839562
0.812735
0.812735
0.812735
0.66687112
0.49940012
0.49940012
0.49940012
0.44102145
0.39057808
0.39057808
0.39057808
0.39057808
0.39057808
0.39057808
0.39057808
0.54855851
0.91265901
0.95070212
0.95070212
0.95070212
0.87602184
0.83960261
0.74096517
0.6747189
0.66483977
0.51238558
0.51238558
0.51238558
0.58078325
0.59903759
0.59903759
0.59903759
0.59903759
0.59903759
0.58593769
0.51767147
0.51767147
0.46542499
0.44579991
0.43126957
0.43126957
0.33011292
0.33011292
0.33011292
0.3954943
0.3954943
0.3954943
0.3954943
0.33890734
0.28395055
0.28395055
0.28395055
0.3793905
0.3793905
0.3793905
0.3793905
0.3793905
0.270834
0.270834
0.270834
0.270834
0.270834
0.25351964
0.24550382
0.24550382
0.24550382
0.24550382
0.24550382
0.25090171
0.25090171
0.25090171
0.25090171
0.25090171
0.25090171
0.47149559
0.47149559
0.47149559
0.49228628
0.67591112
0.67591112
0.67591112
0.67591112
0.55807184
0.47630609
0.47630609
0.47630609
0.59093581
0.59093581
0.59093581
0.55470142
0.40914838
0.40914838
0.40914838
0.40914838
0.40914838
0.40914838
0.40914838
0.40914838
0.38225558
0.38225558
0.38225558
0.43642014
0.43642014
0.43642014
0.43642014
0.50201875
0.66209337
0.79655562
0.95303891
0.95310613
0.95310613
0.95310613
0.95310613
0.94657044
0.92059659
0.87984701
0.63246626
0.51460352
0.51460352
0.51460352
0.51460352
0.51460352
0.51460352
0.51460352
0.57670792
0.57670792
0.57670792
0.57670792
0.57670792
0.57670792
0.57670792
0.57670792
0.57670792
0.57670792
0.57670792
0.57670792
0.54512333
0.526611
0.526611
0.526611
0.72893879
0.72893879
0.72893879
0.70464693
0.70464693
0.70464693
0.70464693
0.70464693
0.70464693
0.44862243
0.34296287
0.34296287
0.24721483
0.24721483
0.24721483
0.52350452
0.6912008
0.6912008
0.6912008
0.56614754
0.42937387
0.39943762
0.39943762
0.39943762
0.69737307
0.70000028
0.70000028
0.70000028
0.70000028
0.70000028
0.70000028
0.68871135
0.6304244
0.6304244
0.6304244
0.6304244
0.6304244
0.6304244
0.6304244
0.6304244
0.67264345
0.67264345
0.67264345
0.67264345
0.66745664
0.64559012
0.64559012
0.64559012
0.64559012
0.53849487
0.53849487
0.53849487
0.63340921
0.63340921
0.63340921
0.63340921
0.63340921
0.63340921
0.46645897
0.26507883
0.26507883
0.26507883
0.26507883
0.26507883
0.80655239
0.91338525
0.91338525
0.91338525
0.91338525
0.81800445
0.81800445
0.81800445
0.7954054
0.7954054
0.75765411
0.7246361
0.7246361
0.7246361
0.77913007
0.8457259
0.89672974
0.91335392
0.92501413
0.92501413
0.92501413
0.92501413
0.92501413
0.92245291
0.78735598
0.64544678
0.64544678
0.64544678
0.64544678
0.64544678
0.64544678
0.64544678
0.6569685
0.6569685
0.6569685
0.6569685
0.50885569
0.50885569
0.50885569
0.50336411
0.50336411
0.37979574
0.37979574
0.37979574
0.44157458
0.44157458
0.44157458
0.36818193
0.36818193
0.33560273
0.33560273
0.33560273
0.33560273
0.33560273
0.45673211
0.45673211
0.45673211
0.4328563
0.43186226
0.32322174
0.32322174
0.32322174
0.32322174
0.32322174
0.32322174
0.32322174
0.32578119
0.32578119
0.32578119
0.32796483
0.32796483
0.32796483
0.32796483
0.32796483
0.32796483
0.32796483
0.32796483
0.32796483
0.32796483
0.46011863
0.46011863
0.46011863
0.4368842
0.3405277
0.3405277
0.3405277
0.3405277
0.3405277
0.3405277
0.73532306
0.73532306
0.73532306
0.73532306
0.65478418
0.43607076
0.43607076
0.43607076
0.55271943
0.55271943
0.55271943
0.55271943
0.55855425
0.58106138
0.58106138
0.58106138
0.42918956
0.42918956
0.42918956
0.42918956
0.36579718
0.28725164
0.28725164
0.28725164
0.28091394
0.28091394
0.28091394
0.35089417
0.35089417
0.35089417
0.35089417
0.35089417
0.35089417
0.35089417
0.35089417
0.35089417
0.35089417
0.35089417
0.39649204
0.4117229
0.4117229
0.4117229
0.29455875
0.29455875
0.29455875
0.34363608
0.34363608
0.34363608
0.34363608
0.38903772
0.38903772
0.38903772
0.38903772
0.53830442
0.53830442
0.53830442
0.53830442
0.53830442
0.53830442
0.53830442
0.53830442
0.53830442
0.53830442
0.37072931
0.37072931
0.37072931
0.44150718
0.44150718
0.44150718
0.44150718
0.44150718
0.44150718
0.47335873
0.47335873
0.47335873
0.47335873
0.44688341
0.44688341
0.44688341
0.51756257
0.51756257
0.51756257
0.50561216
0.50561216
0.48091492
0.35011944
0.29316296
0.29316296
0.29316296
0.3307555
0.3307555
0.3307555
0.53651885
0.53651885
0.53651885
0.5509074
0.5509074
0.5509074
0.5509074
0.5509074
0.5509074
0.5509074
0.5509074
0.49638891
0.47726968
0.47433265
0.47433265
0.3981684
0.3981684
0.3981684
0.3981684
0.46339837
0.38916779
0.24915761
