0.9262043
0.87797344
0.80938011
0.80938011
0.79871315
0.78011887
0.78011887
0.75970061
0.75970061
0.75970061
0.75970061
0.7427122
0.7427122
0.7427122
0.7427122
0.7427122
0.78456853
0.78456853
0.78456853
0.65231225
0.58710021
0.51079825
0.51079825
0.40919483
0.40919483
0.40919483
0.40919483
0.3962255
0.3962255
0.3962255
0.4294689
0.4294689
0.4294689
0.33566717
0.33566717
0.33566717
0.33566717
0.34063796
0.34063796
0.34063796
0.34063796
0.34063796
0.3416435
0.3416435
0.3416435
0.34884877
0.39617712
0.39617712
0.39617712
0.3583898
0.35647799
0.33987863
0.33987863
0.33987863
0.33987863
0.31600942
0.2911091
0.2911091
0.27075031
0.27075031
0.27075031
0.28807391
0.28807391
0.28807391
0.30061029
0.32842661
0.36541497
0.36541497
0.36541497
0.35741957
0.33742484
0.28734424
0.28734424
0.28734424
0.3367734
0.3367734
0.3367734
0.27402742
0.27402742
0.27402742
0.35063259
0.44903497
0.46572841
0.5382661
0.5382661
0.5382661
0.5382661
0.51799259
0.51799259
0.51799259
0.53375517
0.53375517
0.5407232
0.5407232
0.5407232
0.5407232
0.53563379
0.53563379
0.53563379
0.64159322
0.67170216
0.67397097
0.68582782
0.68582782
0.68582782
0.68582782
0.68582782
0.68582782
0.66246705
0.60120988
0.56433252
0.56433252
0.56433252
0.57235528
0.57235528
0.57235528
0.58778773
0.5958809
0.67125811
0.70794699
0.71116636
0.72391288
0.72391288
0.72391288
0.72391288
0.72391288
0.72391288
0.72391288
0.66534829
0.66534829
0.66534829
0.66534829
0.66836298
0.67834318
0.67834318
0.68287382
0.68287382
0.69476618
0.69476618
0.72643397
0.72643397
0.72643397
0.71321355
0.69443336
0.69443336
0.69443336
0.69443336
0.6889906
0.66365504
0.64069068
0.64069068
0.64069068
0.64244112
0.6463605
0.6463605
0.6463605
0.6517447
0.6517447
0.6832853
0.70937027
0.74220514
0.74220514
0.74220514
0.70753728
0.70753728
0.70753728
0.70071168
0.70071168
0.70071168
0.68093743
0.68093743
0.68093743
0.69842119
0.71744743
0.71744743
0.71744743
0.71744743
0.76267161
0.76267161
0.76267161
0.76267161
0.76380006
0.7847972
0.78980484
0.78980484
0.78980484
0.73816225
0.73816225
0.73816225
0.76910855
0.77235951
0.78488577
0.78488577
0.78488577
0.78488577
0.75118542
0.72905787
0.7101696
0.7101696
0.7101696
0.7101696
0.7101696
0.71708885
0.71708885
0.71708885
0.71708885
0.73811796
0.73811796
0.74993131
0.76914953
0.80731105
0.80731105
0.80731105
0.80731105
0.83165008
0.83653111
0.83653111
0.83653111
0.8331543
0.8331543
0.8331543
0.8331543
0.85739633
0.85739633
0.85739633
0.85739633
0.85739633
0.85739633
0.85739633
0.85739633
0.85739633
0.85739633
0.85182409
0.83490787
0.80518992
0.78097928
0.78097928
0.78097928
0.76616937
0.76616937
0.76616937
0.76616937
0.76616937
0.74090284
0.74090284
0.74090284
0.80273185
0.80273185
0.80273185
0.80273185
0.72236025
0.64111094
0.55435039
0.55435039
0.55435039
0.53374562
0.53374562
0.53374562
0.52352837
0.52352837
0.52352837
0.52352837
0.66570164
0.66570164
0.66570164
0.61706084
0.61706084
0.61706084
0.54800843
0.54800843
0.54800843
0.54800843
0.5453539
0.5453539
0.54302829
0.53384921
0.52985899
0.52985899
0.52985899
0.50555784
0.50555784
0.4781766
0.4781766
0.4781766
0.5089557
0.5089557
0.5089557
0.49313868
0.49313868
0.49313868
0.49313868
0.49041976
0.49041976
0.49041976
0.54492585
0.54492585
0.54492585
0.54492585
0.54492585
0.55712669
0.55712669
0.55712669
0.53131971
0.46271993
0.46271993
0.44612273
0.44612273
0.44612273
0.44612273
0.44612273
0.44402166
0.44402166
0.44402166
0.44402166
0.42831917
0.42831917
0.42831917
0.36714181
0.36714181
0.36714181
0.42067709
0.42067709
0.42067709
0.4740309
0.47554664
0.50990079
0.50990079
0.50990079
0.50990079
0.48571355
0.48571355
0.48571355
0.55024527
0.55024527
0.55024527
0.51933272
0.51123974
0.51123974
0.51123974
0.51123974
0.51123974
0.54303025
0.56210838
0.56564731
0.60825185
0.60825185
0.60825185
0.57932838
0.57932838
0.57932838
0.61544677
0.61602974
0.61602974
0.61602974
0.61602974
0.58824133
0.54483728
0.54483728
0.54483728
0.55067528
0.60451704
0.609186
0.609186
0.609186
0.60757134
0.58515309
0.58515309
0.58515309
0.53931845
0.53931845
0.53931845
0.51071239
0.51071239
0.51071239
0.51071239
0.51071239
0.51071239
0.51071239
0.51071239
0.51071239
0.51071239
0.56881418
0.56881418
0.56881418
0.56881418
0.56881418
0.56881418
0.56881418
0.56212926
0.56212926
0.44563066
0.44563066
0.44563066
0.44563066
0.44563066
0.44563066
0.44706349
0.45467124
0.45889733
0.45889733
0.46053013
0.46053013
0.46053013
0.46053013
0.46053013
0.46053013
0.46053013
0.46053013
0.46053013
0.44468813
0.40736302
0.34447015
0.34447015
0.34447015
0.40591245
0.40591245
0.41465002
0.41465002
0.41465002
0.41682385
0.41682385
0.45621432
0.45621432
0.47716811
0.47716811
0.47716811
0.43178983
0.35798653
0.35798653
0.35798653
0.38877362
0.38877362
0.46687715
0.46687715
0.46687715
0.46687715
0.42352341
0.39134427
0.38545439
0.38545439
0.38545439
0.46553836
0.46553836
0.49014526
0.49014526
0.49014526
0.43704294
0.43704294
0.43704294
0.43704294
0.38641875
0.38641875
0.38641875
0.35655838
0.35655838
0.35655838
0.35655838
0.35655838
0.42346099
0.57041071
0.57041071
0.57041071
0.36226061
0.36226061
0.36226061
0.36226061
0.36226061
0.36226061
0.36226061
0.26145766
0.26145766
0.26145766
0.39229266
0.43019059
0.43019059
0.43019059
0.37613381
0.33051184
0.33051184
0.33051184
0.39571278
0.39571278
0.39571278
0.33070538
0.33070538
0.18850812
0.11384013
0.11384013
0.11384013
0.20197983
0.22405393
0.22405393
0.31018644
0.34660453
0.34660453
0.35749096
0.36251949
0.36251949
0.36251949
0.41355453
0.41355453
0.41355453
0.41355453
0.41355453
0.41355453
0.41355453
0.41355453
0.41355453
0.41355453
0.41355453
0.40096137
0.40096137
0.40096137
0.40096137
0.40096137
0.40096137
0.40096137
0.40096137
0.40096137
0.46433459
0.46433459
0.46433459
0.42876656
0.42296542
0.39829062
0.39829062
0.39829062
0.39829062
0.39829062
0.42384671
0.44981616
0.51372044
0.63142926
0.64443721
0.64443721
0.66606372
0.66606372
0.66606372
0.72746118
0.84669838
0.84669838
0.84669838
0.84779233
0.85465617
0.86477076
0.88793567
0.88793567
0.88793567
0.87015359
0.87015359
0.83985601
0.83985601
0.83985601
0.87781132
0.87781132
0.88161012
0.88161012
0.88161012
0.88161012
0.88161012
0.88161012
0.88161012
0.88161012
0.87866488
0.87325083
0.87325083
0.87325083
0.87325083
0.87325083
0.86546279
0.86546279
0.86546279
0.86601335
0.86601335
0.87758713
0.87758713
0.87758713
0.87758713
0.90943852
0.90943852
0.90943852
0.90473306
0.90473306
0.90473306
0.85650355
0.85432567
0.85432567
0.85432567
0.85432567
0.85432567
0.80434981
0.80434981
0.80434981
0.9046478
0.9046478
0.9046478
0.86747486
0.83400609
0.81665346
0.81665346
0.81003368
0.81003368
0.81003368
0.73434374
0.73434374
0.73434374
0.66376875
0.63327802
0.61132588
0.61132588
0.61132588
0.82697097
0.82697097
0.82697097
0.75390962
0.64061985
0.64061985
0.62602692
0.62602692
0.62602692
0.62602692
0.62602692
0.55429929
0.55429929
0.55429929
0.58417429
0.58417429
0.58417429
0.52379331
0.52379331
0.52379331
0.5972788
0.5972788
0.5972788
0.43441939
0.36998384
0.36998384
0.36998384
0.55864299
0.55864299
0.55864299
0.65807065
0.71236604
0.71236604
0.71236604
0.60839898
0.60839898
0.60839898
0.65815942
0.67277499
0.67277499
0.67277499
0.67277499
0.67277499
0.75464456
0.75464456
0.75464456
0.75464456
0.81480722
0.81480722
0.81480722
0.70170805
0.69904631
0.68795619
0.68795619
0.68795619
0.70627675
0.70627675
0.70627675
0.69429814
0.69429814
0.69429814
0.69429814
0.69429814
0.69429814
0.69429814
0.6949886
0.70963151
0.73906128
0.73906128
0.73906128
0.73906128
0.73906128
0.74151271
0.75645882
0.75645882
0.75645882
0.75645882
0.75645882
0.69353567
0.69353567
0.69353567
0.76403361
0.76403361
0.76403361
0.70849425
0.70473564
0.62149181
0.5585718
0.5585718
0.5585718
0.69479214
0.69479214
0.69479214
0.57095367
0.49341223
0.49341223
0.49341223
0.55270921
0.56096958
0.56096958
0.67119997
0.67119997
0.67119997
0.67119997
0.67119997
0.67119997
0.76821365
0.80079723
0.80079723
0.80079723
0.75701933
0.75701933
0.75701933
0.75701933
0.75701933
0.82127012
0.82127012
0.82127012
0.82127012
0.77706886
0.72268355
0.72268355
0.69487623
0.6917872
0.6917872
0.6917872
0.6917872
0.6917872
0.6917872
0.6917872
0.6917872
0.6917872
0.67801677
0.67801677
0.67801677
0.67801677
0.69467253
0.69467253
0.69467253
0.64533699
0.64533699
0.64533699
0.64533699
0.64533699
0.64533699
0.73421399
0.75677214
0.75677214
0.75677214
0.75677214
0.75677214
0.77447187
0.78875773
0.79612083
0.80350463
0.80350463
0.80350463
0.69724338
0.55023631
0.53754461
0.50258839
0.50258839
0.50258839
0.59172544
0.59172544
0.59172544
0.57613359
0.57613359
0.57613359
0.5867976
0.5867976
0.5867976
0.5867976
0.5867976
0.5867976
0.5867976
0.5867976
0.5867976
0.50110017
0.44871815
0.44871815
0.44871815
0.38329948
0.34476006
0.34476006
0.34476006
0.4704426
0.55333139
0.55333139
0.55333139
0.4683166
0.39292908
0.39292908
0.37227979
0.37227979
0.37227979
0.4059224
0.4059224
0.4059224
0.52491279
0.52491279
0.52491279
0.50606703
0.50606703
0.50606703
0.50606703
0.50606703
0.50606703
0.50606703
0.51113068
0.52928366
0.52928366
0.52928366
0.52928366
0.52928366
0.52928366
0.53175401
0.53175401
0.53175401
0.52527959
0.52527959
0.52527959
0.52527959
0.52886749
0.52886749
0.52886749
0.43149992
0.28302761
0.28302761
0.28302761
0.28302761
0.28302761
0.28302761
0.41955057
0.41955057
0.45348348
0.52174651
0.53145434
0.53145434
0.53145434
0.53145434
0.53145434
0.49398619
0.49398619
0.4089002
0.39189329
0.39189329
0.39189329
0.32382672
0.32382672
0.28194073
0.16829529
0.16829529
0.16829529
0.17994396
0.25810739
0.25810739
0.25810739
0.25810739
0.24431321
0.21824791
0.21824791
0.21824791
0.21824791
0.21824791
0.21824791
0.21824791
0.35052958
0.45796904
0.53488088
0.60814376
0.70420944
0.70420944
0.70420944
0.64268092
0.62581541
0.62581541
0.62336983
0.62336983
0.58959165
0.51449365
0.49497848
0.43148997
0.41509447
0.41509447
0.41509447
0.41509447
0.40455493
0.40455493
0.40455493
0.40455493
0.40455493
0.26732768
0.26732768
0.26732768
0.28045405
0.28045405
0.29761923
0.29761923
0.39948232
0.43363391
0.43363391
0.43363391
0.36679046
0.25249865
0.25249865
0.25249865
0.20048068
0.20048068
0.20048068
0.22285425
0.22285425
0.22285425
0.22285425
0.22285425
0.22285425
0.22285425
0.25495126
0.25495126
0.25495126
0.25446643
0.25446643
0.25446643
0.29558919
0.29558919
0.29558919
0.29558919
0.29558919
0.29558919
0.29558919
0.29558919
0.29558919
0.24876518
0.24876518
0.24876518
0.25078177
0.25078177
0.25078177
0.25078177
0.25078177
0.25078177
0.24030076
0.24030076
0.24030076
0.23824614
0.23824614
0.23824614
0.24554778
0.25730767
0.25730767
0.25730767
0.26075336
0.30299989
0.30299989
0.31528266
0.31528266
0.31528266
0.31528266
0.31528266
0.37163617
0.37163617
0.37163617
0.37163617
0.37163617
0.38746138
0.39541992
0.4138105
0.4138105
0.4138105
0.3776761
0.3776761
0.3776761
0.29452961
0.29452961
0.29452961
0.29452961
0.30924041
0.32227468
0.32227468
0.33898994
0.33898994
0.33898994
0.33898994
0.18282639
0.18282639
0.18282639
0.18282639
0.18282639
0.1382925
0.1382925
0.1382925
0.14319871
0.14832946
0.14832946
0.1501234
0.15263961
0.2063579
0.25689076
0.25798118
0.25798118
0.25798118
0.25798118
0.25798118
0.25798118
0.25798118
0.29424769
0.34183119
0.34183119
0.34183119
0.34183119
0.34183119
0.34183119
0.34183119
0.34183119
0.3229271
0.2664312
0.2664312
0.2664312
0.31618247
0.31618247
0.31618247
0.29431888
0.29156074
0.29156074
0.24775827
0.17425719
0.14584114
0.14584114
0.14584114
0.14584114
0.14584114
0.1398689
0.1398689
0.1398689
0.15401509
0.18174203
0.18174203
0.18174203
0.18174203
0.20262541
0.24345905
0.24345905
0.24345905
0.23413285
0.23413285
0.23342851
0.23342851
0.21704473
0.20118656
0.20118656
0.20118656
0.20526827
0.20526827
0.20526827
0.20526827
0.20526827
0.20526827
0.20526827
0.20526827
0.20526827
0.20108528
0.20108528
0.20108528
0.25687007
0.33625131
0.3712005
0.37252659
0.38457428
0.38457428
0.38457428
0.3759709
0.3759709
0.3759709
0.3936053
0.45231774
0.45231774
0.45231774
0.39118741
0.39065538
0.39065538
0.38255733
0.38255733
0.36444396
0.36444396
0.36444396
0.36444396
0.36444396
0.36444396
0.34833939
0.26374484
0.24324482
0.2361894
0.16492902
0.16492902
0.16492902
0.16492902
0.14726284
0.12886522
0.12886522
0.12886522
0.19941135
0.19941135
0.19941135
0.19941135
0.19941135
0.19941135
0.19941135
0.19941135
0.19941135
0.19941135
0.19941135
0.35072447
0.35072447
0.35072447
0.31987728
0.31344404
0.31344404
0.31344404
0.33292386
0.33510997
0.33510997
0.3978382
0.3978382
0.3978382
0.38375426
0.33719286
0.33719286
0.33719286
0.31651062
0.29102033
0.29102033
0.29102033
0.32768932
0.3735938
0.41273298
0.41273298
0.41273298
0.32550868
0.29721731
0.29721731
0.29721731
0.23830215
0.18240577
0.18240577
0.18240577
0.18854266
0.19464288
0.19464288
0.19749388
0.23911201
0.31979945
0.31979945
0.31979945
0.31979945
0.21805243
0.17196163
0.17196163
0.17196163
0.15532675
0.13462283
0.01026834
0.01026834
0.01026834
0.14216836
0.14216836
0.14216836
0.13411813
0.13411813
0.13411813
0.1544525
0.18343452
0.1982464
0.24931342
0.28903517
0.28969853
0.28969853
0.29954056
0.29954056
0.34964227
0.35142763
0.35142763
0.35142763
0.33801386
0.33801386
0.33801386
0.28118664
0.20556148
0.20556148
0.20556148
0.23919473
0.26473693
0.26473693
0.26473693
0.26473693
0.26473693
0.26473693
0.26473693
0.26473693
0.26848794
0.2911292
0.29640099
0.30618804
0.30618804
0.30618804
0.27869288
0.27869288
0.27869288
0.27869288
0.23246297
0.23246297
0.21104129
0.20317385
0.20317385
0.20317385
0.20858927
0.22296253
0.22296253
0.22296253
0.26358681
0.27964517
0.27964517
0.31330493
0.31330493
0.34573067
0.35611063
0.38903057
0.39295484
0.39295484
0.39295484
0.43690166
0.43690166
0.46692416
0.46692416
0.46692416
0.46067431
0.44564042
0.44564042
0.44564042
0.44564042
0.46837961
0.46837961
0.46837961
0.46837961
0.46837961
0.4424234
0.42185765
0.37807233
0.36816241
0.34474228
0.34474228
0.33378446
0.33378446
0.27279537
0.26930698
0.26930698
0.26930698
0.2855616
0.33652466
0.33652466
0.33652466
0.33652466
0.33652466
0.33803785
0.33803785
0.33803785
0.38840293
0.40278519
0.40278519
0.40278519
0.40278519
0.40278519
0.41599605
0.41733949
0.49863077
0.49863077
0.49863077
0.4899925
0.4899925
0.4899925
0.4899925
0.4899925
0.4899925
0.4899925
0.4899925
0.4899925
0.52961337
0.53345587
0.53345587
0.53345587
0.52493564
0.52493564
0.52493564
0.52493564
0.43890865
0.42030659
0.37828987
0.37828987
0.37828987
0.37828987
0.37068448
0.36660958
0.30063137
0.30063137
0.30063137
0.29100782
0.29100782
0.29100782
0.37088581
0.37088581
0.37088581
0.37088581
0.37088581
0.37088581
0.37088581
0.40309831
0.45834032
0.45834032
0.45834032
0.43697151
0.43697151
0.43697151
0.47294693
0.47855509
0.47855509
0.47855509
0.47855509
0.37753738
0.33370702
0.33370702
0.33370702
0.33370702
0.33370702
0.35460016
0.36923233
0.36923233
0.36923233
0.38060261
0.38060261
0.38060261
0.38060261
0.42545315
0.4456338
0.4456338
0.4456338
0.4220783
0.38108293
0.34902768
0.27015956
0.25126562
0.22841619
0.19215495
0.15282635
0.15282635
0.15282635
0.15282635
0.15282635
0.1886203
0.21055977
0.21055977
0.21055977
0.21055977
0.23104771
0.23104771
0.23104771
0.23104771
0.22830067
0.22830067
0.22830067
0.24984372
0.24984372
0.26100252
0.26100252
0.26100252
0.23793574
0.23793574
0.23793574
0.24071181
0.24071181
0.24071181
0.22357944
0.22357944
0.18189947
0.18189947
0.18189947
0.35545723
0.35545723
0.35545723
0.37181643
0.37181643
0.37181643
0.30106881
0.26813306
0.2202077
0.2202077
0.18652552
0.18652552
0.18652552
0.17742327
0.15702704
0.15702704
0.15702704
0.14849394
0.14703496
0.14703496
0.11164974
0.11164974
0.11164974
0.13670341
0.13670341
0.14143479
0.14143479
0.14143479
0.22326652
0.22326652
0.22326652
0.22291395
0.22291395
0.22291395
0.25718398
0.2952622
0.30675346
0.35821713
0.35821713
0.35821713
0.3564503
0.25662599
0.25662599
0.25662599
0.21856963
0.17494355
0.1682116
0.1682116
0.15579947
0.15579947
0.15579947
0.15579947
0.15579947
0.15579947
0.12774436
0.12774436
0.12774436
0.14119637
0.14119637
0.14119637
0.12645379
0.12645379
0.12645379
0.12645379
0.12645379
0.12645379
0.12645379
0.12410497
0.12410497
0.12410497
0.14177914
0.14177914
0.14177914
0.14177914
0.16774981
0.19596586
0.19596586
0.19596586
0.15525572
0.15525572
0.15525572
0.15525572
0.15525572
0.17718583
0.19294063
0.19294063
0.19294063
0.19294063
0.19294063
0.21079351
0.26011556
0.26011556
0.26011556
0.22690843
0.22690843
0.19437208
0.19437208
0.19383497
0.19383497
0.19383497
0.21157254
0.22071947
0.22071947
0.22071947
0.20121212
0.20121212
0.18913243
0.16653605
0.16653605
0.16653605
0.17510938
0.33613328
0.34672158
0.34672158
0.34672158
0.34672158
0.31983476
0.299444
0.299444
0.26294162
0.26294162
0.26294162
0.28142955
0.28142955
0.28142955
0.27364796
0.27364796
0.23148728
0.22682398
0.22682398
0.22682398
0.25715884
0.27369987
0.28394324
0.28394324
0.28394324
0.28394324
0.28394324
0.31890316
0.33481361
0.33481361
0.33481361
0.33481361
0.33481361
0.33481361
0.38026878
0.38026878
0.41106935
0.41106935
0.41624557
0.41624557
0.41624557
0.4132492
0.4132492
0.38303785
0.26168047
0.18586177
0.18586177
0.18586177
0.18249942
0.18249942
0.18249942
0.15318961
0.15318961
0.15318961
0.160127
0.19945914
0.20399249
0.24840251
0.28169236
0.29442326
0.36421218
0.36421218
0.36421218
0.36996142
0.36996142
0.36996142
0.36996142
0.36996142
0.36996142
0.36996142
0.34674577
0.34674577
0.34674577
0.34674577
0.34674577
0.33270789
0.33270789
0.33270789
0.35923573
0.36925574
0.39661043
0.39661043
0.39661043
0.39661043
0.37967023
0.31441309
0.29133404
0.29133404
0.29133404
0.30598359
0.31605429
0.31605429
0.31605429
0.29537594
0.29537594
0.29506809
0.29506809
0.29506809
0.29506809
0.29506809
0.37016629
0.37016629
0.37016629
0.31051773
0.31051773
0.31051773
0.38758701
0.39490916
0.42637441
0.43862323
0.43862323
0.43862323
0.43862323
0.455939
0.4646973
0.53300462
0.53300462
0.53300462
0.53300462
0.50625239
0.46382946
0.46382946
0.46382946
0.46382946
0.46382946
0.47188791
0.51318959
0.51318959
0.51318959
0.41923296
0.37242028
0.37242028
0.37242028
0.37242028
0.40481346
0.40481346
0.40481346
0.40481346
0.40481346
0.41376075
0.42361961
0.42361961
0.42361961
0.42361961
0.42361961
0.42361961
0.41103541
0.40397665
0.39366733
0.39366733
0.39366733
0.40189689
0.40189689
0.40189689
0.40189689
0.4031459
0.4031459
0.4031459
0.39645571
0.39645571
0.39645571
0.39645571
0.39925715
0.39925715
0.40909493
0.40909493
0.40909493
0.40909493
0.40909493
0.40909493
0.4315844
0.4315844
0.46211765
0.46211765
0.46211765
0.46211765
0.46211765
0.46211765
0.46211765
0.46316984
0.46316984
0.46316984
0.45876565
0.45876565
0.45876565
0.45876565
0.40918858
0.40918858
0.40918858
0.39510386
0.3900644
0.38509538
0.38411265
0.38411265
0.38411265
0.35624212
0.35624212
0.35624212
0.35624212
0.35624212
0.35624212
0.3739048
0.3739048
0.37970241
0.38470458
0.40900285
0.45060047
0.4702087
0.47963323
0.47963323
0.47963323
0.47963323
0.47963323
0.47963323
0.51850082
0.51850082
0.51850082
0.48972462
0.48972462
0.48972462
0.48972462
0.48972462
0.5590654
0.5590654
0.5590654
0.53819838
0.53819838
0.53819838
0.51051243
0.50803972
0.50803972
0.50803972
0.50803972
0.50510326
0.50342362
0.50342362
0.50342362
0.50342362
0.50342362
0.50342362
0.50342362
0.46465455
0.46465455
0.46465455
0.42648115
0.42648115
0.41270761
0.37647308
0.37647308
0.37647308
0.39996322
0.39996322
0.43797745
0.43797745
0.43797745
0.41450489
0.41222199
0.41222199
0.41222199
0.41441572
0.41441572
0.46914266
0.48183396
0.48183396
0.48183396
0.48183396
0.48565054
0.50098993
0.50098993
0.56268509
0.56268509
0.56268509
0.56268509
0.57076265
0.59838133
0.67512833
0.7056097
0.7056097
0.7056097
0.7056097
0.7056097
0.68943036
0.67187187
0.66973945
0.66973945
0.61544874
0.61544874
0.57284944
0.53031905
0.49942836
0.43707452
0.39477882
0.39477882
0.39477882
0.39477882
0.3116577
0.29195602
0.29195602
0.29195602
0.28740159
0.28740159
0.28740159
0.28740159
0.29150827
0.29960184
0.29960184
0.29960184
0.29960184
0.29960184
0.31395833
0.31395833
0.31395833
0.29067284
0.29067284
0.25377129
0.25377129
0.25377129
0.28468208
0.28468208
0.29705381
0.3386491
0.40222114
0.40222114
0.40222114
0.40222114
0.40222114
0.40222114
0.45738823
0.47089601
0.49285286
0.51344555
0.52890592
0.52890592
0.53450396
0.53450396
0.53450396
0.51265366
0.51265366
0.47391346
0.4655614
0.45455966
0.45455966
0.45455966
0.45455966
0.46465884
0.46465884
0.46465884
0.46465884
0.46465884
0.46465884
0.46465884
0.45869541
0.43168761
0.35294688
0.35294688
0.35294688
0.36943544
0.36943544
0.38874161
0.38874161
0.38874161
0.38874161
0.41076481
0.4261914
0.42681845
0.42681845
0.42681845
0.42681845
0.4063001
0.4063001
0.4063001
0.4063001
0.4063001
0.4063001
0.4063001
0.4063001
0.4063001
0.33173826
0.31519723
0.31519723
0.27496528
0.14107133
0.14107133
0.14107133
0.1636554
0.22283765
0.26570346
0.26570346
0.26570346
0.23960074
0.23960074
0.23960074
0.28179049
0.35095625
0.35095625
0.35095625
0.35095625
0.35095625
0.3775003
0.42782246
0.42782246
0.42782246
0.39323012
0.38139939
0.38139939
0.32486817
0.19595005
0.19595005
0.19595005
0.19595005
0.19595005
0.19595005
0.24733939
0.29642989
0.39317274
0.40687626
0.40687626
0.40687626
0.37122626
0.37122626
0.37122626
0.35604078
0.29619887
0.29619887
0.29619887
0.29619887
0.29619887
0.25281062
0.20895254
0.20895254
0.20895254
0.31448723
0.31448723
0.31448723
0.31448723
0.31720383
0.31720383
0.3534395
0.35349276
0.35349276
0.35647878
0.35647878
0.35647878
0.35647878
0.35647878
0.37219767
0.37219767
0.37219767
0.38753395
0.38753395
0.4565097
0.47090812
0.52352778
0.52352778
0.52352778
0.52352778
0.52352778
0.52352778
0.53185568
0.53185568
0.53185568
0.50994917
0.50994917
0.50994917
0.52793688
0.54579133
0.54579133
0.54579133
0.5415184
0.5073836
0.47798734
0.45109643
0.45109643
0.34245883
0.34245883
0.34245883
0.34245883
0.31447633
0.27565534
0.27565534
0.27565534
0.35855991
0.35855991
0.35855991
0.35855991
0.35855991
0.35855991
0.42309167
0.42309167
0.42309167
0.42309167
0.55071332
0.67440255
0.67440255
0.67440255
0.74927421
0.88768926
0.90266928
0.90651103
0.90651103
0.90651103
0.90651103
0.89248405
0.87515014
0.87515014
0.87515014
0.87515014
0.78859619
0.78859619
0.72177768
0.70547762
0.64724958
0.64724958
0.64724958
0.68444592
0.68444592
0.68444592
0.66365933
0.66282642
0.66282642
0.66282642
0.66282642
0.66282642
0.65681771
0.65386799
0.65386799
0.65386799
0.65386799
0.65386799
0.65168382
0.65168382
0.65168382
0.69877473
0.76954969
0.76954969
0.76954969
0.7120562
0.60458064
0.60458064
0.60458064
0.68710593
0.70045005
0.70045005
0.70045005
0.6691354
0.61433393
0.60874234
0.60874234
0.60874234
0.67340032
0.67340032
0.67340032
0.7187384
0.73685704
0.73685704
0.73685704
0.71390634
0.61196561
0.58901084
0.56063947
0.53946673
0.46083038
0.40873009
0.40873009
0.31305832
0.17607787
0.13228809
0.13228809
0.13228809
0.25606823
0.48282625
0.48282625
0.48282625
0.48282625
0.48282625
0.51866314
0.51866314
0.51866314
0.51866314
0.51866314
0.49887017
0.49887017
0.49887017
0.49887017
0.41115148
0.41115148
0.37428466
0.37428466
0.37428466
0.49694295
0.49694295
0.50982253
0.66578183
0.68722007
0.68722007
0.69193878
0.69193878
0.69193878
0.68891296
0.6357195
0.60968078
0.60968078
0.60968078
0.60968078
0.59412834
0.57203568
0.57203568
0.52986194
0.50423172
0.50423172
0.50423172
0.56423576
0.62480813
0.62831191
0.62831191
0.62831191
0.5374929
0.51866645
0.51866645
0.51866645
0.51866645
0.51866645
0.52885015
0.58871857
0.60345628
0.60345628
0.60345628
0.52652571
0.52652571
0.52652571
0.52652571
0.52591133
0.52591133
0.52591133
0.52387039
0.52387039
0.52387039
0.59834503
0.59834503
0.66482094
0.66482094
0.66482094
0.59798858
0.59798858
0.59798858
0.67257114
0.67257114
0.67257114
0.67257114
0.67257114
0.67257114
0.67257114
0.67257114
0.67295722
0.67295722
0.67295722
0.67295722
0.65483102
0.64315325
0.63721924
0.63281816
0.63281816
0.63281816
0.63281816
0.62449321
0.5939816
0.58741432
0.58741432
0.47030195
0.47030195
0.47030195
0.50720642
0.57769166
0.57769166
0.57769166
0.57769166
0.59137838
0.62399571
0.71690388
0.7301567
0.7301567
0.7301567
0.71428973
0.71428973
0.71428973
0.72113347
0.72113347
0.72113347
0.70097157
0.66473531
0.53643115
0.49355465
0.49355465
0.46747278
0.41672435
0.41672435
0.41672435
0.41951234
0.41951234
0.41951234
0.34940483
0.34940483
0.34940483
0.41107423
0.41107423
0.41107423
0.45464627
0.56138865
0.56138865
0.64839113
0.64839113
0.64839113
0.52302773
0.48215199
0.36583853
0.36583853
0.36583853
0.36583853
0.36583853
0.36583853
0.36583853
0.36583853
0.36583853
0.37903204
0.37903204
0.37903204
0.37903204
0.37903204
0.38181358
0.53646844
0.57317899
0.57317899
0.57317899
0.36037535
0.36037535
0.32120943
0.32120943
0.32120943
0.34754628
0.35233602
0.35233602
0.37442629
0.37442629
0.37442629
0.40704912
0.40704912
0.40704912
0.38661092
0.38263517
0.32249339
0.32249339
0.32249339
0.49216221
0.4976264
0.4976264
0.4976264
0.45854693
0.45662442
0.45662442
0.45662442
0.41727199
0.41727199
0.41727199
0.41727199
0.36011467
0.17963805
0.17963805
0.17963805
0.29076141
0.363487
0.363487
0.363487
0.25796753
0.25796753
0.25796753
0.25796753
0.33442887
0.39498779
0.39498779
0.39498779
0.31360715
0.28156009
0.28156009
0.28156009
0.28156009
0.28156009
0.28156009
0.26715403
0.24516229
0.24516229
0.24516229
0.24662301
0.24662301
0.24662301
0.24662301
0.24662301
0.24662301
0.24662301
0.31300058
0.31300058
0.31300058
0.26443121
0.26443121
0.26443121
0.35694662
0.35694662
0.35694662
0.35694662
0.35694662
0.37223357
0.37223357
0.37223357
0.3453953
0.3453953
0.3453953
0.3453953
0.3453953
0.3453953
0.36348349
0.36348349
0.36348349
0.36348349
0.36348349
0.41916701
0.41916701
0.41916701
0.41916701
0.41916701
0.51643508
0.51643508
0.51643508
0.51643508
0.532065
0.55005935
0.62310742
0.62310742
0.62310742
0.56191522
0.56191522
0.56191522
0.39368431
0.39368431
0.39368431
0.27085859
0.27085859
0.26556591
0.26556591
0.26556591
0.26556591
0.26556591
0.37323385
0.55553114
0.55553114
0.55553114
0.55553114
0.51607338
0.46501978
0.38252689
0.38252689
0.38252689
0.54491181
0.54491181
0.59829197
0.59829197
0.61480004
0.61480004
0.61480004
0.4980045
0.4980045
0.4887341
0.43810877
0.40777273
0.40777273
0.40777273
0.52791737
0.57873428
0.57873428
0.57873428
0.57873428
0.57873428
0.57873428
0.49517261
0.43811499
0.43811499
0.43811499
0.43811499
0.43811499
0.43811499
0.43811499
0.44591534
0.44591534
0.44591534
0.44591534
0.44591534
0.44591534
0.25175726
0.25175726
0.25175726
0.25175726
0.50690443
0.50690443
0.52766137
0.52766137
0.52766137
0.6137621
0.6137621
0.6137621
0.6137621
0.57177912
0.3809173
0.3809173
0.3809173
0.42481811
0.42481811
0.52829157
0.52829157
0.62660753
0.62660753
0.62660753
0.5306429
0.52733519
0.52733519
0.52733519
0.52733519
0.52733519
0.52733519
0.41483051
0.32897737
0.32897737
0.32897737
0.31899154
0.27280202
0.27280202
0.27280202
0.27280202
0.27280202
0.49328326
0.49328326
0.49328326
0.42502763
0.42502763
0.42502763
0.42502763
0.39915025
0.38808706
0.38808706
0.38808706
0.5331127
0.5331127
0.5331127
0.43511922
0.43511922
0.43511922
0.43511922
0.43511922
0.43511922
0.35666178
0.35562659
0.35489282
0.34887689
0.34887689
0.34887689
0.32553951
0.32553951
0.32553951
0.35195089
0.35195089
0.35195089
0.35195089
0.35195089
0.35195089
0.35195089
0.35195089
0.35195089
0.35195089
0.35195089
0.46045366
0.46045366
0.52147395
0.52147395
0.52147395
0.57180839
0.66118816
0.66118816
0.66118816
0.56032459
0.56032459
0.56032459
0.63793156
0.63793156
0.63793156
0.51934696
0.51934696
0.51934696
0.6681839
0.6681839
0.6681839
0.62107427
0.45973296
0.34821821
0.34821821
0.34821821
0.34821821
0.48340607
0.48340607
0.63018061
0.63018061
0.63018061
0.63018061
0.63018061
0.91118526
0.91118526
0.91118526
0.91118526
0.85017957
0.85017957
0.73304125
0.73304125
0.73304125
0.73304125
0.73304125
0.73471133
0.73471133
0.73471133
0.66175515
0.57292964
0.57292964
0.57292964
0.64384917
0.64384917
0.64384917
0.63933746
0.63933746
0.63933746
0.79358063
0.79358063
0.79358063
0.79358063
0.79358063
0.79358063
0.79358063
0.73094002
0.73094002
0.697171
0.58469716
0.58469716
0.58469716
0.68130812
0.70628651
0.70628651
0.70628651
0.60974615
0.49007892
0.49007892
0.46445966
0.34726612
0.46445966
0.26299936
