0.38994321
0.41439195
0.40115734
0.41439195
0.42285933
0.42285933
0.42285933
0.37821985
0.36751878
0.36751878
0.36751878
0.40989078
0.48920154
0.49855119
0.49855119
0.49855119
0.45584532
0.4447083
0.4447083
0.4447083
0.4447083
0.4447083
0.38786479
0.38786479
0.38786479
0.43365332
0.43365332
0.48134389
0.54878005
0.60269538
0.60269538
0.61633643
0.62373458
0.62373458
0.62373458
0.60909304
0.46027545
0.44550917
0.35964896
0.35964896
0.33394479
0.33394479
0.33394479
0.50798543
0.52662439
0.59837332
0.59837332
0.63620572
0.63620572
0.63620572
0.56253419
0.53878886
0.53878886
0.46672187
0.46672187
0.46672187
0.48302674
0.52347248
0.52347248
0.52347248
0.52347248
0.52718665
0.53947843
0.55802642
0.55802642
0.55802642
0.54360135
0.53452346
0.50924889
0.47049194
0.47049194
0.47049194
0.47049194
0.47049194
0.49578992
0.49578992
0.49578992
0.47526094
0.46256764
0.46256764
0.46256764
0.46256764
0.45289062
0.45289062
0.45289062
0.45289062
0.45289062
0.44218981
0.40908138
0.34609424
0.34609424
0.34609424
0.38444088
0.4480208
0.46770531
0.49424747
0.54122779
0.54122779
0.54122779
0.47779109
0.47779109
0.47779109
0.47779109
0.47779109
0.47779109
0.47779109
0.48376224
0.50464098
0.54055555
0.59643154
0.59643154
0.59643154
0.57427615
0.57427615
0.55200818
0.54175961
0.5176869
0.4791159
0.45554707
0.45554707
0.45554707
0.45554707
0.45554707
0.45554707
0.45554707
0.47787573
0.51248271
0.51248271
0.5508498
0.58900051
0.58900051
0.61558046
0.63973236
0.63973236
0.63973236
0.62366354
0.62366354
0.62366354
0.58317328
0.55072234
0.53462595
0.53462595
0.52331411
0.51232343
0.51232343
0.51232343
0.51232343
0.51232343
0.50466466
0.50466466
0.50466466
0.50466466
0.50466466
0.50466466
0.50466466
0.50466466
0.50466466
0.44748689
0.44748689
0.44748689
0.44748689
0.39522631
0.39522631
0.39522631
0.4084868
0.4084868
0.4084868
0.3933798
0.3933798
0.3933798
0.3933798
0.3933798
0.3933798
0.3933798
0.3933798
0.3933798
0.49826896
0.53395215
0.53395215
0.54757132
0.54757132
0.61458501
0.61458501
0.61458501
0.60999572
0.57574057
0.54488992
0.495954
0.45723806
0.42277445
0.34734179
0.32357343
0.30517488
0.30517488
0.30517488
0.3360866
0.35442149
0.35442149
0.35442149
0.31856397
0.30495271
0.30495271
0.30495271
0.31612118
0.33478393
0.40397191
0.43505498
0.43505498
0.43505498
0.40605499
0.37584771
0.37250468
0.37250468
0.37250468
0.38250427
0.38250427
0.38250427
0.38250427
0.36470059
0.33449072
0.31567125
0.31567125
0.31567125
0.35072738
0.41161761
0.41161761
0.41161761
0.4024252
0.3461249
0.3461249
0.3461249
0.41321778
0.42099999
0.42099999
0.42099999
0.42099999
0.42099999
0.42099999
0.42099999
0.4136277
0.37420381
0.37058026
0.37058026
0.37058026
0.37530955
0.37530955
0.37530955
0.38289196
0.40107104
0.46459378
0.46690653
0.46690653
0.46690653
0.46253916
0.44303944
0.43952198
0.43935531
0.43935531
0.43935531
0.44828077
0.45261901
0.46227415
0.4828637
0.49398441
0.53936234
0.54821288
0.54821288
0.54821288
0.54821288
0.56821223
0.56821223
0.56821223
0.56821223
0.5442842
0.5442842
0.53230619
0.53230619
0.53230619
0.53230619
0.53230619
0.53230619
0.50519959
0.50519959
0.50519959
0.52274926
0.52274926
0.52274926
0.52274926
0.52274926
0.54282471
0.56275519
0.56275519
0.56275519
0.56275519
0.57606834
0.57626049
0.57842379
0.58606146
0.59559214
0.59559214
0.59559214
0.6028904
0.6028904
0.6028904
0.59671583
0.59293608
0.59293608
0.59293608
0.59029529
0.55388409
0.50798582
0.50654535
0.49460876
0.49460876
0.49042462
0.49042462
0.49042462
0.48216143
0.48216143
0.48216143
0.48216143
0.48216143
0.4675789
0.4675789
0.4675789
0.46764151
0.48326626
0.48326626
0.48384441
0.48672174
0.48672174
0.48672174
0.46761046
0.46761046
0.46761046
0.47858484
0.47858484
0.47858484
0.57593168
0.59372956
0.59372956
0.59372956
0.58703883
0.49978449
0.30880104
0.30880104
0.30880104
0.32769906
0.56902641
0.60089298
0.60089298
0.60089298
0.50028177
0.48568189
0.48568189
0.48568189
0.39257997
0.39257997
0.39257997
0.42275361
0.42275361
0.42275361
0.41873214
0.41873214
0.41873214
0.4665635
0.49327842
0.49327842
0.49327842
0.47388906
0.40768439
0.40768439
0.40768439
0.45451652
0.49716246
0.51094467
0.51094467
0.51094467
0.51094467
0.50522236
0.48335941
0.48335941
0.48335941
0.48335941
0.50960656
0.53526053
0.56686791
0.56686791
0.57909254
0.61206094
0.61206094
0.61206094
0.57531057
0.54965234
0.49255661
0.48255507
0.47976406
0.47722614
0.47053488
0.46456128
0.45636008
0.43637382
0.36927785
0.36927785
0.36927785
0.39187022
0.41631481
0.41631481
0.41631481
0.41631481
0.37960742
0.37387929
0.34594892
0.30485061
0.30485061
0.30485061
0.31597367
0.35058607
0.37369231
0.41505706
0.42740785
0.44237043
0.44237043
0.44237043
0.43925308
0.43925308
0.43925308
0.43925308
0.43943761
0.43943761
0.43943761
0.43943761
0.43943761
0.46463103
0.49244869
0.4963708
0.51111004
0.54728017
0.55497906
0.56244503
0.62738959
0.66567709
0.66567709
0.66567709
0.66207928
0.65828722
0.62608706
0.62053881
0.60228144
0.59338562
0.58372542
0.57276075
0.57276075
0.57276075
0.57276075
0.57276075
0.57276075
0.57276075
0.57276075
0.57276075
0.57276075
0.57276075
0.549584
0.549584
0.549584
0.549584
0.549584
0.549584
0.549584
0.53025689
0.41326396
0.35518094
0.27856167
0.27856167
0.27856167
0.27207954
0.27207954
0.24314994
0.24314994
0.24314994
0.23267984
0.19719863
0.19719863
0.19719863
0.22204385
0.22204385
0.27522627
0.27522627
0.30024321
0.35091074
0.35091074
0.35396872
0.36724355
0.36724355
0.37572893
0.49043795
0.57550261
0.62230975
0.64332709
0.64332709
0.64332709
0.57784304
0.57622426
0.57622426
0.57622426
0.61555977
0.64700553
0.64700553
0.64700553
0.64472888
0.64472888
0.64472888
0.66457552
0.69655789
0.76868726
0.76868726
0.7742654
0.78236077
0.78236077
0.78236077
0.77421132
0.77421132
0.76473151
0.76473151
0.76473151
0.73211002
0.73211002
0.73211002
0.73211002
0.70316711
0.70316711
0.70316711
0.72273205
0.76229881
0.76391579
0.76391579
0.76391579
0.76391579
0.76391579
0.72346757
0.70763372
0.70763372
0.66930494
0.63913611
0.6070159
0.54151323
0.54151323
0.54151323
0.54151323
0.54151323
0.48415729
0.43540331
0.37487527
0.34310847
0.34310847
0.34310847
0.37023203
0.40410249
0.42213377
0.42213377
0.42213377
0.41931417
0.38953921
0.38953921
0.38953921
0.40724507
0.41220859
0.41870146
0.41870146
0.42309497
0.46617166
0.46617166
0.46617166
0.4355982
0.42799494
0.37379376
0.37379376
0.37379376
0.42135364
0.4745605
0.4745605
0.521951
0.53257107
0.53958569
0.53958569
0.53958569
0.53733868
0.53733868
0.53733868
0.54037373
0.59645833
0.61565681
0.61565681
0.61565681
0.61565681
0.64767284
0.65541299
0.65541299
0.65541299
0.65205896
0.64676665
0.6419583
0.62863416
0.61678634
0.61678634
0.61678634
0.63569188
0.63569188
0.63569188
0.63347293
0.6131576
0.60260351
0.60260351
0.60260351
0.60260351
0.60364518
0.60364518
0.60364518
0.58885158
0.58885158
0.58885158
0.58885158
0.57808903
0.56951438
0.56951438
0.56704712
0.54639392
0.53048232
0.47028464
0.42008901
0.40995406
0.36107081
0.35839366
0.35839366
0.35839366
0.33374228
0.32944647
0.29701896
0.29701896
0.29701896
0.29701896
0.29701896
0.29701896
0.30099708
0.32463772
0.32463772
0.37359488
0.47940626
0.65237625
0.77350765
0.79288808
0.80066601
0.80066601
0.80066601
0.80728829
0.82760363
0.82760363
0.82760363
0.81826162
0.81413534
0.66155133
0.56878871
0.52572961
0.52572961
0.52572961
0.52572961
0.52572961
0.52572961
0.4913598
0.4913598
0.44763738
0.37416215
0.34820618
0.34820618
0.34820618
0.37532922
0.37532922
0.37532922
0.37532922
0.37532922
0.37532922
0.37532922
0.42454153
0.42454153
0.42454153
0.42454153
0.42454153
0.42454153
0.42454153
0.42454153
0.42454153
0.42454153
0.37105062
0.37105062
0.37105062
0.37105062
0.36022131
0.36022131
0.36022131
0.36071496
0.39821247
0.39821247
0.39821247
0.39821247
0.40571791
0.47768512
0.47768512
0.47768512
0.47768512
0.52197312
0.52197312
0.52197312
0.52197312
0.52197312
0.52197312
0.49620878
0.49620878
0.49620878
0.49620878
0.43825009
0.43825009
0.43825009
0.43825009
0.43825009
0.43825009
0.43825009
0.43825009
0.46657164
0.46657164
0.46657164
0.46657164
0.46657164
0.40935792
0.40935792
0.40935792
0.41419719
0.41419719
0.41419719
0.41419719
0.41419719
0.39779593
0.39779593
0.39779593
0.39779593
0.39779593
0.39779593
0.48153863
0.48153863
0.48153863
0.3478344
0.3478344
0.3478344
0.47177583
0.47177583
0.47177583
0.45325462
0.20700531
0.20700531
0.20700531
0.22946607
0.22946607
0.22946607
0.51401622
0.51874655
0.51874655
0.51874655
0.51874655
0.51874655
0.49353125
0.49353125
0.49353125
0.49353125
0.39739804
0.36999019
0.36999019
0.36999019
0.444578
0.56306666
0.63726589
0.63726589
0.63726589
0.63023859
0.57997853
0.40661944
0.34013178
0.34013178
0.34013178
0.38784862
0.65769418
0.68156424
0.75230515
0.79734639
0.79734639
0.79734639
0.73311366
0.69356385
0.68770154
0.66073663
0.59206767
0.48838593
0.41547593
0.39742365
0.3458278
0.3458278
0.33621356
0.33621356
0.33621356
0.35072274
0.3512292
0.3512292
0.3512292
0.3512292
0.35801711
0.36210379
0.37664727
0.37664727
0.37664727
0.37664727
0.37664727
0.37664727
0.37664727
0.37664727
0.36004272
0.32638528
0.32638528
0.32638528
0.32638528
0.32638528
0.3258621
0.3258621
0.32446821
0.32446821
0.29675085
0.29675085
0.29675085
0.29675085
0.30314642
0.32539847
0.34375392
0.34375392
0.34375392
0.34375392
0.36848371
0.36848371
0.36848371
0.34136623
0.32616439
0.32616439
0.32616439
0.33979222
0.33979222
0.34977643
0.34977643
0.36112762
0.37115647
0.38286116
0.38286116
0.39431327
0.42098471
0.44165228
0.4467642
0.46037651
0.46037651
0.47069948
0.47069948
0.47069948
0.46768719
0.46768719
0.45590706
0.44654732
0.38916448
0.38015349
0.36848293
0.35527889
0.34802824
0.34802824
0.34802824
0.34802824
0.34802824
0.33833233
0.33623607
0.33623607
0.33623607
0.33623607
0.33623607
0.33623607
0.33623607
0.3119738
0.3119738
0.3119738
0.33661341
0.33661341
0.33661341
0.30358042
0.30358042
0.30358042
0.33114976
0.34172209
0.34172209
0.34172209
0.33229766
0.33229766
0.33229766
0.33229766
0.34457444
0.34457444
0.34457444
0.34457444
0.36110511
0.36110511
0.36110511
0.35810108
0.35810108
0.35810108
0.35810108
0.30803745
0.30803745
0.30803745
0.32414161
0.34518545
0.34518545
0.34518545
0.34518545
0.34518545
0.32712517
0.31404081
0.31404081
0.31404081
0.32293846
0.32293846
0.32293846
0.29858883
0.27771747
0.27386032
0.25727416
0.22365061
0.22365061
0.22365061
0.21844811
0.19877859
0.19877859
0.19877859
0.19572064
0.18213434
0.18213434
0.18213434
0.19894591
0.21251372
0.21251372
0.21922204
0.21998667
0.26864371
0.29691595
0.29691595
0.29691595
0.27606335
0.27606335
0.27606335
0.27606335
0.27606335
0.2594944
0.2594944
0.2594944
0.2594944
0.2594944
0.22990526
0.21619758
0.19404244
0.19404244
0.19374496
0.18220058
0.17388084
0.15623268
0.15623268
0.15623268
0.15623268
0.15623268
0.15623268
0.16147428
0.22009407
0.25363235
0.26396878
0.26915576
0.26915576
0.26915576
0.26915576
0.26915576
0.26915576
0.26915576
0.27864888
0.27864888
0.27864888
0.27864888
0.27864888
0.27864888
0.27864888
0.26023637
0.22897294
0.22897294
0.22897294
0.22969719
0.23499065
0.23499065
0.23499065
0.20362449
0.17293104
0.17293104
0.17293104
0.16742511
0.16435962
0.16435962
0.16435962
0.14485473
0.14485473
0.12127503
0.11067825
0.11067825
0.11067825
0.09470723
0.09470723
0.06471722
0.06471722
0.06471722
0.11168834
0.11168834
0.11168834
0.11168834
0.13304326
0.13779248
0.14887401
0.14887401
0.14887401
0.14887401
0.14432367
0.13290171
0.1316693
0.1316693
0.1316693
0.13560189
0.14672934
0.15058052
0.15058052
0.15058052
0.15058052
0.15058052
0.15250857
0.15250857
0.15250857
0.15069128
0.12498581
0.12498581
0.10764331
0.10764331
0.10764331
0.11685163
0.19334344
0.21918802
0.21979567
0.21979567
0.21979567
0.21979567
0.1980937
0.1980937
0.1980937
0.26063609
0.28541377
0.32056617
0.33898101
0.34564522
0.35436338
0.35436338
0.35587749
0.3955563
0.3955563
0.3955563
0.34380179
0.34380179
0.34380179
0.31638061
0.31638061
0.30230079
0.30230079
0.30230079
0.43039983
0.47712263
0.47712263
0.48546164
0.48546164
0.48546164
0.48546164
0.48546164
0.48546164
0.48134569
0.44771439
0.44771439
0.44771439
0.46143939
0.47405909
0.5096983
0.53717136
0.56568829
0.59443866
0.60237254
0.60237254
0.60580874
0.60768024
0.61957529
0.61957529
0.62130251
0.62130251
0.62130251
0.59345976
0.59345976
0.59345976
0.60066214
0.63110103
0.63110103
0.63110103
0.62733228
0.62733228
0.62056636
0.62056636
0.61642145
0.61642145
0.60636114
0.59847062
0.57948615
0.57948615
0.57948615
0.58629736
0.61275697
0.64896191
0.64896191
0.64896191
0.64896191
0.64896191
0.64896191
0.64896191
0.64896191
0.64896191
0.66804835
0.66804835
0.66804835
0.65360994
0.64714903
0.61106909
0.61106909
0.58477486
0.58477486
0.56643584
0.56643584
0.54781486
0.54781486
0.54781486
0.57214339
0.57371261
0.57371261
0.58774832
0.61807918
0.61807918
0.61807918
0.5932465
0.57957727
0.57957727
0.57957727
0.57479349
0.57479349
0.56569476
0.54469039
0.52134037
0.51816141
0.51816141
0.51816141
0.51816141
0.51816141
0.52703006
0.52703006
0.52703006
0.52703006
0.47468913
0.43504927
0.43504927
0.3934428
0.33205944
0.26891443
0.26891443
0.26891443
0.26891443
0.26891443
0.26891443
0.28015006
0.28015006
0.28015006
0.28015006
0.28015006
0.32732303
0.33617874
0.38491072
0.39265411
0.42423989
0.59093193
0.59093193
0.62731493
0.64445469
0.64445469
0.64445469
0.64445469
0.63609185
0.57514299
0.55458414
0.55458414
0.48325953
0.25854706
0.25854706
0.25854706
0.37902615
0.37902615
0.37902615
0.37902615
0.43512419
0.44052624
0.44052624
0.50699345
0.5085377
0.5085377
0.5085377
0.39983049
0.39983049
0.39983049
0.46674477
0.56325469
0.56325469
0.56325469
0.56325469
0.56325469
0.53866036
0.53866036
0.53866036
0.48673739
0.40371984
0.39152265
0.39152265
0.39152265
0.40828442
0.44978542
0.45794329
0.53942046
0.55156331
0.55156331
0.55156331
0.55156331
0.53178473
0.53178473
0.41278014
0.3798428
0.3798428
0.3798428
0.40880784
0.49904755
0.52607768
0.53207173
0.53207173
0.53207173
0.47993383
0.47993383
0.47993383
0.33510719
0.33510719
0.33510719
0.30975574
0.30975574
0.30975574
0.30975574
0.30975574
0.30906243
0.30906243
0.30906243
0.32652372
0.4025079
0.42822656
0.42822656
0.42822656
0.42822656
0.42822656
0.42822656
0.42822656
0.42822656
0.42822656
0.42822656
0.47083122
0.47083122
0.47083122
0.47083122
0.47083122
0.52632315
0.52632315
0.52632315
0.37867315
0.37867315
0.37867315
0.47108264
0.58982582
0.58982582
0.58982582
0.54743987
0.54743987
0.54743987
0.54743987
0.54743987
0.54743987
0.54743987
0.49193331
0.49193331
0.47651652
0.47651652
0.47651652
0.49563296
0.49563296
0.49563296
0.49563296
0.48540509
0.48540509
0.48540509
0.52396576
0.52685058
0.58970679
0.58970679
0.58970679
0.57292329
0.54048606
0.54048606
0.52581694
0.48390923
0.48023831
0.48023831
0.46736434
0.44056688
0.44056688
0.44056688
0.43406274
0.43406274
0.43406274
0.46956828
0.50588787
0.50588787
0.50588787
0.50588787
0.52874034
0.54418442
0.54418442
0.54418442
0.52771369
0.52771369
0.52771369
0.55087904
0.55087904
0.55087904
0.53040352
0.53040352
0.53040352
0.53040352
0.53040352
0.49354212
0.43409689
0.41104864
0.40063405
0.40063405
0.40063405
0.40063405
0.41262862
0.46210438
0.50232745
0.51537997
0.51537997
0.51537997
0.51537997
0.51537997
0.51537997
0.51537997
0.49649735
0.49649735
0.49649735
0.54099226
0.56257507
0.59857272
0.61970883
0.61970883
0.61970883
0.61970883
0.61970883
0.61970883
0.61026099
0.58974081
0.58974081
0.58974081
0.62024868
0.62024868
0.62024868
0.62024868
0.62024868
0.62024868
0.62024868
0.67347432
0.68893783
0.68893783
0.68893783
0.64741727
0.63772589
0.63772589
0.63772589
0.63772589
0.64834494
0.67427984
0.67427984
0.67427984
0.66860036
0.66860036
0.66860036
0.68174982
0.68270181
0.68270181
0.68270181
0.68270181
0.66708665
0.66708665
0.66708665
0.67787508
0.67787508
0.67787508
0.67787508
0.67787508
0.67787508
0.67787508
0.67629395
0.6696137
0.6696137
0.6696137
0.6696137
0.64997189
0.63572138
0.62833991
0.61943657
0.58250712
0.58250712
0.58250712
0.58250712
0.58250712
0.58671998
0.62375657
0.62926059
0.62926059
0.62926059
0.62926059
0.62926059
0.62424091
0.62424091
0.60665255
0.60665255
0.60665255
0.60665255
0.60665255
0.60380292
0.58240141
0.58240141
0.58240141
0.57634822
0.57634822
0.57634822
0.57634822
0.57634822
0.57634822
0.57634822
0.53651853
0.53651853
0.52105932
0.51822469
0.48929264
0.46871631
0.46251626
0.46251626
0.46251626
0.46327468
0.46327468
0.48946204
0.48946204
0.48946204
0.45575099
0.44855974
0.41790591
0.37320925
0.31394416
0.27533729
0.27533729
0.27533729
0.25286346
0.25286346
0.25286346
0.36208363
0.41175555
0.41175555
0.45712729
0.45712729
0.45712729
0.45712729
0.46304317
0.47323015
0.47323015
0.47743952
0.50431657
0.50431657
0.50431657
0.41283293
0.41283293
0.41283293
0.4162179
0.42085959
0.42085959
0.48204407
0.49969326
0.54101582
0.55659035
0.55659035
0.57402188
0.57402188
0.57402188
0.57402188
0.53905426
0.5115883
0.49276134
0.46357851
0.44200449
0.44200449
0.44200449
0.5043017
0.54004572
0.5573661
0.5959617
0.5959617
0.5959617
0.55248217
0.54742239
0.53827254
0.53406745
0.53406745
0.53406745
0.50205375
0.49419986
0.49419986
0.49419986
0.52191075
0.54512814
0.56748177
0.56748177
0.56748177
0.56748177
0.55393546
0.54622222
0.52709204
0.4933255
0.45226627
0.45226627
0.45226627
0.45696825
0.45696825
0.45696825
0.45696825
0.45696825
0.49495284
0.52540856
0.52540856
0.52540856
0.50959323
0.50287273
0.50287273
0.50287273
0.47113439
0.47113439
0.47113439
0.52133727
0.52741438
0.52741438
0.52741438
0.44497203
0.43446259
0.40911503
0.38238691
0.38238691
0.28036524
0.27285516
0.27285516
0.27285516
0.27285516
0.29395413
0.38974057
0.49590005
0.49590005
0.49590005
0.49590005
0.49590005
0.49590005
0.52907936
0.52907936
0.52907936
0.5182265
0.5182265
0.4491533
0.41596194
0.41596194
0.41596194
0.36090816
0.2757409
0.2757409
0.2757409
0.34136456
0.37570084
0.37570084
0.37570084
0.37570084
0.40347296
0.4533663
0.46530961
0.46530961
0.46961485
0.46961485
0.46961485
0.42070936
0.33608234
0.32190611
0.32190611
0.22780058
0.22780058
0.22780058
0.22780058
0.26167401
0.3028013
0.35218262
0.42919848
0.42919848
0.42919848
0.42803504
0.4092117
0.4092117
0.4092117
0.39665296
0.3684295
0.35165208
0.320627
0.320627
0.320627
0.3277252
0.34922466
0.37224614
0.37224614
0.37926773
0.37926773
0.37926773
0.36057676
0.36057676
0.35354544
0.35354544
0.35354544
0.35354544
0.35354544
0.34812737
0.33074112
0.32990908
0.32990908
0.29250642
0.25165875
0.25165875
0.25165875
0.25165875
0.24653814
0.20595573
0.1378964
0.1070143
0.08141766
0.07895776
0.07895776
0.07895776
0.13251699
0.14608195
0.19081277
0.19081277
0.19081277
0.17205334
0.16510808
0.16510808
0.13938979
0.13086561
0.06160478
0.04007062
0.04007062
0.04007062
0.04007062
0.04007062
0.05634586
0.05634586
0.0900063
0.20144992
0.20144992
0.20144992
0.19872347
0.19872347
0.19872347
0.19872347
0.25946295
0.25946295
0.25946295
0.25946295
0.25946295
0.25946295
0.25946295
0.32572882
0.32572882
0.32572882
0.30339254
0.30339254
0.29486252
0.27948327
0.25974129
0.25974129
0.25974129
0.25974129
0.29206465
0.29206465
0.29206465
0.29206465
0.33149616
0.33149616
0.35603161
0.35603161
0.36670771
0.40035235
0.4280023
0.52266996
0.54451167
0.54451167
0.54451167
0.54451167
0.54451167
0.56850028
0.59353778
0.59353778
0.59353778
0.58029582
0.55283621
0.54568947
0.54568947
0.54568947
0.56719036
0.56719036
0.56719036
0.55778625
0.5111147
0.50885449
0.50885449
0.47405959
0.44042427
0.44042427
0.44042427
0.44042427
0.44131791
0.44131791
0.44131791
0.44131791
0.43206144
0.38540969
0.33448905
0.31350459
0.2130982
0.2130982
0.18362112
0.18362112
0.15976621
0.13774307
0.13774307
0.13774307
0.13774307
0.13774307
0.16621095
0.1888107
0.22350024
0.22350024
0.28377246
0.34033168
0.35888719
0.35888719
0.40712382
0.42172967
0.42172967
0.42510661
0.42510661
0.42510661
0.38979465
0.38979465
0.38979465
0.45592723
0.47461744
0.47461744
0.47461744
0.37047349
0.32181929
0.30880983
0.28796203
0.28796203
0.28796203
0.28796203
0.28796203
0.33024862
0.49955389
0.53220785
0.53220785
0.53220785
0.38624276
0.30213723
0.29226755
0.28646048
0.28646048
0.28646048
0.28646048
0.28646048
0.31245579
0.33989872
0.33989872
0.33989872
0.33163862
0.29590456
0.27047783
0.24374674
0.24374674
0.24374674
0.30501106
0.34382081
0.38741408
0.43375231
0.4635921
0.46383496
0.46383496
0.46383496
0.46383496
0.46383496
0.46383496
0.45134003
0.4361493
0.41256534
0.40687538
0.40687538
0.40687538
0.40380149
0.40380149
0.40380149
0.40380149
0.40380149
0.39403274
0.39320925
0.39320925
0.39320925
0.41154193
0.43478413
0.47185502
0.5106169
0.54075185
0.56934928
0.56934928
0.56934928
0.57332429
0.59280914
0.59280914
0.59280914
0.59280914
0.57755411
0.56544089
0.56183852
0.55297906
0.53554675
0.50410798
0.50410798
0.50410798
0.50410798
0.50410798
0.49795543
0.48574786
0.45730288
0.45275786
0.44180084
0.44180084
0.44180084
0.46207785
0.4635362
0.4635362
0.46479446
0.47647433
0.49072174
0.49072174
0.50049528
0.50049528
0.50049528
0.50049528
0.50049528
0.48587754
0.48587754
0.48587754
0.49245438
0.50492073
0.50492073
0.50994028
0.56912877
0.56912877
0.5873684
0.5996127
0.5996127
0.5996127
0.5830339
0.56507584
0.56112762
0.54418442
0.49908882
0.49908882
0.49908882
0.45815368
0.43838947
0.42138158
0.4110207
0.4110207
0.4110207
0.42978401
0.42978401
0.46365317
0.46365317
0.46365317
0.46365317
0.50890301
0.53334283
0.53334283
0.53334283
0.53334283
0.53334283
0.53519904
0.53519904
0.53519904
0.53519904
0.53519904
0.53519904
0.49984931
0.42359303
0.39743129
0.39743129
0.38828055
0.38828055
0.37147465
0.37147465
0.37147465
0.35193778
0.34077579
0.33550328
0.33550328
0.33550328
0.36311998
0.38325998
0.4409407
0.44101499
0.48074892
0.53113112
0.53113112
0.53113112
0.56563369
0.56563369
0.56563369
0.56563369
0.56563369
0.57044333
0.57989234
0.57989234
0.57989234
0.54292433
0.52373451
0.48062741
0.44779267
0.39781367
0.39526954
0.39409331
0.30188348
0.26560606
0.26496308
0.25973988
0.25973988
0.25055006
0.25055006
0.25055006
0.25055006
0.25055006
0.25055006
0.28016571
0.46345504
0.51949564
0.66076846
0.71026636
0.71026636
0.71026636
0.71026636
0.57265776
0.55418041
0.36216953
0.36216953
0.36216953
0.36216953
0.54706874
0.63888208
0.64328321
0.64328321
0.64328321
0.50590585
0.50590585
0.50590585
0.45278528
0.38568065
0.38568065
0.38568065
0.44564036
0.54786481
0.54786481
0.63916016
0.63916016
0.63916016
0.63916016
0.63916016
0.62555005
0.55655075
0.55327344
0.52381217
0.50505504
0.48147458
0.47812869
0.47812869
0.47812869
0.47812869
0.47812869
0.47812869
0.458659
0.44350022
0.44350022
0.44350022
0.46105754
0.46105754
0.46105754
0.50340833
0.50340833
0.50340833
0.47232695
0.45074803
0.45074803
0.45074803
0.47155443
0.47155443
0.48290314
0.53351972
0.53351972
0.53351972
0.53351972
0.50167618
0.4636511
0.45985813
0.45985813
0.45985813
0.45985813
0.45985813
0.45985813
0.45985813
0.45985813
0.47133964
0.47133964
0.47133964
0.44867376
0.44124053
0.44124053
0.44124053
0.42589065
0.41674688
0.41654632
0.41654632
0.3882227
0.3882227
0.3882227
0.40402212
0.42285881
0.45210245
0.47909803
0.48891569
0.50504069
0.50933236
0.52688721
0.52688721
0.52688721
0.49764576
0.49764576
0.49764576
0.49764576
0.49764576
0.49764576
0.47175409
0.47175409
0.47175409
0.47175409
0.47175409
0.47069534
0.47069534
0.47069534
0.52154586
0.52154586
0.52154586
0.53190984
0.60876099
0.60876099
0.60876099
0.64016779
0.64016779
0.67393125
0.67393125
0.67393125
0.6659086
0.63270532
0.63270532
0.63270532
0.63440758
0.63440758
0.63440758
0.63440758
0.63440758
0.65515382
0.65515382
0.65515382
0.65515382
0.64141082
0.62154295
0.61213753
0.61213753
0.61213753
0.61213753
0.61213753
0.60102511
0.59960934
0.58443647
0.55961481
0.55961481
0.55961481
0.55961481
0.55961481
0.5243533
0.5243533
0.52326209
0.52326209
0.52326209
0.52326209
0.52326209
0.52326209
0.56472777
0.56472777
0.56472777
0.54574383
0.53960523
0.53960523
0.53960523
0.4719253
0.4719253
0.4719253
0.43166407
0.43166407
0.43166407
0.65369509
0.67142348
0.67142348
0.67142348
0.50376365
0.38367742
0.37252396
0.37252396
0.37252396
0.43151097
0.63983485
0.71560267
0.71560267
0.71560267
0.64848456
0.51406372
0.45781493
0.43350528
0.36160612
0.34674861
0.28842709
0.27914837
0.2537435
0.2537435
0.2537435
0.32267526
0.3677275
0.3690466
0.3690466
0.3690466
0.36107378
0.36107378
0.36107378
0.36538175
0.39741058
0.40502795
0.40502795
0.40502795
0.41171686
0.43560931
0.45461823
0.47272821
0.49080195
0.49347315
0.5486799
0.59417016
0.62425101
0.63731248
0.68637831
0.73695164
0.73695164
0.73695164
0.70819428
0.70819428
0.70819428
0.69203176
0.66103464
0.62631027
0.62364129
0.62364129
0.62364129
0.62364129
0.59753507
0.59753507
0.55117872
0.51209322
0.51209322
0.51209322
0.51209322
0.4707959
0.4707959
0.40814168
0.33607095
0.31019701
0.31019701
0.31019701
0.34452177
0.37351787
0.37388691
0.37388691
0.37388691
0.37388691
0.37388691
0.37388691
0.37388691
0.37388691
0.37388691
0.37388691
0.36790064
0.36790064
0.36790064
0.36790064
0.36790064
0.36790064
0.36814908
0.36814908
0.36814908
0.36814908
0.36814908
0.38782337
0.53434477
0.53588539
0.53588539
0.53588539
0.53588539
0.45971361
0.45971361
0.45971361
0.45645015
0.45645015
0.45645015
0.47177932
0.50709386
0.50709386
0.50709386
0.50709386
0.50709386
0.4802814
0.4802814
0.4802814
0.4802814
0.4802814
0.4802814
0.4802814
0.4802814
0.44238817
0.38542018
0.38493918
0.38493918
0.38493918
0.38493918
0.38493918
0.38493918
0.41542248
0.41542248
0.41542248
0.41353196
0.40005306
0.40005306
0.40005306
0.40005306
0.40005306
0.40060533
0.40527794
0.40527794
0.40527794
0.40527794
0.40527794
0.41799171
0.42126784
0.47924127
0.5629973
0.62219654
0.62219654
0.62219654
0.62219654
0.62219654
0.62219654
0.56837851
0.53914277
0.5326979
0.5326979
0.5326979
0.54720319
0.54720319
0.54720319
0.57782778
0.5869745
0.5869745
0.5869745
0.60646207
0.60646207
0.60646207
0.5492125
0.4690877
0.3769326
0.33878977
0.33878977
0.33878977
0.34410238
0.44637872
0.44637872
0.44637872
0.44637872
0.44637872
0.44637872
0.44637872
0.44637872
0.44637872
0.4476282
0.4476282
0.4476282
0.45211797
0.45211797
0.45211797
0.45211797
0.45211797
0.45211797
0.45211797
0.45211797
0.45211797
0.45211797
0.47347445
0.65812457
0.86423377
0.95555617
0.97891823
0.98467339
0.9951708
0.99894448
0.99894448
0.99894448
0.99893516
0.99389336
0.98119177
0.95350131
0.93095294
0.92984955
0.91364665
0.91364665
0.89534595
0.87834052
0.87834052
0.87834052
0.93405723
0.93405723
0.93405723
0.93405723
0.93405723
0.93776827
0.95642703
0.95642703
0.95642703
0.93955903
0.92308544
0.90780348
0.85576096
0.70456721
0.61277301
0.44029668
0.44029668
0.44029668
0.44029668
0.44029668
0.47640975
0.47640975
0.47640975
0.47640975
0.4844223
0.4844223
0.4844223
0.4844223
0.4844223
0.4844223
0.4844223
0.4844223
0.4844223
0.4844223
0.43189115
0.43189115
0.43189115
0.50418731
0.5333018
0.59411154
0.60699534
0.60699534
0.60699534
0.54495876
0.40997475
0.36713174
0.29051923
0.29051923
0.29051923
0.29051923
0.34820307
0.37557364
0.45566676
0.51443109
0.55398218
0.55398218
0.55398218
0.55398218
0.53648128
0.53648128
0.53648128
0.53648128
0.48734713
0.4380388
0.38964726
0.38964726
0.38964726
0.39771804
0.39771804
0.4590265
0.55298191
0.55298191
0.55298191
0.53444142
0.45678476
0.45678476
0.39508696
0.32051078
0.32051078
0.32051078
0.32051078
0.32051078
0.38543972
0.4834377
0.52224319
0.53964989
0.54616734
0.54616734
0.54616734
0.53622118
0.5352868
0.5352868
0.45870428
0.40372062
0.38051632
0.21544499
0.21544499
0.21544499
0.28386227
0.29796151
0.38577083
0.52750211
0.59190476
0.61892906
0.61892906
0.61892906
0.58777031
0.51067695
0.49500292
0.49500292
0.49500292
0.52332329
0.52332329
0.52332329
0.52332329
0.52332329
0.49734517
0.49734517
0.49734517
0.49734517
0.56208037
0.56208037
0.56208037
0.5451337
0.5451337
0.5451337
0.5451337
0.5451337
0.5451337
0.5451337
0.5451337
0.5451337
0.53338099
0.53338099
0.53338099
0.53338099
0.53338099
0.5068462
0.5068462
0.5068462
0.5068462
0.5068462
0.5068462
0.5068462
0.5068462
0.5068462
0.39197503
0.39197503
0.39197503
0.39197503
0.39197503
0.27937869
0.27937869
0.27937869
0.27937869
0.3476328
0.3476328
0.3476328
0.28356283
0.27964307
0.27964307
0.27964307
0.28849231
0.28849231
0.28849231
0.28849231
0.28849231
0.2912995
0.2912995
0.2912995
0.23954151
0.23315604
0.22879151
0.22879151
0.22879151
0.23885686
0.26494832
0.29861768
0.29861768
0.3862095
0.50894778
0.57874108
0.59291174
0.59291174
0.59291174
0.59291174
0.59291174
0.39250505
0.39250505
0.39250505
0.49744779
0.52431396
0.52431396
0.52431396
0.46021128
0.46021128
0.46021128
0.47894081
0.53551492
0.53551492
0.53551492
0.52584788
0.43011929
0.34373592
0.34373592
0.34373592
0.35866099
0.35866099
0.37216139
0.4257219
0.52769531
0.59183075
0.60957673
0.60957673
0.62646919
0.62646919
0.62646919
0.61432399
0.59250518
0.55084993
0.5148035
0.51216697
0.51216697
0.51216697
0.5185531
0.52306191
0.53874499
0.54205555
0.54205555
0.56280812
0.58816291
0.58816291
0.58816291
0.5771487
0.55842731
0.55842731
0.52730388
0.49766763
0.47375629
0.439122
0.38764285
0.33432135
0.29187391
0.29146577
0.29146577
0.29146577
0.29146577
0.30606773
0.32887195
0.35300209
0.35369257
0.36768558
0.38215323
0.38959655
0.38959655
0.39993413
0.39993413
0.39993413
0.38830022
0.3843675
0.3843675
0.36517006
0.36517006
0.36517006
0.40629451
0.40629451
0.40629451
0.40629451
0.40629451
0.40629451
0.40583099
0.40583099
0.40583099
0.4729051
0.48731413
0.48731413
0.48731413
0.48731413
0.50645115
0.59137772
0.59137772
0.59137772
0.57287735
0.56346017
0.56346017
0.56346017
0.57956071
0.57956071
0.57956071
0.55412969
0.53415338
0.53415338
0.52273554
0.48294198
0.48294198
0.39865153
0.37279646
0.37279646
0.37279646
0.37279646
0.38010651
0.38010651
0.38010651
0.37594154
0.3489158
0.3489158
0.3489158
0.3489158
0.44371775
0.44948793
0.44948793
0.47235541
0.47235541
0.48961031
0.5039025
0.5039025
0.5039025
0.48752725
0.48752725
0.48752725
0.51548698
0.53458816
0.53458816
0.53458816
0.4609508
0.4609508
0.4609508
0.4609508
0.4609508
0.48121748
0.51415327
0.51415327
0.51415327
0.51415327
0.51415327
0.51415327
0.46348094
0.46348094
0.45933575
0.45933575
0.45933575
0.58851773
0.69189525
0.69189525
0.69189525
0.66544393
0.6453051
0.61969874
0.5758525
0.5758525
0.52217033
0.43169394
0.43169394
0.43169394
0.47092388
0.54045707
0.63000812
0.63000812
0.64577689
0.65467621
0.65467621
0.65467621
0.65379849
0.56906251
0.56906251
0.56129687
0.54851037
0.53394182
0.52138811
0.5191332
0.5191332
0.4228922
0.31761005
0.31761005
0.31761005
0.31761005
0.24619432
0.24619432
0.24619432
0.33774474
0.48194664
0.5606751
0.60857841
0.65438337
0.65438337
0.65438337
0.5640109
0.52786249
0.52786249
0.52786249
0.52786249
0.44374634
0.44374634
0.44374634
0.41794306
0.41794306
0.41794306
0.41794306
0.40677304
0.40677304
0.40677304
0.40677304
0.32604533
0.32604533
0.32604533
0.35614378
0.40329826
0.40329826
0.40329826
0.40329826
0.44001057
0.4511005
0.4511005
0.5446755
0.5446755
0.5446755
0.5446755
0.5446755
0.54872597
0.54872597
0.61085946
0.61085946
0.61085946
0.61085946
0.56945693
0.50245451
0.50245451
0.50245451
0.50245451
0.50245451
0.50245451
0.49068201
0.47723688
0.43500333
0.41534315
0.41534315
0.41534315
0.41534315
0.42263935
0.42656404
0.42656404
0.42656404
0.36695978
0.36695978
0.36695978
0.37052498
0.37052498
0.37052498
0.37052498
0.37052498
0.37052498
0.42867777
0.42867777
0.42867777
0.42867777
0.43333447
0.43333447
0.43333447
0.47308833
0.47350758
0.47350758
0.47350758
0.47350758
0.47350758
0.49667747
0.53456048
0.54723139
0.54723139
0.54723139
0.54723139
0.54723139
0.56249433
0.57087787
0.57087787
0.57087787
0.549966
0.49716299
0.4551832
0.4551832
0.4551832
0.46967904
0.46967904
0.53450458
0.56358995
0.56712178
0.57338019
0.57338019
0.57338019
0.53748012
0.53748012
0.45201148
0.4074344
0.4074344
0.4074344
0.4074344
0.4074344
0.34678936
0.30749165
0.21321739
0.21321739
0.21321739
0.25846348
0.38793763
0.45174582
0.47679924
0.47679924
0.47679924
0.40349766
0.31442785
0.31442785
0.31442785
0.37694231
0.37694231
0.44742776
0.44742776
0.44742776
0.44742776
0.41927794
0.41927794
0.41927794
0.41927794
0.41927794
0.41927794
0.41927794
0.42667558
0.42667558
0.42667558
0.42667558
0.49883521
0.49883521
0.49883521
0.49883521
0.49883521
0.49644249
0.49644249
0.49644249
0.49644249
0.46469354
0.45950268
0.40499263
0.37389351
0.3733186
0.3733186
0.3733186
0.3733186
0.3733186
0.39514312
0.39514312
0.39514312
0.39514312
0.39514312
0.44823922
0.44823922
0.44823922
0.3894524
0.3894524
0.3894524
0.49090004
0.49090004
0.49090004
0.49090004
0.49090004
0.44394316
0.44394316
0.44394316
0.47733484
0.47733484
0.47733484
0.47733484
0.47733484
0.47733484
0.47733484
0.47733484
0.47733484
0.47135438
0.44172151
0.43855963
0.42720547
0.42720547
0.42720547
0.44794536
0.44794536
0.44794536
0.44794536
0.44794536
0.44794536
0.44794536
0.44794536
0.44794536
0.44794536
0.44337135
0.35308763
0.35042757
0.35042757
0.35042757
0.38274781
0.38274781
0.38274781
0.38274781
0.38274781
0.38274781
0.37174354
0.37174354
0.37174354
0.29614215
0.26021256
0.26021256
0.26021256
0.29924346
0.29924346
0.37550687
0.37550687
0.37550687
0.37550687
0.37550687
0.3868279
0.45118061
0.45118061
0.45118061
0.42015047
0.39896519
0.39896519
0.39896519
0.39896519
0.39896519
0.45478129
0.45478129
0.45478129
0.50968226
0.50968226
0.50968226
0.39860611
0.38821857
0.33419686
0.33419686
0.33419686
0.34266801
0.39029349
0.39029349
0.39029349
0.38169036
0.35024601
0.35024601
0.35024601
0.40410171
0.47399271
0.49542901
0.56768855
0.56768855
0.56768855
0.56768855
0.51609917
0.5070623
0.5070623
0.5070623
0.5070623
0.48685825
0.48685825
0.48685825
0.51955115
0.66234208
0.47834764
