0.45041711
0.57080526
0.65757717
0.65757717
0.66368092
0.66368092
0.66368092
0.62661589
0.61804297
0.59724656
0.54154387
0.54154387
0.54154387
0.54154387
0.54054439
0.54054439
0.54054439
0.54054439
0.54054439
0.54054439
0.65131678
0.65131678
0.65131678
0.67554778
0.67554778
0.67554778
0.73634241
0.73634241
0.73634241
0.73634241
0.71527281
0.69113212
0.69113212
0.69113212
0.70429025
0.70429025
0.70429025
0.49010656
0.49010656
0.49010656
0.49010656
0.49010656
0.49010656
0.49010656
0.53645767
0.53645767
0.53645767
0.53645767
0.53645767
0.52937811
0.52197022
0.52197022
0.48543283
0.48543283
0.48543283
0.48543283
0.48543283
0.48543283
0.55469668
0.55469668
0.55469668
0.54205046
0.44188374
0.44188374
0.44188374
0.4699604
0.4699604
0.47895015
0.47895015
0.47895015
0.47895015
0.53103972
0.53103972
0.53103972
0.53103972
0.53103972
0.59109604
0.60524984
0.63747969
0.63747969
0.63747969
0.63341746
0.57623183
0.52048138
0.52048138
0.52048138
0.55208853
0.55208853
0.55208853
0.5083237
0.5083237
0.5083237
0.51530078
0.51530078
0.51530078
0.48765355
0.48765355
0.48765355
0.4915508
0.4915508
0.4915508
0.47511254
0.47511254
0.47511254
0.48779091
0.52208856
0.52870681
0.53065312
0.53065312
0.53065312
0.48532667
0.48441418
0.47616812
0.47226223
0.47226223
0.47226223
0.4760599
0.50020196
0.51074045
0.51074045
0.53599597
0.53599597
0.53599597
0.53144315
0.53144315
0.53144315
0.53449018
0.56096294
0.56096294
0.56096294
0.54804955
0.53171033
0.5151997
0.5151997
0.5151997
0.5151997
0.5151997
0.52921203
0.52921203
0.52921203
0.59776027
0.62740552
0.62740552
0.64247849
0.65973347
0.65973347
0.65973347
0.56742403
0.53714716
0.53714716
0.53714716
0.53714716
0.53714716
0.55755697
0.6281489
0.73561229
0.73561229
0.73561229
0.73561229
0.73561229
0.74667571
0.74667571
0.74667571
0.78644657
0.8089972
0.85805769
0.85805769
0.85805769
0.7946036
0.7946036
0.7946036
0.7946036
0.7946036
0.75174988
0.63790967
0.54910719
0.54910719
0.54910719
0.54910719
0.45411189
0.40951788
0.40951788
0.40951788
0.40951788
0.36369005
0.36369005
0.34353073
0.34353073
0.34353073
0.36882291
0.36882291
0.36882291
0.36882291
0.36882291
0.37733
0.48766039
0.48766039
0.53980128
0.60918607
0.60918607
0.60918607
0.60918607
0.6136884
0.67194082
0.67194082
0.67194082
0.62499161
0.61808456
0.61808456
0.61808456
0.59307928
0.59307928
0.59307928
0.64397511
0.64397511
0.67122535
0.70228062
0.71300407
0.71300407
0.71300407
0.70708077
0.64744895
0.64744895
0.64744895
0.65823054
0.67856442
0.67856442
0.67856442
0.66283822
0.66283822
0.66283822
0.66283822
0.53830274
0.52653493
0.52653493
0.52653493
0.55396041
0.72348552
0.72348552
0.72348552
0.69013209
0.69013209
0.69013209
0.6085305
0.571337
0.571337
0.571337
0.571337
0.571337
0.56269651
0.56269651
0.56269651
0.62242053
0.64442505
0.64442505
0.64442505
0.64442505
0.64442505
0.64442505
0.64442505
0.63183698
0.58042374
0.58042374
0.58042374
0.58042374
0.58042374
0.58042374
0.58042374
0.58042374
0.58042374
0.58042374
0.58042374
0.62940611
0.63306437
0.63306437
0.63306437
0.63306437
0.59941929
0.59941929
0.59941929
0.62894386
0.62894386
0.62894386
0.62894386
0.62934935
0.62934935
0.62934935
0.62934935
0.63458972
0.63458972
0.63458972
0.63458972
0.63458972
0.65406271
0.65406271
0.65406271
0.60510591
0.60510591
0.60510591
0.63397069
0.68974657
0.68974657
0.68974657
0.68974657
0.68974657
0.68974657
0.68974657
0.68974657
0.60879754
0.60879754
0.60879754
0.60879754
0.60879754
0.60879754
0.60879754
0.60879754
0.52018042
0.52018042
0.52018042
0.52018042
0.52018042
0.52018042
0.59806807
0.59806807
0.66151328
0.66151328
0.66151328
0.65616045
0.64186233
0.64186233
0.55769636
0.55769636
0.55769636
0.57785691
0.59610905
0.59610905
0.59610905
0.59306943
0.57210091
0.56348273
0.56348273
0.56348273
0.56348273
0.76184212
0.76184212
0.76184212
0.71806443
0.53837224
0.42114246
0.42114246
0.42114246
0.42114246
0.42114246
0.42114246
0.63168634
0.63168634
0.63168634
0.63168634
0.63168634
0.63168634
0.63168634
0.36907641
0.36907641
0.36907641
0.45425839
0.45425839
0.45425839
0.45425839
0.45425839
0.45425839
0.45425839
0.45425839
0.45425839
0.45425839
0.48472885
0.48472885
0.48472885
0.50197657
0.62526905
0.68271858
0.68271858
0.68271858
0.63332882
0.63332882
0.63332882
0.65260807
0.69979572
0.69979572
0.69979572
0.61470649
0.61470649
0.52192562
0.52192562
0.52192562
0.55740799
0.72154757
0.72154757
0.72154757
0.67661566
0.66000079
0.66000079
0.55085347
0.55085347
0.55085347
0.72993196
0.72993196
0.72993196
0.60207628
0.60207628
0.60207628
0.60207628
0.60207628
0.60207628
0.60207628
0.60207628
0.60207628
0.61458253
0.61458253
0.61458253
0.66949492
0.67175916
0.67175916
0.67175916
0.67175916
0.67175916
0.68472589
0.75605533
0.75605533
0.75605533
0.75605533
0.75605533
0.55362086
0.55362086
0.55362086
0.55362086
0.55362086
0.57726783
0.57726783
0.57726783
0.58436504
0.58436504
0.61109297
0.61109297
0.61109297
0.75737481
0.84982311
0.84982311
0.84982311
0.81181919
0.74391064
0.701365
0.68619325
0.68619325
0.68619325
0.68619325
0.68619325
0.68619325
0.68619325
0.67971412
0.66291878
0.66291878
0.66291878
0.66291878
0.58049352
0.58049352
0.57630324
0.54953538
0.54953538
0.54953538
0.48283276
0.45393158
0.38982602
0.38982602
0.38982602
0.4620024
0.4620024
0.4620024
0.51077098
0.53263333
0.53263333
0.64076638
0.64076638
0.64076638
0.64076638
0.63940684
0.63940684
0.63940684
0.63940684
0.63940684
0.63940684
0.63940684
0.62395341
0.62395341
0.61600598
0.5122316
0.5122316
0.5122316
0.63782691
0.7657945
0.7657945
0.7657945
0.7657945
0.7657945
0.67156735
0.67156735
0.64683306
0.57943849
0.55100888
0.55100888
0.55100888
0.60919961
0.63674177
0.71379712
0.73716883
0.8051321
0.8051321
0.83033754
0.8627421
0.8627421
0.8627421
0.78946417
0.72418445
0.6750234
0.66117798
0.66117798
0.66117798
0.66117798
0.66117798
0.72122363
0.72122363
0.72122363
0.6744309
0.61030689
0.5756307
0.52930328
0.52930328
0.52930328
0.52930328
0.52930328
0.52930328
0.64465912
0.64465912
0.64465912
0.64465912
0.58587288
0.57443944
0.53732924
0.52762129
0.52762129
0.52762129
0.60008236
0.60008236
0.60008236
0.57723843
0.5388609
0.5388609
0.5388609
0.5388609
0.5388609
0.5388609
0.601811
0.65800359
0.65800359
0.65800359
0.65800359
0.63761692
0.54483509
0.52166597
0.39785035
0.39785035
0.36050049
0.36050049
0.36050049
0.36050049
0.36050049
0.36050049
0.4315997
0.4315997
0.51625199
0.54977915
0.54977915
0.54977915
0.42799684
0.39377115
0.39377115
0.39377115
0.39377115
0.39377115
0.39377115
0.43399662
0.46330916
0.62809212
0.62809212
0.62809212
0.47660629
0.47660629
0.47660629
0.47906559
0.5043367
0.54787089
0.55076153
0.55317119
0.56844554
0.59474183
0.59474183
0.59474183
0.59474183
0.59474183
0.56006606
0.45583327
0.45583327
0.45583327
0.45583327
0.42395745
0.42057158
0.32838567
0.32838567
0.32838567
0.32838567
0.32838567
0.32838567
0.35773787
0.41863895
0.49552001
0.49552001
0.56343143
0.56343143
0.56343143
0.49700664
0.45339627
0.45339627
0.45339627
0.51683559
0.64990704
0.64990704
0.64990704
0.61999339
0.61999339
0.61999339
0.37782893
0.37782893
0.37782893
0.51614761
0.63883391
0.77215694
0.77215694
0.77215694
0.73887902
0.72603622
0.72603622
0.72603622
0.72603622
0.72259561
0.72259561
0.72259561
0.72259561
0.72259561
0.6651748
0.6651748
0.6651748
0.6651748
0.6651748
0.59824085
0.57310055
0.57310055
0.57310055
0.54219357
0.54009472
0.54009472
0.54009472
0.54009472
0.54009472
0.54009472
0.51241042
0.51241042
0.51241042
0.59788886
0.64337141
0.64337141
0.64337141
0.5875356
0.57470276
0.57470276
0.57470276
0.62993733
0.63365728
0.63365728
0.63365728
0.6238281
0.6238281
0.6238281
0.64887951
0.69231492
0.69231492
0.69231492
0.70251374
0.7143479
0.7143479
0.7143479
0.64874435
0.64874435
0.64874435
0.64874435
0.64874435
0.64874435
0.61945889
0.61945889
0.57541498
0.57541498
0.53912944
0.53912944
0.52009109
0.52009109
0.52009109
0.54484151
0.55689087
0.55689087
0.55689087
0.61447624
0.61447624
0.61447624
0.67810257
0.67810257
0.67810257
0.67688011
0.67688011
0.67688011
0.69816488
0.72799811
0.79509718
0.82955298
0.83740028
0.83740028
0.83740028
0.83740028
0.81857412
0.81857412
0.81857412
0.81857412
0.81089864
0.78145394
0.73816244
0.67734045
0.64454736
0.64454736
0.56903735
0.54548258
0.54548258
0.52871831
0.49866032
0.47555579
0.47555579
0.47555579
0.55465782
0.62995291
0.64380015
0.64380015
0.65053073
0.65053073
0.65053073
0.59375837
0.59375837
0.59375837
0.59930396
0.59930396
0.59930396
0.59930396
0.6564692
0.6564692
0.6564692
0.6564692
0.65701095
0.67020576
0.67020576
0.67020576
0.67020576
0.67020576
0.67020576
0.67020576
0.67020576
0.66232725
0.54162076
0.51300237
0.51300237
0.51300237
0.55021213
0.55021213
0.55021213
0.52182
0.52182
0.52182
0.52182
0.52182
0.51340744
0.49886977
0.49886977
0.49886977
0.53880481
0.54983634
0.54983634
0.54983634
0.52420026
0.52420026
0.52420026
0.52420026
0.52420026
0.54151885
0.59993352
0.59993352
0.59993352
0.58910486
0.56220732
0.55146156
0.53927268
0.51940311
0.46043643
0.46043643
0.46043643
0.46043643
0.46043643
0.52726969
0.52726969
0.52726969
0.51397148
0.50230983
0.50230983
0.50230983
0.54199136
0.55646403
0.55646403
0.55646403
0.55646403
0.56356044
0.56356044
0.56356044
0.56356044
0.56356044
0.56356044
0.55579152
0.51814425
0.44827177
0.41991124
0.41991124
0.41991124
0.41991124
0.45576035
0.5042025
0.5042025
0.55752973
0.58021511
0.67073914
0.68212362
0.68212362
0.68212362
0.6371686
0.6371686
0.6371686
0.67720623
0.67720623
0.67720623
0.67314251
0.66862553
0.66824715
0.66824715
0.66824715
0.66824715
0.66824715
0.66640536
0.65812329
0.61980282
0.57169966
0.57061811
0.57061811
0.57061811
0.57061811
0.57061811
0.57061811
0.57061811
0.5752192
0.61051428
0.67516814
0.73280442
0.74888782
0.7554411
0.7554411
0.7554411
0.74943517
0.73572531
0.72002508
0.72002508
0.71598227
0.71440358
0.70179305
0.68663417
0.68663417
0.6765199
0.6765199
0.6765199
0.6765199
0.6765199
0.66090573
0.66090573
0.66090573
0.6852214
0.6852214
0.6852214
0.64496008
0.54306213
0.50274171
0.40641588
0.40641588
0.40641588
0.40641588
0.39806759
0.39806759
0.39806759
0.41153093
0.41153093
0.41153093
0.41153093
0.41774399
0.4297356
0.45371106
0.45749654
0.47284955
0.62697061
0.69373357
0.69373357
0.69373357
0.69373357
0.58198795
0.56830202
0.56830202
0.56830202
0.56830202
0.5555231
0.5555231
0.5555231
0.60448839
0.60643755
0.60788548
0.71132728
0.76866421
0.76866421
0.76866421
0.7810832
0.7810832
0.7810832
0.7810832
0.7810832
0.75246001
0.70878944
0.68157067
0.66447753
0.66137142
0.66009367
0.60150471
0.58740193
0.5870661
0.5870661
0.53064353
0.49127187
0.49127187
0.49127187
0.49127187
0.49127187
0.50944221
0.5140452
0.55265106
0.55265106
0.61135235
0.63511711
0.63511711
0.63511711
0.63511711
0.63511711
0.63511711
0.63511711
0.66363194
0.66363194
0.66363194
0.61870715
0.51983499
0.46510498
0.46510498
0.46510498
0.46510498
0.46510498
0.46510498
0.46510498
0.48287802
0.59868642
0.75225195
0.75558528
0.75558528
0.77053663
0.77053663
0.77053663
0.77053663
0.78006827
0.80949695
0.80949695
0.80949695
0.794882
0.79307345
0.79307345
0.79307345
0.79307345
0.79307345
0.79213936
0.79213936
0.79213936
0.79213936
0.79213936
0.79213936
0.79213936
0.78937868
0.78937868
0.72160843
0.72160843
0.68573577
0.68573577
0.68573577
0.70008384
0.71312048
0.79711627
0.79711627
0.79711627
0.76221531
0.76221531
0.76221531
0.79355404
0.807759
0.84128248
0.85528524
0.85528524
0.85528524
0.85528524
0.84816588
0.82803105
0.82803105
0.82803105
0.82803105
0.8313544
0.8313544
0.8313544
0.77445989
0.760108
0.760108
0.760108
0.760108
0.760108
0.74383061
0.74383061
0.74383061
0.73943158
0.7082369
0.59236077
0.59236077
0.59236077
0.59236077
0.59236077
0.59236077
0.59236077
0.59236077
0.59236077
0.61267469
0.61267469
0.61267469
0.61267469
0.61267469
0.60430836
0.57801436
0.57801436
0.57801436
0.57801436
0.59442705
0.62160327
0.62956918
0.62956918
0.63203439
0.63203439
0.63203439
0.59232536
0.59232536
0.59232536
0.59232536
0.59232536
0.59232536
0.59232536
0.59182765
0.5736409
0.5736409
0.5736409
0.63329694
0.64074013
0.67353691
0.67353691
0.67353691
0.67353691
0.67353691
0.67353691
0.67353691
0.67353691
0.67003119
0.64083533
0.50659231
0.50659231
0.50659231
0.51909106
0.51909106
0.51909106
0.51909106
0.51909106
0.51909106
0.52018671
0.52018671
0.52018671
0.52018671
0.52018671
0.5123468
0.5123468
0.5123468
0.52515909
0.52515909
0.52515909
0.68180106
0.68180106
0.68180106
0.6641254
0.64391888
0.64391888
0.64391888
0.64391888
0.50768073
0.50768073
0.50768073
0.50768073
0.50768073
0.50768073
0.54183088
0.54183088
0.54183088
0.54183088
0.54183088
0.4884533
0.48617199
0.48617199
0.48617199
0.48617199
0.48617199
0.55444866
0.55444866
0.55444866
0.55444866
0.55080312
0.50770083
0.50770083
0.50770083
0.51789334
0.61674103
0.61674103
0.61674103
0.61202405
0.60274619
0.54345789
0.54345789
0.54345789
0.60729913
0.60729913
0.62194364
0.62798214
0.62798214
0.62798214
0.60295659
0.57594714
0.57594714
0.57594714
0.6193879
0.6193879
0.6193879
0.66660633
0.66660633
0.66660633
0.66660633
0.60609281
0.60609281
0.60609281
0.60609281
0.60609281
0.60609281
0.60609281
0.60609281
0.60609281
0.60609281
0.60609281
0.60609281
0.60609281
0.60095667
0.60095667
0.57072263
0.57072263
0.57072263
0.57072263
0.5410373
0.52679404
0.46172457
0.46172457
0.46172457
0.51247567
0.56551001
0.56551001
0.6905886
0.6905886
0.6905886
0.6905886
0.61768086
0.57085203
0.57085203
0.57085203
0.57085203
0.57085203
0.48905716
0.48905716
0.48905716
0.48905716
0.48905716
0.49443256
0.55371951
0.59617074
0.59617074
0.59617074
0.59617074
0.59617074
0.64444982
0.71812064
0.71812064
0.71812064
0.60949553
0.52053748
0.5056775
0.5056775
0.5056775
0.59722044
0.59722044
0.59722044
0.59722044
0.59722044
0.59722044
0.61815816
0.61815816
0.61815816
0.61815816
0.61815816
0.61815816
0.61815816
0.61815816
0.61815816
0.7124507
0.7124507
0.7124507
0.7124507
0.7124507
0.7124507
0.7124507
0.72843601
0.72843601
0.7340526
0.7340526
0.7340526
0.65043536
0.65043536
0.65043536
0.64610623
0.64610623
0.64610623
0.72795639
0.72795639
0.72795639
0.61970199
0.61970199
0.61010524
0.61010524
0.61010524
0.61010524
0.61010524
0.62595403
0.6498478
0.6498478
0.6498478
0.56435662
0.56435662
0.56435662
0.56435662
0.59256408
0.6262658
0.6262658
0.65914521
0.65914521
0.65914521
0.65914521
0.70953735
0.71943807
0.71943807
0.71943807
0.66838819
0.66838819
0.66838819
0.66838819
0.63012966
0.63012966
0.63012966
0.63012966
0.63012966
0.63012966
0.63012966
0.63012966
0.63012966
0.62163829
0.62163829
0.62163829
0.65027135
0.65027135
0.65027135
0.64360219
0.64360219
0.64360219
0.67939195
0.67939195
0.67939195
0.67939195
0.67939195
0.67939195
0.67939195
0.67245014
0.61854586
0.56337437
0.56337437
0.56337437
0.56337437
0.56337437
0.59963283
0.59963283
0.59963283
0.59963283
0.59963283
0.59963283
0.59963283
0.62237608
0.62237608
0.62237608
0.60261254
0.60261254
0.60261254
0.60261254
0.51121091
0.51121091
0.51121091
0.51121091
0.51121091
0.51121091
0.51121091
0.52741116
0.56840955
0.56840955
0.56840955
0.50405667
0.50405667
0.50405667
0.5589321
0.5589321
0.5589321
0.55720744
0.55720744
0.55720744
0.56357178
0.56357178
0.56833992
0.56833992
0.56833992
0.56833992
0.56833992
0.7190873
0.77713205
0.77713205
0.77713205
0.77713205
0.70803566
0.70803566
0.70803566
0.70803566
0.70803566
0.66565172
0.63572643
0.63572643
0.63572643
0.70800392
0.70800392
0.70800392
0.70800392
0.69745556
0.69745556
0.69745556
0.48129084
0.4178154
0.4178154
0.4178154
0.51818501
0.61297182
0.61297182
0.63842528
0.63842528
0.63842528
0.63842528
0.63842528
0.63842528
0.61325048
0.61325048
0.61325048
0.61408457
0.61408457
0.61408457
0.52709624
0.52709624
0.52709624
0.52709624
0.52709624
0.55804426
0.61980376
0.61980376
0.61980376
0.61980376
0.61980376
0.61980376
0.61451838
0.61451838
0.59841418
0.59841418
0.59841418
0.67973969
0.67973969
0.67973969
0.581154
0.53543971
0.53543971
0.53543971
0.53543971
0.53543971
0.65778964
0.67525037
0.67525037
0.67525037
0.67525037
0.67525037
0.62648798
0.62648798
0.62648798
0.62648798
0.62648798
0.62648798
0.62648798
0.62648798
0.62648798
0.62648798
0.62648798
0.62648798
0.62648798
0.62648798
0.62648798
0.62648798
0.55448382
0.55448382
0.55448382
0.65458132
0.6948823
0.71782624
0.71782624
0.71782624
0.71782624
0.71782624
0.71782624
0.69933416
0.64968746
0.64968746
0.55932883
0.50874681
0.50874681
0.50874681
0.51833275
0.51833275
0.51833275
0.51833275
0.51833275
0.55524977
0.55524977
0.55524977
0.55524977
0.55524977
0.56695629
0.56695629
0.56695629
0.56695629
0.56695629
0.56695629
0.60039673
0.60039673
0.60039673
0.48114117
0.48114117
0.48114117
0.48114117
0.51642572
0.51642572
0.5272169
0.5272169
0.5272169
0.47900186
0.47900186
0.47900186
0.47900186
0.47900186
0.47900186
0.47900186
0.47900186
0.47900186
0.47900186
0.47900186
0.47900186
0.47900186
0.47900186
0.47900186
0.47900186
0.47900186
0.47900186
0.47900186
0.47900186
0.52378162
0.56696506
0.56696506
0.56696506
0.49389041
0.44550723
0.44550723
0.34976526
0.34976526
0.34976526
0.42634372
0.44135539
0.53807866
0.62726473
0.64033629
0.64033629
0.64033629
0.63451435
0.53164808
0.5291305
0.46198244
0.46198244
0.46198244
0.51582009
0.51582009
0.51582009
0.51582009
0.51582009
0.51582009
0.51582009
0.59252343
0.60211047
0.6471086
0.6673798
0.68087092
0.69770578
0.69770578
0.69770578
0.68651556
0.66628278
0.65469939
0.65469939
0.65469939
0.65469939
0.67783896
0.82259504
0.85231702
0.85231702
0.85231702
0.84183284
0.84183284
0.84183284
0.82858086
0.70797176
0.58742917
0.58715132
0.58715132
0.58715132
0.58715132
0.66380185
0.66815233
0.66815233
0.67913969
0.68335733
0.68335733
0.68335733
0.561417
0.52446948
0.52446948
0.52446948
0.52446948
0.52446948
0.54083058
0.54083058
0.54083058
0.54083058
0.54083058
0.54083058
0.54083058
0.54083058
0.62411047
0.74253932
0.74253932
0.74253932
0.6479316
0.6059935
0.6059935
0.6059935
0.61660325
0.80430049
0.80430049
0.80430049
0.76964907
0.74733933
0.74733933
0.6525643
0.6525643
0.6525643
0.63548401
0.56083368
0.54017338
0.54017338
0.51799828
0.51799828
0.51799828
0.61192747
0.61192747
0.61192747
0.61192747
0.61192747
0.66659866
0.72402303
0.72402303
0.72402303
0.72402303
0.72402303
0.57136
0.48863184
0.48863184
0.4317588
0.4317588
0.4317588
0.48098317
0.48098317
0.5873241
0.5873241
0.5873241
0.5873241
0.60340681
0.60340681
0.60340681
0.48703247
0.48703247
0.48703247
0.48703247
0.48703247
0.48703247
0.51709621
0.55047096
0.66631656
0.66716557
0.67826674
0.67826674
0.67826674
0.67826674
0.56218377
0.54392193
0.54392193
0.54392193
0.54392193
0.54392193
0.54392193
0.54392193
0.54392193
0.54392193
0.54392193
0.65676812
0.65676812
0.65676812
0.6142456
0.6142456
0.6142456
0.6142456
0.6142456
0.6142456
0.72733557
0.81758846
0.81758846
0.81758846
0.70180742
0.70180742
0.70180742
0.65154033
0.54097875
0.54097875
0.54097875
0.54097875
0.64976625
0.64976625
0.64976625
0.64976625
0.64969595
0.64969595
0.64969595
0.60199269
0.60199269
0.60199269
0.60199269
0.60199269
0.60199269
0.60199269
0.60199269
0.60199269
0.60199269
0.48264696
0.46248122
0.46248122
0.46248122
0.46248122
0.59655709
0.59655709
0.59655709
0.58925932
0.58925932
0.5446738
0.5446738
0.5446738
0.50843928
0.38151057
0.31434761
0.31434761
0.31434761
0.4471248
0.516174
0.53883559
0.53883559
0.53883559
0.46425776
0.46425776
0.46425776
0.59369351
0.60421506
0.60421506
0.60421506
0.60421506
0.60421506
0.63229197
0.64803502
0.64803502
0.64803502
0.69578793
0.69578793
0.69578793
0.67225083
0.63621617
0.63621617
0.63621617
0.71915241
0.71915241
0.71915241
0.56577829
0.36169588
0.36169588
0.36169588
0.41921245
0.5153759
0.5153759
0.65023782
0.65023782
0.65023782
0.59554556
0.48240044
0.47326651
0.47326651
0.47326651
0.48433103
0.56109237
0.56849587
0.56849587
0.56849587
0.44876355
0.44876355
0.44876355
0.52811459
0.52811459
0.52811459
0.66396958
0.7284014
0.83614744
0.83614744
0.83614744
0.75977038
0.75977038
0.75977038
0.58269344
0.53598817
0.53598817
0.53598817
0.53598817
0.53598817
0.53598817
0.53598817
0.58722545
0.58722545
0.58722545
0.58722545
0.58722545
0.58722545
0.58722545
0.58722545
0.58722545
0.58722545
0.58722545
0.58722545
0.58722545
0.57862889
0.57862889
0.57862889
0.57862889
0.57862889
0.57862889
0.57862889
0.57862889
0.57862889
0.57862889
0.57251886
0.57251886
0.57251886
0.57251886
0.56770789
0.56770789
0.56770789
0.74766575
0.74766575
0.74766575
0.690922
0.690922
0.690922
0.690922
0.690922
0.690922
0.690922
0.690922
0.65964591
0.65964591
0.62328855
0.62328855
0.59863457
0.59863457
0.59863457
0.59863457
0.51311345
0.51311345
0.51311345
0.51311345
0.51311345
0.51311345
0.51311345
0.51311345
0.50127285
0.50127285
0.50127285
0.50127285
0.55782948
0.55782948
0.55782948
0.4979588
0.47951788
0.47951788
0.47951788
0.50297167
0.50297167
0.54234636
0.54234636
0.54234636
0.54234636
0.58385327
0.58385327
0.58385327
0.49060687
0.49060687
0.49060687
0.50993633
0.50993633
0.50993633
0.50993633
0.50993633
0.50993633
0.50993633
0.50993633
0.39913998
0.3370464
0.29263272
0.11917436
0.11917436
0.11917436
0.31670487
0.40114581
0.44017833
0.44017833
0.44017833
0.44149276
0.55760565
0.55760565
0.55760565
0.55760565
0.55760565
0.55760565
0.55760565
0.56576106
0.58001128
0.58001128
0.58001128
0.58001128
0.58001128
0.58001128
0.55255379
0.55255379
0.55255379
0.55255379
0.55255379
0.49743607
0.49743607
0.49632332
0.49632332
0.49632332
0.52084173
0.52084173
0.52084173
0.51420814
0.51420814
0.51420814
0.50636316
0.50636316
0.50636316
0.50636316
0.50636316
0.51708184
0.51796778
0.52331512
0.52331512
0.52331512
0.56681443
0.56681443
0.56681443
0.53139157
0.53139157
0.53139157
0.53139157
0.53139157
0.59595447
0.59945798
0.59945798
0.59945798
0.59008738
0.59008738
0.59008738
0.52526102
0.52526102
0.52526102
0.5148834
0.5148834
0.5148834
0.5148834
0.48094103
0.48094103
0.48094103
0.50085081
0.5623333
0.59634749
0.59634749
0.59634749
0.57911441
0.55785328
0.55785328
0.55785328
0.55785328
0.55785328
0.55785328
0.59056606
0.59056606
0.59056606
0.61031277
0.61031277
0.61031277
0.61031277
0.61031277
0.61031277
0.61031277
0.61031277
0.61031277
0.61604263
0.61604263
0.61604263
0.61604263
0.61604263
0.58470432
0.58470432
0.58470432
0.71569622
0.71569622
0.71569622
0.60956596
0.60956596
0.60956596
0.60956596
0.64855513
0.67913927
0.67913927
0.67913927
0.64622553
0.64622553
0.64622553
0.64622553
0.64622553
0.64622553
0.64622553
0.64622553
0.58256335
0.58256335
0.58256335
0.58256335
0.58256335
0.58256335
0.58256335
0.58658248
0.58658248
0.58658248
0.58658248
0.58658248
0.58658248
0.58658248
0.63640128
0.68344037
0.68344037
0.68344037
0.64084355
0.64084355
0.64084355
0.65592364
0.65592364
0.65592364
0.63310883
0.60153891
0.60153891
0.60153891
0.60153891
0.60153891
0.57816596
0.57816596
0.57816596
0.63238692
0.63940328
0.63940328
0.63940328
0.63764072
0.6222293
0.56759846
0.56759846
0.56759846
0.56759846
0.56759846
0.65094099
0.65094099
0.65094099
0.63764646
0.63764646
0.52867124
0.52867124
0.52867124
0.65168068
0.65168068
0.65168068
0.65168068
0.65168068
0.65168068
0.65168068
0.65168068
0.67404267
0.67404267
0.67404267
0.67404267
0.67404267
0.67404267
0.67718518
0.67718518
0.67718518
0.67718518
0.67718518
0.67718518
0.62539765
0.62539765
0.62539765
0.62539765
0.62539765
0.62539765
0.72627288
0.72627288
0.72627288
0.64779644
0.58103102
0.58103102
0.58103102
0.58891362
0.69411401
0.69411401
0.69411401
0.62931419
0.62931419
0.62931419
0.70096812
0.70096812
0.70096812
0.70667173
0.72246894
0.72246894
0.72246894
0.72246894
0.72246894
0.72246894
0.69841196
0.67626477
0.60964779
0.60964779
0.60964779
0.70544091
0.70544091
0.70544091
0.70544091
0.70544091
0.70544091
0.70544091
0.70544091
0.70544091
0.69029216
0.69029216
0.69029216
0.69029216
0.69029216
0.68324186
0.5954193
0.5954193
0.5954193
0.47503825
0.47041937
0.45081425
0.45081425
0.45081425
0.55096892
0.61817868
0.61817868
0.62574774
0.62574774
0.62574774
0.70626392
0.70626392
0.70626392
0.66826794
0.66826794
0.66826794
0.66826794
0.48832252
0.460427
0.460427
0.460427
0.50866898
0.50866898
0.50866898
0.50866898
0.50866898
0.50866898
0.50866898
0.50866898
0.5414704
0.58184267
0.5940276
0.5940276
0.5940276
0.5356519
0.5356519
0.47583621
0.47583621
0.47583621
0.46790835
0.3728601
0.3728601
0.3728601
0.35456172
0.31911713
0.31911713
0.29902607
0.29902607
0.29902607
0.33054977
0.42042724
0.43653472
0.49727151
0.62244516
0.62244516
0.62244516
0.62244516
0.62244516
0.62599793
0.72824136
0.72824136
0.72824136
0.72602458
0.72602458
0.70497045
0.67524188
0.47997191
0.47997191
0.47997191
0.47997191
0.48779665
0.48779665
0.54694185
0.58256294
0.58256294
0.58256294
0.58256294
0.58256294
0.58256294
0.58256294
0.58256294
0.58256294
0.58256294
0.58256294
0.58256294
0.53557311
0.53557311
0.53557311
0.53557311
0.53557311
0.56176476
0.56176476
0.56176476
0.56176476
0.56176476
0.56176476
0.56176476
0.56176476
0.56176476
0.6668181
0.6668181
0.6668181
0.66637594
0.57910989
0.56869438
0.56869438
0.56869438
0.56869438
0.67698422
0.72519584
0.72519584
0.72519584
0.5489902
0.5489902
0.5489902
0.51221765
0.51221765
0.51221765
0.51221765
0.54230711
0.54230711
0.54230711
0.54230711
0.49410409
0.49171853
0.49171853
0.45556104
0.45556104
0.4279755
0.4279755
0.4279755
0.4279755
0.4279755
0.4279755
0.4279755
0.4279755
0.56443461
0.56443461
0.56443461
0.49927554
0.4528901
0.4528901
0.4528901
0.52392679
0.58878282
0.58878282
0.58878282
0.58878282
0.58878282
0.58878282
0.61939609
0.61939609
0.61939609
0.66035087
0.67886456
0.70359775
0.77331348
0.77331348
0.77331348
0.67846142
0.67846142
0.67846142
0.68734377
0.68734377
0.68734377
0.68734377
0.68734377
0.68734377
0.6531386
0.6531386
0.59699554
0.59699554
0.59699554
0.59288857
0.51216307
0.51216307
0.51216307
0.51216307
0.51216307
0.51216307
0.51216307
0.51216307
0.45132382
0.45132382
0.45132382
0.45132382
0.45132382
0.44664584
0.44664584
0.44664584
0.44664584
0.44664584
0.44664584
0.53128363
0.60725536
0.60725536
0.6273393
0.6273393
0.6273393
0.6273393
0.72330234
0.72330234
0.72330234
0.72330234
0.62451335
0.62451335
0.61809098
0.61809098
0.61809098
0.60147255
0.60147255
0.60147255
0.5467368
0.5467368
0.5467368
0.5467368
0.5467368
0.5467368
0.5467368
0.5467368
0.5467368
0.6391335
0.6391335
0.6391335
0.6391335
0.6391335
0.6391335
0.6391335
0.6391335
0.64814705
0.64814705
0.64814705
0.61799181
0.61799181
0.61799181
0.69636074
0.69636074
0.69636074
0.5875319
0.5875319
0.5875319
0.5875319
0.5875319
0.5875319
0.5875319
0.5875319
0.5875319
0.5875319
0.5875319
0.5875319
0.43949816
0.27783512
0.27783512
0.27783512
0.2906812
0.29224447
0.29224447
0.39387361
0.46532522
0.51624022
0.51624022
0.51624022
0.51624022
0.52179005
0.52179005
0.52179005
0.4823538
0.4823538
0.4823538
0.47348623
0.45570222
0.45570222
0.45570222
0.49698257
0.49698257
0.51866
0.51866
0.51866
0.52558455
0.57506269
0.57506269
0.57506269
0.57506269
0.62589261
0.62589261
0.62589261
0.61947435
0.61947435
0.61947435
0.61947435
0.61947435
0.61830769
0.6100709
0.60065214
0.57917296
0.57617615
0.5476007
0.52793662
0.52541519
0.52416576
0.520884
0.5202428
0.5202428
0.5202428
0.5202428
0.51874905
0.49862229
0.49066213
0.49066213
0.49066213
0.50477871
0.51834958
0.57340532
0.60169514
0.60169514
0.60169514
0.60169514
0.60169514
0.60169514
0.5706121
0.5706121
0.5706121
0.5706121
0.5706121
0.5706121
0.5706121
0.57552223
0.62050296
0.62050296
0.62050296
0.62050296
0.60770983
0.60770983
0.60770983
0.62921733
0.62921733
0.62921733
0.62921733
0.62921733
0.64409618
0.68848457
0.68848457
0.68848457
0.70180345
0.70699828
0.70699828
0.70699828
0.70699828
0.70699828
0.75085134
0.76860662
0.76860662
0.76860662
0.76100433
0.75075093
0.75075093
0.75075093
0.76019241
0.76019241
0.76019241
0.76019241
0.76640601
0.77612218
0.77612218
0.77612218
0.76537561
0.62944428
0.62944428
0.52345208
0.47878528
0.47878528
0.47878528
0.64123591
0.64123591
0.76647332
0.76647332
0.76647332
0.65072375
0.56104229
0.55649456
0.55649456
0.47496423
0.47496423
0.47496423
0.64577666
0.64577666
0.70925403
0.80655282
0.80655282
0.80655282
0.75501796
0.75501796
0.62432115
0.47656622
0.45769858
0.45769858
0.45769858
0.40660945
0.39975231
0.39975231
0.39975231
0.40646511
0.41804948
0.44322263
0.46213307
0.46213307
0.4914363
0.4914363
0.4914363
0.47584909
0.45917195
0.45917195
0.45917195
0.44608577
0.44608577
0.4237647
0.38958032
0.35891945
0.34998553
0.34998553
0.34998553
0.36722572
0.48350554
0.48350554
0.48350554
0.45325769
0.4466973
0.43785529
0.43785529
0.43785529
0.43785529
0.4330643
0.4330643
0.4330643
0.4330643
0.44188537
0.44188537
0.44188537
0.41944555
0.39057434
0.39057434
0.39057434
0.40120449
0.4295832
0.4295832
0.4295832
0.40806489
0.40806489
0.40806489
0.45797357
0.47063947
0.47063947
0.47063947
0.47063947
0.4348801
0.4348801
0.4348801
0.4348801
0.32367239
0.25580311
0.25580311
0.25580311
0.22259413
0.22259413
0.22259413
0.24355648
0.24355648
0.24355648
0.24355648
0.24355648
0.30909492
0.5470234
0.5470234
0.5470234
0.47116275
0.47116275
0.47116275
0.53271651
0.53805224
0.60078703
0.60078703
0.69759511
0.69793876
0.69793876
0.69793876
0.68718233
0.67758246
0.67448865
0.67448865
0.67448865
0.67448865
0.67448865
0.67448865
0.67448865
0.67448865
0.67448865
0.67448865
0.68790439
0.68790439
0.68790439
0.58777253
0.50653814
0.50653814
0.50653814
0.57813284
0.57813284
0.57813284
0.57813284
0.57813284
0.57813284
0.57813284
0.53785704
0.53785704
0.53530703
0.53530703
0.53530703
0.64138337
0.73608631
0.73608631
0.73608631
0.73608631
0.75277617
0.85559045
0.85559045
0.85559045
0.84261495
0.84143392
0.83668029
0.83668029
0.7749097
0.6936077
0.6936077
0.6936077
0.53435761
0.53435761
0.53435761
0.53540469
0.64821409
0.64821409
0.64821409
0.60127788
0.5954866
0.50624429
0.45834431
0.45834431
0.40097248
0.40097248
0.40097248
0.57984056
0.60588705
0.60588705
0.60588705
0.60588705
0.63407659
0.68515957
0.68515957
0.68515957
0.69194007
0.69194007
0.70155734
0.70155734
0.70155734
0.70155734
0.69673584
0.69673584
0.69131392
0.63275601
0.63275601
0.63275601
0.64663744
0.65250123
0.65250123
0.65741261
0.65741261
0.65741261
0.64405296
0.6394918
0.6394918
0.6394918
0.64423818
0.70520095
0.70520095
0.70520095
0.70938864
0.70938864
0.70938864
0.71866664
0.73679865
0.73679865
0.74356042
0.74356042
0.74449754
0.74449754
0.75871999
0.75871999
0.75871999
0.75871999
0.75871999
0.75871999
0.75874613
0.75874613
0.75874613
0.76697744
0.77006509
0.77006509
0.77006509
0.77006509
0.77006509
0.77006509
0.79776828
0.79776828
0.79776828
0.79071332
0.78845457
0.78845457
0.78845457
0.78944735
0.78944735
0.78944735
0.74377275
0.73820212
0.728711
0.71814706
0.71672689
0.71672689
0.69740357
0.69740357
0.69740357
0.70067893
0.70067893
0.70067893
0.70067893
0.70067893
0.71001027
0.71637888
0.72922702
0.73004757
0.73004757
0.75230598
0.75230598
0.75230598
0.75230598
0.74441216
0.74441216
0.74441216
0.81137007
0.81137007
0.81137007
0.80283518
0.7704101
0.7562232
0.68177533
0.68177533
0.68177533
0.71170294
0.71194331
0.71194331
0.71194331
0.72966616
0.72966616
0.72966616
0.72467982
0.69088342
0.69088342
0.69088342
0.65700616
0.63926224
0.63926224
0.63926224
0.61369469
0.59589768
0.58136768
0.54592061
0.54507394
0.53535339
0.53535339
0.53535339
0.5439497
0.5439497
0.5439497
0.50918992
0.46838497
0.46838497
0.46838497
0.47050665
0.51001444
0.51476589
0.59421009
0.59421009
0.59421009
0.51267049
0.51267049
0.51267049
0.52363936
0.56202674
0.56202674
0.56202674
0.61408978
0.69559422
0.74925158
0.77174461
0.77174461
0.77174461
0.73226567
0.73226567
0.73226567
0.73226567
0.73962734
0.73962734
0.73962734
0.73489067
0.73475851
0.73475851
0.71739025
0.70806343
0.68134072
0.63316492
0.62069628
0.57864696
0.57540881
0.57540881
0.57540881
0.57540881
0.57540881
0.59093694
0.59093694
0.59901584
0.59901584
0.61276129
0.63464937
0.64622073
0.65523155
0.66070846
0.66070846
0.66374275
0.66400185
0.67181128
0.6736339
0.6736339
0.6736339
0.66920079
0.66135965
0.66135965
0.66135965
0.65296883
0.64180144
0.61805146
0.61279438
0.61279438
0.61279438
0.62708279
0.62720797
0.62990956
0.63390982
0.63390982
0.63390982
0.63032338
0.62008258
0.61205607
0.61205607
0.61205607
0.61516778
0.62910817
0.64629078
0.68620913
0.68620913
0.68620913
0.66944459
0.63925978
0.63925978
0.63925978
0.65453097
0.6611402
0.66237554
0.66237554
0.66237554
0.66053937
0.64547106
0.64469935
0.62681274
0.62456425
0.61993169
0.61993169
0.61993169
0.62992555
0.62992555
0.62992555
0.61736279
0.61736279
0.59970465
0.59970465
0.59970465
0.60114655
0.65972197
0.67762882
0.6784086
0.6784086
0.6784086
0.67203302
0.67203302
0.63767177
0.63767177
0.62714217
0.61669643
0.61669643
0.6144705
0.60839329
0.60839329
0.59828724
0.59828724
0.59828724
0.59828724
0.59828724
0.60468263
0.66457014
0.6869283
0.68849333
0.72791712
0.72791712
0.72791712
0.72791712
0.72791712
0.72791712
0.70012405
0.70012405
0.69570081
0.66012541
0.64255577
0.63792759
0.63792759
0.63792759
0.6324768
0.6324768
0.62848214
0.60490249
0.60490249
0.60490249
0.60490249
0.60248229
0.60248229
0.60248229
0.60248229
0.60003476
0.60003476
0.58521513
0.57771287
0.57771287
0.57504628
0.56765031
0.54306266
0.54306266
0.54306266
0.55542092
0.55659633
0.57869947
0.58553212
0.58786213
0.59793153
0.63726819
0.63726819
0.63726819
0.61251065
0.61011277
0.61011277
0.61011277
0.61011277
0.61011277
0.61011277
0.64051056
0.64982303
0.66099219
0.66099219
0.66099219
0.66099219
0.66099219
0.65643337
0.65643337
0.65309988
0.65309988
0.65309988
0.64432916
0.64432916
0.64432916
0.64432916
0.64411739
0.64325991
0.64325991
0.64325991
0.62168303
0.62168303
0.62168303
0.63261539
0.65811865
0.68636685
0.72291765
0.75674797
0.78505911
0.78505911
0.78505911
0.78406812
0.78406812
0.7286274
0.68001413
0.65543469
0.65543469
0.65543469
0.65879651
0.65879651
0.66884908
0.69900609
0.69972336
0.69972336
0.69972336
0.69660437
0.68743652
0.65766214
0.64215522
0.62978766
0.61084357
0.61084357
0.60907429
0.60907429
0.60907429
0.60907429
0.60907429
0.58222394
0.58222394
0.58222394
0.59438725
0.59828368
0.59828368
0.63282523
0.63819464
0.63819464
0.63819464
0.63606063
0.63606063
0.63449341
0.60939318
0.60939318
0.60939318
0.60939318
0.60939318
0.60815567
0.60815567
0.59745875
0.57944724
0.58818378
0.59468466
