0.59866676
0.62033544
0.62033544
0.64947486
0.6689822
0.67924045
0.67924045
0.67924045
0.68136205
0.682803
0.69686928
0.70911144
0.71853239
0.73974725
0.73974725
0.73974725
0.73974725
0.73952571
0.73952571
0.73952571
0.72839794
0.71954362
0.71954362
0.71954362
0.71954362
0.73284965
0.73284965
0.73284965
0.73284965
0.73284965
0.73284965
0.74686515
0.74686515
0.75772303
0.77823335
0.78466165
0.78466165
0.78466165
0.78368841
0.77455537
0.76703212
0.754511
0.754511
0.754511
0.74439607
0.74439607
0.73214524
0.73214524
0.73214524
0.70844516
0.69571757
0.69571757
0.68133499
0.66807176
0.6579488
0.6579488
0.6579488
0.63975403
0.61740386
0.61740386
0.61740386
0.63474454
0.63568341
0.64775523
0.64775523
0.66025889
0.66025889
0.68906016
0.71797926
0.72086819
0.72923097
0.73344395
0.75197061
0.75794667
0.75794667
0.77027135
0.78162369
0.79677785
0.81076871
0.81076871
0.81076871
0.81076871
0.81826995
0.81858169
0.81858169
0.81858169
0.81788448
0.7933755
0.76347597
0.7629263
0.7629263
0.7629263
0.7728144
0.77327051
0.77913769
0.78786646
0.78786646
0.78786646
0.78642513
0.77041596
0.7688084
0.7688084
0.75834106
0.74584073
0.74584073
0.74584073
0.7835995
0.79852428
0.80114852
0.80114852
0.80114852
0.80114852
0.80114852
0.80114852
0.80114852
0.79773523
0.79481032
0.7888737
0.7888737
0.7856906
0.77311695
0.77185876
0.77082167
0.76834058
0.7444587
0.73930181
0.72920846
0.70782298
0.6976322
0.69045686
0.67644387
0.67644387
0.67644387
0.66560333
0.66560333
0.66560333
0.66560333
0.66383691
0.66383691
0.65530244
0.64937064
0.63592771
0.63592771
0.63592771
0.64318771
0.66559119
0.67677014
0.68345383
0.69300471
0.71658149
0.74146887
0.75134418
0.75134418
0.75457258
0.75457258
0.75457258
0.75457258
0.75457258
0.75807849
0.76266481
0.77139479
0.77407755
0.77407755
0.77901627
0.78118092
0.78118092
0.78918931
0.79189591
0.79580368
0.79612595
0.79918709
0.79918709
0.79918709
0.80107934
0.80838465
0.81300176
0.81391075
0.81391075
0.81391075
0.81629548
0.81812093
0.82015937
0.82440808
0.826287
0.826287
0.826287
0.826287
0.82746457
0.82746457
0.82746457
0.82746457
0.823385
0.81627468
0.81627468
0.8158627
0.8158627
0.8158627
0.82251532
0.82576318
0.83990359
0.85194889
0.85194889
0.85194889
0.85242378
0.85242378
0.85242378
0.85242378
0.85557928
0.857769
0.857769
0.857769
0.84860745
0.84365514
0.84365514
0.83280899
0.83280899
0.83280899
0.84646663
0.8589843
0.8589843
0.8589843
0.85746873
0.85746873
0.85535511
0.85535511
0.85535511
0.85535511
0.85454019
0.8317835
0.8205899
0.80945039
0.79926466
0.78615389
0.78288456
0.78288456
0.77748082
0.77748082
0.77748082
0.79614755
0.84042179
0.84656487
0.85690598
0.85690598
0.85690598
0.85537857
0.84544821
0.83397031
0.83397031
0.83397031
0.82659194
0.82659194
0.8129323
0.79561535
0.7909136
0.7909136
0.7909136
0.7909136
0.7909136
0.78678714
0.75280203
0.72795812
0.70216855
0.65965312
0.60803037
0.60717324
0.60717324
0.60717324
0.60717324
0.60717324
0.60717324
0.6174533
0.64771524
0.64771524
0.64771524
0.65829921
0.67049591
0.67049591
0.67049591
0.68042254
0.68847917
0.68847917
0.68847917
0.66424756
0.61952176
0.58430017
0.56496582
0.56496582
0.56496582
0.57619955
0.58084319
0.6112344
0.62732248
0.63230945
0.63230945
0.66474883
0.68510468
0.70525685
0.71737575
0.72315816
0.7362436
0.74044152
0.74532279
0.74545899
0.74545899
0.74545899
0.74692167
0.75550811
0.75550811
0.75550811
0.75558007
0.75558007
0.75558007
0.74639052
0.74639052
0.74367992
0.74155937
0.74155937
0.74155937
0.74459692
0.74459692
0.74459692
0.74031397
0.7300892
0.72380697
0.72380697
0.72380697
0.74046259
0.76074497
0.76074497
0.76074497
0.75002347
0.74255727
0.71878988
0.71878988
0.71448241
0.71448241
0.71448241
0.71497062
0.71497062
0.71497062
0.71217831
0.70625596
0.70404918
0.70404918
0.70404918
0.70404918
0.70404918
0.68805307
0.68053104
0.68053104
0.68053104
0.68728281
0.69073955
0.69292819
0.69889334
0.69889334
0.69889334
0.69889334
0.69889334
0.70236088
0.71683847
0.7372135
0.74423864
0.74838686
0.74838686
0.74838686
0.74756955
0.74714837
0.74714837
0.74714837
0.7684768
0.77288238
0.77288238
0.77288238
0.76025343
0.75505187
0.74272335
0.72570975
0.72143557
0.72143557
0.72143557
0.72884873
0.73141298
0.73218923
0.73218923
0.73218923
0.71218766
0.70331345
0.70331345
0.70331345
0.71653777
0.72602909
0.72602909
0.72602909
0.71080096
0.70614693
0.6960881
0.68476
0.68476
0.68476
0.68476
0.69263217
0.69263217
0.69263217
0.6867001
0.6867001
0.6867001
0.6867001
0.68205273
0.66497768
0.64422626
0.64422626
0.64422626
0.64422626
0.65858791
0.65858791
0.65858791
0.65635685
0.65097444
0.65097444
0.65097444
0.65415515
0.66031021
0.66755114
0.66755114
0.66755114
0.66119308
0.64128507
0.64128507
0.64128507
0.64128507
0.64128507
0.64208851
0.64856773
0.64856773
0.64856773
0.64856773
0.64192311
0.64192311
0.64192311
0.64192311
0.63330534
0.63330534
0.63053783
0.63053783
0.63053783
0.63295561
0.63567419
0.63803361
0.6501025
0.6501025
0.6501025
0.6501025
0.65616
0.65616
0.65616
0.65616
0.65616
0.65683856
0.66245981
0.66434179
0.66434179
0.67398731
0.68141485
0.68141485
0.68141485
0.67802741
0.65994554
0.64384107
0.64051722
0.63282672
0.63282672
0.63282672
0.63282672
0.62585888
0.62585888
0.62585888
0.62585888
0.62638122
0.63945027
0.66110312
0.66110312
0.66773468
0.66773468
0.67014857
0.67994499
0.67994499
0.68204488
0.69901449
0.69923482
0.70290079
0.70290079
0.70290079
0.70290079
0.70290079
0.70441917
0.70441917
0.70441917
0.69777842
0.69737364
0.69737364
0.68925636
0.6731948
0.6731948
0.6731948
0.67565095
0.6763987
0.6763987
0.68025952
0.68025952
0.68025952
0.68447758
0.69081777
0.69081777
0.69413562
0.69413562
0.69413562
0.69646183
0.69996908
0.69996908
0.69996908
0.69836952
0.69580168
0.69580168
0.69580168
0.70425804
0.7109345
0.71496382
0.71496382
0.72092284
0.72868945
0.73833895
0.74105223
0.74560495
0.74560495
0.74560495
0.74964907
0.74964907
0.74964907
0.74964907
0.75068174
0.75068174
0.75068174
0.75068174
0.75068174
0.7527883
0.7527883
0.7527883
0.75032161
0.74954909
0.74485376
0.74346053
0.74288663
0.74288663
0.74288663
0.74288663
0.74288663
0.74288663
0.74564173
0.7479185
0.75922701
0.76216472
0.76216472
0.76216472
0.76186537
0.76186537
0.76186537
0.7670264
0.76989188
0.77253611
0.77573346
0.77573346
0.77573346
0.77290971
0.77290971
0.77290971
0.77290971
0.77290971
0.77290971
0.77456456
0.77603869
0.77828413
0.78442093
0.78662571
0.7950137
0.80724014
0.82614798
0.82614798
0.82614798
0.8144828
0.81072711
0.80881501
0.79875766
0.7932321
0.7932321
0.7932321
0.79476566
0.79557843
0.80493726
0.80901269
0.80901269
0.80901269
0.8032328
0.80185865
0.80185865
0.80185865
0.80508439
0.80774822
0.81334776
0.81680847
0.81870499
0.81870499
0.81870499
0.81870499
0.81937301
0.81937301
0.83264533
0.84859132
0.84908008
0.84908008
0.84908008
0.84391972
0.83694533
0.83322004
0.83322004
0.83322004
0.83585933
0.83585933
0.84838607
0.85265103
0.85458138
0.85458138
0.85458138
0.85458138
0.85976068
0.86791915
0.86791915
0.86791915
0.86662722
0.86662722
0.86662722
0.86662722
0.85963166
0.85344247
0.84532227
0.84381267
0.84381267
0.84377589
0.84377589
0.84377589
0.84377589
0.84537784
0.86968263
0.87698021
0.87698021
0.87698021
0.85539628
0.85539628
0.85539628
0.86014932
0.86699216
0.87877035
0.87877035
0.87877035
0.87877035
0.87877035
0.88140164
0.88140164
0.88140164
0.87379098
0.87379098
0.87379098
0.87379098
0.87379098
0.87379098
0.87379098
0.86121587
0.83563862
0.82082941
0.8139298
0.80051207
0.7856029
0.7856029
0.78096994
0.75503694
0.75099136
0.75099136
0.73195904
0.72646639
0.72646639
0.72646639
0.72268539
0.72268539
0.72068906
0.72068906
0.71623136
0.71623136
0.71623136
0.71623136
0.7127769
0.7127769
0.70984718
0.70984718
0.70984718
0.71480801
0.73012064
0.73805854
0.73805854
0.73820581
0.73971699
0.74857666
0.75246603
0.76564757
0.76564757
0.78074523
0.78427712
0.78427712
0.78427712
0.74865064
0.713386
0.713386
0.713386
0.68237836
0.68237836
0.68237836
0.68237836
0.68237836
0.72684984
0.72684984
0.72684984
0.7440598
0.74690647
0.75168977
0.75168977
0.75168977
0.75168977
0.75168977
0.75212642
0.75612482
0.75616507
0.75616507
0.75616507
0.75616507
0.75904987
0.76303467
0.76303467
0.76303467
0.76047708
0.75427602
0.74861917
0.74861917
0.74861917
0.74861917
0.74861917
0.74861917
0.74861917
0.73901431
0.73901431
0.73901431
0.7395989
0.74317198
0.75833014
0.75898536
0.75942921
0.75942921
0.75942921
0.75840476
0.74750238
0.73447132
0.73287803
0.73165727
0.73165727
0.73165727
0.72687999
0.72687999
0.72687999
0.72477969
0.71935287
0.71935287
0.71034673
0.71034673
0.71034673
0.71867845
0.72500067
0.72500067
0.72500067
0.71689073
0.71689073
0.70961433
0.6956536
0.69104449
0.67764463
0.67586781
0.67220209
0.67220209
0.67220209
0.68125449
0.68192212
0.69676626
0.69676626
0.69676626
0.69258859
0.67976411
0.67976411
0.67976411
0.68003922
0.6839627
0.6839627
0.69095053
0.70266928
0.7048978
0.70553036
0.70553036
0.70553036
0.70553036
0.70553036
0.70553036
0.6971773
0.69415123
0.6857475
0.6857475
0.6857475
0.69989978
0.69989978
0.69989978
0.69337271
0.69337271
0.69337271
0.69639014
0.71947096
0.72030958
0.72680999
0.72680999
0.73910402
0.74183728
0.74183728
0.74183728
0.74183728
0.74183728
0.74835913
0.74835913
0.74835913
0.74736884
0.74255087
0.73601314
0.73248565
0.72468958
0.71391342
0.71253658
0.70900123
0.70900123
0.70900123
0.71014546
0.71014546
0.71014546
0.70662063
0.6872884
0.68069736
0.68069736
0.68069736
0.69497851
0.69497851
0.69497851
0.6777502
0.67206508
0.66621617
0.66621617
0.66621617
0.66649206
0.72898934
0.76952269
0.80426762
0.80426762
0.80426762
0.80027164
0.79657179
0.79423212
0.78298239
0.70711231
0.67373181
0.67373181
0.67373181
0.69216368
0.69922348
0.71125825
0.71248368
0.72416551
0.75709872
0.80732277
0.80732277
0.80732277
0.80708565
0.79941422
0.7841777
0.7841777
0.7841777
0.7841777
0.77555859
0.77555859
0.77555859
0.78949267
0.7966503
0.80323162
0.80323162
0.80323162
0.77019897
0.73183628
0.73183628
0.73183628
0.73897207
0.75740447
0.79174571
0.8161506
0.82418496
0.84225885
0.84750704
0.84750704
0.84750704
0.84750704
0.84750704
0.85334464
0.85334464
0.85334464
0.85334464
0.85334464
0.85334464
0.85334464
0.85334464
0.85671701
0.86291364
0.86291364
0.86291364
0.85739742
0.85730411
0.85730411
0.85730411
0.85982786
0.86103434
0.87225129
0.87225129
0.87225129
0.86522373
0.84982621
0.84601507
0.83778078
0.83600488
0.83103964
0.83103964
0.83103964
0.8367918
0.8367918
0.8367918
0.8367918
0.8367918
0.83983201
0.84358662
0.84358662
0.84981474
0.84981474
0.84981474
0.85705167
0.87530655
0.88311128
0.88311128
0.88311128
0.87902905
0.87401236
0.86212207
0.86132636
0.86132636
0.86132636
0.86132636
0.87838875
0.87897042
0.87897042
0.87897042
0.87897042
0.87897042
0.89062146
0.906886
0.906886
0.906886
0.906886
0.906886
0.90805664
0.91522572
0.91522572
0.91522572
0.91522572
0.91522572
0.91852399
0.92339085
0.92339085
0.92339085
0.92104666
0.91358621
0.90819553
0.90758721
0.90758721
0.88871428
0.88871428
0.88871428
0.89776376
0.90316898
0.90316898
0.90316898
0.86433073
0.84883723
0.84883723
0.84883723
0.86236212
0.86725859
0.86725859
0.86725859
0.85320403
0.85320403
0.85320403
0.85603246
0.85603246
0.85603246
0.85603246
0.85603246
0.85712204
0.86292965
0.86292965
0.86292965
0.84558723
0.83026659
0.82557539
0.82557539
0.82496747
0.82496747
0.82496747
0.82496747
0.82137746
0.80186811
0.79170732
0.79170732
0.79170732
0.78543255
0.78543255
0.78543255
0.79181514
0.81193801
0.83006241
0.83188146
0.83188146
0.83188146
0.8298894
0.8298894
0.8298894
0.84112673
0.84112673
0.84112673
0.84112673
0.84404074
0.85920701
0.87131481
0.87847191
0.88243713
0.88243713
0.88243713
0.88243713
0.8799655
0.87456802
0.87456802
0.86865486
0.86637451
0.86104313
0.86104313
0.86104313
0.86104313
0.85884995
0.85884995
0.85411076
0.8443129
0.81215914
0.81215914
0.81215914
0.79247398
0.7576028
0.7576028
0.7576028
0.7576028
0.7576028
0.77591687
0.77591687
0.77591687
0.7624914
0.7595269
0.7595269
0.7595269
0.77176626
0.77409139
0.78230411
0.78230411
0.78230411
0.78230411
0.78230411
0.78728095
0.78728095
0.78728095
0.78728095
0.78728095
0.81942818
0.84158257
0.84158257
0.84454282
0.84454282
0.85644576
0.85644576
0.85644576
0.84942581
0.84049842
0.84049842
0.84049842
0.85744898
0.85744898
0.85744898
0.85744898
0.85744898
0.86446615
0.86605356
0.8853999
0.8853999
0.8853999
0.88532993
0.88532993
0.84666189
0.84052921
0.84052921
0.79751585
0.79657765
0.79657765
0.79657765
0.80417274
0.80417274
0.82343017
0.85315177
0.85810008
0.85810008
0.85810008
0.85810008
0.85810008
0.85810008
0.85634288
0.84311321
0.84118244
0.84118244
0.84118244
0.82456524
0.79965545
0.75379273
0.75379273
0.75379273
0.76506671
0.76940834
0.7762318
0.7762318
0.78091262
0.78934658
0.78934658
0.78934658
0.78158145
0.78158145
0.78158145
0.76998039
0.76998039
0.76998039
0.76455144
0.76455144
0.75870506
0.75870506
0.75870506
0.76555547
0.79480245
0.87168335
0.87765009
0.87765009
0.87765009
0.87765009
0.86261829
0.8432898
0.833678
0.833678
0.833678
0.833678
0.83440414
0.86550096
0.86550096
0.86550096
0.75729998
0.75729998
0.75729998
0.75103682
0.75103682
0.75103682
0.75103682
0.75037573
0.75037573
0.75037573
0.80434947
0.81674796
0.8184708
0.82977012
0.85043451
0.85043451
0.85043451
0.85043451
0.85043451
0.89023506
0.89023506
0.89023506
0.88921037
0.86584978
0.83088036
0.82791133
0.81509311
0.80466601
0.79754317
0.79053775
0.79053775
0.79053775
0.79053775
0.80499909
0.82176452
0.82833052
0.85434386
0.88453089
0.90872279
0.90872279
0.91526785
0.91526785
0.91526785
0.90370303
0.88021608
0.86850839
0.86850839
0.86850839
0.86850839
0.81328125
0.81328125
0.81328125
0.81721793
0.83122504
0.84896612
0.85210669
0.85210669
0.85210669
0.85139868
0.85139868
0.85139868
0.85139868
0.85139868
0.85361508
0.85361508
0.85361508
0.87024721
0.87596551
0.87596551
0.87596551
0.87596551
0.88054689
0.88054689
0.88054689
0.88697014
0.88697014
0.88697014
0.88697014
0.88697014
0.90350111
0.91419665
0.91419665
0.91419665
0.91419665
0.91419665
0.91419665
0.86400018
0.86400018
0.86400018
0.86400018
0.86136102
0.85304621
0.83083079
0.83083079
0.83083079
0.83083079
0.84698365
0.84698365
0.84698365
0.84456147
0.84456147
0.83705636
0.83705636
0.83705636
0.8411999
0.84593656
0.84593656
0.84593656
0.82149263
0.80723947
0.80723947
0.80723947
0.82778684
0.82778684
0.82778684
0.81234599
0.80392522
0.80246603
0.80246603
0.80246603
0.84247864
0.84247864
0.84247864
0.84212649
0.84212649
0.82691171
0.78474827
0.78474827
0.78474827
0.80488887
0.81181911
0.81181911
0.82379057
0.82580131
0.82580131
0.82580131
0.81932502
0.8136815
0.80295078
0.80271313
0.80186518
0.80186518
0.80186518
0.80483741
0.80483741
0.80483741
0.79346027
0.78004507
0.76254592
0.75356829
0.75356829
0.74590658
0.74590658
0.74590658
0.74590658
0.7317691
0.72687225
0.70877996
0.69543034
0.69167347
0.68389873
0.68389873
0.68054436
0.65824162
0.65824162
0.6432141
0.62810873
0.62810873
0.62810873
0.66770441
0.66770441
0.66770441
0.66770441
0.66770441
0.66770441
0.66770441
0.67959045
0.69313014
0.69452001
0.69452001
0.69452001
0.6266518
0.6266518
0.6266518
0.62128043
0.62128043
0.62128043
0.62128043
0.62128043
0.64516898
0.67708937
0.67708937
0.67708937
0.65907573
0.60416433
0.60416433
0.60416433
0.68495354
0.68495354
0.68973418
0.71999384
0.71999384
0.71999384
0.71999384
0.71999384
0.708368
0.70582893
0.69224391
0.69224391
0.66165091
0.6312393
0.62449191
0.61234225
0.61234225
0.61234225
0.62115982
0.62943423
0.62943423
0.62943423
0.57954978
0.51869339
0.51869339
0.51869339
0.58965194
0.58965194
0.58965194
0.56416132
0.56321326
0.55575281
0.53799308
0.51733135
0.51733135
0.51733135
0.67415831
0.67415831
0.67415831
0.6497762
0.570487
0.570487
0.570487
0.60196914
0.60196914
0.60196914
0.57937919
0.50301968
0.50091474
0.50091474
0.48297039
0.47918993
0.47918993
0.43354353
0.43354353
0.43354353
0.46450706
0.46450706
0.46450706
0.46450706
0.46450706
0.4684828
0.4684828
0.4684828
0.46538579
0.45590116
0.45590116
0.45590116
0.46029715
0.46029715
0.52839036
0.52839036
0.52839036
0.5080637
0.50450061
0.50450061
0.50450061
0.57242681
0.57242681
0.57242681
0.46602929
0.46602929
0.46602929
0.46602929
0.49327913
0.57524177
0.57524177
0.57524177
0.57524177
0.64588872
0.65737874
0.65737874
0.67279934
0.67942824
0.67942824
0.68377623
0.72366156
0.72366156
0.72366156
0.72366156
0.72366156
0.79775364
0.79775364
0.79775364
0.79775364
0.79859586
0.79859586
0.79859586
0.79859586
0.78584921
0.67673843
0.43092635
0.34126481
0.34126481
0.34126481
0.34126481
0.34396236
0.34396236
0.34396236
0.34396236
0.34396236
0.56236317
0.69401207
0.69401207
0.69401207
0.64221112
0.60915756
0.47193419
0.30284016
0.30284016
0.30284016
0.31165932
0.31165932
0.31165932
0.33228184
0.34445923
0.34445923
0.46506486
0.64835167
0.64835167
0.64835167
0.62888123
0.62888123
0.62888123
0.62888123
0.62888123
0.6373284
0.69680145
0.69680145
0.69680145
0.63305876
0.56748809
0.54059492
0.39502876
0.28700185
0.28700185
0.2446725
0.2446725
0.2446725
0.30379926
0.38095993
0.40524592
0.40800253
0.40800253
0.40800253
0.39394396
0.39394396
0.39394396
0.43557783
0.45235847
0.45235847
0.45235847
0.45235847
0.45235847
0.45235847
0.45235847
0.40443063
0.40443063
0.35036427
0.28218282
0.25313338
0.22101345
0.22056162
0.22056162
0.22056162
0.22056162
0.22056162
0.22056162
0.18862751
0.14495093
0.14495093
0.14495093
0.19274559
0.19274559
0.19274559
0.2171914
0.22548488
0.22548488
0.22548488
0.18911294
0.18911294
0.18911294
0.30744884
0.42472744
0.43626746
0.43626746
0.43626746
0.38118665
0.35589637
0.35589637
0.28854448
0.28854448
0.28854448
0.44720037
0.49026237
0.49026237
0.49026237
0.49026237
0.4981932
0.4981932
0.4981932
0.4981932
0.4981932
0.4981932
0.4981932
0.51029675
0.52357906
0.52357906
0.52357906
0.48847331
0.48847331
0.48847331
0.51866872
0.64231296
0.69135252
0.70550598
0.72095589
0.72095589
0.72095589
0.72095589
0.72095589
0.72045088
0.72045088
0.72045088
0.72045088
0.72045088
0.72646107
0.74227337
0.77152795
0.80746553
0.82926909
0.82926909
0.82926909
0.82411499
0.77249826
0.77249826
0.77249826
0.76776947
0.76601437
0.76356781
0.76356781
0.76356781
0.81445628
0.84750478
0.84750478
0.84750478
0.84050377
0.83356764
0.80476091
0.78491422
0.76814693
0.75153997
0.73452116
0.7250224
0.72433837
0.72433837
0.72433837
0.75216334
0.75216334
0.75216334
0.74456959
0.74456959
0.74456959
0.74456959
0.74456959
0.74456959
0.73654829
0.73654829
0.72778924
0.72778924
0.72778924
0.72778924
0.72778924
0.69250142
0.67844966
0.65062804
0.63097048
0.63097048
0.63097048
0.67387642
0.67387642
0.67387642
0.67387642
0.67387642
0.70175895
0.73843293
0.79161483
0.79161483
0.79161483
0.72624421
0.70761893
0.6803199
0.6803199
0.6803199
0.71448093
0.71448093
0.71448093
0.69741362
0.69037287
0.65938774
0.65836132
0.65836132
0.65836132
0.69283705
0.69283705
0.69283705
0.66432978
0.66432978
0.66432978
0.66432978
0.6545562
0.62206015
0.62206015
0.62206015
0.64523282
0.64523282
0.64523282
0.64986525
0.66720874
0.66720874
0.66720874
0.66072432
0.62459388
0.62168135
0.5766354
0.54914005
0.54914005
0.54914005
0.54914005
0.54363835
0.54363835
0.54363835
0.54363835
0.54342576
0.51695935
0.51695935
0.51695935
0.51695935
0.51695935
0.52413964
0.58873481
0.60701729
0.60701729
0.60701729
0.60701729
0.602554
0.60134418
0.60134418
0.60134418
0.60134418
0.60134418
0.50745019
0.50588597
0.50588597
0.50588597
0.50588597
0.50588597
0.53937483
0.53937483
0.53937483
0.49451987
0.46388769
0.46388769
0.46388769
0.46566516
0.46566516
0.46566516
0.51826915
0.58192092
0.58192092
0.58192092
0.49277532
0.40498975
0.37743218
0.34678238
0.34678238
0.34678238
0.3482977
0.3786733
0.39704401
0.39704401
0.4021524
0.42554139
0.43016517
0.43016517
0.43016517
0.43016517
0.45885007
0.45885007
0.45885007
0.45885007
0.45885007
0.49071128
0.50202778
0.54463157
0.54463157
0.54463157
0.56447867
0.56447867
0.56447867
0.52900666
0.52900666
0.52900666
0.60617453
0.60617453
0.60617453
0.57186062
0.57186062
0.50123887
0.50123887
0.50123887
0.53873642
0.53873642
0.57409781
0.66449427
0.68214591
0.68582776
0.68582776
0.68582776
0.68582776
0.67501853
0.67501853
0.67501853
0.67160578
0.59496892
0.54356424
0.53346501
0.53346501
0.53346501
0.53346501
0.53346501
0.53346501
0.53346501
0.47925603
0.47925603
0.47925603
0.55235846
0.55235846
0.55235846
0.55235846
0.55235846
0.5429294
0.5429294
0.51441348
0.51441348
0.51441348
0.52057496
0.52057496
0.57323864
0.57323864
0.57323864
0.56379292
0.56379292
0.56379292
0.56379292
0.56379292
0.56379292
0.56090186
0.53361669
0.53361669
0.53361669
0.53361669
0.53361669
0.53361669
0.58149627
0.58149627
0.58149627
0.56216192
0.49171157
0.49171157
0.49171157
0.56724205
0.60281549
0.67206521
0.67206521
0.67206521
0.64301177
0.64301177
0.64301177
0.70304527
0.70304527
0.70304527
0.71598824
0.74328287
0.78371012
0.78371012
0.78371012
0.74684515
0.73144444
0.68631584
0.68631584
0.68631584
0.68631584
0.75258159
0.75258159
0.75258159
0.75258159
0.75258159
0.72257262
0.6921165
0.60186797
0.56514323
0.56514323
0.56514323
0.57743723
0.59226058
0.63385581
0.63385581
0.63385581
0.53177616
0.53177616
0.53177616
0.53177616
0.44698364
0.40606243
0.40606243
0.40606243
0.53593597
0.57066227
0.57066227
0.57066227
0.51895582
0.51895582
0.51895582
0.65344086
0.65344086
0.65344086
0.652524
0.57384843
0.57384843
0.52056416
0.52056416
0.52056416
0.54623779
0.54623779
0.54623779
0.54209237
0.49316198
0.47717479
0.45274805
0.45274805
0.38788007
0.38788007
0.38788007
0.38788007
0.44955391
0.5223747
0.5223747
0.5223747
0.48881358
0.48505083
0.48505083
0.48505083
0.48505083
0.48505083
0.47308256
0.47308256
0.47308256
0.47947316
0.47947316
0.47947316
0.44395303
0.44395303
0.44395303
0.51552721
0.61991894
0.65612322
0.70172004
0.70172004
0.70172004
0.70172004
0.70172004
0.71227028
0.74256073
0.77208587
0.77208587
0.77208587
0.77208587
0.77208587
0.77208587
0.77208587
0.77208587
0.7474452
0.7474452
0.73725643
0.70069815
0.68568981
0.63539164
0.53342516
0.48360536
0.48360536
0.48360536
0.43526435
0.43526435
0.40725773
0.35302103
0.33924583
0.3298201
0.3298201
0.3298201
0.3553139
0.4390547
0.47404835
0.48371945
0.49711106
0.49711106
0.53316939
0.56399632
0.56399632
0.56399632
0.60039252
0.62794064
0.62794064
0.62794064
0.62794064
0.62794064
0.62794064
0.62794064
0.61552882
0.59072048
0.58387327
0.57211692
0.57211692
0.54886669
0.49573638
0.49573638
0.46240263
0.46240263
0.44804579
0.44804579
0.44804579
0.44804579
0.47226541
0.47226541
0.47226541
0.46670905
0.46384237
0.43872109
0.42717174
0.42717174
0.42717174
0.44095199
0.45197341
0.45197341
0.45197341
0.45004199
0.41405842
0.41405842
0.41405842
0.40307553
0.40307553
0.40307553
0.40307553
0.39286315
0.37776697
0.37776697
0.37776697
0.37776697
0.37776697
0.36849719
0.35715563
0.35352004
0.35352004
0.35352004
0.40862082
0.45410982
0.45410982
0.46266441
0.48985799
0.48985799
0.48985799
0.48211285
0.42896906
0.42896906
0.42896906
0.42896906
0.42779057
0.32469037
0.32469037
0.32469037
0.43332307
0.47700073
0.47700073
0.54358982
0.54700723
0.55941507
0.59040912
0.60658757
0.62691076
0.62691076
0.62691076
0.61037485
0.59102797
0.59102797
0.57858308
0.57858308
0.57858308
0.54226724
0.54226724
0.54226724
0.54226724
0.55548532
0.61730883
0.6567895
0.6567895
0.6567895
0.62885844
0.62885844
0.62885844
0.62900305
0.62900305
0.62900305
0.58616428
0.57787321
0.57787321
0.57787321
0.57461028
0.54949046
0.45618786
0.45618786
0.45618786
0.45618786
0.45618786
0.45618786
0.47487085
0.54661885
0.54661885
0.54661885
0.52852922
0.52852922
0.50031483
0.41278276
0.41278276
0.39228951
0.30502015
0.30502015
0.30502015
0.30502015
0.31166077
0.31166077
0.31166077
0.3245531
0.3245531
0.3245531
0.39784985
0.4348701
0.4348701
0.4348701
0.31561185
0.29504102
0.29504102
0.29504102
0.31407323
0.47526217
0.53377064
0.53377064
0.56439296
0.6273558
0.74861237
0.77662006
0.79616274
0.83113495
0.83942856
0.83942856
0.83942856
0.7871642
0.72752133
0.6391104
0.54814627
0.52403622
0.52403622
0.52403622
0.61756833
0.68819755
0.7574182
0.7574182
0.76241823
0.77052658
0.77052658
0.77052658
0.7435136
0.7435136
0.7435136
0.82343098
0.82343098
0.82343098
0.82343098
0.82343098
0.84961841
0.84961841
0.84961841
0.8358119
0.8358119
0.8358119
0.8358119
0.80380434
0.76401045
0.76401045
0.76401045
0.76401045
0.75106148
0.75106148
0.75106148
0.75106148
0.75106148
0.75106148
0.75106148
0.77130257
0.77279027
0.78009599
0.78009599
0.78009599
0.77640774
0.77640774
0.77640774
0.76831685
0.75577267
0.75577267
0.75577267
0.75577267
0.76892584
0.76892584
0.76892584
0.77086898
0.77086898
0.83676966
0.83676966
0.83676966
0.83676966
0.83676966
0.83676966
0.80467002
0.77767662
0.77767662
0.77767662
0.79158057
0.79923615
0.79923615
0.79923615
0.79023985
0.78616004
0.78616004
0.78616004
0.78616004
0.78616004
0.78616004
0.78123371
0.76177686
0.7570506
0.74673988
0.74673988
0.74673988
0.75835199
0.75835199
0.75835199
0.72826881
0.71198985
0.71198985
0.71198985
0.73330468
0.74737402
0.74737402
0.74737402
0.72843274
0.72843274
0.72843274
0.70091421
0.61098795
0.60862643
0.59596363
0.59596363
0.59596363
0.59596363
0.59596363
0.59596363
0.59795303
0.61476616
0.61834432
0.61834432
0.61834432
0.58451956
0.52983649
0.52983649
0.52983649
0.52983649
0.52983649
0.52983649
0.52983649
0.52983649
0.52983649
0.52983649
0.52983649
0.52983649
0.5509855
0.5509855
0.5509855
0.53948067
0.50368878
0.50368878
0.49780295
0.49682063
0.49682063
0.4904687
0.4904687
0.47870677
0.47870677
0.47870677
0.47870677
0.47870677
0.47870677
0.47870677
0.49544995
0.49773097
0.49773097
0.49773097
0.49773097
0.49773097
0.49773097
0.4803315
0.44630629
0.41367469
0.41367469
0.41367469
0.41367469
0.41367469
0.41367469
0.43299491
0.49942554
0.49942554
0.52235723
0.5585078
0.57127218
0.57127218
0.57127218
0.54066663
0.53318818
0.51205143
0.51205143
0.4923143
0.4891524
0.48214991
0.44143435
0.38890207
0.38890207
0.38890207
0.38890207
0.38845932
0.37013764
0.37013764
0.37013764
0.37013764
0.37013764
0.37013764
0.37013764
0.37013764
0.36651751
0.36651751
0.36651751
0.40113997
0.40113997
0.40113997
0.40113997
0.40113997
0.40113997
0.40113997
0.37813124
0.37176092
0.37176092
0.37176092
0.37176092
0.37176092
0.35226291
0.35226291
0.35226291
0.35226291
0.35226291
0.312847
0.29930451
0.29930451
0.29930451
0.32334274
0.48812677
0.5975425
0.5975425
0.5975425
0.59421852
0.59421852
0.57747614
0.50622092
0.3641328
0.3641328
0.3641328
0.42562977
0.42562977
0.42562977
0.38572192
0.38572192
0.38572192
0.41860008
0.42675495
0.44002941
0.53983561
0.53983561
0.53983561
0.49404646
0.48557811
0.48197104
0.47702018
0.47702018
0.47702018
0.54674759
0.56063075
0.6027038
0.6027038
0.6027038
0.6027038
0.53613496
0.30274233
0.28582761
0.19123309
0.19123309
0.19123309
0.19123309
0.19123309
0.26556106
0.26556106
0.43839401
0.54936957
0.54936957
0.62225154
0.62355761
0.62355761
0.62355761
0.69437368
0.78310183
0.78310183
0.78310183
0.78310183
0.78310183
0.78310183
0.72533973
0.72533973
0.72533973
0.77894294
0.81525653
0.81525653
0.81525653
0.80121943
0.75163259
0.75163259
0.75163259
0.75083022
0.75083022
0.75083022
0.72730809
0.72730809
0.72730809
0.72730809
0.72730809
0.72730809
0.72730809
0.72312135
0.69725915
0.69725915
0.66209541
0.58727321
0.58140631
0.58140631
0.58140631
0.58140631
0.56374187
0.5522605
0.55002798
0.47389987
0.47358386
0.47358386
0.47358386
0.52552794
0.5834245
0.61295522
0.62296769
0.6531271
0.6547945
0.69802272
0.69802272
0.69802272
0.69802272
0.70283163
0.72973625
0.7516442
0.7516442
0.76224536
0.77520819
0.77520819
0.77520819
0.77520819
0.77520819
0.77520819
0.77520819
0.74756571
0.72420657
0.72420657
0.72420657
0.72420657
0.72420657
0.67503038
0.63543457
0.61056011
0.58693253
0.58693253
0.58693253
0.58693253
0.58693253
0.53681765
0.5135754
0.5135754
0.5135754
0.54350387
0.5537421
0.5537421
0.5537421
0.54505329
0.51448974
0.4174541
0.4174541
0.4174541
0.4511705
0.4511705
0.4511705
0.37190381
0.37190381
0.37190381
0.37190381
0.37190381
0.37190381
0.37190381
0.34130453
0.34130453
0.32348829
0.30112518
0.24660072
0.21900927
0.21900927
0.21900927
0.27935866
0.30448887
0.30448887
0.30448887
0.38245698
0.41484587
0.41484587
0.46994106
0.46994106
0.46994106
0.46994106
0.46994106
0.46994106
0.46994106
0.46994106
0.46994106
0.45862923
0.41770082
0.41770082
0.41770082
0.41770082
0.41770082
0.41770082
0.4651527
0.4651527
0.4651527
0.4651527
0.4651527
0.53831043
0.53831043
0.53831043
0.53831043
0.54135784
0.54715172
0.57859213
0.61005323
0.61005323
0.63544615
0.66796738
0.69513338
0.73470162
0.73594398
0.73594398
0.74994708
0.74994708
0.74994708
0.74994708
0.74994708
0.75122767
0.75122767
0.75122767
0.70746339
0.63564808
0.59774789
0.57171974
0.57171974
0.57171974
0.55847475
0.54682263
0.47035651
0.38934832
0.38934832
0.28518264
0.18586798
0.14660458
0.14660458
0.14660458
0.2055281
0.28786474
0.30750524
0.4375118
0.50541734
0.50541734
0.50541734
0.48705969
0.45755855
0.45682816
0.43348622
0.41504258
0.38363668
0.38010291
0.38010291
0.38010291
0.38010291
0.38081666
0.38081666
0.38081666
0.36709638
0.36709638
0.36709638
0.39794249
0.39794249
0.39794249
0.37658434
0.37658434
0.37658434
0.37658434
0.29282543
0.25634139
0.25634139
0.25634139
0.26938539
0.35965431
0.37592392
0.37592392
0.3881213
0.39950352
0.45874265
0.4754609
0.53271648
0.56758606
0.56758606
0.56758606
0.55460737
0.55460737
0.55460737
0.55460737
0.55302689
0.55302689
0.54131147
0.54131147
0.54131147
0.54131147
0.54462677
0.56300761
0.62838849
0.62838849
0.62838849
0.58294867
0.58294867
0.58002228
0.5476418
0.50244269
0.49054187
0.49012217
0.48289228
0.47397744
0.47397744
0.4430471
0.42630298
0.42630298
0.42630298
0.42630298
0.43617976
0.43617976
0.43617976
0.42836197
0.42836197
0.42836197
0.43788352
0.45183425
0.45183425
0.45183425
0.43984707
0.39070796
0.34971624
0.34971624
0.34971624
0.34971624
0.40340449
0.42080355
0.44363447
0.44363447
0.44363447
0.48440946
0.51150044
0.51150044
0.51150044
0.51150044
0.48787353
0.44461745
0.44461745
0.44461745
0.44993828
0.51206223
0.51206223
0.51206223
0.52668698
0.54297699
0.54297699
0.54297699
0.54051869
0.50981251
0.44678892
0.43093114
0.42492122
0.42492122
0.42492122
0.48637382
0.5020106
0.5020106
0.5020106
0.50690453
0.50690453
0.51389622
0.51389622
0.51389622
0.53438961
0.53963009
0.57805875
0.57805875
0.57805875
0.55910879
0.52124165
0.52124165
0.52124165
0.53307409
0.53307409
0.53307409
0.53307409
0.53307409
0.55564686
0.55564686
0.55564686
0.54951658
0.54439047
0.54439047
0.54439047
0.57105438
0.57630725
0.59167692
0.66099796
0.68576083
0.68809851
0.68809851
0.68809851
0.68809851
0.65110892
0.5632558
0.5632558
0.5632558
0.5632558
0.5632558
0.5632558
0.59355358
0.62663527
0.62663527
0.63667303
0.67976771
0.67976771
0.67976771
0.65222077
0.65222077
0.65222077
0.67551754
0.69222352
0.69222352
0.69222352
0.7178465
0.7178465
0.7178465
0.7178465
0.7200141
0.76518948
0.81624322
0.81825834
0.81825834
0.81825834
0.80784511
0.80784511
0.80784511
0.8166608
0.8166608
0.82439983
0.82439983
0.82439983
0.82439983
0.83546042
0.84337056
0.84337056
0.84337056
0.83286471
0.80264609
0.80043103
0.80043103
0.78945387
0.78945387
0.78647498
0.78647498
0.73950945
0.73950945
0.73950945
0.74184821
0.75053633
0.75053633
0.75053633
0.75053633
0.75053633
0.75912599
0.75912599
0.75912599
0.75912599
0.81989347
0.83929741
0.85181494
0.8783377
0.8783377
0.8958458
0.8958458
0.8958458
0.8958458
0.8958458
0.8958458
0.93427913
0.93427913
0.93427913
0.93427913
0.92108517
0.92108517
0.92108517
0.93250498
0.93762775
0.94799382
0.94799382
0.94799382
0.94799382
0.94799382
0.94799382
0.93425567
0.89634627
0.89634627
0.89416735
0.89416735
0.89416735
0.89416735
0.89416735
0.8849109
0.8849109
0.8849109
0.88783181
0.90849141
0.92116368
0.92116368
0.92116368
0.91009282
0.90054406
0.90054406
0.891336
0.87996297
0.87324239
0.87324239
0.87324239
0.886994
0.886994
0.886994
0.886994
0.886994
0.87591513
0.87591513
0.87058749
0.82398172
0.81476976
0.81476976
0.81476976
0.82339167
0.82339167
0.82339167
0.82339167
0.83609672
0.8401143
0.8401143
0.8401143
0.8401143
0.80190062
0.78480932
0.78480932
0.76428968
0.74909527
0.72607893
0.72607893
0.72607893
0.72607893
0.72607893
0.69916977
0.64368458
0.62668286
0.59868009
0.59868009
0.59868009
0.64742162
0.78409398
0.83350555
0.83350555
0.84127575
0.85498456
0.85498456
0.85498456
0.85498456
0.83242833
0.79404898
0.75958967
0.75958967
0.75958967
0.75958967
0.75958967
0.75958967
0.69975995
0.66588575
0.64865489
0.64055175
0.64055175
0.64055175
0.77879207
0.82317494
0.86580365
0.86580365
0.86580365
0.86015932
0.86015932
0.86015932
0.90267356
0.91538275
0.91538275
0.91968036
0.92393079
0.92393079
0.92393079
0.89645264
0.8959163
0.87415031
0.8686698
0.8686698
0.8686698
0.88932206
0.88932206
0.88932206
0.88573832
0.87140813
0.87140813
0.87140813
0.87140813
0.87140813
0.89485962
0.92195498
0.92195498
0.92195498
0.91671705
0.91293552
0.90915597
0.90915597
0.90915597
0.90561873
0.90561873
0.90561873
0.90561873
0.88248232
0.81038724
0.77484352
0.76965744
0.76965744
0.76965744
0.77764717
0.78521505
0.79275613
0.85932897
0.93342144
0.93342144
0.93342144
0.91682955
0.91305812
0.91305812
0.91305812
0.93735239
0.93735239
0.93735239
0.89304282
0.83614616
0.78985041
0.78195851
0.78195851
0.78195851
0.78428099
0.78428099
0.79581088
0.80855072
0.87574186
0.90717323
0.94341897
0.94341897
0.94341897
0.9223847
0.91722193
0.86100315
0.85447356
0.85447356
0.84774924
0.84028237
0.82516861
0.82168122
0.81951789
0.81951789
0.81951789
0.84164827
0.86136129
0.86136129
0.86136129
0.86136129
0.86136129
0.87008608
0.87008608
0.87008608
0.83899218
0.8096094
0.78812505
0.7569521
0.7569521
0.7569521
0.76521761
0.76521761
0.76521761
0.78516386
0.8177784
0.8177784
0.8177784
0.76244768
0.65006784
0.63460646
0.63460646
0.63460646
0.66588414
0.74222086
0.79003661
0.79003661
0.79003661
0.80315684
0.8080261
0.8080261
0.81537128
0.81537128
0.81537128
0.81537128
0.81537128
0.83144669
0.83144669
0.83144669
0.81393767
0.7513431
0.7513431
0.74201413
0.70580601
0.69210424
0.69210424
0.63453128
0.56960426
0.50129459
0.50129459
0.50129459
0.50129459
0.50129459
0.45786776
0.45786776
0.45786776
0.56109671
0.56109671
0.56109671
0.56109671
0.56109671
0.56109671
0.56109671
0.63599676
0.63599676
0.63599676
0.63599676
0.66654392
0.66654392
0.66654392
0.62491336
0.54111381
0.53106563
0.53106563
0.53106563
0.53106563
0.49492694
0.49492694
0.49492694
0.49492694
0.49492694
0.42076583
0.42076583
0.42076583
0.42076583
0.42076583
0.40989501
0.40357629
0.40357629
0.40357629
0.42010659
0.52553926
0.57588354
0.57588354
0.57588354
0.52965669
0.52965669
0.48113041
0.4347968
0.41455383
0.41455383
0.41455383
0.41455383
0.41455383
0.41455383
0.50673378
0.55619973
0.5690366
0.61126919
0.66561118
0.74330407
0.7914361
0.7914361
0.7914361
0.77556512
0.77556512
0.74964026
0.74964026
0.74964026
0.6620465
0.52302486
0.49391289
0.49391289
0.49391289
0.58215191
0.58215191
0.58215191
0.58215191
0.58215191
0.58215191
0.56774241
0.47529122
0.35479569
0.35479569
0.35479569
0.38891421
0.5196365
0.5196365
0.5196365
0.5196365
0.55437946
0.5997245
0.5997245
0.5997245
0.5997245
0.5997245
0.5997245
0.5997245
0.59428677
0.48979109
0.40248467
0.40248467
0.40248467
0.41067634
0.41067634
0.41067634
0.41067634
0.41067634
0.41067634
0.41067634
0.39786199
0.39786199
0.39786199
0.40955342
0.40955342
0.56758407
0.56758407
0.56758407
0.48915944
0.45856378
0.45856378
0.45856378
0.45856378
0.45856378
0.45856378
0.45856378
0.47297114
0.47958792
0.47958792
0.47958792
0.47199884
0.38694026
0.38694026
0.38694026
0.38694026
0.38694026
0.45762612
0.45762612
0.52306457
0.5341229
0.5341229
0.5341229
0.5341229
0.5341229
0.59607492
0.59607492
0.59607492
0.54408658
0.505406
0.47160631
0.44591403
0.44591403
0.40218465
0.37039102
0.37039102
0.33285803
0.33285803
0.33285803
0.43668996
0.54945674
0.55564713
0.55564713
0.55564713
0.55564713
0.55564713
0.55564713
0.55564713
0.54918216
0.53810397
0.53810397
0.4672915
0.4672915
0.45989701
0.45691852
0.43535312
0.37498734
0.37498734
0.37498734
0.43851089
0.44653221
0.44653221
0.51808055
0.57594924
0.59910274
0.64437966
0.64437966
0.64437966
0.63850396
0.61223324
0.61223324
0.61223324
0.61223324
0.61701735
0.61701735
0.61701735
0.60942053
0.60942053
0.60942053
0.59396783
0.58351233
0.5334405
0.45179454
0.45179454
0.45179454
0.56970529
0.5763591
0.5763591
0.5763591
0.60815673
0.62725676
0.67150727
0.67150727
0.67150727
0.60141547
0.49384679
0.46678729
0.32872783
0.32872783
0.32872783
0.37723571
0.46903953
0.49952498
0.50353404
0.50353404
0.50353404
0.50353404
0.50353404
0.45841944
0.31037338
0.31037338
0.31037338
0.32826893
0.44051695
0.44051695
0.44051695
0.44051695
0.44051695
0.44051695
0.45044796
0.48359884
0.48359884
0.48359884
0.48359884
0.48359884
0.48800481
0.48800481
0.48800481
0.46220296
0.46220296
0.46220296
0.47866877
0.50227677
0.55091287
0.56140047
0.56140047
0.56140047
0.52671764
0.40889926
0.38354285
0.38354285
0.38354285
0.39283104
0.48093474
0.50181905
0.50181905
0.51239597
0.51239597
0.51239597
0.50485421
0.50485421
0.50485421
0.5249556
0.54919377
0.55232421
0.55232421
0.55232421
0.53169354
0.53169354
0.50958953
0.50958953
0.50958953
0.50958953
0.50958953
0.4611992
0.4611992
0.4611992
0.4611992
0.48547534
0.48547534
0.48547534
0.60111759
0.60111759
0.60111759
0.58443172
0.58443172
0.58443172
0.58443172
0.58443172
0.63233863
0.63233863
0.63233863
0.62672671
0.62672671
0.62672671
0.63494248
0.63494248
0.63494248
0.56037565
0.52126591
0.52126591
0.52126591
0.54323329
0.54323329
0.54323329
0.54323329
0.51700374
0.45175069
0.45175069
0.45175069
0.46812359
0.46812359
0.46812359
0.46812359
0.46812359
0.46812359
0.46812359
0.46249353
0.46249353
0.46249353
0.49949126
0.49949126
0.49949126
0.50138708
0.51618151
0.51618151
0.51618151
0.51618151
0.51618151
0.51618151
0.51907246
0.51907246
0.51907246
0.45419459
0.45419459
0.45419459
0.4872183
0.508302
0.51796472
0.51796472
0.51796472
0.47755187
0.47755187
0.47755187
0.47755187
0.47755187
0.47755187
0.47755187
0.47755187
0.47755187
0.49532385
0.49532385
0.49532385
0.44735976
0.44735976
0.44735976
0.50419167
0.50419167
0.50419167
0.49898251
0.46930742
0.46930742
0.46930742
0.48626333
0.53284631
0.54585859
0.55394854
0.61851491
0.72271951
0.80160235
0.80160235
0.80160235
0.75145507
0.6700293
0.61975966
0.59380081
0.52992753
0.48554519
0.39675452
0.38487597
0.37101452
0.34795461
0.34795461
0.34795461
0.34795461
0.34795461
0.31142805
0.31142805
0.31142805
0.31839535
0.35637937
0.36518893
0.37812339
0.41410721
0.43658479
0.48536111
0.49814067
0.49814067
0.49814067
0.48025753
0.48025753
0.48025753
0.49894186
0.52890695
0.55725053
0.55725053
0.55725053
0.56977059
0.56977059
0.56977059
0.56324379
0.51849278
0.51849278
0.51849278
0.53216257
0.56128117
0.60042399
0.64172519
0.65492764
0.65492764
0.65492764
0.65269647
0.65269647
0.65269647
0.68244233
0.71076549
0.72963563
0.73767294
0.74755877
0.74755877
0.74755877
0.74755877
0.78866471
0.78866471
0.79838593
0.81818383
0.81818383
0.81818383
0.81463714
0.77881926
0.75859924
0.75859924
0.75145627
0.73047811
0.72197645
0.70552184
0.70372116
0.70372116
0.70372116
0.70372116
0.70372116
0.6626023
0.65595448
0.65595448
0.62757172
0.62142545
0.62142545
0.62142545
0.62142545
0.60248148
0.57531042
0.57531042
0.57531042
0.47322905
0.47322905
0.47322905
0.52456175
0.58893859
0.58893859
0.59772244
0.59772244
0.59772244
0.44944407
0.4341637
0.4341637
0.4341637
0.61571169
0.61571169
0.61571169
0.61162279
0.55311792
0.42204548
0.36639996
0.36639996
0.36639996
0.37486019
0.5092586
0.5092586
0.5092586
0.50028403
0.39332551
0.38368547
0.33455888
0.30994261
0.30994261
0.30994261
0.30994261
0.30994261
0.30994261
0.39321957
0.45503254
0.45503254
0.45503254
0.45503254
0.42564124
0.42564124
0.42564124
0.42564124
0.42564124
0.42564124
0.42564124
0.47345217
0.59809044
0.62892841
0.62892841
0.62892841
0.60226623
0.58113934
0.51175914
0.51175914
0.51175914
0.51175914
0.48172473
0.46497036
0.46497036
0.46497036
0.50403824
0.50403824
0.54647397
0.54647397
0.63196357
0.63196357
0.63196357
0.63196357
0.63196357
0.53715726
0.4571619
0.4571619
0.33683057
0.29818973
0.28621854
0.28621854
0.28621854
0.38352633
0.45364266
0.48126569
0.49158776
0.49158776
0.49158776
0.49158776
0.49158776
0.49158776
0.49158776
0.49158776
0.49158776
0.43074896
0.39186766
0.39186766
0.39186766
0.39186766
0.39186766
0.36868885
0.36868885
0.36868885
0.50503789
0.50503789
0.57304872
0.57304872
0.57304872
0.57304872
0.57304872
0.57304872
0.57179892
0.57179892
0.57179892
0.57179892
0.57179892
0.58303024
0.58592958
0.58592958
0.58592958
0.58592958
0.58592958
0.50462217
0.44405045
0.41527597
0.40643282
0.40643282
0.40643282
0.45665888
0.56112657
0.56112657
0.56112657
0.56691204
0.56691204
0.56691204
0.56691204
0.49357729
0.49357729
0.49357729
0.49357729
0.49357729
0.49357729
0.49357729
0.49941675
0.53590745
0.53590745
0.53590745
0.47511155
0.47511155
0.47511155
0.56974901
0.56974901
0.56974901
0.56974901
0.56974901
0.57341417
0.59414801
0.59414801
0.59414801
0.58917066
0.58917066
0.58917066
0.594564
0.66680447
0.66680447
0.66680447
0.59316385
0.59316385
0.58291683
0.55395135
0.55251815
0.55251815
0.53345515
0.52269057
0.46517041
0.46517041
0.46517041
0.46517041
0.46527998
0.49805458
0.49805458
0.49805458
0.49805458
0.47801862
0.47801862
0.47801862
0.49949459
0.49949459
0.49949459
0.49949459
0.46810027
0.46810027
0.44440153
0.41503087
0.40914756
0.40300462
0.40300462
0.36749289
0.36749289
0.36749289
0.46033487
0.55195341
0.55195341
0.55195341
0.55195341
0.48060033
0.36840495
0.36840495
0.36840495
0.42280241
0.42593046
0.52851444
0.52851444
0.52851444
0.52851444
0.46565516
0.46565516
0.46565516
0.49684063
0.49684063
0.57092736
0.59635734
0.62641094
0.6850623
0.72362783
0.74856425
0.74856425
0.74856425
0.7939113
0.7939113
0.7939113
0.7939113
0.7939113
0.7939113
0.7939113
0.81330283
0.85660851
0.92239269
0.92239269
0.92239269
0.90941454
0.87278789
0.86799938
0.86799938
0.86799938
0.91517908
0.91517908
0.94336324
0.96010936
0.96010936
0.96127986
0.968822
0.968822
0.968822
0.968822
0.97479567
0.97954272
0.98865231
0.98865231
0.98865231
0.94576356
0.92309403
0.9186866
0.90916489
0.90074679
0.90074679
0.90074679
0.90811927
0.93512189
0.93512189
0.93512189
0.93512189
0.93769307
0.93769307
0.93769307
0.8821655
0.8821655
0.8821655
0.8821655
0.87444767
0.87444767
0.87444767
0.88773159
0.88773159
0.88773159
0.84495559
0.82897573
0.82897573
0.81327446
0.77810274
0.73394751
0.73394751
0.73394751
0.7640531
0.79207879
0.79207879
0.79207879
0.79207879
0.79207879
0.79207879
0.79207879
0.74924082
0.57708896
0.57708896
0.57708896
0.596923
0.63710248
0.74802206
0.74802206
0.89203506
0.89203506
0.89203506
0.89203506
0.89203506
0.89203506
0.89203506
0.89203506
0.89203506
0.90541735
0.90541735
0.9089731
0.93694707
0.93944723
0.93944723
0.93944723
0.91276611
0.79779402
0.79779402
0.79779402
0.81754595
0.81830926
0.82043795
0.82043795
0.82043795
0.81890318
0.8130436
0.8130436
0.8130436
0.81217926
0.81217926
0.81217926
0.82365555
0.85720614
0.87004677
0.87004677
0.88636622
0.88636622
0.88636622
0.87779604
0.87779604
0.87779604
0.87779604
0.87779604
0.87779604
0.92581277
0.96120761
0.96120761
0.96120761
0.95741541
0.95741541
0.95741541
0.95741541
0.95259132
0.95116464
0.9070798
0.8718389
0.8718389
0.8718389
0.8718389
0.85772235
0.84368512
0.84093733
0.83721085
0.8371378
0.81895235
0.81895235
0.78591838
0.78591838
0.7801429
0.73883412
0.66022517
0.57797849
0.51814093
0.47314721
0.44500663
0.40808969
0.3858067
0.3858067
0.3858067
0.64355717
0.72947129
0.77862733
0.77862733
0.77862733
0.81896355
0.82523977
0.82523977
0.84816308
0.84832263
0.84832263
0.84832263
0.84832263
0.84832263
0.84832263
0.78691415
0.74785933
0.71205463
0.65409236
0.65409236
0.63209192
0.62444913
0.62444913
0.62444913
0.62444913
0.62444913
0.62444913
0.66131663
0.66131663
0.66131663
0.65116556
0.65116556
0.57814218
0.56543471
0.56543471
0.56543471
0.56543471
0.5376732
0.5376732
0.5376732
0.67767622
0.67767622
0.67767622
0.6535892
0.64201041
0.58192771
0.54960841
0.50274685
0.50274685
0.50274685
0.50274685
0.50274685
0.52605614
0.56973848
0.56978233
0.56978233
0.56978233
0.51001312
0.45309859
0.44127107
0.44127107
0.44127107
0.53010132
0.53111802
0.55756856
0.58006468
0.58006468
0.65422404
0.65745473
0.65745473
0.65745473
0.65745473
0.65745473
0.60206232
0.60206232
0.56849174
0.53616682
0.4560098
0.43933672
0.344379
0.344379
0.344379
0.3610226
0.3610226
0.43265131
0.43265131
0.43265131
0.34697551
0.2801457
0.17297034
0.17297034
0.17297034
0.2053463
0.2053463
0.2053463
0.24773657
0.24773657
0.33123917
0.35442543
0.35442543
0.3858768
0.3858768
0.41108046
0.45396359
0.45396359
0.45396359
0.45396359
0.45396359
0.47565909
0.53279526
0.53279526
0.53279526
0.34178608
0.12093962
0.12093962
0.12093962
0.12093962
0.18926528
0.25677524
0.30578466
0.3422815
0.3422815
0.38301065
0.38301065
0.38301065
0.27403249
0.27403249
0.27403249
0.31484306
0.38241286
0.38480719
0.38480719
0.44857385
0.50437051
0.50437051
0.50437051
0.52539959
0.54558242
0.54558242
0.54558242
0.54217634
0.52919405
0.52919405
0.52919405
0.52919405
0.52919405
0.52919405
0.52832424
0.52832424
0.52832424
0.55659624
0.62182051
0.68427898
0.7510912
0.7510912
0.77047234
0.77047234
0.78228546
0.82427467
0.82427467
0.82427467
0.82427467
0.83028725
0.83028725
0.83028725
0.83028725
0.83364814
0.84111593
0.84111593
0.85929405
0.90177401
0.90177401
0.90177401
0.90177401
0.90177401
0.90177401
0.90177401
0.90177401
0.86344506
0.83929194
0.83929194
0.83929194
0.85488393
0.86822116
0.88585014
0.88958557
0.91176235
0.91567836
0.91567836
0.91567836
0.94115805
0.94213929
0.94213929
0.94423093
0.94423093
0.94423093
0.94423093
0.94878939
0.95086621
0.95086621
0.95086621
0.9447306
0.91041789
0.89572784
0.84183968
0.81348078
0.81160147
0.77016165
0.74069302
0.70151917
0.66783397
0.66783397
0.66783397
0.66383412
0.66383412
0.66383412
0.66431874
0.67049245
0.67384643
0.68108016
0.68791231
0.71027115
0.74475966
0.74475966
0.77848444
0.84978875
0.87297915
0.87297915
0.87297915
0.87297915
0.88406747
0.88406747
0.88406747
0.8816085
0.87347269
0.87347269
0.86965757
0.86014639
0.85724881
0.8460993
0.84261645
0.83816649
0.83816649
0.83816649
0.83816649
0.82271857
0.82271857
0.82271857
0.83856821
0.84980875
0.85291438
0.85794281
0.8807892
0.8807892
0.8807892
0.8807892
0.87459136
0.85742899
0.85742899
0.85742899
0.89375776
0.89489215
0.89489215
0.89639933
0.89687796
0.89687796
0.89687796
0.89687796
0.88655681
0.88544375
0.87589326
0.87589326
0.87589326
0.90191249
0.92149396
0.92149396
0.92149396
0.91298109
0.90484261
0.8466707
0.8466707
0.8466707
0.88491808
0.88491808
0.88491808
0.87808674
0.86955614
0.86955614
0.86933755
0.86933755
0.86933755
0.86933755
0.86519267
0.84598081
0.84082752
0.84082752
0.84082752
0.84082752
0.84082752
0.85213429
0.85883541
0.85883541
0.85883541
0.80209016
0.78202488
0.76939326
0.7589907
0.68948773
0.68948773
0.68948773
0.73668291
0.73668291
0.73668291
0.63574577
0.60432681
0.60432681
0.51925891
0.51925891
0.51925891
0.52679787
0.52679787
0.52679787
0.48700452
0.48700452
0.48700452
0.50174841
0.50205005
0.50205005
0.50205005
0.53729921
0.53729921
0.53729921
0.5305265
0.5305265
0.5305265
0.62414857
0.62633044
0.62633044
0.62633044
0.56890437
0.56890437
0.56890437
0.59187645
0.66750568
0.66750568
0.66750568
0.66647607
0.59703257
0.57445087
0.57445087
0.57445087
0.57445087
0.57445087
0.57445087
0.55942187
0.46207275
0.42973706
0.42973706
0.42973706
0.5662704
0.67883352
0.68984201
0.68984201
0.70604017
0.73709954
0.73709954
0.73709954
0.73709954
0.72975132
0.72975132
0.72975132
0.65539562
0.59975341
0.50388804
0.50388804
0.50280457
0.50280457
0.50280457
0.50280457
0.50280457
0.53890142
0.64595243
0.64595243
0.67357532
0.67769968
0.67769968
0.73018196
0.73805854
0.75069813
0.7854019
0.7854019
0.7854019
0.70961753
0.70961753
0.67750494
0.65526526
0.57900452
0.51958505
0.50105094
0.50105094
0.50105094
0.48978283
0.48978283
0.48978283
0.48978283
0.48133727
0.44070568
0.44070568
0.44070568
0.4506976
0.4506976
0.4506976
0.42783654
0.41095356
0.3847872
0.3847872
0.3847872
0.41701707
0.41701707
0.41701707
0.41701707
0.41152389
0.3762326
0.3762326
0.3762326
0.3762326
0.3505418
0.3505418
0.3505418
0.35814887
0.39987125
0.46027928
0.47764503
0.47764503
0.5156373
0.5156373
0.56638583
0.6028055
0.61417705
0.61417705
0.61417705
0.61417705
0.61581124
0.61581124
0.61581124
0.61581124
0.60192969
0.56532796
0.56532796
0.56532796
0.56532796
0.56479694
0.56479694
0.56479694
0.56479694
0.56479694
0.55769036
0.55769036
0.54970291
0.53454636
0.53243726
0.53243726
0.53243726
0.53243726
0.53243726
0.53243726
0.53243726
0.53243726
0.55955888
0.57109664
0.59396476
0.59396476
0.66263161
0.66263161
0.69244145
0.69244145
0.69244145
0.68308822
0.68308822
0.68308822
0.69878325
0.73494221
0.80548999
0.80548999
0.80548999
0.76641209
0.7357567
0.69667695
0.69667695
0.69667695
0.7013367
0.71595307
0.71595307
0.71595307
0.71595307
0.71595307
0.71595307
0.71595307
0.71665135
0.74923709
0.74923709
0.74923709
0.74923709
0.74923709
0.74923709
0.74923709
0.72200616
0.66892424
0.61186618
0.61186618
0.61186618
0.67956552
0.69184393
0.70346459
0.7144572
0.7144572
0.7144572
0.7144572
0.73257427
0.7788162
0.81559666
0.8344428
0.8355949
0.8355949
0.8355949
0.8355949
0.81678808
0.79269963
0.78482025
0.77440208
0.76702481
0.75242457
0.74390358
0.70915543
0.70461164
0.70461164
0.69212996
0.69212996
0.66631693
0.59684849
0.59684849
0.59684849
0.69796901
0.73616468
0.78301144
0.8358816
0.87809287
0.88924143
0.88924143
0.88924143
0.88924143
0.88924143
0.85322282
0.76181179
0.60834106
0.57283987
0.55882956
0.55882956
0.55882956
0.55882956
0.53869735
0.53869735
0.53869735
0.66089986
0.69156017
0.70496363
0.71998492
0.7559582
0.77568587
0.77568587
0.77568587
0.77568587
0.77568587
0.7560419
0.71613965
0.71613965
0.71613965
0.71984869
0.74777163
0.74810283
0.74810283
0.74810283
0.74810283
0.74810283
0.76008576
0.77830558
0.78971058
0.81754208
0.83328962
0.86346491
0.88225987
0.88225987
0.88225987
0.88225987
0.88225987
0.88125676
0.88125676
0.87243349
0.87243349
0.87243349
0.84664069
0.84664069
0.84664069
0.84664069
0.83313182
0.83313182
0.83313182
0.83313182
0.83313182
0.83313182
0.83313182
0.83313182
0.83313182
0.8527386
0.86647541
0.90928406
0.90928406
0.90928406
0.89127509
0.89127509
0.88318326
0.87323119
0.86277131
0.86277131
0.86277131
0.85390269
0.84665044
0.84665044
0.80660144
0.78841706
0.78841706
0.78841706
0.80697357
0.80697357
0.83523916
0.86147084
0.86147084
0.86147084
0.86147084
0.84880711
0.83191026
0.82361998
0.82361998
0.82361998
0.82361998
0.82361998
0.87559738
0.90961114
0.90961114
0.91321915
0.91611421
0.93238476
0.9351332
0.9351332
0.9351332
0.9296431
0.9296431
0.90191544
0.88607673
0.88607673
0.88607673
0.89171158
0.90099804
0.90971789
0.93442027
0.93442027
0.93442027
0.93230117
0.93193091
0.91303628
0.90503575
0.88712287
0.88709143
0.88709143
0.88709143
0.88709143
0.89123696
0.89123696
0.89123696
0.89123696
0.90285189
0.91795513
0.91795513
0.93664318
0.93664318
0.96496835
0.96496835
0.96496835
0.93950546
0.92873102
0.9256555
0.86356527
0.82200723
0.82200723
0.82200723
0.83896647
0.84117325
0.84117325
0.84117325
0.84117325
0.85281284
0.85281284
0.85281284
0.85281284
0.84415988
0.84415988
0.84415988
0.84415988
0.88533313
0.88533313
0.88533313
0.87972853
0.87972853
0.87972853
0.87972853
0.87972853
0.87972853
0.88274701
0.88274701
0.88274701
0.88274701
0.88274701
0.88274701
0.88274701
0.8650326
0.81714649
0.78380637
0.78005748
0.77449126
0.77449126
0.77449126
0.83567874
0.85721041
0.85721041
0.85721041
0.85721041
0.86090172
0.89527015
0.90086835
0.94737096
0.9558108
0.96942885
0.96942885
0.96942885
0.91751356
0.86173302
0.84148141
0.79881417
0.72898466
0.69422533
0.69422533
0.69422533
0.69422533
0.69422533
0.69422533
0.69422533
0.69422533
0.69422533
0.67081754
0.67081754
0.67081754
0.64049457
0.61555853
0.61555853
0.57931201
0.57931201
0.57931201
0.57931201
0.5480587
0.53572953
0.53572953
0.53368867
0.52871116
0.52871116
0.52871116
0.52871116
0.59909713
0.68988932
0.76317702
0.81328257
0.81328257
0.81328257
0.80223265
0.75482356
0.7437627
0.7437627
0.73565567
0.6358436
0.5919023
0.52131269
0.52131269
0.4424477
0.43017742
0.38246805
0.38246805
0.38246805
0.3596819
0.3596819
0.3596819
0.3596819
0.3596819
0.3596819
0.3596819
0.3596819
0.49463611
0.60873878
0.63366482
0.67555046
0.77289718
0.79599295
0.82564802
0.86723605
0.86723605
0.86723605
0.79278892
0.6947542
0.6947542
0.6866196
0.65496937
0.62110702
0.59214955
0.56680061
0.51742892
0.51380159
0.51380159
0.51380159
0.51436259
0.53327896
0.62857322
0.6763603
0.6763603
0.6763603
0.66070592
0.60062884
0.46035086
0.44111753
0.42947608
0.42947608
0.42947608
0.44001834
0.44001834
0.44001834
0.44731419
0.44731419
0.44731419
0.4184972
0.4184972
0.4184972
0.4184972
0.4594893
0.47810898
0.48810705
0.48810705
0.48810705
0.48810705
0.48810705
0.48810705
0.48810705
0.48810705
0.49514778
0.49904555
0.52202776
0.52202776
0.52202776
0.52202776
0.54509407
0.54666469
0.54666469
0.54666469
0.54666469
0.55167233
0.55167233
0.55167233
0.54904368
0.5202424
0.5202424
0.51385143
0.51385143
0.51385143
0.51385143
0.49262644
0.43844237
0.43844237
0.43844237
0.48718258
0.58182188
0.58182188
0.58182188
0.57946275
0.57946275
0.51553855
0.40026204
0.38006467
0.38006467
0.38006467
0.38006467
0.31663549
0.31663549
0.31663549
0.3597612
0.38789192
0.38789192
0.38789192
0.38789192
0.46550536
0.52551314
0.52551314
0.52551314
0.52551314
0.52551314
0.59959921
0.65495776
0.65495776
0.65495776
0.65495776
0.64632094
0.64632094
0.60218146
0.48189452
0.37337792
0.37337792
0.37337792
0.36023184
0.35431135
0.35431135
0.35431135
0.35930337
0.35958953
0.35958953
0.35958953
0.35958953
0.32695115
0.31446907
0.31446907
0.31446907
0.33379756
0.34822413
0.36488439
0.38078614
0.38078614
0.38078614
0.38078614
0.38935751
0.42736579
0.42736579
0.42736579
0.41853997
0.40325733
0.33796895
0.33796895
0.33796895
0.37575172
0.39223499
0.46504966
0.50527738
0.56233214
0.7136663
0.7376035
0.7376035
0.7376035
0.76259791
0.76259791
0.76259791
0.77341044
0.77350787
0.77350787
0.77350787
0.77350787
0.77350787
0.77350787
0.77350787
0.77350787
0.75263584
0.72319521
0.72319521
0.72319521
0.71086894
0.70884528
0.70884528
0.70884528
0.76556681
0.77468426
0.77468426
0.77468426
0.77333822
0.77333822
0.77333822
0.78173512
0.78173512
0.80154971
0.80154971
0.80154971
0.78161663
0.77103692
0.69156857
0.6351216
0.6351216
0.59978888
0.52243655
0.52243655
0.52243655
0.52269552
0.52269552
0.55744818
0.55744818
0.58933873
0.6499267
0.67599536
0.68121704
0.68121704
0.68121704
0.66138649
0.60704808
0.59754411
0.56688724
0.56688724
0.56688724
0.56688724
0.56688724
0.56688724
0.59175689
0.59175689
0.59175689
0.58074603
0.51906005
0.51906005
0.51906005
0.47745337
0.31683446
0.31683446
0.31683446
0.37988341
0.43262465
0.43262465
0.43262465
0.43262465
0.3514352
0.3514352
0.3514352
0.39477699
0.41049159
0.48277873
0.52031331
0.52031331
0.52031331
0.52031331
0.52031331
0.55638924
0.58355618
0.71039099
0.84269149
0.84269149
0.84269149
0.73739158
0.51674316
0.37861534
0.28346849
0.27628645
0.27628645
0.27628645
0.27628645
0.20148185
0.20148185
0.20148185
0.24709679
0.28883598
0.38031536
0.38031536
0.38031536
0.38031536
0.38930807
0.39947445
0.41620549
0.43012584
0.43012584
0.43012584
0.43012584
0.43012584
0.4643298
0.49676733
0.51280076
0.5831762
0.68855529
0.68855529
0.68855529
0.68021502
0.68021502
0.68021502
0.68021502
0.68869869
0.70354149
0.71180552
0.71180552
0.71180552
0.74270188
0.74270188
0.74270188
0.74124416
0.73311714
0.69595016
0.69595016
0.69595016
0.71856264
0.74283611
0.74283611
0.7827033
0.80845397
0.80845397
0.83673422
0.88522543
0.88522543
0.88522543
0.87797279
0.87797279
0.87797279
0.87261634
0.86865128
0.86401525
0.83042001
0.80882116
0.80306847
0.77175626
0.77175626
0.77175626
0.77175626
0.73074189
0.72594765
0.68816982
0.68816982
0.68816982
0.70696703
0.74231004
0.74231004
0.74231004
0.71379879
0.71379879
0.69736536
0.69736536
0.69736536
0.73588613
0.762853
0.78891621
0.78891621
0.78891621
0.78891621
0.76198265
0.67613132
0.66135822
0.66135822
0.66135822
0.67576625
0.70038426
0.70038426
0.70038426
0.62682492
0.62682492
0.62682492
0.64022279
0.6602457
0.6879467
0.71940285
0.72503519
0.72503519
0.72503519
0.71741986
0.70279404
0.70193489
0.70193489
0.70193489
0.70193489
0.70193489
0.70564512
0.70564512
0.70564512
0.67971147
0.67971147
0.67971147
0.69048563
0.69797728
0.69797728
0.7085398
0.7085398
0.71262122
0.75041265
0.75041265
0.75041265
0.73226092
0.73226092
0.73226092
0.73226092
0.70748631
0.70748631
0.69909193
0.69909193
0.68870976
0.68854435
0.66831152
0.64408472
0.64408472
0.64408472
0.63592838
0.60362227
0.60362227
0.60362227
0.60765052
0.60765052
0.60765052
0.64404858
0.65184372
0.66432779
0.6785163
0.67930161
0.67930161
0.69954737
0.70779872
0.71700549
0.71700549
0.72178105
0.72178105
0.72178105
0.71381398
0.70959394
0.70959394
0.70337901
0.69429344
0.69429344
0.67507385
0.66456637
0.66456637
0.66456637
0.66456637
0.66456637
0.67235618
0.70517117
0.70517117
0.70517117
0.69221607
0.68792139
0.68792139
0.68792139
0.69146927
0.69146927
0.71621271
0.71621271
0.71621271
0.70851873
0.69721489
0.69721489
0.69721489
0.69966599
0.69966599
0.69966599
0.69966599
0.70020499
0.73246899
0.73683991
0.75575147
0.77623554
0.78537938
0.79733977
0.88505178
0.91628107
0.9401447
0.94182675
0.94813362
0.95110453
0.95110453
0.9546451
0.9546451
0.9546451
0.9546451
0.9478656
0.94657421
0.94221259
0.93749821
0.92982503
0.92982503
0.92021457
0.90846503
0.90846503
0.90846503
0.91413628
0.91840936
0.92403529
0.92932935
0.92932935
0.92932935
0.93818795
0.94044086
0.94044086
0.94044086
0.93115267
0.90994287
0.82799183
0.68520823
0.55322747
0.44925053
0.44925053
0.44925053
0.44925053
0.37423828
0.37423828
0.37423828
0.54487176
0.54487176
0.54487176
0.54487176
0.54487176
0.54487176
0.54487176
0.54487176
0.50149584
0.50149584
0.50149584
0.50149584
0.54285769
0.54285769
0.54285769
0.51507818
0.51507818
0.51507818
0.54377283
0.54377283
0.54377283
0.51537607
0.51537607
0.51537607
0.51537607
0.51537607
0.45955528
0.45641937
0.45641937
0.45641937
0.45641937
0.45641937
0.61441763
0.61441763
0.61441763
0.58379116
0.56146098
0.53249911
0.49113899
0.49113899
0.49113899
0.49113899
0.48419582
0.48419582
0.48419582
0.54401312
0.5829908
0.65519023
0.71430886
0.788215
0.788215
0.788215
0.788215
0.84226484
0.84226484
0.84226484
0.82921712
0.79734418
0.74488923
0.74488923
0.74488923
0.74488923
0.74488923
0.74488923
0.74488923
0.78019742
0.78019742
0.78019742
0.77545995
0.77035865
0.74735443
0.68178457
0.62332409
0.60429188
0.60429188
0.60429188
0.71279036
0.74104982
0.77159606
0.77623967
0.77623967
0.77623967
0.70551918
0.69022465
0.69022465
0.69022465
0.66859663
0.60077584
0.60077584
0.60077584
0.68443305
0.74068689
0.75987876
0.75987876
0.75987876
0.75987876
0.75987876
0.75987876
0.71181898
0.71181898
0.71181898
0.72763875
0.7730975
0.77721132
0.78702905
0.81893609
0.81893609
0.81893609
0.80703742
0.76764351
0.7101544
0.6928069
0.66559879
0.66559879
0.66559879
0.6818856
0.6818856
0.68968033
0.68968033
0.68968033
0.68968033
0.68968033
0.68968033
0.68968033
0.64907526
0.62282574
0.5785015
0.5785015
0.5785015
0.65498229
0.67218105
0.78214805
0.78214805
0.84707775
0.86038551
0.86038551
0.86038551
0.83953585
0.83880944
0.80845569
0.76801871
0.76801871
0.76801871
0.76801871
0.76258004
0.71512829
0.71512829
0.70788631
0.68291574
0.67238722
0.67238722
0.67238722
0.69052521
0.69052521
0.69052521
0.69687169
0.69687169
0.73140365
0.73140365
0.73140365
0.77299754
0.8044365
0.8044365
0.8044365
0.8044365
0.82632472
0.82632472
0.82632472
0.82950581
0.87039462
0.87039462
0.88282726
0.88661012
0.88661012
0.88661012
0.86026677
0.8180311
0.8028055
0.8028055
0.8028055
0.80377489
0.83500593
0.85244911
0.85913998
0.8775716
0.88878266
0.88957703
0.88957703
0.88957703
0.88067952
0.88067952
0.8570662
0.8570662
0.8570662
0.8570662
0.8895641
0.89902116
0.95877145
0.96485147
0.96485147
0.96485147
0.94625406
0.94625406
0.94625406
0.94625406
0.94625406
0.92297782
0.87834705
0.87834705
0.86275584
0.86275584
0.84936051
0.84936051
0.84936051
0.85433335
0.85433335
0.85433335
0.85433335
0.88303051
0.88303051
0.88303051
0.88303051
0.88303051
0.88303051
0.88303051
0.88303051
0.91933501
0.91933501
0.91933501
0.88000629
0.88000629
0.88000629
0.88000629
0.88000629
0.88000629
0.88000629
0.88000629
0.90741447
0.90741447
0.90741447
0.89105355
0.86936195
0.8484939
0.8484939
0.8484939
0.80623252
0.80623252
0.80623252
0.80623252
0.80623252
0.79142782
0.772261
0.74929625
0.74929625
0.74929625
0.74929625
0.74929625
0.74929625
0.76380426
0.77358506
0.77358506
0.77358506
0.77358506
0.7957577
0.79880657
0.79880657
0.79880657
0.7561752
0.74047497
0.74047497
0.74047497
0.74047497
0.74047497
0.74268656
0.78793672
0.78793672
0.78793672
0.77800477
0.77800477
0.77800477
0.77800477
0.77800477
0.69114407
0.62876768
0.62876768
0.58032563
0.58032563
0.58032563
0.58032563
0.62455003
0.62455003
0.62455003
0.62455003
0.62455003
0.64623593
0.64623593
0.64623593
0.64623593
0.64623593
0.68932579
0.79920963
0.86922999
0.91762072
0.91762072
0.91762072
0.86097437
0.81829461
0.81829461
0.81829461
0.81829461
0.81829461
0.81345771
0.78417875
0.78417875
0.78417875
0.78417875
0.78417875
0.79176369
0.79176369
0.79176369
0.80131619
0.80131619
0.80131619
0.78243807
0.73874121
0.68330441
0.68330441
0.68330441
0.7958262
0.86664907
0.88781529
0.88781529
0.88781529
0.87922178
0.87922178
0.87922178
0.88378956
0.88378956
0.88378956
0.87269538
0.85534751
0.85534751
0.85534751
0.90487115
0.91363831
0.91570916
0.91570916
0.91570916
0.83995582
0.83459142
0.83459142
0.83459142
0.74450175
0.61000112
0.54878804
0.53494486
0.50225023
0.50225023
0.50225023
0.50225023
0.50225023
0.49602332
0.49602332
0.49602332
0.54193284
0.5740341
0.64407617
0.71977859
0.71977859
0.71977859
0.71977859
0.73858966
0.73858966
0.73858966
0.736202
0.71843961
0.69118217
0.6722141
0.6722141
0.6722141
0.62869677
0.62803928
0.62803928
0.62803928
0.69005194
0.72050766
0.72517806
0.72517806
0.72517806
0.70775769
0.70775769
0.70775769
0.71646821
0.73860353
0.85039466
0.85039466
0.85039466
0.753059
0.71380226
0.71380226
0.71380226
0.74793769
0.81220551
0.83828458
0.851442
0.851442
0.85487235
0.86201798
0.87809445
0.87809445
0.87809445
0.87809445
0.87809445
0.87809445
0.8712923
0.86164705
0.86078551
0.84518059
0.79830489
0.78344129
0.78344129
0.78344129
0.8303415
0.86300282
0.86300282
0.86300282
0.87398678
0.90419579
0.90419579
0.90419579
0.88023381
0.87384442
0.85426097
0.85426097
0.85426097
0.86732695
0.88264359
0.88399869
0.88875988
0.89413616
0.93128928
0.94404659
0.94404659
0.94404659
0.94404659
0.94744308
0.95114264
0.95125008
0.95740313
0.95740313
0.95740313
0.95740313
0.95740313
0.95144441
0.95144441
0.95144441
0.95144441
0.94818228
0.92516713
0.92516713
0.92497455
0.91860422
0.91834286
0.91834286
0.91834286
0.91834286
0.90385165
0.90385165
0.90385165
0.90385165
0.90385165
0.89105822
0.86531943
0.86531943
0.86531943
0.88910762
0.91922745
0.91922745
0.91922745
0.89777574
0.88919492
0.86736548
0.86560745
0.86560745
0.86560745
0.86560745
0.86560745
0.86148658
0.81908524
0.80421872
0.80421872
0.78535966
0.7803283
0.77302006
0.77302006
0.77302006
0.77302006
0.76906258
0.76906258
0.76102608
0.76102608
0.76102608
0.78243128
0.78243128
0.85915744
0.89295926
0.93475348
0.96352383
0.96352383
0.96352383
0.90850407
0.90850407
0.90850407
0.90850407
0.90850407
0.90850407
0.90850407
0.84870101
0.81640917
0.80630982
0.80630982
0.78257068
0.76853398
0.76853398
0.76853398
0.78506563
0.78506563
0.78506563
0.78506563
0.80228569
0.80228569
0.80367558
0.84724662
0.84724662
0.84724662
0.83440693
0.82523311
0.82523311
0.82523311
0.82523311
0.82523311
0.80377048
0.80377048
0.80377048
0.77701953
0.74903503
0.74399902
0.70880129
0.70880129
0.70880129
0.70955581
0.72666471
0.72666471
0.72666471
0.72666471
0.72666471
0.72812458
0.72812458
0.74932213
0.77068772
0.80944612
0.80944612
0.80944612
0.76895368
0.7682249
0.73961008
0.73961008
0.73961008
0.758893
0.758893
0.758893
0.70742273
0.6887692
0.6814371
0.67533921
0.67533921
0.67533921
0.67533921
0.67533921
0.66035446
0.66035446
0.66035446
0.66679595
0.72569468
0.78577283
0.81974421
0.81974421
0.81974421
0.81974421
0.81974421
0.84722115
0.84722115
0.84722115
0.82051698
0.82051698
0.82051698
0.82051698
0.82051698
0.79991017
0.79991017
0.79991017
0.79991017
0.78798256
0.78798256
0.78798256
0.87975506
0.89194924
0.89194924
0.89194924
0.89194924
0.89194924
0.88385007
0.88385007
0.88385007
0.88385007
0.88385007
0.88385007
0.88385007
0.88385007
0.82775046
0.8196557
0.80535591
0.80535591
0.75866867
0.68645153
0.65123529
0.65123529
0.65123529
0.6862596
0.6862596
0.69757115
0.72924083
0.78147814
0.78147814
0.78147814
0.81369109
0.81520746
0.81520746
0.81520746
0.80292187
0.77935933
0.75404159
0.75404159
0.75404159
0.75404159
0.75404159
0.83587067
0.84634336
0.84634336
0.84634336
0.84634336
0.84634336
0.84993323
0.84993323
0.84993323
0.78540125
0.78540125
0.78540125
0.78540125
0.78540125
0.78540125
0.78540125
0.78540125
0.78540125
0.78540125
0.73406973
0.73280365
0.73280365
0.73280365
0.80644737
0.80644737
0.82767982
0.82767982
0.82767982
0.82178478
0.81009628
0.81009628
0.81009628
0.80654292
0.80654292
0.80654292
0.80654292
0.80654292
0.80654292
0.80654292
0.81209554
0.81209554
0.81209554
0.7819993
0.72522006
0.69435433
0.69435433
0.69435433
0.69435433
0.71911709
0.71911709
0.71911709
0.69541422
0.69541422
0.69541422
0.69541422
0.69541422
0.69541422
0.69541422
0.69338696
0.69338696
0.69338696
0.69338696
0.69338696
0.69338696
0.71735269
0.71981097
0.71981097
0.71981097
0.70791334
0.65754842
0.65754842
0.65754842
0.60857017
0.60857017
0.60857017
0.60857017
0.60857017
0.61868913
0.61868913
0.64018482
0.65128059
0.65128059
0.69559188
0.79535744
0.81329418
0.81555268
0.81859477
0.84995696
0.87285453
0.87285453
0.90052474
0.90052474
0.90052474
0.89958469
0.89958469
0.89958469
0.89958469
0.89958469
0.90282043
0.91434965
0.91434965
0.91434965
0.89509155
0.76364605
0.71283835
0.71278609
0.71278609
0.6154194
0.6154194
0.6154194
0.68626839
0.69901984
0.69901984
0.7090504
0.77505772
0.77505772
0.7798946
0.7798946
0.7798946
0.7798946
0.7798946
0.80557183
0.80557183
0.80557183
0.82182183
0.82182183
0.82182183
0.83773625
0.83773625
0.83773625
0.83773625
0.84450749
0.84450749
0.87103747
0.87103747
0.87103747
0.86222949
0.85576401
0.83012466
0.80204432
0.77605041
0.76883293
0.76883293
0.76883293
0.76883293
0.76883293
0.72995644
0.72995644
0.72995644
0.74177142
0.74177142
0.74177142
0.74177142
0.74177142
0.7537249
0.76389956
0.80467254
0.83152786
0.84769298
0.84769298
0.84769298
0.85559887
0.85559887
0.85559887
0.82984063
0.82984063
0.82984063
0.83903203
0.83903203
0.8495555
0.8495555
0.8495555
0.8495555
0.8495555
0.8495555
0.83486637
0.83486637
0.83486637
0.85778394
0.85778394
0.85778394
0.85778394
0.86393488
0.87728743
0.90919235
0.90975975
0.90975975
0.90975975
0.90975975
0.90975975
0.90975975
0.90975975
0.90975975
0.90975975
0.89426852
0.86622496
0.86622496
0.83173792
0.82121619
0.80277858
0.78699425
0.78699425
0.78699425
0.7910257
0.7910257
0.81916201
0.8285275
0.83796763
0.83796763
0.83796763
0.83796763
0.83796763
0.86013559
0.88051997
0.88189493
0.90441692
0.90441692
0.90441692
0.87920765
0.85579413
0.83048571
0.81831073
0.79798861
0.79798861
0.79798861
0.79874633
0.79874633
0.79874633
0.79874633
0.79407671
0.78462607
0.78096247
0.7487975
0.7487975
0.7487975
0.78079346
0.78079346
0.80369743
0.82863253
0.84144315
0.85292733
0.86661123
0.86661123
0.86661123
0.86661123
0.84931972
0.8430031
0.8430031
0.8430031
0.8430031
0.81005205
0.81005205
0.81005205
0.82307977
0.82307977
0.82307977
0.82307977
0.83470696
0.83470696
0.83470696
0.82857895
0.82857895
0.82857895
0.83583587
0.89884455
0.90280737
0.9111755
0.9111755
0.9111755
0.9111755
0.88341052
0.8566806
0.8566806
0.84180876
0.84180876
0.82259755
0.81962024
0.81962024
0.81962024
0.83988053
0.83988053
0.83988053
0.83988053
0.83988053
0.83988053
0.83988053
0.83988053
0.81496529
0.81496529
0.81496529
0.81496529
0.81376321
0.80978706
0.80978706
0.80978706
0.80978706
0.81101754
0.81101754
0.81101754
0.80329226
0.79630855
0.79630855
0.79630855
0.78118505
0.7801361
0.77575533
0.77094989
0.76996972
0.76996972
0.76996972
0.77597512
0.80535696
0.82346618
0.82476475
0.82476475
0.82673709
0.82704724
0.83660613
0.83855475
0.84497439
0.84497439
0.84497439
0.84497439
0.84497439
0.84497439
0.84497439
0.84497439
0.84497439
0.84165641
0.84165641
0.84165641
0.84306028
0.84306028
0.84306028
0.83405387
0.81909645
0.80393815
0.79960147
0.79431343
0.79431343
0.79431343
0.79824825
0.82212865
0.8511829
0.8511829
0.8511829
0.84757623
0.84451082
0.83796564
0.83796564
0.83796564
0.84225578
0.84478152
0.84478152
0.84478152
0.83742516
0.83742516
0.83742516
0.84189232
0.84735364
0.84735364
0.84735364
0.84621221
0.84621221
0.83990638
0.83990638
0.83990638
0.84237508
0.84237508
0.84237508
0.84152486
0.84152486
0.84135719
0.84135719
0.84135719
0.84143302
0.84534825
0.84573504
0.84713345
0.84713345
0.84736869
0.84736869
0.84736869
0.84439181
0.84439181
0.84439181
0.84779787
0.84779787
0.85055034
0.85055034
0.8526157
0.86137381
0.86870859
0.86870859
0.86870859
0.87508796
0.88760724
0.88760724
0.88760724
0.8826248
0.87298848
0.83842346
0.83842346
0.83842346
0.83842346
0.8466203
0.84906554
0.85219227
0.85354522
0.85354522
0.87193286
0.87193286
0.87193286
0.84530053
0.84530053
0.84530053
0.84232164
0.82060908
0.82060908
0.82060908
0.82060908
0.74010805
0.74010805
0.74010805
0.76777425
0.76777425
0.76777425
0.76777425
0.76777425
0.76777425
0.76777425
0.76777425
0.76777425
0.75217799
0.74709281
0.74709281
0.74709281
0.74709281
0.74709281
0.68905243
0.68905243
0.68905243
0.70913396
0.70913396
0.72231658
0.72231658
0.72231658
0.72231658
0.72231658
0.76658069
0.76658069
0.77816217
0.78786874
0.78786874
0.78786874
0.78786874
0.78786874
0.7851652
0.7851652
0.76605849
0.75548799
0.75548799
0.75548799
0.75548799
0.75548799
0.71495864
0.71495864
0.71495864
0.71495864
0.71495864
0.71495864
0.70038453
0.68883583
0.68883583
0.68883583
0.69107835
0.69107835
0.73121705
0.75122568
0.76361126
0.76556253
0.76556253
0.76556253
0.76556253
0.83285684
0.88657054
0.88657054
0.88657054
0.88657054
0.88657054
0.85331398
0.85331398
0.85331398
0.82852124
0.80551863
0.80551863
0.79322436
0.79322436
0.76996572
0.76387396
0.76387396
0.76387396
0.80856671
0.81567144
0.83595638
0.83595638
0.86037497
0.86037497
0.86037497
0.79254808
0.79254808
0.79254808
0.79254808
0.79254808
0.79254808
0.80865922
0.80865922
0.80865922
0.82186581
0.88252257
0.88252257
0.88252257
0.84513313
0.7788899
0.71440257
0.71440257
0.71440257
0.73308529
0.73910069
0.88125224
0.89182795
0.89182795
0.89182795
0.89182795
0.89182795
0.89182795
0.89182795
0.89277319
0.89277319
0.89277319
0.8934712
0.8934712
0.8934712
0.79436421
0.76295817
0.76295817
0.76295817
0.83385248
0.8657954
0.89583486
0.89583486
0.89583486
0.89583486
0.89583486
0.89583486
0.88688042
0.883163
0.87758479
0.87030012
0.80725586
0.78373506
0.76717208
0.76717208
0.76717208
0.76717208
0.76717208
0.76717208
0.76717208
0.81563052
0.83446704
0.83446704
0.83446704
0.83446704
0.85512412
0.8565092
0.92046793
0.92046793
0.92046793
0.89510087
0.89510087
0.89510087
0.89510087
0.89204479
0.86862874
0.86862874
0.86862874
0.84995228
0.84995228
0.84995228
0.84455641
0.84455641
0.81226936
0.81226936
0.78016877
0.757258
0.63118758
0.55056126
0.55056126
0.55056126
0.58231705
0.60378327
0.60378327
0.60378327
0.66445561
0.66445561
0.66445561
0.66445561
0.66445561
0.66445561
0.63429977
0.62795064
0.62795064
0.62795064
0.63972899
0.63972899
0.65745352
0.75713325
0.78219348
0.78219348
0.78219348
0.77921911
0.74114539
0.7397627
0.7397627
0.7397627
0.7397627
0.7397627
0.78597542
0.83819634
0.85961978
0.85961978
0.85961978
0.85961978
0.85961978
0.85961978
0.84851187
0.81903473
0.81903473
0.81903473
0.82306924
0.83365069
0.83365069
0.83365069
0.81916349
0.81916349
0.80921515
0.80921515
0.80921515
0.80921515
0.80906627
0.78278861
0.68845171
0.62514234
0.60947825
0.60947825
0.60947825
0.67344885
0.67344885
0.67344885
0.63074921
0.60190782
0.60190782
0.60190782
0.61222937
0.65994702
0.68106617
0.68106617
0.68106617
0.68106617
0.66764911
0.66764911
0.66764911
0.69936331
0.71472898
0.71472898
0.71822995
0.71822995
0.73924143
0.7653982
0.76616459
0.76616459
0.76616459
0.7531523
0.72872556
0.71190762
0.69319823
0.68018888
0.66912415
0.66804723
0.66804723
0.66804723
0.66804723
0.66804723
0.67458668
0.67458668
0.67458668
0.67077116
0.67077116
0.67077116
0.67077116
0.62765303
0.60311818
0.60311818
0.60311818
0.60311818
0.60311818
0.58609018
0.58609018
0.58609018
0.59373138
0.59961533
0.59961533
0.59961533
0.62904717
0.66027995
0.68391286
0.69769645
0.69959068
0.69959068
0.70793003
0.70806542
0.70806542
0.72324118
0.72908916
0.73281566
0.74287236
0.74287236
0.74287236
0.7462126
0.7462126
0.7462126
0.74405738
0.74405738
0.74405738
0.74405738
0.74405738
0.73110441
0.72719613
0.72719613
0.72719613
0.70204831
0.69566625
0.69566625
0.69566625
0.73648644
0.73883157
0.73883157
0.73883157
0.73883157
0.73883157
0.74083164
0.74083164
0.74564254
0.76494731
0.79560629
0.83005534
0.84192618
0.84192618
0.84384201
0.84384201
0.84384201
0.84328474
0.80656052
0.80656052
0.80656052
0.81281289
0.816493
