0.36588156
0.3600739
0.32644518
0.32644518
0.32644518
0.3361205
0.3361205
0.3361205
0.3361205
0.32909694
0.32909694
0.32909694
0.32909694
0.32909694
0.32909694
0.37626896
0.41280194
0.41280194
0.41280194
0.38247417
0.33349309
0.33349309
0.33349309
0.3575079
0.3575079
0.3575079
0.3421477
0.34187112
0.34187112
0.34187112
0.39339081
0.47561571
0.48809402
0.49410981
0.49410981
0.49410981
0.49081095
0.49081095
0.49081095
0.50871383
0.50871383
0.50871383
0.50740374
0.46605339
0.46605339
0.43633957
0.42754396
0.42754396
0.42754396
0.44340404
0.44340404
0.44340404
0.44340404
0.44340404
0.44340404
0.44340404
0.44340404
0.44340404
0.44340404
0.44340404
0.38822886
0.37403717
0.3159064
0.3159064
0.28301472
0.28301472
0.28301472
0.28805673
0.28805673
0.31860121
0.39613395
0.44264233
0.49284004
0.49902768
0.49902768
0.49902768
0.49902768
0.52807997
0.52807997
0.52807997
0.52676612
0.44774935
0.39612761
0.3812434
0.36147983
0.34499419
0.28842151
0.28842151
0.28842151
0.3219282
0.3219282
0.35093505
0.35093505
0.35093505
0.35093505
0.35093505
0.35093505
0.33145302
0.33145302
0.33145302
0.33145302
0.34605613
0.35583019
0.36330622
0.36330622
0.36330622
0.36330622
0.41558391
0.41558391
0.41558391
0.41558391
0.41558391
0.45161716
0.46112846
0.46112846
0.46626723
0.46626723
0.49119695
0.49119695
0.49119695
0.47746918
0.46951204
0.40197725
0.34655771
0.33330771
0.33330771
0.33330771
0.41662086
0.45947827
0.47029471
0.47029471
0.47029471
0.38855558
0.35349532
0.35200451
0.35200451
0.35200451
0.37353623
0.37353623
0.37353623
0.34205742
0.33874066
0.33874066
0.33874066
0.37919957
0.41557217
0.41557217
0.41557217
0.41095193
0.40112117
0.40112117
0.40112117
0.40112117
0.40469087
0.44337877
0.44337877
0.44337877
0.42332403
0.42332403
0.42332403
0.42924396
0.45132266
0.47290719
0.47290719
0.47290719
0.47290719
0.42150426
0.38909641
0.38909641
0.38909641
0.38909641
0.35041542
0.32978885
0.32978885
0.32978885
0.32978885
0.26688361
0.2592854
0.2592854
0.2592854
0.28708569
0.35836969
0.38668524
0.38668524
0.38668524
0.38668524
0.39695284
0.39695284
0.43651685
0.44541387
0.44541387
0.44541387
0.44541387
0.44541387
0.48149123
0.50657053
0.51364071
0.51364071
0.51517787
0.53057375
0.53057375
0.53057375
0.51099662
0.45461158
0.4301339
0.33519233
0.22695894
0.22695894
0.22695894
0.29059776
0.29059776
0.29059776
0.29059776
0.29059776
0.29059776
0.33730915
0.35150582
0.36689248
0.36689248
0.36689248
0.30761987
0.30761987
0.30761987
0.30811674
0.30811674
0.30811674
0.30811674
0.30811674
0.31340495
0.42591485
0.50997214
0.50997214
0.50997214
0.50997214
0.48919419
0.47836076
0.47313999
0.47313999
0.46482545
0.46482545
0.46482545
0.41869026
0.40802207
0.40732641
0.40732641
0.40732641
0.40732641
0.3804463
0.3804463
0.3804463
0.4378358
0.47448454
0.50269789
0.50269789
0.50269789
0.47135137
0.37953649
0.37953649
0.37953649
0.38859228
0.40573898
0.42800082
0.51657133
0.52806748
0.52806748
0.52806748
0.52806748
0.52806748
0.52806748
0.52806748
0.52806748
0.52806748
0.61732989
0.61732989
0.61732989
0.58207193
0.58207193
0.58207193
0.58207193
0.58207193
0.58207193
0.60772274
0.60772274
0.60772274
0.482313
0.482313
0.482313
0.49480578
0.49480578
0.49480578
0.49480578
0.49480578
0.49480578
0.49480578
0.49480578
0.49480578
0.49480578
0.49480578
0.37274995
0.36846637
0.36846637
0.3531119
0.3531119
0.3531119
0.38058475
0.38058475
0.38058475
0.34477556
0.328929
0.32018576
0.31468162
0.31468162
0.31468162
0.31468162
0.31468162
0.38491182
0.44272209
0.44272209
0.54885295
0.54885295
0.54885295
0.48272306
0.45922457
0.45922457
0.45922457
0.37095245
0.35731663
0.35731663
0.33130314
0.25689516
0.23329854
0.19387389
0.19387389
0.19387389
0.24984588
0.29033666
0.36445258
0.36445258
0.36445258
0.33620189
0.27631712
0.27631712
0.27631712
0.30101089
0.30101089
0.30766922
0.30766922
0.30766922
0.41728267
0.47965657
0.49653555
0.50018488
0.50018488
0.50328614
0.52643913
0.52643913
0.52643913
0.52499119
0.42756247
0.42275672
0.42275672
0.42275672
0.49232193
0.55621703
0.55621703
0.55621703
0.55621703
0.61738122
0.61738122
0.61738122
0.60464766
0.48258882
0.4556869
0.4556869
0.34960718
0.34960718
0.34960718
0.41050396
0.41050396
0.41050396
0.43962969
0.43962969
0.43962969
0.43962969
0.49901051
0.64434078
0.71203055
0.71203055
0.71203055
0.55576408
0.50425358
0.35942111
0.27651634
0.22772684
0.22772684
0.22772684
0.38077993
0.38077993
0.38077993
0.42757812
0.48736872
0.49274011
0.49741435
0.49741435
0.49741435
0.49741435
0.49741435
0.49741435
0.41213788
0.41213788
0.41213788
0.41731804
0.50923343
0.58121989
0.58121989
0.58121989
0.59221931
0.66169121
0.66169121
0.66169121
0.57677468
0.5742621
0.5742621
0.5742621
0.47175105
0.47175105
0.47175105
0.50448681
0.50448681
0.50448681
0.53833975
0.53833975
0.53833975
0.55366489
0.56571749
0.56571749
0.56571749
0.51683889
0.47484991
0.41048305
0.35336454
0.35336454
0.35336454
0.35336454
0.35336454
0.35336454
0.38364117
0.38364117
0.38364117
0.45624189
0.45624189
0.47051501
0.47051501
0.47051501
0.45212608
0.41289796
0.41289796
0.41289796
0.44458715
0.59901456
0.59901456
0.59901456
0.48879166
0.48879166
0.42469265
0.42469265
0.42469265
0.42469265
0.42469265
0.40053113
0.40053113
0.40053113
0.53377778
0.56608723
0.56608723
0.56608723
0.5320924
0.40391229
0.40391229
0.40391229
0.57220413
0.57220413
0.57220413
0.5386851
0.5386851
0.5386851
0.56356667
0.56356667
0.56356667
0.39062738
0.39062738
0.39062738
0.40181519
0.48879767
0.5364172
0.62588113
0.62588113
0.62588113
0.4720481
0.43480829
0.43480829
0.43480829
0.40958347
0.40958347
0.40958347
0.43127454
0.43940442
0.48181762
0.48181762
0.48181762
0.48181762
0.48181762
0.58982501
0.58982501
0.58982501
0.56159476
0.40994823
0.40994823
0.40994823
0.42690262
0.4759138
0.4759138
0.49164689
0.49164689
0.49164689
0.50845695
0.50845695
0.52631017
0.56125815
0.56125815
0.56125815
0.56125815
0.49594236
0.49594236
0.49594236
0.49594236
0.50901134
0.52932008
0.58177531
0.58177531
0.58177531
0.48603469
0.48603469
0.48603469
0.48603469
0.52423367
0.65445655
0.65445655
0.65445655
0.62026954
0.62026954
0.62026954
0.62026954
0.62026954
0.62026954
0.6031075
0.57845405
0.49796076
0.49796076
0.49796076
0.49796076
0.49796076
0.44560198
0.42400165
0.37128638
0.37128638
0.37128638
0.37128638
0.37128638
0.37128638
0.37128638
0.37128638
0.37128638
0.38854669
0.56370618
0.64958397
0.64958397
0.717177
0.717177
0.717177
0.68582506
0.60646321
0.60646321
0.59844154
0.5733836
0.5733836
0.56111685
0.50298984
0.50298984
0.50298984
0.51173367
0.51173367
0.61628736
0.61628736
0.65758474
0.65758474
0.65758474
0.56142097
0.56142097
0.56142097
0.56142097
0.56142097
0.53323198
0.53323198
0.53323198
0.53323198
0.60759017
0.71207584
0.71207584
0.71207584
0.69065592
0.67247695
0.58450956
0.53494791
0.39148437
0.39148437
0.39148437
0.41441224
0.41839548
0.41839548
0.41839548
0.52197976
0.52197976
0.52197976
0.45445644
0.41611027
0.41611027
0.41611027
0.44067449
0.44067449
0.44067449
0.44067449
0.44067449
0.45928942
0.48006528
0.49481962
0.49481962
0.49481962
0.45624684
0.45624684
0.45624684
0.47031321
0.47031321
0.47031321
0.47031321
0.52343689
0.52343689
0.52364876
0.52364876
0.52364876
0.52364876
0.58733214
0.58733214
0.58733214
0.40653096
0.35828799
0.35828799
0.35828799
0.53706564
0.53706564
0.53706564
0.60677276
0.60677276
0.60677276
0.60677276
0.60677276
0.60677276
0.5455371
0.40162423
0.40162423
0.40162423
0.40162423
0.40162423
0.3971837
0.25153578
0.25153578
0.25153578
0.50152656
0.51305083
0.51305083
0.51305083
0.51305083
0.60732682
0.60732682
0.60732682
0.59463858
0.54183452
0.54183452
0.54183452
0.52054839
0.50382063
0.35526497
0.35526497
0.35526497
0.5696306
0.65560607
0.65560607
0.65560607
0.50606055
0.50606055
0.50606055
0.50606055
0.50606055
0.3008255
0.3008255
0.3008255
0.44124615
0.44124615
0.49830763
0.49830763
0.49830763
0.49830763
0.49830763
0.49830763
0.36840646
0.36840646
0.36840646
0.37166453
0.37166453
0.42984965
0.42984965
0.47478669
0.50338169
0.50338169
0.50338169
0.48978256
0.48978256
0.48978256
0.48978256
0.48978256
0.48978256
0.49761675
0.49761675
0.49761675
0.49761675
0.49761675
0.39196681
0.39196681
0.39196681
0.46874187
0.48019919
0.48019919
0.48019919
0.46180622
0.46180622
0.46180622
0.46180622
0.46180622
0.46180622
0.46180622
0.46180622
0.46180622
0.46180622
0.46180622
0.47692563
0.47692563
0.47692563
0.47692563
0.49710874
0.49710874
0.49710874
0.39954715
0.39954715
0.39954715
0.39954715
0.39954715
0.36501058
0.2790008
0.2790008
0.2790008
0.37231341
0.37231341
0.39502174
0.39502174
0.39502174
0.39502174
0.39502174
0.39502174
0.34145685
0.34145685
0.34145685
0.38576384
0.38576384
0.42854226
0.42854226
0.42854226
0.38838536
0.38838536
0.38838536
0.38838536
0.39909705
0.42545951
0.42545951
0.42545951
0.4289922
0.4289922
0.46215412
0.46215412
0.46215412
0.46215412
0.47695544
0.52496771
0.52496771
0.52496771
0.46023415
0.40466484
0.40152297
0.38512054
0.37527622
0.33215382
0.33215382
0.33215382
0.3328564
0.3328564
0.3328564
0.31980896
0.31980896
0.31092592
0.29890808
0.29890808
0.29890808
0.30552155
0.30552155
0.31334355
0.34818696
0.37080062
0.44166072
0.44166072
0.44166072
0.44166072
0.46154813
0.50018922
0.50018922
0.50379281
0.50379281
0.50379281
0.44380599
0.40096724
0.40096724
0.40096724
0.47120706
0.56182186
0.56728311
0.56728311
0.56728311
0.56728311
0.55118692
0.53788951
0.42369301
0.42369301
0.42369301
0.43993593
0.58276141
0.58546647
0.6299721
0.6299721
0.67730948
0.67730948
0.67730948
0.63016292
0.62832267
0.54217101
0.54217101
0.52809893
0.46460169
0.46460169
0.43952916
0.43563547
0.36356295
0.36161662
0.32123493
0.32123493
0.29527546
0.27256097
0.27256097
0.27256097
0.27256097
0.34553833
0.49075783
0.64042105
0.64042105
0.64042105
0.57330776
0.57330776
0.57330776
0.6697251
0.78856845
0.78856845
0.80240863
0.80240863
0.80240863
0.76889579
0.76889579
0.76889579
0.79246575
0.79246575
0.79246575
0.67685232
0.6316286
0.49012026
0.45530272
0.45530272
0.3851371
0.3851371
0.3851371
0.39770706
0.62367568
0.62367568
0.62367568
0.48663902
0.48663902
0.48663902
0.48663902
0.43637509
0.43637509
0.43637509
0.43637509
0.43637509
0.43901963
0.57081444
0.57081444
0.57081444
0.44798664
0.44798664
0.44798664
0.57640103
0.57640103
0.57640103
0.5508575
0.5508575
0.5508575
0.5508575
0.31652668
0.30436496
0.30436496
0.30436496
0.30436496
0.40902219
0.40902219
0.40902219
0.40902219
0.46524712
0.46524712
0.46524712
0.4540277
0.42589892
0.42589892
0.42589892
0.42589892
0.42589892
0.42589892
0.37685554
0.37685554
0.33195578
0.33195578
0.33195578
0.33195578
0.30439008
0.17629154
0.17629154
0.17629154
0.21095303
0.42820292
0.42820292
0.42820292
0.42135304
0.39788674
0.39069269
0.39069269
0.39069269
0.39069269
0.37658873
0.32179863
0.32179863
0.32179863
0.34541841
0.36859503
0.39290355
0.39290355
0.39290355
0.36802156
0.36208974
0.36208974
0.36208974
0.36208974
0.36208974
0.34600153
0.34600153
0.34600153
0.34600153
0.34600153
0.34600153
0.42748723
0.42748723
0.42748723
0.42748723
0.42748723
0.42748723
0.42748723
0.42748723
0.38747692
0.36615316
0.30855103
0.30668718
0.30668718
0.30668718
0.30668718
0.30668718
0.30668718
0.31466296
0.32145147
0.44354941
0.44354941
0.44354941
0.42769069
0.42769069
0.42769069
0.42769069
0.42769069
0.42934131
0.42934131
0.47108563
0.47108563
0.47108563
0.42853713
0.42853713
0.42853713
0.5089713
0.52478157
0.55350944
0.55350944
0.55350944
0.579846
0.579846
0.579846
0.57244324
0.57244324
0.57244324
0.57244324
0.57244324
0.57244324
0.58390629
0.58390629
0.58390629
0.55860563
0.55573384
0.55573384
0.55573384
0.52699786
0.45379235
0.39853441
0.38369444
0.35885334
0.32653952
0.32653952
0.32653952
0.36129399
0.43749376
0.45401987
0.48868181
0.48868181
0.48868181
0.48868181
0.48868181
0.50008195
0.50008195
0.50008195
0.49385083
0.41255455
0.41255455
0.41255455
0.43452252
0.43452252
0.57126799
0.57126799
0.57126799
0.51415988
0.51415988
0.51415988
0.51415988
0.51415988
0.51415988
0.64960551
0.64960551
0.64960551
0.52225982
0.52225982
0.52225982
0.52225982
0.52225982
0.52225982
0.52225982
0.44482368
0.44482368
0.4277456
0.4277456
0.4277456
0.54117496
0.54117496
0.54117496
0.77015125
0.77015125
0.77015125
0.67780593
0.67780593
0.62191145
0.25334215
0.25334215
0.25334215
0.38243385
0.46020178
0.46020178
0.46020178
0.46020178
0.46020178
0.46020178
0.48323786
0.48323786
0.48323786
0.48082414
0.48082414
0.48082414
0.48082414
0.53845503
0.56761086
0.61335359
0.61335359
0.63299752
0.63299752
0.63299752
0.62695707
0.62695707
0.58454071
0.42703383
0.40118739
0.37587365
0.37587365
0.37587365
0.4168228
0.45793765
0.45793765
0.55733931
0.62228116
0.63800506
0.63800506
0.63800506
0.63800506
0.63800506
0.63800506
0.56764426
0.53815949
0.4978336
0.4978336
0.4978336
0.4978336
0.4978336
0.4978336
0.39636086
0.39636086
0.39636086
0.45119249
0.46096683
0.46096683
0.46096683
0.46096683
0.49612986
0.58144531
0.58144531
0.58144531
0.52615712
0.40199742
0.3505972
0.3505972
0.2298891
0.21987654
0.21987654
0.21987654
0.21987654
0.21987654
0.21987654
0.27197228
0.42992607
0.48043229
0.50738508
0.55497513
0.55497513
0.55497513
0.48155955
0.47095033
0.47095033
0.47095033
0.47095033
0.43785342
0.43785342
0.27481097
0.27481097
0.27481097
0.27481097
0.33755909
0.41124042
0.41124042
0.48024239
0.48024239
0.48024239
0.47596904
0.47596904
0.47596904
0.51383559
0.51383559
0.51383559
0.51383559
0.51383559
0.51383559
0.51383559
0.51383559
0.51383559
0.41273438
0.41273438
0.41273438
0.41273438
0.41273438
0.48026735
0.48026735
0.48026735
0.48026735
0.48026735
0.48026735
0.48026735
0.52395394
0.52395394
0.52395394
0.58941644
0.58941644
0.58941644
0.58941644
0.50567261
0.50567261
0.50567261
0.50567261
0.50567261
0.50567261
0.50567261
0.5269661
0.5269661
0.5269661
0.5269661
0.52554858
0.52554858
0.52153782
0.52153782
0.52153782
0.52153782
0.52153782
0.52153782
0.52153782
0.53279559
0.53279559
0.53279559
0.51043562
0.51043562
0.51043562
0.51043562
0.51043562
0.51043562
0.51043562
0.54223963
0.54929325
0.54929325
0.54929325
0.54929325
0.54929325
0.58850439
0.58850439
0.58850439
0.58850439
0.58850439
0.58850439
0.58850439
0.58850439
0.58850439
0.58850439
0.58850439
0.58850439
0.567738
0.567738
0.567738
0.567738
0.567738
0.567738
0.64074789
0.64074789
0.64074789
0.59890486
0.59890486
0.59890486
0.59890486
0.59890486
0.59890486
0.54022635
0.54022635
0.54022635
0.54022635
0.67816754
0.67816754
0.67816754
0.58447976
0.56088781
0.56088781
0.56088781
0.56088781
0.48371939
0.48371939
0.4456703
0.4456703
0.4456703
0.46827403
0.46827403
0.46827403
0.46827403
0.44764748
0.44764748
0.44764748
0.56059031
0.5626042
0.5626042
0.5626042
0.51403979
0.43923138
0.33710208
0.33710208
0.29366877
0.29366877
0.29366877
0.29366877
0.29366877
0.29366877
0.30060911
0.38037467
0.38037467
0.38037467
0.36888259
0.25852876
0.17465868
0.17465868
0.17465868
0.4100963
0.42150141
0.42150141
0.42150141
0.42150141
0.50722573
0.50722573
0.50722573
0.581436
0.581436
0.581436
0.56369159
0.54088664
0.521925
0.521925
0.521925
0.521925
0.521925
0.5340664
0.5340664
0.5340664
0.5340664
0.54459359
0.54459359
0.54459359
0.51595948
0.49658642
0.4565576
0.37301436
0.35215213
0.34316617
0.34316617
0.34316617
0.45428895
0.45428895
0.45428895
0.45428895
0.43467766
0.38019891
0.38019891
0.38019891
0.44462777
0.44462777
0.44462777
0.39650908
0.39650908
0.39650908
0.39650908
0.40378513
0.40378513
0.41282588
0.44472272
0.52736338
0.54041264
0.54041264
0.54041264
0.62651434
0.69454737
0.80564382
0.83766435
0.83766435
0.83766435
0.82104944
0.777884
0.67594026
0.63884024
0.63884024
0.63884024
0.69144311
0.74591614
0.74591614
0.74591614
0.74591614
0.74528548
0.70000877
0.6843979
0.62003313
0.62003313
0.62003313
0.61202153
0.59885008
0.53510277
0.53510277
0.4954375
0.4954375
0.4954375
0.52124572
0.52124572
0.52124572
0.52124572
0.52124572
0.52124572
0.50640981
0.50640981
0.50640981
0.50640981
0.50640981
0.46307627
0.46307627
0.46307627
0.49912579
0.49912579
0.49912579
0.49912579
0.49912579
0.55744106
0.6124197
0.61765688
0.61765688
0.62241285
0.63702393
0.63702393
0.63702393
0.63038307
0.62710137
0.4907801
0.40427481
0.35499246
0.35499246
0.35499246
0.4935014
0.6283761
0.68407466
0.68407466
0.68407466
0.6597777
0.64585339
0.62246897
0.62246897
0.60751117
0.56902297
0.52225139
0.49816301
0.49816301
0.43720921
0.32339252
0.30886313
0.30886313
0.30886313
0.37239708
0.37239708
0.37239708
0.35578038
0.35578038
0.35578038
0.42531911
0.42531911
0.42531911
0.35145646
0.35145646
0.35145646
0.32436537
0.32436537
0.32436537
0.36451083
0.36451083
0.36451083
0.35852862
0.2605553
0.2605553
0.2605553
0.2605553
0.33606692
0.33606692
0.33606692
0.33606692
0.33606692
0.33606692
0.40270695
0.40270695
0.40270695
0.40270695
0.38620099
0.38620099
0.38620099
0.38620099
0.38620099
0.37554724
0.37554724
0.37554724
0.37554724
0.37554724
0.36957977
0.3558511
0.3558511
0.33939118
0.28480154
0.27892135
0.27892135
0.27892135
0.27892135
0.28974483
0.28974483
0.29239572
0.29580771
0.29913393
0.29913393
0.32665192
0.40850678
0.40850678
0.40850678
0.39447247
0.39447247
0.38703362
0.37824026
0.29009245
0.28448386
0.23825147
0.20381602
0.20381602
0.20381602
0.20792835
0.20792835
0.20792835
0.2615229
0.32784149
0.32784149
0.32784149
0.32868389
0.32868389
0.32868389
0.32868389
0.33194074
0.33194074
0.34025585
0.34025585
0.34025585
0.33933988
0.33933988
0.33933988
0.42613066
0.43624853
0.43624853
0.43624853
0.36628364
0.3138299
0.3138299
0.3138299
0.51341847
0.51341847
0.51341847
0.49062347
0.49062347
0.49062347
0.59067506
0.59067506
0.59067506
0.59067506
0.61717475
0.64842574
0.72454845
0.83976342
0.83976342
0.83976342
0.73184979
0.66579137
0.61816176
0.61816176
0.53905183
0.53905183
0.53905183
0.53905183
0.53905183
0.53905183
0.53905183
0.53905183
0.53905183
0.53905183
0.53905183
0.53905183
0.53905183
0.54828008
0.54828008
0.54828008
0.54828008
0.50418345
0.50418345
0.50418345
0.50418345
0.64356609
0.64356609
0.64356609
0.64356609
0.64356609
0.62682119
0.62682119
0.62682119
0.41908032
0.29401172
0.29401172
0.29401172
0.39323643
0.52453372
0.52453372
0.52453372
0.47256439
0.47256439
0.47256439
0.50356107
0.55904307
0.63261905
0.63261905
0.63261905
0.57099518
0.57099518
0.57099518
0.5671361
0.52545424
0.37052465
0.37052465
0.37052465
0.37052465
0.38791482
0.50517768
0.50517768
0.51767947
0.51767947
0.51767947
0.51767947
0.51767947
0.51767947
0.46083141
0.46083141
0.46083141
0.48693157
0.6123896
0.65050943
0.65050943
0.65050943
0.54252779
0.52622259
0.52622259
0.52622259
0.53174945
0.53174945
0.53174945
0.53174945
0.5815341
0.58229433
0.60567996
0.64635916
0.67673631
0.71601574
0.73522702
0.73522702
0.73522702
0.72987488
0.72987488
0.72987488
0.77590081
0.77590081
0.79170146
0.79170146
0.79170146
0.79170146
0.76294968
0.71091579
0.59029058
0.46063186
0.46063186
0.37352537
0.37352537
0.37352537
0.37352537
0.40247822
0.40247822
0.48306886
0.59696757
0.61619753
0.61619753
0.61619753
0.61093717
0.61093717
0.55096901
0.55096901
0.55096901
0.55096901
0.55096901
0.55096901
0.55096901
0.55096901
0.55096901
0.55096901
0.55096901
0.55096901
0.56286257
0.56286257
0.5806449
0.5806449
0.5806449
0.57956581
0.57956581
0.57956581
0.40877508
0.33986897
0.33986897
0.33986897
0.34098088
0.34098088
0.35999549
0.35999549
0.35999549
0.35999549
0.35999549
0.35999549
0.49129114
0.49129114
0.49129114
0.45756582
0.45756582
0.45756582
0.45756582
0.48249011
0.48249011
0.48249011
0.48249011
0.48249011
0.51587026
0.51587026
0.51587026
0.51587026
0.51587026
0.51587026
0.51587026
0.51587026
0.55304852
0.55304852
0.55304852
0.54326454
0.54326454
0.54326454
0.54326454
0.54326454
0.54326454
0.54326454
0.45471344
0.45471344
0.45471344
0.46305898
0.46305898
0.46305898
0.46305898
0.46305898
0.46305898
0.59274913
0.59274913
0.59274913
0.52832194
0.44173237
0.44173237
0.44173237
0.44173237
0.44173237
0.44173237
0.44173237
0.33751875
0.28904901
0.28904901
0.28904901
0.28904901
0.28904901
0.28904901
0.28282812
0.28282812
0.28282812
0.31150949
0.34048774
0.34048774
0.34048774
0.2342091
0.2342091
0.21444462
0.20852833
0.20852833
0.20820104
0.20820104
0.20820104
0.2853246
0.28705891
0.28705891
0.28705891
0.28705891
0.28705891
0.27347048
0.27347048
0.27347048
0.27347048
0.27347048
0.27347048
0.30577541
0.34213853
0.34454819
0.34454819
0.37455167
0.37455167
0.37455167
0.37455167
0.37455167
0.37455167
0.42536892
0.42536892
0.44165608
0.44165608
0.44165608
0.44165608
0.44165608
0.44232405
0.44232405
0.44232405
0.42829817
0.35859633
0.32387602
0.32387602
0.32387602
0.43153819
0.46798917
0.46798917
0.46798917
0.43214733
0.43214733
0.43214733
0.40418993
0.37943598
0.36078432
0.3578385
0.3578385
0.3578385
0.3578385
0.3578385
0.3578385
0.3578385
0.36203316
0.3943521
0.3943521
0.3943521
0.3943521
0.3943521
0.3943521
0.31142777
0.21322244
0.21322244
0.21322244
0.22354601
0.25371804
0.29897352
0.29897352
0.30025607
0.30025607
0.34089451
0.34755297
0.34755297
0.34755297
0.27627754
0.26787214
0.26787214
0.26787214
0.26787214
0.27984936
0.2864305
0.2864305
0.2864305
0.26571814
0.21751069
0.17124563
0.17124563
0.16252013
0.16252013
0.16252013
0.16252013
0.17302808
0.17812936
0.20000057
0.20768068
0.20768068
0.20768068
0.20768068
0.21698791
0.22498688
0.22498688
0.22498688
0.22498688
0.22498688
0.22498688
0.21818318
0.20137822
0.1995046
0.19653033
0.18348137
0.14763817
0.14422482
0.13634278
0.13634278
0.13634278
0.13634278
0.11521241
0.11521241
0.11521241
0.12188428
0.13016569
0.14751479
0.153889
0.15824678
0.15824678
0.15824678
0.16150575
0.16858618
0.16858618
0.16858618
0.16858618
0.16858618
0.16858618
0.16858618
0.16749038
0.16021283
0.16021283
0.16021283
0.16021283
0.16021283
0.16021283
0.15078113
0.15078113
0.15078113
0.15078113
0.15078113
0.17523488
0.17535947
0.19581285
0.22822629
0.22822629
0.22822629
0.21422147
0.21157089
0.21157089
0.21157089
0.22900969
0.22900969
0.25968462
0.28233922
0.28233922
0.28233922
0.28233922
0.28096321
0.21612099
0.17072888
0.17072888
0.17072888
0.28548984
0.3838851
0.3838851
0.3838851
0.36885777
0.31373374
0.2500478
0.2500478
0.2500478
0.36315259
0.36315259
0.36315259
0.36315259
0.36315259
0.41192135
0.48200603
0.48200603
0.48200603
0.48200603
0.48200603
0.49305433
0.49305433
0.49305433
0.40337793
0.40337793
0.40337793
0.52415949
0.52415949
0.52415949
0.52415949
0.52415949
0.52415949
0.52415949
0.52415949
0.52415949
0.53684066
0.53684066
0.53684066
0.46535727
0.35235572
0.35235572
0.35235572
0.379589
0.38478978
0.39001914
0.50273718
0.50273718
0.50273718
0.43828468
0.43828468
0.43828468
0.43828468
0.48515695
0.48515695
0.51948735
0.51948735
0.51948735
0.51948735
0.51948735
0.51948735
0.51495848
0.51495848
0.51495848
0.51495848
0.45829219
0.45829219
0.45829219
0.45829219
0.37746963
0.37746963
0.37746963
0.37746963
0.37746963
0.3347633
0.3347633
0.3347633
0.3347633
0.3347633
0.3347633
0.35648312
0.35711799
0.35711799
0.35711799
0.35442439
0.20208128
0.17827986
0.17827986
0.17827986
0.17958212
0.17958212
0.17958212
0.17958212
0.17958212
0.19401174
0.25218449
0.25494777
0.25494777
0.25494777
0.22861799
0.1829514
0.17572032
0.17572032
0.17572032
0.17572032
0.17572032
0.17572032
0.17572032
0.17572032
0.17572032
0.17338289
0.13785467
0.13785467
0.13785467
0.13909869
0.19189538
0.28074877
0.28074877
0.28074877
0.28074877
0.25465057
0.25465057
0.25465057
0.25465057
0.25465057
0.23264258
0.23215608
0.20724803
0.20724803
0.20724803
0.21449789
0.2906861
0.39457058
0.39457058
0.39457058
0.37037251
0.25773829
0.25773829
0.25773829
0.30724682
0.30724682
0.30724682
0.29907329
0.29907329
0.29907329
0.29907329
0.29907329
0.29907329
0.33176
0.33176
0.33176
0.33176
0.33176
0.38996678
0.38996678
0.44482007
0.46363291
0.46363291
0.46363291
0.48085666
0.48085666
0.48085666
0.47054917
0.47054917
0.47054917
0.47054917
0.47054917
0.47054917
0.47054917
0.50806555
0.50806555
0.50806555
0.50806555
0.54130725
0.62862243
0.62862243
0.62862243
0.62862243
0.62862243
0.67619275
0.68666624
0.68666624
0.68666624
0.70197828
0.70197828
0.70197828
0.70197828
0.7133897
0.71697791
0.71697791
0.71697791
0.71072362
0.71072362
0.71072362
0.71072362
0.71072362
0.71072362
0.71072362
0.71072362
0.71072362
0.71072362
0.71072362
0.71072362
0.79789645
0.79789645
0.79891777
0.81196522
0.83906487
0.83906487
0.83906487
0.8373315
0.7802938
0.74388283
0.71766575
0.71766575
0.71766575
0.68060307
0.68060307
0.65225366
0.62724735
0.63113998
