0.46617167
0.46765849
0.46765849
0.46765849
0.46693023
0.46102122
0.45305381
0.45305381
0.43601975
0.43601975
0.43601975
0.43601975
0.43601975
0.42581664
0.42325379
0.42063301
0.42063301
0.42063301
0.42063301
0.44088371
0.45953106
0.4865603
0.48847569
0.48847569
0.48847569
0.48847569
0.48847569
0.49405598
0.50684703
0.51170622
0.51170622
0.51170622
0.51170622
0.51170622
0.51897602
0.51897602
0.51897602
0.51665747
0.51665747
0.51665747
0.51721604
0.51721604
0.51721604
0.51399222
0.50935654
0.50511006
0.50335611
0.49537805
0.49537805
0.49537805
0.49676152
0.49867182
0.50079738
0.50302642
0.50896846
0.51319462
0.51681302
0.51681302
0.52465108
0.52465108
0.52465108
0.52465108
0.52817122
0.53426992
0.53881386
0.53881386
0.53881386
0.53298356
0.50681813
0.49464409
0.49410027
0.48468031
0.4842784
0.47878908
0.46981071
0.46136773
0.46136773
0.46136773
0.45399618
0.45174349
0.44806813
0.44806813
0.43751467
0.43625452
0.43519485
0.43519485
0.42829233
0.41641034
0.41387146
0.41341544
0.41263179
0.41263179
0.41263179
0.41263179
0.41263179
0.40401707
0.40263421
0.40078407
0.39406171
0.38948046
0.3853646
0.37815339
0.37623164
0.37510038
0.37488848
0.37188167
0.37188167
0.37070229
0.37070229
0.36894978
0.36112473
0.35883761
0.35453779
0.35380905
0.3489848
0.3489848
0.34630147
0.34630147
0.34630147
0.34630147
0.34630147
0.34630147
0.34776654
0.34776654
0.34776654
0.34351705
0.34351705
0.34086342
0.34086342
0.34027039
0.34027039
0.34027039
0.34173561
0.34173561
0.34173561
0.34129038
0.34129038
0.34129038
0.34129038
0.34129038
0.34129038
0.34129038
0.34225531
0.34361593
0.34441322
0.34658703
0.34699114
0.34699114
0.34699114
0.34902957
0.34902957
0.34902957
0.3490056
0.3490056
0.3490056
0.3490056
0.3490056
0.3490056
0.34905686
0.35012972
0.35106908
0.35106908
0.35106908
0.35106908
0.35106908
0.35106908
0.35106908
0.35106908
0.34806019
0.34806019
0.3469275
0.34624688
0.34624688
0.34624688
0.34624688
0.34910099
0.34910099
0.34948242
0.34948242
0.35085319
0.35488604
0.35488604
0.35488604
0.35110034
0.34848527
0.34805671
0.34805671
0.34805671
0.34805671
0.34805671
0.35020271
0.35228066
0.35326222
0.35601905
0.35601905
0.35601905
0.35601905
0.35601905
0.35830618
0.35837635
0.35901729
0.35901729
0.36360107
0.36460727
0.36460727
0.36460727
0.36153743
0.36153743
0.36153743
0.36563709
0.37262117
0.37262117
0.37262117
0.37262117
0.37509926
0.37509926
0.37680038
0.37983241
0.37983241
0.37983241
0.38387668
0.38792921
0.39452758
0.40087549
0.40355229
0.40355229
0.40355229
0.40440388
0.41007069
0.4171524
0.42087998
0.42087998
0.42087998
0.42087998
0.42295031
0.42295031
0.42295031
0.42937821
0.42937821
0.42937821
0.42937821
0.43171596
0.43171596
0.43171596
0.43205947
0.43205947
0.43314836
0.43765991
0.44680257
0.44954667
0.45361348
0.45361348
0.45414728
0.46162725
0.46257598
0.46257598
0.46272295
0.46272295
0.46660087
0.46773263
0.47916843
0.47919892
0.48450095
0.48675284
0.49496155
0.49553058
0.49612535
0.49622867
0.49622867
0.49915738
0.50549799
0.50851957
0.51862921
0.52273553
0.52419315
0.52618108
0.52618108
0.52618108
0.52485552
0.52485552
0.52485552
0.52737105
0.53000914
0.53066374
0.53066374
0.53066374
0.53069548
0.53318801
0.53318801
0.53318801
0.53318801
0.53318801
0.53379627
0.53429484
0.53429484
0.53429484
0.53455404
0.53790672
0.54269971
0.54477797
0.54477797
0.54477797
0.54333066
0.54333066
0.54333066
0.54771064
0.55377616
0.55377616
0.55377616
0.55377616
0.55377616
0.55429729
0.55881582
0.55881582
0.56146501
0.56146501
0.56146501
0.56146501
0.56146501
0.56146501
0.56101025
0.55772821
0.55282077
0.54967284
0.54934444
0.54934444
0.54934444
0.54934444
0.55042571
0.55042571
0.55042571
0.54776523
0.54776523
0.54776523
0.54764111
0.54764111
0.54764111
0.54888429
0.54888429
0.54888429
0.54810349
0.54802
0.54802
0.54802
0.55058999
0.55058999
0.55058999
0.54979316
0.54823555
0.54818176
0.54728809
0.54728809
0.54718272
0.5459027
0.54554652
0.54554652
0.54554652
0.54530368
0.54530368
0.54530368
0.54619207
0.54985793
0.5508449
0.5508449
0.5508449
0.55343412
0.55531902
0.55748265
0.55748265
0.55748265
0.55748265
0.55748265
0.557316
0.55694107
0.55223967
0.55073617
0.55060935
0.55060935
0.54844905
0.54844905
0.54844905
0.54792842
0.54792842
0.54774238
0.54614826
0.54369353
0.53917672
0.53613641
0.53587434
0.5268663
0.52643582
0.51820014
0.51820014
0.51266891
0.50779067
0.50640813
0.50640813
0.49731849
0.49352154
0.49300981
0.48846219
0.48779507
0.48779507
0.48681857
0.48198971
0.48066304
0.48022049
0.48022049
0.48022049
0.47870893
0.47870893
0.47870893
0.47870893
0.47870893
0.47870893
0.47870893
0.47870893
0.47870893
0.47870893
0.47870893
0.47655703
0.47452655
0.47452655
0.47452655
0.47283102
0.47214896
0.46967737
0.46894008
0.46758422
0.46758422
0.46758422
0.46758422
0.46373232
0.46373232
0.46373232
0.46373232
0.46373232
0.46373232
0.45732998
0.45732998
0.45068334
0.44523828
0.44495893
0.44495893
0.44341178
0.44290117
0.43931243
0.4386626
0.43784563
0.43624483
0.4356269
0.4356269
0.4356269
0.4356269
0.4356269
0.4356269
0.43463707
0.43007329
0.42360904
0.4190116
0.4190116
0.4190116
0.41992872
0.42076539
0.42076539
0.42076539
0.42076539
0.42076539
0.42076539
0.42076539
0.42076539
0.42076539
0.42048508
0.41938048
0.41819032
0.41544718
0.41544718
0.41091098
0.41091098
0.408731
0.40825261
0.40825261
0.40825261
0.40825261
0.40825261
0.40825261
0.40825261
0.40768117
0.40768117
0.40768117
0.40768117
0.40768117
0.40768117
0.40873989
0.40874879
0.40895592
0.40941577
0.40941577
0.40941577
0.40874418
0.40562262
0.40232216
0.4013093
0.39952027
0.39952027
0.39952027
0.40021343
0.40021343
0.40021343
0.40021343
0.40021343
0.39875678
0.39797185
0.39770693
0.39599521
0.39544774
0.39436775
0.39215013
0.39215013
0.39215013
0.39247347
0.39366822
0.39366822
0.39366822
0.39366822
0.39366822
0.38900681
0.38706905
0.38706905
0.38706905
0.38706905
0.38706905
0.38706905
0.38706905
0.38706905
0.38706905
0.38706905
0.38706905
0.38507684
0.38507684
0.38461749
0.38276431
0.38276431
0.38276431
0.38281416
0.38281416
0.38281416
0.37096801
0.36568234
0.36568234
0.36568234
0.36745517
0.37502339
0.37502339
0.37502339
0.37502339
0.37502339
0.37502339
0.37502339
0.37502339
0.37678656
0.37678656
0.37678656
0.3739353
0.36404995
0.36404995
0.3578946
0.3578946
0.3578946
0.35950745
0.36484646
0.36810661
0.3761118
0.3761118
0.3761118
0.3761118
0.3761118
0.38331335
0.38331335
0.38331335
0.38331335
0.38331335
0.38360543
0.38360543
0.38360543
0.38360543
0.38360543
0.38360543
0.38360543
0.38643032
0.38643032
0.38643032
0.38643032
0.38643032
0.38743509
0.38743509
0.38743509
0.38743509
0.38712
0.3834151
0.3834151
0.3834151
0.3834151
0.38304017
0.38242067
0.38242067
0.38242067
0.38242067
0.38242067
0.38242067
0.38247811
0.38530319
0.38560968
0.38560968
0.38560968
0.38560968
0.38560968
0.38560968
0.38181605
0.37561688
0.35675237
0.35536429
0.35536429
0.35536429
0.35536429
0.38316765
0.4456078
0.47706988
0.48055907
0.48055907
0.58243062
0.58243062
0.58243062
0.56577152
0.50523038
0.50503054
0.42293172
0.27879926
0.27791244
0.26508965
0.26508965
0.26508965
0.28593639
0.3995682
0.3995682
0.3995682
0.3995682
0.3995682
0.43657451
0.43657451
0.43657451
0.42741233
0.42505792
0.42066652
0.41449892
0.39251885
0.38890937
0.38890937
0.38890937
0.38890937
0.38890937
0.3768926
0.34890068
0.34827433
0.33868833
0.32698854
0.31446766
0.31446766
0.31446766
0.32249112
0.32249112
0.32249112
0.3250438
0.3250438
0.32818427
0.32818427
0.32818427
0.32818427
0.32818427
0.32818427
0.33671169
0.33671169
0.33671169
0.33309837
0.33309837
0.33309837
0.33309837
0.33309837
0.33309837
0.32894806
0.32468714
0.32468714
0.32468714
0.32468714
0.32529458
0.326613
0.33604899
0.33617724
0.3511543
0.35200018
0.35942364
0.36397123
0.38046685
0.39263568
0.39263568
0.41025228
0.42154175
0.43384517
0.45243396
0.46288154
0.46288154
0.46288154
0.45315538
0.44973985
0.43651167
0.43500865
0.43500865
0.43500865
0.43566088
0.44426749
0.44878731
0.45130079
0.45130079
0.45130079
0.45130079
0.43821609
0.43392468
0.39632566
0.36845088
0.34910288
0.34910288
0.34910288
0.35088749
0.35104796
0.35255828
0.3770902
0.3835197
0.39477266
0.40152375
0.40491183
0.40491183
0.40551149
0.40551149
0.40618484
0.40618484
0.41295034
0.41345608
0.41345608
0.41707874
0.42214
0.42214
0.42214
0.42214
0.42214
0.4216949
0.4176535
0.41599366
0.41536017
0.41536017
0.41337256
0.40031026
0.38199685
0.3703815
0.3684855
0.3684855
0.35845712
0.3404123
0.3404123
0.3404123
0.35795617
0.38005336
0.39710711
0.41058338
0.41058338
0.41058338
0.357973
0.26371364
0.21093991
0.17317456
0.11922689
0.11922689
0.11922689
0.11922689
0.13488014
0.14958133
0.16978108
0.21311039
0.24998307
0.30125599
0.34675259
0.38244384
0.42551918
0.4519935
0.48112827
0.49215409
0.49215409
0.52039267
0.62947706
0.65756249
0.65756249
0.65756249
0.59789818
0.50423038
0.44120149
0.39189426
0.3806694
0.37811861
0.37723544
0.3575327
0.31539575
0.29432919
0.2697917
0.2697917
0.2697917
0.33163027
0.40038978
0.40038978
0.40859989
0.41793301
0.43880371
0.43880371
0.47127801
0.48542825
0.48542825
0.48542825
0.48542825
0.48542825
0.48542825
0.47958112
0.47929208
0.47749226
0.47749226
0.47646116
0.47541845
0.46673676
0.46489533
0.4615317
0.4615317
0.4615317
0.4615317
0.4615317
0.4615317
0.46337835
0.4657966
0.47359909
0.48352287
0.49437216
0.50899178
0.5259952
0.53263897
0.54850588
0.55698091
0.55880901
0.56065931
0.56277674
0.56277674
0.56277674
0.5606109
0.55733773
0.55481583
0.55121125
0.55121125
0.55121125
0.55121125
0.53153644
0.50346801
0.48217588
0.47857431
0.46363297
0.44395019
0.44048324
0.42954234
0.41680636
0.41224559
0.39995661
0.37753258
0.31478672
0.29821235
0.29821235
0.29821235
0.31313593
0.32753697
0.34223784
0.34867019
0.36353598
0.37719576
0.39664123
0.46194026
0.46194026
0.46194026
0.46194026
0.46194026
0.38530445
0.38530445
0.38530445
0.38530445
0.38530445
0.40513086
0.49460851
0.49460851
0.49460851
0.49460851
0.49460851
0.49460851
0.48435238
0.48435238
0.48435238
0.56027091
0.58579108
0.58579108
0.58579108
0.58579108
0.57018417
0.52787724
0.52787724
0.51581731
0.46949785
0.46949785
0.44598558
0.41587526
0.41587526
0.41587526
0.42911298
0.42911298
0.42911298
0.42911298
0.42911298
0.39432282
0.37384468
0.37384468
0.37384468
0.34183625
0.34183625
0.34183625
0.38670398
0.39616727
0.39616727
0.39616727
0.43059091
0.43059091
0.43059091
0.43059091
0.3986939
0.3986939
0.3986939
0.43773118
0.46271678
0.50617387
0.53527926
0.54339671
0.54339671
0.54339671
0.51530334
0.50479116
0.48508237
0.46415519
0.45062065
0.45062065
0.43887197
0.42573728
0.42573728
0.41595843
0.39197711
0.38145955
0.3733134
0.3733134
0.36696041
0.3420445
0.32229619
0.31300784
0.30601071
0.30601071
0.30601071
0.32842442
0.36109411
0.36948675
0.37365419
0.37741496
0.38930792
0.40089597
0.41624955
0.43301438
0.44651257
0.46073582
0.46930135
0.47593417
0.48225399
0.49054695
0.50036882
0.50998781
0.51208035
0.51249176
0.51249176
0.51398461
0.51398461
0.51660397
0.52354267
0.52354267
0.52354267
0.52354267
0.52354267
0.52354267
0.52354267
0.52354267
0.52354267
0.52458456
0.52829233
0.53826037
0.54414193
0.56796341
0.57109306
0.57347163
0.57527161
0.57591907
0.57591907
0.57591907
0.5751702
0.56486563
0.559292
0.55921408
0.55794853
0.55743536
0.55743536
0.55452695
0.54930556
0.54197036
0.53437404
0.53256057
0.51799794
0.51094765
0.50218863
0.49198805
0.48840808
0.48682221
0.48502951
0.48384126
0.47841019
0.47841019
0.47820463
0.47820463
0.47706399
0.47402608
0.46824247
0.46444168
0.45955218
0.45955218
0.45685189
0.45685189
0.45531079
0.45378396
0.45087286
0.4367858
0.43624864
0.43560501
0.43560501
0.43077692
0.43004805
0.42793235
0.42793235
0.42793235
0.42793235
0.42478711
0.42478711
0.42478711
0.42918632
0.43311677
0.43358754
0.43358754
0.44162419
0.44930588
0.45067287
0.45187206
0.45305698
0.45532714
0.45717998
0.45717998
0.45933283
0.46064917
0.46064917
0.46093568
0.4623101
0.4623101
0.4623101
0.457926
0.457926
0.457926
0.45760076
0.45760076
0.45760076
0.4576414
0.4576414
0.4576414
0.45692107
0.45692107
0.45370269
0.45369651
0.45369651
0.44992762
0.44992762
0.44992762
0.44992762
0.44992762
0.44992762
0.44992762
0.44999859
0.44999859
0.44999859
0.44879082
0.44626035
0.44276022
0.4419772
0.43952039
0.43952039
0.43812054
0.43812054
0.43712627
0.43543247
0.43543247
0.43543247
0.4362534
0.4362534
0.43870228
0.43870228
0.44010213
0.44010213
0.44010213
0.44010213
0.44084752
0.44608417
0.44608417
0.44885399
0.44937954
0.45074318
0.46126822
0.46126822
0.46489344
0.47235433
0.48284891
0.4913114
0.49990532
0.50031548
0.50466816
0.50605957
0.50605957
0.50605957
0.50605957
0.50745321
0.50745321
0.50930656
0.50930656
0.50930656
0.50930656
0.50930656
0.50735402
0.50609163
0.50609163
0.50609163
0.510024
0.51295891
0.51295891
0.51295891
0.50968146
0.50615672
0.50434721
0.50202182
0.49846661
0.49795818
0.49468614
0.49239789
0.49192821
0.49190585
0.49134695
0.49134695
0.49134695
0.49146061
0.49161139
0.49675614
0.49799629
0.50288563
0.50288563
0.50288563
0.50288563
0.50288563
0.50288563
0.50288563
0.50524641
0.51303811
0.51699016
0.5199468
0.5199468
0.52509964
0.52509964
0.52509964
0.52509964
0.525326
0.52908248
0.52908248
0.52908248
0.53002818
0.53529689
0.53542325
0.53542325
0.53542325
0.53542325
0.53542325
0.53547577
0.5414121
0.54497144
0.54785716
0.5505595
0.5505595
0.5505595
0.55152158
0.55152158
0.55152158
0.55107776
0.55107776
0.54834604
0.54834604
0.54834604
0.55276886
0.5656231
0.5656231
0.5656231
0.55803249
0.54948523
0.54669288
0.54494177
0.54494177
0.53192152
0.53192152
0.52600361
0.51185114
0.50485974
0.50485974
0.50485974
0.51435969
0.53619689
0.55094825
0.57360559
0.60497893
0.60748256
0.61630523
0.62312074
0.62312074
0.62312074
0.60141006
0.56488483
0.56488483
0.56488483
0.56488483
0.56488483
0.51732887
0.51732887
0.51732887
0.51732887
0.51732887
0.46710389
0.46590566
0.46590566
0.46590566
0.46590566
0.4918063
0.4918063
0.4918063
0.4918063
0.4918063
0.4918063
0.4918063
0.44565273
0.44565273
0.44565273
0.47388529
0.47388529
0.47388529
0.38190843
0.2522132
0.2522132
0.2522132
0.26476759
0.26921012
0.26921012
0.26921012
0.26921012
0.26921012
0.27952528
0.27952528
0.39243204
0.47403783
0.58529999
0.6420605
0.6420605
0.6420605
0.60114038
0.60114038
0.55950217
0.55950217
0.55950217
0.55950217
0.55155079
0.55155079
0.55155079
0.55155079
0.55155079
0.54701588
0.54701588
0.46296297
0.46296297
0.46296297
0.46296297
0.46296297
0.46296297
0.46206806
0.46206806
0.46206806
0.46206806
0.46206806
0.46206806
0.47771955
0.5754613
0.59351613
0.63043101
0.65209759
0.65209759
0.65209759
0.67465953
0.67465953
0.67465953
0.67465953
0.6438462
0.57068338
0.46609343
0.4249122
0.37848321
0.37848321
0.37848321
0.43535484
0.48778317
0.57429084
0.61065176
0.70137003
0.70137003
0.70137003
0.62171806
0.53981164
0.52282379
0.41742097
0.41742097
0.4120975
0.4120975
0.4120975
0.46422741
0.46422741
0.46480995
0.46480995
0.47948352
0.47948352
0.47948352
0.47948352
0.44630765
0.44630765
0.44630765
0.52985884
0.52985884
0.52985884
0.52985884
0.65448932
0.82701388
0.85501755
0.85501755
0.90361984
0.94673534
0.96226178
0.96226178
0.96226178
0.89927606
0.86294813
0.83604368
0.8289718
0.8289718
0.8289718
0.84344045
0.84344045
0.84344045
0.83759176
0.83759176
0.83759176
0.83759176
0.826641
0.826641
0.82052598
0.82052598
0.82052598
0.81590838
0.81590838
0.81590838
0.77631762
0.71908408
0.69291263
0.69291263
0.69291263
0.69714483
0.73027307
0.73027307
0.73027307
0.73027307
0.73027307
0.73027307
0.73027307
0.73027307
0.73027307
0.7118649
0.70050894
0.66506911
0.66506911
0.66506911
0.66506911
0.64229319
0.62084235
0.62026807
0.62026807
0.62026807
0.62026807
0.62026807
0.62026807
0.62026807
0.62026807
0.56597897
0.51955443
0.51955443
0.45506363
0.45506363
0.45506363
0.45506363
0.45506363
0.47934257
0.48467205
0.50563561
0.58914012
0.65101139
0.683113
0.683113
0.68486631
0.68486631
0.68486631
0.68486631
0.68486631
0.64254064
0.55680377
0.55680377
0.48015669
0.48015669
0.40584959
0.36237727
0.33970007
0.33970007
0.33970007
0.35082081
0.35082081
0.39004793
0.39004793
0.39354252
0.39354252
0.43160057
0.43425977
0.43425977
0.43425977
0.43425977
0.4423475
0.4423475
0.4423475
0.4423475
0.4423475
0.41903841
0.41660653
0.40496405
0.3761191
0.34658783
0.31371911
0.29016127
0.29016127
0.29016127
0.29016127
0.29016127
0.29016127
0.30936784
0.30936784
0.31418242
0.32999426
0.32999426
0.32999426
0.36274599
0.36274599
0.36274599
0.32631871
0.29376111
0.20773724
0.13793235
0.08768689
0.07363947
0.07363947
0.07363947
0.07363947
0.07363947
0.07363947
0.07888629
0.07888629
0.11209628
0.11209628
0.11209628
0.11209628
0.15185593
0.15621684
0.21157182
0.25969189
0.299009
0.38927554
0.44492066
0.46534469
0.52529647
0.57129926
0.57129926
0.59890896
0.59890896
0.59890896
0.58448284
0.56008836
0.54396335
0.47728369
0.47728369
0.47022039
0.45000397
0.44896749
0.39445219
0.34928844
0.34673243
0.33085186
0.32061699
0.31599305
0.26960249
0.26960249
0.23868676
0.23868676
0.23868676
0.23763582
0.23763582
0.23763582
0.2332506
0.21404198
0.213215
0.20523678
0.20226251
0.20226251
0.20226251
0.20226251
0.18539212
0.16379316
0.16379316
0.16379316
0.18581448
0.1876913
0.1876913
0.18880893
0.18880893
0.18880893
0.18880893
0.14798199
0.07735851
0.04848642
0.04848642
0.04848642
0.04848642
0.04848642
0.04848642
0.04848642
0.04848642
0.03496094
0.03496094
0.03496094
0.04805389
0.07003124
0.10578933
0.14075946
0.14075946
0.14075946
0.14529261
0.20445978
0.23245632
0.2589635
0.26436379
0.28433097
0.29566124
0.29566124
0.30823117
0.36590915
0.37345928
0.37345928
0.37992226
0.42658823
0.43674404
0.46962879
0.48991094
0.50258183
0.51277985
0.51277985
0.51277985
0.4660901
0.44141863
0.38176431
0.29534093
0.22103463
0.22103463
0.22103463
0.25242766
0.25242766
0.28127037
0.28127037
0.31024102
0.31024102
0.34983178
0.34983178
0.38734952
0.38734952
0.38734952
0.38734952
0.38734952
0.38851317
0.38851317
0.40838419
0.49008076
0.56433835
0.58104571
0.60904733
0.61018906
0.62173583
0.63860638
0.69435866
0.69922815
0.69922815
0.69922815
0.69162899
0.66423595
0.65231157
0.65231157
0.59959579
0.52354155
0.45149349
0.36353249
0.36096615
0.31888226
0.31888226
0.28133498
0.2617619
0.2617619
0.2617619
0.28925445
0.28925445
0.28925445
0.28925445
0.28925445
0.4078707
0.43243408
0.4595317
0.48808902
0.51659412
0.51659412
0.51659412
0.51659412
0.51659412
0.51659412
0.51659412
0.48322176
0.46782089
0.4303506
0.37042118
0.37042118
0.37042118
0.41088337
0.41088337
0.46027139
0.55088253
0.56330754
0.56330754
0.56330754
0.56330754
0.56330754
0.53647896
0.52155999
0.52155999
0.52155999
0.52466362
0.53292024
0.55397314
0.55397314
0.55397314
0.54667224
0.53971226
0.53971226
0.53971226
0.55819281
0.55819281
0.55819281
0.55819281
0.49743644
0.49743644
0.49667915
0.49667915
0.47960781
0.47960781
0.47960781
0.47960781
0.47960781
0.47960781
0.48383778
0.48383778
0.48383778
0.48383778
0.48709856
0.54385097
0.54469017
0.54469017
0.54469017
0.54469017
0.54469017
0.54469017
0.54469017
0.54469017
0.54469017
0.54469017
0.54469017
0.54201209
0.53026929
0.5281366
0.5281366
0.5281366
0.59496581
0.65737978
0.65737978
0.65737978
0.67598365
0.68806454
