0.56009509
0.39754375
0.34848241
0.34848241
0.34848241
0.34848241
0.34848241
0.34848241
0.34848241
0.50321515
0.52506566
0.52506566
0.52506566
0.52506566
0.52506566
0.62478911
0.62478911
0.62478911
0.62478911
0.65243001
0.65243001
0.65243001
0.65243001
0.65243001
0.6407485
0.6407485
0.6407485
0.6407485
0.6407485
0.56941046
0.56941046
0.56941046
0.56941046
0.56941046
0.4436153
0.4436153
0.4436153
0.4436153
0.4436153
0.4436153
0.4436153
0.4436153
0.42283514
0.29415954
0.26731613
0.26731613
0.26731613
0.26731613
0.26445675
0.19819072
0.08347631
0.08347631
0.08347631
0.15592523
0.25858578
0.27356222
0.27356222
0.29793557
0.29793557
0.29793557
0.29604036
0.23268658
0.22314294
0.22314294
0.1951018
0.1951018
0.1951018
0.26830876
0.28970848
0.28970848
0.30734638
0.48601031
0.62116518
0.62116518
0.62116518
0.70762829
0.7656991
0.7656991
0.7656991
0.69912044
0.53113223
0.53113223
0.53113223
0.53113223
0.53113223
0.53113223
0.55584477
0.55584477
0.6267931
0.6267931
0.6267931
0.50075459
0.41128698
0.41128698
0.41128698
0.41128698
0.41128698
0.41128698
0.41226819
0.46006951
0.60441447
0.60441447
0.60441447
0.60441447
0.62861707
0.62861707
0.62861707
0.62861707
0.62861707
0.60934349
0.58894882
0.58894882
0.58894882
0.58894882
0.58894882
0.60864862
0.60864862
0.60864862
0.60617806
0.53216452
0.53216452
0.53216452
0.53216452
0.50814593
0.47895725
0.47895725
0.47895725
0.47895725
0.47895725
0.47895725
0.47895725
0.47895725
0.47895725
0.56317367
0.60762093
0.62936334
0.67018793
0.67018793
0.67018793
0.65306711
0.65298554
0.65298554
0.65298554
0.65298554
0.65298554
0.78349565
0.85654361
0.85654361
0.85654361
0.7710677
0.68495836
0.63629988
0.63629988
0.56873314
0.56873314
0.56873314
0.56873314
0.52723547
0.52723547
0.42047844
0.34397783
0.34397783
0.34397783
0.36241463
0.37845877
0.39436499
0.42606126
0.42606126
0.4420875
0.5086876
0.563732
0.61290615
0.61290615
0.61290615
0.50843652
0.50843652
0.50843652
0.50843652
0.50843652
0.50843652
0.50843652
0.56027461
0.56027461
0.59363765
0.59363765
0.59363765
0.57707254
0.50796135
0.41474702
0.40734108
0.31654294
0.28159685
0.28159685
0.28159685
0.28882447
0.35414279
0.42103713
0.53172954
0.53172954
0.61780517
0.68770019
0.77778263
0.83735807
0.92645948
0.96330432
0.96330432
0.96330432
0.96130207
0.96130207
0.96130207
0.8029547
0.8029547
0.7256108
0.72039399
0.72039399
0.72039399
0.71801607
0.70004987
0.70004987
0.68794918
0.67162079
0.58997531
0.56253321
0.36366783
0.36366783
0.36366783
0.37874724
0.37874724
0.37874724
0.39577995
0.43317926
0.46279256
0.4989094
0.50576522
0.62197654
0.70607732
0.70607732
0.77759243
0.78408451
0.84872919
0.84872919
0.84872919
0.84136856
0.84136856
0.84136856
0.84136856
0.88440963
0.91624258
0.9299204
0.9299204
0.9299204
0.91363516
0.86313764
0.79972175
0.68842732
0.61491332
0.60418811
0.60418811
0.60418811
0.60418811
0.60418811
0.60418811
0.60418811
0.62594613
0.68628223
0.73271472
0.76433187
0.76433187
0.76433187
0.84260138
0.86914405
0.86914405
0.86914405
0.83441097
0.81484888
0.68417173
0.58523964
0.47394312
0.47394312
0.47394312
0.47748209
0.55882297
0.60175824
0.63972834
0.63972834
0.64444172
0.64444172
0.64444172
0.64444172
0.64444172
0.64444172
0.64444172
0.64719427
0.64719427
0.64719427
0.66106821
0.66106821
0.66106821
0.59714698
0.55438121
0.51513355
0.51513355
0.42364808
0.42364808
0.42364808
0.4615666
0.4615666
0.4615666
0.4615666
0.4615666
0.49892762
0.56420084
0.60081229
0.60081229
0.60081229
0.54570598
0.52543835
0.45112859
0.43470791
0.43470791
0.43470791
0.45069432
0.57172029
0.57172029
0.57172029
0.53436451
0.51197463
0.51197463
0.51197463
0.51197463
0.51197463
0.45357092
0.45357092
0.45357092
0.47696571
0.4906493
0.5180856
0.5180856
0.5180856
0.5180856
0.49657481
0.43113753
0.40845986
0.37029659
0.35322861
0.35322861
0.35322861
0.35560635
0.35560635
0.35560635
0.41244032
0.52143928
0.53638852
0.53638852
0.53638852
0.54779578
0.56240898
0.56240898
0.56240898
0.56820973
0.56820973
0.56820973
0.56820973
0.56820973
0.56820973
0.52740936
0.52740936
0.52740936
0.52740936
0.52740936
0.50343272
0.50343272
0.50343272
0.59296051
0.59296051
0.59296051
0.58436423
0.58436423
0.58436423
0.58436423
0.58436423
0.58436423
0.47975983
0.47975983
0.47975983
0.51928089
0.66056148
0.80038797
0.84199551
0.91015216
0.91015216
0.91015216
0.86377878
0.86377878
0.80849578
0.80849578
0.79347127
0.65971363
0.63597123
0.63597123
0.63597123
0.63597123
0.63597123
0.63597123
0.6489498
0.68218229
0.72155524
0.79657982
0.91984246
0.91984246
0.91984246
0.89771876
0.85550871
0.82781832
0.82781832
0.82781832
0.82781832
0.82781832
0.82033608
0.8019649
0.78139758
0.65047409
0.65047409
0.63307726
0.59893919
0.59893919
0.59893919
0.60950175
0.60950175
0.60950175
0.60831647
0.59096809
0.53777857
0.47387521
0.44738047
0.44738047
0.42637134
0.42637134
0.40484665
0.27481927
0.23707184
0.21422152
0.21422152
0.21422152
0.24158466
0.25242359
0.25242359
0.25242359
0.28719317
0.29283425
0.29914243
0.29914243
0.29914243
0.29914243
0.29914243
0.29914243
0.29914243
0.31357702
0.36549654
0.48629527
0.50088392
0.50088392
0.50088392
0.50088392
0.48910923
0.43348386
0.43348386
0.43348386
0.45736574
0.48627773
0.51317763
0.54192712
0.54949939
0.54949939
0.54949939
0.64266791
0.68210351
0.68251936
0.72525353
0.80953663
0.82723173
0.82723173
0.82723173
0.81207142
0.81207142
0.81207142
0.84786853
0.84786853
0.84786853
0.80094332
0.77348336
0.75078481
0.69740542
0.67805199
0.67805199
0.67196012
0.65214784
0.64575544
0.6218846
0.62069811
0.62069811
0.59402333
0.58555655
0.53377986
0.49588012
0.46390996
0.41119504
0.38993183
0.38362871
0.34124144
0.30356508
0.27296545
0.23849278
0.19809018
0.19809018
0.19809018
0.19809018
0.19809018
0.21076957
0.21076957
0.21076957
0.21076957
0.21076957
0.21076957
0.26447585
0.30732516
0.34126617
0.37149379
0.40243962
0.49538568
0.49538568
0.54552944
0.59970002
0.6744414
0.70249588
0.70249588
0.70249588
0.70249588
0.73630742
0.81240393
0.8515349
0.89245476
0.89245476
0.89245476
0.87483019
0.85484157
0.82700626
0.80522226
0.80522226
0.76313449
0.74968252
0.74968252
0.6999781
0.69395945
0.62329308
0.61945122
0.61945122
0.61945122
0.61945122
0.61945122
0.61945122
0.61945122
0.60324847
0.56203558
0.55369919
0.5218841
0.5218841
0.5218841
0.5218841
0.5218841
0.5069419
0.5069419
0.5069419
0.50712489
0.5261046
0.59111708
0.65594336
0.67876543
0.69217056
0.69217056
0.7110004
0.7110004
0.7110004
0.70225725
0.70225725
0.70225725
0.7043739
0.7043739
0.7043739
0.7043739
0.7043739
0.70175839
0.67932623
0.67932623
0.67932623
0.67877297
0.67877297
0.65205626
0.59763144
0.59763144
0.59763144
0.60992166
0.6156222
0.6156222
0.6156222
0.59510578
0.57922991
0.57922991
0.57922991
0.57922991
0.57922991
0.57398293
0.56674284
0.56674284
0.56674284
0.62541571
0.63012838
0.6467219
0.65740254
0.65740254
0.65740254
0.65740254
0.65740254
0.65740254
0.65740254
0.6610305
0.67123055
0.67614939
0.67614939
0.67614939
0.66710093
0.65659401
0.63698491
0.63698491
0.63698491
0.63940266
0.63940266
0.64998998
0.64998998
0.69928132
0.71700627
0.71700627
0.71700627
0.71700627
0.71700627
0.71700627
0.71700627
0.71700627
0.71700627
0.71700627
0.69820747
0.63997715
0.63732234
0.60069896
0.56559001
0.5391114
0.52502073
0.52502073
0.52502073
0.52822178
0.58480922
0.58480922
0.58480922
0.6002101
0.63759588
0.65155109
0.65554312
0.65554312
0.65554312
0.6411203
0.58873722
0.56572233
0.56377848
0.55945501
0.55945501
0.55945501
0.57452268
0.63351786
0.64637588
0.67140427
0.70086843
0.70086843
0.70086843
0.67672388
0.67672388
0.67672388
0.7220776
0.74111468
0.75828354
0.75828354
0.75828354
0.73443219
0.73443219
0.73443219
0.73443219
0.73443219
0.73443219
0.71603645
0.68632242
0.67353022
0.63774204
0.55220999
0.52760922
0.47777462
0.47777462
0.47777462
0.51069583
0.54727322
0.56867927
0.56867927
0.56867927
0.5733467
0.5733467
0.5733467
0.56953081
0.56953081
0.56030408
0.53374951
0.53374951
0.53374951
0.53374951
0.53650504
0.55387991
0.59120304
0.62840179
0.6777672
0.70282279
0.70282279
0.71110988
0.71110988
0.71110988
0.71110988
0.71110988
0.73682836
0.76550558
0.76550558
0.76550558
0.7514772
0.7514772
0.72150296
0.72150296
0.72150296
0.69988407
0.68732223
0.67476584
0.6497008
0.60748881
0.57819868
0.53280899
0.52837636
0.52837636
0.52837636
0.57110564
0.6106051
0.62669872
0.63212607
0.63212607
0.63395179
0.63395179
0.63395179
0.63395179
0.63395179
0.62276369
0.60000236
0.60000236
0.5945576
0.5945576
0.5945576
0.61013397
0.65225155
0.68314051
0.69346479
0.72119695
0.72460924
0.72460924
0.72460924
0.71188019
0.6518536
0.64695579
0.64695579
0.64695579
0.65515447
0.65515447
0.65808845
0.67629346
0.67629346
0.67629346
0.68873439
0.69305436
0.69305436
0.69305436
0.66584285
0.64085659
0.60697416
0.58868055
0.58868055
0.58868055
0.61069141
0.64554716
0.67518398
0.71275681
0.73126662
0.73126662
0.73126662
0.73281125
0.73281125
0.73281125
0.73281125
0.73281125
0.69597854
0.65899
0.64038405
0.64038405
0.63923527
0.6310473
0.6310473
0.6310473
0.67394922
0.69247481
0.7092217
0.73011835
0.73124433
0.74547766
0.74547766
0.74547766
0.74547766
0.74547766
0.73559168
0.71319373
0.69223494
0.6826964
0.6750166
0.65797773
0.64502637
0.64407763
0.6313368
0.62778818
0.62762306
0.62762306
0.62350136
0.62175492
0.60682362
0.60587573
0.59266978
0.59266978
0.57838347
0.57776826
0.57776826
0.57776826
0.58668392
0.59134587
0.59134587
0.59134587
0.60337164
0.60563728
0.60563728
0.60563728
0.60496929
0.5977469
0.5977469
0.59258994
0.59258994
0.58098983
0.56492429
0.56400239
0.55437297
0.55437297
0.55437297
0.55487375
0.56301697
0.56479867
0.56479867
0.56641455
0.56641455
0.57753331
0.63063599
0.65794965
0.66232596
0.66232596
0.67672037
0.70641036
0.73349837
0.74288987
0.75165092
0.77102557
0.77570142
0.77570142
0.77570142
0.77570142
0.79513224
0.80313507
0.82848125
0.82848125
0.82848125
0.8245085
0.81213336
0.81213336
0.79644681
0.75862818
0.74528866
0.72676151
0.72368311
0.70836875
0.70836875
0.70836875
0.7146008
0.71828946
0.71828946
0.71828946
0.71828946
0.71629351
0.70880373
0.69685954
0.68046482
0.66510992
0.64637535
0.62832599
0.61214481
0.61214481
0.61214481
0.61214481
0.62262244
0.62477648
0.62477648
0.62477648
0.6285025
0.6285025
0.6285025
0.62817176
0.62817176
0.62817176
0.63898084
0.64237647
0.64296886
0.64296886
0.64296886
0.63564137
0.63215275
0.62908138
0.62908138
0.62908138
0.63963216
0.63963216
0.63963216
0.63152753
0.63152753
0.63152753
0.63400636
0.63808123
0.64341962
0.64341962
0.64341962
0.63464315
0.63253736
0.61462942
0.61237134
0.61237134
0.59701907
0.59185104
0.58778512
0.58778512
0.58778512
0.58778512
0.58778512
0.60034837
0.60034837
0.60445709
0.6203977
0.65129684
0.65707986
0.66000981
0.66000981
0.67243915
0.68634576
0.68931745
0.68931745
0.68931745
0.69357112
0.71272313
0.72552498
0.72552498
0.72552498
0.72552498
0.72552498
0.72552498
0.72552498
0.72800785
0.72800785
0.72800785
0.71146011
0.69482202
0.69416631
0.67985191
0.67050799
0.67050799
0.6627104
0.65404797
0.65404797
0.65404797
0.64757255
0.63209466
0.63209466
0.63209466
0.63209466
0.63209466
0.63209466
0.6360193
0.65936181
0.6736732
0.67540068
0.67983348
0.70621507
0.70621507
0.70621507
0.70276347
0.69429528
0.686477
0.68072538
0.65981978
0.6523449
0.64440327
0.63165388
0.61907276
0.61473716
0.61473716
0.61473716
0.61473716
0.605818
0.59139992
0.5688637
0.5688637
0.5688637
0.5688637
0.56761822
0.56761822
0.56126547
0.53078165
0.50131607
0.47917922
0.45729573
0.45157992
0.43098854
0.42441978
0.41798999
0.41743763
0.41743763
0.41743763
0.43033478
0.4305283
0.43727465
0.43727465
0.43727465
0.43243371
0.43100995
0.43100995
0.43100995
0.44300468
0.44716112
0.44873646
0.45898267
0.45898267
0.47892075
0.49172086
0.51027418
0.52233786
0.52693859
0.5290963
0.53216258
0.53216258
0.53216258
0.53216258
0.52864887
0.52864887
0.52864887
0.53781084
0.55090837
0.55090837
0.55090837
0.57268693
0.57481727
0.57740805
0.58191525
0.58191525
0.58191525
0.58191525
0.58191525
0.58191525
0.58191525
0.58191525
0.58191525
0.58191525
0.57075995
0.55134249
0.55134249
0.55134249
0.55746766
0.55746766
0.56468969
0.56468969
0.56468969
0.56468969
0.55112577
0.53283006
0.51094605
0.51094605
0.51094605
0.51885836
0.53174146
0.53262564
0.53262564
0.53572086
0.53572086
0.53572086
0.53572086
0.54330278
0.54330278
0.54330278
0.52341522
0.49414826
0.4782424
0.44769734
0.43556804
0.41689929
0.41689929
0.41689929
0.40046683
0.38607454
0.3771233
0.3771233
0.3771233
0.38125745
0.38125745
0.38125745
0.38034766
0.36154276
0.36154276
0.36154276
0.36776374
0.37257135
0.3777476
0.39921452
0.41850236
0.43103732
0.46381151
0.50433796
0.51045473
0.5258393
0.54175025
0.54818899
0.54987855
0.54987855
0.54987855
0.54987855
0.54987855
0.54987855
0.54987855
0.55035336
0.5539578
0.5539578
0.5539578
0.54739324
0.53103344
0.50384209
0.50130118
0.50130118
0.49770516
0.49770516
0.47899743
0.46110686
0.43122982
0.42690791
0.38661094
0.36053855
0.35832537
0.35832537
0.33803374
0.28864902
0.28561869
0.28561869
0.28561869
0.29189531
0.31444331
0.355247
0.355247
0.355247
0.33755996
0.33755996
0.33755996
0.34788548
0.34788548
0.34788548
0.36058433
0.38327183
0.43283586
0.47594555
0.48689011
0.48689011
0.48689011
0.46434544
0.45541527
0.40662099
0.40662099
0.40662099
0.40662099
0.40662099
0.36964385
0.36964385
0.36964385
0.36993179
0.40469437
0.40564134
0.40564134
0.40564134
0.40564134
0.40564134
0.44214912
0.46400699
0.47387924
0.48230025
0.49974986
0.49974986
0.49974986
0.48760599
0.48354835
0.48124429
0.47981441
0.44542349
0.44542349
0.44542349
0.44542349
0.44542349
0.43291885
0.43291885
0.43291885
0.43291885
0.43291885
0.45645436
0.49162733
0.50719157
0.52431939
0.52431939
0.52431939
0.52431939
0.52836652
0.52836652
0.52836652
0.49469697
0.47289329
0.47289329
0.47289329
0.48468552
0.48468552
0.48468552
0.45929201
0.40769906
0.37009956
0.36268329
0.35404612
0.32895176
0.30241401
0.30241401
0.30241401
0.30241401
0.31781963
0.32389165
0.32389165
0.3456809
0.3456809
0.3456809
0.3247688
0.29391844
0.29391844
0.29391844
0.29391844
0.40147542
0.40783135
0.41042879
0.41042879
0.41042879
0.41042879
0.41042879
0.41042879
0.41042879
0.41042879
0.41487196
0.43911019
0.50138802
0.51978393
0.54695073
0.57036727
0.58207248
0.59374293
0.59374293
0.61873463
0.63249753
0.65856641
0.65856641
0.65856641
0.65856641
0.65856641
0.65631028
0.63701965
0.62181371
0.60095425
0.59122674
0.59122674
0.59122674
0.59122674
0.59122674
0.61034681
0.61034681
0.62757481
0.64446556
0.64791033
0.64791033
0.64791033
0.63599387
0.61438552
0.60878689
0.60878689
0.60878689
0.60888445
0.61359698
0.61359698
0.61359698
0.60919503
0.60919503
0.60221936
0.59697924
0.59697924
0.59697924
0.58870319
0.56825168
0.53611848
0.5321861
0.5321861
0.5321861
0.53039089
0.53039089
0.53039089
0.54925216
0.54925216
0.58035905
0.60170822
0.64729883
0.65169549
0.65400867
0.67994335
0.70306106
0.70306106
0.72353818
0.75900384
0.78316524
0.78316524
0.78316524
0.75840689
0.74067917
0.74067917
0.74067917
0.7201636
0.7201636
0.69244605
0.6772666
0.66387307
0.66387307
0.66387307
0.6924776
0.6924776
0.6924776
0.68222494
0.67144445
0.67144445
0.66585301
0.66585301
0.66585301
0.65158056
0.60602751
0.59806766
0.59806766
0.58218476
0.57723784
0.55951869
0.53266215
0.52665783
0.51314077
0.50828194
0.48254167
0.47616119
0.47104282
0.47104282
0.46641525
0.46084244
0.46084244
0.405528
0.38045048
0.38045048
0.34905513
0.34905513
0.34905513
0.34680406
0.34680406
0.34680406
0.35940152
0.35940152
0.35940152
0.35084964
0.34136602
0.34136602
0.34136602
0.3665867
0.37505666
0.37505666
0.37505666
0.37505666
0.38882306
0.42354457
0.43369599
0.4362801
0.449139
0.4831186
0.48789973
0.50113779
0.50113779
0.50113779
0.50113779
0.52008959
0.53531693
0.54321031
0.56822939
0.56822939
0.56822939
0.56822939
0.57044622
0.57735769
0.57735769
0.57735769
0.57735769
0.57735769
0.57825588
0.61066318
0.61178334
0.63071671
0.63633532
0.64060531
0.64060531
0.64060531
0.61256996
0.60974232
0.59706275
0.56627292
0.52584368
0.50671325
0.50079757
0.49841106
0.48229006
0.48229006
0.48229006
0.44049833
0.42578001
0.42578001
0.42256686
0.40068742
0.28402863
0.24651089
0.24651089
0.24651089
0.31576332
0.35804288
0.40520303
0.40735442
0.45607746
0.48509033
0.51938054
0.51938054
0.51938054
0.52356945
0.56799969
0.56923339
0.56923339
0.56923339
0.53821426
0.53821426
0.53821426
0.54780735
0.5512565
0.5512565
0.5512565
0.55456965
0.55456965
0.55456965
0.54834569
0.54834569
0.54834569
0.56121458
0.56121458
0.56121458
0.60405387
0.62157735
0.64381091
0.68292119
0.70458059
0.70458059
0.70458059
0.70458059
0.70458059
0.6913578
0.668804
0.65824565
0.65824565
0.62703314
0.58796393
0.55867978
0.52433273
0.52433273
0.52433273
0.49029748
0.48464693
0.46769968
0.43591109
0.42726376
0.42210712
0.41395127
0.37587767
0.37587767
0.37587767
0.40636744
0.43706251
0.45100981
0.46908938
0.47197982
0.4851286
0.53229172
0.55238738
0.5745883
0.59859546
0.61496755
0.61496755
0.65277111
0.65277111
0.67307451
0.67714326
0.6978011
0.70640106
0.70640106
0.70640106
0.6765965
0.6765965
0.62565363
0.59289631
0.56778493
0.56778493
0.56778493
0.57464408
0.57464408
0.58833188
0.5996707
0.60679851
0.60679851
0.60964861
0.60964861
0.60964861
0.60964861
0.61586418
0.61586418
0.61586418
0.62396863
0.62396863
0.62396863
0.6218574
0.61322341
0.57911639
0.57196648
0.57196648
0.56697797
0.56697797
0.56697797
0.56697797
0.56697797
0.56690811
0.56690811
0.56690811
0.59042416
0.61593998
0.63199675
0.65073079
0.65496725
0.6588633
0.66535679
0.66535679
0.66535679
0.62546905
0.61862989
0.60234026
0.58743613
0.57412647
0.57412647
0.57139235
0.57139235
0.57139235
0.57139235
0.58272116
0.58272116
0.58272116
0.58272116
0.57475816
0.57312824
0.57312824
0.5543012
0.53969922
0.51631285
0.50276141
0.50276141
0.4801092
0.47696062
0.47696062
0.47696062
0.49580941
0.5112231
0.5284713
0.54262828
0.55433435
0.55433435
0.55433435
0.56239196
0.59208407
0.59208407
0.59208407
0.59856982
0.60648354
0.61792731
0.61792731
0.61955914
0.61955914
0.61955914
0.62160597
0.62160597
0.62160597
0.59699346
0.58555216
0.58555216
0.58555216
0.58333654
0.57363146
0.56116703
0.56116703
0.56116703
0.5727836
0.5727836
0.5727836
0.56506415
0.55822446
0.55463968
0.55463968
0.55463968
0.56128284
0.56128284
0.57000527
0.57000527
0.57000527
0.56988457
0.56988457
0.56988457
0.58705764
0.58705764
0.59746809
0.59746809
0.59746809
0.59261011
0.59261011
0.59261011
0.57950012
0.56829027
0.56708059
0.56708059
0.56708059
0.57057905
0.57515752
0.57515752
0.57515752
0.57416418
0.56975734
0.5516171
0.5500228
0.53727497
0.53727497
0.53727497
0.53727497
0.53296236
0.52678559
0.5159749
0.51476577
0.51476577
0.51476577
0.51476577
0.51476577
0.51000485
0.50986761
0.49059982
0.48912483
0.48544898
0.4716368
0.45455408
0.44409835
0.44409835
0.44409835
0.43856923
0.43854853
0.43854853
0.43057903
0.41995768
0.41567822
0.41567822
0.41567822
0.41567822
0.41567822
0.40409303
0.40409303
0.40409303
0.41309709
0.42459561
0.44308487
0.46650737
0.47475483
0.47540477
0.47681131
0.47681131
0.47681131
0.48357587
0.48357587
0.48357587
0.48357587
0.48357587
0.49414809
0.51843724
0.53011593
0.53863152
0.53863152
0.53863152
0.53850131
0.52971887
0.52367069
0.52367069
0.52367069
0.52855411
0.52855411
0.52855411
0.52960005
0.52960005
0.52960005
0.52502338
0.52293726
0.52293726
0.51579715
0.51211973
0.51211973
0.51211973
0.51543729
0.51550904
0.52729706
0.53037773
0.53037773
0.53037773
0.53037773
0.53064741
0.53064741
0.54348017
0.54348017
0.54348017
0.54348017
0.54348017
0.54280271
0.53655435
0.53655435
0.53607073
0.53607073
0.53607073
0.53607073
0.53557734
0.52746062
0.52746062
0.5188666
0.50974865
0.50212639
0.50212639
0.50212639
0.50732336
0.51302408
0.51302408
0.51302408
0.51459433
0.51881623
0.51902854
0.51902854
0.51902854
0.51902854
0.51902854
0.51902854
0.51780135
0.51780135
0.51769554
0.51287654
0.51122678
0.50799959
0.49903748
0.4960161
0.48937927
0.4805068
0.47241883
0.47241883
0.47241883
0.459242
0.459242
0.459242
0.46513015
0.46648246
0.46648246
0.46648246
0.46648246
0.46082734
0.46082734
0.46082734
0.462954
0.46592869
0.47392767
0.47695096
0.49497313
0.50328586
0.51482718
0.52583088
0.52583088
0.52583088
0.5268105
0.5268105
0.5268105
0.53723199
0.54914056
0.55681966
0.55681966
0.5712604
0.58648406
0.58933187
0.58933187
0.58933187
0.58138657
0.58001915
0.57688814
0.57688814
0.57688814
0.57688814
0.57346549
0.57346549
0.57346549
0.57528192
0.58149098
0.60231271
0.61499666
0.61499666
0.61499666
0.62249153
0.62569784
0.62569784
0.62592296
0.62592296
0.62592296
0.63287881
0.63287881
0.64525499
0.64607652
0.64609407
0.64609407
0.64609407
0.64402708
0.64402708
0.64402708
0.64402708
0.640586
0.640586
0.640586
0.640586
0.6503309
0.66429504
0.67608939
0.67608939
0.67608939
0.67642593
0.68546055
0.68835767
0.68835767
0.68835767
0.68835767
0.70062068
0.71385524
0.72054439
0.72688872
0.73947896
0.73947896
0.73947896
0.73834614
0.73173404
0.73173404
0.73173404
0.73937511
0.73937511
0.73937511
0.75866606
0.77240597
0.77933391
0.77933391
0.78669896
0.78669896
0.78669896
0.76665541
0.76665541
0.75693597
0.71354711
0.67887983
0.64231329
0.60945615
0.60521581
0.60521581
0.60521581
0.62798489
0.65305958
0.67398731
0.69594221
0.71710628
0.74698526
0.75617022
0.77046986
0.78249952
0.78598885
0.79675898
0.79675898
0.79675898
0.79288153
0.79288153
0.75543852
0.74889678
0.72599488
0.68719853
0.65730692
0.63323923
0.62992396
0.61583433
0.61583433
0.61583433
0.62547464
0.63812965
0.64592915
0.65396622
0.68708431
0.68708431
0.68708431
0.68708431
0.68845803
0.68845803
0.68845803
0.67754541
0.66120174
0.66120174
0.66120174
0.68615644
0.69853226
0.69853226
0.69853226
0.69853226
0.69853226
0.712086
0.712086
0.712086
0.71188826
0.70509823
0.69892267
0.69157729
0.68546879
0.68546879
0.67564758
0.67564758
0.67564758
0.67564758
0.68261553
0.69667355
0.69667355
0.69667355
0.6925164
0.67561352
0.65926284
0.6586859
0.63281529
0.59969405
0.59773463
0.59773463
0.58966262
0.57257341
0.57257341
0.56803637
0.5679311
0.54378392
0.5117902
0.49774814
0.45922778
0.42181094
0.40396161
0.39706314
0.39706314
0.39706314
0.41393214
0.41393214
0.41393214
0.40815806
0.40815806
0.40815806
0.41273196
0.42136263
0.43499691
0.53175112
0.61757022
0.63696436
0.63696436
0.63696436
0.63696436
0.63696436
0.63696436
0.63696436
0.63696436
0.63174564
0.63174564
0.63174564
0.62476103
0.62129521
0.6007621
0.6007621
0.56500766
0.52067215
0.52067215
0.52067215
0.5330701
0.5330701
0.54116929
0.55468882
0.55468882
0.55468882
0.55365635
0.50970057
0.50895378
0.50895378
0.50274351
0.50274351
0.47070611
0.46813587
0.46813587
0.46813587
0.43523801
0.43355825
0.43355825
0.43355825
0.43583337
0.43583337
0.46139798
0.47651442
0.49617878
0.54143211
0.54143211
0.54143211
0.54143211
0.54143211
0.54143211
0.52767625
0.52767625
0.4434958
0.38590839
0.38590839
0.38590839
0.39818913
0.44270076
0.46868298
0.49705242
0.49705242
0.49705242
0.49705242
0.49705242
0.49705242
0.51096095
0.61600613
0.61600613
0.62011853
0.62011853
0.62011853
0.62011853
0.62049034
0.62049034
0.62049034
0.63693964
0.63693964
0.63699736
0.63699736
0.63699736
0.62880413
0.62880413
0.62880413
0.62880413
0.68526119
0.69050117
0.69050117
0.69050117
0.69541476
0.69541476
0.69541476
0.69075964
0.69075964
0.66997612
0.63265597
0.57140621
0.55919707
0.55919707
0.55259004
0.55259004
0.54541645
0.53366791
0.53366791
0.53366791
0.54385866
0.57387889
0.57970805
0.57970805
0.63721179
0.63829881
0.63829881
0.65152354
0.65152354
0.65323294
0.65323294
0.69400558
0.69400558
0.69400558
0.69388099
0.69388099
0.69388099
0.69388099
0.69181224
0.69181224
0.69181224
0.69181224
0.69181224
0.69181224
0.69181224
0.70224848
0.70224848
0.70224848
0.68499904
0.61868988
0.59957211
0.58160397
0.58160397
0.58160397
0.59189525
0.61125695
0.62612388
0.62612388
0.6297871
0.6297871
0.6297871
0.6297871
0.6297871
0.6297871
0.60816592
0.60816592
0.60816592
0.60816592
0.62087866
0.65086783
0.69452337
0.7096507
0.7096507
0.7096507
0.71751476
0.71751476
0.71751476
0.7105368
0.7105368
0.7105368
0.7105368
0.70920362
0.70920362
0.6915838
0.67281307
0.64190024
0.63841409
0.62235959
0.59639424
0.59639424
0.59639424
0.59639424
0.59639424
0.57720431
0.56224736
0.56224736
0.56224736
0.56224736
0.56224736
0.56224736
0.56224736
0.56636435
0.56636435
0.60085142
0.60085142
0.60085142
0.64003573
0.65694477
0.66447017
0.67572232
0.69566567
0.71730387
0.71730387
0.71730387
0.69822168
0.67545243
0.67545243
0.67545243
0.66590497
0.66590497
0.64233049
0.64190587
0.64190587
0.64190587
0.62624231
0.62624231
0.62624231
0.6288152
0.65746836
0.65746836
0.65746836
0.6546486
0.6546486
0.6546486
0.66534646
0.67794216
0.67981261
0.69124128
0.70660021
0.72640163
0.72640163
0.74778239
0.74778239
0.74778239
0.74778239
0.74778239
0.74778239
0.74778239
0.76322908
0.76322908
0.76905929
0.76905929
0.76905929
0.77606955
0.79689831
0.80318456
0.80318456
0.83182089
0.86029209
0.88751538
0.88751538
0.88751538
0.90468601
0.90468601
0.90468601
0.82583573
0.73736214
0.65678421
0.65279516
0.65279516
0.65279516
0.67238651
0.67238651
0.67851924
0.67851924
0.67851924
0.67851924
0.67851924
0.67851924
0.67021616
0.67021616
0.66711568
0.66711568
0.66711568
0.64224435
0.64224435
0.64224435
0.64224435
0.70622384
0.70622384
0.70622384
0.6844295
0.6844295
0.6844295
0.6844295
0.6844295
0.65332155
0.65332155
0.65332155
0.66224842
0.66827146
0.71374453
0.71374453
0.71374453
0.71374453
0.71369257
0.60895431
0.6055371
0.58742209
0.58742209
0.58742209
0.58742209
0.54485548
0.50063316
0.50063316
0.50063316
0.53548364
0.62870851
0.70677375
0.7398264
0.82438969
0.82438969
0.82438969
0.82438969
0.82438969
0.71570377
0.46872352
0.36836823
0.36836823
0.28190162
0.28190162
0.28190162
0.33120318
0.33120318
0.33120318
0.60129676
0.66166796
0.69564179
0.70315406
0.70315406
0.70315406
0.70315406
0.70315406
0.47652037
0.47652037
0.47652037
0.47652037
0.39575943
0.25915097
0.25129692
0.22169272
0.22169272
0.22169272
0.26623262
0.52264176
0.57476552
0.57476552
0.57476552
0.55068116
0.55068116
0.55068116
0.55068116
0.60895711
0.64080499
0.64080499
0.64080499
0.52633006
0.52633006
0.52633006
0.52228152
0.41767011
0.39164806
0.33825165
0.33825165
0.33825165
0.32023246
0.28324183
0.20977117
0.19425536
0.19425536
0.19425536
0.19425536
0.16421741
0.16421741
0.16421741
0.16421741
0.35451566
0.45252268
0.55888579
0.56209402
0.56209402
0.56209402
0.56209402
0.55649136
0.55649136
0.55649136
0.47703133
0.47488239
0.47488239
0.47488239
0.49401809
0.49401809
0.49401809
0.49401809
0.49401809
0.49401809
0.49401809
0.49401809
0.50668378
0.50668378
0.50668378
0.34914742
0.34914742
0.34914742
0.37598223
0.54978064
0.54978064
0.5602502
0.5602502
0.5602502
0.5602502
0.59840541
0.59840541
0.59840541
0.56251216
0.5137551
0.5137551
0.42546487
0.41711355
0.32646716
0.32646716
0.32646716
0.35255097
0.36580605
0.36580605
0.36580605
0.48068579
0.57685514
0.57685514
0.57685514
0.66521958
0.66521958
0.66521958
0.66521958
0.66521958
0.63323028
0.63323028
0.63323028
0.63323028
0.63323028
0.62484805
0.57458777
0.5498633
0.5498633
0.5498633
0.5498633
0.5498633
0.53781593
0.53781593
0.53781593
0.52019068
0.52019068
0.52019068
0.52019068
0.52019068
0.52019068
0.55196821
0.64492636
0.6543803
0.6543803
0.73433481
0.73433481
0.83717226
0.87571543
0.87571543
0.87571543
0.87571543
0.80510435
0.80510435
0.80510435
0.80510435
0.73965215
0.73965215
0.73965215
0.73965215
0.74677804
0.74677804
0.74677804
0.74677804
0.74677804
0.79087418
0.79087418
0.79087418
0.69240848
0.62626724
0.62233925
0.60240326
0.53453946
0.53453946
0.53453946
0.53453946
0.59380292
0.71921295
0.71921295
0.71921295
0.71921295
0.71921295
0.77220841
0.77220841
0.77220841
0.75883522
0.70529597
0.70529597
0.70529597
0.84846248
0.84846248
0.84846248
0.76649942
0.76649942
0.76649942
0.80415455
0.80415455
0.80415455
0.80415455
0.78946185
0.78946185
0.76014052
0.66922391
0.66922391
0.61928734
0.56937219
0.56937219
0.56937219
0.58027603
0.58361517
0.58361517
0.61091058
0.64701299
0.71142958
0.71142958
0.71142958
0.71142958
0.75375247
0.75968552
0.75968552
0.75968552
0.75968552
0.75968552
0.75968552
0.64308658
0.64308658
0.64308658
0.61262996
0.61262996
0.61262996
0.55287712
0.52764081
0.52764081
0.52764081
0.52764081
0.49443938
0.4582322
0.39035295
0.33705218
0.33705218
0.33705218
0.38056665
0.40123047
0.40123047
0.40123047
0.40123047
0.36879582
0.36879582
0.36879582
0.36879582
0.36879582
0.54217646
0.57720413
0.61143962
0.73532005
0.73863761
0.7781746
0.7781746
0.7781746
0.7781746
0.67898495
0.65946287
0.61010765
0.61010765
0.61010765
0.6198764
0.70999867
0.70999867
0.70999867
0.63207344
0.54464579
0.54464579
0.54464579
0.54464579
0.54464579
0.58054801
0.67348127
0.67348127
0.67348127
0.66753329
0.66753329
0.66753329
0.66753329
0.44360776
0.42445295
0.42445295
0.42445295
0.46293925
0.60692801
0.775653
0.775653
0.775653
0.775653
0.775653
0.80833434
0.80833434
0.80833434
0.80711782
0.73472101
0.73472101
0.73472101
0.73472101
0.73472101
0.70689359
0.56963049
0.53941514
0.53941514
0.53941514
0.59942401
0.62645656
0.63381089
0.63381089
0.63934705
0.72369715
0.72708928
0.72708928
0.72708928
0.66028791
0.47087597
0.47087597
0.47087597
0.59643966
0.60243185
0.60243185
0.60243185
0.58403173
0.58403173
0.58403173
0.66420855
0.76931988
0.86964921
0.86964921
0.86964921
0.82726297
0.79857874
0.75415271
0.75415271
0.74408057
0.74408057
0.74408057
0.74408057
0.74408057
0.74408057
0.75200886
0.75200886
0.75200886
0.83771095
0.83771095
0.83771095
0.79741295
0.7875661
0.7875661
0.7875661
0.60991497
0.60991497
0.60991497
0.67394922
0.67394922
0.67394922
0.66530275
0.66530275
0.66530275
0.62732932
0.62732932
0.62732932
0.62732932
0.62732932
0.55863242
0.55863242
0.55863242
0.55863242
0.55863242
0.55863242
0.55863242
0.55863242
0.4910869
0.4910869
0.4910869
0.4910869
0.43978733
0.43978733
0.43978733
0.53898787
0.55891929
0.55891929
0.55891929
0.55891929
0.55891929
0.55891929
0.55891929
0.55891929
0.56579846
0.56579846
0.56579846
0.56579846
0.56579846
0.56579846
0.56579846
0.56579846
0.49667149
0.4594624
0.4594624
0.4594624
0.54422346
0.54422346
0.54422346
0.54422346
0.54990154
0.54990154
0.63119188
0.66600462
0.66600462
0.66600462
0.65083027
0.61283947
0.61283947
0.61283947
0.64095624
0.75980168
0.75980168
0.75980168
0.75980168
0.75980168
0.75980168
0.69267466
0.52763519
0.44419258
0.39301091
0.32606568
0.32606568
0.29299849
0.26958615
0.26958615
0.26958615
0.35264818
0.35264818
0.40665923
0.46258237
0.46258237
0.53104468
0.60328639
0.60328639
0.65182131
0.65182131
0.65182131
0.66023213
0.66023213
0.66023213
0.63530901
0.62263596
0.50890659
0.50890659
0.50890659
0.47632157
0.45031707
0.43584197
0.43584197
0.43584197
0.40495563
0.40495563
0.40495563
0.40495563
0.4416348
0.52981257
0.57276556
0.68332512
0.68332512
0.69889724
0.69889724
0.69889724
0.66185748
0.59650074
0.56789371
0.56789371
0.46261955
0.46261955
0.46261955
0.4061546
0.33483164
0.33483164
0.33483164
0.50178933
0.62620283
0.62620283
0.62620283
0.54771927
0.52992976
0.52992976
0.52992976
0.52992976
0.52992976
0.52992976
0.52992976
0.52992976
0.54374777
0.54374777
0.54374777
0.39053034
0.38172317
0.38172317
0.38172317
0.4757885
0.4757885
0.52034159
0.52034159
0.52034159
0.52034159
0.52034159
0.46429089
0.42193832
0.42193832
0.42193832
0.48748932
0.4931002
0.4931002
0.4931002
0.48635651
0.48635651
0.48635651
0.48635651
0.48635651
0.48635651
0.48635651
0.48635651
0.48635651
0.48635651
0.51175794
0.5310138
0.5310138
0.5310138
0.57758018
0.57758018
0.57758018
0.5095288
0.28626601
0.27279314
0.27279314
0.27279314
0.27279314
0.27279314
0.30475124
0.40779888
0.45515556
0.45515556
0.47890408
0.47890408
0.58960209
0.58960209
0.61949388
0.61949388
0.61949388
0.50857355
0.50857355
0.50857355
0.50857355
0.38588487
0.38588487
0.37446937
0.37446937
0.37446937
0.38483366
0.38483366
0.38483366
0.38483366
0.38483366
0.53069902
0.60378487
0.60378487
0.60378487
0.51470946
0.49871743
0.49871743
0.49871743
0.46435403
0.46435403
0.46435403
0.22291556
0.22291556
0.22291556
0.34907585
0.36661058
0.40566751
0.53444715
0.53444715
0.53444715
0.50486788
0.50486788
0.50486788
0.57572883
0.57572883
0.57572883
0.48019817
0.31914459
0.31914459
0.31914459
0.47142867
0.47142867
0.47142867
0.47142867
0.35740051
0.17205568
0.17205568
0.17205568
0.19042843
0.19042843
0.35742488
0.48754352
0.49519106
0.49519106
0.54809759
0.61827421
0.61827421
0.61827421
0.60226605
0.58053241
0.48760617
0.48760617
0.47461376
0.47461376
0.47461376
0.47461376
0.38618317
0.38618317
0.38618317
0.46657178
0.57221933
0.57221933
0.57221933
0.57221933
0.57221933
0.57221933
0.62186093
0.67381692
0.67381692
0.67381692
0.61780871
0.53429748
0.53429748
0.53429748
0.53429748
0.53429748
0.42302728
0.42302728
0.35407576
0.35407576
0.35407576
0.37402473
0.43846887
0.43846887
0.43846887
0.43846887
0.43846887
0.43846887
0.43846887
0.43846887
0.53322486
0.54926355
0.59047011
0.59047011
0.59047011
0.59047011
0.59047011
0.6364292
0.6364292
0.6364292
0.43019159
0.43019159
0.43019159
0.43019159
0.43019159
0.43019159
0.49367713
0.49367713
0.58608697
0.65819549
0.65819549
0.65819549
0.45759559
0.40860602
0.40860602
0.40860602
0.4174371
0.4906828
0.4906828
0.4906828
0.4906828
0.48199038
0.48199038
0.48199038
0.48199038
0.48199038
0.47820784
0.47820784
0.29434256
0.29434256
0.29434256
0.33834326
0.36748369
0.36748369
0.37430021
0.48947718
0.67884474
0.68984316
0.68984316
0.68984316
0.68984316
0.51477787
0.42115506
0.42115506
0.42115506
0.42115506
0.40548396
0.35112686
0.35112686
0.35112686
0.55636663
0.55636663
0.55636663
0.68836942
0.75818792
0.75818792
0.75818792
0.582748
0.41013258
0.41013258
0.41013258
0.41013258
0.41013258
0.41013258
0.41013258
0.48653425
0.54779681
0.54779681
0.54779681
0.67076169
0.67076169
0.67076169
0.67076169
0.56775526
0.35871578
0.35871578
0.35871578
0.35871578
0.35871578
0.35871578
0.36416089
0.58519649
0.58519649
0.58519649
0.57657948
0.57003756
0.57003756
0.57003756
0.57003756
0.57003756
0.51642569
0.48878338
0.40279406
0.40279406
0.34802234
0.34802234
0.34802234
0.34802234
0.34802234
0.34802234
0.43310205
0.56555318
0.57677339
0.62250769
0.62250769
0.62664238
0.62664238
0.62664238
0.62055878
0.45609326
0.45609326
0.45609326
0.45609326
0.45609326
0.40620706
0.40620706
0.30768802
0.30768802
0.30768802
0.31964186
0.39647304
0.39647304
0.39647304
0.39647304
0.41293568
0.41948655
0.41948655
0.41948655
0.40146683
0.3932327
0.3932327
0.3932327
0.3932327
0.39965637
0.42532309
0.44815411
0.44959011
0.44959011
0.44959011
0.44959011
0.5059528
0.53166109
0.53166109
0.53166109
0.53166109
0.53166109
0.63811299
0.6645823
0.67222528
0.69858825
0.71477802
0.71477802
0.71477802
0.71477802
0.71477802
0.71477802
0.71477802
0.71477802
0.71477802
0.69079526
0.65482741
0.60349431
0.59317459
0.53823496
0.53823496
0.53823496
0.50451079
0.45600324
0.40009241
0.38412319
0.30662205
0.30662205
0.30662205
0.30628428
0.30628428
0.30628428
0.30628428
0.32914179
0.39401405
0.49340939
0.59257484
0.61539917
0.61539917
0.61539917
0.61539917
0.66692371
0.6769983
0.6769983
0.74043665
0.81786128
0.84818157
0.84818157
0.88284218
0.88284218
0.88284218
0.87883802
0.85691751
0.85691751
0.82368134
0.79345057
0.73029592
0.66566142
0.65734463
0.65734463
0.65734463
0.65734463
0.65305186
0.55714236
0.5535802
0.5396508
0.52988328
0.52988328
0.52988328
0.53640168
0.54803565
0.56560422
0.61370873
0.6914185
0.74460734
0.76121999
0.7686466
0.83030239
0.83030239
0.83030239
0.73223379
0.70619805
0.70619805
0.70619805
0.67696636
0.63105134
0.62785344
0.62785344
0.62785344
0.62746706
0.62746706
0.62326185
0.60502543
0.60502543
0.60502543
0.60502543
0.60502543
0.60502543
0.5982289
0.5982289
0.5982289
0.58826715
0.58826715
0.58826715
0.60925258
0.63477615
0.63477615
0.63477615
0.66030581
0.66297817
0.66297817
0.66297817
0.64274074
0.64274074
0.64274074
0.63368946
0.63368946
0.63368946
0.6476538
0.6476538
0.6476538
0.6476538
0.6476538
0.66355231
0.6852591
0.6852591
0.6852591
0.6852591
0.69351587
0.69351587
0.69351587
0.69215861
0.62835248
0.56048921
0.52824441
0.52824441
0.52824441
0.54326401
0.60608418
0.60608418
0.61045682
0.6367124
0.6367124
0.6367124
0.57621995
0.56632223
0.56632223
0.56632223
0.61640022
0.65294868
0.66492761
0.66492761
0.66492761
0.66492761
0.73024661
0.74579998
0.74579998
0.74579998
0.74579998
0.74579998
0.74579998
0.72700417
0.69155818
0.62670923
0.56669474
0.54682105
0.54682105
0.54682105
0.54682105
0.54682105
0.54682105
0.54775192
0.54775192
0.54775192
0.54535469
0.54535469
0.54535469
0.57105704
0.64048055
0.71219321
0.71219321
0.71219321
0.69090421
0.69090421
0.69090421
0.69113827
0.69113827
0.69113827
0.67946992
0.67946992
0.67146129
0.60389385
0.59397628
0.54831902
0.54831902
0.54831902
0.55967295
0.65032213
0.72199178
0.72199178
0.72199178
0.69667635
0.6668172
0.62972305
0.60929329
0.60929329
0.60929329
0.69385818
0.70415632
0.70415632
0.70415632
0.6880183
0.6491007
0.59977282
0.59977282
0.59977282
0.59977282
0.59977282
0.60975477
0.62892153
0.63829863
0.63829863
0.63829863
0.62862376
0.62862376
0.62862376
0.61106498
0.61106498
0.61106498
0.61821331
0.67678266
0.74084691
0.77688564
0.81312388
0.81312388
0.81312388
0.81312388
0.81110882
0.78188045
0.74676679
0.70483046
0.65689755
0.6409515
0.6409515
0.63686489
0.62650095
0.62650095
0.62650095
0.67106667
0.70449251
0.73011396
0.73293177
0.74514321
0.76115873
0.76384655
0.76384655
0.76384655
0.74891065
0.74725321
0.74331046
0.72805504
0.71844596
0.70056787
0.70056787
0.6814241
0.65880734
0.64208994
0.61770726
0.61664571
0.61664571
0.61664571
0.62752005
0.63051123
0.63498828
0.63498828
0.63498828
0.63498828
0.62499335
0.6214233
0.6214233
0.6214233
0.6214233
0.6214233
0.6310703
0.6310703
0.6310703
0.60935452
0.60407651
0.58924694
0.58924694
0.58924694
0.59732069
0.59732069
0.59732069
0.59732069
0.5964172
0.59389103
0.59389103
0.59389103
0.59637351
0.59959122
0.59959122
0.59959122
0.59959122
0.59959122
0.59949069
0.59703011
0.59703011
0.59703011
0.61332132
0.61775957
0.61775957
0.61775957
0.61742424
0.61742424
0.61742424
0.63526412
0.64762275
0.64762275
0.64762275
0.64762275
0.64762275
0.64762275
0.64762275
0.64524589
0.64524589
0.64524589
0.64524589
0.64524589
0.65967536
0.66496868
0.66496868
0.66496868
0.66314435
0.66314435
0.66314435
0.66314435
0.66314435
0.66314435
0.66314435
0.66152515
0.66152515
0.66152515
0.66609991
0.66609991
0.66609991
0.7034657
0.7034657
0.7034657
0.69972878
0.69972878
0.69972878
0.70537528
0.7173265
0.73070985
0.74779785
0.74779785
0.74779785
0.74779785
0.74779785
0.75883504
0.75883504
0.75883504
0.74918666
0.73868307
0.72280384
0.71230322
0.69535368
0.69535368
0.68467357
0.68467357
0.68467357
0.67602869
0.67292556
0.67292556
0.67292556
0.68107932
0.70000006
0.70036536
0.70036536
0.70036536
0.70023798
0.70023798
0.68564495
0.68530753
0.68530753
0.68530753
0.67528593
0.65927514
0.64460716
0.64267668
0.64267668
0.64267668
0.64334646
0.64880926
0.64880926
0.65156687
0.66512432
0.66512432
0.66512432
0.65951569
0.65940358
0.65794824
0.65526045
0.65320977
0.65320977
0.64193501
0.63715739
0.63715739
0.63715739
0.63715739
0.63715739
0.65323556
0.65323556
0.65323556
0.65323556
0.65453771
0.65453771
0.65587124
0.65912775
0.67643803
0.68966279
0.69268641
0.69268641
0.70089001
0.70089001
0.70089001
0.68673968
0.68673968
0.68673968
0.68673968
0.68673968
0.69250569
0.71318723
0.71318723
0.71318723
0.71318723
0.71320916
0.71320916
0.71320916
0.69680935
0.69477062
0.68203807
0.66478389
0.65307907
0.64170583
0.63320467
0.62399616
0.60144961
0.58911992
0.58294542
0.58107196
0.58107196
0.58107196
0.58107196
0.57932255
0.56634225
0.54594582
0.52959481
0.52697035
0.52697035
0.52400372
0.52400372
0.52400372
0.53952427
0.54280586
0.54280586
0.54280586
0.52877905
0.52877905
0.52877905
0.53119382
0.5312212
0.54182606
0.54992085
0.57059203
0.58199264
0.58199264
0.58199264
0.57718871
0.57278222
0.56343703
0.56343703
0.56343703
0.56343703
0.56343703
0.55017141
0.54414466
0.53751678
0.53751678
0.53751678
0.5448669
0.55041321
0.55061481
0.55061481
0.55061481
0.54206628
0.52044
0.51413953
0.48652283
0.48652283
0.47886057
0.47164293
0.46747192
0.44958467
0.42512936
0.39906504
0.37517106
0.37517106
0.36075648
0.3375861
0.3375861
0.3375861
0.32855431
0.32281094
0.32281094
0.31831655
0.31831655
0.31141336
0.28778801
0.28778801
0.28778801
0.30591456
0.31247508
0.32891894
0.36489906
0.37391454
0.37793992
0.39067739
0.39380963
0.39817349
0.40077988
0.40077988
0.40077988
0.40077988
0.40676942
0.42946305
0.46333285
0.49786115
0.51244679
0.51879168
0.55073677
0.56849784
0.57467691
0.58844419
0.60979531
0.60979531
0.60979531
0.60979531
0.60979531
0.60979531
0.5956357
0.59326128
0.59326128
0.58643193
0.58191472
0.58191472
0.55967047
0.54306783
0.54306783
0.54306783
0.5641124
0.57542158
0.62584277
0.6361246
0.64212783
0.65242597
0.66601639
0.67631451
0.69497819
0.70942998
0.73447976
0.75586947
0.76506253
0.77417978
0.77417978
0.77417978
0.73000518
0.71546691
0.71340534
0.70664145
0.68774388
0.67324596
0.66111822
0.65345894
0.64349666
0.63542553
0.63542553
0.63542553
0.62516021
0.60399247
0.60394843
0.60394843
0.58988723
0.58464937
0.56379535
0.55948324
0.55948324
0.55401712
0.54100944
0.52695754
0.48954913
0.47299683
0.47299683
0.44960996
0.44960996
0.44960996
0.44397168
0.42147773
0.40344347
0.39746812
0.39746812
0.39746812
0.40339961
0.43219455
0.4361957
0.46020163
0.50061035
0.50061035
0.50061035
0.51221485
0.51741479
0.52225485
0.52225485
0.55173482
0.55962785
0.55962785
0.55962785
0.57657071
0.61909381
0.63861568
0.66566192
0.66566192
0.66566192
0.65848516
0.65848516
0.65848516
0.65848516
0.64612969
0.61880764
0.57092928
0.55748679
0.55748679
0.55264217
0.53951868
0.53951868
0.52171636
0.52171636
0.52171636
0.52171636
0.52171636
0.52369053
0.56201103
0.62647761
0.65675245
0.65675245
0.65675245
0.64003085
0.64003085
0.63292374
0.61812576
0.57310928
0.57310928
0.57310928
0.55408977
0.48778954
0.44559544
0.40353891
0.38332673
0.38332673
0.38332673
0.40367
0.40367
0.40367
0.40367
0.40367
0.40367
0.40367
0.40367
0.45473901
0.46484939
0.48457816
0.48457816
0.48457816
0.47074473
0.45301804
0.42563841
0.42563841
0.42563841
0.44910232
0.47814678
0.50714017
0.56225458
0.56225458
0.56225458
0.54446736
0.54446736
0.54446736
0.54446736
0.53109523
0.51731267
0.51731267
0.51731267
0.54290342
0.55537102
0.59752879
0.62298513
0.62298513
0.62298513
0.62298513
0.61436744
0.61436744
0.61436744
0.63509723
0.64905857
0.67004386
0.67305417
0.69462832
