0.66669197
0.68259952
0.68259952
0.68259952
0.68259952
0.68259952
0.61056666
0.60556472
0.56714812
0.56714812
0.41090974
0.12075636
0.12075636
0.12075636
0.25820916
0.3139318
0.36439836
0.43730635
0.43730635
0.46528693
0.64857493
0.68432089
0.68432089
0.68432089
0.51245623
0.4947505
0.4947505
0.4947505
0.6476077
0.72764534
0.72764534
0.72764534
0.57178672
0.52931079
0.52412108
0.52412108
0.52412108
0.52880567
0.62350193
0.64976542
0.69163351
0.69163351
0.69163351
0.56449406
0.56449406
0.56449406
0.56449406
0.56449406
0.54544402
0.54544402
0.54544402
0.50382126
0.50382126
0.50382126
0.52640995
0.52640995
0.52640995
0.52640995
0.52926806
0.56074203
0.68732995
0.68732995
0.68732995
0.66923427
0.66923427
0.66923427
0.74786267
0.76173051
0.76173051
0.76173051
0.65190331
0.53397598
0.46170187
0.45853759
0.45853759
0.45853759
0.45853759
0.60833564
0.71962387
0.72507574
0.72507574
0.72507574
0.72507574
0.70305244
0.66834048
0.64730618
0.57396198
0.56851787
0.56851787
0.56851787
0.49893732
0.49893732
0.47931792
0.47931792
0.47931792
0.48870378
0.50528907
0.50528907
0.50528907
0.53129009
0.53129009
0.58649415
0.58649415
0.58649415
0.56112347
0.56112347
0.56112347
0.56112347
0.56112347
0.56112347
0.62968434
0.62968434
0.62968434
0.54700534
0.45233935
0.45233935
0.45233935
0.52785712
0.53076204
0.53076204
0.53076204
0.49478883
0.4922031
0.4922031
0.46380413
0.46380413
0.46380413
0.5231939
0.5231939
0.5231939
0.47729518
0.47729518
0.41301737
0.41301737
0.41301737
0.45412127
0.45412127
0.45412127
0.45412127
0.47072553
0.53952676
0.5562943
0.5562943
0.5562943
0.47661589
0.47661589
0.47661589
0.4805118
0.4805118
0.4805118
0.4805118
0.42847342
0.42847342
0.38702825
0.38702825
0.38702825
0.43089162
0.45052502
0.51372159
0.51372159
0.51372159
0.51372159
0.52926621
0.5439677
0.62456183
0.65538426
0.65538426
0.65538426
0.65538426
0.65538426
0.68403665
0.68403665
0.68403665
0.60618274
0.60618274
0.60618274
0.60618274
0.59993838
0.59993838
0.55043281
0.55043281
0.55043281
0.56051692
0.56051692
0.56051692
0.54992147
0.4914191
0.47802894
0.36529201
0.36529201
0.36529201
0.36529201
0.36529201
0.35531346
0.35531346
0.35531346
0.35531346
0.31363565
0.31363565
0.30843336
0.30843336
0.30843336
0.30843336
0.28287026
0.28287026
0.28287026
0.28287026
0.28287026
0.28287026
0.28661055
0.33933854
0.33933854
0.33933854
0.35981735
0.35981735
0.35981735
0.35341693
0.35341693
0.35341693
0.38690599
0.46320577
0.46320577
0.46320577
0.46320577
0.46320577
0.46320577
0.34155301
0.34155301
0.34155301
0.34155301
0.34155301
0.34155301
0.34155301
0.35994978
0.37932553
0.45325395
0.45325395
0.45325395
0.45325395
0.45325395
0.45325395
0.45325395
0.45325395
0.41746199
0.38432125
0.35638226
0.30870984
0.30870984
0.30870984
0.33897364
0.33897364
0.36715613
0.36715613
0.36715613
0.31935708
0.27753694
0.27753694
0.27753694
0.28945873
0.28980609
0.32146668
0.37617455
0.40079902
0.43943152
0.43943152
0.43943152
0.43943152
0.43943152
0.4400893
0.55237842
0.58270931
0.58270931
0.64234372
0.64234372
0.64234372
0.64234372
0.64234372
0.64234372
0.6190184
0.6190184
0.53751648
0.39041267
0.39041267
0.39041267
0.40497084
0.40497084
0.40497084
0.54330413
0.54330413
0.5745936
0.67510849
0.67510849
0.67510849
0.58807517
0.51308629
0.51308629
0.46483954
0.46483954
0.46483954
0.49074209
0.59765939
0.60286099
0.62353943
0.62353943
0.62353943
0.62019716
0.62019716
0.62019716
0.5168669
0.5168669
0.5168669
0.52800878
0.61536429
0.66102418
0.66102418
0.66102418
0.65165755
0.58427856
0.47756486
0.47756486
0.47756486
0.49891014
0.61348248
0.61348248
0.61348248
0.57557059
0.57557059
0.50140617
0.50140617
0.50140617
0.53778093
0.6027785
0.63818151
0.63818151
0.63818151
0.62173983
0.62173983
0.62173983
0.54405344
0.53993639
0.53993639
0.53993639
0.58569036
0.58569036
0.58569036
0.43076272
0.40299707
0.40299707
0.40299707
0.46943798
0.52232558
0.76941582
0.76941582
0.76941582
0.67967635
0.67967635
0.67967635
0.67967635
0.67967635
0.67967635
0.67967635
0.67967635
0.67967635
0.67967635
0.67967635
0.67967635
0.67967635
0.67967635
0.67967635
0.67206391
0.67206391
0.67206391
0.67206391
0.67206391
0.63990938
0.63990938
0.53692987
0.53692987
0.53692987
0.53703173
0.53703173
0.59593776
0.59593776
0.59593776
0.59593776
0.59593776
0.66075281
0.66075281
0.66075281
0.66075281
0.66075281
0.66075281
0.66075281
0.66075281
0.66075281
0.66075281
0.66075281
0.66075281
0.69236474
0.73420297
0.73420297
0.73420297
0.73420297
0.73420297
0.73420297
0.73420297
0.73420297
0.70942826
0.70942826
0.70942826
0.70942826
0.67074849
0.67074849
0.67074849
0.67666658
0.7245098
0.73590155
0.80697385
0.80697385
0.80697385
0.80697385
0.80697385
0.80697385
0.80697385
0.80697385
0.80697385
0.80697385
0.80697385
0.80697385
0.73383964
0.6540742
0.6540742
0.6540742
0.6540742
0.6540742
0.6540742
0.6540742
0.6540742
0.6540742
0.6540742
0.67419179
0.67419179
0.67419179
0.67419179
0.67419179
0.64273478
0.64273478
0.64273478
0.64273478
0.59736553
0.59719376
0.59719376
0.57900114
0.57900114
0.57900114
0.57900114
0.59315706
0.59315706
0.59315706
0.56521126
0.56521126
0.56521126
0.61013681
0.61013681
0.61013681
0.57365381
0.528608
0.528608
0.528608
0.528608
0.528608
0.61456517
0.61456517
0.61456517
0.5481831
0.5481831
0.5481831
0.49525928
0.49525928
0.49525928
0.49525928
0.49525928
0.60922335
0.64604424
0.67528196
0.67528196
0.67528196
0.67528196
0.68925719
0.68925719
0.68925719
0.68925719
0.6974387
0.6974387
0.6974387
0.6974387
0.50864238
0.50864238
0.50864238
0.50864238
0.50864238
0.50864238
0.53922016
0.60252042
0.60252042
0.60252042
0.57415808
0.51113331
0.51113331
0.51113331
0.51113331
0.51113331
0.54894234
0.54894234
0.54894234
0.54894234
0.54894234
0.54894234
0.54894234
0.54894234
0.54894234
0.58468308
0.58468308
0.58468308
0.58468308
0.58468308
0.58468308
0.62131224
0.62131224
0.62131224
0.59058462
0.59058462
0.59058462
0.725108
0.725108
0.725108
0.725108
0.725108
0.725108
0.54378093
0.54378093
0.54378093
0.54378093
0.5283004
0.5283004
0.52445683
0.52445683
0.52445683
0.55745848
0.55745848
0.55745848
0.55745848
0.55745848
0.55745848
0.55745848
0.55745848
0.55745848
0.55745848
0.55745848
0.55745848
0.55745848
0.55745848
0.53623515
0.53623515
0.53623515
0.62659025
0.62659025
0.72583823
0.82722119
0.82722119
0.82722119
0.52440746
0.52440746
0.52440746
0.52440746
0.52440746
0.65766012
0.65766012
0.65766012
0.65766012
0.68452041
0.68452041
0.68452041
0.68452041
0.68452041
0.68452041
0.68452041
0.68452041
0.68452041
0.68402236
0.68402236
0.68402236
0.68402236
0.68402236
0.68402236
0.67338741
0.67338741
0.67338741
0.72864328
0.72864328
0.72864328
0.72864328
0.72864328
0.73549463
0.73549463
0.73549463
0.74648145
0.74648145
0.81154779
0.81154779
0.81154779
0.81154779
0.81154779
0.80459909
0.80459909
0.80459909
0.80459909
0.80459909
0.77374809
0.75577409
0.75577409
0.75577409
0.75577409
0.75577409
0.72239764
0.68845933
0.68845933
0.68845933
0.68845933
0.78704206
0.78704206
0.78704206
0.67294158
0.57011841
0.57011841
0.57011841
0.57011841
0.57011841
0.55469901
0.55469901
0.55469901
0.68749832
0.76971549
0.76971549
0.76971549
0.76971549
0.76971549
0.76971549
0.76971549
0.74432048
0.61449386
0.56341491
0.56341491
0.56341491
0.60652132
0.72988654
0.72988654
0.72988654
0.72988654
0.72988654
0.72988654
0.72055374
0.66223095
0.66223095
0.62213203
0.6002836
0.5013135
0.5013135
0.5013135
0.58304095
0.58304095
0.58304095
0.46405796
0.32385079
0.32385079
0.32385079
0.36371836
0.41167335
0.49983379
0.53050424
0.53050424
0.53050424
0.4585318
0.4585318
0.4585318
0.4585318
0.4585318
0.4585318
0.46321185
0.49553843
0.59042021
0.59042021
0.59042021
0.59042021
0.62713781
0.71905112
0.71905112
0.71905112
0.70166018
0.62856274
0.62856274
0.62856274
0.62856274
0.62856274
0.62856274
0.62856274
0.62856274
0.62856274
0.62856274
0.60275713
0.57728585
0.55829679
0.55829679
0.55015901
0.48710367
0.48710367
0.48710367
0.48710367
0.48710367
0.48710367
0.48710367
0.46199052
0.46199052
0.46199052
0.59514669
0.59514669
0.64246355
0.64246355
0.64246355
0.60585067
0.60585067
0.60585067
0.60585067
0.60585067
0.60585067
0.60585067
0.57056848
0.55605602
0.55605602
0.52334727
0.52334727
0.52334727
0.52334727
0.52334727
0.53855785
0.62029323
0.62029323
0.62029323
0.55402819
0.45498267
0.45498267
0.45498267
0.49903424
0.49903424
0.49903424
0.49903424
0.51782324
0.51782324
0.51782324
0.54410424
0.54410424
0.54410424
0.60329323
0.70017793
0.70017793
0.70017793
0.51713317
0.51713317
0.51713317
0.51713317
0.61886717
0.61886717
0.61886717
0.61886717
0.61886717
0.61886717
0.61886717
0.61886717
0.61886717
0.61886717
0.61886717
0.63705552
0.68844504
0.68844504
0.68844504
0.68844504
0.68860663
0.68860663
0.68860663
0.60022262
0.60022262
0.60022262
0.54001024
0.54001024
0.54001024
0.54001024
0.5130099
0.47425868
0.47425868
0.47425868
0.47425868
0.59359906
0.59359906
0.59359906
0.53068479
0.53068479
0.50129099
0.50129099
0.50129099
0.50129099
0.50129099
0.50129099
0.50129099
0.50129099
0.50129099
0.50129099
0.50129099
0.50129099
0.50129099
0.50129099
0.50129099
0.50129099
0.52139655
0.54640346
0.54640346
0.54640346
0.35514252
0.35514252
0.35514252
0.40588912
0.40588912
0.40588912
0.40588912
0.44820036
0.44820036
0.44820036
0.66958842
0.71849081
0.71849081
0.7368852
0.78050946
0.78050946
0.78050946
0.74209385
0.72563719
0.72563719
0.72563719
0.78956721
0.78956721
0.78956721
0.73131799
0.67709686
0.66837132
0.66837132
0.66837132
0.66837132
0.74036684
0.77593652
0.80336189
0.80336189
0.80336189
0.78824797
0.70081111
0.70081111
0.70081111
0.70081111
0.70081111
0.59970138
0.59970138
0.57351359
0.57351359
0.57351359
0.57351359
0.57351359
0.57351359
0.58534017
0.58534017
0.58534017
0.63438703
0.63438703
0.63438703
0.60366791
0.4372025
0.4372025
0.4372025
0.49392702
0.49748308
0.49748308
0.56340133
0.56340133
0.56340133
0.56160215
0.56160215
0.56160215
0.56160215
0.56160215
0.56160215
0.56160215
0.5771547
0.5771547
0.5771547
0.5771547
0.7498373
0.7498373
0.7498373
0.70609335
0.70609335
0.70609335
0.70609335
0.70609335
0.74270651
0.74270651
0.74270651
0.74270651
0.74270651
0.74343221
0.74343221
0.74343221
0.74343221
0.74343221
0.74234372
0.68728893
0.67993965
0.65029401
0.65029401
0.65029401
0.65029401
0.65029401
0.60305186
0.60305186
0.60305186
0.60305186
0.60305186
0.58897418
0.58677587
0.51362438
0.46952669
0.46952669
0.46952669
0.46952669
0.39262019
0.39262019
0.39262019
0.39262019
0.39262019
0.39262019
0.39262019
0.39262019
0.39262019
0.62060933
0.62060933
0.69807314
0.69807314
0.69807314
0.69807314
0.69807314
0.69807314
0.69807314
0.69807314
0.58235927
0.55104361
0.55104361
0.55104361
0.55104361
0.55104361
0.59661776
0.59661776
0.61002674
0.61002674
0.61002674
0.64263377
0.64263377
0.64263377
0.61403019
0.54514675
0.54514675
0.54410339
0.5297286
0.5297286
0.5297286
0.5297286
0.5297286
0.53420462
0.64501377
0.81372151
0.81372151
0.81372151
0.69226824
0.67014745
0.67014745
0.67014745
0.67014745
0.67014745
0.67014745
0.69402766
0.69402766
0.69402766
0.55876018
0.55876018
0.55876018
0.55876018
0.55876018
0.55876018
0.55876018
0.43178697
0.43178697
0.43178697
0.46717173
0.51017258
0.51017258
0.51017258
0.51017258
0.51017258
0.51017258
0.51017258
0.51017258
0.54474109
0.54474109
0.54474109
0.54474109
0.54474109
0.54474109
0.54474109
0.54474109
0.54474109
0.54474109
0.54474109
0.54474109
0.65108354
0.66844984
0.66844984
0.66844984
0.66844984
0.72125793
0.72125793
0.72125793
0.72125793
0.68697297
0.68697297
0.68697297
0.72648229
0.72648229
0.72648229
0.72648229
0.85712306
0.88374819
0.88374819
0.88374819
0.80978016
0.80613708
0.77963676
0.76923245
0.74755268
0.74504478
0.67368582
0.67368582
0.67368582
0.71112515
0.71112515
0.71112515
0.59315789
0.59315789
0.59038823
0.4624635
0.4624635
0.4624635
0.50619178
0.57406484
0.57406484
0.57406484
0.59280375
0.59280375
0.59280375
0.59280375
0.59280375
0.67226555
0.67226555
0.67226555
0.6274348
0.50106942
0.50106942
0.48834991
0.48834991
0.48834991
0.48834991
0.35772641
0.35686177
0.35686177
0.35686177
0.41006505
0.41473009
0.57821517
0.57821517
0.57821517
0.57821517
0.57821517
0.61559111
0.61559111
0.61559111
0.61559111
0.61559111
0.61559111
0.6361896
0.6361896
0.6361896
0.62061908
0.62061908
0.62061908
0.6634588
0.6634588
0.6634588
0.6634588
0.6634588
0.63130963
0.61629743
0.61629743
0.59482267
0.59482267
0.59482267
0.59482267
0.59482267
0.59482267
0.6476217
0.6476217
0.6476217
0.68638861
0.75024806
0.75024806
0.75024806
0.75024806
0.75024806
0.71042151
0.71042151
0.71042151
0.71042151
0.70161109
0.70161109
0.70161109
0.70161109
0.71290508
0.71290508
0.72302798
0.72302798
0.72302798
0.78045145
0.78045145
0.78531687
0.78531687
0.78531687
0.78531687
0.7613226
0.68349162
0.68349162
0.68349162
0.62318529
0.62318529
0.62318529
0.59290888
0.55235592
0.52110592
0.52110592
0.52110592
0.52110592
0.53539046
0.53539046
0.53539046
0.53539046
0.49518317
0.49518317
0.49518317
0.63647826
0.63647826
0.63647826
0.47975555
0.47975555
0.47975555
0.66697892
0.71368808
0.71368808
0.73736471
0.78419202
0.78419202
0.78419202
0.78419202
0.78419202
0.78419202
0.78419202
0.78419202
0.75620987
0.75620987
0.75121698
0.75121698
0.75121698
0.75121698
0.75121698
0.73929094
0.73929094
0.72731694
0.72731694
0.70406111
0.60697438
0.60697438
0.60697438
0.67426507
0.67596068
0.67596068
0.67596068
0.7805478
0.7805478
0.7805478
0.69053116
0.66889652
0.66889652
0.66889652
0.6375557
0.6375557
0.6375557
0.6375557
0.63280518
0.61040054
0.61040054
0.61040054
0.61040054
0.58996349
0.56048423
0.56048423
0.56048423
0.63559706
0.63559706
0.64922393
0.64922393
0.64922393
0.64922393
0.70260676
0.70260676
0.74409934
0.74409934
0.74409934
0.71047656
0.71047656
0.71047656
0.71047656
0.67292107
0.67292107
0.67292107
0.67292107
0.67292107
0.67292107
0.67292107
0.67292107
0.67292107
0.66764916
0.66764916
0.66764916
0.81286421
0.81286421
0.81286421
0.81286421
0.75224052
0.57863935
0.57863935
0.57863935
0.57863935
0.57863935
0.74643322
0.74643322
0.74643322
0.74643322
0.74643322
0.74643322
0.74643322
0.74643322
0.81028682
0.81028682
0.81028682
0.81028682
0.81028682
0.81028682
0.81028682
0.72560873
0.70634901
0.70634901
0.70634901
0.70634901
0.70634901
0.6757783
0.6757783
0.32077947
0.32077947
0.32077947
0.38634271
0.59038498
0.59038498
0.59038498
0.59038498
0.59038498
0.65797565
0.71593564
0.71593564
0.72653537
0.72653537
0.72653537
0.72653537
0.72653537
0.62633117
0.62633117
0.45790456
0.45790456
0.45790456
0.45790456
0.50325007
0.50325007
0.55067588
0.55067588
0.5745452
0.5745452
0.5745452
0.5745452
0.5745452
0.56772073
0.56772073
0.56772073
0.56772073
0.56772073
0.80141416
0.80141416
0.80141416
0.80141416
0.80141416
0.80141416
0.77589491
0.77589491
0.77589491
0.71525764
0.71525764
0.71525764
0.71525764
0.71525764
0.71525764
0.71525764
0.71525764
0.58288957
0.47219036
0.47219036
0.47219036
0.50048917
0.5986637
0.5986637
0.5986637
0.5986637
0.61970151
0.61970151
0.61970151
0.61970151
0.65559394
0.65559394
0.65559394
0.65559394
0.65559394
0.76948556
0.76948556
0.76948556
0.53163588
0.52666378
0.52666378
0.48382945
0.48382945
0.48382945
0.61054359
0.68623567
0.68623567
0.7101183
0.82111902
0.83527634
0.83527634
0.83527634
0.78888171
0.78888171
0.78888171
0.76188191
0.71739553
0.71739553
0.71739553
0.71739553
0.53747093
0.53747093
0.53747093
0.53747093
0.53747093
0.54593343
0.5467112
0.60355981
0.60355981
0.60355981
0.60906644
0.79974288
0.79974288
0.79974288
0.6821513
0.6821513
0.6821513
0.60002213
0.60002213
0.60002213
0.67603102
0.67603102
0.67603102
0.63866399
0.63866399
0.55703146
0.55703146
0.54679581
0.54679581
0.54679581
0.54679581
0.54679581
0.50109404
0.39835958
0.39835958
0.39835958
0.45370134
0.65766294
0.65766294
0.65766294
0.65766294
0.65766294
0.67468516
0.69086777
0.69086777
0.69086777
0.69086777
0.68559189
0.68559189
0.68559189
0.56688142
0.55733524
0.55733524
0.55733524
0.57581875
0.57581875
0.57581875
0.57581875
0.5472159
0.41586938
0.41586938
0.41586938
0.41586938
0.68518384
0.68518384
0.68518384
0.51050522
0.51050522
0.51050522
0.65415909
0.65415909
0.65415909
0.65415909
0.65415909
0.64998699
0.59788366
0.59788366
0.59788366
0.78739167
0.78739167
0.78739167
0.78739167
0.75696614
0.74725413
0.73697277
0.73697277
0.73697277
0.73816879
0.73816879
0.73816879
0.73816879
0.73816879
0.73816879
0.73816879
0.73816879
0.73816879
0.71901801
0.71901801
0.71901801
0.71901801
0.76699435
0.76699435
0.76699435
0.6698107
0.62926496
0.62926496
0.62926496
0.68956308
0.75021609
0.75021609
0.75021609
0.75021609
0.75021609
0.76127605
0.76127605
0.76127605
0.76127605
0.76127605
0.78379939
0.78379939
0.78379939
0.78379939
0.78379939
0.7169691
0.67405623
0.67405623
0.67405623
0.59651376
0.59651376
0.59651376
0.59651376
0.59651376
0.59651376
0.59651376
0.69124639
0.69124639
0.69124639
0.69124639
0.69124639
0.69124639
0.69124639
0.69124639
0.69124639
0.69124639
0.64795406
0.64795406
0.64795406
0.75401182
0.75401182
0.75401182
0.75401182
0.75401182
0.75401182
0.68967429
0.68967429
0.59313596
0.59313596
0.59313596
0.59313596
0.59313596
0.62477972
0.74667133
0.74667133
0.74667133
0.71353881
0.71353881
0.69444308
0.57379475
0.57379475
0.57379475
0.57379475
0.57379475
0.57379475
0.57379475
0.6694598
0.6694598
0.6694598
0.6694598
0.6694598
0.6694598
0.6694598
0.59519607
0.59519607
0.59519607
0.64150721
0.6705057
0.6705057
0.6705057
0.61688008
0.59289205
0.59289205
0.59289205
0.59289205
0.59289205
0.59289205
0.59273797
0.59273797
0.59273797
0.59273797
0.58082679
0.58082679
0.58082679
0.60751699
0.60751699
0.60751699
0.62564198
0.73925063
0.73925063
0.73925063
0.59810367
0.59810367
0.59810367
0.59810367
0.65898347
0.7241313
0.79353968
0.80911728
0.80911728
0.80911728
0.56743563
0.56743563
0.56743563
0.59247621
0.61283348
0.61283348
0.61283348
0.61283348
0.65309636
0.65309636
0.65309636
0.68208493
0.7104334
0.7104334
0.7104334
0.7104334
0.81046355
0.81046355
0.81046355
0.72005498
0.68127235
0.68127235
0.68127235
0.68127235
0.68127235
0.68127235
0.81414271
0.81414271
0.81414271
0.75337413
0.71947869
0.71947869
0.71947869
0.74908205
0.74908205
0.74908205
0.74908205
0.6797239
0.6797239
0.63675642
0.63675642
0.60909077
0.60909077
0.60909077
0.60909077
0.60909077
0.70182473
0.70182473
0.70182473
0.70182473
0.75426255
0.75426255
0.75426255
0.71863938
0.71863938
0.71362441
0.71362441
0.67835837
0.67835837
0.67835837
0.67835837
0.67835837
0.69706176
0.69706176
0.69706176
0.6789737
0.6789737
0.6789737
0.6789737
0.7374878
0.7374878
0.81611254
0.81611254
0.81611254
0.81611254
0.75841032
0.74588337
0.74588337
0.74588337
0.74588337
0.74588337
0.62040898
0.62040898
0.62040898
0.62040898
0.7281516
0.7281516
0.7281516
0.7281516
0.7281516
0.7281516
0.7281516
0.7409601
0.7409601
0.74606575
0.74606575
0.74606575
0.74606575
0.74606575
0.74606575
0.78365832
0.78365832
0.78365832
0.76108477
0.76108477
0.6338181
0.47240699
0.47240699
0.47240699
0.52288473
0.52288473
0.52288473
0.52288473
0.50660563
0.50660563
0.50660563
0.58813827
0.65532667
0.69496728
0.69496728
0.69496728
0.68941085
0.65767583
0.65767583
0.65767583
0.75088519
0.75088519
0.75088519
0.6837671
0.6837671
0.6837671
0.6837671
0.68001438
0.68001438
0.68001438
0.68001438
0.68001438
0.68001438
0.68001438
0.68001438
0.68001438
0.68001438
0.6607238
0.6607238
0.6607238
0.6607238
0.6607238
0.68751235
0.69259436
0.72913777
0.72913777
0.72913777
0.72913777
0.72913777
0.72913777
0.72913777
0.72748829
0.72748829
0.72748829
0.72748829
0.72748829
0.72748829
0.72748829
0.72748829
0.72748829
0.72748829
0.72748829
0.72748829
0.72748829
0.72748829
0.72748829
0.72748829
0.68625238
0.68625238
0.68625238
0.68625238
0.68625238
0.69141251
0.69141251
0.69141251
0.69141251
0.69141251
0.69141251
0.69141251
0.54594503
0.54594503
0.54594503
0.61518094
0.61518094
0.61518094
0.6652069
0.7885315
0.7885315
0.7885315
0.73059272
0.73059272
0.73059272
0.73059272
0.73059272
0.5615133
0.5615133
0.5615133
0.5615133
0.5615133
0.5615133
0.5615133
0.5615133
0.5615133
0.5615133
0.5615133
0.5615133
0.5615133
0.5615133
0.5615133
0.57183227
0.57183227
0.59433369
0.59433369
0.72703779
0.72703779
0.72703779
0.70138512
0.70138512
0.70138512
0.70138512
0.70138512
0.5939968
0.5939968
0.5939968
0.5939968
0.5939968
0.5939968
0.5939968
0.5939968
0.5939968
0.5939968
0.64692119
0.64692119
0.64692119
0.73353937
0.73353937
0.73353937
0.73353937
0.8311829
0.8311829
0.8311829
0.73081486
0.63936663
0.63936663
0.63936663
0.6456373
0.6456373
0.6456373
0.6456373
0.71090202
0.71090202
0.71090202
0.71090202
0.71090202
0.67018635
0.67018635
0.67018635
0.67018635
0.67018635
0.67018635
0.60951058
0.60951058
0.60951058
0.63003948
0.63003948
0.63003948
0.63003948
0.63003948
0.63003948
0.63003948
0.69832726
0.69832726
0.69832726
0.69832726
0.69832726
0.69832726
0.69832726
0.69832726
0.69832726
0.69832726
0.69832726
0.74648245
0.74648245
0.74648245
0.64077501
0.64077501
0.63007993
0.57502853
0.54856201
0.54856201
0.54856201
0.71982111
0.71982111
0.71982111
0.64417912
0.63581523
0.63134061
0.63134061
0.63134061
0.6505647
0.72745873
0.72745873
0.72745873
0.72745873
0.73967509
0.88960487
0.88960487
0.88960487
0.85556413
0.68782928
0.68782928
0.68782928
0.72536565
0.72536565
0.72536565
0.7871776
0.81186389
0.81186389
0.81186389
0.77241555
0.77241555
0.77241555
0.86558968
0.86558968
0.86558968
0.83585063
0.75233858
0.75048193
0.75048193
0.75048193
0.75851574
0.75851574
0.75851574
0.75851574
0.76326399
0.76326399
0.76326399
0.76045542
0.76045542
0.70149819
0.70149819
0.69042377
0.69042377
0.69042377
0.69042377
0.69042377
0.69042377
0.69042377
0.69042377
0.69042377
0.69042377
0.70122864
0.70122864
0.77797609
0.77797609
0.77797609
0.76856448
0.72079525
0.72079525
0.72079525
0.72281348
0.72899715
0.72899715
0.75765702
0.75765702
0.75765702
0.68096122
0.66825007
0.66825007
0.66825007
0.67590734
0.67590734
0.67590734
0.67590734
0.72869152
0.73232681
0.75650897
0.77162249
0.77162249
0.77162249
0.77965827
0.77965827
0.77965827
0.77965827
0.77965827
0.77965827
0.73228437
0.71400417
0.57970307
0.57970307
0.57970307
0.57970307
0.57970307
0.57970307
0.59943155
0.67404732
0.67404732
0.67404732
0.66567451
0.66567451
0.66567451
0.66567451
0.66567451
0.66567451
0.68388157
0.68388157
0.68388157
0.61952552
0.61952552
0.42106616
0.42106616
0.42106616
0.53190258
0.60631333
0.60631333
0.68484016
0.68484016
0.68484016
0.65578325
0.49122882
0.49122882
0.49122882
0.58134648
0.60932241
0.60932241
0.73722817
0.76178824
0.76178824
0.76178824
0.76178824
0.76178824
0.73601276
0.73500748
0.7290301
0.7290301
0.7290301
0.7290301
0.7290301
0.65878934
0.65878934
0.64684803
0.64684803
0.64684803
0.64684803
0.64684803
0.64684803
0.69957716
0.69957716
0.69957716
0.66215525
0.6384083
0.6384083
0.6384083
0.6384083
0.6384083
0.6384083
0.6384083
0.6384083
0.6384083
0.6384083
0.65164115
0.65164115
0.65164115
0.65435351
0.70216784
0.70216784
0.70216784
0.68847573
0.68847573
0.57221175
0.55329811
0.55329811
0.55329811
0.55329811
0.58243679
0.58243679
0.58243679
0.54685494
0.54685494
0.54685494
0.42579319
0.36848304
0.36848304
0.36277378
0.34298432
0.34298432
0.34298432
0.34298432
0.34298432
0.34298432
0.34298432
0.34298432
0.34298432
0.44952582
0.44952582
0.44952582
0.43397101
0.43397101
0.43397101
0.43397101
0.43397101
0.43397101
0.43397101
0.43397101
0.42691972
0.42691972
0.42691972
0.46748173
0.49629613
0.49629613
0.63088064
0.70875873
0.70875873
0.70875873
0.70875873
0.70875873
0.68206285
0.68206285
0.68206285
0.68206285
0.69471742
0.69471742
0.69471742
0.73580422
0.73580422
0.73580422
0.73580422
0.738457
0.738457
0.738457
0.738457
0.738457
0.738457
0.75447351
0.75447351
0.75447351
0.71007047
0.71007047
0.68125199
0.66252865
0.66252865
0.66252865
0.66252865
0.70930388
0.74125158
0.76686405
0.76686405
0.76686405
0.81281668
0.81281668
0.81281668
0.80184698
0.70229745
0.70229745
0.70229745
0.81749799
0.86069696
0.86069696
0.86069696
0.85966678
0.82882116
0.82882116
0.82882116
0.82882116
0.82882116
0.81403589
0.73434205
0.68329524
0.67534209
0.67534209
0.67534209
0.73414835
0.73414835
0.73414835
0.72701189
0.72701189
0.72701189
0.72701189
0.72701189
0.72701189
0.73025966
0.73025966
0.73025966
0.73025966
0.72140976
0.72140976
0.71717299
0.70573678
0.70573678
0.70573678
0.70573678
0.77446077
0.77446077
0.77446077
0.73291274
0.73291274
0.73291274
0.73291274
0.73291274
0.73291274
0.73271987
0.69907204
0.64286099
0.64286099
0.64286099
0.64286099
0.64286099
0.73964297
0.73964297
0.73964297
0.73964297
0.73964297
0.73964297
0.73964297
0.73964297
0.73964297
0.73425095
0.73425095
0.68095668
0.68095668
0.68095668
0.60667583
0.57325594
0.57325594
0.53306223
0.53306223
0.53306223
0.53306223
0.55317757
0.55317757
0.55317757
0.57150842
0.57150842
0.57150842
0.57150842
0.57150842
0.60613123
0.60613123
0.69428814
0.69428814
0.69428814
0.69460677
0.69460677
0.69460677
0.664976
0.664976
0.65906978
0.63660998
0.63660998
0.63660998
0.64490085
0.64490085
0.64490085
0.60341434
0.60341434
0.60341434
0.60341434
0.60341434
0.60341434
0.59971368
0.59971368
0.59971368
0.62300998
0.62300998
0.62300998
0.62300998
0.60221085
0.60221085
0.60221085
0.66913692
0.66913692
0.66913692
0.66913692
0.680734
0.75371287
0.75371287
0.7976119
0.7976119
0.84780286
0.84933392
0.84933392
0.8548881
0.8548881
0.8548881
0.78438601
0.77010204
0.76695022
0.76695022
0.76695022
0.76853376
0.76853376
0.78900636
0.78900636
0.78900636
0.78900636
0.78900636
0.78900636
0.7883937
0.72953536
0.71224319
0.71224319
0.71224319
0.65106994
0.65106994
0.65106994
0.65106994
0.60477562
0.59823909
0.59823909
0.59823909
0.59823909
0.59823909
0.59823909
0.66724364
0.66724364
0.66724364
0.66724364
0.66426713
0.58017636
0.57788961
0.57788961
0.57788961
0.57788961
0.57788961
0.66821159
0.66821159
0.66821159
0.62190267
0.57675329
0.57675329
0.57675329
0.64146011
0.64146011
0.70508961
0.70661345
0.70661345
0.70661345
0.66177181
0.66177181
0.66177181
0.66177181
0.66177181
0.66177181
0.66177181
0.66177181
0.66177181
0.66177181
0.66177181
0.66177181
0.62804532
0.62804532
0.62269248
0.5638166
0.5638166
0.5638166
0.57682417
0.57682417
0.64781512
0.64781512
0.64837076
0.65114396
0.65114396
0.65114396
0.61445904
0.60475623
0.60475623
0.60475623
0.60475623
0.60475623
0.60475623
0.61171528
0.61171528
0.61171528
0.61171528
0.61171528
0.61171528
0.52114993
0.52114993
0.52114993
0.52114993
0.52114993
0.55005912
0.55005912
0.55005912
0.53413246
0.53413246
0.53413246
0.53413246
0.6280357
0.6280357
0.6280357
0.6280357
0.6280357
0.6280357
0.6280357
0.6280357
0.6280357
0.6280357
0.6280357
0.6280357
0.6280357
0.6280357
0.65065327
0.68953706
0.69246603
0.72109919
0.72109919
0.72109919
0.72109919
0.72109919
0.72109919
0.69099482
0.67241949
0.53850237
0.53850237
0.53850237
0.56966141
0.57389661
0.57389661
0.57389661
0.76902799
0.76902799
0.76902799
0.76902799
0.76902799
0.76902799
0.72364061
0.66743495
0.66743495
0.65279344
0.61582186
0.61582186
0.61582186
0.69804525
0.69804525
0.69804525
0.46224165
0.46224165
0.46224165
0.57053411
0.57053411
0.57053411
0.52115815
0.52115815
0.52115815
0.52115815
0.56970328
0.59642942
0.59642942
0.59642942
0.61571165
0.64359787
0.64359787
0.64359787
0.46682876
0.38729976
0.38729976
0.38729976
0.39577994
0.54267676
0.57207324
0.58766612
0.58766612
0.62983317
0.62983317
0.67175589
0.67175589
0.67175589
0.67175589
0.67175589
0.60852059
0.60852059
0.60852059
0.60852059
0.60852059
0.60225301
0.60225301
0.60225301
0.60225301
0.59524869
0.59524869
0.59524869
0.57631511
0.57631511
0.57631511
0.57631511
0.57631511
0.57631511
0.57631511
0.54053644
0.53208102
0.44337909
0.44337909
0.44337909
0.68271302
0.68271302
0.68271302
0.68271302
0.58780803
0.58780803
0.58780803
0.58780803
0.58780803
0.58780803
0.58780803
0.58780803
0.58780803
0.60704244
0.60704244
0.60704244
0.60704244
0.60704244
0.60704244
0.60704244
0.60704244
0.60704244
0.63895858
0.63895858
0.6731763
0.6731763
0.71069799
0.71069799
0.71069799
0.71069799
0.70624784
0.70624784
0.70624784
0.74729446
0.74729446
0.74729446
0.74729446
0.74729446
0.74729446
0.66809895
0.66809895
0.66809895
0.66809895
0.66809895
0.60806159
0.60806159
0.60806159
0.60806159
0.59426138
0.59426138
0.59426138
0.59426138
0.62334433
0.62334433
0.72228146
0.72228146
0.79928671
0.79928671
0.79928671
0.78592243
0.78592243
0.78592243
0.78592243
0.63078768
0.62387872
0.62387872
0.62387872
0.62387872
0.5413657
0.5413657
0.5413657
0.5413657
0.5413657
0.5413657
0.5413657
0.47831715
0.47831715
0.47831715
0.64871938
0.64871938
0.64871938
0.56920438
0.56920438
0.56920438
0.5869874
0.5869874
0.77749431
0.77749431
0.77749431
0.74086332
0.74086332
0.62703282
0.52844501
0.52844501
0.52844501
0.52844501
0.63565393
0.63565393
0.63565393
0.67990188
0.67990188
0.67990188
0.67466831
0.67257625
0.67257625
0.67257625
0.67257625
0.67257625
0.67257625
0.67257625
0.67257625
0.67257625
0.67257625
0.65064095
0.60922081
0.60922081
0.55696241
0.55696241
0.55696241
0.58108995
0.5872954
0.5872954
0.5872954
0.80119767
0.80119767
0.80119767
0.80119767
0.80119767
0.80119767
0.80119767
0.80119767
0.80119767
0.80119767
0.80119767
0.80119767
0.80119767
0.80119767
0.80119767
0.80119767
0.80119767
0.7840842
0.67090626
0.67090626
0.64510884
0.59309394
0.57440201
0.57440201
0.57440201
0.57440201
0.47714577
0.46573703
0.4464432
0.4464432
0.4464432
0.4464432
0.52566289
0.52566289
0.52566289
0.52566289
0.52566289
0.52566289
0.52566289
0.52566289
0.64891265
0.64891265
0.64891265
0.64891265
0.64891265
0.64891265
0.64891265
0.64891265
0.64891265
0.64891265
0.64891265
0.64891265
0.64891265
0.64891265
0.64891265
0.64891265
0.64891265
0.71051547
0.71051547
0.71051547
0.71051547
0.71051547
0.71051547
0.71051547
0.68735091
0.68735091
0.68735091
0.68735091
0.64166483
0.64166483
0.64166483
0.64166483
0.68236988
0.68236988
0.68236988
0.68236988
0.68236988
0.62793339
0.62454697
0.62454697
0.62454697
0.66016577
0.66016577
0.66016577
0.66016577
0.66016577
0.66016577
0.66016577
0.66016577
0.68687676
0.68687676
0.68687676
0.68687676
0.68687676
0.68687676
0.68687676
0.67913432
0.67913432
0.67913432
0.67913432
0.67913432
0.76589215
0.76589215
0.76589215
0.69675162
0.69675162
0.69675162
0.69675162
0.69675162
0.82922454
0.82922454
0.82922454
0.77912653
0.77912653
0.77912653
0.73119123
0.73119123
0.73119123
0.73119123
0.69324184
0.69324184
0.69324184
0.69324184
0.69324184
0.69324184
0.69324184
0.71541894
0.71541894
0.71541894
0.71541894
0.64055612
0.64055612
0.64055612
0.74880911
0.77765349
0.77765349
0.77765349
0.77765349
0.77765349
0.77765349
0.77765349
0.77765349
0.77765349
0.77765349
0.76213335
0.74484018
0.74484018
0.74484018
0.90366159
0.90366159
0.90366159
0.71831693
0.68290969
0.68290969
0.62818893
0.62818893
0.62818893
0.62818893
0.62818893
0.61880759
0.55068139
0.55068139
0.55068139
0.59565096
0.59565096
0.59565096
0.56797767
0.56797767
0.56797767
0.56797767
0.56797767
0.65111905
0.65111905
0.65111905
0.61161057
0.61161057
0.61161057
0.64958361
0.64958361
0.64958361
0.64958361
0.64958361
0.62805182
0.62805182
0.62805182
0.67031511
0.67031511
0.67031511
0.63137994
0.63137994
0.63137994
0.64910536
0.64910536
0.64910536
0.60548931
0.56213585
0.56213585
0.56213585
0.58084476
0.58084476
0.58084476
0.58084476
0.59843023
0.64634859
0.64634859
0.64634859
0.64634859
0.64634859
0.65909611
0.65916388
0.65916388
0.65916388
0.64339695
0.52825145
0.52825145
0.52825145
0.52825145
0.52825145
0.52825145
0.58763994
0.62944847
0.62944847
0.62944847
0.42393371
0.42393371
0.42393371
0.46553158
0.46553158
0.46553158
0.58228554
0.67062878
0.67062878
0.67062878
0.66735414
0.66735414
0.66735414
0.66735414
0.66735414
0.66735414
0.66735414
0.66735414
0.66735414
0.446359
0.42737376
0.42737376
0.42737376
0.45244249
0.45244249
0.45244249
0.47001921
0.47001921
0.47001921
0.47001921
0.52278116
0.52278116
0.52278116
0.52278116
0.52278116
0.52278116
0.47173421
0.47173421
0.47173421
0.47173421
0.47173421
0.54478892
0.54478892
0.54478892
0.54478892
0.57869368
0.57869368
0.57869368
0.57869368
0.57869368
0.74646548
0.74646548
0.74646548
0.73851658
0.73851658
0.53349151
0.53349151
0.53349151
0.53824429
0.53824429
0.53824429
0.53824429
0.53824429
0.53824429
0.75721005
0.75721005
0.75721005
0.75721005
0.62584898
0.62584898
0.62584898
0.62584898
0.62584898
0.58116014
0.58116014
0.58116014
0.60169723
0.60169723
0.60169723
0.61959386
0.61959386
0.61959386
0.5233419
0.5233419
0.5233419
0.60650931
0.60965716
0.60965716
0.60965716
0.60965716
0.60965716
0.60965716
0.60965716
0.60965716
0.60965716
0.65809151
0.65809151
0.65809151
0.65809151
0.65809151
0.65809151
0.57046817
0.57046817
0.57046817
0.57046817
0.57046817
0.57046817
0.60397352
0.60397352
0.60397352
0.60397352
0.60397352
0.60397352
0.61666459
0.61666459
0.63892207
0.63892207
0.63892207
0.44857644
0.44857644
0.44857644
0.44857644
0.44857644
0.4774071
0.4774071
0.4774071
0.4774071
0.4774071
0.61290125
0.61290125
0.61290125
0.63386987
0.63650796
0.63650796
0.63650796
0.63650796
0.63650796
0.56624047
0.56624047
0.56624047
0.56624047
0.56624047
0.62919846
0.62919846
0.62919846
0.62919846
0.68378436
0.68378436
0.68378436
0.68378436
0.66356788
0.66356788
0.66356788
0.66356788
0.6864697
0.69374354
0.69374354
0.79330636
0.79330636
0.79330636
0.79330636
0.79330636
0.75140686
0.75140686
0.75140686
0.75140686
0.66620453
0.66620453
0.66620453
0.7374878
0.7374878
0.7374878
0.72013111
0.67006396
0.63863059
0.63863059
0.63863059
0.65289262
0.6563014
0.6563014
0.71316598
0.71316598
0.71316598
0.66468877
0.61504029
0.49185533
0.49185533
0.49185533
0.49185533
0.49185533
0.49185533
0.49185533
0.49553872
0.49553872
0.49553872
0.45695758
0.45695758
0.45695758
0.60300163
0.60300163
0.60300163
0.60300163
0.60300163
0.60300163
0.60300163
0.60300163
0.6222915
0.6222915
0.6222915
0.62022064
0.62022064
0.62022064
0.62022064
0.62022064
0.62022064
0.62022064
0.6240065
0.66664571
0.66664571
0.66664571
0.66664571
0.68466428
0.68466428
0.68466428
0.68466428
0.68466428
0.68466428
0.73277181
0.73277181
0.73277181
0.65672543
0.65672543
0.65672543
0.65672543
0.65672543
0.65672543
0.65672543
0.77039931
0.77039931
0.77084146
0.77084146
0.77084146
0.77084146
0.77084146
0.76565982
0.76565982
0.72283921
0.72283921
0.72283921
0.60036398
0.5814905
0.53987116
0.50167315
0.50167315
0.50167315
0.5839312
0.5839312
0.65699638
0.65699638
0.65699638
0.65699638
0.65699638
0.65699638
0.65699638
0.65699638
0.56874073
0.56874073
0.54566106
0.54566106
0.54566106
0.54566106
0.54566106
0.54566106
0.54566106
0.54566106
0.54566106
0.54566106
0.54566106
0.55702849
0.55702849
0.55702849
0.55702849
0.58464021
0.60439771
0.668716
0.668716
0.668716
0.668716
0.668716
0.66808395
0.66808395
0.66808395
0.66808395
0.66808395
0.66808395
0.66808395
0.71518718
0.71518718
0.71518718
0.71518718
0.71518718
0.71518718
0.72947423
0.72947423
0.72947423
0.72947423
0.70588733
0.70588733
0.70588733
0.70588733
0.53263777
0.51341482
0.51341482
0.51341482
0.55875411
0.55875411
0.55875411
0.61822536
0.6554526
0.6554526
0.6554526
0.71244836
0.72523479
0.72523479
0.72523479
0.56913392
0.55859252
0.55859252
0.55859252
0.55859252
0.67486061
0.67486061
0.67486061
0.67486061
0.67486061
0.67486061
0.67486061
0.67486061
0.75471969
0.75471969
0.75471969
0.60654454
0.60212907
0.60212907
0.546052
0.546052
0.546052
0.546052
0.546052
0.67458456
0.67458456
0.67458456
0.67458456
0.67458456
0.68318177
0.68318177
0.68318177
0.68318177
0.68318177
0.68318177
0.6814727
0.6814727
0.6814727
0.6814727
0.6814727
0.6814727
0.6814727
0.6814727
0.6814727
0.76388725
0.76388725
0.76388725
0.7507195
0.7507195
0.71817713
0.71817713
0.71817713
0.71817713
0.71817713
0.66018825
0.61847369
0.55952761
0.55952761
0.55952761
0.55952761
0.58478397
0.58478397
0.58478397
0.58478397
0.60100196
0.60100196
0.60100196
0.60100196
0.62845691
0.62845691
0.62845691
0.62845691
0.62845691
0.62845691
0.62845691
0.62845691
0.62845691
0.62845691
0.62845691
0.62845691
0.59958946
0.59958946
0.59958946
0.59958946
0.59958946
0.43493243
0.43493243
0.43493243
0.43493243
0.42694816
0.42694816
0.42694816
0.5274243
0.5274243
0.5274243
0.5274243
0.52246721
0.51609874
0.51609874
0.51609874
0.51609874
0.51609874
0.61721244
0.61721244
0.61721244
0.53637169
0.53637169
0.53637169
0.53637169
0.66092372
0.66092372
0.66092372
0.66092372
0.66092372
0.66092372
0.66092372
0.70811664
0.77190732
0.77190732
0.77190732
0.77190732
0.77121331
0.77121331
0.77121331
0.77121331
0.77121331
0.77121331
0.78950934
0.78950934
0.83485342
0.83485342
0.83485342
0.83485342
0.83485342
0.83103758
0.74822164
0.74822164
0.73520415
0.73520415
0.72293516
0.56606091
0.56606091
0.56606091
0.63644811
0.63644811
0.63644811
0.63644811
0.63644811
0.63644811
0.63644811
0.63644811
0.62951045
0.62951045
0.62951045
0.62951045
0.62951045
0.5871968
0.55182181
0.55182181
0.55182181
0.55182181
0.55182181
0.55182181
0.72645146
0.72645146
0.72645146
0.72645146
0.72645146
0.6964586
0.65603482
0.65603482
0.65603482
0.65603482
0.65603482
0.65603482
0.65603482
0.65603482
0.65603482
0.65603482
0.65603482
0.69693386
0.69693386
0.73476979
0.73476979
0.73476979
0.70124915
0.65169845
0.65169845
0.65169845
0.65169845
0.65169845
0.58449987
0.58449987
0.58449987
0.58449987
0.58449987
0.5981232
0.62752676
0.62752676
0.62752676
0.62752676
0.62752676
0.56442854
0.56442854
0.56442854
0.58817972
0.69151705
0.70181144
0.70181144
0.70181144
0.68842311
0.63711014
0.63711014
0.63711014
0.63711014
0.63711014
0.63711014
0.63711014
0.63711014
0.63711014
0.63711014
0.62453228
0.62453228
0.62453228
0.62453228
0.62453228
0.62453228
0.62453228
0.5480821
0.5480821
0.5480821
0.65145324
0.65145324
0.65145324
0.64004675
0.58200709
0.58200709
0.58200709
0.4713209
0.4713209
0.4713209
0.6230895
0.63113079
0.63113079
0.63113079
0.66130109
0.66130109
0.66130109
0.66130109
0.66130109
0.66130109
0.66130109
0.66130109
0.66130109
0.66130109
0.60558466
0.60558466
0.60558466
0.60558466
0.60558466
0.66118491
0.66118491
0.66118491
0.66118491
0.66118491
0.66118491
0.66118491
0.66118491
0.66118491
0.48571862
0.48571862
0.48571862
0.37693718
0.37693718
0.37693718
0.56578373
0.70035169
0.70035169
0.70035169
0.58041222
0.52098127
0.52098127
0.52098127
0.55662469
0.55662469
0.63704987
0.63704987
0.63704987
0.56150069
0.56150069
0.56150069
0.56150069
0.56150069
0.56150069
0.56150069
0.56150069
0.56150069
0.54650604
0.52691721
0.52691721
0.52691721
0.61801158
0.61801158
0.61801158
0.50456449
0.50456449
0.50456449
0.53785988
0.68448827
0.71765136
0.75906781
0.75906781
0.75906781
0.75906781
0.67677426
0.67677426
0.67677426
0.67677426
0.67677426
0.67677426
0.67677426
0.67677426
0.64985002
0.64342145
0.46826487
0.46826487
0.46826487
0.49622425
0.64908316
0.79174219
0.79174219
0.79174219
0.74936389
0.74936389
0.73783644
0.71506648
0.68694454
0.68694454
0.67568563
0.67568563
0.67568563
0.67568563
0.67568563
0.67568563
0.67568563
0.67568563
0.68385681
0.68385681
0.68385681
0.68385681
0.68385681
0.68385681
0.68385681
0.68385681
0.68385681
0.68385681
0.68385681
0.74393011
0.74393011
0.76098939
0.83968955
0.83968955
0.83968955
0.83968955
0.83968955
0.83968955
0.83910647
0.657954
0.657954
0.657954
0.657954
0.75042831
0.75042831
0.75042831
0.70683673
0.70683673
0.70683673
0.70683673
0.66387068
0.65617915
0.65617915
0.60430787
0.60430787
0.60430787
0.62958245
0.67290493
0.67290493
0.67290493
0.65666345
0.65666345
0.64528175
0.64429301
0.64429301
0.64429301
0.64429301
0.64429301
0.64429301
0.64414529
0.64414529
0.64414529
0.64414529
0.64414529
0.81519258
0.81519258
0.81519258
0.81519258
0.72907114
0.72907114
0.72907114
0.75489429
0.78325987
0.85172042
0.85172042
0.85172042
0.84463404
0.77260161
0.70914979
0.70914979
0.70914979
0.74401799
0.7995936
0.7995936
0.7995936
0.7995936
0.79397335
0.79397335
0.76572745
0.72507505
0.7106503
0.66854295
0.66854295
0.66854295
0.66662137
0.66662137
0.66662137
0.6784147
0.6784147
0.71186103
0.71186103
0.78351627
0.78351627
0.78351627
0.76432629
0.61397896
0.58875771
0.58875771
0.58875771
0.58875771
0.58875771
0.58875771
0.58875771
0.58875771
0.55260664
0.55260664
0.55260664
0.55260664
0.55260664
0.55260664
0.55260664
0.56096488
0.61591682
0.61591682
0.61591682
0.61591682
0.61591682
0.61591682
0.61591682
0.61591682
0.58291108
0.58291108
0.58291108
0.58291108
0.58291108
0.58291108
0.54900304
0.54900304
0.54900304
0.54900304
0.54900304
0.54900304
0.54900304
0.54900304
0.54900304
0.54900304
0.54900304
0.54900304
0.64927812
0.64927812
0.64927812
0.54966139
0.54966139
0.53233639
0.53233639
0.53233639
0.53233639
0.63962808
0.67666786
0.67666786
0.67666786
0.63560949
0.47127053
0.47127053
0.47127053
0.47127053
0.47127053
0.70337589
0.78943832
0.78943832
0.79683936
0.79683936
0.79683936
0.77671527
0.70062942
0.70062942
0.66976358
0.66976358
0.66976358
0.68643744
0.68643744
0.68643744
0.659093
0.62128522
0.62128522
0.57005968
0.57005968
0.57005968
0.50840624
0.50840624
0.50840624
0.6617762
0.73306257
0.73306257
0.76352983
0.76352983
0.80031874
0.80031874
0.80031874
0.73616884
0.52932211
0.52932211
0.52932211
0.65763536
0.68809203
0.7048764
0.7048764
0.7048764
0.7048764
0.7048764
0.71268054
0.71268054
0.71268054
0.71268054
0.71268054
0.71268054
0.63587451
0.63587451
0.63587451
0.63587451
0.54261535
0.54261535
0.54261535
0.54261535
0.54261535
0.47604582
0.47604582
0.47604582
0.52657833
0.52657833
0.52657833
0.52657833
0.5363373
0.5363373
0.5363373
0.5363373
0.5363373
0.5363373
0.5363373
0.48470515
0.48470515
0.48470515
0.57898585
0.57898585
0.57898585
0.57898585
0.57898585
0.6556187
0.6556187
0.6556187
0.64355046
0.64355046
0.64355046
0.64355046
0.64141822
0.64141822
0.64141822
0.64141822
0.64141822
0.64141822
0.64141822
0.64188614
0.64188614
0.64188614
0.64188614
0.64188614
0.64188614
0.64188614
0.6552241
0.6713095
0.6713095
0.6713095
0.64821354
0.54574905
0.54574905
0.54574905
0.54574905
0.54574905
0.54574905
0.57189482
0.57189482
0.57189482
0.58597816
0.58597816
0.58597816
0.58597816
0.60775582
0.60775582
0.64577356
0.64577356
0.65474373
0.65474373
0.77030082
0.77030082
0.77030082
0.77030082
0.77030082
0.76891141
0.76891141
0.69070436
0.69070436
0.67564333
0.63897327
0.63897327
0.63897327
0.59541211
0.54972791
0.54972791
0.54972791
0.54972791
0.60770162
0.60770162
0.60770162
0.60770162
0.63924678
0.63924678
0.63924678
0.67096086
0.67096086
0.67096086
0.67096086
0.64431566
0.64431566
0.64431566
0.64431566
0.64431566
0.64431566
0.64431566
0.64431566
0.64431566
0.64431566
0.64431566
0.67248612
0.67248612
0.67248612
0.67248612
0.5740289
0.5740289
0.5740289
0.5740289
0.65691349
0.65691349
0.65691349
0.61931525
0.61931525
0.61931525
0.64168266
0.64168266
0.64168266
0.64168266
0.59263708
0.59263708
0.59263708
0.52423258
0.52423258
0.52423258
0.52423258
0.45192846
0.45192846
0.45192846
0.45192846
0.45192846
0.45192846
0.63736383
0.63736383
0.63736383
0.48172168
0.48172168
0.48172168
0.51046421
0.51046421
0.51046421
0.59130806
0.59130806
0.59130806
0.5660005
0.5660005
0.5660005
0.5660005
0.5660005
0.52363082
0.52363082
0.52363082
0.60568952
0.60568952
0.60568952
0.60568952
0.59573556
0.59573556
0.59573556
0.64065418
0.65828424
0.65828424
0.65828424
0.65828424
0.65828424
0.65828424
0.65828424
0.65828424
0.65828424
0.61728318
0.6165064
0.6165064
0.6165064
0.66602415
0.66602415
0.7073809
0.7073809
0.81454256
0.81454256
0.81454256
0.79094701
0.79094701
0.79094701
0.79094701
0.79094701
0.79094701
0.79094701
0.76880402
0.76880402
0.76880402
0.76880402
0.74302358
0.66658104
0.64061343
0.64061343
0.64061343
0.64061343
0.60931334
0.60931334
0.60931334
0.60931334
0.60931334
0.60931334
0.7243011
0.7243011
0.7243011
0.66331137
0.66331137
0.5934771
0.5934771
0.5934771
0.5934771
0.65831308
0.65831308
0.65831308
0.63840052
0.62511153
0.62217193
0.62217193
0.62217193
0.63842613
0.6390893
0.6390893
0.74307241
0.74307241
0.74307241
0.68644395
0.68644395
0.67752528
0.67752528
0.58397139
0.58397139
0.58397139
0.50316248
0.4853898
0.28687117
0.28687117
0.28687117
0.38535683
0.38535683
0.51406752
0.53044893
0.53044893
0.53044893
0.53044893
0.53044893
0.53044893
0.73705158
0.73705158
0.73705158
0.72695997
0.62399969
0.62399969
0.62399969
0.63186213
0.63186213
0.63186213
0.52702318
0.44233858
0.4370835
0.4370835
0.4370835
0.51319268
0.57686097
0.57686097
0.57686097
0.58141793
0.58886368
0.61280758
0.69679435
0.69679435
0.69679435
0.67723679
0.67723679
0.67723679
0.67723679
0.67723679
0.67723679
0.67723679
0.57033872
0.57033872
0.57033872
0.57033872
0.49460406
0.49460406
0.49460406
0.49460406
0.49460406
0.49460406
0.49460406
0.49460406
0.49460406
0.49460406
0.49460406
0.57923078
0.57923078
0.6144725
0.67482396
0.67482396
0.67482396
0.67482396
0.67482396
0.67482396
0.63051842
0.63051842
0.56879081
0.55383945
0.55383945
0.55383945
0.59686409
0.59686409
0.59686409
0.61581042
0.61581042
0.61581042
0.61581042
0.61581042
0.61581042
0.63157944
0.63157944
0.65939323
0.68188261
0.68188261
0.68188261
0.60869943
0.54412447
0.51101388
0.51101388
0.51101388
0.56147197
0.64468903
0.70931463
0.85695653
0.85695653
0.85695653
0.82616511
0.58003854
0.5352358
0.5352358
0.5352358
0.58468522
0.58468522
0.58468522
0.61049267
0.64079666
0.64079666
0.64079666
0.64079666
0.64079666
0.6663858
0.6663858
0.6663858
0.58477803
0.58477803
0.55800916
0.55800916
0.55800916
0.55800916
0.55800916
0.67160506
0.67160506
0.67160506
0.59450645
0.57065565
0.57065565
0.57065565
0.68559657
0.68559657
0.71339434
0.71339434
0.71339434
0.71339434
0.71339434
0.67268647
0.67268647
0.67268647
0.79589931
0.83348084
0.83348084
0.83348084
0.82882595
0.66175173
0.47593349
0.47593349
0.47593349
0.54040726
0.66785758
0.66785758
0.66785758
0.70364344
0.70364344
0.70364344
0.7649088
0.82888157
0.82888157
0.82888157
0.82888157
0.78069298
0.72491261
0.72491261
0.72491261
0.70835561
0.70835561
0.70835561
0.68595426
0.68595426
0.53107374
0.53107374
0.51788562
0.51788562
0.51788562
0.66329764
0.66329764
0.66329764
0.66329764
0.66329764
0.66329764
0.66329764
0.66329764
0.66329764
0.61578253
0.54961655
0.54961655
0.53792962
0.53792962
0.53792962
0.53792962
0.53792962
0.65005958
0.65005958
0.65005958
0.65005958
0.65141037
0.65141037
0.65141037
0.65141037
0.65141037
0.65141037
0.65141037
0.65141037
0.55825988
0.55825988
0.55825988
0.68604142
0.68604142
0.71494536
0.71494536
0.71494536
0.71494536
0.71494536
0.76296275
0.76296275
0.76296275
0.76296275
0.76296275
0.82075355
0.82075355
0.82075355
0.82051215
0.82051215
0.82051215
0.82051215
0.78460672
0.78460672
0.78460672
0.78460672
0.78460672
0.75865976
0.75865976
0.75865976
0.75865976
0.75865976
0.75865976
0.75865976
0.75865976
0.75865976
0.75865976
0.79806154
0.79806154
0.79806154
0.79806154
0.70568273
0.70568273
0.70568273
0.70568273
0.70568273
0.70568273
0.69524222
0.69524222
0.69524222
0.69524222
0.56407283
0.56407283
0.56407283
0.6162919
0.6162919
0.6162919
0.6162919
0.6162919
0.6162919
0.60089457
0.60089457
0.60089457
0.60089457
0.60089457
0.60089457
0.60089457
0.60089457
0.54514278
0.54514278
0.54514278
0.61292387
0.71643823
0.75740886
0.80943959
0.82741715
0.82741715
0.82741715
0.75224645
0.75224645
0.75224645
0.75224645
0.75224645
0.72753669
0.72753669
0.72753669
0.72753669
0.72890262
0.72890262
0.72890262
0.65642605
0.57410702
0.57410702
0.57410702
0.65708029
0.65708029
0.65708029
0.65708029
0.65708029
0.65708029
0.65708029
0.65708029
0.76401713
0.76401713
0.76401713
0.76401713
0.82073629
0.82073629
0.82073629
0.82073629
0.86604597
0.86604597
0.86604597
0.86438984
0.83988055
0.83988055
0.83988055
0.80992817
0.80992817
0.80992817
0.80992817
0.70879339
0.70879339
0.70879339
0.70879339
0.6318388
0.6318388
0.6157783
0.57032144
0.54770602
0.54770602
0.54770602
0.5673455
0.5673455
0.5673455
0.5673455
0.55549119
0.55549119
0.55549119
0.55549119
0.71285613
0.71285613
0.71285613
0.71285613
0.71285613
0.71285613
0.71285613
0.68589327
0.68589327
0.68589327
0.66439729
0.66439729
0.66439729
0.66439729
0.66439729
0.66439729
0.66128976
0.58738271
0.58738271
0.58738271
0.58738271
0.58738271
0.58738271
0.58726329
0.58726329
0.520686
0.520686
0.520686
0.3720517
0.3720517
0.3720517
0.32919612
0.32919612
0.32919612
0.32919612
0.32919612
0.59650738
0.59650738
0.59650738
0.47580557
0.47580557
0.47580557
0.5006335
0.5006335
0.5006335
0.5006335
0.5006335
0.5006335
0.5107483
0.61149553
0.61149553
0.61149553
0.61149553
0.61149553
0.61149553
0.61149553
0.61149553
0.60350151
0.60350151
0.59839118
0.59839118
0.59839118
0.59839118
0.59839118
0.59839118
0.59839118
0.62840865
0.62840865
0.62840865
0.59669204
0.59669204
0.51069767
0.51069767
0.51069767
0.51069767
0.51069767
0.51069767
0.54418137
0.54418137
0.64152024
0.65161129
0.65161129
0.65161129
0.64076326
0.64076326
0.64076326
0.49183862
0.49183862
0.46566926
0.46566926
0.46566926
0.50265156
0.50265156
0.56137476
0.58997721
0.64074403
0.64074403
0.64074403
0.57604599
0.53630618
0.53630618
0.53630618
0.53630618
0.53630618
0.53630618
0.53630618
0.53630618
0.53630618
0.53630618
0.53630618
0.53630618
0.53630618
0.63424356
0.63424356
0.63424356
0.63424356
0.68712566
0.68712566
0.68712566
0.6694656
0.6694656
0.6694656
0.6694656
0.6694656
0.6694656
0.6694656
0.6694656
0.6694656
0.6694656
0.56160158
0.56130063
0.56130063
0.56130063
0.56130063
0.65063698
0.66003927
0.66003927
0.66003927
0.66003927
0.66003927
0.66003927
0.60998769
0.60998769
0.60998769
0.66299612
0.66299612
0.66299612
0.66299612
0.66299612
0.66299612
0.66299612
0.66299612
0.66299612
0.66299612
0.53141657
0.53141657
0.53141657
0.62751869
0.72563195
0.72563195
0.72563195
0.72253147
0.48976736
0.48976736
0.48976736
0.59143978
0.74474183
0.74474183
0.74474183
0.74474183
0.74474183
0.73457991
0.65842444
0.65842444
0.65842444
0.60075604
0.60075604
0.56113069
0.54505476
0.54505476
0.54505476
0.64667498
0.64667498
0.64667498
0.64667498
0.64667498
0.64667498
0.64667498
0.64949715
0.64949715
0.64949715
0.64949715
0.71195428
0.71195428
0.71195428
0.71195428
0.71195428
0.71195428
0.71195428
0.71195428
0.71195428
0.71195428
0.71195428
0.65833022
0.65833022
0.65833022
0.70882111
0.74165496
0.74165496
0.74165496
0.72995149
0.71266993
0.68755422
0.6583005
0.6583005
0.58813388
0.58813388
0.58813388
0.62085891
0.62085891
0.62085891
0.62085891
0.62085891
0.62085891
0.62085891
0.62085891
0.73220627
0.73220627
0.73220627
0.67393851
0.67393851
0.67393851
0.67393851
0.67393851
0.67393851
0.67393851
0.67393851
0.67393851
0.67393851
0.67393851
0.67393851
0.68670867
0.68670867
0.68670867
0.65613953
0.61141107
0.61141107
0.61141107
0.71160381
0.73111722
0.73111722
0.73111722
0.73111722
0.73111722
0.73111722
0.73111722
0.72597109
0.72597109
0.72597109
0.72597109
0.72597109
0.64251674
0.64251674
0.64251674
0.64251674
0.64251674
0.51033417
0.51033417
0.51033417
0.48724602
0.48724602
0.48724602
0.48724602
0.48724602
0.48724602
0.48912019
0.49781389
0.49781389
0.49781389
0.49781389
0.53322424
0.56315782
0.57076204
0.57076204
0.57076204
0.57076204
0.57625949
0.57625949
0.57625949
0.57625949
0.57625949
0.57625949
0.57625949
0.54962362
0.54962362
0.54962362
0.54962362
0.55142195
0.55142195
0.55142195
0.55142195
0.55142195
0.55142195
0.55126207
0.55126207
0.55126207
0.55126207
0.55126207
0.55126207
0.55126207
0.63487461
0.63487461
0.63487461
0.63487461
0.63487461
0.63487461
0.63487461
0.63487461
0.63487461
0.63487461
0.63487461
0.63487461
0.63487461
0.70808637
0.70808637
0.70808637
0.70808637
0.70808637
0.6234592
0.6234592
0.61849999
0.61849999
0.61849999
0.61849999
0.61849999
0.69817629
0.69817629
0.69817629
0.69817629
0.69817629
0.73745442
0.73745442
0.73745442
0.73745442
0.73745442
0.73745442
0.73745442
0.73745442
0.73745442
0.73745442
0.73745442
0.73745442
0.65138378
0.65138378
0.65138378
0.65138378
0.65138378
0.65138378
0.65138378
0.6903062
0.6903062
0.6903062
0.66511861
0.65349438
0.65349438
0.62479855
0.62479855
0.62479855
0.62989501
0.62989501
0.62989501
0.62989501
0.62989501
0.62989501
0.61900922
0.61900922
0.61900922
0.61900922
0.61900922
0.56248022
0.50118925
0.44112955
0.44112955
0.44112955
0.44112955
0.44112955
0.44112955
0.5370841
0.5370841
0.55146681
0.55511286
0.55511286
0.55511286
0.55511286
0.65129505
0.65129505
0.65129505
0.65129505
0.67097035
0.67097035
0.67097035
0.67097035
0.69992084
0.69992084
0.78890772
0.78890772
0.78890772
0.78890772
0.78890772
0.78890772
0.74272562
0.58319363
0.58319363
0.58319363
0.58319363
0.58319363
0.64727916
0.64946546
0.64946546
0.64946546
0.64946546
0.64946546
0.64946546
0.64946546
0.64946546
0.7191196
0.7191196
0.7191196
0.67444223
0.67444223
0.67444223
0.67444223
0.67444223
0.67444223
0.67444223
0.67444223
0.77816794
0.77816794
0.77816794
0.77816794
0.77816794
0.77354209
0.77354209
0.75483176
0.75483176
0.75483176
0.75601475
0.75601475
0.75601475
0.75601475
0.72439631
0.69866641
0.69866641
0.69866641
0.69866641
0.69866641
0.67086367
0.65800083
0.65800083
0.65800083
0.67798328
0.75782653
0.75782653
0.75782653
0.74242792
0.74242792
0.70277385
0.70277385
0.70277385
0.70277385
0.70277385
0.60093403
0.60093403
0.60093403
0.60093403
0.63881722
0.63881722
0.63881722
0.63881722
0.63881722
0.63881722
0.65419121
0.65419121
0.65419121
0.61844947
0.61844947
0.61844947
0.61844947
0.56941194
0.56941194
0.47213745
0.47213745
0.47213745
0.47213745
0.33214591
0.33214591
0.33214591
0.33214591
0.33214591
0.65565734
0.74968818
0.74968818
0.74968818
0.70512527
0.69044853
0.69044853
0.69044853
0.69044853
0.49296984
0.49296984
0.49296984
0.49296984
0.49296984
0.49296984
0.49296984
0.49296984
0.49296984
0.49296984
0.55199555
0.644693
0.644693
0.644693
0.644693
0.60502281
0.60502281
0.60502281
0.60578416
0.60578416
0.60578416
0.60578416
0.60578416
0.60578416
0.64431891
0.64431891
0.64431891
0.63275352
0.62310761
0.62310761
0.59836925
0.59836925
0.59836925
0.59836925
0.59836925
0.59836925
0.59836925
0.59836925
0.59836925
0.59836925
0.59836925
0.59836925
0.59836925
0.59836925
0.59836925
0.59836925
0.59836925
0.56048112
0.56048112
0.53282326
0.53282326
0.50372915
0.50372915
0.4832079
0.4832079
0.4832079
0.55928031
0.60992047
0.60992047
0.60992047
0.60992047
0.60992047
0.60992047
0.67864645
0.67864645
0.67864645
0.67864645
0.67864645
0.7621864
0.7621864
0.7621864
0.7589068
0.61473141
0.61473141
0.61473141
0.62892609
0.62892609
0.62892609
0.59383535
0.59383535
0.59383535
0.59614858
0.59614858
0.59614858
0.59614858
0.59614858
0.59614858
0.59614858
0.67650742
0.67754382
0.68449719
0.76533228
0.76533228
0.76533228
0.76533228
0.81439287
0.81439287
0.81439287
0.76480369
0.75394109
0.69832569
0.69832569
0.68635764
0.63712344
0.63712344
0.63712344
0.63712344
0.63712344
0.63712344
0.63712344
0.63712344
0.64461604
0.6832559
0.6832559
0.71289278
0.77128531
0.78043179
0.78043179
0.78043179
0.7239018
0.59417338
0.59417338
0.59417338
0.59304003
0.59304003
0.59304003
0.59304003
0.7406102
0.7406102
0.7406102
0.74056987
0.74056987
0.74056987
0.74537799
0.74537799
0.74537799
0.66356788
0.66356788
0.66356788
0.72955136
0.72955136
0.72955136
0.57284888
0.55092404
0.55092404
0.55092404
0.66156693
0.66156693
0.77761855
0.77761855
0.77761855
0.71017376
0.54963734
0.54963734
0.51002842
0.4629225
0.4629225
0.4629225
0.4629225
0.55771343
0.55771343
0.55771343
0.55771343
0.65451749
0.65451749
0.65451749
0.65451749
0.65451749
0.65451749
0.65451749
0.65451749
0.65451749
0.65451749
0.69759307
0.69759307
0.69759307
0.65172589
0.65172589
0.65172589
0.62848606
0.62848606
0.62848606
0.62848606
0.72368944
0.77461768
0.77461768
0.77461768
0.76140991
0.76140991
0.76140991
0.76140991
0.76140991
0.69098067
0.6815443
0.6815443
0.6815443
0.70129359
0.70129359
0.70129359
0.70100085
0.61268179
0.61268179
0.61268179
0.61268179
0.61268179
0.61268179
0.61268179
0.61268179
0.61268179
0.61268179
0.44404834
0.44404834
0.44404834
0.44404834
0.60324768
0.61507001
0.61507001
0.67559507
0.67559507
0.67559507
0.67559507
0.67815704
0.67815704
0.69341586
0.69341586
0.69341586
0.69341586
0.73140955
0.73140955
0.73140955
0.73140955
0.73140955
0.73140955
0.79462195
0.79462195
0.79462195
0.76649773
0.70288492
0.70288492
0.70288492
0.75545275
0.75545275
0.75545275
0.73279742
0.61383295
0.51159399
0.51159399
0.51159399
0.51159399
0.50640685
0.50640685
0.50640685
0.57766322
0.5969378
0.5969378
0.5969378
0.5969378
0.5969378
0.61423253
0.63603412
0.63603412
0.63603412
0.6324656
0.6324656
0.6324656
0.63699454
0.73552096
0.73552096
0.73552096
0.68054948
0.62478568
0.53173238
0.47997627
0.47997627
0.47997627
0.5543389
0.5543389
0.5543389
0.5543389
0.55092929
0.55092929
0.52391974
0.52391974
0.52391974
0.55803871
0.6393123
0.64081717
0.64081717
0.64081717
0.64081717
0.54378561
0.54378561
0.47122683
0.47122683
0.47122683
0.50177193
0.50177193
0.50177193
0.50177193
0.55341936
0.69699598
0.69699598
0.69699598
0.69396936
0.58914638
0.58914638
0.55815135
0.55815135
0.55815135
0.60042539
0.67458853
0.67458853
0.67458853
0.75253171
0.75253171
0.75253171
0.71398478
0.6677015
0.64197682
0.63631879
0.63631879
0.61618494
0.60084503
0.56334006
0.56334006
0.56334006
0.51006054
0.51006054
0.51006054
0.51006054
0.51006054
0.51006054
0.46698978
0.46698978
0.44716607
0.3466602
0.44716607
0.4573744
