0.35704431
0.12184419
0.04630039
0.04630039
0.04630039
0.04630039
0.04630039
0.04630039
0.10695879
0.10695879
0.10695879
0.10695879
0.10695879
0.06105585
0.06105585
0.06105585
0.06105585
0.06105585
0.03950376
0.03950376
0.03950376
0.07723787
0.09471801
0.09471801
0.09471801
0.09471801
0.09471801
0.13273246
0.13273246
0.13273246
0.05267948
0.05267948
0.05267948
0.05267948
0.05267948
0.09137237
0.09137237
0.09137237
0.04262494
0.04262494
0.04262494
0.04262494
0.01751174
0.01751174
0.01751174
0.01751174
0.01751174
0.01751174
0.01751174
0.00241005
0.00241005
0.00241005
0.00241005
0.00241005
0.00241005
0.00241005
0.00241005
0.02488342
0.02488342
0.04658396
0.07272853
0.07272853
0.07272853
0.04151851
0.04151851
0.04151851
0.04151851
0.01631239
0.01631239
0.01631239
0.03171439
0.03171439
0.03171439
0.03171439
0.03171439
0.03171439
0.03171439
0.03171439
0.03171439
0.05047518
0.05047518
0.05047518
0.05047518
0.05047518
0.05047518
0.04631513
0.04631513
0.04631513
0.04631513
0.04631513
0.00070757
0.00070757
0.00070757
0.00070757
0.00070757
0.00070757
0.00070757
0.00070757
0.00070757
0.00070757
0.00070757
0.00070757
0.00070757
0.01073446
0.01073446
0.01073446
0.01073446
0.01073446
0.01073446
0.01073446
0.00220235
0.00220235
0.00220235
0.01561833
0.01561833
0.01561833
0.01561833
0.01561833
0.01561833
0.01561833
0.01561833
0.01561833
0.01561833
0.01561833
0.01561833
0.01561833
0.01561833
0.0
0.0
0.0
0.0
0.0
0.0
9.668e-05
9.668e-05
9.668e-05
9.668e-05
9.668e-05
0.03748974
0.03748974
0.03748974
0.03748974
0.03748974
0.04883652
0.04883652
0.04883652
0.04883652
0.04883652
0.04883652
0.04883652
0.04883652
0.04883652
0.04883652
0.04883652
0.0610245
0.0610245
0.06710448
0.06710448
0.06710448
0.06710448
0.06710448
0.06710448
0.06710448
0.10920794
0.10920794
0.10920794
0.04989243
0.04989243
0.04038515
0.04038515
0.04038515
0.04038515
0.04038515
0.04038515
0.04038515
0.08501638
0.08501638
0.08501638
0.04071583
0.04071583
0.04071583
0.03734846
0.03734846
0.03734846
0.03734846
0.03734846
0.03734846
0.03734846
0.03734846
0.03734846
0.03734846
0.03667577
0.03667577
0.03667577
0.03667577
0.01703111
0.01014437
0.01014437
0.01014437
0.01014437
0.01014437
0.01014437
0.01014437
0.01078066
0.01078066
0.01078066
0.01078066
0.01078066
0.01078066
0.01078066
0.01078066
0.01078066
0.036999000000000004
0.036999000000000004
0.036999000000000004
0.036999000000000004
0.036999000000000004
0.036999000000000004
0.036999000000000004
0.036999000000000004
0.036999000000000004
0.00654407
0.00654407
0.00654407
0.03576849
0.03869107
0.03869107
0.03869107
0.02564674
0.02564674
0.02564674
0.02564674
0.05605578
0.05605578
0.05605578
0.02421191
0.02421191
0.02421191
0.02421191
0.02421191
0.02421191
0.02421191
0.02548452
0.03376069
0.03709518
0.03709518
0.03709518
0.05456544
0.0629228
0.0629228
0.0629228
0.03897688
0.03897688
0.03897688
0.03897688
0.03897688
0.03897688
0.03897688
0.03897688
0.0492589
0.0492589
0.0492589
0.0492589
0.0492589
0.0492589
0.0492589
0.0492589
0.03930244
0.02706347
0.00780508
0.00780508
0.00780508
0.04251976
0.04251976
0.04251976
0.04251976
0.05175489
0.05175489
0.05175489
0.05175489
0.05175489
0.05175489
0.04245883
0.04245883
0.04245883
0.05421964
0.05421964
0.05421964
0.0376807
0.0376807
0.0376807
0.0376807
0.02176304
0.02176304
0.02176304
0.02176304
0.02176304
0.02176304
0.02176304
0.02176304
0.02176304
0.02176304
0.028321499999999996
0.028321499999999996
0.028321499999999996
0.028321499999999996
0.028321499999999996
0.028321499999999996
0.028321499999999996
0.028321499999999996
0.06035862
0.06035862
0.06035862
0.06035862
0.06035862
0.06620124
0.0725857
0.14033895
0.14033895
0.14033895
0.09555472
0.09555472
0.09555472
0.11307283
0.11307283
0.11307283
0.11307283
0.03876557
0.03876557
0.03876557
0.08604376
0.08604376
0.08604376
0.08604376
0.08604376
0.08604376
0.08604376
0.08604376
0.08604376
0.08604376
0.07035104
0.07035104
0.07035104
0.07035104
0.07035104
0.07035104
0.07035104
0.07035104
0.07035104
0.07035104
0.07035104
0.05821891
0.05821891
0.0519634
0.0519634
0.0519634
0.08728432
0.08728432
0.09299699
0.09299699
0.09299699
0.09299699
0.09299699
0.09299699
0.09299699
0.09299699
0.10586158
0.10586158
0.10586158
0.10586158
0.08301702
0.08301702
0.08301702
0.08301702
0.08301702
0.08301702
0.09575510000000001
0.09575510000000001
0.09575510000000001
0.09575510000000001
0.09575510000000001
0.09575510000000001
0.09575510000000001
0.09575510000000001
0.09575510000000001
0.09575510000000001
0.09575510000000001
0.09575510000000001
0.09575510000000001
0.09575510000000001
0.09363002
0.09363002
0.05430347
0.05430347
0.05430347
0.05430347
0.05430347
0.05430347
0.05430347
0.05430347
0.05430347
0.05900192
0.08061030000000001
0.16530532
0.16530532
0.16530532
0.12275002
0.08923028
0.08923028
0.08923028
0.08923028
0.08923028
0.11654136
0.11654136
0.11654136
0.11654136
0.15756059
0.15756059
0.15756059
0.15756059
0.10238749
0.10238749
0.10238749
0.10238749
0.10238749
0.10238749
0.10238749
0.10238749
0.10238749
0.09867378
0.09867378
0.09867378
0.09867378
0.09867378
0.10444935
0.10444935
0.10444935
0.10444935
0.10444935
0.10444935
0.10444935
0.10444935
0.10444935
0.07619477
0.07619477
0.07619477
0.07619477
0.07040926
0.07040926
0.07040926
0.07040926
0.15214791
0.15214791
0.15214791
0.15613982
0.21753227
0.21753227
0.21753227
0.21753227
0.21753227
0.21753227
0.21753227
0.09313099999999999
0.09313099999999999
0.09313099999999999
0.09313099999999999
0.09313099999999999
0.09313099999999999
0.09313099999999999
0.09313099999999999
0.10700378
0.10700378
0.10700378
0.10700378
0.10700378
0.10700378
0.10700378
0.10700378
0.10700378
0.10700378
0.10700378
0.10700378
0.10700378
0.10700378
0.10700378
0.07919799
0.07919799
0.07919799
0.07919799
0.07919799
0.07919799
0.07919799
0.10321305
0.10321305
0.12653437
0.12653437
0.12653437
0.12653437
0.12653437
0.12653437
0.12653437
0.10225046
0.04849937
0.04849937
0.04849937
0.04849937
0.04849937
0.04849937
0.11025075
0.11025075
0.11025075
0.07889669
0.07889669
0.07889669
0.07889669
0.07889669
0.07889669
0.07889669
0.07889669
0.1203593
0.1203593
0.1203593
0.1203593
0.1203593
0.1203593
0.1203593
0.1203593
0.1203593
0.1203593
0.1203593
0.05264413
0.05264413
0.05264413
0.05264413
0.05264413
0.1033735
0.1033735
0.1033735
0.1033735
0.1033735
0.1033735
0.1033735
0.1033735
0.09235741
0.09235741
0.09235741
0.09235741
0.0987302
0.0987302
0.0987302
0.0987302
0.0987302
0.08619672
0.08619672
0.08619672
0.08888846
0.12315048
0.12315048
0.12315048
0.12315048
0.12315048
0.12315048
0.12315048
0.12315048
0.12315048
0.05423638
0.05423638
0.01382171
0.01382171
0.01382171
0.04483691
0.05057966
0.07505163
0.07505163
0.07505163
0.07505163
0.07505163
0.03553891
0.03553891
0.03553891
0.03553891
0.03553891
0.03553891
0.03824253
0.06663832
0.06663832
0.06663832
0.06663832
0.06663832
0.06663832
0.0648159
0.0648159
0.0648159
0.07879038
0.07879038
0.09932343
0.09932343
0.09932343
0.08901467
0.08901467
0.0221769
0.0221769
0.0221769
0.05479643
0.05479643
0.05479643
0.04038143
0.04038143
0.04038143
0.04038143
0.04038143
0.04038143
0.04038143
0.04038143
0.05104832
0.05104832
0.05104832
0.03268948
0.03268948
0.03268948
0.03268948
0.03268948
0.03268948
0.03268948
0.03268948
0.03268948
0.03268948
0.03268948
0.06478226
0.06478226
0.06478226
0.06478226
0.06478226
0.06478226
0.10028182
0.10028182
0.10028182
0.10028182
0.10028182
0.08721161
0.08721161
0.08721161
0.09329016
0.09329016
0.09329016
0.09329016
0.09329016
0.09329016
0.09377839
0.09377839
0.09377839
0.09377839
0.09377839
0.09377839
0.09377839
0.09377839
0.07645999
0.04291223
0.04291223
0.04291223
0.04291223
0.04291223
0.04291223
0.09162946
0.09162946
0.09162946
0.09162946
0.09162946
0.09162946
0.09162946
0.06008469
0.06008469
0.06008469
0.06008469
0.04305185
0.04305185
0.04305185
0.04305185
0.04305185
0.08825993
0.08825993
0.08825993
0.08825993
0.08825993
0.08825993
0.08825993
0.05532728
0.05532728
0.04008041
0.02334717
0.02334717
0.02334717
0.02334717
0.02334717
0.02334717
0.04114214
0.04114214
0.0974701
0.0974701
0.0974701
0.0974701
0.0974701
0.10147601
0.10318748
0.10318748
0.10318748
0.10318748
0.09886619999999999
0.049881800000000004
0.049881800000000004
0.049881800000000004
0.049881800000000004
0.049881800000000004
0.0727788
0.0727788
0.0727788
0.0727788
0.0727788
0.0727788
0.0727788
0.0727788
0.0727788
0.0727788
0.0727788
0.0727788
0.0727788
0.0727788
0.0727788
0.0727788
0.0727788
0.0727788
0.0727788
0.0727788
0.0727788
0.0727788
0.0727788
0.0727788
0.0727788
0.0727788
0.0727788
0.07342952
0.07342952
0.1495681
0.1495681
0.1495681
0.1495681
0.1495681
0.08353376
0.08353376
0.08353376
0.08353376
0.08353376
0.08353376
0.08353376
0.08353376
0.08353376
0.08353376
0.08353376
0.12007104
0.12007104
0.12007104
0.12007104
0.12007104
0.12007104
0.12007104
0.12007104
0.12007104
0.12007104
0.12007104
0.12007104
0.12007104
0.12007104
0.07540991
0.07540991
0.07540991
0.07540991
0.07540991
0.07540991
0.07540991
0.07540991
0.07540991
0.07540991
0.07540991
0.07540991
0.07540991
0.07540991
0.07540991
0.07540991
0.07540991
0.07540991
0.07540991
0.07540991
0.07540991
0.07540991
0.07540991
0.07540991
0.07540991
0.07540991
0.07540991
0.07540991
0.07540991
0.07540991
0.07540991
0.04660089
0.04660089
0.04660089
0.04660089
0.04660089
0.04660089
0.04660089
0.04660089
0.04660089
0.04660089
0.08030769
0.08030769
0.08030769
0.08030769
0.08030769
0.08030769
0.08030769
0.08030769
0.08030769
0.08030769
0.08030769
0.08030769
0.08030769
0.08690184
0.08690184
0.08690184
0.08690184
0.08690184
0.08690184
0.08690184
0.08690184
0.08690184
0.08690184
0.08690184
0.08690184
0.08690184
0.08690184
0.08690184
0.08690184
0.08690184
0.07740994
0.07740994
0.07740994
0.07740994
0.07740994
0.07740994
0.08202889
0.08202889
0.08202889
0.07944839
0.04915294
0.04915294
0.04915294
0.08509788
0.08509788
0.08509788
0.08509788
0.08509788
0.09212404
0.09212404
0.09212404
0.09212404
0.09212404
0.09212404
0.09212404
0.09212404
0.09212404
0.09212404
0.09212404
0.09212404
0.09212404
0.09212404
0.09212404
0.09212404
0.09212404
0.09212404
0.09212404
0.09212404
0.09212404
0.09212404
0.09212404
0.09212404
0.09756801
0.09756801
0.09756801
0.09756801
0.09756801
0.09756801
0.09756801
0.09756801
0.09756801
0.09756801
0.09756801
0.09756801
0.11185081
0.11185081
0.11185081
0.11185081
0.11185081
0.12413691
0.12413691
0.12413691
0.12413691
0.12413691
0.12413691
0.12413691
0.12413691
0.12413691
0.12413691
0.10230417
0.10230417
0.10230417
0.10230417
0.10230417
0.09361159
0.09361159
0.08158829
0.08158829
0.08158829
0.08158829
0.12111897
0.12111897
0.12111897
0.12111897
0.12111897
0.12111897
0.12111897
0.12111897
0.12111897
0.12111897
0.11450004
0.11006459
0.09755207
0.09755207
0.09755207
0.09755207
0.08587568
0.08587568
0.08587568
0.08587568
0.08587568
0.08587568
0.11102066
0.11102066
0.11102066
0.11102066
0.11102066
0.11102066
0.11102066
0.10815559
0.10425296
0.10425296
0.10425296
0.10425296
0.10425296
0.10425296
0.10425296
0.10425296
0.09982051
0.09982051
0.09982051
0.09982051
0.09982051
0.09982051
0.09982051
0.09982051
0.09982051
0.09982051
0.09982051
0.09982051
0.11361068
0.11361068
0.11361068
0.11361068
0.11361068
0.11361068
0.11361068
0.11361068
0.11361068
0.11361068
0.11205325
0.11205325
0.11205325
0.11205325
0.11205325
0.11205325
0.11205325
0.11205325
0.11205325
0.11205325
0.09584948
0.09584948
0.09584948
0.09818709
0.09818709
0.09818709
0.09818709
0.09818709
0.11370789
0.11370789
0.11370789
0.11118364
0.05518966
0.05518966
0.05518966
0.08064400000000001
0.08831668
0.08831668
0.08831668
0.08831668
0.09268201
0.09268201
0.09268201
0.12230148
0.12501302
0.12501302
0.12501302
0.12501302
0.12501302
0.12501302
0.12501302
0.12501302
0.12501302
0.12501302
0.12501302
0.12501302
0.12501302
0.12501302
0.12501302
0.12501302
0.08503171
0.08503171
0.08503171
0.08503171
0.08783067
0.08783067
0.11748816
0.11748816
0.11748816
0.11748816
0.11748816
0.11748816
0.11748816
0.14371441
0.14371441
0.14371441
0.14371441
0.14371441
0.14371441
0.14371441
0.12038113
0.12038113
0.12038113
0.12038113
0.12301837
0.12301837
0.12301837
0.12301837
0.12301837
0.12301837
0.12301837
0.12301837
0.12301837
0.12301837
0.12301837
0.12301837
0.09680145
0.09680145
0.09680145
0.11883176
0.11883176
0.11883176
0.11883176
0.11883176
0.11883176
0.10727704
0.09618203
0.09618203
0.09618203
0.09618203
0.09618203
0.09618203
0.11504769999999999
0.11504769999999999
0.13938662
0.13938662
0.13938662
0.13938662
0.13938662
0.13938662
0.13938662
0.13938662
0.13938662
0.13938662
0.13938662
0.13938662
0.13938662
0.13938662
0.13938662
0.13938662
0.13938662
0.13938662
0.13938662
0.13938662
0.13938662
0.13938662
0.13938662
0.13938662
0.13938662
0.13938662
0.13689954
0.13689954
0.13689954
0.13689954
0.11951183
0.11951183
0.11951183
0.13312213
0.13312213
0.13312213
0.13312213
0.13312213
0.13312213
0.13312213
0.13312213
0.13312213
0.13312213
0.13312213
0.13312213
0.13312213
0.13312213
0.13312213
0.13312213
0.13312213
0.13312213
0.09301097
0.09301097
0.09301097
0.09301097
0.09301097
0.09301097
0.17947614
0.17947614
0.17947614
0.1553767
0.1553767
0.15438970000000002
0.11799045
0.11799045
0.11799045
0.11799045
0.11799045
0.11799045
0.11799045
0.11799045
0.11799045
0.12329436
0.19682911
0.19682911
0.19682911
0.19682911
0.19682911
0.16160114
0.15396804
0.15396804
0.15396804
0.15396804
0.15555203
0.15555203
0.15555203
0.14856129999999998
0.14856129999999998
0.14856129999999998
0.14856129999999998
0.14856129999999998
0.14856129999999998
0.14856129999999998
0.14856129999999998
0.14856129999999998
0.14856129999999998
0.14856129999999998
0.14856129999999998
0.13318112
0.13318112
0.13318112
0.14852010000000002
0.14852010000000002
0.14852010000000002
0.14852010000000002
0.19773177
0.19773177
0.19773177
0.15988784
0.1528848
0.1528848
0.1528848
0.13776941
0.13109902
0.13109902
0.13109902
0.13109902
0.13109902
0.13109902
0.13109902
0.13109902
0.15161884
0.15161884
0.15161884
0.15161884
0.15161884
0.15161884
0.14153613
0.14153613
0.12530509
0.12530509
0.12530509
0.16616267
0.16616267
0.16616267
0.13016741
0.11412906
0.11412906
0.11412906
0.14910421
0.14910421
0.14910421
0.1381602
0.1381602
0.1381602
0.14472126
0.14472126
0.14472126
0.14472126
0.14472126
0.14472126
0.14472126
0.14472126
0.14472126
0.11637806
0.11637806
0.11637806
0.17857549
0.20542008
0.20542008
0.20542008
0.20542008
0.20542008
0.20542008
0.16908227
0.16908227
0.16908227
0.16908227
0.16764454
0.16764454
0.16764454
0.16764454
0.16764454
0.16764454
0.16764454
0.16764454
0.16764454
0.16764454
0.18839463
0.18839463
0.18839463
0.18839463
0.18839463
0.15414321
0.15414321
0.15414321
0.21432153
0.21432153
0.21432153
0.20684179
0.20684179
0.20684179
0.20684179
0.23834785
0.23834785
0.23834785
0.18065599
0.18065599
0.18065599
0.18065599
0.18065599
0.18065599
0.18065599
0.18065599
0.18065599
0.18065599
0.18065599
0.18065599
0.19454479
0.19454479
0.19454479
0.19014904
0.19014904
0.19014904
0.1898268
0.1898268
0.1898268
0.19771823
0.19771823
0.19771823
0.19771823
0.18462399
0.17920808
0.17920808
0.17920808
0.17920808
0.17920808
0.17920808
0.17920808
0.1732526
0.1732526
0.1732526
0.17830105
0.17830105
0.17830105
0.15641763
0.15641763
0.15641763
0.15641763
0.15641763
0.15641763
0.15641763
0.15641763
0.15641763
0.15641763
0.15641763
0.15641763
0.15641763
0.15641763
0.15641763
0.15641763
0.14948918
0.14472839999999998
0.14472839999999998
0.14472839999999998
0.14472839999999998
0.14472839999999998
0.14472839999999998
0.14472839999999998
0.14472839999999998
0.14472839999999998
0.14472839999999998
0.14472839999999998
0.16726613
0.16726613
0.18103019
0.18103019
0.18103019
0.18103019
0.18103019
0.18103019
0.18103019
0.18103019
0.18103019
0.18103019
0.18103019
0.18103019
0.18103019
0.18103019
0.18103019
0.18103019
0.18103019
0.18103019
0.18103019
0.17393123
0.17393123
0.17393123
0.17393123
0.16247679
0.16247679
0.16247679
0.16247679
0.16247679
0.16247679
0.16247679
0.16247679
0.16247679
0.16247679
0.16247679
0.16247679
0.16247679
0.16247679
0.16247679
0.16247679
0.16247679
0.16247679
0.16247679
0.16247679
0.16247679
0.16247679
0.16247679
0.16247679
0.18752716
0.18752716
0.18752716
0.18752716
0.18752716
0.17258494
0.17258494
0.17258494
0.17258494
0.17074548
0.17074548
0.17074548
0.21429563
0.21429563
0.21429563
0.21429563
0.21429563
0.21429563
0.18592721
0.18592721
0.18592721
0.25660988
0.25660988
0.25660988
0.25018847
0.14648205
0.14648205
0.14648205
0.14893436
0.14893436
0.14893436
0.14893436
0.16499505
0.16499505
0.21040655
0.24541559
0.24541559
0.24541559
0.24541559
0.24541559
0.24541559
0.24541559
0.24541559
0.24198351
0.24198351
0.24198351
0.24198351
0.20516652
0.19892904
0.19892904
0.19892904
0.19892904
0.19892904
0.19892904
0.19892904
0.19892904
0.19892904
0.19892904
0.19892904
0.19892904
0.19892904
0.19892904
0.19892904
0.19892904
0.19892904
0.19892904
0.21938122
0.21938122
0.21938122
0.2149637
0.2149637
0.2149637
0.2149637
0.2149637
0.2149637
0.2149637
0.2149637
0.17961949
0.17961949
0.13942436
0.13942436
0.13942436
0.16778031
0.16778031
0.16778031
0.16778031
0.16778031
0.16778031
0.16778031
0.18408942
0.18408942
0.18408942
0.18408942
0.18408942
0.18408942
0.18408942
0.18408942
0.18408942
0.18408942
0.18408942
0.18408942
0.18408942
0.18408942
0.18408942
0.18408942
0.18408942
0.18408942
0.18408942
0.17679999
0.17269322
0.17269322
0.17269322
0.20684725
0.23770084
0.23770084
0.23770084
0.20751361
0.20751361
0.20751361
0.20751361
0.20751361
0.2059903
0.2059903
0.2059903
0.2059903
0.2059903
0.2059903
0.2059903
0.2059903
0.2059903
0.2059903
0.17583359
0.17583359
0.17583359
0.17583359
0.17583359
0.17583359
0.17583359
0.17583359
0.17583359
0.17583359
0.17583359
0.17583359
0.17583359
0.17583359
0.17583359
0.19711662
0.19711662
0.19711662
0.21736836
0.21736836
0.23298595
0.23298595
0.23298595
0.23298595
0.23298595
0.23298595
0.23298595
0.22286681
0.22091124
0.22091124
0.22091124
0.2022569
0.2022569
0.2022569
0.2022569
0.2022569
0.21295869
0.21295869
0.21295869
0.21295869
0.21295869
0.21295869
0.21295869
0.21295869
0.21295869
0.21295869
0.21295869
0.21295869
0.21295869
0.21295869
0.21295869
0.19426562
0.19426562
0.19426562
0.19426562
0.19289549
0.19289549
0.19289549
0.23718317
0.23718317
0.23718317
0.22296622
0.22296622
0.22296622
0.22296622
0.22296622
0.22296622
0.22296622
0.22296622
0.22296622
0.22296622
0.22296622
0.22296622
0.22296622
0.22296622
0.22296622
0.22296622
0.22296622
0.22296622
0.22296622
0.22296622
0.22296622
0.22296622
0.22296622
0.22296622
0.22296622
0.22296622
0.16987377
0.16987377
0.16987377
0.17176971
0.17176971
0.17176971
0.17176971
0.20104965
0.20960019
0.20960019
0.20960019
0.16733531
0.16733531
0.16733531
0.16733531
0.16733531
0.16733531
0.16733531
0.16733531
0.16733531
0.16733531
0.16804853
0.16804853
0.16804853
0.16804853
0.16804853
0.18416559999999998
0.18416559999999998
0.18416559999999998
0.18416559999999998
0.18416559999999998
0.18416559999999998
0.18416559999999998
0.18416559999999998
0.18416559999999998
0.18416559999999998
0.18416559999999998
0.18416559999999998
0.18416559999999998
0.18416559999999998
0.18416559999999998
0.17830276
0.17795298
0.17795298
0.17795298
0.17795298
0.18605846
0.18605846
0.18605846
0.18427856
0.18427856
0.18427856
0.18427856
0.17194893
0.17194893
0.17194893
0.17194893
0.17194893
0.17194893
0.17194893
0.15698716
0.15698716
0.15698716
0.15698716
0.15698716
0.15698716
0.15698716
0.15698716
0.15698716
0.15698716
0.15355361
0.15355361
0.15355361
0.17094260000000003
0.17094260000000003
0.17094260000000003
0.15762916
0.15762916
0.15762916
0.15762916
0.15762916
0.15762916
0.15762916
0.15762916
0.15762916
0.15762916
0.15762916
0.15860735
0.15860735
0.15860735
0.15860735
0.15860735
0.15350045
0.15350045
0.15350045
0.15350045
0.15350045
0.15350045
0.21593488
0.21593488
0.21593488
0.14701788
0.14701788
0.14701788
0.17089462
0.17089462
0.17089462
0.17089462
0.17089462
0.17089462
0.17089462
0.17089462
0.17089462
0.15816813
0.15816813
0.15816813
0.18262193
0.18262193
0.18262193
0.18262193
0.13973852
0.13973852
0.13973852
0.13973852
0.14082072
0.18709806
0.18709806
0.18709806
0.18709806
0.18709806
0.18709806
0.18709806
0.18709806
0.18007972
0.18007972
0.18007972
0.18007972
0.14488454
0.14488454
0.14488454
0.14488454
0.14488454
0.14488454
0.14488454
0.14488454
0.20246457
0.20246457
0.20246457
0.20246457
0.20246457
0.20099065
0.20099065
0.20099065
0.20099065
0.20099065
0.20099065
0.20099065
0.24424749999999998
0.24424749999999998
0.24424749999999998
0.18273659
0.17930971
0.17930971
0.17930971
0.17930971
0.17930971
0.17930971
0.17930971
0.17930971
0.17930971
0.17930971
0.17930971
0.17930971
0.17930971
0.17930971
0.17930971
0.17930971
0.17930971
0.17930971
0.17930971
0.17930971
0.17930971
0.18388009
0.18388009
0.18388009
0.18388009
0.18388009
0.18388009
0.18184485
0.18184485
0.18184485
0.18184485
0.18184485
0.18184485
0.13955610000000002
0.13955610000000002
0.13955610000000002
0.13955610000000002
0.13955610000000002
0.13955610000000002
0.13955610000000002
0.13955610000000002
0.16619257
0.16619257
0.16619257
0.16619257
0.16619257
0.16619257
0.21188511
0.21188511
0.21188511
0.19392748
0.19392748
0.17920127
0.17920127
0.15136864
0.12279716
0.12279716
0.12279716
0.12279716
0.12279716
0.12279716
0.1366189
0.1366189
0.1366189
0.1366189
0.1366189
0.1366189
0.1366189
0.1366189
0.10404172
0.10404172
0.10404172
0.18194801
0.18589725
0.19014081
0.19014081
0.19014081
0.12456997
0.12456997
0.12456997
0.12456997
0.12456997
0.12456997
0.12456997
0.12456997
0.12456997
0.12456997
0.19143238
0.19143238
0.19143238
0.17515227
0.17515227
0.17515227
0.17515227
0.17515227
0.17515227
0.17515227
0.16733073
0.16733073
0.06685164
0.06685164
0.06685164
0.06685164
0.06685164
0.06685164
0.06685164
0.06685164
0.12881514
0.12881514
0.12881514
0.12881514
0.08018904
0.08018904
0.08018904
0.08018904
0.07868723
0.07868723
0.07868723
0.09146293
0.09456195
0.09456195
0.12831139
0.12831139
0.15969394
0.15969394
0.15969394
0.15969394
0.11677299
0.11677299
0.11677299
0.11677299
0.11677299
0.11677299
0.11677299
0.11225754
0.11225754
0.11225754
0.11225754
0.11225754
0.11225754
0.11051933
0.11051933
0.11051933
0.11346869999999999
0.12712865
0.12712865
0.12712865
0.16102755
0.16102755
0.16102755
0.16102755
0.16102755
0.16102755
0.15852393
0.13426035
0.13426035
0.13426035
0.13426035
0.13426035
0.13426035
0.13426035
0.13426035
0.13426035
0.13426035
0.13426035
0.14735562
0.16600996
0.16600996
0.16600996
0.16600996
0.16600996
0.14119273
0.1331692
0.1331692
0.1331692
0.1331692
0.1331692
0.14167595
0.19665835
0.19665835
0.19665835
0.19665835
0.19665835
0.19665835
0.16537465
0.16537465
0.16537465
0.16537465
0.16537465
0.12907932
0.12907932
0.12907932
0.12907932
0.11358230000000001
0.11358230000000001
0.11358230000000001
0.11358230000000001
0.21887350000000003
0.22078923
0.22078923
0.22078923
0.22078923
0.22078923
0.22078923
0.22078923
0.22078923
0.22078923
0.22078923
0.22078923
0.14474763
0.14474763
0.14474763
0.14474763
0.14474763
0.14474763
0.14474763
0.14474763
0.14474763
0.14474763
0.14474763
0.14474763
0.14030446
0.10527905
0.10527905
0.10527905
0.10527905
0.10527905
0.10527905
0.10527905
0.07781478
0.07781478
0.07781478
0.07781478
0.07781478
0.07781478
0.07781478
0.07781478
0.095812
0.095812
0.095812
0.095812
0.095812
0.095812
0.095812
0.095812
0.095812
0.095812
0.05571748
0.05571748
0.05571748
0.05571748
0.05571748
0.06931452
0.06931452
0.06931452
0.04381822
0.04381822
0.04381822
0.0911927
0.0911927
0.0911927
0.0911927
0.0911927
0.08965981
0.08965981
0.08965981
0.09679966
0.09679966
0.09679966
0.06576633
0.06576633
0.06576633
0.06576633
0.06576633
0.07259197
0.07259197
0.07259197
0.07259197
0.07259197
0.07259197
0.10329198
0.10329198
0.10329198
0.10329198
0.10329198
0.10329198
0.10329198
0.10329198
0.10329198
0.07727983
0.07727983
0.07727983
0.07727983
0.07727983
0.07727983
0.07675697
0.07675697
0.07675697
0.07675697
0.07675697
0.07675697
0.07675697
0.07675697
0.07675697
0.07675697
0.07675697
0.07675697
0.07675697
0.07675697
0.07675697
0.07675697
0.07675697
0.07675697
0.07675697
0.07675697
0.0961744
0.0961744
0.0961744
0.0961744
0.0961744
0.0961744
0.0961744
0.0961744
0.0961744
0.0961744
0.11257266
0.11257266
0.11257266
0.11257266
0.11257266
0.11257266
0.11257266
0.11257266
0.11257266
0.11257266
0.11257266
0.11257266
0.11257266
0.11257266
0.11257266
0.11257266
0.11257266
0.11943829
0.11943829
0.11943829
0.11943829
0.11943829
0.11943829
0.13539955
0.15215973
0.15215973
0.15215973
0.13373897
0.13373897
0.13373897
0.16627039
0.16627039
0.16627039
0.16627039
0.17894204
0.17894204
0.17894204
0.15278570000000002
0.15278570000000002
0.15278570000000002
0.15278570000000002
0.15130245
0.13694268
0.13694268
0.13694268
0.149339
0.149339
0.149339
0.09593353
0.09593353
0.09593353
0.09593353
0.09593353
0.09593353
0.09593353
0.09593353
0.09593353
0.09593353
0.09593353
0.09593353
0.09593353
0.09593353
0.18177195
0.18177195
0.18177195
0.15577582
0.13888873
0.13888873
0.12078955
0.12078955
0.12078955
0.12078955
0.12078955
0.12078955
0.12078955
0.12192567
0.12192567
0.12192567
0.12192567
0.12192567
0.12192567
0.12192567
0.12192567
0.12192567
0.12192567
0.1576979
0.1576979
0.1576979
0.1576979
0.1576979
0.1576979
0.22176185
0.22176185
0.22176185
0.15874509
0.13879704
0.13879704
0.12275968
0.12275968
0.12275968
0.13770492
0.13770492
0.13770492
0.11908723
0.11908723
0.11908723
0.11908723
0.11338265
0.11338265
0.11338265
0.11338265
0.11338265
0.11338265
0.11338265
0.11338265
0.19834399
0.19834399
0.19834399
0.15228377
0.15228377
0.15228377
0.15228377
0.12483102
0.12483102
0.12483102
0.12483102
0.12483102
0.12483102
0.12483102
0.15244602
0.15244602
0.15244602
0.15244602
0.15244602
0.15244602
0.13065142
0.13065142
0.11977134
0.08314655
0.08314655
0.08314655
0.16666921
0.20651404
0.20651404
0.20651404
0.20651404
0.20651404
0.20651404
0.20131239
0.20131239
0.20131239
0.20131239
0.20131239
0.20131239
0.20131239
0.20131239
0.191557
0.16595518
0.16595518
0.16595518
0.13509295
0.08848014
0.08848014
0.08848014
0.08848014
0.08848014
0.08848014
0.08848014
0.08848014
0.08848014
0.08848014
0.08848014
0.08848014
0.0959721
0.0959721
0.0959721
0.12695096
0.12695096
0.12695096
0.12695096
0.12695096
0.12695096
0.12695096
0.12695096
0.12695096
0.12695096
0.12695096
0.12695096
0.12695096
0.12695096
0.12695096
0.12695096
0.12695096
0.12695096
0.12695096
0.12695096
0.12695096
0.12695096
0.12695096
0.12695096
0.12695096
0.12695096
0.12695096
0.12695096
0.12695096
0.12695096
0.12695096
0.12765278
0.12765278
0.12765278
0.12765278
0.16939472
0.16939472
0.16939472
0.16939472
0.15704437
0.15704437
0.15704437
0.15704437
0.15704437
0.15704437
0.15704437
0.15704437
0.12679814
0.12679814
0.12679814
0.18686731
0.18686731
0.18686731
0.18686731
0.18686731
0.18686731
0.16486800000000001
0.16486800000000001
0.10982701
0.07967556
0.07967556
0.07967556
0.10235373
0.10235373
0.10235373
0.10235373
0.10235373
0.10235373
0.10235373
0.12335322
0.12335322
0.12335322
0.0982285
0.0982285
0.0982285
0.11270974
0.11270974
0.11270974
0.11270974
0.11270974
0.11270974
0.11270974
0.11270974
0.11270974
0.11829368
0.11829368
0.11829368
0.11829368
0.11829368
0.11829368
0.11829368
0.11829368
0.11829368
0.11829368
0.11829368
0.11829368
0.11829368
0.11829368
0.10408259
0.10408259
0.10408259
0.13135268
0.15895141
0.15895141
0.15895141
0.12101612
0.12101612
0.12101612
0.12101612
0.12101612
0.12101612
0.12101612
0.14972839999999998
0.14972839999999998
0.14972839999999998
0.14972839999999998
0.14972839999999998
0.14972839999999998
0.14972839999999998
0.14972839999999998
0.10779246
0.10779246
0.10779246
0.16575034
0.16575034
0.16575034
0.16575034
0.16575034
0.16575034
0.16575034
0.16575034
0.16575034
0.16575034
0.19532133
0.19532133
0.19532133
0.19532133
0.19532133
0.19532133
0.16900911
0.16900911
0.16900911
0.16900911
0.16900911
0.15388858
0.15388858
0.15388858
0.16019032
0.16204921
0.16204921
0.16204921
0.16204921
0.16204921
0.16204921
0.16204921
0.16204921
0.16204921
0.16204921
0.16204921
0.16915838
0.16915838
0.16915838
0.16915838
0.1770776
0.1770776
0.1770776
0.1770776
0.1770776
0.1770776
0.1770776
0.1770776
0.1770776
0.1770776
0.09038554
0.0892164
0.0892164
0.0892164
0.12092893
0.12092893
0.12092893
0.12092893
0.12092893
0.14232303
0.14232303
0.14232303
0.14232303
0.14232303
0.14232303
0.14232303
0.14232303
0.14232303
0.14232303
0.10664978
0.10664978
0.10664978
0.10664978
0.10664978
0.10664978
0.13887239
0.13887239
0.13887239
0.13887239
0.13457747
0.13457747
0.13457747
0.13457747
0.13457747
0.12511916
0.12511916
0.12511916
0.13152961
0.13152961
0.13152961
0.13152961
0.13152961
0.13152961
0.13152961
0.13152961
0.13922937
0.1685745
0.1685745
0.1685745
0.13986679999999999
0.13986679999999999
0.13986679999999999
0.13986679999999999
0.13986679999999999
0.12593282
0.12593282
0.12593282
0.12593282
0.12593282
0.12593282
0.12593282
0.12593282
0.12593282
0.15587819
0.15587819
0.15587819
0.15587819
0.13900254
0.12748816
0.12748816
0.12748816
0.12748816
0.12748816
0.12541337
0.12541337
0.12541337
0.12541337
0.12541337
0.12541337
0.12541337
0.12560273
0.12560273
0.12560273
0.12560273
0.12560273
0.12560273
0.14546977
0.14546977
0.14546977
0.14546977
0.14546977
0.14546977
0.14546977
0.14546977
0.14546977
0.14546977
0.14546977
0.14766252
0.14766252
0.14766252
0.14284086
0.14284086
0.10933235
0.10933235
0.10933235
0.15675974
0.21235686
0.21235686
0.21235686
0.17614817
0.17614817
0.17614817
0.17614817
0.18356083
0.18356083
0.18356083
0.18356083
0.18356083
0.18356083
0.18356083
0.18356083
0.18356083
0.17997682
0.17997682
0.17997682
0.17997682
0.14446067
0.12780578
0.12780578
0.12780578
0.15832467
0.15832467
0.15832467
0.13064164
0.13064164
0.13064164
0.13064164
0.13064164
0.13064164
0.15678279
0.15678279
0.15678279
0.15678279
0.15678279
0.15678279
0.15678279
0.15678279
0.15678279
0.15678279
0.12934443
0.12934443
0.12934443
0.12934443
0.12536522
0.12536522
0.12536522
0.14169332
0.15563425
0.15563425
0.15563425
0.13822164
0.13822164
0.13822164
0.13822164
0.13822164
0.13822164
0.13822164
0.13822164
0.13822164
0.13822164
0.16285421
0.16285421
0.16285421
0.16285421
0.16285421
0.16285421
0.16285421
0.16285421
0.16285421
0.16285421
0.23158732
0.23158732
0.23158732
0.19520057
0.19520057
0.19520057
0.16229428
0.16229428
0.14694200000000002
0.12719864
0.12719864
0.12719864
0.12719864
0.12719864
0.13982483
0.13982483
0.13982483
0.13982483
0.13982483
0.13982483
0.13982483
0.13982483
0.13982483
0.13982483
0.13982483
0.13982483
0.15429134
0.15429134
0.15429134
0.15429134
0.15429134
0.15429134
0.15429134
0.15429134
0.15429134
0.15429134
0.13129066
0.12181663
0.12181663
0.11039351
0.11039351
0.11039351
0.11634144
0.19649291
0.19649291
0.19649291
0.15073885
0.1250855
0.1250855
0.1250855
0.1250855
0.1250855
0.1250855
0.1250855
0.1250855
0.1250855
0.1250855
0.1250855
0.14658071
0.14658071
0.14658071
0.14658071
0.14658071
0.14658071
0.14658071
0.14658071
0.14658071
0.13559318
0.13559318
0.13559318
0.13559318
0.13559318
0.13559318
0.13559318
0.13559318
0.13559318
0.13674007
0.13674007
0.13674007
0.13674007
0.13674007
0.13674007
0.13532456
0.13532456
0.13532456
0.13532456
0.13532456
0.13532456
0.13562369
0.15399101
0.15399101
0.15399101
0.15399101
0.15399101
0.15399101
0.15399101
0.15399101
0.15399101
0.15399101
0.15399101
0.15399101
0.15399101
0.15399101
0.15399101
0.15399101
0.15399101
0.15399101
0.15399101
0.21247409
0.21247409
0.21247409
0.21247409
0.15521671
0.15521671
0.15521671
0.15521671
0.15521671
0.15521671
0.15521671
0.15521671
0.15521671
0.15521671
0.15521671
0.13080841
0.13080841
0.13080841
0.13080841
0.11410992
0.11410992
0.11410992
0.12561759
0.12561759
0.12561759
0.12561759
0.12561759
0.14248544
0.14248544
0.14248544
0.14248544
0.12260005
0.12260005
0.12260005
0.12260005
0.14432910000000002
0.14432910000000002
0.14432910000000002
0.14432910000000002
0.14432910000000002
0.14432910000000002
0.14432910000000002
0.17495557
0.17495557
0.17495557
0.16991635
0.16991635
0.16991635
0.16991635
0.16991635
0.16991635
0.16991635
0.16991635
0.16991635
0.16991635
0.16991635
0.16991635
0.16991635
0.16991635
0.16991635
0.16991635
0.16991635
0.16991635
0.16991635
0.16991635
0.16991635
0.16991635
0.11987638
0.11987638
0.11987638
0.12361719
0.12361719
0.12395667
0.12395667
0.12395667
0.12395667
0.12395667
0.12395667
0.12395667
0.16651666
0.21221135
0.21221135
0.21221135
0.16090722
0.16090722
0.16090722
0.16090722
0.16090722
0.14276519
0.14276519
0.14276519
0.13076178
0.13076178
0.13017208
0.13017208
0.13017208
0.13017208
0.13017208
0.13017208
0.11919077
0.11919077
0.11919077
0.11919077
0.12066018
0.12066018
0.22786247
0.22786247
0.22786247
0.18331789
0.18331789
0.18331789
0.18331789
0.14002898
0.14002898
0.14002898
0.14017291
0.14017291
0.14017291
0.13629854
0.13629854
0.13629854
0.14394163
0.18120461
0.18120461
0.18120461
0.14778527
0.14778527
0.14778527
0.14778527
0.14248592
0.14248592
0.14248592
0.15361270000000002
0.15361270000000002
0.15361270000000002
0.15361270000000002
0.15361270000000002
0.15361270000000002
0.14595123
0.14595123
0.13834657
0.13834657
0.13834657
0.13834657
0.13834657
0.13834657
0.13834657
0.13834657
0.13403410000000002
0.12129524
0.12129524
0.12129524
0.1538973
0.15470222
0.15470222
0.15470222
0.15470222
0.15470222
0.15470222
0.15470222
0.15470222
0.15470222
0.15470222
0.21559339999999996
0.21559339999999996
0.21559339999999996
0.21559339999999996
0.21559339999999996
0.21559339999999996
0.14523865
0.14523865
0.14523865
0.14523865
0.14523865
0.16773965
0.16773965
0.16773965
0.16773965
0.16773965
0.16773965
0.16773965
0.16773965
0.16773965
0.21274037
0.21274037
0.21274037
0.21274037
0.21274037
0.21274037
0.21274037
0.21274037
0.20020412
0.17700186
0.17700186
0.17700186
0.18249300000000002
0.18249300000000002
0.19356633
0.19356633
0.19356633
0.19356633
0.19356633
0.19356633
0.16914167
0.16914167
0.16914167
0.16914167
0.16914167
0.15622105
0.15622105
0.15622105
0.15622105
0.20285588
0.21209876
0.21209876
0.21209876
0.21209876
0.21209876
0.21209876
0.13523585
0.13523585
0.13523585
0.13523585
0.13523585
0.13523585
0.13523585
0.17474852
0.20126217
0.20126217
0.24252339
0.24252339
0.24252339
0.16079844
0.16079844
0.16079844
0.16079844
0.16079844
0.16079844
0.16530422
0.16530422
0.16530422
0.16530422
0.20692009
0.20692009
0.20692009
0.19456722
0.19456722
0.19456722
0.19456722
0.19456722
0.19456722
0.19456722
0.19456722
0.19456722
0.19456722
0.14786162
0.14786162
0.14786162
0.23104725
0.23104725
0.23104725
0.23104725
0.23104725
0.23104725
0.23104725
0.23104725
0.19710052
0.19710052
0.19710052
0.19710052
0.19710052
0.19710052
0.19710052
0.16502713
0.14132965
0.13016117
0.12913687
0.12913687
0.12913687
0.13963944
0.13963944
0.13963944
0.13723038
0.13723038
0.13723038
0.13723038
0.13723038
0.13723038
0.13723038
0.13723038
0.25225211
0.25225211
0.25225211
0.14674184
0.14674184
0.14674184
0.14674184
0.14674184
0.14674184
0.15393048
0.16539042
0.16539042
0.17558748
0.17558748
0.17558748
0.12754405
0.11028710000000001
0.11028710000000001
0.11028710000000001
0.11028710000000001
0.11028710000000001
0.11028710000000001
0.11028710000000001
0.11028710000000001
0.11028710000000001
0.11028710000000001
0.11028710000000001
0.11146628
0.14856596
0.14856596
0.17897575
0.17897575
0.17897575
0.17897575
0.17897575
0.17897575
0.17897575
0.17897575
0.17897575
0.17897575
0.17897575
0.1545019
0.1545019
0.1545019
0.1545019
0.1545019
0.1545019
0.18621982
0.18621982
0.18621982
0.18621982
0.18621982
0.18621982
0.18154459
0.18154459
0.18154459
0.18154459
0.18154459
0.18154459
0.18154459
0.18154459
0.18154459
0.18154459
0.18154459
0.13941383
0.13941383
0.13941383
0.13941383
0.17137286
0.17137286
0.17137286
0.17137286
0.17137286
0.17137286
0.17137286
0.17137286
0.17137286
0.17137286
0.17137286
0.17137286
0.17137286
0.17137286
0.17137286
0.18449712
0.18449712
0.18449712
0.18213377
0.18213377
0.18213377
0.18213377
0.18213377
0.18213377
0.18213377
0.18213377
0.18213377
0.13252815
0.13252815
0.13252815
0.13252815
0.09664186
0.09664186
0.09664186
0.13442428
0.18546429
0.18546429
0.18546429
0.18546429
0.18546429
0.18546429
0.15023593
0.15023593
0.15023593
0.15023593
0.15023593
0.15023593
0.15023593
0.12168319
0.12168319
0.12168319
0.13000986
0.13000986
0.13000986
0.13000986
0.13000986
0.13306714
0.13306714
0.13306714
0.13306714
0.13306714
0.13261108
0.13261108
0.13261108
0.13261108
0.13261108
0.13261108
0.13261108
0.13261108
0.13261108
0.07651787
0.06739481
0.06739481
0.06739481
0.06739481
0.06739481
0.11677966
0.11677966
0.11677966
0.11677966
0.11677966
0.11677966
0.11677966
0.11677966
0.11677966
0.11677966
0.11677966
0.11677966
0.11677966
0.11677966
0.11677966
0.11677966
0.11677966
0.11677966
0.11677966
0.11677966
0.11677966
0.11677966
0.0831642
0.0831642
0.0831642
0.0831642
0.11857089
0.11857089
0.11857089
0.10900483
0.10900483
0.1046519
0.1046519
0.1046519
0.1046519
0.1046519
0.1046519
0.1046519
0.1046519
0.1046519
0.1046519
0.1046519
0.1046519
0.1046519
0.1046519
0.1046519
0.10910657
0.10910657
0.10910657
0.10910657
0.10910657
0.10910657
0.10910657
0.13641297
0.14077543
0.14077543
0.14077543
0.14077543
0.14077543
0.14077543
0.14077543
0.14077543
0.14077543
0.14077543
0.14077543
0.14077543
0.22821423
0.22821423
0.22821423
0.16449895
0.16449895
0.16449895
0.16449895
0.23651801
0.23651801
0.23651801
0.1634471
0.1634471
0.1634471
0.1634471
0.1634471
0.1634471
0.1634471
0.14794224
0.14794224
0.14794224
0.14794224
0.14794224
0.14794224
0.14794224
0.12395985
0.12395985
0.12395985
0.12395985
0.11733868
0.11733868
0.11733868
0.11733868
0.11733868
0.11733868
0.11733868
0.11733868
0.11960969
0.11960969
0.18995927
0.18995927
0.18995927
0.18995927
0.18995927
0.18995927
0.18995927
0.18995927
0.18995927
0.14554946
0.1417714
0.1417714
0.1417714
0.14965279
0.14965279
0.14965279
0.14965279
0.16478413
0.16478413
0.16478413
0.16442263
0.16442263
0.16442263
0.16442263
0.18416563
0.18416563
0.18416563
0.17327205
0.17327205
0.17327205
0.17327205
0.17327205
0.17327205
0.12474055
0.12474055
0.12474055
0.15968304
0.15968304
0.15968304
0.15968304
0.15968304
0.15968304
0.12900531
0.12900531
0.12900531
0.12900531
0.12900531
0.12900531
0.12900531
0.12900531
0.12900531
0.12900531
0.12900531
0.12900531
0.12900531
0.12900531
0.12900531
0.1330208
0.1330208
0.1330208
0.1330208
0.16149945
0.16149945
0.16149945
0.14061684
0.11150329
0.11150329
0.08379034
0.08379034
0.08379034
0.08379034
0.08379034
0.08379034
0.08379034
0.08379034
0.08379034
0.12093177
0.12093177
0.12093177
0.12093177
0.13020485
0.13020485
0.13020485
0.13020485
0.13020485
0.15253901
0.15253901
0.15253901
0.15253901
0.10329403
0.10329403
0.10329403
0.10329403
0.10329403
0.10329403
0.10329403
0.13300062
0.13300062
0.13300062
0.13300062
0.12636409
0.12636409
0.12636409
0.12636409
0.12239355
0.12239355
0.12239355
0.12239355
0.12239355
0.08273538
0.08273538
0.08273538
0.08273538
0.08273538
0.09546983
0.09546983
0.09546983
0.09546983
0.12676323
0.12676323
0.12676323
0.10699621
0.10699621
0.10699621
0.10699621
0.11090956
0.11090956
0.14717541
0.14717541
0.14717541
0.14717541
0.14717541
0.14717541
0.14717541
0.14717541
0.13785942
0.13785942
0.13785942
0.13785942
0.12831411
0.08079685
0.08079685
0.08079685
0.12262367
0.12262367
0.12262367
0.12262367
0.12262367
0.12262367
0.06963177
0.06963177
0.06963177
0.06963177
0.06963177
0.06963177
0.19050949
0.19050949
0.19050949
0.18705279
0.11521992
0.11521992
0.11521992
0.1639156
0.1639156
0.1639156
0.1639156
0.08335626
0.08335626
0.08335626
0.08335626
0.08335626
0.11358425
0.11358425
0.11358425
0.11358425
0.11358425
0.11358425
0.11358425
0.11358425
0.11358425
0.11967111
0.13716654
0.13716654
0.13716654
0.13716654
0.13716654
0.13716654
0.13716654
0.13716654
0.13716654
0.13716654
0.13716654
0.13716654
0.13716654
0.13716654
0.13716654
0.13716654
0.13716654
0.13716654
0.10584957
0.10584957
0.10584957
0.09605219999999999
0.09605219999999999
0.09605219999999999
0.09605219999999999
0.09605219999999999
0.09605219999999999
0.09605219999999999
0.15153654
0.15608129
0.15608129
0.15608129
0.07134775
0.07134775
0.07134775
0.22266243
0.22266243
0.22266243
0.17381699
0.17381699
0.17381699
0.17381699
0.17381699
0.17381699
0.14983254
0.14983254
0.14983254
0.14983254
0.12558286
0.09149309
0.06990007
0.06990007
0.06990007
0.15664352
0.15664352
0.15664352
0.08883216
0.08883216
0.08883216
0.08883216
0.08883216
0.08883216
0.08883216
0.13813114
0.13813114
0.14000713
0.23790878
0.23790878
0.23790878
0.20048775
0.11907089
0.11907089
0.11907089
0.11907089
0.11907089
0.11907089
0.11907089
0.11907089
0.11907089
0.1178549
0.1178549
0.1178549
0.1178549
0.10014043
0.10014043
0.10014043
0.10014043
0.10014043
0.10014043
0.10014043
0.10395568
0.10966649
0.10966649
0.15191088
0.15191088
0.15191088
0.15191088
0.15191088
0.15191088
0.15191088
0.15191088
0.15191088
0.15191088
0.15191088
0.15191088
0.15191088
0.15191088
0.15191088
0.13204802
0.13204802
0.13204802
0.11775611
0.11775611
0.11775611
0.11775611
0.11775611
0.11775611
0.11775611
0.11775611
0.11775611
0.11775611
0.11775611
0.11775611
0.11775611
0.11775611
0.10201939
0.10201939
0.10201939
0.10580013
0.10580013
0.10580013
0.10580013
0.10580013
0.11731048
0.11731048
0.11731048
0.11731048
0.11731048
0.11731048
0.11731048
0.11731048
0.11731048
0.11731048
0.11731048
0.11731048
0.11731048
0.11731048
0.10815068
0.10815068
0.10815068
0.10815068
0.10815068
0.10815068
0.10815068
0.10815068
0.10815068
0.10293418
0.10293418
0.10293418
0.10293418
0.10293418
0.10293418
0.10293418
0.10293418
0.10293418
0.12087711
0.12087711
0.12087711
0.12087711
0.12087711
0.12087711
0.12087711
0.12087711
0.07706849
0.07706849
0.07706849
0.12946806
0.12946806
0.12946806
0.10457235
0.07766032
0.07766032
0.06105876
0.06105876
0.06105876
0.06105876
0.06105876
0.07498389
0.07498389
0.07498389
0.23340428
0.23340428
0.23340428
0.15338447
0.15338447
0.15338447
0.13537919
0.10263430000000001
0.10263430000000001
0.10263430000000001
0.10263430000000001
0.10263430000000001
0.10263430000000001
0.10263430000000001
0.10263430000000001
0.10263430000000001
0.10263430000000001
0.10263430000000001
0.10800560000000001
0.10800560000000001
0.10800560000000001
0.10800560000000001
0.09711174
0.09711174
0.09711174
0.09711174
0.09711174
0.09711174
0.16217914
0.16217914
0.16778235
0.16778235
0.16778235
0.13117179
0.13117179
0.13117179
0.13117179
0.12995994
0.12995994
0.12995994
0.12995994
0.08949541
0.08949541
0.08949541
0.08949541
0.08949541
0.08949541
0.08949541
0.08949541
0.08949541
0.08567831
0.08567831
0.08567831
0.08567831
0.08567831
0.08567831
0.09152711
0.09152711
0.09152711
0.09152711
0.09152711
0.09811909
0.10469362
0.10469362
0.10469362
0.08891501
0.08891501
0.08891501
0.08891501
0.08891501
0.08891501
0.08891501
0.08558794
0.08558794
0.07804802
0.07804802
0.07804802
0.07804802
0.07804802
0.07804802
0.07804802
0.07494772
0.07494772
0.07494772
0.07494772
0.07494772
0.07494772
0.07494772
0.047309699999999996
0.047309699999999996
0.047309699999999996
0.047309699999999996
0.047309699999999996
0.047309699999999996
0.047309699999999996
0.08105595
0.08105595
0.08105595
0.08105595
0.08105595
0.12326057
0.12326057
0.12326057
0.12326057
0.10818023
0.10818023
0.08830253
0.08830253
0.08830253
0.08830253
0.08830253
0.08830253
0.08830253
0.08830253
0.08830253
0.08830253
0.08830253
0.08830253
0.08830253
0.08830253
0.08830253
0.08934112
0.08934112
0.1180621
0.1180621
0.1180621
0.1180621
0.1180621
0.14772686
0.14772686
0.14772686
0.11611255
0.10046905
0.10046905
0.09213152
0.09213152
0.09213152
0.17428865
0.17428865
0.17428865
0.13539299
0.13539299
0.13539299
0.13581772
0.13581772
0.13581772
0.0975039
0.0975039
0.0975039
0.0975039
0.0975039
0.0975039
0.0975039
0.17978127
0.17978127
0.17978127
0.16671592
0.16671592
0.10517444
0.10517444
0.10517444
0.10517444
0.10517444
0.10517444
0.10517444
0.10517444
0.12231012
0.12231012
0.12231012
0.12231012
0.12126766
0.12126766
0.12126766
0.12782122
0.12782122
0.12782122
0.12782122
0.12782122
0.09262605
0.08691624
0.08691624
0.08691624
0.08691624
0.08691624
0.08691624
0.08691624
0.13617898
0.13617898
0.13617898
0.13617898
0.13617898
0.13110965
0.13110965
0.13110965
0.13110965
0.13058918
0.13058918
0.13058918
0.13058918
0.13058918
0.13058918
0.13058918
0.13058918
0.13058918
0.15636174
0.15636174
0.15636174
0.15636174
0.15636174
0.15636174
0.15636174
0.15636174
0.15636174
0.15636174
0.15636174
0.17292595
0.17292595
0.17292595
0.17292595
0.17292595
0.17292595
0.17292595
0.17292595
0.17292595
0.17060464
0.17060464
0.17060464
0.20649354
0.20649354
0.20649354
0.20649354
0.20649354
0.20649354
0.20649354
0.20649354
0.20649354
0.20649354
0.23564746
0.23564746
0.23564746
0.23564746
0.22675354
0.22675354
0.22675354
0.22675354
0.22675354
0.22816548
0.45091972
0.45091972
0.45091972
0.34485144
0.31016436
0.30292188
0.30292188
0.30292188
0.30292188
0.31377613
0.31377613
0.31377613
0.31377613
0.31377613
0.31377613
0.31377613
0.31377613
0.31377613
0.31531714
0.31531714
0.31531714
0.36017571
0.36017571
0.36017571
0.36017571
0.36017571
0.36017571
0.36017571
0.36017571
0.36017571
0.36017571
0.39924182
0.39924182
0.39924182
0.39924182
0.37375429
0.37375429
0.37375429
0.4174959
0.4174959
0.4174959
0.37968801
0.37968801
0.37968801
0.37968801
0.37968801
0.37968801
0.38577782
0.38577782
0.38577782
0.41084277
0.41084277
0.41084277
0.41084277
0.41084277
0.42866170000000003
0.42866170000000003
0.42866170000000003
0.42866170000000003
0.42866170000000003
0.42866170000000003
0.42866170000000003
0.42866170000000003
0.54193579
0.54193579
0.54193579
0.46569286
0.46569286
0.45346475
0.44994301
0.44994301
0.44994301
0.44994301
0.44994301
0.44994301
0.44994301
0.46934111
0.46934111
0.46934111
0.46934111
0.47560174
0.47560174
0.49000876
0.49000876
0.49000876
0.49000876
0.49000876
0.49000876
0.49000876
0.49000876
0.49000876
0.49000876
0.49000876
0.49000876
0.58399921
0.58399921
0.58399921
0.58399921
0.58399921
0.55027965
0.54061803
0.53353431
0.53353431
0.53353431
0.53353431
0.53353431
0.53353431
0.53353431
0.53353431
0.53353431
0.53353431
0.53353431
0.53353431
0.53353431
0.53353431
0.5539831999999999
0.5539831999999999
0.5539831999999999
0.5539831999999999
0.57456524
0.59100255
0.59100255
0.59100255
0.59100255
0.59431172
0.59431172
0.59431172
0.59431172
0.59431172
0.62502518
0.62502518
0.62502518
0.62502518
0.59836623
0.5737861
0.5737861
0.5737861
0.5737861
0.5737861
0.5737861
0.5737861
0.5737861
0.572336
0.41722943
0.40757973
0.40757973
0.40757973
0.40757973
0.40757973
0.40757973
0.42555182
0.42555182
0.42555182
0.30168951
0.30168951
0.30168951
0.38034354
0.38034354
0.38034354
0.38034354
0.38034354
0.38034354
0.38034354
0.38034354
0.38034354
0.38034354
0.38034354
0.34810449
0.23109387
0.23109387
0.23109387
0.15503168
0.15503168
0.13223379999999998
0.13223379999999998
0.13223379999999998
0.13223379999999998
0.13223379999999998
0.13223379999999998
0.13223379999999998
0.13223379999999998
0.13223379999999998
0.13223379999999998
0.13223379999999998
0.13223379999999998
0.13223379999999998
0.13223379999999998
0.13223379999999998
0.22770394
0.22770394
0.22770394
0.21752516
0.21752516
0.21752516
0.21752516
0.21752516
0.21752516
0.21725482
0.21725482
0.21725482
0.21725482
0.21725482
0.21725482
0.22707574
0.22707574
0.22707574
0.22707574
0.23674812
0.23674812
0.26580529
0.26580529
0.26580529
0.26580529
0.26580529
0.24467571
0.24467571
0.24467571
0.24467571
0.24467571
0.27653603
0.27653603
0.27653603
0.27653603
0.27653603
0.27653603
0.27653603
0.27653603
0.27653603
0.27653603
0.27653603
0.27653603
0.27653603
0.27653603
0.27653603
0.27653603
0.27653603
0.27653603
0.31162588
0.31851779999999996
0.31851779999999996
0.31851779999999996
0.31851779999999996
0.34182395
0.35469581
0.35469581
0.35469581
0.35469581
0.35469581
0.35469581
0.35469581
0.35469581
0.35469581
0.35469581
0.35469581
0.35469581
0.35469581
0.40983945
0.40983945
0.40983945
0.40983945
0.40983945
0.41133509
0.41133509
0.41133509
0.41133509
0.44909101
0.44909101
0.44909101
0.44909101
0.47766221
0.50487233
0.51774122
0.53682646
0.53682646
0.53682646
0.53682646
0.53682646
0.55930546
0.56030621
0.56030621
0.56030621
0.56030621
0.5985534
0.5985534
0.5985534
0.5985534
0.5985534
0.5985534
0.5985534
0.5985534
0.5985534
0.5985534
0.5985534
0.5985534
0.5985534
0.5985534
0.5985534
0.5985534
0.5985534
0.61116957
0.6301819000000001
0.6301819000000001
0.6301819000000001
0.6301819000000001
0.67492336
0.67492336
0.67492336
0.67492336
0.67492336
0.67492336
0.7144038
0.7144038
0.7144038
0.73330539
0.73330539
0.73330539
0.73330539
0.73330539
0.73330539
0.76488204
0.77873701
0.78019133
0.78019133
0.78019133
0.77294684
0.77294684
0.77294684
0.77294684
0.77294684
0.77294684
0.77294684
0.77294684
0.77294684
0.77294684
0.81234257
0.81320407
0.81320407
0.81320407
0.81320407
0.79301302
0.79301302
0.78004896
0.78004896
0.78004896
0.78004896
0.78004896
0.78004896
0.84794979
0.84794979
0.84794979
0.84794979
0.84794979
0.84794979
0.84794979
0.84794979
0.84794979
0.84794979
0.88559857
0.88559857
0.88559857
0.87636266
0.87636266
0.86227399
0.86227399
0.86227399
0.86227399
0.86227399
0.86227399
0.87045901
0.87045901
0.87045901
0.87045901
0.87045901
0.87045901
0.87045901
0.87045901
0.87045901
0.87045901
0.87045901
0.89152012
0.89152012
0.89152012
0.89152012
0.89152012
0.89152012
0.89152012
0.89152012
0.89152012
0.89152012
0.89152012
0.89152012
0.89152012
0.94112412
0.94112412
0.94112412
0.94112412
0.94112412
0.94112412
0.9325607
0.9325607
0.9325607
0.9325607
0.9325607
0.9325607
0.9325607
0.9325607
0.9325607
0.9325607
0.9325607
0.9325607
0.9325607
0.9325607
0.9325607
0.9325607
0.9325607
0.93431779
0.94351767
0.94351767
0.94351767
0.94351767
0.94351767
0.94351767
0.95311512
0.95311512
0.95311512
0.95311512
0.95311512
0.95311512
0.94626478
0.94626478
0.94626478
0.94626478
0.94626478
0.95565065
0.95565065
0.95565065
0.95565065
0.95565065
0.95565065
1.0
1.0
1.0
0.98736998
0.98736998
0.98736998
0.98479737
0.98479737
0.98479737
0.98479737
0.98479737
0.98479737
0.98479737
0.98085362
0.98085362
0.98085362
0.98085362
0.98085362
0.95920793
0.95920793
0.94490004
0.92870414
0.92870414
0.81251776
0.37249131
0.37249131
0.16767243
0.06216324
0.02195375
0.02195375
0.02195375
0.035541199999999995
0.035541199999999995
0.035541199999999995
0.035541199999999995
0.04156843
0.04156843
0.04156843
0.04156843
0.07566482
0.07566482
0.07566482
0.07566482
0.07566482
0.11913723
0.11913723
0.11913723
0.07182436
0.07182436
0.07182436
0.01249054
0.01249054
0.01249054
0.06162537
0.06921016
0.06921016
0.06921016
0.04646011
0.04646011
0.04646011
0.04646011
0.04646011
0.04646011
0.04651615
0.04651615
0.04651615
0.06614509
0.10221295
0.10221295
0.10221295
0.05135104
0.05135104
0.05135104
0.05135104
0.05135104
0.05135104
0.05135104
0.05135104
0.05135104
0.05135104
0.06954379
0.06954379
0.06954379
0.05813308
0.05813308
0.05813308
0.02754345
0.02754345
0.02754345
0.03559879
0.03559879
0.03559879
0.03559879
0.08400292
0.08400292
0.08400292
0.08400292
0.08400292
0.08400292
0.08400292
0.06436396
0.06436396
0.06436396
0.06436396
0.06436396
0.05725935
0.05725935
0.05725935
0.05725935
0.05725935
0.05725935
0.05725935
0.05725935
0.05725935
0.05725935
0.05725935
0.06688181
0.06688181
0.06688181
0.06688181
0.06688181
0.06688181
0.06688181
0.06688181
0.03681947
0.03681947
0.03681947
0.03681947
0.03681947
0.03681947
0.03681947
0.03681947
0.03681947
0.03681947
0.03681947
0.04887773
0.04887773
0.04887773
0.04887773
0.04632946
0.04632946
0.02630529
0.02630529
0.02630529
0.03938853
0.03938853
0.03938853
0.03938853
0.03938853
