0.0
0.06463239
0.06463239
0.11075332
0.11075332
0.11075332
0.11075332
0.11075332
0.11075332
0.0423337
0.01178085
0.01103171
0.01103171
0.01103171
0.01103171
0.01103171
0.01103171
0.01103171
0.01103171
0.01103171
0.01103171
0.01103171
0.01103171
0.00910189
0.00910189
0.00910189
0.00910189
0.00910189
0.00910189
0.00910189
0.00910189
0.00910189
0.00885291
0.00885291
0.00885291
0.00885291
0.00885291
0.00958568
0.00958568
0.00958568
0.00958568
0.00958568
0.00958568
0.00958568
0.00958568
0.00958568
0.00958568
0.00958568
0.00958568
0.00958568
0.01544962
0.01544962
0.01544962
0.01544962
0.01544962
0.03560495
0.0435909
0.05928108
0.05928108
0.05928108
0.05928108
0.05928108
0.05928108
0.05928108
0.05928108
0.05377542
0.05377542
0.05377542
0.06426674
0.06426674
0.06426674
0.06426674
0.06426674
0.08609045
0.08609045
0.08609045
0.08609045
0.08609045
0.08609045
0.08609045
0.08609045
0.08609045
0.05716209
0.05716209
0.05716209
0.05774439
0.06364245
0.10575591
0.10575591
0.10575591
0.10422711
0.10422711
0.07283105
0.05223706
0.04651328
0.04651328
0.04651328
0.04651328
0.04298174
0.04125881
0.04125881
0.0371838
0.0371838
0.0371838
0.0371838
0.0371838
0.0328032
0.0328032
0.0328032
0.0328032
0.0328032
0.0328032
0.0328032
0.02523273
0.01948225
0.01948225
0.01948225
0.02170881
0.02170881
0.02170881
0.02170881
0.026572
0.026572
0.026572
0.026572
0.02633179
0.02633179
0.02633179
0.03022987
0.03022987
0.03022987
0.02959501
0.02959501
0.02959501
0.02959501
0.02440977
0.02440977
0.02393722
0.02393722
0.02393722
0.02554757
0.03015429
0.03015429
0.03015429
0.03015429
0.05795792
0.06628314
0.08224575
0.08224575
0.08224575
0.08224575
0.09378314
0.09378314
0.09378314
0.09378314
0.07526999
0.04409635
0.04409635
0.04244236
0.03568486
0.0349037
0.01953212
0.0179415
0.0179415
0.0179415
0.0179415
0.0179415
0.0179415
0.0179415
0.0179415
0.0179415
0.0179415
0.01775991
0.01775991
0.01775991
0.01775991
0.01452221
0.01452221
0.00874071
0.00854142
0.00854142
0.00854142
0.00973905
0.01349119
0.01349119
0.01349119
0.01349119
0.01349119
0.01349119
0.01349119
0.01349119
0.01349119
0.01349119
0.01349119
0.01349119
0.01349119
0.01349119
0.01349119
0.01349119
0.01490703
0.01490703
0.01490703
0.01490703
0.01490703
0.01490703
0.01490703
0.01490703
0.01490703
0.02076153
0.02076153
0.02076153
0.02076153
0.03422666
0.03990028
0.03990028
0.03990028
0.01673286
0.01673286
0.01673286
0.01673286
0.01673286
0.01673286
0.01673286
0.01673286
0.01673286
0.01673286
0.01673286
0.0152161
0.0152161
0.0152161
0.01782587
0.01782587
0.01782587
0.01782587
0.01782587
0.01782587
0.01782587
0.01782587
0.01782587
0.01782587
0.01782587
0.01782587
0.01912479
0.01912479
0.02078885
0.02078885
0.02078885
0.02078885
0.02078885
0.01978068
0.01978068
0.01978068
0.01978068
0.01978068
0.02013387
0.02327216
0.02327216
0.02327216
0.02327216
0.02327216
0.02327216
0.02001959
0.02001959
0.02001959
0.02001959
0.01538101
0.01538101
0.01538101
0.01538101
0.01538101
0.01538101
0.01538101
0.01538101
0.01538101
0.01538101
0.01538101
0.01538101
0.01538101
0.02130765
0.02130765
0.02130765
0.01900554
0.01900554
0.01853239
0.01853239
0.01853239
0.02222086
0.02222086
0.02222086
0.02222086
0.02579281
0.02579281
0.02579281
0.02579281
0.02579281
0.02579281
0.03614606
0.03614606
0.03614606
0.03614606
0.03614606
0.03614606
0.03614606
0.03614606
0.03614606
0.03614606
0.02681232
0.02681232
0.02681232
0.02688446
0.03213008
0.03213008
0.03213008
0.03149467
0.03149467
0.03149467
0.04215391
0.04215391
0.04215391
0.04215391
0.05863061
0.05863061
0.05863061
0.05863061
0.05863061
0.05863061
0.05863061
0.05863061
0.05863061
0.05844285
0.05527715
0.05132401
0.05132401
0.05132401
0.05132401
0.05132401
0.05132401
0.04752144
0.04752144
0.03932454
0.033749
0.03102859
0.03102859
0.02476455
0.02476455
0.0208857
0.0208857
0.0208857
0.0208857
0.0208857
0.0208857
0.03177207
0.03177207
0.03177207
0.03177207
0.03177207
0.03177207
0.04091113
0.04091113
0.04091113
0.04091113
0.04091113
0.04091113
0.04091113
0.04091113
0.04091113
0.02866308
0.02476199
0.02476199
0.02476199
0.02196791
0.01510827
0.01510827
0.00986854
0.00986854
0.00986854
0.01082659
0.01082659
0.01082659
0.01082659
0.01565112
0.02071204
0.02071204
0.02071204
0.02071204
0.02071204
0.02071204
0.02071204
0.0196205
0.01817813
0.01817813
0.01812895
0.01812895
0.01812895
0.01812895
0.01812895
0.01812895
0.01812895
0.02935876
0.02935876
0.03779344
0.03779344
0.03779344
0.03340084
0.03340084
0.03340084
0.03340084
0.03340084
0.03340084
0.03340084
0.03340084
0.05505274
0.05505274
0.05505274
0.05505274
0.05505274
0.04325561
0.04325561
0.04297459
0.04297459
0.02970616
0.02311991
0.02311991
0.02311991
0.02311991
0.02483486
0.02483486
0.02483486
0.02483486
0.02483486
0.02483486
0.02483486
0.02483486
0.02483486
0.02362449
0.02362449
0.02043532
0.02043532
0.02043532
0.02043532
0.01507402
0.01507402
0.01507402
0.01647711
0.01647711
0.01647711
0.01647711
0.01909004
0.02834771
0.03093279
0.03093279
0.03093279
0.03093279
0.03655038
0.04254795
0.04254795
0.04254795
0.04254795
0.04254795
0.04254795
0.04254795
0.04254795
0.04254795
0.04254795
0.04254795
0.0715708
0.07212805
0.0832477
0.0832477
0.0832477
0.0832477
0.0832477
0.07290173
0.05399914
0.04245114
0.03004234
0.03004234
0.03004234
0.03930834
0.03930834
0.03930834
0.03906144
0.03906144
0.03906144
0.05048095
0.06927608
0.06927608
0.06927608
0.04850651
0.04850651
0.04384055
0.03022926
0.02541515
0.02541515
0.02541515
0.02541515
0.02199837
0.02199837
0.02199837
0.02199837
0.02199837
0.02199837
0.02199837
0.02154701
0.02048342
0.02048342
0.02048342
0.0269216
0.02723826
0.05197635
0.05197635
0.05197635
0.02678495
0.02678495
0.02678495
0.0345207
0.0345207
0.0345207
0.0345207
0.05429875
0.05429875
0.05429875
0.05429875
0.05429875
0.05429875
0.06942193
0.07382201
0.08161783
0.08161783
0.08161783
0.07362972
0.07362972
0.03140632
0.03140632
0.03140632
0.03140632
0.03140632
0.03140632
0.02377578
0.02377578
0.02377578
0.02377578
0.02377578
0.02377578
0.02377578
0.02377578
0.02377578
0.02377578
0.02377578
0.02377578
0.02377578
0.02377578
0.02377578
0.02377578
0.02377578
0.02454944
0.02454944
0.02454944
0.02348128
0.02348128
0.02348128
0.02433744
0.02433744
0.03169032
0.03169032
0.03169032
0.02802176
0.02802176
0.02802176
0.03024393
0.03024393
0.03024393
0.02849685
0.02849685
0.02849685
0.02849685
0.02849685
0.0267933
0.0267933
0.0267933
0.0267933
0.0267933
0.0267933
0.0267933
0.0267933
0.0267933
0.03235017
0.03235017
0.03235017
0.02707126
0.01974358
0.01974358
0.01974358
0.01974358
0.01946711
0.01946711
0.01946711
0.02542592
0.02542592
0.02542592
0.02542592
0.02542592
0.02542592
0.02542592
0.04340088
0.06789013
0.077563
0.077563
0.077563
0.077563
0.12287185
0.12287185
0.15364028
0.15364028
0.15364028
0.13888569
0.13888569
0.11264058
0.04284338
0.01741644
0.01741644
0.01626962
0.01626962
0.01626962
0.02110248
0.02110248
0.02110248
0.02110248
0.02110248
0.02526926
0.0744307
0.0744307
0.0744307
0.0744307
0.0744307
0.06724957
0.06329683
0.06252423
0.06252423
0.06252423
0.06252423
0.06252423
0.04486535
0.04246078
0.03413317
0.03413317
0.03413317
0.02969165
0.02969165
0.02095973
0.02095973
0.02006398
0.02006398
0.02006398
0.02006398
0.02006398
0.02006398
0.02006398
0.02006398
0.02056684
0.02204726
0.02204726
0.02204726
0.02204726
0.02204726
0.02204726
0.02204726
0.02204726
0.01357898
0.01357898
0.01357898
0.01592897
0.01694633
0.01694633
0.01694633
0.01694633
0.01921282
0.01921282
0.01921282
0.01921282
0.01921282
0.01921282
0.01921282
0.01921282
0.01921282
0.01921282
0.01921282
0.01921282
0.02348595
0.02348595
0.02348595
0.02348595
0.02019723
0.02019723
0.02019723
0.02019723
0.02019723
0.02019723
0.02019723
0.02019723
0.02019723
0.02841774
0.02841774
0.02841774
0.02201408
0.02020893
0.02020893
0.02020893
0.02020893
0.02020893
0.02020893
0.02020893
0.02020893
0.02020893
0.02020893
0.02020893
0.02020893
0.02020893
0.02275243
0.02284897
0.02284897
0.02284897
0.02062832
0.02062832
0.02062832
0.02265755
0.02350519
0.02350519
0.02350519
0.02350519
0.02350519
0.02350519
0.03689507
0.03689507
0.03689507
0.02849335
0.02849335
0.02849335
0.02849335
0.02849335
0.02849335
0.02062471
0.02062471
0.02062471
0.02062471
0.02062471
0.02062471
0.01847649
0.01847649
0.01847649
0.01927146
0.01927146
0.01927146
0.01927146
0.02053633
0.02053633
0.02053633
0.02053633
0.02053633
0.02053633
0.02325262
0.02325262
0.02325262
0.02325262
0.02325262
0.02325262
0.02325262
0.03071661
0.03071661
0.03071661
0.029791
0.02726549
0.02726549
0.02697732
0.02697732
0.02697732
0.02697732
0.02697732
0.02697732
0.02697732
0.0305096
0.0305096
0.0305096
0.0305096
0.0305096
0.0305096
0.0305096
0.0305096
0.0305096
0.0305096
0.0305096
0.0305096
0.0305096
0.0305096
0.0305096
0.0305096
0.03475672
0.03541297
0.03541297
0.03541297
0.03541297
0.03541297
0.03541297
0.03541297
0.03541297
0.03541297
0.03541297
0.0323096
0.0323096
0.0323096
0.0323096
0.0323096
0.0323096
0.0323096
0.0323096
0.0323096
0.0323096
0.0323096
0.0323096
0.0323096
0.0323096
0.0323096
0.01297173
0.01297173
0.01297173
0.01038874
0.00865893
0.00865893
0.00865893
0.00913025
0.00913025
0.00913025
0.00913025
0.00913025
0.00913025
0.00913025
0.00913025
0.00913025
0.00913025
0.03240571
0.03286993
0.03493432
0.03493432
0.03493432
0.03493432
0.03493432
0.03493432
0.02351806
0.0135726
0.0135726
0.0135726
0.01372692
0.01714327
0.01714327
0.01714327
0.01586911
0.01586911
0.01586911
0.01586911
0.01586911
0.01586585
0.01586585
0.01586585
0.01586585
0.01586585
0.03036281
0.03036281
0.03036281
0.03036281
0.03036281
0.03036281
0.03036281
0.03036281
0.02544742
0.02544742
0.02544742
0.02544742
0.02544742
0.02544742
0.02544742
0.02544742
0.03408586
0.03408586
0.03408586
0.0214704
0.0214704
0.0214704
0.02350153
0.02350153
0.02350153
0.02350153
0.02350153
0.02350153
0.02654393
0.03019758
0.03019758
0.03019758
0.03019758
0.03019758
0.03739785
0.03739785
0.03739785
0.03739785
0.03739785
0.03739785
0.04076711
0.04190411
0.05059501
0.05059501
0.05059501
0.05059501
0.05203875
0.05203875
0.05203875
0.0437581
0.0437581
0.0437581
0.04845307
0.04845307
0.05061287
0.05061287
0.05061287
0.05061287
0.05399653
0.05399653
0.05399653
0.05399653
0.05399653
0.04796641
0.04796641
0.04796641
0.05625004
0.05625004
0.05625004
0.05625004
0.05625004
0.05625004
0.04543816
0.04360938
0.03180166
0.02969888
0.02969888
0.02969888
0.02969888
0.02969888
0.02969888
0.02969888
0.03476261
0.03476261
0.03476261
0.03476261
0.03476261
0.03476261
0.03476261
0.03476261
0.03476261
0.03476261
0.03277032
0.03277032
0.03277032
0.03257633
0.03257633
0.03015523
0.02435052
0.0183584
0.0183584
0.0183584
0.0183584
0.0183584
0.0183584
0.0183584
0.01929957
0.01929957
0.01929957
0.01929957
0.01929957
0.01929957
0.01929957
0.01929957
0.01929957
0.01929957
0.01929957
0.01929957
0.01929957
0.01929957
0.02607884
0.02607884
0.02607884
0.02607884
0.02607884
0.02607884
0.02090146
0.01949367
0.01949367
0.01801179
0.01801179
0.01801179
0.01801179
0.01801179
0.01801179
0.01801179
0.01801179
0.01801179
0.01801179
0.01730845
0.01730845
0.01730845
0.01711356
0.01711356
0.01711356
0.01904116
0.01904116
0.01904116
0.01904116
0.01904116
0.01904116
0.01904116
0.01904116
0.01904116
0.01904116
0.01904116
0.01904116
0.02257593
0.02257593
0.02257593
0.02257593
0.02257593
0.02257593
0.02257593
0.02257593
0.02257593
0.02257593
0.02257593
0.02257593
0.02257593
0.02257593
0.02257593
0.02257593
0.03565138
0.04083222
0.04083222
0.04083222
0.03074114
0.03074114
0.03074114
0.03074114
0.03074114
0.03074114
0.03074114
0.03074114
0.04239168
0.04239168
0.04239168
0.04239168
0.03618761
0.03594534
0.03594534
0.03594534
0.04030666
0.04030666
0.04030666
0.04030666
0.0432076
0.0432076
0.0432076
0.0432076
0.0432076
0.04255837
0.04255837
0.03637604
0.03637604
0.03257233
0.03257233
0.03257233
0.03257233
0.03155439
0.03155439
0.03110058
0.03110058
0.03110058
0.03415394
0.03415394
0.03526981
0.03526981
0.03526981
0.03526981
0.03526981
0.03526981
0.03526981
0.03526981
0.03408744
0.03408744
0.03408744
0.03408744
0.03408744
0.03408744
0.03408744
0.03408744
0.03591618
0.03591618
0.03591618
0.03547543
0.03503251
0.03503251
0.03503251
0.02990908
0.02990908
0.02246206
0.0124421
0.0124421
0.0124421
0.01363641
0.01363641
0.01363641
0.01363641
0.01363641
0.01536015
0.01765894
0.01765894
0.01765894
0.01765894
0.01765894
0.01912933
0.02354364
0.02354364
0.02354364
0.02354364
0.02309454
0.02309454
0.02309454
0.02401438
0.02401438
0.02401438
0.02401438
0.02401438
0.02401438
0.02401438
0.02401438
0.01867582
0.01867582
0.01867582
0.02100607
0.02100607
0.02100607
0.01942132
0.01942132
0.01942132
0.01327048
0.01327048
0.01327048
0.01327048
0.01327048
0.01465299
0.01465299
0.01892327
0.01892327
0.01892327
0.01892327
0.02645878
0.03387222
0.03387222
0.03387222
0.03327983
0.03080637
0.03080637
0.03080637
0.03080637
0.03080637
0.02552505
0.02552505
0.02552505
0.02074145
0.02074145
0.02074145
0.02074145
0.02074145
0.03368735
0.03368735
0.03368735
0.02942111
0.02942111
0.02942111
0.03011274
0.03011274
0.03011274
0.03011274
0.03011274
0.03011274
0.0338841
0.04009864
0.04009864
0.04009864
0.04009864
0.04009864
0.04009864
0.04009864
0.04009864
0.04412624
0.04412624
0.04412624
0.04412624
0.04412624
0.04412624
0.0435505
0.0435505
0.04335084
0.04335084
0.04335084
0.04335084
0.04335084
0.04335084
0.04335084
0.04335084
0.05056053
0.05056053
0.05056053
0.05056053
0.05056053
0.05056053
0.05186184
0.05310575
0.05310575
0.05310575
0.05310575
0.05310575
0.05563593
0.05563593
0.05563593
0.05563593
0.05563593
0.05563593
0.05563593
0.05958021
0.06129569
0.06129569
0.06129569
0.06129569
0.06129569
0.06129569
0.06805485
0.06805485
0.06805485
0.06805485
0.06805485
0.06156427
0.05451924
0.04221662
0.04221662
0.04221662
0.04854242
0.04854242
0.0549339
0.0549339
0.0549339
0.03180252
0.03180252
0.02678793
0.02678793
0.02678793
0.02678793
0.02678793
0.03905388
0.03905388
0.07650139
0.07650139
0.07650139
0.07650139
0.07650139
0.0798022
0.08335451
0.08335451
0.08335451
0.08335451
0.10764601
0.10764601
0.13319287
0.13319287
0.13319287
0.13319287
0.14640364
0.14831471
0.14831471
0.14831471
0.14831471
0.06541405
0.06541405
0.06541405
0.07920107
0.07920107
0.07920107
0.07920107
0.13717893
0.13717893
0.15634443
0.15634443
0.15634443
0.15634443
0.16434505
0.16434505
0.1721064
0.1721064
0.1721064
0.17164294
0.17164294
0.17164294
0.16676543
0.16676543
0.15067812
0.15067812
0.15067812
0.13608734
0.13608734
0.13608734
0.11725248
0.11725248
0.11725248
0.11725248
0.11725248
0.11725248
0.11725248
0.11725248
0.11725248
0.11523759
0.11523759
0.11523759
0.11523759
0.11523759
0.133985
0.1549089
0.1549089
0.1549089
0.1549089
0.1549089
0.24102222
0.24170314
0.24170314
0.24170314
0.24170314
0.18523394
0.18523394
0.18523394
0.19987649
0.19987649
0.19987649
0.19987649
0.2532045
0.2532045
0.2532045
0.20944574
0.20944574
0.20944574
0.26025443
0.26025443
0.26691677
0.26691677
0.26691677
0.26691677
0.2786267
0.2786267
0.2786267
0.2786267
0.2786267
0.2786267
0.31244331
0.33671133
0.34888112
0.34888112
0.34888112
0.34888112
0.37304835
0.37304835
0.37304835
0.37304835
0.20839226
0.20839226
0.20839226
0.25463818
0.25463818
0.25463818
0.24670557
0.24670557
0.24670557
0.29208908
0.29208908
0.29208908
0.29208908
0.29208908
0.34631429
0.37199139
0.38024184
0.38024184
0.38024184
0.38024184
0.4204628
0.4204628
0.4204628
0.4204628
0.4204628
0.3469391
0.3469391
0.3469391
0.3469391
0.3469391
0.3469391
0.3469391
0.3469391
0.36239284
0.36239284
0.36239284
0.36239284
0.36239284
0.36239284
0.3700136
0.3700136
0.41712771
0.41712771
0.41712771
0.37223602
0.37223602
0.21098686
0.21098686
0.19187006
0.19187006
0.19187006
0.24464615
0.26429647
0.26429647
0.26429647
0.26429647
0.26429647
0.42164117
0.42164117
0.42164117
0.4193329
0.4193329
0.4193329
0.4193329
0.44826579
0.44826579
0.44826579
0.2521468
0.2521468
0.2521468
0.3370364
0.3370364
0.3370364
0.28680238
0.25834609
0.25834609
0.25834609
0.25834609
0.25834609
0.25834609
0.25834609
0.25834609
0.25834609
0.25834609
0.25834609
0.25834609
0.25834609
0.31236973
0.31236973
0.31236973
0.31236973
0.31236973
0.31236973
0.3909454
0.46100428
0.46100428
0.46100428
0.33270407
0.33270407
0.33270407
0.30988672
0.30988672
0.30988672
0.30988672
0.30988672
0.30988672
0.36503868
0.43690497
0.43690497
0.43690497
0.41439324
0.41439324
0.41439324
0.46837564
0.46837564
0.46837564
0.45699701
0.45699701
0.37799139
0.36327362
0.36327362
0.29524034
0.29524034
0.29524034
0.41949757
0.41949757
0.41949757
0.3659835
0.3659835
0.3659835
0.3659835
0.3659835
0.3659835
0.3659835
0.3659835
0.39453175
0.39453175
0.39453175
0.22734554
0.22734554
0.20833733
0.20833733
0.20833733
0.1700246
0.1700246
0.1700246
0.16545708
0.16545708
0.16545708
0.16545708
0.16545708
0.16545708
0.08652532
0.08652532
0.08652532
0.10394703
0.10394703
0.10394703
0.10394703
0.13458483
0.23203105
0.23203105
0.23203105
0.19723809
0.19723809
0.19723809
0.19723809
0.19723809
0.19723809
0.1061082
0.0712379
0.0712379
0.0712379
0.0712379
0.0712379
0.0712379
0.0712379
0.0712379
0.0712379
0.0712379
0.0712379
0.0712379
0.0712379
0.0712379
0.0712379
0.0712379
0.0712379
0.0712379
0.0712379
0.0712379
0.0712379
0.0712379
0.0712379
0.0712379
0.0712379
0.32728159
0.33856976
0.33856976
0.33856976
0.18265771
0.18265771
0.18265771
0.17343465
0.17343465
0.17343465
0.16883467
0.12020171
0.12020171
0.08665858
0.08665858
0.08276003
0.08276003
0.08276003
0.08276003
0.0880157
0.0880157
0.0880157
0.0880157
0.0880157
0.0880157
0.0880157
0.0880157
0.0880157
0.0835381
0.0835381
0.0835381
0.0835381
0.0835381
0.08264667
0.08264667
0.08264667
0.07544869
0.07544869
0.07544869
0.07544869
0.07544869
0.07544869
0.07544869
0.09917079
0.09917079
0.09917079
0.09917079
0.09917079
0.09917079
0.09917079
0.09917079
0.09917079
0.09917079
0.09917079
0.09917079
0.25686134
0.25686134
0.25686134
0.10618372
0.10618372
0.10618372
0.10618372
0.10618372
0.09964431
0.09094874
0.09094874
0.0875275
0.0875275
0.0875275
0.09222463
0.09222463
0.09222463
0.09222463
0.11017302
0.11017302
0.11017302
0.10717542
0.09918262
0.09041442
0.09041442
0.09041442
0.09041442
0.09041442
0.09041442
0.09041442
0.12527403
0.14098736
0.14098736
0.14098736
0.11493943
0.11493943
0.11493943
0.11493943
0.11493943
0.11493943
0.0824387
0.0824387
0.0824387
0.073433
0.073433
0.073433
0.073433
0.073433
0.073433
0.0705579
0.06789475
0.06789475
0.05449386
0.05449386
0.05449386
0.05449386
0.05449386
0.05449386
0.05449386
0.05449386
0.05449386
0.04713292
0.04623238
0.04623238
0.04623238
0.04623238
0.04623238
0.04623238
0.04623238
0.04623238
0.0405847
0.04024252
0.04024252
0.04024252
0.04026004
0.04026004
0.04026004
0.04026004
0.05152429
0.05152429
0.05152429
0.04581334
0.04581334
0.04581334
0.04599485
0.04673815
0.04673815
0.04673815
0.04673815
0.04673815
0.04673815
0.04673815
0.04043439
0.04043439
0.03505744
0.03505744
0.03505744
0.04142467
0.04142467
0.04142467
0.04142467
0.04142467
0.04142467
0.03420982
0.03420982
0.03420982
0.03420982
0.03420982
0.03420982
0.03420982
0.03151131
0.02740867
0.02740867
0.02740867
0.03123938
0.03123938
0.03123938
0.03123938
0.03123938
0.03123938
0.04190847
0.04190847
0.04190847
0.04190847
0.03608738
0.02596657
0.02596657
0.02596657
0.02842631
0.02842631
0.02842631
0.02842631
0.02842631
0.02842631
0.02842631
0.02842631
0.02842631
0.02842631
0.06493339
0.06493339
0.06493339
0.06493339
0.05597227
0.05597227
0.05597227
0.05597227
0.05597227
0.05597227
0.05597227
0.05252947
0.05252947
0.04437958
0.04437958
0.04437958
0.04437958
0.04437958
0.04437958
0.04437958
0.04437958
0.04437958
0.04437958
0.04437958
0.04437958
0.04437958
0.05875145
0.05875145
0.05875145
0.05875145
0.05875145
0.05875145
0.05875145
0.05875145
0.05875145
0.05875145
0.05875145
0.05875145
0.06515883
0.06515883
0.06515883
0.06515883
0.06515883
0.07200452
0.07200452
0.07200452
0.07200452
0.07200452
0.07200452
0.07200452
0.07200452
0.07200452
0.07200452
0.07200452
0.07200452
0.07200452
0.07200452
0.08337122
0.08337122
0.08337122
0.07177403
0.07177403
0.07177403
0.07177403
0.07177403
0.07059571
0.07059571
0.07059571
0.06825994
0.06786769
0.06786769
0.06755042
0.06646746
0.06646746
0.06646746
0.0708334
0.0708334
0.0708334
0.0708334
0.07634492
0.07634492
0.07634492
0.07634492
0.07634492
0.07634492
0.07634492
0.07634492
0.07634492
0.07634492
0.07634492
0.07634492
0.07634492
0.07634492
0.07634492
0.07634492
0.07634492
0.07634492
0.09146057
0.09286562
0.09286562
0.09286562
0.09286562
0.09286562
0.09286562
0.09286562
0.09286562
0.09286562
0.09286562
0.08866335
0.08866335
0.08866335
0.08866335
0.08866335
0.08866335
0.08866335
0.08866335
0.09702485
0.09702485
0.09702485
0.09702485
0.09702485
0.10672913
0.11883128
0.11883128
0.11883128
0.11883128
0.11883128
0.13043703
0.13043703
0.13043703
0.13043703
0.13043703
0.13043703
0.13043703
0.13043703
0.12210625
0.0770764
0.0770764
0.07499839
0.07499839
0.07499839
0.0580232
0.0580232
0.05787243
0.05606797
0.05606797
0.05606797
0.04841477
0.04841477
0.04841477
0.04819456
0.04819456
0.04819456
0.04819456
0.04819456
0.04819456
0.04819456
0.05163972
0.05163972
0.05467198
0.05467198
0.05467198
0.05467198
0.05467198
0.05421663
0.05421663
0.05421663
0.05421663
0.05421663
0.07480023
0.07480023
0.07480023
0.06034342
0.05641964
0.0481825
0.0481825
0.0481825
0.0481825
0.0481825
0.0481825
0.0481825
0.0481825
0.0481825
0.04635604
0.04264716
0.03827668
0.03387368
0.03387368
0.03124381
0.03124381
0.03124381
0.03124381
0.03124381
0.03216662
0.03216662
0.05690829
0.05690829
0.05690829
0.04835813
0.04835813
0.04492989
0.04492989
0.04492989
0.03826015
0.03826015
0.03826015
0.03826015
0.03826015
0.03826015
0.03826015
0.03826015
0.03826015
0.03826015
0.03826015
0.03826015
0.03826015
0.03826015
0.03826015
0.03826015
0.03826015
0.03826015
0.03826015
0.03826015
0.03826015
0.03826015
0.03826015
0.03826015
0.03826015
0.03826015
0.04125366
0.05629933
0.06833513
0.06833513
0.06833513
0.06833513
0.06833513
0.06833513
0.06833513
0.06833513
0.06833513
0.06833513
0.06833513
0.12755572
0.12755572
0.12755572
0.12373335
0.11441139
0.11288031
0.11288031
0.1057051
0.1057051
0.1057051
0.1057051
0.09275126
0.09275126
0.09275126
0.09275126
0.09275126
0.09227528
0.09227528
0.09227528
0.08384986
0.08384986
0.07385647
0.07385647
0.07385647
0.07385647
0.07385647
0.06596976
0.06596976
0.06596976
0.06596976
0.07646328
0.07646328
0.07646328
0.07646328
0.06009136
0.06009136
0.06009136
0.06677726
0.06677726
0.06677726
0.06677726
0.06677726
0.0684851
0.07343697
0.09376181
0.09376181
0.09376181
0.09376181
0.21921554
0.21921554
0.21921554
0.07895116
0.07895116
0.07895116
0.07895116
0.07787428
0.07484392
0.07484392
0.07484392
0.07484392
0.07484392
0.07484392
0.07484392
0.07484392
0.07484392
0.07484392
0.12381254
0.16241648
0.16241648
0.16241648
0.16241648
0.16241648
0.16721058
0.16721058
0.21418879
0.21418879
0.21418879
0.21418879
0.21418879
0.33929633
0.33929633
0.33929633
0.33929633
0.33929633
0.34300555
0.37602169
0.37602169
0.37602169
0.3536041
0.3536041
0.3536041
0.29307683
0.29307683
0.29307683
0.29307683
0.28173212
0.28173212
0.28148121
0.26381883
0.26381883
0.26381883
0.09906667
0.09906667
0.09906667
0.0927288
0.0927288
0.07934565
0.07410678
0.07410678
0.07410678
0.07410678
0.07410678
0.07410678
0.07410678
0.08380813
0.09199909
0.09199909
0.09199909
0.09199909
0.09199909
0.09229544
0.09229544
0.11072462
0.11072462
0.11072462
0.11072462
0.11184532
0.11184532
0.11184532
0.11184532
0.11184532
0.11184532
0.11184532
0.11184532
0.0944274
0.0944274
0.0944274
0.09339379
0.09339379
0.09339379
0.09339379
0.09339379
0.09339379
0.09339379
0.09339379
0.07845216
0.07845216
0.07845216
0.07845216
0.07845216
0.07845216
0.07845216
0.06834054
0.06834054
0.06688506
0.06688506
0.06688506
0.07138739
0.07138739
0.07138739
0.07138739
0.07138739
0.07138739
0.05777801
0.05777801
0.05777801
0.05777801
0.05777801
0.06312881
0.06312881
0.06312881
0.06312881
0.06312881
0.05884452
0.05884452
0.05884452
0.05262604
0.05106339
0.05020621
0.05020621
0.05020621
0.05677085
0.05677085
0.05677085
0.05677085
0.05677085
0.0725828
0.0725828
0.0725828
0.0725828
0.06069044
0.06069044
0.06069044
0.05380757
0.05380757
0.05380757
0.05380757
0.05380757
0.04008895
0.04008895
0.03558351
0.03558351
0.03558351
0.03558351
0.01324517
0.01324517
0.01324517
0.01603327
0.01603327
0.01603327
0.01603327
0.02158857
0.02158857
0.02158857
0.01065063
0.00948548
0.00948548
0.00948548
0.01530204
0.01530204
0.01530204
0.01530204
0.01530204
0.01530204
0.01530204
0.01530204
0.01530204
0.01530204
0.01371514
0.01371514
0.01371514
0.03550833
0.03550833
0.03550833
0.03550833
0.03550833
0.01313685
0.01313685
0.01313685
0.01313685
0.01313685
0.01313685
0.01313685
0.02305768
0.02305768
0.02305768
0.02305768
0.02305768
0.02503197
0.04775647
0.04775647
0.04775647
0.04775647
0.04775647
0.04775647
0.04775647
0.04775647
0.04775647
0.04775647
0.06038045
0.06038045
0.06038045
0.04624396
0.04624396
0.04624396
0.04624396
0.04624396
0.04624396
0.01215165
0.01097615
0.01094029
0.01094029
0.00932299
0.00914963
0.00914963
0.00914963
0.00914963
0.01237284
0.01237284
0.01237284
0.0109331
0.0109331
0.00891918
0.00891918
0.00728933
0.00606936
0.00606936
0.00606936
0.00606936
0.00734758
0.00734758
0.007467
0.007467
0.007467
0.007467
0.00968473
0.01245717
0.01245717
0.01245717
0.01245717
0.01245717
0.01245717
0.01245717
0.01209825
0.01197054
0.01197054
0.01197054
0.0143072
0.0143072
0.0143072
0.00770779
0.00770779
0.00770779
0.00770779
0.01077431
0.01077431
0.01077431
0.00802582
0.0079242
0.0079242
0.0079242
0.00949817
0.00949817
0.00949817
0.00949817
0.00949817
0.00949817
0.00949817
0.00949817
0.00949817
0.00949817
0.00949817
0.00949817
0.01081764
0.01081764
0.01081764
0.01081764
0.01081764
0.01081764
0.01081764
0.01081764
0.01081764
0.01081764
0.01193175
0.01193175
0.01193175
0.01193175
0.00721776
0.00721776
0.00721776
0.01285386
0.01285386
0.01285386
0.01285386
0.01285386
0.01285386
0.01285386
0.01372722
0.01372722
0.01372722
0.01372722
0.01372722
0.01372722
0.01372722
0.01372722
0.01372722
0.01372722
0.01372722
0.0135716
0.0135716
0.00929442
0.00929442
0.00929442
0.01043823
0.01043823
0.01043823
0.01043823
0.01043823
0.00814149
0.00814149
0.0079488
0.0079488
0.0079488
0.0079488
0.0079488
0.01254029
0.01254029
0.01254029
0.01254029
0.01122752
0.01122752
0.01122752
0.01113784
0.00976072
0.00831974
0.00831974
0.00821831
0.00821831
0.00821831
0.00773855
0.00773855
0.00773855
0.00773855
0.00773855
0.00841829
0.00841829
0.00841829
0.00841829
0.00663609
0.00663609
0.00663609
0.01133255
0.01133255
0.01133255
0.00953772
0.00953772
0.00953772
0.01075921
0.01075921
0.01075921
0.01075921
0.01075921
0.01811841
0.01811841
0.01811841
0.01811841
0.01811841
0.01669556
0.01669556
0.01669556
0.01669556
0.01493537
0.01493537
0.01493537
0.01877035
0.01877035
0.01877035
0.01877035
0.01877035
0.01877035
0.04596318
0.04596318
0.04596318
0.03544405
0.03544405
0.03389687
0.03389687
0.03389687
0.03389687
0.03389687
0.02244081
0.02244081
0.02244081
0.02533387
0.03502803
0.03502803
0.03502803
0.03502803
0.03502803
0.03502803
0.01770751
0.01770751
0.01770751
0.01770751
0.02506689
0.1170777
0.14966403
0.14966403
0.14966403
0.14966403
0.14966403
0.24839329
0.26630978
0.26630978
0.26630978
0.26630978
0.50277431
0.50277431
0.50277431
0.3730172
0.20655959
0.14883367
0.14883367
0.14883367
0.14883367
0.14883367
0.14883367
0.14883367
0.17658299
0.17658299
0.17658299
0.17658299
0.17658299
0.17658299
0.26556161
0.29324734
0.29324734
0.29324734
0.25413
0.25413
0.25413
0.44529363
1.0
1.0
1.0
1.0
1.0
0.76944343
0.20882274
0.15135796
0.07907283
0.07455951
0.07455951
0.07455951
0.07455951
0.07455951
0.07455951
0.07455951
0.07455951
0.07455951
0.11934703
0.11934703
0.11934703
0.09528493
0.09528493
0.09528493
0.09528493
0.09528493
0.09528493
0.09528493
0.09528493
0.06893722
0.06893722
0.06893722
0.06893722
0.06893722
0.06893722
0.06893722
0.06893722
0.06893722
0.05423034
0.05423034
0.05423034
0.04647784
0.02924271
0.02924271
0.02742605
0.02441089
0.02441089
0.02333821
0.02333821
0.02333821
0.02333821
0.02247387
0.02247387
0.02247387
0.02247387
0.02247387
0.02247387
0.02247387
0.05336573
0.05336573
0.06259054
0.06259054
0.06259054
0.06259054
0.06259054
0.06259054
0.06259054
0.06259054
0.06259054
0.06259054
0.08829853
0.09351697
0.09351697
0.09351697
0.05243186
0.03424867
0.03424867
0.03227243
0.03227243
0.03227243
0.03227243
0.03227243
0.03227243
0.02591168
0.02398573
0.02027057
0.01433278
0.01433278
0.01433278
0.01442071
0.01839231
0.01839231
0.01839231
0.01839231
0.04274798
0.04274798
0.04673367
0.06483545
0.06483545
0.06483545
0.06483545
0.19970237
0.19970237
0.19970237
0.1329629
0.1329629
0.1329629
0.1329629
0.1329629
0.09917193
0.07790005
0.04780761
0.03643065
0.03643065
0.03643065
0.03643065
0.03643065
0.03643065
0.03643065
0.06447374
0.06896689
0.10449037
0.10449037
0.10449037
0.10449037
0.35931752
0.35931752
0.35931752
0.35931752
0.23441339
0.23441339
0.23441339
0.07676919
0.05952725
0.05952725
0.05952725
0.05952725
0.07814127
0.07814127
0.07814127
0.07814127
0.07814127
0.07814127
0.09327486
0.09327486
0.09327486
0.06005724
0.06005724
0.04714592
0.04714592
0.04714592
0.10151438
0.10151438
0.10151438
0.10151438
0.10151438
0.10151438
0.10151438
0.10151438
0.10151438
0.10151438
0.23677141
0.2928095
0.35971466
0.35971466
0.35971466
0.311546
0.311546
0.13227799
0.13227799
0.12133921
0.12133921
0.12133921
0.12133921
0.12133921
0.12133921
0.12133921
0.12133921
0.12133921
0.12133921
0.12133921
0.12133921
0.12133921
0.12133921
0.03478673
0.03478673
0.03478673
0.10357939
0.10357939
0.10357939
0.10357939
0.10357939
0.10357939
0.03931707
0.03441371
0.03441371
0.03441371
0.03441371
0.03441371
0.01663863
0.01400418
0.01400418
0.01400418
0.01400418
0.01400418
0.01400418
0.01400418
0.01400418
0.01400418
0.01416332
0.01416332
0.01416332
0.01416332
0.01416332
0.01416332
0.01556446
0.01556446
0.01556446
0.01556446
0.01556446
0.01556446
0.01556446
0.01556446
0.01556446
0.01556446
0.01556446
0.01556446
0.02003561
0.02003561
0.02003561
0.02003561
0.02003561
0.0138422
0.0138422
0.0138422
0.01680655
0.01680655
0.01680655
0.01640115
0.01640115
0.01640115
0.01595166
0.01595166
0.01475117
0.01475117
0.01475117
0.01475117
0.01475117
0.01475117
0.01475117
0.01475117
0.01475117
0.01889356
0.01889356
0.01889356
0.01889356
0.01889356
0.01889356
0.01889356
0.01889356
0.01889356
0.01889356
0.01889356
0.01889356
0.01889356
0.01889356
0.01889356
0.01889356
0.01889356
0.01889356
0.02673063
0.02673063
0.02673063
0.02673063
0.02673063
0.02673063
0.02445747
0.02445747
0.02445747
0.02445747
0.02408123
0.02408123
0.02408123
0.02408123
0.02408123
0.02408123
0.02408123
0.02408123
0.02408123
0.02408123
0.02408123
0.02408123
0.02408123
0.02634347
0.02634347
0.02634347
0.02479775
0.01774588
0.01774588
0.01774588
0.01774588
0.01774588
0.01774588
0.01774588
0.01774588
0.01774588
0.02039795
0.02039795
0.02817804
0.02817804
0.02817804
0.02817804
0.02817804
0.02817804
0.02817804
0.02817804
0.02817804
0.02817804
0.03025863
0.03273932
0.03504936
0.03504936
0.03504936
0.03504936
0.03504936
0.03504936
0.03327958
0.03327958
0.03086486
0.03086486
0.03086486
0.03216747
0.03379625
0.03379625
0.03379625
0.03379625
0.03488805
0.03488805
0.03488805
0.03488805
0.03488805
0.03488805
0.03679219
0.03679219
0.03679219
0.03679219
0.0294964
0.0267287
0.0267287
0.02417175
0.02417175
0.02417175
0.02417175
0.02417175
0.0329687
0.0329687
0.0329687
0.0329687
0.0329687
0.0329687
0.03821831
0.04633861
0.04633861
0.04633861
0.04633861
0.04621045
0.04621045
0.04621045
0.04621045
0.04621045
0.04574986
0.04574986
0.04574986
0.04778497
0.05076407
0.05076407
0.05076407
0.05076407
0.05076407
0.05076407
0.05076407
0.05076407
0.05076407
0.05076407
0.0534503
0.0534503
0.0534503
0.04821763
0.04821763
0.04821763
0.04821763
0.04821763
0.04821763
0.04821763
0.04821763
0.04821763
0.04821763
0.04821763
0.04821763
0.04821763
0.04821763
0.04125014
0.04125014
0.04125014
0.03943771
0.03488682
0.03280464
0.03121826
0.03121826
0.03121826
0.03121826
0.02925388
0.02925388
0.02925388
0.03482651
0.03482651
0.03482651
0.03267907
0.03267907
0.03267907
0.03267907
0.03389653
0.03389653
0.03389653
0.03302881
0.03149293
0.03149293
0.03149293
0.03149293
0.03149293
0.03149293
0.03149293
0.03149293
0.03149293
0.03072386
0.03072386
0.02646125
0.02646125
0.02646125
0.02646125
0.02646125
0.02357429
0.02357429
0.02357429
0.02357429
0.02357429
0.02357429
0.02357429
0.02357429
0.02357429
0.02658813
0.02658813
0.02658813
0.02658813
0.02394789
0.02394576
0.02394576
0.01965921
0.01419397
0.01382641
0.01382641
0.01382641
0.01473089
0.01473089
0.01473089
0.01473089
0.01473089
0.01205998
0.01205998
0.01205998
0.01898465
0.01898465
0.01898465
0.01898465
0.01898465
0.02825877
0.02886344
0.02886344
0.02886344
0.02886344
0.03424527
0.03424527
0.03424527
0.02521954
0.02521954
0.02521954
0.02521954
0.02521954
0.02372769
0.02249791
0.02249791
0.02249791
0.02249791
0.02249791
0.0216666
0.0216666
0.0216666
0.0216666
0.0216666
0.0216666
0.0216666
0.0216666
0.0216666
0.01616639
0.01616639
0.01616639
0.01616639
0.02138509
0.02138509
0.02138509
0.02138509
0.02583705
0.02583705
0.02583705
0.02583705
0.02583705
0.02196235
0.02196235
0.02196235
0.02196235
0.02196235
0.01931417
0.01931417
0.01931417
0.01965828
0.01965828
0.01965828
0.01965828
0.01965828
0.01965828
0.01965828
0.01965828
0.01965828
0.01965828
0.01162343
0.01162343
0.01162343
0.01359801
0.01359801
0.01359801
0.01359801
0.01359801
0.01359801
0.01949848
0.01949848
0.01949848
0.01949848
0.02194197
0.02194197
0.02300115
0.02300115
0.02300115
0.02300115
0.02785609
0.02928289
0.02930151
0.02930151
0.02930151
0.01937294
0.01937294
0.01937294
0.02449276
0.02449276
0.02449276
0.02449276
0.02449276
0.02449276
0.02449276
0.02085697
0.02085697
0.02085697
0.02085697
0.03144722
0.03144722
0.03144722
0.02391756
0.02045497
0.02045497
0.02045497
0.02045497
0.02045497
0.02045497
0.02045497
0.02045497
0.02045497
0.02045497
0.02045497
0.02045497
0.01715045
0.01715045
0.01715045
0.01741201
0.01741201
0.01741201
0.01741201
0.0324273
0.05793684
0.05929525
0.05929525
0.05929525
0.05929525
0.05929525
0.05929525
0.04099452
0.03727822
0.03727822
0.03727822
0.04500638
0.04500638
0.04500638
0.04500638
0.04500638
0.04500638
0.04500638
0.04389666
0.03424275
0.03424275
0.03424275
0.03424275
0.03960632
0.04484242
0.05682732
0.05682732
0.05682732
0.05682732
0.06987257
0.06987257
0.06987257
0.04102632
0.04102632
0.04102632
0.0530158
0.0530158
0.0530158
0.04595712
0.04099552
0.03084116
0.03084116
0.03084116
0.03084116
0.03084116
0.03084116
0.02335992
0.02335992
0.02335992
0.02335992
0.0232867
0.0232867
0.0232867
0.0232867
0.0232867
0.04660451
0.04660451
0.04660451
0.04547985
0.04547985
0.04506233
0.04325741
0.02250924
0.02250924
0.02250924
0.02250924
0.02250924
0.02250924
0.01083505
0.01083505
0.01083505
0.0130194
0.0130194
0.01470704
0.01470704
0.01470704
0.01470704
0.1169441
0.1169441
0.1169441
0.01451064
0.01451064
0.01451064
0.03542594
0.03542594
0.03542594
0.03542594
0.03274854
0.03274854
0.03274854
0.03274854
0.03274854
0.03274854
0.03274854
0.03274854
0.04490903
0.04508094
0.05610947
0.08422791
0.08422791
0.08422791
0.08422791
0.10246062
0.10246062
0.1103974
0.1103974
0.1103974
0.1103974
0.15438388
0.15438388
0.15438388
0.14195882
0.10020324
0.09073876
0.09073876
0.05165625
0.04739268
0.04544637
0.04544637
0.04544637
0.12117703
0.12117703
0.13940262
0.13940262
0.13940262
0.1362189
0.1362189
0.1362189
0.09473813
0.08617741
0.08617741
0.08617741
0.08617741
0.08617741
0.07547572
0.07547572
0.06993121
0.05983941
0.05983941
0.05983941
0.05983941
0.05983941
0.05076137
0.05076137
0.05076137
0.05076137
0.04760013
0.03267872
0.03267872
0.0282158
0.0282158
0.0282158
0.04117517
0.04117517
0.04117517
0.04117517
0.09375548
0.09375548
0.09375548
0.02439563
0.02439563
0.02439563
0.02439563
0.02439563
0.02439563
0.02439563
0.02439563
0.02439563
0.02439563
0.02439563
0.02408812
0.02408812
0.02408812
0.02408812
0.02408812
0.0364288
0.0364288
0.0364288
0.0364288
0.0364288
0.03958585
0.0536657
0.0536657
0.0536657
0.04397587
0.03703122
0.03703122
0.0264511
0.02476003
0.02476003
0.02476003
0.02055059
0.02055059
0.01991361
0.01991361
0.01991361
0.01991361
0.01991361
0.01991361
0.01930826
0.01930826
0.01930826
0.01930826
0.01930826
0.01930826
0.01930826
0.01930826
0.01930826
0.01930826
0.01930826
0.01930826
0.01930826
0.01930826
0.01930826
0.01930826
0.01930826
0.01930826
0.01930826
0.01930826
0.01930826
0.01930826
0.01930826
0.01930826
0.01930826
0.01930826
0.01930826
0.01930826
0.01930826
0.01930826
0.01930826
0.01930826
0.01930826
0.01930826
0.01930826
0.01930826
0.02424382
0.02424382
0.02424382
0.02066883
0.02066883
0.02066883
0.02066883
0.02341795
0.02341795
0.02341795
0.02341795
0.02341795
0.02341795
0.02201201
0.0215734
0.0215734
0.0215734
0.0215734
0.0215734
0.0215734
0.0215734
0.0215734
0.0215734
0.0215734
0.0215734
0.0215734
0.0215734
0.01775297
0.01775297
0.01775297
0.01775297
0.01775297
0.01775297
0.01775297
0.01775297
0.01775297
0.02163786
0.02163786
0.02163786
0.02163786
0.02163786
0.02163786
0.02619916
0.0363949
0.0363949
0.0363949
0.03190515
0.03190515
0.03190515
0.03190515
0.03047792
0.03047792
0.03047792
0.03152722
0.03369764
0.03369764
0.03369764
0.02620118
0.02620118
0.02620118
0.02620118
0.02865822
0.02865822
0.02865822
0.02865822
0.02826917
0.02826917
0.02457238
0.02077969
0.02077969
0.02077969
0.02077969
0.02077969
0.02077969
0.02077969
0.02077969
0.02077969
0.02077969
0.02639993
0.02742918
0.0335706
0.0335706
0.0335706
0.02865134
0.02865134
0.02732869
0.02732869
0.02732869
0.02732869
0.02732869
0.02732869
0.02965071
0.02965071
0.02965071
0.02957761
0.02759541
0.02759541
0.02759541
0.02759541
0.02759541
0.02759541
0.02759541
0.02759541
0.02759541
0.02759541
0.02759541
0.02759541
0.02759541
0.02759541
0.02759541
0.02759541
0.02759541
0.02645977
0.02548727
0.02548727
0.02548727
0.02548727
0.02548727
0.02548727
0.02548727
0.0302659
0.0302659
0.03625885
0.03625885
0.03625885
0.03625885
0.03625885
0.03625885
0.03674017
0.03674017
0.03674017
0.03674017
0.03689501
0.03689501
0.03689501
0.03598127
0.03598127
0.03489029
0.03489029
0.03489029
0.03489029
0.03489029
0.02393177
0.02393177
0.02393177
0.02393177
0.02393177
0.02393177
0.02393177
0.02393177
0.02393177
0.02393177
0.02393177
0.02393177
0.02393177
0.02393177
0.02393177
0.02393177
0.02393177
0.02393177
0.02393177
0.02393177
0.04006225
0.04006225
0.04006225
0.04006225
0.04006225
0.04006225
0.04006225
0.04225642
0.04225642
0.04225642
0.04225642
0.04225642
0.04430465
0.04430465
0.04430465
0.03835003
0.0198603
0.01688902
0.01688902
0.01688902
0.01688902
0.0101726
0.0101726
0.0101726
0.0101726
0.0101726
0.0101726
0.0101726
0.0101726
0.0101726
0.03705082
0.03705082
0.03705082
0.03705082
0.03705082
0.03705082
0.03705082
0.03705082
0.03705082
0.03705082
0.0348806
0.0348806
0.0348806
0.03345052
0.03345052
0.03345052
0.03345052
0.03345052
0.0360676
0.0360676
0.0360676
0.03515503
0.03471359
0.03471359
0.03471359
0.03471359
0.03381047
0.03277169
0.0291738
0.02412946
0.02412946
0.01478202
0.01478202
0.01478202
0.01478202
0.01478202
0.01478202
0.01637739
0.01637739
0.01637739
0.01637739
0.01637739
0.01637739
0.01637739
0.01637739
0.01637739
0.01637739
0.01637739
0.02200135
0.03782537
0.03782537
0.03782537
0.02998278
0.02998278
0.02998278
0.02998278
0.02751948
0.02751948
0.02741633
0.02741633
0.02741633
0.02876168
0.02876168
0.02876168
0.02876168
0.02876168
0.02876168
0.02876168
0.02876168
0.02876168
0.02876168
0.02876168
0.02876168
0.03791329
0.03791329
0.03791329
0.03791329
0.03791329
0.03791329
0.03791329
0.03791329
0.03791329
0.03791329
0.03791329
0.02801277
0.02801277
0.02801277
0.02801277
0.02801277
0.02801277
0.02801277
0.04890932
0.04890932
0.04890932
0.04890932
0.04890932
0.04890932
0.0570955
0.06317371
0.06317371
0.06317371
0.06317371
0.06317371
0.06317371
0.06317371
0.06317371
0.04770636
0.04770636
0.02204971
0.02204971
0.02204971
0.02962911
0.02962911
0.02962911
0.02962911
0.0444269
0.05367032
0.05367032
0.05367032
0.05367032
0.05367032
0.05367032
0.03448436
0.03410116
0.03105822
0.03105822
0.03105822
0.03105822
0.04342751
0.04342751
0.04342751
0.02710423
0.02368245
0.02368245
0.02368245
0.02368245
0.0213822
0.02100504
0.02100504
0.02100504
0.01869454
0.01869454
0.01869454
0.01869454
0.01869454
0.0193907
0.0193907
0.0193907
0.01352037
0.01352037
0.01352037
0.01837344
0.01837344
0.01837344
0.01520395
0.01520395
0.01520395
0.01520395
0.01520395
0.01520395
0.01520395
0.01520395
0.01520395
0.01956411
0.01956411
0.01956411
0.01956411
0.01956411
0.01956411
0.01956411
0.01956411
0.03097981
0.03097981
0.03097981
0.03097981
0.03097981
0.03097981
0.02657285
0.02190688
0.02190688
0.02038431
0.02038431
0.02038431
0.02038431
0.02038431
0.01787586
0.01787586
0.01787586
0.01787586
0.01787586
0.01787586
0.01787586
0.01787586
0.01787586
0.01787586
0.01787586
0.01504907
0.01504907
0.01504907
0.02031102
0.02031102
0.02031102
0.02031102
0.02031102
0.02031102
0.02031102
0.02031102
0.02031102
0.02031102
0.02031102
0.02031102
0.02031102
0.02031102
0.02031102
0.0155195
0.0155195
0.0155195
0.0155195
0.0155195
0.0155195
0.0155195
0.0155195
0.0155195
0.0187837
0.0187837
0.0187837
0.0187837
0.0187837
0.0187837
0.04670203
0.04712236
0.07072011
0.07072011
0.07072011
0.07072011
0.07556197
0.0803294
0.0803294
0.0803294
0.0743727
0.02969814
0.02969814
0.02969814
0.02969814
0.02969814
0.02969814
0.02969814
0.02969814
0.02695339
0.02695339
0.02695339
0.02695339
0.02695339
0.02695339
0.02695339
0.02538389
0.02538389
0.02538389
0.02538389
0.02538389
0.02531351
0.02531351
0.02531351
0.02531351
0.02531351
0.03718861
0.06595297
0.06595297
0.06595297
0.0511713
0.03988438
0.03988438
0.02979533
0.02979533
0.02979533
0.02979533
0.02979533
0.02979533
0.02979533
0.03146139
0.03146139
0.03146139
0.03146139
0.03146139
0.03146139
0.03146139
0.03146139
0.03146139
0.03146139
0.03146139
0.04610437
0.04610437
0.04610437
0.04610437
0.04610437
0.04610437
0.09763607
0.09763607
0.09763607
0.09763607
0.09763607
0.09763607
0.13099737
0.13719201
0.14602436
0.14602436
0.14602436
0.14602436
0.14648259
0.14648259
0.14648259
0.14648259
0.14544323
0.04281554
0.04281554
0.04281554
0.04980107
0.04980107
0.04980107
0.04980107
0.52759645
0.52759645
0.52759645
0.34865704
0.34865704
0.34865704
0.34865704
0.34865704
0.17553657
0.17553657
0.17553657
0.17553657
0.17553657
0.17553657
0.17553657
0.16453344
0.16453344
0.16453344
0.16453344
0.16453344
0.16453344
0.16453344
0.16453344
0.16453344
0.58858082
0.58858082
0.58858082
0.37612756
0.26747079
0.10708658
0.10708658
0.10708658
0.10708658
0.03691808
0.03691808
0.03691808
0.04436472
0.05176183
0.07355847
0.07355847
0.07355847
0.07355847
0.11399189
0.14255912
0.17046456
0.17046456
0.17046456
0.17046456
0.17546119
0.19015158
0.1996838
0.1996838
0.1996838
0.1996838
0.19999975
0.19999975
0.19999975
0.19999975
0.19999975
0.1927521
0.1927521
0.18683396
0.18683396
0.18683396
0.18683396
0.18683396
0.18683396
0.21640801
0.21640801
0.21640801
0.13360305
0.11100895
0.11100895
0.11100895
0.11100895
0.11100895
0.11100895
0.11100895
0.11100895
0.11100895
0.11100895
0.11100895
0.11100895
0.11100895
0.11100895
0.11100895
0.11100895
0.11100895
0.11100895
0.11100895
0.11100895
0.11100895
0.11100895
0.11100895
0.11100895
0.04107781
0.04107781
0.04107781
0.05328997
0.05328997
0.05328997
0.05328997
0.05328997
0.05328997
0.04905677
0.03812359
0.03427517
0.03427517
0.03427517
0.03427517
0.03427517
0.03427517
0.03427517
0.03427517
0.03427517
0.03410793
0.02960615
0.02960615
0.02960615
0.02960615
0.02960615
0.02960615
0.03401996
0.03401996
0.03401996
0.03401996
0.03401996
0.03401996
0.0324259
0.0324259
0.02777689
0.02777689
0.02777689
0.03754092
0.03754092
0.03754092
0.03754092
0.03754092
0.03754092
0.03754092
0.03754092
0.0273044
0.0273044
0.0273044
0.0273044
0.0273044
0.02847259
0.02847259
0.02847259
0.02847259
0.02847259
0.02847259
0.03348551
0.03348551
0.03348551
0.02546607
0.02546607
0.02546607
0.03647117
0.03647117
0.03647117
0.03647117
0.03647117
0.03647117
0.03647117
0.03647117
0.03647117
0.03647117
0.03647117
0.04425856
0.04425856
0.05425949
0.05425949
0.05425949
0.05376096
0.05376096
0.05376096
0.05376096
0.05376096
0.05376096
0.05376096
0.05474375
0.05474375
0.05474375
0.05474375
0.05474375
0.05474375
0.0915551
0.0915551
0.0915551
0.08983534
0.06678618
0.0564925
0.0564925
0.0564925
0.0564925
0.0564925
0.0564925
0.0564925
0.08606775
0.08606775
0.08606775
0.0667684
0.0667684
0.0667684
0.08048035
0.08377494
0.08377494
0.08377494
0.08377494
0.07335522
0.07335522
0.07335522
0.07335522
0.06650563
0.06650563
0.06650563
0.08076363
0.08076363
0.08076363
0.05834005
0.05834005
0.05834005
0.05904291
0.05904291
0.05904291
0.05904291
0.05904291
0.05904291
0.0893735
0.0893735
0.0893735
0.07683934
0.07683934
0.07683934
0.07683934
0.07683934
0.07683934
0.07683934
0.07683934
0.07683934
0.07683934
0.10050314
0.13147791
0.13147791
0.13147791
0.13147791
0.17906665
0.17906665
0.17906665
0.16706208
0.12249677
0.09650574
0.09650574
0.06570756
0.06570756
0.06570756
0.06570756
0.06570756
0.14068222
0.14483937
0.14483937
0.14483937
0.12608047
0.10154442
0.10154442
0.08570288
0.06618262
0.06618262
0.05565763
0.0420303
0.0420303
0.0420303
0.05488197
0.05488197
0.05488197
0.04537402
0.04537402
0.04537402
0.05335541
0.05335541
0.05335541
0.05335541
0.05335541
0.05335541
0.05335541
0.04807596
0.04807596
0.0438748
0.0438748
0.0438748
0.03453944
0.03157304
0.02214654
0.02214654
0.02214654
0.02924313
0.0376603
0.0376603
0.0376603
0.03765778
0.03765778
0.03765778
0.03765778
0.03736438
0.03628402
0.03628402
0.03628402
0.03628402
0.03628402
0.03416253
0.03416253
0.03416253
0.03416253
0.03416253
0.03416253
0.03416253
0.03416253
0.03416253
0.03416253
0.03416253
0.03204131
0.02633795
0.02633795
0.02633795
0.0314894
0.0314894
0.0314894
0.0314894
0.0314894
0.0314894
0.03768861
0.03768861
0.04166542
0.04166542
0.04166542
0.03556536
0.03556536
0.03556536
0.04706538
0.04706538
0.04706538
0.04706538
0.04706538
0.04706538
0.04706538
0.03269123
0.02393721
0.02393721
0.02393721
0.02639367
0.02639367
0.02639367
0.02639367
0.02639367
0.02639367
0.02639367
0.02639367
0.02639367
0.02639367
0.02639367
0.02639367
0.03073505
0.03073505
0.03073505
0.03073505
0.03073505
0.03073505
0.03073505
0.02843553
0.02586784
0.02586784
0.02586784
0.02586784
0.02918668
0.02918668
0.02918668
0.02918668
0.02918668
0.02918668
0.03304895
0.03304895
0.03474554
0.03474554
0.03474554
0.03469037
0.03469037
0.03469037
0.03469037
0.03469037
0.03469037
0.03469037
0.03469037
0.03296572
0.03296572
0.03296572
0.03296572
0.03296572
0.03451427
0.03522541
0.03522541
0.03522541
0.03522541
0.03522541
0.03812191
0.04650182
0.05737194
0.05737194
0.05737194
0.05737194
0.0625656
0.0625656
0.0625656
0.0625656
0.05359493
0.05359493
0.05359493
0.04346383
0.04346383
0.03769067
0.03769067
0.03769067
0.04033777
0.04033777
0.04612538
0.04612538
0.04612538
0.04612538
0.04612538
0.04612538
0.04612538
0.04612538
0.04612538
0.04612538
0.04612538
0.04612538
0.04612538
0.04484659
0.04484659
0.04484659
0.04484659
0.0615138
0.0628073
0.0628073
0.0628073
0.05532408
0.05532408
0.05532408
0.05532408
0.05532408
0.05532408
0.05126891
0.05126891
0.03827219
0.03827219
0.03827219
0.03827219
0.03282643
0.03282643
0.03282643
0.03282643
0.03282643
0.03282643
0.03282643
0.03323208
0.03323208
0.03323208
0.03323208
0.03323208
0.03323208
0.03455866
0.03455866
0.03455866
0.03455866
0.03455866
0.03455866
0.03455866
0.03455866
0.04250989
0.04250989
0.04250989
0.04250989
0.14860126
0.24107899
0.3307228
0.3307228
0.3307228
0.25385963
0.25385963
0.19429636
0.19429636
0.17602067
0.17602067
0.17602067
0.17602067
0.17602067
0.15868267
0.13909759
0.13909759
0.13085299
0.13085299
0.13085299
0.09912928
0.08757746
0.08757746
0.08757746
0.08757746
0.08757746
0.08757746
0.0575618
0.0575618
0.0575618
0.0575618
0.0575618
0.0575618
0.0575618
0.0575618
0.0575618
0.10400055
0.10400055
0.10400055
0.09535649
0.09535649
0.09535649
0.09535649
0.08404465
0.07730427
0.07699794
0.05518883
0.05518883
0.05518883
0.05518883
0.04265713
0.04265713
0.04265713
0.04265713
0.05586429
0.05586429
0.06857953
0.06857953
0.06857953
0.06857953
0.06857953
0.06000075
0.04703576
0.0257046
0.0257046
0.0257046
0.04114821
0.07356124
0.08190416
0.08190416
0.08190416
0.05918944
0.05918944
0.05918944
0.0595103
0.0595103
0.0595103
0.0595103
0.0595103
0.0595103
0.0595103
0.0595103
0.0595103
0.0595103
0.0595103
0.26655772
0.26655772
0.26655772
0.26655772
0.21986705
0.04606853
0.04606853
0.04606853
0.04606853
0.04606853
0.04606853
0.04606853
0.04606853
0.04606853
0.04606853
0.04606853
0.04205468
0.04205468
0.04205468
0.04205468
0.04205468
0.02831792
0.02831792
0.02831792
0.15388816
0.22005034
0.27091751
0.27091751
0.27091751
0.08042007
0.08042007
0.08042007
0.07215654
0.06826187
0.03527921
0.03306649
0.03306649
0.03306649
0.02893538
0.02822725
0.0255409
0.0255409
0.0255409
0.02459459
0.02459459
0.02459459
0.02459459
0.01865865
0.01865865
0.01865865
0.01865865
0.01865865
0.01865865
0.01865865
0.04587506
0.04587506
0.04587506
0.04567719
0.03620367
0.02174998
0.02174998
0.02174998
0.02399406
0.02399406
0.02399406
0.02399406
0.02496614
0.03598009
0.03995833
0.03995833
0.03995833
0.03995833
0.04772865
0.04772865
0.04772865
0.04772865
0.04772865
0.04772865
0.07409427
0.07409427
0.07409427
0.07409427
0.07392586
0.07133852
0.07133852
0.07133852
0.07133852
0.05697694
0.05697694
0.05456901
0.05456901
0.05456901
0.08291721
0.08291721
0.08291721
0.08291721
0.0979659
0.0979659
0.0979659
0.06650538
0.03418834
0.03418834
0.03418834
0.03418834
0.03418834
0.03418834
0.03418834
0.03418834
0.03661614
0.03661614
0.03661614
0.03661614
0.03661614
0.03661614
0.03661614
0.03892333
0.03892333
0.03892333
0.03892333
0.03892333
0.03892333
0.03587017
0.03587017
0.03587017
0.03587017
0.03587017
0.04081801
0.04168974
0.04312805
0.04312805
0.04312805
0.04312805
0.04312805
0.04312805
0.04312805
0.04312805
0.04312805
0.04312805
0.04312805
0.04312805
0.04312805
0.04312805
0.04312805
0.04312805
0.04312805
0.04312805
0.04312805
0.04312805
0.04312805
0.03083679
0.03083679
0.03083679
0.03083679
0.03083679
0.02161838
0.02161838
0.02161838
0.02161838
0.02161838
0.02161838
0.02161838
0.02161838
0.02161838
0.02161838
0.02161838
0.02161838
0.02161838
0.02161838
0.02642362
0.02642362
0.02756551
0.02756551
0.02756551
0.02756551
0.02756551
0.02756551
0.02756551
0.02756551
0.02756551
0.02756551
0.02776207
0.02776207
0.03146815
0.03146815
0.03146815
0.03025001
0.02979767
0.02979767
0.02979767
0.03569382
0.03569382
0.03569382
0.03569382
0.03569382
0.03569382
0.03569382
0.03569382
0.03569382
0.03569382
0.03569382
0.03569382
0.03569382
0.02501581
0.02501581
0.02501581
0.02934427
0.03447807
0.03447807
0.03447807
0.03447807
0.03447807
0.03447807
0.03447807
0.03447807
0.03447807
0.03335745
0.03335745
0.03335745
0.03335745
0.03335745
0.03335745
0.03335745
0.02496297
0.02496297
0.02496297
0.02953859
0.02953859
0.02953859
0.02953859
0.03738833
0.03738833
0.03738833
0.03738833
0.03738833
0.03328574
0.03328574
0.03328574
0.03328574
0.03328574
0.03328574
0.03328574
0.03400213
0.03400213
0.03400213
0.02865431
0.02865431
0.02865431
0.03273858
0.03273858
0.03273858
0.03273858
0.03273858
0.03273858
0.03273858
0.02810108
0.02677475
0.02677475
0.02403769
0.02403769
0.02403769
0.02841632
0.05740549
0.05740549
0.05740549
0.05740549
0.06356036
0.06672002
0.06672002
0.06672002
0.06006562
0.06006562
0.06006562
0.06006562
0.06006562
0.06006562
0.06006562
0.06006562
0.0932763
0.0932763
0.11922208
0.11922208
0.11922208
0.11922208
0.11922208
0.11922208
0.17045555
0.17045555
0.17045555
0.15286087
0.15286087
0.12386613
0.09396241
0.08702192
0.08702192
0.08702192
0.09222799
0.12512695
0.17415353
0.17415353
0.17415353
0.11652506
0.11652506
0.11652506
0.11652506
