0.0247377
0.02178458
0.02461698
0.02461698
0.02461698
0.02812265
0.02838357
0.03071689
0.03472587
0.03472587
0.04094513
0.04094513
0.04094513
0.04094513
0.04094513
0.04143161
0.04143161
0.04279095
0.04279095
0.04496977
0.04496977
0.04496977
0.04496977
0.04496977
0.04496977
0.04496977
0.04496977
0.04496977
0.04496977
0.04891271
0.04891271
0.04891271
0.04891271
0.04891271
0.04287414
0.0420058
0.0420058
0.0420058
0.0420058
0.0420058
0.03755974
0.03754624
0.03754624
0.03754624
0.03754624
0.03754624
0.03754624
0.02873069
0.02873069
0.02649939
0.02227968
0.02227968
0.02227968
0.02227968
0.02227968
0.02400967
0.03118941
0.03549954
0.03549954
0.03549954
0.03549954
0.03549954
0.02976676
0.02976676
0.02976676
0.02976676
0.02647279
0.02647279
0.02647279
0.02647279
0.02647279
0.02647279
0.02647279
0.02647279
0.02647279
0.03296128
0.03296128
0.03296128
0.03296128
0.03296128
0.03296128
0.03296128
0.03296128
0.03296128
0.03296128
0.03296128
0.03296128
0.03296128
0.03296128
0.02902914
0.02902914
0.02902914
0.02902914
0.02902914
0.02902914
0.02902914
0.02902914
0.02902914
0.02902914
0.02902914
0.02902914
0.02902914
0.02902914
0.02902914
0.02902914
0.02902914
0.02902914
0.02902914
0.04209773
0.04423833
0.04423833
0.04522301
0.04522301
0.04522301
0.03205285
0.0271561
0.02316979
0.02316979
0.02316979
0.02316979
0.02316979
0.04382097
0.16263751
0.1872924
0.22598944
0.24215407
0.2588145
0.2588145
0.2588145
0.03880848
0.03455278
0.03455278
0.03455278
0.03455278
0.0321432
0.02229849
0.0213637
0.0213637
0.0192044
0.0192044
0.0192044
0.0192044
0.01168063
0.01168063
0.01168063
0.01558305
0.01558305
0.01558305
0.01558305
0.01558305
0.00414759
0.00389541
0.00389541
0.00389541
0.00760757
0.03829051
0.05447817
0.05447817
0.05447817
0.05447817
0.05447817
0.04829731
0.02875716
0.02875716
0.02875716
0.02875716
0.02875716
0.02875716
0.01471153
0.01471153
0.01471153
0.01471153
0.01471153
0.01471153
0.02530667
0.03614194
0.03614194
0.03614194
0.03462104
0.03462104
0.03462104
0.04067975
0.04067975
0.04067975
0.03305287
0.03305287
0.03305287
0.0211337
0.01982823
0.01982823
0.01982823
0.01982823
0.01982823
0.0127532
0.0127532
0.0127532
0.0127532
0.0127532
0.01460416
0.01460416
0.01485875
0.01485875
0.01485875
0.01722728
0.01722728
0.01722728
0.01722728
0.01722728
0.01120426
0.01120426
0.01120426
0.01120426
0.01120426
0.01120426
0.01120426
0.02176677
0.02176677
0.02176677
0.02176677
0.02176677
0.02218511
0.02468479
0.02468479
0.03507019
0.03507019
0.03507019
0.0330852
0.0330852
0.0330852
0.0330852
0.02994261
0.02994261
0.02994261
0.02994261
0.02994261
0.02359585
0.02359585
0.02359585
0.02359585
0.02359585
0.02359585
0.02359585
0.02359585
0.02359585
0.03291261
0.03291261
0.03291261
0.03291261
0.04128341
0.04128341
0.04128341
0.03037645
0.03037645
0.03037645
0.03083641
0.03083641
0.03083641
0.03083641
0.04074295
0.04074295
0.04074295
0.03605951
0.03419898
0.03322611
0.03160586
0.02515369
0.02515032
0.02001451
0.02001451
0.02001451
0.02001451
0.03415135
0.03415135
0.03415135
0.03055063
0.02645052
0.02645052
0.02517047
0.02435569
0.02435569
0.02435569
0.02435569
0.02435569
0.01874885
0.01874885
0.01874885
0.01874885
0.01926801
0.03717465
0.03717465
0.03717465
0.03717465
0.07957337
0.09026228
0.09026228
0.09026228
0.07274751
0.07274751
0.07274751
0.08152814
0.08152814
0.08805035
0.08805035
0.08805035
0.08292441
0.02604355
0.02604355
0.02604355
0.01943711
0.01943711
0.01943711
0.01943711
0.01464791
0.01464791
0.01464791
0.01602593
0.0224399
0.03414532
0.09375429
0.09375429
0.09375429
0.09375429
0.09375429
0.06186204
0.06186204
0.06186204
0.06527014
0.06527014
0.06709231
0.06709231
0.06709231
0.06709231
0.05788239
0.05788239
0.05788239
0.05788239
0.05508379
0.02074157
0.02074157
0.02074157
0.02074157
0.02074157
0.02074157
0.01588683
0.01588683
0.01588683
0.01588683
0.01588683
0.01588683
0.01523186
0.01523186
0.01523186
0.02615283
0.02615283
0.02615283
0.02615283
0.02615283
0.02615283
0.02615283
0.02615283
0.02615283
0.02615283
0.02615283
0.02063715
0.02063715
0.02063715
0.02063715
0.02063715
0.02063715
0.02063715
0.02063715
0.02063715
0.02063715
0.02063715
0.02063715
0.02063715
0.02063715
0.02063715
0.02063715
0.02063715
0.02063715
0.02063715
0.02063715
0.02063715
0.02063715
0.02745662
0.02745662
0.02745662
0.02745662
0.02745662
0.02745662
0.02341951
0.02341951
0.02341951
0.02618724
0.02618724
0.02618724
0.02618724
0.02618724
0.02618724
0.02618724
0.01983809
0.01983809
0.01983809
0.01983809
0.01983809
0.01983809
0.0246254
0.0246254
0.0246254
0.0186134
0.01356195
0.01356195
0.01356195
0.01356195
0.01356195
0.01356195
0.01356195
0.01356195
0.02184716
0.02184716
0.02184716
0.02516948
0.02516948
0.02516948
0.01914472
0.01914472
0.01914472
0.01914472
0.01914472
0.02060463
0.02060463
0.02919373
0.02919373
0.02919373
0.01999607
0.01837054
0.01719794
0.01620184
0.01620184
0.01620184
0.01620184
0.01620184
0.01725937
0.01725937
0.01725937
0.01725937
0.01882903
0.01882903
0.01882903
0.01882903
0.01882903
0.01882903
0.02409213
0.02409213
0.02409213
0.02409213
0.02409213
0.02223658
0.02223658
0.02223658
0.02223658
0.02223658
0.02223658
0.02223658
0.02223658
0.02223658
0.01918616
0.01918616
0.01918616
0.01918616
0.01918616
0.01974238
0.01974238
0.01974238
0.01974238
0.01974238
0.01974238
0.01974238
0.01974238
0.01974238
0.01974238
0.01974238
0.0199011
0.0199011
0.0199011
0.0199011
0.0199011
0.0199011
0.0199011
0.01807465
0.01807465
0.01807465
0.02107135
0.02107135
0.02107135
0.02107135
0.02107135
0.02107135
0.02107135
0.02053932
0.02009135
0.02009135
0.02009135
0.02009135
0.02009135
0.02009135
0.02413718
0.02413718
0.02413718
0.02413718
0.02413718
0.02413718
0.02413718
0.02413718
0.02413718
0.02413718
0.02413718
0.0276698
0.0276698
0.0276698
0.02610328
0.02610328
0.02610328
0.02610328
0.02610328
0.02259983
0.02259983
0.02259983
0.02259983
0.02259983
0.02259983
0.02259983
0.02178958
0.02178958
0.01981871
0.01981871
0.01981871
0.02173859
0.02173859
0.02173859
0.02173859
0.02173859
0.02173859
0.02173859
0.02173859
0.02173859
0.02173859
0.02173859
0.02173859
0.02173859
0.02173859
0.02576339
0.02576339
0.02576339
0.02309351
0.01902374
0.01902374
0.01902374
0.01902374
0.01902374
0.01902374
0.02046071
0.02772045
0.03482132
0.03482132
0.03482132
0.03481372
0.02264081
0.02264081
0.02264081
0.02264081
0.02264081
0.02264081
0.02264081
0.02619945
0.02619945
0.03117469
0.03117469
0.03117469
0.03129977
0.03129977
0.03129977
0.03129977
0.03129977
0.03129977
0.03129977
0.03129977
0.03129977
0.03129977
0.03129977
0.02335231
0.02335231
0.02335231
0.02335231
0.02335231
0.02335231
0.02335231
0.02483032
0.02483032
0.02483032
0.02142421
0.02142421
0.02142421
0.02142421
0.02142421
0.02346982
0.02346982
0.02346982
0.02346982
0.01583937
0.01583937
0.01583937
0.01583937
0.01583937
0.01583937
0.01583937
0.01583937
0.01583937
0.02794795
0.02794795
0.02794795
0.02460048
0.02460048
0.02460048
0.01971825
0.01971825
0.01693061
0.01693061
0.01693061
0.01771971
0.01771971
0.01771971
0.01771971
0.01771971
0.01771971
0.01882295
0.01882295
0.01882295
0.0190873
0.0190873
0.0190873
0.0190873
0.0190873
0.0190873
0.01979618
0.01979618
0.02449782
0.02667278
0.02667278
0.02667278
0.02667278
0.02667278
0.02753333
0.02753333
0.02753333
0.02753333
0.02753333
0.02753333
0.02753333
0.02753333
0.02520057
0.02520057
0.02520057
0.03095143
0.03095143
0.03095143
0.02976807
0.02976807
0.02976807
0.02480309
0.02480309
0.02480309
0.02480309
0.03267435
0.03267435
0.0400254
0.0400254
0.04254649
0.04254649
0.04254649
0.03645733
0.03645733
0.03645733
0.03852006
0.03852006
0.0449553
0.0449553
0.0449553
0.0449553
0.0449553
0.05496939
0.06303655
0.08918117
0.1267138
0.1267138
0.1267138
0.24920076
0.25858469
0.25858469
0.25858469
0.03297256
0.0312677
0.0312677
0.01853251
0.01853251
0.01853251
0.01853251
0.01853251
0.01853251
0.01853251
0.01853251
0.01853251
0.01853251
0.01853251
0.01853251
0.01853251
0.01853251
0.02631323
0.02631323
0.02631323
0.02408452
0.02408452
0.02408452
0.02408452
0.0245509
0.02706983
0.03993391
0.043612
0.043612
0.04506647
0.04506647
0.04793933
0.04793933
0.04793933
0.04793933
0.04793933
0.04793933
0.04819654
0.05100323
0.05673459
0.05673459
0.06641013
0.0803984
0.09115302
0.10444364
0.11583444
0.12648238
0.14388997
0.15218235
0.1618792
0.17047281
0.17313826
0.17313826
0.17313826
0.16259764
0.15849803
0.15849803
0.15849803
0.15849803
0.15849803
0.15704601
0.15436447
0.15436447
0.15436447
0.15436447
0.13875478
0.13274249
0.13274249
0.04364414
0.04364414
0.04364414
0.04364414
0.04364414
0.04364414
0.04364414
0.04364414
0.10113279
0.10113279
0.10113279
0.14513304
0.14513304
0.14513304
0.14513304
0.1851298
0.21083002
0.2141736
0.2141736
0.2141736
0.21087815
0.20133154
0.19445132
0.17375173
0.16388011
0.14898663
0.13236325
0.12438994
0.12438994
0.12243281
0.11462259
0.09976833
0.09023409
0.07603196
0.07603196
0.07341395
0.07341395
0.07291543
0.06570667
0.06538373
0.06538373
0.06538373
0.06184448
0.0590728
0.0590728
0.0590728
0.05542275
0.05532914
0.05532914
0.05532914
0.05532914
0.05145682
0.05145682
0.05145682
0.05588247
0.05966749
0.05966749
0.05966749
0.05734544
0.05734544
0.05734544
0.05734544
0.05734544
0.05734544
0.05734544
0.05734544
0.06388908
0.0651029
0.0651029
0.0651029
0.0651029
0.0651029
0.0651029
0.06098684
0.06098684
0.06098684
0.06429679
0.06429679
0.06429679
0.06600307
0.07404047
0.07771908
0.07771908
0.07863684
0.08504496
0.08504496
0.08504496
0.08190155
0.08190155
0.08190155
0.08239957
0.08707409
0.09124166
0.09124166
0.09851067
0.09851067
0.10776086
0.10776086
0.10776086
0.11039365
0.11039365
0.11039365
0.11039365
0.11039365
0.11039365
0.11039365
0.10852013
0.10852013
0.10852013
0.11391915
0.11391915
0.11391915
0.11391915
0.11391915
0.11391915
0.10098963
0.10098963
0.09372338
0.09372338
0.09372338
0.09481732
0.09481732
0.09481732
0.08883511
0.08688575
0.08688575
0.08688575
0.08688575
0.08688575
0.08688575
0.08688575
0.08688575
0.08808641
0.08808641
0.08808641
0.08209388
0.08209388
0.08209388
0.08209388
0.08209388
0.08209388
0.08209388
0.06765321
0.05973694
0.05973694
0.05973694
0.06173444
0.06244776
0.06836154
0.06891413
0.06891413
0.06956686
0.06956686
0.06956686
0.07750502
0.08606663
0.09971665
0.10131921
0.11333674
0.11333674
0.11333674
0.11333674
0.11333674
0.11333674
0.11333674
0.11333674
0.11963436
0.13384003
0.17652921
0.20880215
0.20880215
0.21821644
0.21821644
0.23627472
0.23627472
0.23627472
0.19425148
0.184036
0.184036
0.184036
0.184036
0.184036
0.18467713
0.18467713
0.18467713
0.18467713
0.18467713
0.18467713
0.25836014
0.28779339
0.30766349
0.33214598
0.33214598
0.33214598
0.29999688
0.29984226
0.29984226
0.27976776
0.27976776
0.27976776
0.27976776
0.21670065
0.13987398
0.13987398
0.11639579
0.10663841
0.10663841
0.10663841
0.15809744
0.18360578
0.22630837
0.25397953
0.2654126
0.2654126
0.2654126
0.09188738
0.09188738
0.09188738
0.1025213
0.1025213
0.1526545
0.16946591
0.16946591
0.16946591
0.15730769
0.13158863
0.09776875
0.09776875
0.09776875
0.17920781
0.26321121
0.28544226
0.31920354
0.34601883
0.37908039
0.37908039
0.37908039
0.16667176
0.16667176
0.16667176
0.16667176
0.14005576
0.14005576
0.14005576
0.14005576
0.10742852
0.088101
0.088101
0.088101
0.06800824
0.04969437
0.04969437
0.04969437
0.04707021
0.03598605
0.03417597
0.03417597
0.03417597
0.03417597
0.03417597
0.03417597
0.03417597
0.03417597
0.03417597
0.04193894
0.04257901
0.04257901
0.04257901
0.01480725
0.01480725
0.01480725
0.01491656
0.01617996
0.01617996
0.01617996
0.01617996
0.0207145
0.0207145
0.0207145
0.0070324
0.0070324
0.0070324
0.00704637
0.00704637
0.00704637
0.00704637
0.01080374
0.01080374
0.02071177
0.02071177
0.02071177
0.02071177
0.02071177
0.02071177
0.02071177
0.02071177
0.02071177
0.02071177
0.0190123
0.0190123
0.0190123
0.0190123
0.0190123
0.0190123
0.02148879
0.02148879
0.02281874
0.02281874
0.02281874
0.02281874
0.02281874
0.02281874
0.02281874
0.02281874
0.02281874
0.02281874
0.02281874
0.02281874
0.02281874
0.02503425
0.02645941
0.02645941
0.02645941
0.02645941
0.03229985
0.03229985
0.03229985
0.04133579
0.04824973
0.04824973
0.04824973
0.04150051
0.04150051
0.04150051
0.04150051
0.04150051
0.09821156
0.09821156
0.10783527
0.10990045
0.10990045
0.12905894
0.15022562
0.15022562
0.15022562
0.14610917
0.14610917
0.14610917
0.14610917
0.14610917
0.08463766
0.02445007
0.02445007
0.02445007
0.0327782
0.03880636
0.03880636
0.03880636
0.02463683
0.02463683
0.02463683
0.10424552
0.11631701
0.12793153
0.12793153
0.12793153
0.12128608
0.10388575
0.10388575
0.10388575
0.10388575
0.08670639
0.08670639
0.0775939
0.0775939
0.0691886
0.0691886
0.06066107
0.05315635
0.05315635
0.05315635
0.04205646
0.04205646
0.04205646
0.05384626
0.05384626
0.05384626
0.05384626
0.07347875
0.0803776
0.08098523
0.08098523
0.08098523
0.08098523
0.08098523
0.0877447
0.11167783
0.11167783
0.11167783
0.11167783
0.11095325
0.11095325
0.11095325
0.11095325
0.11095325
0.11095325
0.11095325
0.12067001
0.12373971
0.12373971
0.12373971
0.10254396
0.06451925
0.06451925
0.06451925
0.06451925
0.08641582
0.08641582
0.08641582
0.08641582
0.04246536
0.04246536
0.01552605
0.01552605
0.01552605
0.01552605
0.01552605
0.01552605
0.24406494
0.24406494
0.24406494
0.24406494
0.23997687
0.04960827
0.03669601
0.03421409
0.03421409
0.03421409
0.03210419
0.03210419
0.03210419
0.03210419
0.03210419
0.03284648
0.03284648
0.03284648
0.03718464
0.03718464
0.04577985
0.04577985
0.04577985
0.04577985
0.04577985
0.04588357
0.04609701
0.04647501
0.04877533
0.04877533
0.04877533
0.04877533
0.24818364
0.24818364
0.24818364
0.06260326
0.06260326
0.06260326
0.08215427
0.09864263
0.11751313
0.11751313
0.11751313
0.11751313
0.11751313
0.11751313
0.11751313
0.11751313
0.12323324
0.13027425
0.14635758
0.14635758
0.14635758
0.14635758
0.12071739
0.1174789
0.1174789
0.1174789
0.10688829
0.10688829
0.10688829
0.10688829
0.10688829
0.11167972
0.11508776
0.11508776
0.11508776
0.11508776
0.11508776
0.33495324
0.33495324
0.33495324
0.33495324
0.33495324
0.22044406
0.13911256
0.12958768
0.10767283
0.10767283
0.10767283
0.11413146
0.11413146
0.11413146
0.12693322
0.12693322
0.12693322
0.11885054
0.11885054
0.11885054
0.11885054
0.13286086
0.13286086
0.13286086
0.1259763
0.1212081
0.1212081
0.1212081
0.12685913
0.12827583
0.12827583
0.12827583
0.12827583
0.12827583
0.12677094
0.12672781
0.12662393
0.12662393
0.12662393
0.12749611
0.12749611
0.12749611
0.12749611
0.12749611
0.12210192
0.11840165
0.11538011
0.11308517
0.11308517
0.10801975
0.10591515
0.10523049
0.10299924
0.09533661
0.09533661
0.08891063
0.08280787
0.08280787
0.08280787
0.07386776
0.07113489
0.0692487
0.0692487
0.06433436
0.06300982
0.06300982
0.06300982
0.0639444
0.06560085
0.06953011
0.07505587
0.12914782
0.12914782
0.12914782
0.12914782
0.12914782
0.12914782
0.12914782
0.12914782
0.10907553
0.10907553
0.10858442
0.10858442
0.10495648
0.10495648
0.10495648
0.10495648
0.10495648
0.10495648
0.10495648
0.10556372
0.10679056
0.1171996
0.11987043
0.11987043
0.11987043
0.11533102
0.11038085
0.11038085
0.11038085
0.11038085
0.11038085
0.11038085
0.11038085
0.11140552
0.11140552
0.11140552
0.11334099
0.11831715
0.1270035
0.1270035
0.1270035
0.12564406
0.11022937
0.10500908
0.10500908
0.10500908
0.10500908
0.10500908
0.11211703
0.11211703
0.11211703
0.10977823
0.10635595
0.09895794
0.09895794
0.09895794
0.0951474
0.0923223
0.0923223
0.0923223
0.09095142
0.08772642
0.08312284
0.07811055
0.07718346
0.07718346
0.07119245
0.07107905
0.06878528
0.06878528
0.06878528
0.07294869
0.07294869
0.07294869
0.07203519
0.07203519
0.07203519
0.0658526
0.0658526
0.0658526
0.0658526
0.06726331
0.07094576
0.07094576
0.07094576
0.06151261
0.05268604
0.05268604
0.04966472
0.04678384
0.04678384
0.04678384
0.03582988
0.03191577
0.02945277
0.02945277
0.02945277
0.02945277
0.02744883
0.02352683
0.02352683
0.02095965
0.02095965
0.02095965
0.02214569
0.02214569
0.02214569
0.02214569
0.02214569
0.02214569
0.02214569
0.02214569
0.02214569
0.02214569
0.02348963
0.02348963
0.02430685
0.02430685
0.02430685
0.02430685
0.02430685
0.02717433
0.17511284
0.19125333
0.19125333
0.19125333
0.18749586
0.16734675
0.13642694
0.10701259
0.10701259
0.10701259
0.10776568
0.1260298
0.1260298
0.1260298
0.11371065
0.09812328
0.07029912
0.0442027
0.0442027
0.0442027
0.05557914
0.46918286
0.46918286
0.46918286
0.41314472
0.12356734
0.1197913
0.11038253
0.09845791
0.08071998
0.07436142
0.06276082
0.06276082
0.06276082
0.06276082
0.06276082
0.06276082
0.13708371
0.13708371
0.13708371
0.10700156
0.10700156
0.10700156
0.13890369
0.13890369
0.13890369
0.13890369
0.13890369
0.13890369
0.13890369
0.13890369
0.05366851
0.02913541
0.02597811
0.02597811
0.02597811
0.02597811
0.02597811
0.03364249
0.04097947
0.05792318
0.0650108
0.06841903
0.06921193
0.08044113
0.08450833
0.08450833
0.08450833
0.07914345
0.07526899
0.0721026
0.0721026
0.06778282
0.06318014
0.06239359
0.05336475
0.05336475
0.05336475
0.06690341
0.09574364
0.09574364
0.09574364
0.06519972
0.05372438
0.05372438
0.05372438
0.05372438
0.05372438
0.05372438
0.05372438
0.05474235
0.05509611
0.05852069
0.05852069
0.06171406
0.0642082
0.0642082
0.0642082
0.0586683
0.0586683
0.0586683
0.0634983
0.0634983
0.07235949
0.08007149
0.12320514
0.13319743
0.13319743
0.13319743
0.1207185
0.09852552
0.07737798
0.07065636
0.05678616
0.05643767
0.05643767
0.04719059
0.03995029
0.03995029
0.0188358
0.0188358
0.0188358
0.0188358
0.0188358
0.0188358
0.0188358
0.0188358
0.0188358
0.0188358
0.0188358
0.0188358
0.0188358
0.02333973
0.02640108
0.02865761
0.0440373
0.11483562
0.12885368
0.12885368
0.12885368
0.12236389
0.08215201
0.05564307
0.04470397
0.0285525
0.02362217
0.02362217
0.02362217
0.02362217
0.02362217
0.02362217
0.02362217
0.02596636
0.0292893
0.03068433
0.03068433
0.03068433
0.02909871
0.0286718
0.02776583
0.02776583
0.02776583
0.03626092
0.03626092
0.03626092
0.03626092
0.03626092
0.03626092
0.03626092
0.03626092
0.03626092
0.03626092
0.03626092
0.03641044
0.05506555
0.07062995
0.10109582
0.10109582
0.10109582
0.08447088
0.02927554
0.02059876
0.02059876
0.01980816
0.01980816
0.01980816
0.01980816
0.01896856
0.01896856
0.01896856
0.03871767
0.03871767
0.03871767
0.03871767
0.09834311
0.22169571
0.22169571
0.22169571
0.03753167
0.03037576
0.03037576
0.03037576
0.03037576
0.03684169
0.04405081
0.05446827
0.05446827
0.06223318
0.06320338
0.06849762
0.07295498
0.07295498
0.07295498
0.07024786
0.05565302
0.04929247
0.04781019
0.04781019
0.04781019
0.04337222
0.04337222
0.04337222
0.04337222
0.04337222
0.03749012
0.02874477
0.02423307
0.02423307
0.02423307
0.02437437
0.02437437
0.02437437
0.02437437
0.02437437
0.01786134
0.01786134
0.01786134
0.01869073
0.01869073
0.01869073
0.01869073
0.01983339
0.01983339
0.01983339
0.01990607
0.02169557
0.03271241
0.03678549
0.0398052
0.04938412
0.04938412
0.05967853
0.06581357
0.07064635
0.0813244
0.09263811
0.09654251
0.1085853
0.11299636
0.13497788
0.14631583
0.14631583
0.14631583
0.14631583
0.14631583
0.14631583
0.14631583
0.16896124
0.16896124
0.16896124
0.16143487
0.09971968
0.08802941
0.08802941
0.02489669
0.02489669
0.02489669
0.02489669
0.02284903
0.01837666
0.01837666
0.01162436
0.01162436
0.01162436
0.01162436
0.01380379
0.01786125
0.01854697
0.01858237
0.01858237
0.01858237
0.02863366
0.03242092
0.03242092
0.03242092
0.03210006
0.03210006
0.03210006
0.03210006
0.03113376
0.03108005
0.02759182
0.02759182
0.02759182
0.02759182
0.02759182
0.03430023
0.03430023
0.03430023
0.03203527
0.03203527
0.03203527
0.03203527
0.0304519
0.02895818
0.02895818
0.02895818
0.02895818
0.02599412
0.02599412
0.02599412
0.02599412
0.03704445
0.03704445
0.03704445
0.03740204
0.03957521
0.03957521
0.0395997
0.0395997
0.0395997
0.04924253
0.05679637
0.05951673
0.07510406
0.08673323
0.09698642
0.11838598
0.12370206
0.14053155
0.15612223
0.16573262
0.17497952
0.17497952
0.17497952
0.17497952
0.17497952
0.19158637
0.19158637
0.19158637
0.16483789
0.13034892
0.13034892
0.13034892
0.16182582
0.17088807
0.17088807
0.17088807
0.17036012
0.15714525
0.14489951
0.13839078
0.12439302
0.12154259
0.11408949
0.09344833
0.08333878
0.06668965
0.05372821
0.04286343
0.03589258
0.03589258
0.02210223
0.02210223
0.02210223
0.02210223
0.02589992
0.02589992
0.02589992
0.03139386
0.03139386
0.03139386
0.02891303
0.02891303
0.02891303
0.02891303
0.02891303
0.03487525
0.0514807
0.05187394
0.05793073
0.05793073
0.05793073
0.05793073
0.05793073
0.05793073
0.05793073
0.05793073
0.05793073
0.06158545
0.06158545
0.06158545
0.05931832
0.05931832
0.05931832
0.06022276
0.0662022
0.0770178
0.08367469
0.10526907
0.1186215
0.13719126
0.15503942
0.16771217
0.18267328
0.19549888
0.19999696
0.23048791
0.24856656
0.28532249
0.29596881
0.3239944
0.3239944
0.3239944
0.3239944
0.3239944
0.3239944
0.3239944
0.30512207
0.28684835
0.24900891
0.24900891
0.24900891
0.19632874
0.1537764
0.14833231
0.13903864
0.13903864
0.1350115
0.1350115
0.1350115
0.1121488
0.09913265
0.085828
0.085828
0.07109085
0.05668099
0.04424506
0.03827107
0.03827107
0.03827107
0.04225055
0.06947304
0.06947304
0.06947304
0.05052766
0.05052766
0.05052766
0.05052766
0.04545072
0.04512882
0.04391433
0.03803281
0.03597124
0.03597124
0.03597124
0.03597124
0.03597124
0.03597124
0.03597124
0.03597124
0.03597124
0.02348584
0.02348584
0.02348584
0.02348584
0.02659961
0.02659961
0.02659961
0.02659961
0.02659961
0.02852606
0.03249005
0.0363038
0.03715728
0.03715728
0.03715728
0.04023203
0.04023203
0.04023203
0.03849895
0.03839533
0.03839533
0.03839533
0.03839533
0.03839533
0.03813304
0.03813304
0.03672085
0.03672085
0.03672085
0.03672085
0.03430575
0.03287282
0.03287282
0.03188449
0.03188449
0.03188449
0.03188449
0.03188449
0.02749344
0.02607523
0.02607523
0.02486759
0.02486759
0.02486759
0.03294067
0.03294067
0.03396076
0.03396076
0.03396076
0.03396076
0.03396076
0.03396076
0.03396076
0.03396076
0.03396076
0.03549325
0.03549325
0.03549325
0.03289605
0.03170241
0.03170241
0.02518881
0.02518881
0.02518881
0.0202935
0.0202935
0.02000623
0.02000623
0.02000623
0.02000623
0.02000623
0.02000623
0.02000623
0.02000623
0.02000623
0.02000623
0.02000623
0.02000623
0.02000623
0.02000623
0.02000623
0.02000623
0.02000623
0.02000623
0.01430975
0.01079023
0.01079023
0.01079023
0.01079023
0.01079023
0.01079023
0.0115769
0.01437176
0.01437176
0.01457621
0.01457621
0.01457621
0.01400699
0.01400699
0.00950999
0.00950999
0.00950999
0.00950999
0.00950999
0.00950999
0.00950999
0.00950999
0.00950999
0.00950999
0.00950999
0.00950999
0.00950986
0.00950986
0.00950986
0.00950986
0.00950986
0.00950986
0.00950986
0.00950986
0.00950986
0.00950986
0.00950986
0.0061394
0.0061394
0.0061394
0.0061394
0.0061394
0.0061394
0.0061394
0.0061394
0.00852932
0.00900418
0.00900418
0.00900418
0.00900418
0.01389841
0.01389841
0.02263497
0.02337569
0.03910059
0.0415809
0.0415809
0.0415809
0.0415809
0.0415809
0.0415809
0.0415809
0.0415809
0.06721063
0.06721063
0.06721063
0.06721063
0.07203405
0.07681996
0.21584167
0.21584167
0.21584167
0.20183565
0.18472316
0.17268769
0.1628168
0.1628168
0.1628168
0.1628168
0.1628168
0.16129593
0.15962745
0.14088377
0.1236637
0.11329337
0.11329337
0.11329337
0.10850415
0.10850415
0.10420692
0.09480687
0.07490795
0.07490795
0.07490795
0.07490795
0.07490795
0.07490795
0.07490795
0.07490795
0.09449606
0.09449606
0.09449606
0.06001404
0.05973849
0.05973849
0.05973849
0.05973849
0.05973849
0.05142023
0.04053362
0.03602589
0.03602589
0.03602589
0.0462201
0.06020614
0.06020614
0.06020614
0.05345148
0.05345148
0.05345148
0.04527634
0.03137221
0.03083035
0.03083035
0.03083035
0.04164415
0.04164415
0.04164415
0.04047582
0.04047582
0.04047582
0.04899435
0.04899435
0.04899435
0.02764235
0.01268369
0.01268369
0.01268369
0.02984508
0.04932579
0.04932579
0.04932579
0.04932579
0.04932579
0.04932579
0.04932579
0.04124003
0.01855578
0.01479418
0.01479418
0.01479418
0.02674313
0.03810906
0.03810906
0.03810906
0.03810906
0.04645959
0.04645959
0.04645959
0.02563896
0.01165343
0.01165343
0.01165343
0.02185745
0.04231825
0.04231825
0.04231825
0.04134168
0.04134168
0.04134168
0.04134168
0.02954199
0.02418057
0.02418057
0.02418057
0.04027251
0.04027251
0.04027251
0.04027251
0.04027251
0.04027251
0.04903103
0.06441032
0.06723234
0.07558609
0.07558609
0.07558609
0.07043428
0.05232469
0.04627728
0.04627728
0.04627728
0.04627728
0.04627728
0.04627728
0.0815195
0.09918043
0.10444328
0.10444328
0.10444328
0.10444328
0.10444328
0.10444328
0.10444328
0.10664256
0.10664256
0.10664256
0.103677
0.103677
0.07966258
0.07332584
0.07332584
0.0705178
0.06480835
0.06138762
0.06138762
0.06138762
0.07970226
0.07970226
0.08012068
0.1267325
0.13096884
0.13116038
0.1501504
0.16912824
0.17066785
0.17066785
0.17066785
0.17066785
0.1624097
0.1624097
0.1624097
0.15539885
0.15539885
0.15539885
0.26166409
0.26166409
0.26166409
0.29121669
0.31177896
0.31177896
0.31177896
0.29562535
0.28900389
0.28900389
0.27992933
0.25340148
0.23728235
0.21440391
0.21186309
0.19678437
0.18318073
0.17204927
0.08149223
0.08149223
0.08149223
0.09803638
0.10171509
0.10171509
0.10171509
0.10171509
0.12307989
0.14561317
0.14561317
0.2443095
0.2443095
0.2443095
0.08119072
0.04280268
0.04280268
0.04280268
0.08830008
0.08830008
0.08830008
0.06631342
0.05082737
0.05082737
0.05082737
0.05082737
0.07323317
0.21176135
0.21176135
0.21176135
0.21176135
0.21176135
0.1256923
0.1256923
0.1256923
0.1256923
0.09529186
0.09529186
0.09529186
0.09529186
0.13134824
0.18717008
0.18717008
0.18717008
0.18717008
0.18717008
0.13760725
0.13760725
0.10806571
0.10806571
0.10806571
0.13648009
0.16231498
0.17036203
0.17597883
0.17597883
0.17597883
0.15328369
0.13318788
0.1025344
0.07959323
0.07834694
0.05161872
0.04818995
0.02799242
0.02180308
0.01744592
0.01744592
0.01744592
0.01856777
0.01856777
0.01856777
0.01856777
0.01856777
0.01856777
0.01856777
0.01856777
0.16752569
0.16752569
0.1704642
0.17049461
0.17049461
0.17049461
0.17049461
0.16573774
0.15197413
0.1391854
0.1208649
0.10672775
0.05098827
0.02113854
0.02113854
0.02113854
0.03003765
0.03716685
0.0387466
0.04632978
0.06745223
0.08295779
0.10086039
0.10269763
0.11245381
0.11245381
0.11245381
0.09952376
0.08383813
0.05827206
0.05827206
0.04180731
0.03910335
0.03910335
0.03910335
0.03655485
0.03258706
0.02632908
0.02474033
0.02474033
0.02474033
0.03611844
0.06071963
0.08167802
0.08732847
0.11826087
0.11826087
0.11826087
0.11632078
0.10157909
0.09721451
0.07048839
0.05283422
0.04661673
0.03679173
0.0331238
0.02677758
0.02677758
0.02677758
0.02677758
0.02677758
0.02677758
0.02677758
0.01827139
0.01827139
0.01827139
0.03114271
0.03174607
0.03174607
0.03174607
0.04073902
0.04073902
0.04238856
0.07368049
0.07368049
0.0832175
0.08699356
0.08699356
0.09638134
0.10546066
0.10899441
0.10899441
0.10899441
0.07018734
0.03461203
0.03461203
0.03461203
0.02729226
0.02729226
0.02729226
0.02729226
0.02729226
0.01479802
0.01479802
0.01479802
0.03057733
0.03057733
0.03057733
0.00882715
0.00882715
0.00882715
0.02603317
0.02603317
0.03113904
0.03113904
0.03113904
0.03070459
0.03070459
0.03070459
0.03488361
0.03488361
0.03488361
0.03067407
0.03067407
0.02853368
0.02853368
0.02853368
0.02853368
0.02680788
0.02680788
0.02680788
0.02680788
0.02680788
0.02680788
0.02680788
0.02680788
0.02416961
0.02416961
0.02416961
0.02416961
0.02416961
0.02416961
0.02162489
0.01721646
0.0157816
0.0157816
0.0157816
0.0157816
0.0157816
0.01667273
0.01931953
0.01931953
0.01931953
0.01931953
0.01834536
0.01834536
0.01834536
0.01834536
0.01722802
0.01722802
0.01722802
0.01669912
0.01669912
0.01669912
0.01669912
0.01669912
0.01669912
0.01669912
0.01639182
0.01639182
0.01639182
0.01639182
0.01639182
0.01639182
0.01639182
0.01639182
0.01639182
0.01639182
0.01764024
0.01764024
0.01764024
0.01764024
0.01764024
0.01764024
0.01764024
0.01764024
0.01382476
0.01382476
0.01382476
0.01382476
0.01382476
0.01382476
0.01382476
0.01978709
0.01978709
0.01978709
0.01927594
0.01927594
0.01927594
0.01720047
0.01720047
0.01720047
0.01720047
0.01531876
0.01531876
0.01531876
0.01531876
0.01531876
0.01547946
0.01547946
0.01547946
0.0168901
0.02030033
0.02030033
0.02030033
0.02030033
0.02030033
0.02030033
0.01868484
0.01868484
0.01868484
0.02000952
0.02000952
0.02000952
0.02000952
0.02000952
0.026439
0.026439
0.026439
0.026439
0.026439
0.026439
0.026439
0.026439
0.026439
0.026439
0.026439
0.03000888
0.03302325
0.03938891
0.03960492
0.04583938
0.05057456
0.06224806
0.06855026
0.08525086
0.11105263
0.13195294
0.21262316
0.35248572
0.50875875
0.68041957
1.0
1.0
1.0
0.05654631
0.04211279
0.04211279
0.04211279
0.08758788
0.08758788
0.08758788
0.08217937
0.08217937
0.08217937
0.08217937
0.08217937
0.08856626
0.15932423
0.15932423
0.15932423
0.15932423
0.15932423
0.08913328
0.0406824
0.0406824
0.0406824
0.05033869
0.05755536
0.06558522
0.06558522
0.06558522
0.06648454
0.08039155
0.08039155
0.08039155
0.08039155
0.08829857
0.11057477
0.11057477
0.11057477
0.11348672
0.1175403
0.14216344
0.17510863
0.20047104
0.25641072
0.31575895
0.36384984
0.40841285
0.40841285
0.40841285
0.13354693
0.05308661
0.00876844
0.00876844
0.00876844
0.00876844
0.00876844
0.00876844
0.00876844
0.00876844
0.00876844
0.00876844
0.00876844
0.00876844
0.00124642
0.0
0.0
0.0
0.00035417
0.0017837
0.00725723
0.00785785
0.01043229
0.01043229
0.01043229
0.008854
0.008854
0.008854
0.01174929
0.01726465
0.01726465
0.02246687
0.04492561
0.11621527
0.22843099
0.22843099
0.22843099
0.22843099
0.19936897
0.19936897
0.04777666
0.04777666
0.04350888
0.04350888
0.04350888
0.04350888
0.04245511
0.04245511
0.03315858
0.03231346
0.02917935
0.02531944
0.02172907
0.02172907
0.02172907
0.02172907
0.02172907
0.02172907
0.02172907
0.02172907
0.02172907
0.02172907
0.02172907
0.02172907
0.02172907
0.02609087
0.02609087
0.03429303
0.03760871
0.0594487
0.06486749
0.06486749
0.07135289
0.07447782
0.08762246
0.09918447
0.10808014
0.12706436
0.13905415
0.1487621
0.1598201
0.1598201
0.1598201
0.1598201
0.16027544
0.16027544
0.16027544
0.16027544
0.16027544
0.16027544
0.16027544
0.13692761
0.1329332
0.13000574
0.12314187
0.10868745
0.10568667
0.10568667
0.10568667
0.10568667
0.10055577
0.10055577
0.0805443
0.07900329
0.07349296
0.06556557
0.06235913
0.05222353
0.04469356
0.04469356
0.03694411
0.03694411
0.03139131
0.02768298
0.02768298
0.02768298
0.02768298
0.02548724
0.02065926
0.02065926
0.02065926
0.0168324
0.0168324
0.0168324
0.01799426
0.01802979
0.01802979
0.01802979
0.01802979
0.01802979
0.0177803
0.0177803
0.0177803
0.0177803
0.0177803
0.0177803
0.0177803
0.01353358
0.01353358
0.01353358
0.01353358
0.01283926
0.01283926
0.01283926
0.01283926
0.01283926
0.01283926
0.01283926
0.01283926
0.01283926
0.01283926
0.01283926
0.01341422
0.02739025
0.18130192
0.20610918
0.20610918
0.20610918
0.20610918
0.19536122
0.05044366
0.02828432
0.02828432
0.02828432
0.02828432
0.02828432
0.02828432
0.02828432
0.02828432
0.02828432
0.02839606
0.03562366
0.03562366
0.03562366
0.03562366
0.03562366
0.03562366
0.03562366
0.03562366
0.03357064
0.03357064
0.03357064
0.04373404
0.04373404
0.04373404
0.04154589
0.04154589
0.04154589
0.04556995
0.04556995
0.04556995
0.04556995
0.04556995
0.04556995
0.04556995
0.04556995
0.04565042
0.04565042
0.04565042
0.04565042
0.04565042
0.05074687
0.05074687
0.05417584
0.05417584
0.05417584
0.05417584
0.04839654
0.03259872
0.03259872
0.03259872
0.03259872
0.03259872
0.035168
0.13101224
0.17423039
0.17423039
0.17423039
0.12754976
0.11493722
0.11493722
0.11493722
0.2163653
0.22929799
0.22929799
0.22929799
0.22348399
0.07743207
0.07743207
0.05476692
0.03944011
0.02914503
0.02914503
0.02914503
0.02914503
0.03478644
0.03478644
0.03478644
0.03478644
0.03278118
0.03278118
0.03278118
0.03278118
0.03278118
0.03278118
0.03278118
0.03278118
0.03278118
0.03050642
0.03050642
0.02921719
0.02921719
0.02921719
0.03127053
0.03127053
0.03127053
0.03127053
0.03127053
0.03127053
0.03127053
0.05820462
0.05820462
0.10115283
0.15761412
0.29300187
0.29300187
0.29300187
0.12037514
0.05078874
0.02878166
0.01920021
0.01920021
0.01920021
0.01920021
0.01920021
0.01920021
0.01965555
0.01965555
0.01965555
0.01965555
0.01965555
0.01965555
0.01965555
0.02477606
0.02477606
0.02477606
0.02477606
0.03239013
0.03239013
0.03239013
0.03239013
0.03239013
0.03239013
0.03239013
0.06005419
0.06005419
0.06005419
0.06774386
0.06774386
0.07689875
0.08161996
0.17871739
0.18578785
0.18950367
0.21665513
0.28093379
0.28093379
0.28093379
0.20320228
0.20320228
0.12644524
0.11326076
0.08174893
0.07022211
0.07022211
0.07022211
0.07022211
0.07022211
0.06977525
0.06622606
0.06541294
0.03498219
0.03498219
0.03498219
0.03498219
0.03498219
0.03498219
0.03498219
0.03380532
0.03380532
0.03380532
0.03380532
0.01741496
0.01741496
0.01741496
0.01741496
0.01741496
0.01741496
0.01826042
0.01826042
0.01826042
0.01826042
0.01844253
0.01844253
0.02975175
0.03164602
0.03164602
0.03164602
0.03164602
0.03164602
0.03164602
0.03164602
0.03164602
0.03164602
0.03164602
0.03164602
0.03164602
0.03164602
0.03549439
0.04211592
0.04211592
0.04211592
0.04211592
0.04211592
0.04211592
0.04211592
0.04211592
0.04211592
0.04211592
0.04211592
0.04211592
0.04211592
0.04211592
0.04211592
0.04211592
0.13021138
0.13021138
0.13021138
0.13021138
0.13021138
0.13021138
0.13332208
0.13751452
0.13751452
0.13751452
0.13390172
0.12207431
0.09939951
0.06292523
0.05378309
0.05378309
0.05378309
0.05909056
0.06225851
0.06850291
0.06850291
0.06850291
0.06850291
0.06850291
0.06850291
0.06850291
0.06850291
0.06850291
0.06850291
0.06959242
0.07659537
0.11852734
0.13046476
0.13771065
0.13771065
0.13771065
0.13771065
0.14180531
0.14180531
0.14180531
0.14180531
