0.01503851
0.01743163
0.01743163
0.01982326
0.01982326
0.01982326
0.01679046
0.01208232
0.01208232
0.01208232
0.00925031
0.00903195
0.00903195
0.00903195
0.00903195
0.00903195
0.00903195
0.00903195
0.00903195
0.00905693
0.00905693
0.00905693
0.00905693
0.00905693
0.00905693
0.00905693
0.00905693
0.00855255
0.00855255
0.00357362
0.00357362
0.00295875
0.00295875
0.00295875
0.00295875
0.00383026
0.00383026
0.00383026
0.00198531
0.00198531
0.00198531
0.00198531
0.00128889
0.00128889
0.00128889
0.00128889
0.00128889
0.00128889
0.00128889
0.00128889
0.00128889
0.00128889
0.00128889
0.00104244
0.00104244
0.00104244
0.00104244
0.00104244
0.00104244
0.00104244
0.00104244
0.00200908
0.00200908
0.00200908
0.00106
0.00106
0.00106
0.00282613
0.00282613
0.00282613
0.00282613
0.00282613
0.00282613
0.00282613
0.00282613
0.00225244
0.00225244
0.00225244
0.01639845
0.01639845
0.01639845
0.01518303
0.01518303
0.01518303
0.01518303
0.01518303
0.01312278
0.01312278
0.01312278
0.01312278
0.01079437
0.01079437
0.01032045
0.01032045
0.00965824
0.00965824
0.00753546
0.00753546
0.00753546
0.00753546
0.00753546
0.0061184
0.0061184
0.0061184
0.00656344
0.00656344
0.00666135
0.00666135
0.00666135
0.00436198
0.00327747
0.00327747
0.00327747
0.00327747
0.00327747
0.00327747
0.00327747
0.00327747
0.0
0.0
0.0
0.0
0.0
0.00115495
0.00115495
0.00115495
0.00100807
0.00035544
0.00035544
0.00035544
0.00035544
0.00035544
0.00035544
0.00118432
0.00185951
0.00185951
0.00185951
0.00185951
0.00185951
0.00185951
0.00185951
0.00185951
0.00185951
0.0011805
0.0011805
0.0011805
0.0011805
0.0011805
0.0011805
0.00162967
0.00162967
0.00162967
0.00162967
0.00162967
0.0089762
0.0089762
0.0089762
0.0089762
0.0089762
0.0089762
0.0089762
0.0089762
0.0089762
0.0085926
0.0085926
0.0085926
0.0085926
0.0085926
0.0085926
0.0085926
0.00642241
0.00610958
0.00610958
0.00610958
0.00610958
0.00610958
0.00610958
0.00610958
0.00610958
0.00610958
0.00610958
0.00610958
0.00610958
0.00610958
0.00628637
0.00628637
0.00628637
0.00628637
0.01224869
0.01224869
0.01224869
0.01224869
0.00996156
0.00926363
0.00926363
0.00926363
0.01083549
0.01083549
0.01083549
0.01032407
0.01032407
0.01032407
0.01032407
0.01032407
0.01032407
0.01032407
0.01032407
0.01032407
0.01032407
0.01032407
0.00686515
0.00670564
0.00670564
0.00670564
0.00670564
0.00670564
0.00670564
0.00986587
0.00986587
0.00986587
0.00397916
0.00271459
0.00271459
0.00271459
0.00601781
0.00601781
0.00601781
0.00601781
0.01224862
0.01224862
0.01224862
0.00459871
0.00459871
0.00459871
0.00826167
0.00835906
0.01267657
0.01267657
0.01267657
0.00173206
0.00129623
0.00129623
0.00129623
0.00129623
0.00341123
0.00341123
0.00341123
0.00341123
0.00341123
0.00341123
0.00341123
0.00748718
0.01161879
0.01436427
0.01436427
0.01436427
0.01436427
0.01436427
0.01436427
0.01520439
0.01520439
0.01520439
0.01520439
0.01520439
0.01520439
0.01520439
0.01520439
0.01520439
0.01520439
0.01287906
0.01287906
0.01287906
0.01450008
0.01450008
0.01450008
0.01450008
0.01450008
0.01450008
0.01145277
0.01145277
0.01145277
0.00960048
0.00960048
0.00960048
0.0098625
0.0098625
0.01460611
0.01460611
0.01460611
0.01460611
0.01557464
0.01557464
0.01557464
0.01557464
0.01557464
0.01524055
0.01524055
0.01524055
0.01558797
0.01558797
0.01751733
0.01822532
0.01822532
0.01918042
0.01918042
0.01918042
0.01918042
0.01918042
0.01899769
0.01899769
0.01899769
0.01899769
0.01899769
0.01899769
0.01899769
0.01899769
0.01899769
0.01899769
0.01899769
0.01899769
0.01899769
0.01906324
0.01906324
0.01906324
0.01906324
0.01906324
0.01906324
0.01906324
0.01906324
0.01878542
0.01878542
0.01878542
0.01878542
0.01878542
0.01878542
0.01878542
0.0184722
0.0184722
0.0184722
0.01882195
0.01882195
0.01882195
0.01882195
0.01882195
0.01882195
0.01882195
0.01882195
0.01882195
0.01967212
0.01967212
0.01967212
0.01967212
0.02016504
0.02083221
0.02083221
0.02083221
0.02083221
0.02083221
0.02083221
0.02083221
0.02083221
0.02083221
0.02083221
0.02083221
0.02083221
0.02083221
0.02083221
0.02083221
0.02083221
0.02083221
0.02083221
0.02083221
0.02083221
0.02083221
0.02083221
0.02083221
0.02046012
0.02046012
0.02046012
0.02046012
0.02046012
0.02046012
0.02046012
0.0209545
0.0209545
0.0209545
0.0209545
0.0209545
0.0209545
0.0209545
0.0209545
0.0209545
0.02185543
0.02185543
0.02185543
0.02185543
0.02185543
0.02185543
0.02185543
0.02185543
0.02185543
0.02185543
0.02185543
0.02185543
0.02185543
0.02185543
0.0208723
0.0208723
0.0208723
0.0208723
0.0208723
0.0208723
0.02126906
0.02126906
0.02126906
0.02126906
0.02126906
0.02144108
0.02144108
0.02144108
0.02144108
0.02144108
0.02575906
0.02575906
0.0373755
0.0373755
0.0373755
0.0373755
0.0373755
0.038281
0.038281
0.038281
0.038281
0.02919565
0.02919565
0.02919565
0.02919565
0.02919565
0.02919565
0.02304631
0.02304631
0.02304631
0.02304631
0.0215194
0.0215194
0.0215194
0.02277804
0.02277804
0.02277804
0.02277804
0.02277804
0.02277804
0.02114743
0.02114743
0.02114743
0.02114743
0.02114743
0.02114743
0.02114743
0.02114743
0.02059705
0.02059705
0.02059705
0.01668905
0.01668905
0.01668905
0.01668905
0.01615785
0.01615785
0.01615785
0.01615785
0.01615785
0.01615785
0.01615785
0.01615785
0.01615785
0.01615785
0.01616504
0.01947422
0.01947422
0.01947422
0.01947422
0.01947422
0.01947422
0.01886424
0.01400926
0.01400926
0.01400926
0.01400926
0.01400926
0.01400926
0.01400926
0.01400926
0.01400926
0.01400926
0.01375372
0.01071591
0.01071591
0.01071591
0.01444056
0.01444056
0.01444056
0.01444056
0.01444056
0.01444056
0.01444056
0.01444056
0.01444056
0.01444056
0.01356164
0.01144322
0.01144322
0.01144322
0.01144322
0.01144322
0.01144322
0.01144322
0.01144322
0.01144322
0.01144322
0.01144322
0.01144322
0.01144322
0.01144322
0.01213435
0.01213435
0.01213435
0.01095444
0.01095444
0.01095444
0.01095444
0.01095444
0.01095444
0.01289089
0.02044708
0.02044708
0.02044708
0.02044708
0.02044708
0.01148648
0.01148648
0.01148648
0.01148648
0.01148648
0.01148648
0.01552524
0.01552524
0.03890311
0.03890311
0.03890311
0.02070854
0.02070854
0.02070854
0.02070854
0.02070854
0.02070854
0.02216927
0.02216927
0.02216927
0.02216927
0.02331208
0.02331208
0.02331208
0.02752951
0.02752951
0.03305229
0.03305229
0.03305229
0.03305229
0.03305229
0.04027951
0.04027951
0.04027951
0.04027951
0.04027951
0.01827986
0.01426731
0.01426731
0.01426731
0.01426731
0.01426731
0.01426731
0.01426731
0.01176015
0.01176015
0.01175866
0.01175866
0.01175866
0.0157771
0.0157771
0.0157771
0.0157771
0.02451557
0.02451557
0.02451557
0.02121095
0.02121095
0.02072011
0.02072011
0.02072011
0.0229497
0.0229497
0.0229497
0.0229497
0.0229497
0.0229497
0.02140371
0.02140371
0.02140371
0.02326379
0.02326379
0.02326379
0.03326889
0.03478272
0.03478272
0.03478272
0.03478272
0.03647188
0.03786109
0.03786109
0.03786109
0.04121558
0.04121558
0.04121558
0.04180882
0.04180882
0.04693272
0.04693272
0.04693272
0.04693272
0.04693272
0.04693272
0.04463637
0.04463637
0.04234837
0.04234837
0.04234837
0.04234837
0.03246283
0.03062379
0.03062379
0.03062379
0.04060945
0.0421763
0.0421763
0.0421763
0.0421763
0.0421763
0.0421763
0.0421763
0.0421763
0.04482834
0.04482834
0.04482834
0.04207649
0.04038732
0.04038732
0.04038732
0.04038732
0.04038732
0.04038732
0.04038732
0.01707072
0.01707072
0.01707072
0.01707072
0.01707072
0.01707072
0.01707072
0.01707072
0.01707072
0.02501968
0.02501968
0.02501968
0.01971834
0.01533493
0.01533493
0.01533493
0.00811413
0.00811413
0.00598268
0.00598268
0.00598268
0.0112605
0.0112605
0.0112605
0.0112605
0.0112605
0.01329516
0.01371056
0.01371056
0.01652464
0.02373087
0.02373087
0.02373087
0.02373087
0.01040886
0.00670633
0.00670633
0.00670633
0.00670633
0.01033229
0.0132066
0.01328898
0.01485492
0.01485492
0.01485492
0.02349449
0.02349449
0.02349449
0.0184611
0.0184611
0.0184611
0.0184611
0.0184611
0.0184611
0.0184611
0.00648539
0.00648539
0.00648539
0.00826597
0.00826597
0.00826597
0.00570609
0.00570609
0.00482971
0.00482971
0.00482971
0.01110257
0.01651978
0.01746425
0.01746425
0.01746425
0.01746425
0.01746425
0.01746425
0.01746425
0.01746425
0.01746425
0.01026367
0.01026367
0.01026367
0.01026367
0.01026367
0.01026367
0.01026367
0.01084023
0.01084023
0.01084023
0.01279437
0.01279437
0.01279437
0.01279437
0.01279437
0.01279437
0.01279437
0.01279437
0.01279437
0.01470574
0.01470574
0.01470574
0.01470574
0.01470574
0.0141327
0.0141327
0.0141327
0.0141327
0.0141327
0.01367389
0.01367389
0.01367389
0.01377715
0.0140976
0.0140976
0.0140976
0.0140976
0.0140976
0.0140976
0.0140976
0.01560111
0.01685421
0.01685421
0.01685421
0.01350419
0.01350419
0.01350419
0.01350419
0.01350419
0.01350419
0.01350419
0.01350419
0.01350419
0.01350419
0.01350419
0.01369711
0.01369711
0.01369711
0.01369711
0.01369711
0.01369711
0.01369711
0.01369711
0.01369711
0.01369711
0.01369711
0.01369711
0.01599837
0.01599837
0.01599837
0.01599837
0.01345312
0.01345312
0.00644727
0.00644727
0.00644727
0.00644727
0.00889722
0.00889722
0.00889722
0.00889722
0.00889722
0.00889722
0.0091209
0.0091209
0.0099921
0.0099921
0.01499962
0.01499962
0.01499962
0.01182718
0.00994981
0.00962064
0.00962064
0.00962064
0.00973843
0.00973843
0.00973843
0.00973843
0.00973843
0.00973843
0.00973843
0.00973843
0.00973843
0.01187157
0.01388975
0.01388975
0.01692587
0.02161124
0.02161124
0.02161124
0.02016441
0.02016441
0.02016441
0.02016441
0.0193182
0.0193182
0.0193182
0.01615618
0.01615618
0.01608429
0.01608429
0.01468494
0.01468494
0.01063238
0.01063238
0.01063238
0.01422238
0.01422238
0.01875561
0.01875561
0.01980591
0.01980591
0.01980591
0.01980591
0.01980591
0.01980591
0.01908567
0.0167248
0.0167248
0.0167248
0.0167248
0.0167248
0.0167248
0.0167248
0.0167248
0.0167248
0.0167248
0.01473089
0.01473089
0.01473089
0.01575814
0.01575814
0.01575814
0.01575814
0.01575814
0.01575814
0.01575814
0.01575814
0.01575814
0.01575814
0.01575814
0.01584336
0.01584336
0.01584336
0.01584336
0.01807174
0.01807174
0.01807174
0.01807174
0.01807174
0.01820534
0.01820534
0.01820534
0.01820534
0.01820534
0.01820534
0.01820534
0.01820534
0.01820534
0.01529001
0.01192465
0.01161922
0.01161922
0.01161922
0.01169147
0.01169147
0.01169147
0.01169147
0.01169147
0.01648962
0.01648962
0.01648962
0.01252573
0.01252573
0.01252573
0.01305962
0.01305962
0.01305962
0.01305962
0.01305962
0.01305962
0.01174766
0.01174766
0.01174766
0.01174766
0.01174766
0.01174766
0.01295996
0.01295996
0.01295996
0.01295996
0.01434156
0.01434156
0.01434156
0.01434156
0.01434156
0.01434156
0.01436445
0.01436445
0.01436445
0.01436445
0.01436445
0.01436445
0.01436445
0.01436445
0.01436445
0.01436445
0.01436445
0.01436445
0.01436445
0.01436445
0.01192263
0.01054101
0.01054101
0.01054101
0.01144019
0.01144019
0.01144019
0.01144019
0.01144019
0.03947444
0.04036997
0.04036997
0.04036997
0.03899991
0.03680694
0.03680694
0.03680694
0.03680694
0.03680694
0.03680694
0.03680694
0.03680694
0.03680694
0.03680694
0.03760261
0.03760261
0.03760261
0.03586397
0.03399103
0.02994584
0.02994584
0.02994584
0.02994584
0.03125589
0.03125589
0.03125589
0.03384212
0.03486536
0.03595241
0.03595241
0.03765137
0.03765137
0.03765137
0.03718559
0.0355185
0.03112411
0.03017554
0.03017554
0.02665648
0.02573989
0.02573989
0.02374886
0.02374886
0.02374886
0.02374886
0.02374886
0.02374886
0.02124631
0.02016379
0.02016379
0.02016379
0.02016379
0.02016379
0.02016379
0.02016379
0.02016379
0.01968762
0.01968762
0.01968762
0.02007959
0.02007959
0.02062147
0.02430737
0.02430737
0.02430737
0.02430737
0.02645966
0.02645966
0.02645966
0.02510524
0.02510524
0.0244145
0.02208026
0.02208026
0.02208026
0.01763484
0.01763484
0.01763484
0.01763484
0.01842901
0.01842901
0.01842901
0.0227288
0.0227288
0.02344925
0.02463553
0.02463553
0.02463553
0.02463553
0.02413624
0.02413624
0.02262285
0.02262285
0.02262285
0.02262285
0.02262285
0.02226783
0.02033661
0.02033661
0.02033661
0.02033661
0.02033661
0.02033661
0.02033661
0.02033661
0.02033661
0.02033661
0.0183847
0.0183847
0.01763145
0.01763145
0.01763145
0.01591825
0.01591825
0.01435108
0.01435108
0.01435108
0.01435108
0.01435108
0.01638186
0.01638186
0.01638186
0.01685502
0.0194272
0.01985777
0.02505904
0.02567733
0.02567733
0.02567733
0.03050989
0.03050989
0.03050989
0.03050989
0.03050989
0.03050989
0.03050989
0.02339185
0.02339185
0.02339185
0.02339185
0.02339185
0.02512316
0.02512316
0.02561723
0.02674211
0.03597167
0.03597167
0.03597167
0.03597167
0.03597167
0.03662402
0.03662402
0.03662402
0.03662402
0.03729362
0.03920057
0.04027755
0.04027755
0.04027755
0.03527377
0.03527377
0.03527377
0.03527377
0.03346513
0.03346513
0.03346513
0.03346513
0.03346513
0.03346513
0.03346513
0.03346513
0.03346513
0.03346513
0.02031602
0.02031602
0.02031602
0.02077281
0.02077281
0.02077281
0.02111104
0.02111104
0.02111104
0.02111104
0.02111104
0.02150359
0.02789781
0.03000503
0.03000503
0.03000503
0.03000503
0.02967747
0.02656681
0.02527377
0.02527377
0.02527377
0.0228904
0.0228904
0.0228904
0.0228904
0.0228904
0.0228904
0.0228904
0.01499751
0.01499751
0.01499751
0.01499751
0.01499751
0.01353896
0.01353896
0.01353896
0.0140048
0.0140048
0.0140048
0.01573452
0.01597166
0.01998546
0.01998546
0.01998546
0.01998546
0.01998546
0.02273355
0.02375719
0.03194968
0.03194968
0.03194968
0.03194968
0.03547144
0.03747598
0.03747598
0.03747598
0.03744996
0.03079753
0.02938858
0.02889055
0.02889055
0.02889055
0.0360175
0.0360175
0.0360175
0.0342345
0.0342345
0.0342345
0.0342345
0.0342345
0.0342345
0.0342345
0.02867014
0.02840655
0.02710026
0.02710026
0.0270496
0.02704922
0.02704922
0.02429425
0.02429425
0.02429425
0.02096173
0.02096173
0.02096173
0.02163127
0.02612538
0.02612538
0.02691055
0.02691055
0.02691055
0.02929693
0.02929693
0.02929693
0.02929693
0.02929693
0.03324527
0.03324527
0.03324527
0.03702907
0.03702907
0.03702907
0.03702907
0.03702907
0.03702907
0.03475324
0.03450344
0.03416023
0.03001587
0.03001587
0.02571276
0.02571276
0.02571276
0.02571276
0.02571276
0.02571276
0.02571276
0.02571276
0.02571276
0.02436353
0.02436353
0.02436353
0.02626011
0.02626011
0.02626011
0.02626011
0.02626011
0.02626011
0.02626011
0.0219312
0.0219312
0.01642149
0.01549054
0.01549054
0.01549054
0.01549054
0.01549054
0.01549054
0.01549054
0.01374484
0.01374484
0.01374484
0.01302924
0.01302924
0.01302924
0.01302924
0.01302924
0.01376218
0.01376218
0.01376218
0.01467248
0.01713196
0.01713196
0.01713196
0.01713196
0.01739434
0.03538816
0.0554027
0.0554027
0.0554027
0.0554027
0.02570538
0.02023799
0.01962789
0.01962789
0.01962789
0.01962789
0.01962789
0.01962789
0.01962789
0.03765292
0.03765292
0.03765292
0.03521202
0.03521202
0.03521202
0.03996486
0.03996486
0.03996486
0.03996486
0.03996486
0.03996486
0.03996486
0.03996486
0.03075278
0.03075278
0.02890967
0.02890967
0.02890967
0.02641962
0.02482144
0.02377748
0.02377748
0.02377748
0.0260975
0.0260975
0.0260975
0.02223719
0.01398966
0.01398966
0.01398966
0.01398966
0.01398966
0.01398966
0.01398966
0.01726952
0.01726952
0.01726952
0.01726952
0.01726952
0.01726952
0.01726952
0.01755905
0.01755905
0.01755905
0.02407496
0.02407496
0.02407496
0.01762042
0.01762042
0.0164994
0.0164994
0.0164994
0.0164994
0.0164994
0.0164994
0.0164994
0.0164994
0.0164994
0.0164994
0.0164994
0.0164994
0.01509716
0.01509716
0.01185773
0.01185773
0.01185773
0.01185773
0.01185773
0.01374239
0.01374239
0.01511782
0.01511782
0.01511782
0.01511782
0.01511782
0.01511782
0.01511782
0.01511782
0.0190521
0.0190521
0.0190521
0.01890136
0.01890136
0.01592922
0.01592922
0.01592922
0.01592922
0.01592922
0.01592922
0.0119096
0.0119096
0.0119096
0.0119096
0.0119096
0.0119096
0.0119096
0.01169082
0.01169082
0.01169082
0.01169082
0.01169082
0.01169082
0.01169082
0.01169082
0.01119161
0.01119161
0.01119161
0.01119161
0.01119161
0.01121115
0.01121115
0.01121115
0.01121115
0.01121115
0.01121115
0.01616792
0.0162832
0.0162832
0.0162832
0.0162832
0.0162832
0.0162832
0.0162832
0.0162832
0.0162832
0.0162832
0.0161472
0.01583248
0.01583248
0.01583248
0.01583248
0.01978049
0.01978049
0.01978049
0.01632002
0.01632002
0.01632002
0.01632002
0.01632002
0.01177929
0.01177929
0.01177929
0.01177929
0.01177929
0.01177929
0.01177929
0.00567797
0.00567797
0.00567797
0.00567797
0.00567797
0.00567797
0.00469543
0.00469543
0.00469543
0.01096591
0.01096591
0.01096591
0.01096591
0.01096591
0.01096591
0.01096591
0.01096591
0.01096591
0.01497527
0.01497527
0.01497527
0.01497527
0.00732014
0.00609175
0.00609175
0.00609175
0.00609175
0.00609175
0.0032774
0.002798
0.002798
0.002798
0.00427734
0.00507063
0.00753405
0.00753405
0.00753405
0.00753405
0.00753405
0.00753405
0.00753405
0.00753405
0.00753405
0.01082776
0.01082776
0.01082776
0.01082776
0.01082776
0.01082776
0.01082776
0.01082776
0.01082776
0.01082776
0.01082776
0.01082776
0.01082776
0.00788047
0.00788047
0.00788047
0.00788047
0.00788047
0.00843033
0.01339284
0.01339284
0.01339284
0.01339284
0.01339284
0.0107618
0.0107618
0.0107618
0.00924326
0.00924326
0.00924326
0.00924326
0.00924326
0.00924326
0.00914171
0.00914171
0.00914171
0.00914171
0.00914171
0.00914171
0.00914171
0.00914171
0.01171572
0.0161752
0.0161752
0.0161752
0.0161752
0.00916865
0.00768434
0.00768434
0.00768434
0.00768434
0.00768434
0.00768434
0.00768434
0.00768434
0.00768434
0.00768434
0.00768434
0.00707121
0.00707121
0.00707121
0.00707121
0.00707121
0.00707121
0.0112259
0.0112259
0.0112259
0.0112259
0.00940101
0.00940101
0.00940101
0.00940101
0.00940101
0.00940101
0.00940101
0.00940101
0.00940101
0.00940101
0.00940101
0.00940101
0.00940101
0.00940101
0.00940101
0.00940101
0.00940101
0.00940101
0.00940101
0.00940101
0.00940101
0.00940101
0.00940101
0.00940101
0.00940101
0.00940101
0.00940101
0.00940101
0.00940101
0.00940101
0.00940101
0.00940101
0.00940101
0.00940101
0.00940101
0.00918942
0.00918942
0.00918942
0.00969615
0.00969615
0.0112789
0.0112789
0.0112789
0.0112789
0.00959629
0.0076676
0.00753772
0.00618031
0.00618031
0.00618031
0.00870192
0.00870192
0.00879067
0.00935187
0.00935187
0.00935187
0.0085625
0.0085625
0.0085625
0.0085625
0.0085625
0.00664662
0.00664662
0.00664662
0.00762271
0.00762271
0.00762271
0.00762271
0.00762271
0.00903475
0.00956992
0.00956992
0.01113064
0.01113064
0.01113064
0.01543732
0.01543732
0.01543732
0.01216983
0.01216983
0.00954131
0.00954131
0.00753232
0.00753232
0.00753232
0.00982684
0.00982684
0.00982684
0.01061394
0.01061394
0.01061394
0.01061394
0.01061394
0.01061394
0.00861575
0.00861575
0.00861575
0.00704492
0.00704492
0.00704492
0.00757846
0.00757846
0.00757846
0.00757846
0.00932797
0.00932797
0.00932797
0.00932797
0.00932797
0.00932797
0.01042653
0.01042653
0.01042653
0.01042653
0.01042653
0.01042653
0.01042653
0.01042653
0.01042653
0.01042653
0.01042653
0.00927752
0.00927752
0.00925594
0.00925594
0.00925594
0.00925594
0.00925594
0.00925594
0.00925594
0.00925594
0.00925594
0.00925594
0.0075281
0.0075281
0.0075281
0.0075281
0.00642065
0.00642065
0.00642065
0.00642065
0.00642065
0.00749027
0.00749027
0.00749027
0.00878293
0.00878293
0.00878293
0.00878293
0.00878293
0.00878293
0.00878293
0.00878293
0.00878293
0.00878293
0.00862276
0.00862276
0.00862276
0.00861552
0.00861552
0.00747375
0.00747375
0.00747375
0.00845745
0.00848711
0.00848711
0.00848711
0.00848711
0.00848711
0.00848711
0.00848711
0.00848711
0.01072631
0.01072631
0.01072631
0.01072631
0.01072631
0.01072631
0.01072631
0.01185512
0.01185512
0.01185512
0.01185512
0.01420659
0.01484569
0.01484569
0.01484569
0.01484569
0.01484569
0.01484569
0.00953972
0.00837798
0.00826387
0.00826387
0.00826387
0.00826387
0.0078254
0.0078254
0.0078254
0.0078254
0.0078254
0.0078254
0.0078254
0.0078254
0.0078254
0.00698287
0.00369079
0.00369079
0.00369079
0.00369079
0.00369079
0.00369079
0.00369079
0.00369079
0.00369079
0.00369079
0.00369079
0.00369079
0.00369079
0.00643999
0.00643999
0.00643999
0.00659709
0.0111569
0.01241931
0.01753367
0.01753367
0.01753367
0.01607905
0.01607905
0.01607905
0.01607905
0.00779214
0.00779214
0.00779214
0.00727029
0.00727029
0.00496538
0.00496538
0.00496538
0.00616062
0.00616062
0.00675853
0.00675853
0.00675853
0.00717115
0.00867429
0.01069034
0.01069034
0.01069034
0.01069034
0.01069034
0.01069034
0.01069034
0.01069034
0.01069034
0.0099991
0.0099991
0.0099991
0.0099991
0.0099991
0.0099991
0.0099991
0.0099991
0.01045417
0.01045417
0.01045417
0.01045417
0.01045417
0.01255241
0.01363272
0.01363272
0.01363272
0.00999849
0.00999849
0.00999849
0.00999849
0.00904734
0.00904734
0.00904734
0.00904734
0.0083796
0.0083796
0.0083796
0.0083796
0.0083796
0.0083796
0.0083796
0.0083796
0.0083796
0.0083796
0.01167559
0.01167559
0.01167559
0.01167559
0.01167559
0.0148187
0.0148187
0.0148187
0.0148187
0.0148187
0.0148187
0.0148187
0.01531102
0.01531102
0.01531102
0.01531102
0.01531102
0.01531102
0.01531102
0.01531102
0.01227699
0.01227699
0.01227699
0.01227699
0.01357606
0.01679093
0.01750827
0.01750827
0.02003284
0.02020314
0.02020314
0.02020314
0.02083884
0.02083884
0.02083884
0.02083884
0.02083884
0.02129817
0.02129817
0.02129817
0.01635356
0.01619044
0.01619044
0.01619044
0.01619044
0.01619044
0.01619044
0.01619044
0.01619044
0.01689539
0.01862328
0.02340375
0.02498394
0.02599229
0.02834182
0.02834182
0.02834182
0.02834182
0.02834182
0.03952351
0.03952351
0.03952351
0.03952351
0.03952351
0.03302171
0.03253996
0.03230634
0.02862975
0.02862975
0.02862975
0.02862975
0.03074744
0.03183568
0.03183568
0.03183568
0.03587139
0.03778598
0.03778598
0.03895137
0.03895137
0.03895137
0.03895137
0.03895137
0.03895137
0.03895137
0.03895137
0.03895137
0.03715679
0.02834216
0.02834216
0.02834216
0.02834216
0.02503693
0.02201143
0.02201143
0.02201143
0.02201143
0.02201143
0.02179777
0.02179777
0.02179777
0.02179777
0.02179777
0.02179777
0.02179777
0.01840095
0.01840095
0.01840095
0.01840095
0.01837535
0.01837535
0.01837535
0.01901706
0.01901706
0.01901706
0.01901706
0.01901706
0.01901706
0.01901706
0.018041
0.018041
0.018041
0.018041
0.018041
0.018041
0.018041
0.0168113
0.012226
0.01093462
0.01093462
0.01093462
0.01093462
0.01093462
0.01092717
0.01092717
0.01092717
0.0131268
0.0152956
0.0152956
0.0152956
0.0152956
0.0152956
0.0152956
0.0152956
0.0152956
0.01273413
0.01273413
0.01273413
0.01459591
0.01459591
0.01459591
0.01459591
0.01459591
0.01459591
0.01459591
0.01459591
0.01740978
0.01740978
0.02007204
0.02140618
0.0281412
0.03008337
0.03008337
0.03008337
0.03008337
0.03008337
0.02646722
0.02549066
0.0238043
0.0238043
0.0238043
0.02421454
0.03373402
0.05110192
0.05110192
0.05110192
0.04572989
0.04572989
0.04572989
0.04572989
0.04572989
0.04203521
0.03709018
0.03709018
0.03709018
0.03709018
0.02994659
0.02994659
0.02994659
0.07723183
0.07723183
0.07723183
0.0567743
0.0567743
0.0567743
0.0567743
0.0567743
0.0567743
0.05342532
0.05342532
0.05342532
0.05342532
0.05342532
0.04041602
0.04041602
0.04041602
0.05272827
0.05272827
0.05272827
0.04841204
0.04841204
0.03265442
0.03265442
0.03265442
0.03350652
0.03350652
0.03350652
0.03350652
0.03658214
0.03658214
0.03658214
0.03658214
0.02014622
0.02014622
0.02014622
0.02393726
0.02664968
0.03287241
0.03287241
0.03287241
0.03835421
0.03835421
0.03996559
0.04014302
0.04014302
0.04014302
0.03809148
0.02965007
0.02718436
0.02580452
0.02580452
0.02580452
0.02726622
0.02726622
0.02726622
0.02726622
0.02726622
0.02726622
0.02443057
0.02443057
0.02443057
0.02443057
0.02443057
0.02443057
0.02778498
0.03083889
0.03083889
0.03123051
0.03123051
0.03123051
0.03123051
0.02372696
0.02372696
0.02372696
0.03342586
0.03342586
0.03342586
0.0174176
0.01651609
0.01651609
0.01651609
0.01651609
0.01651609
0.01651609
0.01772321
0.01772321
0.01772321
0.01772321
0.01772321
0.01772321
0.01772321
0.01772321
0.01772321
0.01819352
0.01819352
0.02663881
0.02970364
0.0384684
0.04486374
0.04816883
0.04951703
0.04951703
0.04951703
0.04798242
0.03011217
0.02775668
0.02658902
0.0254377
0.02408561
0.02078741
0.02078741
0.02078741
0.02078741
0.02383353
0.02383353
0.02383353
0.02383353
0.02383353
0.02383353
0.01120825
0.01120825
0.01120825
0.01120825
0.01120825
0.01120825
0.01120825
0.01120825
0.01120825
0.01120825
0.01120825
0.01204873
0.01204873
0.01204873
0.01204873
0.01204873
0.01204873
0.01204873
0.01204873
0.01204873
0.01204873
0.01204873
0.01204873
0.01204873
0.0124399
0.0124399
0.0124399
0.01137519
0.01137519
0.01137519
0.01137519
0.01137519
0.01137519
0.01137519
0.01284636
0.01284636
0.01502028
0.01502028
0.01502028
0.00901072
0.00901072
0.00901072
0.00901072
0.00901072
0.01058765
0.01058765
0.01058765
0.01113159
0.01113159
0.01113159
0.01005972
0.01005972
0.01005972
0.01005972
0.01005972
0.015205
0.015205
0.015205
0.00715677
0.0057655
0.0057655
0.0057655
0.00808949
0.00966691
0.01610379
0.01610379
0.01612166
0.01612166
0.01612166
0.01402565
0.01184594
0.01184594
0.01184594
0.01184594
0.01184594
0.01184594
0.01184594
0.01184594
0.01184594
0.01184594
0.01184594
0.01184594
0.0774585
0.0774585
0.0774585
0.0774585
0.0774585
0.0774585
0.0774585
0.11192187
0.11867527
0.11867527
0.11867527
0.11867527
0.14269141
0.18194148
0.20801321
0.20801321
0.20801321
0.20615092
0.20615092
0.17455661
0.12020965
0.12020965
0.12020965
0.12020965
0.08764168
0.08764168
0.08764168
0.08294609
0.08294609
0.08294609
0.10539574
0.10539574
0.16829586
0.24285214
0.24285214
0.2866061
0.60771301
0.63990483
1.0
1.0
1.0
1.0
1.0
0.69653484
0.34211991
0.34211991
0.34211991
0.34050863
0.34050863
0.34050863
0.34050863
0.31337062
0.30728686
0.30459065
0.25626505
0.24207708
0.15810034
0.11999932
0.11999932
0.11999932
0.18608228
0.18608228
0.18608228
0.14360208
0.10044163
0.06034689
0.05990841
0.05990841
0.05517022
0.05517022
0.05391979
0.05228559
0.05228559
0.05228559
0.05228559
0.05228559
0.05228559
0.05228559
0.05228559
0.05228559
0.05228559
0.05228559
0.05228559
0.05228559
0.07196869
0.07544172
0.08008415
0.08008415
0.08008415
0.08008415
0.07114163
0.05583607
0.04901001
0.04901001
0.04901001
0.04332838
0.04332838
0.04332838
0.04332838
0.04332838
0.04332838
0.04949105
0.04949105
0.04949105
0.04949105
0.05622688
0.05622688
0.05622688
0.04561346
0.04310337
0.02469712
0.02469712
0.02469712
0.01879686
0.01879686
0.01879686
0.02578735
0.02578735
0.03112201
0.03112201
0.03112201
0.03112201
0.03343206
0.03343206
0.03343206
0.03343206
0.03522274
0.03595203
0.03595203
0.03595203
0.03595203
0.03595203
0.03528172
0.03528172
0.03528172
0.03675818
0.03725576
0.03725576
0.03725576
0.03725576
0.03529777
0.03529777
0.03025306
0.03025306
0.03025306
0.03025306
0.03025306
0.03049854
0.03551466
0.03834706
0.03834706
0.03851928
0.03851928
0.03967794
0.03970093
0.04599821
0.04599821
0.04599821
0.04599821
0.04922405
0.04922405
0.04922405
0.04922405
0.04922405
0.04922405
0.04922405
0.05334918
0.05334918
0.05334918
0.05334918
0.04681419
0.04295267
0.03993509
0.03814804
0.03814804
0.03745411
0.03745411
0.03745411
0.03087287
0.03087287
0.03087287
0.04013883
0.04013883
0.04013883
0.0391533
0.0391533
0.03652669
0.03516312
0.03021556
0.03021556
0.02517798
0.02375998
0.02293085
0.02052024
0.01862922
0.01644945
0.01613803
0.01613803
0.01613803
0.01613803
0.01613803
0.01613803
0.01613803
0.01644369
0.01644369
0.01698227
0.01698227
0.01698227
0.02470596
0.02470596
0.02470596
0.02470596
0.02470596
0.02470596
0.03187975
0.03187975
0.03187975
0.03187975
0.02315965
0.02203451
0.02203451
0.02203451
0.02334462
0.02334462
0.02334462
0.02017095
0.02017095
0.02017095
0.02017095
0.02017095
0.02017095
0.02017095
0.02017095
0.02108629
0.02177552
0.02177552
0.02177552
0.02204731
0.02204731
0.03002066
0.03002066
0.03050245
0.03141474
0.03430638
0.03430638
0.03430638
0.03430638
0.03457571
0.03466015
0.03466015
0.03466015
0.03357203
0.03357203
0.03357203
0.03372579
0.03372579
0.03372579
0.02172656
0.01748283
0.01748283
0.01748283
0.01748283
0.01748283
0.01748283
0.01748283
0.01748283
0.0207566
0.0207566
0.0207566
0.02256026
0.02256026
0.02256026
0.02256026
0.0241021
0.0241021
0.0241021
0.0241021
0.02436998
0.02436998
0.02533553
0.02913632
0.02968909
0.0335415
0.03421728
0.04099281
0.04373982
0.04373982
0.04408725
0.04408725
0.04408725
0.04190687
0.03623879
0.03349781
0.03113555
0.03008708
0.03004849
0.03004849
0.03004849
0.02282054
0.02282054
0.02282054
0.01956374
0.01956374
0.01956374
0.01956374
0.01956374
0.02049465
0.02049465
0.02049465
0.02049465
0.02049465
0.02049465
0.0228552
0.0228552
0.02330361
0.02330361
0.03176133
0.03362832
0.03362832
0.03787978
0.03787978
0.03787978
0.05194788
0.05194788
0.06033965
0.06033965
0.06033965
0.06033965
0.06033965
0.04357786
0.04357786
0.04357786
0.07714813
0.08635952
0.08635952
0.08635952
0.01117388
0.01117388
0.01117388
0.01117388
0.01117388
0.01117388
0.01117388
0.00847744
0.0061793
0.0061793
0.0061793
0.01159111
0.01168122
0.01168122
0.01233607
0.01440869
0.0148173
0.02311806
0.02311806
0.02311806
0.02311806
0.04453349
0.07220113
0.09353972
0.09353972
0.09353972
0.09353972
0.09353972
0.09353972
0.08388753
0.07134135
0.01549486
0.01549486
0.01549486
0.01549486
0.01549486
0.01549486
0.01603537
0.01641541
0.0214915
0.02894097
0.10806942
0.15793099
0.17321096
0.21311963
0.23719989
0.2468357
0.2468357
0.2468357
0.2468357
0.2468357
0.12360505
0.0904654
0.03387418
0.03387418
0.03387418
0.03387418
0.03387418
0.03387418
0.03913553
0.03913553
0.03913553
0.03609075
0.03609075
0.03609075
0.04697454
0.05280528
0.05280528
0.0663893
0.0663893
0.0663893
0.06530747
0.06480148
0.06480148
0.06424302
0.06418401
0.06418401
0.06418401
0.09555254
0.11086157
0.12269284
0.12269284
0.12269284
0.12269284
0.09637473
0.054703
0.054703
0.054703
0.0803487
0.08805463
0.09831335
0.09831335
0.09831335
0.09831335
0.13785196
0.13785196
0.13785196
0.12536788
0.10717527
0.08769195
0.07337061
0.05174132
0.03516463
0.03393521
0.03393521
0.03393521
0.03393521
0.036709
0.03941883
0.04008922
0.04008922
0.04008922
0.04008922
0.04008922
0.04616635
0.05492898
0.05492898
0.05492898
0.06613237
0.06613237
0.06613237
0.05496862
0.05496862
0.05496862
0.05161489
0.046901
0.046901
0.04158186
0.04158186
0.04158186
0.04132547
0.03725898
0.03211355
0.03211355
0.03211355
0.03211355
0.03211355
0.02589481
0.01903105
0.01903105
0.01903105
0.01903105
0.01903105
0.01988089
0.01988089
0.01988089
0.04532846
0.04532846
0.06205367
0.07447273
0.09601196
0.10439903
0.10439903
0.10439903
0.10260768
0.09260484
0.07974192
0.06069557
0.05045719
0.05045719
0.05045719
0.05045719
0.05045719
0.05045719
0.02916965
0.02916965
0.02916965
0.02916965
0.02916965
0.02916965
0.03320263
0.03320263
0.03320263
0.03275488
0.03077242
0.02830799
0.02830799
0.02830799
0.02830799
0.04014826
0.04014826
0.04014826
0.03497728
0.03497728
0.03497728
0.03497728
0.0356589
0.0356589
0.0356589
0.03167452
0.02704365
0.02583597
0.02083901
0.01594855
0.01594855
0.01594855
0.01594855
0.01594855
0.02224187
0.04862745
0.06309942
0.08022751
0.09555911
0.10247763
0.12098277
0.12098277
0.12098277
0.10473631
0.06437647
0.0458612
0.0458612
0.0458612
0.06518544
0.09011274
0.1096777
0.13037887
0.14145861
0.14145861
0.14145861
0.12028266
0.09994185
0.08279863
0.08217329
0.08217329
0.08217329
0.08217329
0.08217329
0.08217329
0.08217329
0.06534379
0.06534379
0.05092456
0.05092456
0.05092456
0.05092456
0.07087314
0.07861444
0.07861444
0.07861444
0.10457093
0.10457093
0.10457093
0.10457093
0.10923285
0.19868908
0.23607584
0.2951303
0.2951303
0.35659216
0.39245921
0.39245921
0.39245921
0.29453539
0.29453539
0.29453539
0.27770235
0.27770235
0.27770235
0.1795492
0.16131709
0.15423649
0.10597778
0.09215283
0.07704848
0.04645799
0.04645799
0.04645799
0.04645799
0.04645799
0.04246267
0.04246267
0.04246267
0.04246267
0.03081955
0.01990824
0.01990824
0.01990824
0.01990824
0.01990824
0.01990824
0.01990824
0.02388035
0.02388035
0.02388035
0.03163285
0.03163285
0.0577238
0.0577238
0.0577238
0.0577238
0.08145079
0.08145079
0.08145079
0.0588872
0.03484765
0.03435507
0.03435507
0.02243186
0.02243186
0.02243186
0.02243186
0.02243186
0.02243186
0.03662849
0.03829962
0.03829962
0.05346057
0.06243426
0.07696407
0.0785772
0.0785772
0.0785772
0.0785772
0.0785772
0.09887663
0.09887663
0.09887663
0.06126912
0.04252593
0.04252593
0.04252593
0.05115385
0.05564749
0.07450293
0.08416439
0.08416439
0.10896672
0.10896672
0.10896672
0.07878632
0.07513132
0.07390954
0.0545934
0.0545934
0.0545934
0.05773537
0.05773537
0.05773537
0.05776424
0.05776424
0.05776424
0.05776424
0.05776424
0.07970729
0.07970729
0.48238965
0.49686546
0.55224705
0.55224705
0.55224705
0.41625222
0.04393539
0.04393539
0.0346491
0.0346491
0.0346491
0.09379809
0.09379809
0.09379809
0.14714058
0.14714058
0.14714058
0.12268674
0.07684677
0.07684677
0.07684677
0.03063122
0.03063122
0.02228695
0.02228695
0.02228695
0.02228695
0.02228695
0.03662978
0.03851916
0.03851916
0.03851916
0.03851916
0.02212879
0.02212879
0.02212879
0.0317341
0.04535977
0.04535977
0.0526799
0.07430477
0.08192118
0.08192118
0.08192118
0.11546973
0.15189702
0.17710579
0.27820752
0.27820752
0.27820752
0.25826503
0.25826503
0.19126147
0.18430416
0.14860461
0.13111556
0.0727559
0.0727559
0.0727559
0.04691821
0.03700837
0.03700837
0.03700837
0.03700837
0.03700837
0.03700837
0.06669599
0.07124715
0.2672907
0.2672907
0.2672907
0.21095999
0.18403771
0.18403771
0.17251782
0.09355908
0.08696296
0.08696296
0.06332604
0.06332604
0.04480388
0.04480388
0.02149934
0.02149934
0.02149934
0.02149934
0.02038599
0.02038599
0.01447005
0.01164485
0.01164485
0.01164485
0.01164485
0.01164485
0.00991813
0.00991813
0.00991813
0.00991813
0.01306599
0.01306599
0.01834958
0.02614622
0.03580121
0.05081425
0.05081425
0.05081425
0.05081425
0.05081425
0.05081425
0.05081425
0.03300682
0.03300682
0.03300682
0.03300682
0.03300682
0.02685186
0.02685186
0.02685186
0.03031434
0.03031434
0.03114373
0.03114373
0.03114373
0.03114373
0.03114373
0.04632772
0.07981591
0.09867882
0.09867882
0.09867882
0.09867882
0.09867882
0.09867882
0.06886888
0.06886888
0.06886888
0.04147036
0.03095859
0.03095859
0.03095859
0.03095859
0.03095859
0.03095859
0.03095859
0.03095859
0.03095859
0.03095859
0.03013304
0.03013304
0.03013304
0.03013304
0.03013304
0.03013304
0.03021084
0.03021084
0.03021084
0.03021084
0.22934427
0.22934427
0.22934427
0.22934427
0.22934427
0.27059494
0.27059494
0.27059494
0.02393854
0.02393854
0.02393854
0.02393854
0.02066778
0.02553979
0.01807362
