0.0206398
0.01448491
0.01448491
0.01225986
0.01225986
0.00868209
0.00868209
0.00457518
0.00457518
0.00457518
0.00457518
0.00457518
0.00457518
0.00457518
0.00457518
0.00457518
0.00457518
0.00457518
0.00457518
0.00457518
0.00457518
0.00457518
0.00457518
0.00457518
0.00457518
0.00457518
0.00448249
0.00448249
0.00448249
0.00448249
0.00448249
0.0036997
0.00361451
0.00361451
0.00361451
0.00361451
0.00361451
0.00361451
0.00361451
0.00361451
0.00361451
0.00361451
0.00361451
0.00361451
0.00361451
0.00361451
0.00361451
0.00361451
0.00361451
0.00361451
0.00361451
0.00361451
0.00361451
0.00467951
0.00467951
0.00467951
0.00467951
0.00467951
0.00467951
0.0042366
0.00358341
0.00358341
0.00358341
0.00358341
0.00358341
0.00358341
0.00358341
0.00358341
0.00413331
0.00413331
0.00413331
0.00413331
0.00354729
0.00351417
0.00351417
0.00351417
0.00353125
0.00353125
0.00353125
0.00353125
0.00353125
0.00353125
0.00353125
0.00353125
0.00353125
0.00353125
0.00353125
0.00353125
0.00353125
0.00353125
0.00362294
0.00362294
0.00362294
0.00362294
0.00400236
0.00400236
0.00400236
0.00400236
0.00507046
0.00507046
0.00507046
0.00351645
0.00351645
0.00351645
0.00351645
0.00351645
0.00351645
0.00351645
0.00351645
0.00383189
0.00383189
0.00383189
0.00383189
0.00383189
0.00383189
0.00383189
0.00336701
0.00336701
0.00336701
0.00446068
0.00446068
0.00446068
0.00446068
0.0046112
0.0046112
0.0046112
0.00401572
0.00401572
0.00401572
0.00401572
0.00401572
0.00401572
0.00401572
0.00401572
0.00401572
0.00401572
0.00401572
0.00401572
0.00401572
0.00425689
0.00425689
0.00425689
0.00425689
0.00425689
0.00353376
0.00353376
0.00353376
0.00407901
0.00407901
0.00407901
0.00383733
0.00383733
0.00383733
0.00383733
0.00383733
0.00383733
0.00383733
0.00353793
0.00324983
0.00324983
0.00324983
0.00324983
0.00324983
0.00324983
0.00359576
0.00359576
0.00359576
0.00359576
0.00359576
0.00359576
0.00270568
0.00270568
0.00270568
0.00270568
0.00270568
0.00270568
0.00360446
0.00484025
0.00484025
0.00484025
0.00484025
0.00484025
0.00376941
0.00376941
0.00376941
0.00376941
0.00376941
0.00376941
0.003427
0.003427
0.003427
0.003427
0.003427
0.003427
0.00362896
0.00362896
0.00362896
0.00362896
0.00362896
0.00362896
0.00362896
0.00362896
0.00362896
0.00287228
0.00287228
0.00287228
0.00287228
0.00287228
0.00287228
0.00287228
0.00287228
0.00427814
0.00430517
0.00430517
0.00430517
0.00430517
0.00430517
0.00480101
0.00480101
0.00480101
0.00469147
0.00469147
0.00469147
0.00393704
0.00309102
0.00309102
0.00309102
0.00309102
0.00309102
0.00309102
0.00309102
0.00309102
0.00309102
0.00309102
0.00309102
0.00309102
0.00309102
0.00311383
0.00311383
0.00311383
0.00311383
0.00542347
0.00542347
0.00576205
0.00576205
0.00576205
0.00519255
0.00519255
0.00519255
0.00762041
0.00762041
0.00762041
0.00565459
0.00565459
0.00535327
0.0050575
0.0050575
0.0050575
0.00579813
0.00579813
0.00579813
0.00579813
0.0043716
0.0043716
0.0043716
0.00504917
0.00504917
0.00504917
0.00453353
0.00453353
0.00427365
0.00422058
0.00422058
0.00422058
0.00422058
0.00422058
0.00604963
0.00604963
0.00604963
0.00315976
0.00315976
0.00315976
0.00315976
0.00315364
0.00315364
0.00315364
0.00315364
0.00294003
0.00294003
0.00294003
0.00408924
0.00408924
0.00408924
0.00408924
0.00398303
0.00398303
0.00398303
0.00419523
0.00419523
0.00419523
0.00419523
0.00419523
0.00460039
0.00460039
0.00460039
0.00408301
0.00408301
0.00408301
0.00408301
0.00408301
0.00408301
0.00408301
0.00408301
0.00408301
0.00408301
0.00408301
0.00474889
0.00474889
0.00474889
0.00474889
0.00474889
0.00474889
0.00371711
0.00371711
0.00371711
0.00439766
0.00439766
0.00439766
0.00439766
0.00439766
0.00373876
0.00373876
0.00373876
0.00479522
0.00479522
0.00479522
0.00479522
0.00479522
0.00473883
0.00473883
0.00473883
0.00425536
0.00425536
0.00425536
0.00425536
0.00425536
0.00425536
0.00425536
0.00425536
0.00359962
0.00338102
0.00338102
0.00338102
0.00338102
0.00306535
0.00306535
0.00306535
0.0030675
0.0030675
0.00439909
0.00439909
0.00439909
0.00439909
0.00471751
0.00471751
0.00471751
0.00485492
0.00485492
0.00485492
0.00405765
0.00401708
0.00371448
0.00371448
0.00371448
0.00371448
0.00371448
0.00371448
0.00371448
0.00371448
0.00371448
0.00371448
0.00371448
0.00371448
0.00371448
0.00371448
0.00371448
0.00401427
0.00401427
0.00401427
0.00401427
0.00401427
0.00401427
0.00401427
0.00401427
0.00401427
0.00401427
0.00401427
0.00401427
0.00400013
0.00400013
0.00400013
0.00400013
0.00400013
0.00353498
0.00353498
0.00353498
0.00299027
0.00299027
0.00299027
0.00325046
0.00343372
0.00343372
0.00343372
0.00343372
0.00343372
0.00383456
0.00383456
0.00383456
0.00383456
0.00393866
0.00393866
0.00393866
0.0036
0.0036
0.0036
0.0036
0.0036
0.0036
0.00478103
0.00478103
0.00478103
0.0029437
0.0029437
0.0029437
0.0041994
0.0041994
0.0041994
0.0041994
0.0041994
0.003765
0.003765
0.003765
0.003765
0.00268603
0.00268603
0.00268603
0.00382438
0.00454339
0.00454339
0.00454339
0.00454339
0.00454339
0.00454339
0.00454339
0.00454339
0.00454339
0.00454339
0.003369
0.003369
0.003369
0.00340678
0.00340678
0.00340678
0.00323888
0.00323888
0.00323888
0.00323888
0.00323888
0.00346006
0.00346006
0.00346006
0.00346006
0.00346006
0.00346006
0.00346006
0.00323437
0.00323437
0.00323437
0.00323437
0.00323437
0.00323437
0.00323437
0.00536449
0.00536449
0.00536449
0.00465207
0.00465207
0.00430917
0.00430917
0.00430917
0.00450192
0.00450192
0.00450192
0.00450192
0.00426008
0.00426008
0.00426008
0.00426008
0.00426008
0.00426008
0.00426008
0.00426008
0.00430958
0.00543907
0.00543907
0.00543907
0.00543907
0.00543907
0.00543907
0.00463762
0.00463103
0.00423659
0.00388302
0.00388302
0.00388302
0.00388302
0.00388302
0.00388302
0.00326612
0.00326612
0.00326612
0.00326612
0.00326612
0.00371429
0.00371429
0.00371429
0.0039711
0.0039711
0.00540892
0.00540892
0.00540892
0.0049485
0.0049485
0.0049485
0.00493243
0.00493243
0.00493243
0.00493243
0.0047515
0.00401933
0.00401933
0.00401933
0.00401933
0.00401933
0.00401933
0.00401933
0.00401933
0.00401933
0.00401933
0.00401933
0.00401933
0.00401933
0.00401933
0.00401933
0.00401933
0.00401933
0.00401933
0.00401933
0.00401933
0.00401933
0.00401933
0.00401933
0.00401933
0.00401933
0.0042977
0.00452931
0.00452931
0.00452931
0.00396389
0.00396389
0.00396389
0.00396389
0.00396389
0.00387555
0.00387555
0.00387555
0.00387555
0.00387555
0.00387555
0.00387555
0.00387555
0.00387555
0.00387555
0.00387555
0.00387555
0.00387555
0.00387555
0.00387555
0.00387555
0.00387555
0.00387555
0.00378395
0.00378395
0.00378395
0.00378395
0.00378395
0.00417098
0.00417098
0.00463391
0.00463391
0.00463391
0.00463391
0.00488626
0.00488626
0.00488626
0.00488626
0.00488626
0.00431199
0.00431199
0.00431199
0.00431199
0.00431199
0.00431199
0.00429194
0.00392901
0.00392901
0.00392901
0.00392901
0.00392901
0.00392901
0.00392901
0.00392901
0.00388436
0.00388436
0.00388436
0.00388436
0.00388436
0.00425086
0.00470773
0.00470773
0.00649609
0.00700076
0.00700076
0.00700076
0.00434907
0.00434907
0.00434907
0.00434907
0.00368838
0.00368838
0.00368838
0.00368838
0.00368838
0.00368838
0.00471833
0.00471833
0.00471833
0.00471833
0.00471833
0.00471833
0.00471833
0.00354616
0.00354616
0.00354616
0.00354616
0.00354616
0.00339729
0.00339729
0.00339729
0.00339729
0.00400582
0.00400582
0.00400582
0.00317667
0.00317667
0.00317667
0.00317667
0.00317667
0.00317667
0.00317667
0.00382049
0.00382049
0.00382049
0.00382049
0.00382049
0.00382049
0.00382049
0.00382049
0.00382049
0.00382049
0.00382049
0.00382049
0.00382049
0.00382049
0.00382049
0.00382049
0.00363931
0.00363931
0.00363931
0.00363931
0.00352306
0.00352306
0.00352306
0.00347933
0.00347933
0.00347933
0.0036497
0.0036497
0.0036497
0.0036497
0.00361194
0.00361194
0.00361194
0.00368828
0.00368828
0.00368828
0.00368828
0.00368828
0.00368828
0.00321684
0.00321684
0.00321684
0.00321684
0.00321684
0.00321684
0.00321684
0.00321684
0.00321684
0.00321684
0.00339623
0.00339623
0.00339623
0.00339623
0.00556149
0.00556149
0.00556149
0.00556149
0.00537137
0.00537137
0.00537137
0.00482698
0.00482698
0.00482698
0.00482698
0.00482698
0.00482698
0.00482698
0.00482698
0.00441983
0.0039329
0.0039329
0.0039329
0.0039329
0.0039329
0.0039329
0.0039329
0.0039329
0.0039329
0.00432319
0.00432319
0.00432319
0.00432319
0.00432319
0.00432319
0.00432319
0.00432319
0.00420598
0.00420598
0.00420598
0.00420598
0.00395259
0.00395259
0.00395259
0.00395259
0.00395259
0.00464607
0.00464607
0.00464607
0.00464607
0.00464607
0.00464607
0.00464607
0.00464607
0.00464607
0.00464607
0.00464607
0.00464607
0.00347307
0.00347307
0.00347307
0.00347307
0.00387709
0.00387709
0.00387709
0.00387709
0.00387709
0.00386043
0.00386043
0.00386043
0.00386043
0.00386043
0.00386043
0.00386043
0.00386043
0.00386043
0.00386043
0.00386043
0.00386043
0.00386043
0.00386043
0.00386043
0.00386043
0.00386043
0.00386043
0.00386043
0.00386043
0.00343901
0.00343901
0.00343901
0.00422585
0.00422585
0.00422585
0.00422585
0.00422585
0.00422585
0.00396766
0.00396766
0.00396766
0.00396766
0.00396766
0.00396766
0.00438156
0.00438156
0.00438156
0.00438156
0.00438156
0.00438156
0.00438156
0.00438156
0.00410357
0.00410357
0.00410357
0.00410357
0.00410357
0.00410357
0.00410357
0.00300336
0.00300336
0.00300336
0.0039694
0.0039694
0.0039694
0.00459172
0.00459172
0.00459172
0.00404958
0.00404958
0.00404958
0.00404958
0.00404958
0.00372427
0.00372427
0.00372427
0.00372427
0.00353413
0.00353413
0.00353413
0.00353413
0.00353413
0.00353413
0.00353413
0.00353413
0.00353413
0.00353413
0.00353413
0.00353413
0.00330167
0.00330167
0.00330167
0.00330167
0.00330167
0.00426446
0.00426446
0.00426446
0.00426446
0.00426446
0.00426446
0.00426446
0.00426446
0.00426446
0.00426446
0.00426446
0.00426446
0.00426446
0.00426446
0.00426446
0.00426446
0.00426446
0.00426446
0.00426446
0.0034573
0.0034573
0.00289337
0.00289337
0.00289337
0.00324546
0.00324546
0.00324546
0.00324546
0.00443375
0.00524523
0.00524523
0.00524523
0.00389538
0.00389538
0.00389538
0.00389538
0.00389538
0.00462473
0.00462473
0.00462473
0.00462473
0.00384308
0.00384308
0.00384308
0.00384308
0.00384308
0.00384308
0.00384308
0.00384308
0.00384308
0.00420817
0.00420817
0.00420817
0.00420817
0.00420817
0.00420817
0.00420817
0.00420817
0.00420817
0.00392863
0.00346353
0.00346353
0.00346353
0.00346353
0.00346353
0.00367303
0.00367303
0.00367303
0.00396114
0.00396114
0.00396114
0.00396114
0.00396114
0.00396114
0.00396114
0.00396114
0.00396114
0.00396114
0.00396114
0.00315231
0.00315231
0.00315231
0.00315231
0.00315231
0.00315231
0.00315231
0.00315231
0.00382473
0.00406751
0.00406751
0.00406751
0.00406751
0.00406751
0.00406751
0.00406751
0.00406751
0.00406751
0.00406751
0.00406751
0.00406751
0.00406751
0.00406751
0.00406751
0.00406751
0.00406751
0.00406751
0.00406751
0.00406751
0.00406751
0.00406751
0.00406751
0.00344184
0.00344184
0.00344184
0.00344184
0.00344184
0.00344184
0.00344184
0.00361811
0.00361811
0.00361811
0.00361811
0.00361811
0.00361811
0.00361811
0.00309682
0.00309682
0.00309682
0.00405464
0.00405464
0.00405464
0.00362323
0.00362323
0.00362323
0.00537652
0.00537652
0.00537652
0.00537652
0.00483003
0.00483003
0.00483003
0.00483003
0.00329789
0.00302198
0.00302198
0.00302198
0.00335933
0.00335933
0.00360159
0.00360159
0.00407343
0.00407343
0.00407343
0.00407343
0.00407343
0.00407343
0.00407343
0.00407343
0.00407343
0.00421286
0.00421286
0.00421286
0.00421286
0.00421286
0.00546189
0.00546189
0.00803895
0.00803895
0.00803895
0.00409539
0.00409539
0.00409539
0.00409539
0.00409539
0.00409539
0.00409539
0.00305324
0.00305324
0.00305324
0.00363886
0.00363886
0.00363886
0.00363886
0.00363886
0.00363886
0.00363886
0.00363886
0.00363886
0.00363886
0.00363886
0.00363886
0.00363886
0.00364956
0.00364956
0.00364956
0.00364956
0.00287731
0.00287731
0.00287731
0.00287731
0.00287731
0.00287731
0.00287731
0.00287731
0.00287731
0.00317216
0.00317216
0.00317216
0.00670029
0.01245311
0.01299036
0.11189696
0.11189696
0.11189696
0.00164854
0.00164854
0.00164854
0.41130228
0.41130228
0.41130228
0.00013335
0.00013335
0.00013335
0.00030758
0.00030758
0.00084659
0.00084659
0.00084659
0.00028719
0.00028719
0.00028719
0.03889675
0.03889675
0.03889675
0.11673163
0.11673163
0.11673163
0.04910036
0.04910036
0.04910036
0.05464884
0.05464884
0.05464884
0.05464884
0.05464884
0.05464884
0.05464884
0.0601457
0.0601457
0.0601457
0.0601457
0.0601457
0.0601457
0.0601457
0.0601457
0.0601457
0.01876974
0.01876974
0.01876974
0.01876974
0.01678429
0.01678429
0.01193227
0.01193227
0.0005261
0.00025471
0.00025471
0.00025471
0.00025667
0.00025667
0.00025667
0.00049748
0.00049748
0.00049748
0.00049748
0.00049748
0.00049748
0.00049748
0.00049748
0.00049748
0.00049748
0.00049748
0.00015329
0.00013876
0.00011002
0.00011002
0.00011002
0.0001656
0.0001656
0.0001656
0.0001656
0.0001656
0.0001656
0.0001656
0.0001656
0.0001656
0.0002006
0.00025845
0.00025845
0.00025845
0.0001437
0.0001437
0.00014076
0.00012201
0.00012201
0.00012201
0.00023711
0.00023711
0.00023711
0.00023711
0.00059926
0.00059926
0.00059926
0.00059926
0.00059926
0.00059926
0.00059926
0.00059926
0.00059926
0.00011821
0.00011821
0.00011821
0.00011821
0.00011821
0.00011821
0.00012112
0.00012112
0.00014407
0.00015768
0.00015768
0.00015768
0.00015768
0.00029878
0.00030769
0.00030769
0.00030769
0.00030769
0.00030769
0.00030769
0.00030769
0.00030769
0.00030769
0.00030769
0.00017204
0.00017204
0.00017204
0.00016879
0.00015351
0.00013219
0.00013219
0.00013219
0.0002046
0.0002046
0.0002046
0.0002046
0.0002046
0.0002046
0.0002046
0.00033635
0.00033635
0.00033635
0.00033635
0.00015686
0.00015686
0.00015686
0.00015686
0.00015686
0.00015686
0.00015686
0.00015686
0.00010474
0.00010474
0.00010474
0.00010474
0.00010474
0.00010474
0.00010474
0.00010474
0.00010474
0.00010474
0.00010474
0.00010474
0.00010474
0.00010474
0.00010474
0.00013267
0.00025592
0.00025592
0.00025592
0.00025592
0.00025592
0.00025592
0.00025592
0.00025592
0.00025592
0.00025592
0.00018644
0.00018644
0.00018644
0.00018644
0.00018644
0.00018644
0.00011974
5.186e-05
5.186e-05
5.186e-05
0.00057795
0.00057795
0.00057795
0.00046463
0.00046463
0.00015263
0.00015263
0.00015263
0.00015263
0.00015263
0.00015263
0.00022282
0.00022282
0.00022282
0.00022282
0.00022282
0.00022282
0.00023502
0.00023502
0.00023502
0.00023502
0.0001465
0.0001465
0.0001465
0.00014038
0.00014038
0.00014038
0.00014038
0.00014038
6.789e-05
6.789e-05
6.789e-05
6.789e-05
6.789e-05
6.789e-05
8.623e-05
0.00010402
0.00010402
0.00010402
0.00010402
0.00030147
0.00030147
0.00030147
0.00030147
0.00028582
0.00028582
0.00027265
0.00027265
0.00014519
9.687e-05
9.687e-05
9.687e-05
0.00010973
0.00070264
0.00070264
0.00070264
9.607e-05
9.607e-05
9.607e-05
0.00015047
0.00015047
0.00015047
0.00010963
0.00010963
0.00010963
0.00010963
0.00010963
0.00010963
0.00011584
0.00016953
0.00021153
0.0007255
0.0007255
0.0007255
0.0007255
0.0007255
0.00017294
0.00017294
0.00017294
0.00025175
0.00025175
0.00025175
0.00012946
0.00012946
0.00012946
0.00012946
0.00021531
0.00021531
0.00021531
0.00021531
0.00021531
0.00011253
0.00011253
0.00011253
0.00010685
0.00010685
0.00010685
0.00010685
0.00010685
0.00010685
0.00015198
0.00022226
0.00058639
0.00058639
0.00058639
0.00018236
0.00018236
0.00018236
0.00018236
0.00018236
0.00018236
0.00018236
0.00018236
7.977e-05
7.977e-05
7.977e-05
0.00012377
0.00012377
0.00012377
0.00012377
0.00012377
0.00012558
0.00012558
0.00012558
0.00011971
0.0001119
0.0001119
0.0001119
0.0001119
0.00011681
0.00011681
0.00011681
0.00042818
0.00042818
0.00042818
0.00020422
0.00020422
0.00020422
0.00020422
0.00020422
0.00016913
0.00016913
0.00016913
0.00016913
0.00016913
0.00016913
0.00017667
0.00017667
0.00017667
0.00017667
0.00017667
0.00017667
0.00017667
0.00017667
0.00017667
0.00017667
5.799e-05
5.799e-05
5.799e-05
5.799e-05
5.799e-05
5.799e-05
0.0003372
0.0003372
0.0003372
0.0003372
0.0003372
0.0003372
0.0003372
0.0003372
0.00013138
0.00013138
0.00013138
0.00014276
0.00014276
0.00014276
9.526e-05
9.526e-05
9.526e-05
9.578e-05
9.578e-05
9.578e-05
9.578e-05
9.578e-05
9.578e-05
9.578e-05
9.578e-05
9.578e-05
0.00017428
0.00017428
0.00017428
0.00017428
0.00034348
0.00034348
0.00034348
0.00034348
0.0001277
0.0001277
0.0001277
0.0001277
0.0001277
0.0001277
0.0001277
0.0001277
0.0001277
0.00012159
0.00012159
0.00012159
0.00012159
0.00012159
0.00012159
0.00012159
0.00012159
9.392e-05
9.392e-05
9.392e-05
9.392e-05
0.00010471
0.00011556
0.00011556
0.00011556
0.00011556
0.0004922
0.0004922
0.0004922
0.0004922
0.0004922
0.0004922
0.0004922
0.0004922
0.0004922
0.0004922
0.0004922
0.00017958
0.00017958
0.00017958
7.752e-05
7.752e-05
7.752e-05
7.752e-05
0.0001072
0.0001072
0.0001072
0.00011179
0.00011179
0.00011179
0.00011179
0.00011179
0.00011179
0.00011179
0.00011179
0.00011179
0.00019346
0.00019346
0.00019346
0.00019346
0.00015959
0.00015959
0.00015959
0.00017383
0.00017383
0.00017383
0.00017383
0.00017383
0.00021545
0.00021545
0.00021545
0.00014762
0.00014762
0.00011848
0.00011848
0.00011848
0.00011848
0.00011848
0.00011848
0.00011848
0.00011848
0.00011848
0.00011848
0.00011848
0.00011848
0.00011848
0.00074475
0.00074475
0.00074475
0.00026944
0.00019414
0.00017581
0.00017581
0.00016081
0.00016081
0.00013811
0.00013109
0.00013109
0.00013109
0.00013109
0.00013109
0.00013109
0.00013109
0.00013109
0.00013109
0.00013109
0.00013109
0.00013109
0.00013109
0.00013109
0.00013109
0.00013109
0.00013109
0.00013109
0.00013109
0.00013109
0.00013109
0.00013109
0.00013109
0.00013109
0.00013109
0.00015895
0.00021274
0.00021274
0.00021274
0.00024338
0.00024338
0.00024338
0.00024313
0.00010763
0.00010763
0.00010763
0.00010286
0.00010286
0.00010286
0.00010286
0.00010286
0.00010286
0.00010286
0.00010286
0.00010286
0.00010286
0.00012734
0.00012734
0.00013563
0.00013563
0.00016782
0.00016782
0.00016782
0.00017159
0.00017159
0.00017159
0.00017159
0.00017159
0.00017159
0.00017159
0.00017159
0.00017159
0.00017159
0.00013539
0.00013539
0.00013539
0.00013539
0.00033043
0.00079507
0.00079507
0.00079507
0.00055838
0.00055838
0.00055838
0.00055838
0.00492167
0.00492167
0.00492167
0.00492167
0.00492167
0.11189999
1.0
1.0
1.0
0.38055138
0.38055138
0.2577151
0.08532241
0.06837247
0.05761642
0.0235029
0.00794723
0.0027133
0.0027133
0.0027133
0.00306374
0.00306374
0.00696277
0.00696277
0.00696277
0.00696277
0.06045564
0.11724678
0.11724678
0.11724678
0.04446754
0.04446754
0.04446754
0.1282894
0.2277138
0.2277138
0.29948202
0.29948202
0.29948202
0.20023937
0.19106139
0.00927101
0.00927101
0.00885092
0.00224518
0.0020959
0.00167806
0.00167806
0.00167806
0.00167806
0.00167806
0.00075997
0.00075997
0.00064354
0.00064354
0.00064354
0.00064354
0.00064354
0.18301672
0.18301672
0.18301672
0.00095386
0.00095386
0.00095386
0.00062157
0.00062157
0.0004689
0.0004689
0.0004689
0.20604812
0.20604812
0.20604812
0.01539721
0.01539721
0.00070062
0.00070062
0.00070062
0.00070062
0.00070062
0.00070062
0.00070062
0.00078504
0.00078504
0.00078504
0.00078504
0.00066596
0.00066596
0.00038671
0.00038671
0.00038671
0.00050544
0.00050544
0.00050544
0.00050544
0.00050544
0.00050544
0.00034893
0.00034893
0.00034893
0.00034893
0.00034893
0.00034893
0.000354
0.000354
0.00035963
0.0007252
0.0007252
0.0007252
0.0007252
0.00064917
0.00064917
0.00031699
0.00031699
0.00031699
0.00050927
0.00063074
0.00063074
0.00063074
0.00063074
0.00063074
0.00063074
0.00057252
0.00041452
0.00041452
0.00041452
0.00041452
0.00041452
0.00041452
0.00041452
0.00041452
0.4530633
0.4530633
0.4530633
0.4530633
0.4530633
0.21103094
0.18135433
0.00064742
0.00064742
0.00064742
0.00064742
0.00064742
0.00064742
0.00064742
0.00064742
0.00064742
0.00064742
0.00064742
0.00064742
0.00064742
0.00064742
0.0010721
0.0010721
0.0010721
0.00082037
0.00082037
0.00045226
0.00043977
0.00043977
0.00043977
0.00043977
0.00073814
0.00199191
0.00199191
0.10308649
0.10308649
0.10308649
0.10308649
0.14288281
0.16097603
0.16097603
0.16097603
0.16097603
0.16097603
0.16097603
0.16097603
0.16097603
0.16097603
0.16832586
0.16832586
0.16832586
0.16832586
0.16832586
0.19465719
0.19465719
0.19465719
0.19465719
0.19465719
0.12518385
0.12518385
0.12518385
0.00044693
0.00044693
0.00044693
0.00044693
0.24469504
0.24469504
0.25786384
0.30081916
0.30081916
0.30081916
0.22442599
0.22442599
0.22442599
0.22442599
0.22442599
0.22442599
0.22442599
0.25510207
0.25510207
0.25510207
0.27910063
0.27910063
0.27910063
0.25160373
0.17270547
0.13819851
0.13819851
0.13819851
0.13819851
0.110014
0.110014
0.08956574
0.08532654
0.08532654
0.08532654
0.08174035
0.08174035
0.08174035
0.08557065
0.08557065
0.08557065
0.08557065
0.08557065
0.07650773
0.07650773
0.07650773
0.08183378
0.08183378
0.12099083
0.12099083
0.12099083
0.12099083
0.12099083
0.12099083
0.12099083
0.12099083
0.12099083
0.12099083
0.12099083
0.23972758
0.37412065
0.37412065
0.37412065
0.37412065
0.37412065
0.37412065
0.37412065
0.37412065
0.03851349
0.03851349
0.01326763
0.00270478
0.00270478
0.00270478
0.00270478
0.00270478
0.4965689
0.5492874
0.5492874
0.5492874
0.00379816
0.00379816
0.00379816
0.00379816
0.00464165
0.00464165
0.00978564
0.00978564
0.00978564
0.16209467
0.16209467
0.16209467
0.16432741
0.16432741
0.16432741
0.16432741
0.16432741
0.16432741
0.16432741
0.16432741
0.16432741
0.09272964
0.09272964
0.09272964
0.1042897
0.1042897
0.1042897
0.07488781
0.06612071
0.06562668
0.06562668
0.06562668
0.06562668
0.06562668
0.03845065
0.03845065
0.03845065
0.03845065
0.03845065
0.03845065
0.03845065
0.03845065
0.03771234
0.03771234
0.03771234
0.03771234
0.03771234
0.03445998
0.02571168
0.0241423
0.02181755
0.02181755
0.01284775
0.00798677
0.00798677
0.00798677
0.00798677
0.00798677
0.00798677
0.00798677
0.00570865
0.00570865
0.00570865
0.00570865
0.00570865
0.00570865
0.00458203
0.00458203
0.00458203
0.00458203
0.00525476
0.00525476
0.00525476
0.00508542
0.00508542
0.00508542
0.00508542
0.00505868
0.00505868
0.00505868
0.00505868
0.00505868
0.00505868
0.00505868
0.00505868
0.00505868
0.0037327
0.0037327
0.0037327
0.0037327
0.0037327
0.0037327
0.00407853
0.00407853
0.00407853
0.00495142
0.00495142
0.00495142
0.00495142
0.00495142
0.00495142
0.00495142
0.00536848
0.00536848
0.00536848
0.00536848
0.00442987
0.00442987
0.00442987
0.00442987
0.00442987
0.00442987
0.00442987
0.00442987
0.00385128
0.00375634
0.00338958
0.00338958
0.00338958
0.00341262
0.00341262
0.00341262
0.00341262
0.00369334
0.00452822
0.00452822
0.00452822
0.00452822
0.00452822
0.00499154
0.00499154
0.00499154
0.00444675
0.00444675
0.00444675
0.00444675
0.0033167
0.0033167
0.0033167
0.0033167
0.0033167
0.00371339
0.00371339
0.00447596
0.00447596
0.00447596
0.00447596
0.00490134
0.00490134
0.00490134
0.00490134
0.00490134
0.00490134
0.00487006
0.00432622
0.00432622
0.00432622
0.00432622
0.00423993
0.00423993
0.00423993
0.00423993
0.00423993
0.00423993
0.00423993
0.00423993
0.00387433
0.00348976
0.00348976
0.00348976
0.00359399
0.00434172
0.00434172
0.00434172
0.00434172
0.00437875
0.00452751
0.00452751
0.00452751
0.00452751
0.00452751
0.0047375
0.0047375
0.0047375
0.0047375
0.0047375
0.00366411
0.00366411
0.00366411
0.00366411
0.00366411
0.00366411
0.00366411
0.00366411
0.00366411
0.00366411
0.00366411
0.00366411
0.00422289
0.00422289
0.00422289
0.00422289
0.00422289
0.00330521
0.00324329
0.00324329
0.00324329
0.003732
0.003732
0.003732
0.003732
0.003732
0.003732
0.00391427
0.00475369
0.00475369
0.00475369
0.00405437
0.00365415
0.00365415
0.00365415
0.00365415
0.00365415
0.00365415
0.00365415
0.00365415
0.00391768
0.00391768
0.00391768
0.00391768
0.00391768
0.00495099
0.00495099
0.00495099
0.00495099
0.00495099
0.00411125
0.00411125
0.00411125
0.00411125
0.00411125
0.00295804
0.00295804
0.00295804
0.00295804
0.00295804
0.00295804
0.00295804
0.00295804
0.00296657
0.00296657
0.00296657
0.00296657
0.00483422
0.00483422
0.00483422
0.00483422
0.00483422
0.00483422
0.00483422
0.00433995
0.00433995
0.00433995
0.00433995
0.00433995
0.00433995
0.00433995
0.00433995
0.00433995
0.00433995
0.00433995
0.00433995
0.00433995
0.00433995
0.00433995
0.00433995
0.00433995
0.00433995
0.00433995
0.00433995
0.00433995
0.00446255
0.00446255
0.00446255
0.00446255
0.00446255
0.00446255
0.00446255
0.00446255
0.00446255
0.00446255
0.00457475
0.00469692
0.00469692
0.00469692
0.00469692
0.00469692
0.00469692
0.00469692
0.00469692
0.00469692
0.00399016
0.00399016
0.00399016
0.00432803
0.00432803
0.00432803
0.00432803
0.00407767
0.00407767
0.00407767
0.00407767
0.00407767
0.00369725
0.00369725
0.00369725
0.00392782
0.00392782
0.00392782
0.00392782
0.00392782
0.00392782
0.00392782
0.00392782
0.00392782
0.00392782
0.00392782
0.00380173
0.00359834
0.00359834
0.00359834
0.00359834
0.00359834
0.00359834
0.00359834
0.00359834
0.00359834
0.00385442
0.00385442
0.00442033
0.00442033
0.00442033
0.00442033
0.00442033
0.00442033
0.00442033
0.00442033
0.00442033
0.00442033
0.00442033
0.00442033
0.00442033
0.00442033
0.00442033
0.00442033
0.00442033
0.00442033
0.00436765
0.00436765
0.00436765
0.00436765
0.00436765
0.00436765
0.00448236
0.00448236
0.00448236
0.00399267
0.00399267
0.00399267
0.0036317
0.00350938
0.00350938
0.00350938
0.00370728
0.00370728
0.00370728
0.00370728
0.00370728
0.00370728
0.00370728
0.00370728
0.00370728
0.00370728
0.00370728
0.00370728
0.00370728
0.00391793
0.00547009
0.00547009
0.00547009
0.0042148
0.0042148
0.0042148
0.00523661
0.00523661
0.00523661
0.00514219
0.00514219
0.00420277
0.00420277
0.00420277
0.00437963
0.00437963
0.00437963
0.00457008
0.00457008
0.00457008
0.00441445
0.00359985
0.00359985
0.00359985
0.00408214
0.00408214
0.00408214
0.00408214
0.00408214
0.00408214
0.00377178
0.00377178
0.00377178
0.00398588
0.00398588
0.00398588
0.00398588
0.00398588
0.00398588
0.00398588
0.00398588
0.00398588
0.00398588
0.00398588
0.00398588
0.00398588
0.00398588
0.00398588
0.00398588
0.00398588
0.00398588
0.00398588
0.00398588
0.00398588
0.00333767
0.00333767
0.00319122
0.00319122
0.00319122
0.00323483
0.00323483
0.00323483
0.00323483
0.00323483
0.00323483
0.00323483
0.00323483
0.00405422
0.00405422
0.00405422
0.00380577
0.00380577
0.00361385
0.00315184
0.00315184
0.00315184
0.003284
0.003284
0.003284
0.00426341
0.00426341
0.00476958
0.00476958
0.00476958
0.00374516
0.00374516
0.00318702
0.00315353
0.00315353
0.00315353
0.00421139
0.00584873
0.00584873
0.00584873
0.00504834
0.00504834
0.00504834
0.00504834
0.00504834
0.00504834
0.00504834
0.00504834
0.00504834
0.00448007
0.00448007
0.00448007
0.00346284
0.00346284
0.00346284
0.00346284
0.00381955
0.00381955
0.00381955
0.00381955
0.00381955
0.00381955
0.00381955
0.00381955
0.00544921
0.00544921
0.00544921
0.0052646
0.0052646
0.0052646
0.00389576
0.00389576
0.00389576
0.00438604
0.00438604
0.00438604
0.00438604
0.00438604
0.00432708
0.00423814
0.00423814
0.00423814
0.00423814
0.00423814
0.00423814
0.00456295
0.00456295
0.00456295
0.00456295
0.00456295
0.00432537
0.00432537
0.00432537
0.00567755
0.00567755
0.00567755
0.00567755
0.00567755
0.00567755
0.00524085
0.00524085
0.00524085
0.00524085
0.00524085
0.00524085
0.00524085
0.00524085
0.00524085
0.00524085
0.00524085
0.00467192
0.00467192
0.00467192
0.00467192
0.00467192
0.00467192
0.00467192
0.00467192
0.00467192
0.00467192
0.00445491
0.00401164
0.00401164
0.00401164
0.00401164
0.00401164
0.00400479
0.00400479
0.00400479
0.00400479
0.00400479
0.00400479
0.00400479
0.00400479
0.00400479
0.00491038
0.00491038
0.00491038
0.00491038
0.00491038
0.00465236
0.00465236
0.00465236
0.0041762
0.0041762
0.0041762
0.0041762
0.0041762
0.0041762
0.0041762
0.0041762
0.0041762
0.00429983
0.00429983
0.00429983
0.00429983
0.00429983
0.00429983
0.00332122
0.00332122
0.00332122
0.00332122
0.00332122
0.00356482
0.00356482
0.00356482
0.00424436
0.00424436
0.00424436
0.00424436
0.00424436
0.00424436
0.00424436
0.00424436
0.0042077
0.0042077
0.0042077
0.0042077
0.00363853
0.00363853
0.00363853
0.00363853
0.00363853
0.00363853
0.00374667
0.00374667
0.00374667
0.00374667
0.0043872
0.0043872
0.0043872
0.0043872
0.0043872
0.0043872
0.00417993
0.00417993
0.00417993
0.00417993
0.00417993
0.00417993
0.00364673
0.00364673
0.00364673
0.00364673
0.00325766
0.00325766
0.00325766
0.00325766
0.00325766
0.00325766
0.00325766
0.0038721
0.00532948
0.00532948
0.00532948
0.00871567
0.00871567
0.01787334
0.01787334
0.07823306
0.27890965
0.27890965
0.27890965
0.27890965
0.27890965
0.23369273
0.23369273
0.23369273
0.23369273
0.23369273
0.21734634
0.21734634
0.21734634
0.26821059
0.26821059
0.35375199
0.35375199
0.35375199
0.45988662
0.45988662
0.45988662
0.40726272
0.37280404
0.18183922
0.15457645
0.14751205
0.12492873
0.10850765
0.10850765
0.10850765
0.10850765
0.10643183
0.10643183
0.10643183
0.07454609
0.07454609
0.07454609
0.07454609
0.07454609
0.06714918
0.0625629
0.0625629
0.0625629
0.05945545
0.05945545
0.05622056
0.05610151
0.05610151
0.05423931
0.05423931
0.05423931
0.05423931
0.05423931
0.05667268
0.05667268
0.05667268
0.0569724
0.0569724
0.0569724
0.04886204
0.04745436
0.04745436
0.04745436
0.04745436
0.04745436
0.04745436
0.04745436
0.03824872
0.03824872
0.03824872
0.03824872
0.03223979
0.03223979
0.03223979
0.03223979
0.03223979
0.03223979
0.03223979
0.03223979
0.03223979
0.02994753
0.02994753
0.02994753
0.02994753
0.02601945
0.02601945
0.02601945
0.02601945
0.02601945
0.02600849
0.02600849
0.02600849
0.02600849
0.02600849
0.02845383
0.02845383
0.02845383
0.02845383
0.03045417
0.03045417
0.03045417
0.03045417
0.03045417
0.03045417
0.03045417
0.03351746
0.03351746
0.03351746
0.03351746
0.03351746
0.03351746
0.03351746
0.03351746
0.03199284
0.03199284
0.03199284
0.03199284
0.03199284
0.03199284
0.03199284
0.02442612
0.02442612
0.02442612
0.02442612
0.02442612
0.01799613
0.01799613
0.0168752
0.0168752
0.0168752
0.0168752
0.01278467
0.01278467
0.00801778
0.00770769
0.00770769
0.00770769
0.00588197
0.00588197
0.00588197
0.00588197
0.00588197
0.00588197
0.00588197
0.00535975
0.00535975
0.00535975
0.00535975
0.00535975
0.00441524
0.00437488
0.00437488
0.00437488
0.00437488
0.00437488
0.00437488
0.00429764
0.00338329
0.00338329
0.00338329
0.00484071
0.00484071
0.00484071
0.00484071
0.00484071
0.00484071
0.00484071
0.00484071
0.00484071
0.00484071
0.00484071
0.00484071
0.00484071
0.0068853
0.0068853
0.0073746
0.0073746
0.00945798
0.01408501
0.01408501
0.01408501
0.01408501
0.01408501
0.01408501
0.01408501
0.01408501
0.01408501
0.01408501
0.01792106
0.01792106
0.01792106
0.01792106
0.02049431
0.02049431
0.02049431
0.02049431
0.02049431
0.02736434
0.02736434
0.02736434
0.02736434
0.02736434
0.02736434
0.02736434
0.02736434
0.03082502
0.03082502
0.03082502
0.03082502
0.03082502
0.03082502
0.02671515
0.02671515
0.02628968
0.02628968
0.02540428
0.02540428
0.02063012
0.01934021
0.01934021
0.01934021
0.01934021
0.01863293
0.01613007
0.01613007
0.01613007
0.02428138
0.0251503
0.0251503
0.02674766
0.02964113
0.02964113
0.02964113
0.02964113
0.02964113
0.02964113
0.03461891
0.03916573
0.03916573
0.03916573
0.04120512
0.04120512
0.04120512
0.04120512
0.04120512
0.04120512
0.04120512
0.04120512
0.04120512
0.04120512
0.04120512
0.04362588
0.04362588
0.04362588
0.04362588
0.04362588
0.04362588
0.04362588
0.04362588
0.04362588
0.04362588
0.04374035
0.04760836
0.04760836
0.04760836
0.03307201
0.03199965
0.03199965
0.03199965
0.03199965
0.03199965
0.03199965
0.03199965
0.03199965
0.03199965
0.03199965
0.03199965
0.03199965
0.03199965
0.03199965
0.03199965
0.03199965
0.03199965
0.02667684
0.02667684
0.02667684
0.02667684
0.01924427
0.01924427
0.01924427
0.01991624
0.01991624
0.01991624
0.01991624
0.01991624
0.01991624
0.01485215
0.01485215
0.01485215
0.01485215
0.0164735
0.0164735
0.0164735
0.0164735
0.01181381
0.01138653
0.01138653
0.01138653
0.01138653
0.01138653
0.01138653
0.01138653
0.01138653
0.01138653
0.01138653
0.01058178
0.01058178
0.01058178
0.00938331
0.0078705
0.0078705
0.0078705
0.0078705
0.0078705
0.0078705
0.0078705
0.0078705
0.0078705
0.0078705
0.00639031
0.00639031
0.00639031
0.00639031
0.00639031
0.00569487
0.00569487
0.00569487
0.00521594
0.00521594
0.00521594
0.00521594
0.00521594
0.00521594
0.00521594
0.00521594
0.00521594
0.00950896
0.01023685
0.01023685
0.01023685
0.01023685
0.01023685
0.00858894
0.00858894
0.00717421
0.00717421
0.00717421
0.00834612
0.00834612
0.00834612
0.00834612
0.00834612
0.00834612
0.00834612
0.00866682
0.00866682
0.00866682
0.00866682
0.00866682
0.00673223
0.00673223
0.00673223
0.00673223
0.00673223
0.00673223
0.00673223
0.00673223
0.00782832
0.00782832
0.01212565
0.01212565
0.01212565
0.00729221
0.00729221
0.00729221
0.00729221
0.00729221
0.00729221
0.00729221
0.00827908
0.00827908
0.00827908
0.00779971
0.00779971
0.00779971
0.00779971
0.00779971
0.00779971
0.00779971
0.00779971
0.00779971
0.00861687
0.00879172
0.00879172
0.00879172
0.01023157
0.01023157
0.01023157
0.01023157
0.01159119
0.01159119
0.01159119
0.01159119
0.01159119
0.01159119
0.01159119
0.01159119
0.01159119
0.01159119
0.01159119
0.00881079
0.00881079
0.00881079
0.0102876
0.01113119
0.01386219
0.01612331
0.01612331
0.01612331
0.01612331
0.01612331
0.01612331
0.01612331
0.01612331
0.01558578
0.01558578
0.01558578
0.01558578
0.01558578
0.01558578
0.01558578
0.01986219
0.01986219
0.01986219
0.01986219
0.02302703
0.02302703
0.02302703
0.02302703
0.02177673
0.02177673
0.02177673
0.02177673
0.02177673
0.02177673
0.02177673
0.02177673
0.02177673
0.02177673
0.02177673
0.02177673
0.02177673
0.02177673
0.02177673
0.02177673
0.02177673
0.02177673
0.01584864
0.01584864
0.01584864
0.01584864
0.01584864
0.01584864
0.01584864
0.01584864
0.01584864
0.02018074
0.02018074
0.02018074
0.02018074
0.02018074
0.02018074
0.02018074
0.02018074
0.02018074
0.02018074
0.019766
0.019766
0.019766
0.019766
0.01916421
0.01916421
0.01916421
0.01571656
0.01347485
0.01347485
0.01347485
0.00931634
0.00931634
0.00931634
0.0114156
0.0114156
0.0114156
0.0114156
0.0114156
0.0114156
0.01158733
0.01158733
0.01158733
0.00726037
0.00726037
0.00726037
0.00726037
0.00726037
0.00726037
0.00726037
0.00726037
0.0060911
0.00550508
0.00550508
0.00550508
0.00448384
0.00448384
0.00448384
0.0045717
0.0045717
0.0045717
0.0045717
0.0065531
0.0065531
0.0065531
0.0065531
0.0065531
0.0065531
0.0065531
0.0065531
0.0065531
0.0065531
0.00793687
0.01324192
0.01324192
0.01324192
0.00895352
0.00895352
0.00895352
0.01185432
0.01185432
0.01185432
0.01185432
0.01185432
0.01185432
0.01267806
0.01267806
0.01267806
0.01267806
0.01267806
0.01304256
0.01451985
0.01761604
0.01761604
0.01761604
0.01761604
0.01761604
0.01761604
0.01761604
0.01761604
0.017518
0.017518
0.017518
0.017518
0.017518
0.017518
0.017518
0.017518
0.017518
0.017518
0.017518
0.017518
0.017518
0.017518
0.017518
0.017518
0.017518
0.017518
0.017518
0.017518
0.017518
0.017518
0.017518
0.017518
0.017518
0.017518
0.017518
0.017518
0.01474081
0.01474081
0.01474081
0.01588482
0.01588482
0.01588482
0.02270696
0.02270696
0.02270696
0.02270696
0.02270696
0.02270696
0.02270696
0.02270696
0.02907069
0.02907069
0.02907069
0.02794251
0.02794251
0.02620364
0.02620364
0.02620364
0.02620364
0.02620364
0.02582311
0.02582311
0.02582311
0.02582311
0.02582311
0.02582311
0.02590394
0.02590394
0.02590394
0.02553737
0.02553737
0.02553737
0.02553737
0.02553737
0.02553737
0.02553737
0.02553737
0.02553737
0.02553737
0.02553737
0.02553737
0.02553737
0.02553737
0.02553737
0.02553737
0.02553737
0.02553737
0.02553737
0.02362107
0.02362107
0.02362107
0.02362107
0.02362107
0.02120932
0.02120932
0.02120932
0.02120932
0.01743579
0.01743579
0.01743579
0.01743579
0.02573316
0.02573316
0.02573316
0.02531167
0.02531167
0.02531167
0.02531167
0.02531167
0.02531167
0.02531167
0.02531167
0.02531167
0.01768919
0.01768919
0.01768919
0.01829338
0.01829338
0.01829338
0.01829338
0.01829338
0.01829338
0.01310675
0.01287732
0.01287732
0.01287732
0.01287732
0.01421887
0.01437411
0.01476519
0.01476519
0.01476519
0.01476519
0.01476519
0.01476519
0.01476519
0.01476519
0.01476519
0.02130084
0.02130084
0.02130084
0.01437734
0.01437734
0.01437734
0.02315157
0.02575411
0.02575411
0.02575411
0.02168476
0.02168476
0.02168476
0.02662871
0.02662871
0.02662871
0.02181093
0.02181093
0.02181093
0.02704044
0.02704044
0.02704044
0.02704044
0.02704044
0.03852208
0.03852208
0.03852208
0.03852208
0.03825541
0.03825541
0.03825541
0.03830829
0.03903554
0.03903554
0.03903554
0.03903554
0.03903554
0.03903554
0.0530219
0.0530219
0.05980178
0.05980178
0.05980178
0.0660936
0.06771959
0.06771959
0.06771959
0.06747413
0.06747413
0.06747413
0.06863374
0.06863374
0.0739052
0.08750437
0.09495045
0.0960457
0.0960457
0.0960457
0.0960457
0.0960457
0.08413015
0.08413015
0.08413015
0.09686915
0.14207702
0.19491448
0.31028069
0.39550781
0.45453398
0.45453398
0.45453398
0.43347465
0.41063955
0.41063955
0.41063955
0.41063955
0.41063955
0.41063955
0.41063955
0.41063955
0.41063955
0.09544433
0.09544433
0.09544433
0.10191156
0.10191156
0.10191156
0.10191156
0.10191156
0.10191156
0.02395158
0.02395158
0.02395158
0.00348499
0.00348499
0.00348499
0.00547668
0.00547668
0.00800041
0.00800041
0.00800041
0.00800041
0.00696092
0.00696092
0.00696092
0.0054908
0.0054908
0.0054908
0.0054908
0.0054908
0.00266875
0.00266875
0.00056137
0.00056137
0.00056137
0.00056137
0.00056137
0.00056137
0.00033645
0.00033645
0.00033645
0.00035554
0.00035554
0.00035554
0.00035554
0.00035554
0.00035554
5.9e-05
5.9e-05
5.9e-05
0.00011239
0.00011239
0.00011462
0.00011462
0.00011462
0.00010568
0.00010568
0.00010568
0.00010648
0.00010648
0.00010648
0.00010648
0.00010648
0.00022374
0.00022374
0.00022374
0.00022374
0.00022374
0.00022374
9.929e-05
9.929e-05
9.929e-05
0.00013895
0.00013895
0.00013895
0.00013895
0.00013895
0.00013895
0.00013895
0.00021137
0.00023834
0.00023834
0.00023834
0.00023834
0.00023834
0.00012768
0.00012768
0.00012768
0.00012768
0.00012768
0.00012768
0.00012768
0.00012768
0.00012768
0.00012768
0.00012768
0.00012768
0.00012768
0.00012768
0.00012768
0.00012768
0.00012768
4.769e-05
4.769e-05
4.769e-05
4.769e-05
4.769e-05
4.769e-05
4.769e-05
4.769e-05
4.769e-05
4.769e-05
4.769e-05
4.769e-05
4.769e-05
4.769e-05
4.769e-05
4.769e-05
4.769e-05
6.863e-05
6.863e-05
6.863e-05
6.863e-05
6.863e-05
5.899e-05
5.899e-05
5.899e-05
9.477e-05
9.477e-05
9.477e-05
5.342e-05
5.342e-05
5.342e-05
5.342e-05
5.342e-05
5.342e-05
5.342e-05
5.168e-05
2.082e-05
2.082e-05
2.082e-05
2.292e-05
2.292e-05
2.292e-05
2.292e-05
2.292e-05
2.481e-05
2.481e-05
2.481e-05
2.863e-05
2.863e-05
2.863e-05
2.863e-05
2.863e-05
2.863e-05
2.863e-05
2.863e-05
4.34e-05
4.34e-05
4.34e-05
4.34e-05
4.34e-05
4.34e-05
4.34e-05
4.34e-05
4.34e-05
4.34e-05
4.34e-05
4.34e-05
4.34e-05
4.34e-05
4.34e-05
4.34e-05
4.34e-05
6.657e-05
6.657e-05
6.657e-05
6.657e-05
6.657e-05
6.657e-05
6.657e-05
6.657e-05
6.657e-05
6.657e-05
6.801e-05
6.801e-05
6.801e-05
6.801e-05
6.801e-05
6.801e-05
6.801e-05
6.801e-05
7.768e-05
7.768e-05
7.768e-05
4.153e-05
4.153e-05
4.153e-05
4.153e-05
2.519e-05
2.519e-05
2.519e-05
3.106e-05
5.577e-05
5.577e-05
5.577e-05
5.577e-05
3.043e-05
3.043e-05
3.043e-05
3.043e-05
3.043e-05
3.043e-05
3.043e-05
3.366e-05
3.366e-05
7.85e-05
7.85e-05
7.85e-05
7.85e-05
7.85e-05
7.85e-05
7.85e-05
7.85e-05
9.193e-05
9.193e-05
9.193e-05
6.047e-05
6.047e-05
6.047e-05
9.645e-05
9.645e-05
9.645e-05
7.13e-05
7.13e-05
5.281e-05
5.281e-05
5.281e-05
5.281e-05
5.281e-05
5.281e-05
5.281e-05
5.281e-05
5.281e-05
5.281e-05
9.273e-05
9.273e-05
9.273e-05
4.2e-05
3.753e-05
3.753e-05
3.753e-05
4.673e-05
4.673e-05
4.673e-05
4.673e-05
4.673e-05
4.673e-05
4.673e-05
4.673e-05
7.148e-05
7.25e-05
7.25e-05
7.25e-05
5.681e-05
5.681e-05
5.681e-05
5.681e-05
5.681e-05
5.681e-05
6.033e-05
6.033e-05
6.033e-05
6.033e-05
6.033e-05
6.033e-05
6.033e-05
6.033e-05
6.033e-05
6.033e-05
6.033e-05
6.033e-05
4.916e-05
4.916e-05
4.916e-05
4.916e-05
4.916e-05
8.405e-05
8.405e-05
8.405e-05
6.763e-05
6.763e-05
6.763e-05
6.763e-05
6.811e-05
6.811e-05
6.811e-05
6.811e-05
6.811e-05
3.291e-05
3.291e-05
3.291e-05
3.291e-05
3.291e-05
3.291e-05
3.291e-05
3.291e-05
6.109e-05
6.109e-05
6.109e-05
6.109e-05
6.109e-05
6.109e-05
3.928e-05
3.928e-05
3.928e-05
3.928e-05
3.928e-05
3.928e-05
3.928e-05
3.928e-05
3.928e-05
3.928e-05
3.928e-05
3.928e-05
3.928e-05
3.928e-05
3.928e-05
3.928e-05
3.928e-05
3.928e-05
3.928e-05
3.312e-05
3.312e-05
3.312e-05
3.312e-05
0.00025455
0.00025455
0.00025455
0.00015528
0.00015528
0.00015528
0.00015528
0.00015528
0.00015528
0.00015528
0.00015528
9.155e-05
9.155e-05
9.155e-05
9.155e-05
9.155e-05
9.155e-05
9.155e-05
0.00012727
0.00012727
0.00012727
0.00012727
0.00012727
4.12e-05
4.12e-05
4.12e-05
5.389e-05
5.389e-05
5.389e-05
5.389e-05
5.389e-05
5.389e-05
5.389e-05
5.547e-05
7.314e-05
7.314e-05
7.314e-05
7.314e-05
7.314e-05
7.314e-05
7.05e-05
7.05e-05
7.05e-05
0.00011412
0.00011412
0.00011412
0.00011412
0.00011412
0.00011412
0.00011412
0.00011412
8.07e-05
8.054e-05
8.054e-05
8.054e-05
8.054e-05
8.054e-05
8.054e-05
8.054e-05
8.054e-05
8.054e-05
8.054e-05
8.054e-05
8.054e-05
8.054e-05
0.00011113
0.00011113
0.00011113
0.00011113
4.665e-05
4.665e-05
4.665e-05
4.665e-05
4.665e-05
0.00010176
0.00010176
0.00010176
0.00010176
0.00010176
5.32e-05
5.32e-05
5.32e-05
5.32e-05
5.32e-05
5.32e-05
5.32e-05
5.32e-05
8.252e-05
8.252e-05
8.252e-05
8.252e-05
0.00017374
0.00017374
0.00017374
7.779e-05
7.779e-05
7.779e-05
7.779e-05
7.779e-05
7.779e-05
9.367e-05
9.367e-05
9.367e-05
9.367e-05
6.435e-05
5.344e-05
5.344e-05
5.344e-05
9.149e-05
9.149e-05
9.149e-05
4.489e-05
4.489e-05
4.489e-05
5.776e-05
5.776e-05
5.776e-05
5.776e-05
5.776e-05
5.776e-05
5.776e-05
5.776e-05
5.776e-05
5.776e-05
5.776e-05
5.776e-05
5.776e-05
5.776e-05
5.776e-05
5.776e-05
5.776e-05
5.776e-05
5.776e-05
4.535e-05
4.535e-05
4.535e-05
4.685e-05
4.685e-05
7.147e-05
7.147e-05
7.147e-05
6.344e-05
6.344e-05
6.344e-05
6.344e-05
4.309e-05
3.876e-05
3.201e-05
3.201e-05
3.201e-05
3.201e-05
3.201e-05
3.201e-05
4.401e-05
4.401e-05
4.401e-05
4.401e-05
4.401e-05
4.401e-05
9.87e-06
9.87e-06
9.87e-06
4.627e-05
4.627e-05
4.627e-05
4.627e-05
4.627e-05
4.627e-05
4.627e-05
4.627e-05
7.821e-05
7.821e-05
0.00017306
0.00017306
0.00017306
5.197e-05
5.197e-05
4.832e-05
4.832e-05
4.832e-05
4.832e-05
6.609e-05
6.609e-05
6.609e-05
3.528e-05
3.528e-05
3.528e-05
6.645e-05
6.645e-05
6.645e-05
3.451e-05
3.451e-05
2.174e-05
2.174e-05
2.174e-05
2.174e-05
2.174e-05
2.455e-05
2.455e-05
2.455e-05
2.818e-05
2.818e-05
2.818e-05
2.818e-05
2.818e-05
8.555e-05
0.00012245
0.00012245
0.00012245
0.00012245
0.00012245
0.00012245
0.00012245
0.00012245
8.38e-05
8.38e-05
7.882e-05
7.882e-05
7.882e-05
7.882e-05
7.882e-05
7.882e-05
7.882e-05
7.882e-05
7.882e-05
7.882e-05
7.882e-05
7.882e-05
7.882e-05
7.882e-05
7.722e-05
7.722e-05
7.722e-05
7.722e-05
4.855e-05
4.855e-05
4.855e-05
0.00018627
0.00018627
0.00018627
0.00010007
0.00010007
7.004e-05
7.004e-05
3.201e-05
3.201e-05
3.201e-05
4.489e-05
4.489e-05
6.394e-05
6.394e-05
6.394e-05
6.394e-05
5.323e-05
5.323e-05
5.323e-05
5.323e-05
5.323e-05
5.323e-05
5.323e-05
5.323e-05
5.323e-05
5.323e-05
5.323e-05
5.323e-05
5.323e-05
0.00012837
0.00012837
0.00012837
0.00012837
0.00012837
0.00012837
0.00012837
0.00012837
6.203e-05
6.203e-05
6.203e-05
6.203e-05
5.635e-05
1.822e-05
1.822e-05
1.456e-05
1.456e-05
1.456e-05
1.456e-05
1.456e-05
1.456e-05
1.456e-05
1.456e-05
2.319e-05
2.319e-05
2.964e-05
2.964e-05
2.964e-05
2.964e-05
2.964e-05
2.964e-05
2.964e-05
2.964e-05
6.283e-05
8.671e-05
8.671e-05
8.671e-05
8.594e-05
8.594e-05
8.594e-05
8.594e-05
8.594e-05
8.594e-05
8.594e-05
5.779e-05
5.779e-05
5.779e-05
5.779e-05
5.779e-05
5.779e-05
5.779e-05
5.779e-05
5.779e-05
5.779e-05
5.779e-05
5.779e-05
5.779e-05
5.779e-05
5.779e-05
5.779e-05
5.779e-05
5.779e-05
5.779e-05
5.779e-05
5.779e-05
6.778e-05
6.778e-05
6.778e-05
4.488e-05
4.488e-05
2.685e-05
2.685e-05
2.685e-05
2.685e-05
2.685e-05
1.826e-05
1.826e-05
1.826e-05
4.268e-05
4.268e-05
4.268e-05
4.268e-05
4.268e-05
4.268e-05
4.268e-05
4.268e-05
4.268e-05
4.268e-05
3.988e-05
3.988e-05
3.988e-05
5.833e-05
0.000102
0.000102
0.000102
0.000102
0.000102
0.000102
4.282e-05
4.282e-05
4.282e-05
6.281e-05
6.281e-05
6.281e-05
6.281e-05
6.281e-05
6.281e-05
6.179e-05
6.179e-05
6.179e-05
6.179e-05
6.179e-05
6.179e-05
6.179e-05
6.179e-05
6.453e-05
6.453e-05
6.453e-05
6.453e-05
6.453e-05
4.349e-05
3.119e-05
3.119e-05
3.119e-05
6.7e-05
6.7e-05
6.7e-05
7.009e-05
7.009e-05
7.009e-05
7.009e-05
4.761e-05
4.761e-05
4.761e-05
4.761e-05
4.761e-05
6.77e-06
6.77e-06
6.77e-06
7.532e-05
7.532e-05
7.532e-05
5.099e-05
5.099e-05
4.38e-06
4.38e-06
4.38e-06
4.38e-06
4.38e-06
4.38e-06
1.028e-05
1.028e-05
1.028e-05
1.028e-05
0.00013622
0.00013622
0.00013622
0.00012147
9.799e-05
9.799e-05
9.799e-05
5.587e-05
5.34e-05
5.34e-05
5.34e-05
5.34e-05
5.34e-05
5.34e-05
5.34e-05
9.331e-05
0.00010676
0.00010676
0.00010676
5.368e-05
5.368e-05
3.194e-05
3.194e-05
3.194e-05
3.194e-05
5.633e-05
5.633e-05
5.633e-05
5.633e-05
5.633e-05
8.068e-05
8.068e-05
8.068e-05
8.068e-05
2.172e-05
2.172e-05
0.0
0.0
0.0
0.0
0.0
0.0
1.482e-05
1.756e-05
1.756e-05
1.756e-05
1.756e-05
5.295e-05
5.295e-05
5.295e-05
5.295e-05
5.295e-05
5.295e-05
5.295e-05
5.295e-05
5.295e-05
5.295e-05
0.00013125
0.00013125
0.00013125
0.00013125
0.00013125
0.00013125
0.00012076
6.993e-05
6.993e-05
6.993e-05
6.993e-05
6.993e-05
6.993e-05
6.993e-05
5.45e-05
5.45e-05
5.45e-05
5.45e-05
5.45e-05
5.45e-05
5.45e-05
5.45e-05
5.45e-05
5.45e-05
5.45e-05
5.45e-05
5.45e-05
2.945e-05
2.945e-05
2.945e-05
0.2611006
0.26738358
0.26738358
0.26738358
0.31446713
0.31446713
0.31446713
0.31446713
0.30688387
0.28755256
0.25145178
0.21350772
0.20828156
0.16628923
0.16628923
0.16628923
0.16628923
0.16628923
0.16628923
0.39031592
0.39031592
0.39031592
0.1876236
0.12896008
0.12896008
0.12896008
0.12896008
0.22770884
0.29681896
0.29681896
0.29681896
0.29681896
0.25158035
0.25158035
0.25158035
0.25158035
0.25158035
0.25158035
0.37232855
0.37232855
0.37232855
0.37232855
0.37232855
0.37232855
0.37232855
0.37232855
0.37232855
0.34499441
0.24904187
0.123483
0.123483
0.123483
0.17056503
0.17056503
0.17813647
0.17813647
0.20351968
0.20351968
0.20351968
0.09987684
0.00163774
0.00163774
0.00163774
0.00199451
0.00199451
0.00199451
0.0006629
0.0006629
0.0006629
0.00093519
0.00093519
0.00402718
0.01013542
0.01013542
0.01013542
0.00165055
0.00165055
0.00165055
0.00165055
0.00165055
0.00165055
0.05655022
0.05655022
0.12635443
0.43981906
0.49988871
0.49988871
0.49988871
0.49988871
0.49988871
0.00042812
0.00042812
0.00042812
0.00060277
0.04959546
0.04959546
0.04959546
0.04959546
0.04959546
0.04959546
0.04959546
0.23036309
0.24876332
0.26239782
0.38538807
0.38538807
0.38538807
0.38538807
0.38538807
0.49296231
0.49296231
0.49296231
0.43697744
0.08142006
0.08142006
0.00068439
0.00068439
0.00052795
0.00052795
0.00052795
0.00345391
0.35321762
0.35321762
0.35321762
0.2094303
0.00159442
0.00159442
0.00159442
0.00159442
0.06887961
0.06887961
0.06887961
0.06887961
0.06887961
0.06887961
0.06887961
0.11687469
0.11687469
0.11687469
0.11687469
0.11687469
0.00278392
0.00278392
0.00278392
0.00584246
0.00584246
0.00584246
0.00584246
0.00584246
0.00584246
0.00584246
0.00584246
0.00592515
0.00592515
0.02463546
0.02463546
0.02463546
0.00984704
0.00984704
0.00984704
0.02089052
0.02089052
0.03733319
0.03733319
0.03733319
0.02386464
0.02386464
0.02386464
0.01762025
0.01762025
0.01762025
0.01921425
0.01921425
0.01921425
0.02303968
0.02303968
0.02695199
