0.01096634
0.02381444
0.01096634
0.01096634
0.01001913
0.01001913
0.01001913
0.01001913
0.01001913
0.01001913
0.01001913
0.00847078
0.00658482
0.00658482
0.00658482
0.00658482
0.00658482
0.00654843
0.00654843
0.00654843
0.00654843
0.00654843
0.00654843
0.00654843
0.00654843
0.00654843
0.00654843
0.00917577
0.00917577
0.00917577
0.00711612
0.00711612
0.00711612
0.00711612
0.00711612
0.00711612
0.00711612
0.00711612
0.00711612
0.00711612
0.00779158
0.00779158
0.00779158
0.00779158
0.00912946
0.00912946
0.00912946
0.00912946
0.00560495
0.00560495
0.00560495
0.00560495
0.00560495
0.00956347
0.00956347
0.00956347
0.00956347
0.00956347
0.00956347
0.00956347
0.00956347
0.00956347
0.0093835
0.0093835
0.0093835
0.00889848
0.00889848
0.00889848
0.00889848
0.00889848
0.01074103
0.01074103
0.01074103
0.01074103
0.01074103
0.00846915
0.00846915
0.00846915
0.0073408
0.00466015
0.00466015
0.00466015
0.00606982
0.00606982
0.01051156
0.01051156
0.01051156
0.00750085
0.00750085
0.00750085
0.00750085
0.00729906
0.00729906
0.00729906
0.00729906
0.00729906
0.00464085
0.00464085
0.00464085
0.00464085
0.00464085
0.00367091
0.00367091
0.00367091
0.00367091
0.00367091
0.00450194
0.00450194
0.00470622
0.00470622
0.0063013
0.0063013
0.0063013
0.0013986
0.00062528
0.00062528
0.00062528
0.00233087
0.00233087
0.00233087
0.00233087
0.00233087
0.00233087
0.00233087
0.00272602
0.00272602
0.00272602
0.00272602
0.00272602
0.00272602
0.00272602
0.0032933
0.0032933
0.00392763
0.00392763
0.00407279
0.00407279
0.00407279
0.00407279
0.00407279
0.00407279
0.00407279
0.00364841
0.00364841
0.00364841
0.00364841
0.00364841
0.00364841
0.00408343
0.00408343
0.00408343
0.00408343
0.00408343
0.00216703
0.00216703
0.00216703
0.00216703
0.00216703
0.00216703
0.00328106
0.00328106
0.00328106
0.00328106
0.00328106
0.00481714
0.00481714
0.00500152
0.00500152
0.00909384
0.00909384
0.00909384
0.00909384
0.00909384
0.00909384
0.00909384
0.00909384
0.00909384
0.01231677
0.01231677
0.01231677
0.01432949
0.01432949
0.01432949
0.01432949
0.01432949
0.01194684
0.01194684
0.01099288
0.00964171
0.00817567
0.00666653
0.00666653
0.00666653
0.00666653
0.00716444
0.01160926
0.01160926
0.01196495
0.01196495
0.0229139
0.0229139
0.0229139
0.01956694
0.01186869
0.01186869
0.01186869
0.01186869
0.01490163
0.01490163
0.01490163
0.01749483
0.01826993
0.01826993
0.01826993
0.01992126
0.01992126
0.01992126
0.01992126
0.01992126
0.01992126
0.01992126
0.01992126
0.01992126
0.01533199
0.01533199
0.01533199
0.01533199
0.01533199
0.0133029
0.0133029
0.0133029
0.0133029
0.0133029
0.01060335
0.01060335
0.01060335
0.01060335
0.01060335
0.01060335
0.01060335
0.01060335
0.01060335
0.01060335
0.01060335
0.02035076
0.02035076
0.02035076
0.0224602
0.0224602
0.03421796
0.03421796
0.03421796
0.03421796
0.03421796
0.03421796
0.00450324
0.00450324
0.00450324
0.0154004
0.0154004
0.0154004
0.0154004
0.0154004
0.0154004
0.0154004
0.0154004
0.0154004
0.01717183
0.01717183
0.01717183
0.01717183
0.01717183
0.01717183
0.00203825
0.00106719
0.00066266
0.0002315
0.0002315
0.0002315
0.00049108
0.00049108
0.00049108
0.00136344
0.00136344
0.00136344
0.00345594
0.00345594
0.00345594
0.00345594
0.00345594
0.00345594
0.00345594
0.0052014
0.0052014
0.0052014
0.0052014
0.0052014
0.00632343
0.00632343
0.00632343
0.00632343
0.00632343
0.00632343
0.00632343
0.00433794
0.00433794
0.00433794
0.00433794
0.00433794
0.00593956
0.00593956
0.00593956
0.00470779
0.00470779
0.00470779
0.00470779
0.00468017
0.00468017
0.00468017
0.00166709
0.00166709
0.00166709
0.00338927
0.00338927
0.00338927
0.00338927
0.00338927
0.00338927
0.00338927
0.00338927
0.00338927
0.00338927
0.00338927
0.00338927
0.00346262
0.00346262
0.00389388
0.00389388
0.00582334
0.00582334
0.00582334
0.00582334
0.00582334
0.00582334
0.00582334
0.00582334
0.00582334
0.00582334
0.00582334
0.00416768
0.00416768
0.00416768
0.0
0.0
0.0
0.0
0.0
0.00341231
0.00341231
0.00523393
0.00523393
0.01687329
0.01687329
0.01687329
0.01687329
0.01687329
0.01687329
0.01687329
0.01875627
0.01875627
0.01875627
0.01875627
0.01875627
0.01875627
0.01923651
0.01923651
0.01923651
0.01671656
0.01363468
0.01363468
0.01363468
0.01666287
0.02841619
0.02841619
0.02841619
0.02328796
0.02328796
0.01668309
0.01668309
0.01668309
0.01668309
0.01668309
0.01026479
0.01026479
0.01026479
0.01026479
0.01026479
0.01026479
0.01026479
0.01026479
0.0150536
0.0150536
0.0150536
0.0150536
0.0150536
0.01026276
0.01026276
0.01026276
0.01026276
0.01026276
0.01026276
0.01026276
0.01026276
0.01026276
0.01026276
0.01026276
0.01026276
0.01026276
0.01026276
0.01026276
0.01026276
0.01026276
0.01026276
0.01026276
0.01366613
0.01616921
0.01616921
0.03452582
0.03452582
0.03452582
0.02649365
0.02649365
0.02118511
0.02118511
0.02118511
0.02118511
0.02036122
0.01466386
0.01456728
0.01456728
0.01456728
0.01633149
0.02583899
0.02583899
0.02583899
0.02583899
0.03806342
0.04383637
0.04383637
0.04383637
0.03512815
0.03512815
0.03512815
0.02255571
0.02255571
0.02255571
0.02420562
0.02445003
0.02859179
0.02859179
0.02859179
0.02859179
0.02859179
0.02859179
0.02859179
0.02849854
0.02849854
0.01760928
0.01553741
0.01553741
0.01553741
0.01553741
0.01553741
0.01553741
0.01553741
0.01553741
0.01553741
0.01553741
0.02946932
0.02946932
0.02946932
0.02206171
0.02206171
0.02206171
0.02206171
0.02206171
0.01979386
0.01979386
0.01979386
0.01817951
0.01817951
0.01817951
0.016268
0.016268
0.0133658
0.0133658
0.00951222
0.00951222
0.00951222
0.00951222
0.01654045
0.01654045
0.02886387
0.02886387
0.02886387
0.02749291
0.02650002
0.02650002
0.02650002
0.0373523
0.0373523
0.0378019
0.0378019
0.0378019
0.0378019
0.02262734
0.01280465
0.0114315
0.0114315
0.0114315
0.0114315
0.0114315
0.01193984
0.01281418
0.01281418
0.01281418
0.01281418
0.02134327
0.02134327
0.03094521
0.03094521
0.03094521
0.02132842
0.02100581
0.02016397
0.02016397
0.02016397
0.02016397
0.01763487
0.01763487
0.01763487
0.01404041
0.01404041
0.01404041
0.01404041
0.01404041
0.01404041
0.01404041
0.01254397
0.01254397
0.01254397
0.01254397
0.01254397
0.01254397
0.01254397
0.01254397
0.00519119
0.00519119
0.00519119
0.00519119
0.00519119
0.00519119
0.00519119
0.00519119
0.00519119
0.00519119
0.00694801
0.00694801
0.00694801
0.00694801
0.00694801
0.00694801
0.01133281
0.01231601
0.01231601
0.01231601
0.01231601
0.01231601
0.01231601
0.01231601
0.01231601
0.01231601
0.01231601
0.01231601
0.01231601
0.01231601
0.01231601
0.01231601
0.01231601
0.01231601
0.01231601
0.01231601
0.01231601
0.04888535
0.04888535
0.04888535
0.04888535
0.04660921
0.04660921
0.04660921
0.04660921
0.04660921
0.03281409
0.0295072
0.02857744
0.02857744
0.02489748
0.02163186
0.02163186
0.02163186
0.02163186
0.02163186
0.01827515
0.01827515
0.01827515
0.01810272
0.01810272
0.01810272
0.01810272
0.01748525
0.01748525
0.01748525
0.01748525
0.01748525
0.01500908
0.01500908
0.01500908
0.01500908
0.01500908
0.01974836
0.01974836
0.01974836
0.00968233
0.00968233
0.00968233
0.00968233
0.0107224
0.01365999
0.01365999
0.01424978
0.01424978
0.01424978
0.01824759
0.01824759
0.01824759
0.01824759
0.01824759
0.01824759
0.01824759
0.01824759
0.01824759
0.01824759
0.01824759
0.01824759
0.01824759
0.01167478
0.01082007
0.01082007
0.01082007
0.01082007
0.01375076
0.01375076
0.01375076
0.01576376
0.01576376
0.01576376
0.01576376
0.02257733
0.02257733
0.02257733
0.02257733
0.02257733
0.02257733
0.02257733
0.01856492
0.01856492
0.01856492
0.01747937
0.01576899
0.01576899
0.01576899
0.01233604
0.01233604
0.01233604
0.01233604
0.01233604
0.01233604
0.01722342
0.01734091
0.01734091
0.01734091
0.01648999
0.01648999
0.01648999
0.01471643
0.01471643
0.01471643
0.01471643
0.01471643
0.02233078
0.02233078
0.02233078
0.02233078
0.02233078
0.02233078
0.02233078
0.02233078
0.02233078
0.02233078
0.02233078
0.02233078
0.02233078
0.02147367
0.01589779
0.01589779
0.01281942
0.01281942
0.01281942
0.01281942
0.01281942
0.01281942
0.01281942
0.01281942
0.01169665
0.01169665
0.01169665
0.01174105
0.01174105
0.01174105
0.01174105
0.01174105
0.01174105
0.01174105
0.01050783
0.01050783
0.01050783
0.01633537
0.01633537
0.01633537
0.01633537
0.01456883
0.01456883
0.01456883
0.01456883
0.01843879
0.01843879
0.01843879
0.01766178
0.01151845
0.01151845
0.01151845
0.01446042
0.01446042
0.01446042
0.01446042
0.01864491
0.01864491
0.0218627
0.0218627
0.0218627
0.0218627
0.0218627
0.02179634
0.02179634
0.02179634
0.02179634
0.02179634
0.02179634
0.02179634
0.02179634
0.01938727
0.01938727
0.0154831
0.0154831
0.0154831
0.0154831
0.01853877
0.01853877
0.01853877
0.01853877
0.01853877
0.01870461
0.02130185
0.02130185
0.02493685
0.02493685
0.02493685
0.02493685
0.02493685
0.03564565
0.03564565
0.03564565
0.02043223
0.02043223
0.02043223
0.02981273
0.02981273
0.03490188
0.03490188
0.03490188
0.02851921
0.02323241
0.02323241
0.02323241
0.02323241
0.02430303
0.02430303
0.02430303
0.0189403
0.0189403
0.0189403
0.0189403
0.0189403
0.0189403
0.0189403
0.0189403
0.02022486
0.02035478
0.02035478
0.02035478
0.02035478
0.02035478
0.01475811
0.01475811
0.01475811
0.01877534
0.01877534
0.01877534
0.01877534
0.01877534
0.02408523
0.03607434
0.03761278
0.03761278
0.03761278
0.01917049
0.01917049
0.01917049
0.01917049
0.01917049
0.01917049
0.01917049
0.01917049
0.01917049
0.01938079
0.01938079
0.01938079
0.01938079
0.01938079
0.01938079
0.01938079
0.01938079
0.01938079
0.01938079
0.01938079
0.01938079
0.01938079
0.02359401
0.02359401
0.02359401
0.02359401
0.02359401
0.02359401
0.0218183
0.0218183
0.0218183
0.0218183
0.02018073
0.02018073
0.02018073
0.02018073
0.02018073
0.03127683
0.03127683
0.03127683
0.03127683
0.04332048
0.04332048
0.04332048
0.03770049
0.02051947
0.01514362
0.01448348
0.01448348
0.01448348
0.01448348
0.01448348
0.01192476
0.01192476
0.01192476
0.01192476
0.01192476
0.01192476
0.01192476
0.01192476
0.01192476
0.01192476
0.01192476
0.01192476
0.01192476
0.01192476
0.01153105
0.01153105
0.00972101
0.00972101
0.00972101
0.00972101
0.00972101
0.00972101
0.00972101
0.01214078
0.01214078
0.01214078
0.01214078
0.01214078
0.01214078
0.01214078
0.01214078
0.01214078
0.01214078
0.01214078
0.01488056
0.01488056
0.01488056
0.01488056
0.01488056
0.01488056
0.01488056
0.01488056
0.01488056
0.01488056
0.01488056
0.01488056
0.01402481
0.01402481
0.01402481
0.01868563
0.01868563
0.01868563
0.01868563
0.01868563
0.01868563
0.01868563
0.01868563
0.01868563
0.01868563
0.01868563
0.01679297
0.01679297
0.01679297
0.01679297
0.01453448
0.01453448
0.01453448
0.01453448
0.01453448
0.01453448
0.0155804
0.01754756
0.01754756
0.01754756
0.01754756
0.01754756
0.01754756
0.01754756
0.01754756
0.01754756
0.01754756
0.01754756
0.01754756
0.01754756
0.02098586
0.02098586
0.02098586
0.01967127
0.01967127
0.01967127
0.01967127
0.01967127
0.0186968
0.0186968
0.0186968
0.0186968
0.0186968
0.0186968
0.0186968
0.0186968
0.0186968
0.0186968
0.02473191
0.02473191
0.02727856
0.02727856
0.02727856
0.02727856
0.02727856
0.02727856
0.02155509
0.02155509
0.02155509
0.02155509
0.0167312
0.0167312
0.0167312
0.0167312
0.01580191
0.01543919
0.01543919
0.01543919
0.01679618
0.01756762
0.01756762
0.01756762
0.01570723
0.01570723
0.01564213
0.01411072
0.01411072
0.01411072
0.01411072
0.01103265
0.01103265
0.01103265
0.01103265
0.01103265
0.00925818
0.00925818
0.00925818
0.00925818
0.00925818
0.00925818
0.00925818
0.00925818
0.00925818
0.00877512
0.00877512
0.00877512
0.00877512
0.00964149
0.00964149
0.00966971
0.00966971
0.00966971
0.00966971
0.00966971
0.00966971
0.0111858
0.0111858
0.0111858
0.0111858
0.0111858
0.0111858
0.00596509
0.00596509
0.00596509
0.00596509
0.00596509
0.00596509
0.00596509
0.00596509
0.00596509
0.00596509
0.00828322
0.00828322
0.00828322
0.00828322
0.00931152
0.00931152
0.00931152
0.00931152
0.00931152
0.00931152
0.00931152
0.00931152
0.00931152
0.00931152
0.00931152
0.00931152
0.01121954
0.01121954
0.01121954
0.00769453
0.00708523
0.00708523
0.00708523
0.00708523
0.00708523
0.00708523
0.00708523
0.00708523
0.00708523
0.00708523
0.00708523
0.00708523
0.00657638
0.00423888
0.00423888
0.00423888
0.00423888
0.00972445
0.00972445
0.00972445
0.00954265
0.00932073
0.00932073
0.00932073
0.00932073
0.00932073
0.01646824
0.01646824
0.01646824
0.00882554
0.00882554
0.00882554
0.00727728
0.00727728
0.00727728
0.00727728
0.00727728
0.00801915
0.00819351
0.00819351
0.00819351
0.00819351
0.00819351
0.01158886
0.01158886
0.01158886
0.00540538
0.00540538
0.00460949
0.00460949
0.00460949
0.00460949
0.00460949
0.00592919
0.00592919
0.00592919
0.00725833
0.00725833
0.00725833
0.00725833
0.00725833
0.0081125
0.0081125
0.0081125
0.01041429
0.01041429
0.01041429
0.01142112
0.01293252
0.01293252
0.01293252
0.01293252
0.01293252
0.01293252
0.01293252
0.01293252
0.01293252
0.01855148
0.01855148
0.01855148
0.01729286
0.01729286
0.01729286
0.01729286
0.01729286
0.01729286
0.01814133
0.01814133
0.01814133
0.01814133
0.01814133
0.01814133
0.01814133
0.01814133
0.01849545
0.01849545
0.01849545
0.00852519
0.00641347
0.00641347
0.00641347
0.00641347
0.01109828
0.01109828
0.01109828
0.01343284
0.01343284
0.01343284
0.00480221
0.00480221
0.00480221
0.00807097
0.00895957
0.00895957
0.00895957
0.00895957
0.01202568
0.01388335
0.01388335
0.01388335
0.01388335
0.01388335
0.00998368
0.00998368
0.00998368
0.00998368
0.00998368
0.00998368
0.00998368
0.00998368
0.00998368
0.00998368
0.00998368
0.00998368
0.00998368
0.00998368
0.00998368
0.00998368
0.00998368
0.00998368
0.00998368
0.0117882
0.01216079
0.01216079
0.01216079
0.01216079
0.01394435
0.01394435
0.01394435
0.01394435
0.01394435
0.01304809
0.01304809
0.01304809
0.01304809
0.01304809
0.01304809
0.01304809
0.00688436
0.00688436
0.00688436
0.0083765
0.0083765
0.0083765
0.0083765
0.0083765
0.01033012
0.01033012
0.01141009
0.01141009
0.01141009
0.01255358
0.01289872
0.01289872
0.01289872
0.01289872
0.01298152
0.01840868
0.01840868
0.01903872
0.01903872
0.01903872
0.0099755
0.00989173
0.00989173
0.00989173
0.01409526
0.01409526
0.01409526
0.01409526
0.01528839
0.01528839
0.01528839
0.01528839
0.01528839
0.01528839
0.01528839
0.01528839
0.01528839
0.01508644
0.01286082
0.01286082
0.01286082
0.01286082
0.01286082
0.01130119
0.01130119
0.01130119
0.01130119
0.01130119
0.01130119
0.01130119
0.01130119
0.01130119
0.01194144
0.01194144
0.01194144
0.01182741
0.01182741
0.01182741
0.01182741
0.01182741
0.01089458
0.01089458
0.01089458
0.0096385
0.0096385
0.0096385
0.0096385
0.0096385
0.0096385
0.00878318
0.00878318
0.00878318
0.00878318
0.00878318
0.00878318
0.00878318
0.00878318
0.00878318
0.00878318
0.00878318
0.00878318
0.00878318
0.00878318
0.00878318
0.00878318
0.00878318
0.00878318
0.00878318
0.00878318
0.01097916
0.01097916
0.01295517
0.01295517
0.01295517
0.01295517
0.01295517
0.01295517
0.01295517
0.01295517
0.01295517
0.01295517
0.01295517
0.01295517
0.01295517
0.01295517
0.01295517
0.01295517
0.01295517
0.01279613
0.01279613
0.01141539
0.01141539
0.01141539
0.01141539
0.01141539
0.01141539
0.01141539
0.01043647
0.01029658
0.01029658
0.01029658
0.01029658
0.01029658
0.01029658
0.01029658
0.01029658
0.00700693
0.00700693
0.00700693
0.00946894
0.00946894
0.00946894
0.00946894
0.00946894
0.00635572
0.00635572
0.00635572
0.00635572
0.00635572
0.00635572
0.010017
0.010017
0.010017
0.00859559
0.00859559
0.00859559
0.00859559
0.00859559
0.00859559
0.00859559
0.01480948
0.01480948
0.01480948
0.01676125
0.01676125
0.01676125
0.01587492
0.01587492
0.01587492
0.01460603
0.01405888
0.01256973
0.01256973
0.01256973
0.02126539
0.02126539
0.02126539
0.01909061
0.01147124
0.01047472
0.01047472
0.01047472
0.01047472
0.01047472
0.01047472
0.00797975
0.00797975
0.00797975
0.0095799
0.01016058
0.01957481
0.01957481
0.01957481
0.00884321
0.00837387
0.00837387
0.00837387
0.00928432
0.00928432
0.00928432
0.00928432
0.00928432
0.00968355
0.01213765
0.01213765
0.01213765
0.01197125
0.01197125
0.01197125
0.01434243
0.01434243
0.01438789
0.01438789
0.01438789
0.01438789
0.01438789
0.01438789
0.01438789
0.01438789
0.00779838
0.00779838
0.00493975
0.00493975
0.00493975
0.00493975
0.00493975
0.00493975
0.00493975
0.00493975
0.00493975
0.00580244
0.00580244
0.00580244
0.00580244
0.00580244
0.00580244
0.00778895
0.00778895
0.01091612
0.01091612
0.01091612
0.01091612
0.01091612
0.01091612
0.01091612
0.01076817
0.01076817
0.01076817
0.01076817
0.01076817
0.01292116
0.01292116
0.01292116
0.01292116
0.01583405
0.01583405
0.01583405
0.01285253
0.01285253
0.01285253
0.01285253
0.01285253
0.01285253
0.01285253
0.01285253
0.01285253
0.01285253
0.00628018
0.00628018
0.00628018
0.00628018
0.00628018
0.01025608
0.01025608
0.01025608
0.01025608
0.01025608
0.01025608
0.01025608
0.01373087
0.01426203
0.01426203
0.01426203
0.0136276
0.0136276
0.01198577
0.01198577
0.01198577
0.01198577
0.01198577
0.01198577
0.01198577
0.01198577
0.01198577
0.01198577
0.01198577
0.01198577
0.01309305
0.01309305
0.01309305
0.01309305
0.01309305
0.01363066
0.01591025
0.01591025
0.01591025
0.01591025
0.01591025
0.01591025
0.01591025
0.01591025
0.01591025
0.01591025
0.01591025
0.01591025
0.01591025
0.01591025
0.01591025
0.01832379
0.01832379
0.01832379
0.01753341
0.01753341
0.01753341
0.01753341
0.01753341
0.01301254
0.01257224
0.01257224
0.01257224
0.01257224
0.01257224
0.01257224
0.01384874
0.01384874
0.01384874
0.01384874
0.01384874
0.01384874
0.00981725
0.00981725
0.00981725
0.01222991
0.0135704
0.0135704
0.0135704
0.01725863
0.01725863
0.01725863
0.01447641
0.01447641
0.01447641
0.00928367
0.00928367
0.00928367
0.00928367
0.00928367
0.00928367
0.01040592
0.01040592
0.01040592
0.01040592
0.016926
0.016926
0.016926
0.016926
0.01627955
0.01627955
0.01627955
0.01627955
0.01627955
0.01627955
0.01564372
0.01564372
0.01564372
0.01564372
0.01246491
0.01246491
0.01246491
0.01526899
0.01526899
0.01526899
0.01526899
0.01526899
0.01526899
0.01526899
0.01526899
0.01526899
0.01526899
0.01526899
0.01526899
0.01526899
0.01526899
0.01526899
0.01192599
0.01192599
0.01192599
0.01192599
0.01192599
0.01192599
0.01192599
0.01236802
0.01236802
0.01236802
0.01236802
0.01236802
0.01236802
0.01236802
0.01236802
0.01236802
0.01236802
0.01114788
0.01114788
0.01114788
0.01114788
0.01114788
0.01114788
0.01114788
0.01083958
0.01083958
0.01083958
0.01083958
0.00913064
0.00913064
0.00913064
0.00913064
0.00758356
0.00758356
0.00758356
0.00758356
0.00758356
0.00758356
0.00758356
0.00758356
0.00858136
0.01026383
0.01026383
0.01026383
0.01026383
0.01026383
0.01080907
0.01080907
0.01080907
0.01080907
0.01080907
0.01080907
0.01080907
0.01080907
0.01080907
0.01080907
0.01080907
0.01080907
0.01080907
0.01282543
0.01282543
0.01282543
0.01282543
0.00680261
0.00680261
0.00680261
0.00699487
0.01224109
0.01224109
0.01224109
0.01350946
0.01350946
0.01350946
0.01350946
0.01350946
0.01350946
0.01350946
0.01350946
0.01949776
0.01949776
0.01949776
0.01949776
0.01776719
0.01776719
0.01776719
0.02072815
0.02072815
0.02072815
0.02072815
0.02072815
0.01274644
0.01274644
0.01274644
0.01274644
0.01274644
0.01274644
0.01274644
0.01274644
0.01274644
0.01274644
0.01931451
0.01931451
0.01931451
0.01654376
0.01654376
0.01654376
0.01654376
0.01654376
0.01654376
0.01654376
0.01854099
0.01854099
0.01854099
0.0151902
0.0151902
0.0151902
0.0151902
0.0151902
0.01139916
0.01139916
0.01139916
0.01139916
0.01139916
0.01139916
0.01139916
0.01139916
0.01139916
0.01139916
0.01139916
0.01139916
0.01139916
0.01139916
0.01139916
0.01139916
0.01248849
0.01518837
0.01518837
0.01518837
0.01518837
0.01518837
0.01518837
0.0154384
0.0154384
0.0154384
0.0154384
0.0154384
0.0154384
0.0154384
0.0154384
0.0154384
0.0154384
0.0154384
0.0154384
0.0154384
0.0154384
0.0185178
0.0185178
0.0185178
0.0185178
0.0185178
0.0185178
0.0185178
0.0185178
0.0185178
0.0185178
0.0185178
0.0185178
0.0185178
0.0185178
0.0185178
0.0185178
0.0185178
0.0185178
0.01592766
0.01592766
0.01592766
0.01592766
0.01264858
0.01264858
0.01264858
0.01264858
0.01264858
0.01264858
0.01264858
0.0194014
0.0194014
0.0194014
0.0194014
0.0194014
0.0194014
0.01312086
0.01312086
0.01312086
0.00993778
0.00993778
0.00993778
0.00993778
0.00993778
0.00842466
0.00842466
0.00842466
0.00842466
0.00842466
0.00842466
0.01001162
0.01088482
0.01191974
0.01426702
0.01426702
0.01426702
0.01426702
0.01426702
0.01426702
0.01426702
0.01426702
0.01426702
0.01426702
0.01426702
0.01426702
0.01426702
0.01088993
0.01028923
0.01028923
0.01028923
0.01028923
0.01028923
0.01028923
0.01028923
0.01028923
0.01028923
0.01028923
0.01028923
0.01028923
0.01028923
0.01028923
0.01028923
0.01028923
0.01028923
0.01372623
0.01419423
0.01419423
0.01419423
0.01058611
0.01058611
0.01058611
0.01058611
0.01058611
0.01058611
0.01058611
0.01058611
0.01058611
0.01058611
0.01538378
0.01538378
0.01538378
0.01234333
0.01234333
0.01002185
0.01002185
0.01002185
0.01455186
0.01455186
0.01455186
0.00919331
0.00919331
0.00919331
0.01127087
0.01127087
0.01127087
0.01127087
0.01127087
0.01127087
0.01683124
0.01683124
0.01683124
0.01207747
0.01207747
0.01207747
0.01407186
0.01407186
0.01407186
0.01407186
0.01407186
0.01407186
0.01407186
0.00871905
0.00871905
0.00871905
0.01306894
0.01306894
0.01306894
0.01306894
0.01306894
0.01306894
0.01306894
0.01306894
0.01306894
0.01228029
0.01228029
0.01228029
0.01228029
0.01228029
0.01228029
0.01265867
0.01265867
0.01265867
0.01265867
0.01265867
0.00547555
0.00547555
0.00547555
0.00547555
0.00547555
0.00547555
0.00547555
0.00547555
0.00647505
0.00647505
0.00647505
0.00647505
0.00929667
0.00929667
0.00929667
0.00929667
0.00929667
0.00929667
0.00929667
0.01029089
0.01029089
0.01029089
0.00573459
0.00573459
0.00573459
0.00573459
0.00573459
0.00573459
0.00573459
0.00089411
0.00089411
0.00089411
0.0081323
0.0081323
0.0081323
0.00786873
0.00786873
0.00775588
0.00775588
0.00775588
0.00998266
0.00998266
0.00998266
0.00998266
0.01117163
0.011526
0.011526
0.011526
0.0101448
0.0101448
0.0101448
0.0101448
0.00911897
0.00654375
0.00654375
0.00654375
0.00654375
0.00654375
0.00654375
0.00654375
0.00654375
0.00654375
0.017594
0.017594
0.017594
0.017594
0.02808394
0.02808394
0.02808394
0.02808394
0.02808394
0.03518525
0.08767962
0.13956602
0.15394916
0.15394916
0.15394916
0.15394916
0.01601854
0.01601854
0.01601854
0.01418001
0.01418001
0.01418001
0.01418001
0.01716551
0.01893994
0.01893994
0.01893994
0.01893994
0.01893994
0.01893994
0.01893994
0.01893994
0.01889246
0.01672796
0.01672796
0.01246478
0.01246478
0.01246478
0.01289089
0.01289089
0.01289089
0.01289089
0.01289089
0.01289089
0.01289089
0.01289089
0.01224499
0.01001586
0.01001586
0.01001586
0.01063937
0.0115034
0.01255013
0.01255013
0.01476596
0.01476596
0.01476596
0.01476596
0.01476596
0.01476596
0.01389396
0.01389396
0.01389396
0.01679123
0.01679123
0.01679123
0.01679123
0.01679123
0.01679123
0.01679123
0.01679123
0.01679123
0.01406515
0.01406515
0.01406515
0.01406515
0.01406515
0.01572067
0.01572067
0.01572067
0.01572067
0.01572067
0.01819892
0.01819892
0.01819892
0.01819892
0.01819892
0.01819892
0.01819892
0.01819892
0.01819892
0.01344913
0.01344913
0.01344913
0.01344913
0.01344913
0.01344913
0.01344913
0.01344913
0.01344913
0.01344913
0.01289409
0.01289409
0.01289409
0.01289409
0.01289409
0.01289409
0.01289409
0.01679048
0.01854487
0.01854487
0.01854487
0.01854487
0.01854487
0.01854487
0.01854487
0.01571907
0.01571907
0.01571907
0.01571907
0.00875494
0.00875494
0.00875494
0.00875494
0.00875494
0.00875494
0.01403538
0.01403538
0.01403538
0.01403538
0.0201594
0.0201594
0.0201594
0.01475514
0.01475514
0.01475514
0.01475514
0.01475514
0.01857795
0.01857795
0.02516467
0.02516467
0.02516467
0.02516467
0.02923113
0.02923113
0.02923113
0.02923113
0.02923113
0.02261973
0.02261973
0.02261973
0.02261973
0.02261973
0.02458391
0.02458391
0.02458391
0.15873109
0.15873109
0.15873109
0.13655396
0.10339222
0.10339222
0.10339222
0.10339222
0.10339222
0.08039841
0.06818686
0.06803917
0.05650853
0.03330354
0.01971759
0.01360206
0.01360206
0.01360206
0.01563173
0.01563173
0.01563173
0.01509661
0.01509661
0.01509661
0.01509661
0.01509661
0.01509661
0.01509661
0.01509661
0.01699836
0.02297034
0.02297034
0.02297034
0.02077171
0.02077171
0.01675856
0.01675856
0.01675856
0.02366807
0.02366807
0.02366807
0.02366807
0.02366807
0.02366807
0.02366807
0.02366807
0.02366807
0.02366807
0.02374955
0.02374955
0.02374955
0.02451923
0.02451923
0.02451923
0.02451923
0.02451923
0.02451923
0.02451923
0.02451923
0.02451923
0.02451923
0.02451923
0.02451923
0.02451923
0.02451923
0.02451923
0.02451923
0.02451923
0.02451923
0.02451923
0.0360542
0.0360542
0.0360542
0.0360542
0.0360542
0.0360542
0.0360542
0.0360542
0.0360542
0.0360542
0.0360542
0.03215461
0.03096478
0.03096478
0.02954514
0.02954514
0.02954514
0.03673777
0.03673777
0.03673777
0.03053479
0.03053479
0.03053479
0.03053479
0.03053479
0.03053479
0.03053479
0.03053479
0.03053479
0.03053479
0.03053479
0.03100069
0.03100069
0.03100069
0.03100069
0.03100069
0.03576167
0.03576167
0.03576167
0.03576167
0.03576167
0.03576167
0.03576167
0.03441697
0.03441697
0.03441697
0.04393346
0.04755079
0.04755079
0.04755079
0.04755079
0.04755079
0.04755079
0.04755079
0.04755079
0.04755079
0.04020087
0.02612114
0.02612114
0.02612114
0.02612114
0.01903033
0.01903033
0.01903033
0.02506248
0.02506248
0.02506248
0.02535014
0.02535014
0.02535014
0.02535014
0.02535014
0.02575069
0.02575069
0.02575069
0.02575069
0.02689459
0.02689459
0.02956807
0.02956807
0.03215925
0.03215925
0.03215925
0.03215925
0.03087165
0.03087165
0.03087165
0.03087165
0.02801544
0.02801544
0.02801544
0.03111261
0.03111261
0.03111261
0.03111261
0.03111261
0.03111261
0.03111261
0.03111261
0.03111261
0.03111261
0.03111261
0.03501818
0.03501818
0.03501818
0.03501818
0.03501818
0.0384556
0.0384556
0.0384556
0.0384556
0.0384556
0.03298658
0.03298658
0.03298658
0.03298658
0.03298658
0.03298658
0.03275071
0.03106686
0.03106686
0.03106686
0.03106686
0.03106686
0.03106686
0.03106686
0.03106686
0.03106686
0.03106686
0.03106686
0.03106686
0.03106686
0.0364414
0.0364414
0.0364414
0.0364414
0.0364414
0.0364414
0.0364414
0.0364414
0.0364414
0.0364414
0.0364414
0.0364414
0.03085949
0.03085949
0.03085949
0.03085949
0.03085949
0.03009402
0.03009402
0.03009402
0.03009402
0.03009402
0.0349045
0.0349045
0.0349045
0.02853303
0.02548272
0.02548272
0.02548272
0.02548272
0.02548272
0.02346403
0.02346403
0.02346403
0.02346403
0.02931782
0.02931782
0.02931782
0.0252096
0.0252096
0.0252096
0.02734819
0.02734819
0.02734819
0.02734819
0.03461108
0.0421237
0.07277849
0.2153899
0.24699614
0.26048081
0.26048081
0.26048081
0.24806241
0.2200273
0.18554936
0.13693896
0.09548939
0.06385125
0.03476586
0.03476586
0.03476586
0.03476586
0.03476586
0.05722027
0.11342042
0.182813
0.182813
0.182813
0.03581966
0.03581966
0.03581966
0.03581966
0.03581966
0.03581966
0.03581966
0.03581966
0.03581966
0.03483253
0.03483253
0.03434399
0.02726656
0.02726656
0.02351212
0.02351212
0.02351212
0.02351212
0.02351212
0.02351212
0.02351212
0.02351212
0.02461358
0.02461358
0.02461358
0.02737287
0.03511969
0.03511969
0.03511969
0.03511969
0.03511969
0.03511969
0.03511969
0.03511969
0.03647787
0.03647787
0.03647787
0.03647787
0.03647787
0.03765032
0.03765032
0.03765032
0.03765032
0.03765032
0.03765032
0.03041223
0.03041223
0.03041223
0.03041223
0.02879432
0.02879432
0.02879432
0.03544842
0.03544842
0.03544842
0.03544842
0.03822656
0.03822656
0.03822656
0.02972738
0.02972738
0.02972738
0.07577749
0.07577749
0.08600416
0.08600416
0.08600416
0.06197846
0.05493079
0.05493079
0.03669797
0.03669797
0.03669797
0.03669797
0.03669797
0.03669797
0.08283704
0.0891979
0.09453284
0.09453284
0.09453284
0.03714806
0.02031141
0.02031141
0.02031141
0.02031141
0.02031141
0.02031141
0.0225999
0.0225999
0.0225999
0.0225999
0.0225999
0.01596656
0.01596656
0.01596656
0.01596656
0.01596656
0.02624373
0.03054061
0.03054061
0.03054061
0.03054061
0.03356678
0.03356678
0.03356678
0.03356678
0.04137136
0.04137136
0.04137136
0.03466006
0.029787
0.029787
0.029787
0.029787
0.02658417
0.02658417
0.02645322
0.02645322
0.01941762
0.01545479
0.01545479
0.01545479
0.02096754
0.02298087
0.02298087
0.02298087
0.02289214
0.02289214
0.02289214
0.02289214
0.01716744
0.01651215
0.01651215
0.01651215
0.01651215
0.01651215
0.01651215
0.01751611
0.01751611
0.01751611
0.01751611
0.01751611
0.01751611
0.01751611
0.01751611
0.0154598
0.01362902
0.01350737
0.01350737
0.01350737
0.01350737
0.01864241
0.01864241
0.01864241
0.01747927
0.01747927
0.01747927
0.01747927
0.01747927
0.01739128
0.01102942
0.01102942
0.01102942
0.01119159
0.01119159
0.01119159
0.01119159
0.01119159
0.00851769
0.00851769
0.00851769
0.01070144
0.01070144
0.01070144
0.01324173
0.01546862
0.01637328
0.02237314
0.02237314
0.02237314
0.02237314
0.02237314
0.02729666
0.02729666
0.02729666
0.02729666
0.02729666
0.02729666
0.02464517
0.02464517
0.01694472
0.01694472
0.01694472
0.01694472
0.01694472
0.01694472
0.01694472
0.01713313
0.01713313
0.02565097
0.02565097
0.02565097
0.02565097
0.02565097
0.02252695
0.02252695
0.02025466
0.01945892
0.01708613
0.01708613
0.01708613
0.01708613
0.01708613
0.02200122
0.02200122
0.02200122
0.02200122
0.02200122
0.01759403
0.01759403
0.01759403
0.01759403
0.01759403
0.01759403
0.015149
0.015149
0.015149
0.01932192
0.01932192
0.01932192
0.01932192
0.01932192
0.01932192
0.01932192
0.01932192
0.01811849
0.01811849
0.01811849
0.01811849
0.01541344
0.01541344
0.01541344
0.01541344
0.01541344
0.01541344
0.01541344
0.01541344
0.01541344
0.01541344
0.01541344
0.01600985
0.01600985
0.01600985
0.01687953
0.01687953
0.01687953
0.01625288
0.0139493
0.0139493
0.0139493
0.01439432
0.01439432
0.01639497
0.01718493
0.01718493
0.01718493
0.01718493
0.01718493
0.01636921
0.01636921
0.01636921
0.01636921
0.01636921
0.01636921
0.01636921
0.01636921
0.01683629
0.02217136
0.02217136
0.02217136
0.02217136
0.02217136
0.0168862
0.0168862
0.0168862
0.0168862
0.0168862
0.0168862
0.0168862
0.0168862
0.0168862
0.0168862
0.0168862
0.02062128
0.02062128
0.02062128
0.01595344
0.01527453
0.01527453
0.01527453
0.01527453
0.01527453
0.01527453
0.01527453
0.01527453
0.01527453
0.01527453
0.01527453
0.01527453
0.01393879
0.01393879
0.01393879
0.01393879
0.01393879
0.01081932
0.01081932
0.01081932
0.01486562
0.01486562
0.01565915
0.01565915
0.01565915
0.01484453
0.01484453
0.01484453
0.01484453
0.01212039
0.0097496
0.0097496
0.0097496
0.0097496
0.0097496
0.0097496
0.0097496
0.0097496
0.0097496
0.0097496
0.0097496
0.0097496
0.0097496
0.0097496
0.0097496
0.0097496
0.0097496
0.0097496
0.0093142
0.0093142
0.0093142
0.0093142
0.0093142
0.0093142
0.0093142
0.0093142
0.0093142
0.0093142
0.0093142
0.0093142
0.0093142
0.00748756
0.00748756
0.00748756
0.009003
0.009003
0.009003
0.00867424
0.00867424
0.00867424
0.01115908
0.01177225
0.01198364
0.01198364
0.01198364
0.01027012
0.01027012
0.01027012
0.01027012
0.01027012
0.01027012
0.01027012
0.01027012
0.01027012
0.01027012
0.01027012
0.00915045
0.00915045
0.00915045
0.00915045
0.00915045
0.00915045
0.00831468
0.00831468
0.00831468
0.00831468
0.00806397
0.00806397
0.00492318
0.00492318
0.00492318
0.00617824
0.00617824
0.00617824
0.00556924
0.00556924
0.00556924
0.00556924
0.00556924
0.00556924
0.00556924
0.00951884
0.00951884
0.00951884
0.0078477
0.0078477
0.0078477
0.0078477
0.0078477
0.0078477
0.00646419
0.00646419
0.00646419
0.00646419
0.00646419
0.00646419
0.00716621
0.00716621
0.00716621
0.00716621
0.00716621
0.00935453
0.00935453
0.00935453
0.00935453
0.00935453
0.01002348
0.01573103
0.01573103
0.01573103
0.01118476
0.01118476
0.00747078
0.00676063
0.0034499
0.0034499
0.0034499
0.0034499
0.0032338
0.0032338
0.0032338
0.00899793
0.00899793
0.00899793
0.00899793
0.00538515
0.00538515
0.00187015
0.00187015
0.00187015
0.00571216
0.00571216
0.00571216
0.00571216
0.00571216
0.00571216
0.00571216
0.0055194
0.0055194
0.0055194
0.00642019
0.00642019
0.00642019
0.00642019
0.00642019
0.00642019
0.00642019
0.00642019
0.00642019
0.00642019
0.00642019
0.00508778
0.00508778
0.00225742
0.00225742
0.00225742
0.00579989
0.00579989
0.00579989
0.00579989
0.00579989
0.00350033
0.00214647
0.00214647
0.00214647
0.00214647
0.00214647
0.00420805
0.00420805
0.00420805
0.00420805
0.00420805
0.0058888
0.0058888
0.0058888
0.00529258
0.00529258
0.00529258
0.00529258
0.00529258
0.00529258
0.00529258
0.00484369
0.00484369
0.00484369
0.00484369
0.00809801
0.00944941
0.00944941
0.00944941
0.00991262
0.00991262
0.00991262
0.00991262
0.00991262
0.00804705
0.00804705
0.00804705
0.00804705
0.00712025
0.00712025
0.00712025
0.01246872
0.01246872
0.01246872
0.01066201
0.01066201
0.01066201
0.01066201
0.00685292
0.00640105
0.00640105
0.00640105
0.00640105
0.00640105
0.00640105
0.00640105
0.00234671
0.00234671
0.00234671
0.00349233
0.00882852
0.01278625
0.01278625
0.01278625
0.01199551
0.01199551
0.01199551
0.01199551
0.01199551
0.01257105
0.01257105
0.01257105
0.01257105
0.01257105
0.01257105
0.01319331
0.01319331
0.01319331
0.0075679
0.0075679
0.0075679
0.00953988
0.00953988
0.00953988
0.00953988
0.00953988
0.00953988
0.00945271
0.00820897
0.00685237
0.00685237
0.00685237
0.00879275
0.00879275
0.00879275
0.00879275
0.00970894
0.00970894
0.01352514
0.01352514
0.01352514
0.01352514
0.01352514
0.01352514
0.01462125
0.01462125
0.01462125
0.01367546
0.01353264
0.01353264
0.01220915
0.01220915
0.01220915
0.01708503
0.01708503
0.01708503
0.02642331
0.03547558
0.03547558
0.03547558
0.03547558
0.02717368
0.02496275
0.02496275
0.02412676
0.02412676
0.02412676
0.02412676
0.02412676
0.02412676
0.01685118
0.01685118
0.01639009
0.01493909
0.01493909
0.01493909
0.01493909
0.01493909
0.01493909
0.01493909
0.02851233
0.02851233
0.03031586
0.03085255
0.03085255
0.03085255
0.02367836
0.01645535
0.01645535
0.01645535
0.01645535
0.01645535
0.01645535
0.01645535
0.01645535
0.01645535
0.01645535
0.01645535
0.01645535
0.01645535
0.01645535
0.01645535
0.01637857
0.01377655
0.01338615
0.01338615
0.01338615
0.01338615
0.01338615
0.01338615
0.01338615
0.01338615
0.01510003
0.01510003
0.01510003
0.01393229
0.01393229
0.01393229
0.01393229
0.01393229
0.01393229
0.021027
0.021027
0.021027
0.021027
0.021027
0.021027
0.021027
0.02072459
0.01967581
0.01967581
0.01967581
0.01967581
0.01967581
0.01967581
0.01967581
0.01967581
0.01887995
0.01887995
0.01569129
0.01569129
0.01569129
0.01569129
0.01569129
0.01569129
0.01569129
0.01569129
0.01569129
0.01569129
0.01569129
0.01569129
0.01649804
0.01649804
0.0182421
0.02013008
0.02013008
0.02013008
0.02013008
0.02013008
0.02013008
0.02013008
0.02013008
0.02013008
0.02013008
0.02013008
0.02013008
0.02013008
0.02013008
0.02013008
0.02013008
0.02013008
0.02013008
0.02013008
0.01840721
0.01840721
0.01840721
0.01840721
0.01840721
0.0179693
0.0179693
0.0179693
0.01927068
0.01927068
0.02311372
0.02311372
0.02311372
0.02425487
0.02425487
0.02425487
0.02425487
0.02727219
0.02727219
0.02727219
0.02727219
0.03157592
0.03157592
0.03157592
0.02888119
0.02888119
0.02888119
0.02888119
0.02888119
0.02888119
0.02888119
0.02888119
0.03025302
0.03989148
0.04774052
0.05024366
0.05024366
0.05024366
0.04377849
0.04377849
0.04377849
0.04377849
0.04389536
0.04389536
0.04389536
0.05557227
0.05557227
0.06586564
0.06586564
0.06586564
0.06586564
0.06586564
0.06586564
0.06586564
0.06586564
0.07368808
0.07368808
0.08900908
0.0961229
0.10885757
0.10885757
0.11023698
0.13051254
0.14750883
0.14750883
0.15839565
0.15839565
0.15839565
0.15839565
0.14138221
0.14138221
0.14138221
0.15213574
0.16376523
0.16376523
0.16376523
0.16376523
0.16566134
0.22922671
0.22922671
0.22922671
0.24969515
0.24969515
0.24969515
0.24969515
0.24969515
0.13412831
0.13412831
0.13412831
0.21193896
0.21193896
0.21193896
0.1736303
0.1736303
0.1736303
0.1736303
0.1655959
0.1655959
0.1655959
0.1478877
0.1478877
0.1478877
0.1478877
0.1478877
0.1478877
0.1478877
0.14558909
0.14558909
0.14558909
0.15424857
0.15424857
0.17696785
0.20768053
0.29934241
0.29934241
0.29934241
0.29934241
0.29934241
0.29934241
0.32129753
0.39424426
0.4964661
0.52485229
0.52485229
0.52485229
0.52485229
0.69817798
0.69817798
0.69817798
0.69817798
0.69817798
0.16048087
0.16048087
0.16048087
0.16048087
0.16048087
0.16048087
0.17968862
0.17968862
0.23491177
0.23491177
0.23491177
0.20890251
0.20890251
0.16231872
0.16231872
0.05430586
0.03939702
0.03939702
0.03939702
0.03939702
0.03620246
0.03620246
0.03620246
0.03620246
0.03620246
0.03620246
0.02195998
0.02195998
0.02195998
0.02195998
0.02195998
0.02195998
0.01631614
0.01631614
0.01631614
0.01631614
0.01413111
0.01413111
0.01413111
0.01413111
0.01413111
0.01413111
0.01413111
0.01413111
0.01413111
0.01413111
0.01018388
0.01018388
0.01018388
0.00978947
0.00978947
0.00978947
0.01558719
0.01558719
0.01558719
0.01558719
0.01558719
0.01558719
0.01558719
0.01558719
0.01558719
0.01558719
0.01460236
0.01460236
0.01460236
0.01285369
0.01285369
0.01285369
0.01285369
0.01285369
0.01285369
0.01285369
0.01285369
0.01285369
0.01285369
0.01285369
0.01285369
0.01285369
0.01285369
0.01285369
0.01581704
0.01581704
0.02010226
0.02010226
0.02010226
0.0198854
0.01526788
0.01526788
0.01207972
0.01207972
0.01207972
0.01207972
0.01207972
0.01207972
0.01207972
0.01207972
0.01207972
0.01207972
0.01234609
0.01234609
0.0167672
0.0167672
0.0167672
0.01631183
0.01631183
0.01631183
0.01631183
0.01631183
0.01631183
0.01631183
0.01523349
0.01139287
0.01139287
0.01139287
0.01139287
0.01259853
0.01259853
0.01259853
0.01225308
0.01225308
0.01225308
0.01225308
0.01225308
0.01225308
0.01225308
0.01225308
0.00684082
0.00684082
0.00684082
0.01082674
0.01082674
0.01322901
0.01322901
0.01322901
0.01322901
0.01322901
0.01936349
0.01936349
0.01936349
0.01607924
0.01607924
0.00960489
0.00960489
0.00960489
0.0137316
0.0137316
0.0137316
0.01270858
0.01187155
0.01187155
0.01187155
0.01187155
0.01187155
0.01500616
0.01500616
0.01500616
0.01387775
0.01266379
0.01266379
0.01266379
0.01266379
0.01266379
0.01266379
0.01266379
0.01266379
0.01266379
0.01266379
0.01266379
0.01266379
0.01058462
0.01058462
0.01058462
0.01132047
0.01289586
0.01510228
0.01510228
0.01510228
0.01510228
0.01510228
0.01510228
0.01510228
0.01510228
0.01510228
0.01510228
0.01510228
0.01510228
0.01510228
0.0150843
0.0150843
0.0150843
0.0150843
0.01351984
0.01351984
0.01351984
0.01351984
0.01351984
0.01351984
0.01351984
0.01351984
0.01351984
0.01351984
0.01351984
0.01351984
0.01351984
0.01351984
0.01351984
0.01351984
0.01351984
0.0119815
0.0119815
0.01146527
0.01146527
0.01146527
0.01146527
0.01146527
0.01049197
0.00743632
0.00743632
0.00743632
0.01620356
0.01620356
0.01620356
0.01620356
0.01620356
0.01620356
0.01620356
0.01620356
0.01668103
0.01668103
0.01668103
0.01668103
0.01668103
0.01478955
0.01478955
0.01478955
0.01478955
0.01478955
0.01234448
0.01234448
0.01234448
0.01407489
0.01407489
0.01407489
0.01407489
0.01641796
0.01641796
0.01641796
0.01305975
0.01207165
0.01207165
0.01207165
0.01453704
0.01453704
0.01453704
0.01453704
0.01453704
0.01453704
0.01453704
0.01453704
0.01477526
0.01477526
0.01477526
0.01477526
0.01477526
0.01477526
0.01285688
0.01285688
0.01204005
0.01204005
0.01204005
0.01355678
0.01355678
0.01355678
0.01355678
0.01355678
0.01120527
0.01120527
0.01120527
0.01013088
0.01013088
0.01013088
0.01013088
0.01013088
0.01013088
0.01013088
0.01013088
0.01013088
0.01077157
0.01077157
0.01077157
0.01077157
0.01860716
0.01860716
0.01860716
0.01860716
0.01860716
0.01860716
0.01219542
0.01219542
0.01219542
0.01219542
0.01219542
0.01219542
0.01219542
0.01219542
0.01219542
0.01219542
0.01219542
0.01219542
0.01219542
0.01219542
0.01219542
0.01219542
0.01219542
0.01219542
0.01277432
0.01277432
0.01277432
0.01277432
0.01293643
0.01293643
0.01293643
0.01293643
0.01293643
0.01293643
0.01293643
0.01293643
0.01460445
0.01460445
0.01460445
0.01460445
0.01460445
0.01460445
0.01460445
0.01460445
0.01460445
0.01161101
0.01161101
0.01161101
0.01161101
0.01161101
0.01161101
0.01499361
0.01499361
0.01499361
0.01499361
0.01633309
0.01633309
0.01633309
0.01633309
0.01633309
0.01352345
0.01352345
0.01352345
0.01421461
0.01421461
0.0148291
0.0148291
0.0148291
0.0148291
0.0148291
0.0148291
0.0148291
0.0148291
0.0148291
0.0148291
0.01281912
0.01281912
0.01281912
0.01309988
0.01501565
0.01501565
0.01501565
0.01501565
0.01501565
0.01501565
0.01501565
0.02094195
0.02094195
0.02094195
0.01946968
0.01946968
0.01946968
0.01946968
0.01946968
0.01800356
0.01800356
0.01800356
0.01800356
0.01800356
0.01800356
0.01800356
0.01807507
0.01807507
0.01807507
0.01807507
0.02029791
0.02029791
0.02029791
0.02029791
0.02029791
0.02029791
0.02029791
0.02029791
0.02029791
0.01590394
0.01590394
0.01590394
0.01712935
0.01861994
0.01861994
0.01861994
0.01861994
0.01861994
0.01861994
0.0165518
0.0165518
0.0165518
0.0165518
0.0165518
0.0165518
0.0165518
0.0165518
0.02049886
0.02049886
0.02049886
0.02049886
0.02049886
0.01875649
0.01875649
0.01875649
0.01875649
0.01646987
0.01646987
0.01646987
0.01646987
0.01646987
0.01646987
0.01646987
0.01646987
0.01646987
0.01646987
0.01646987
0.01646987
0.01646987
0.01646987
0.01646987
0.01646987
0.01646987
0.01646987
0.01646987
0.01646987
0.01646987
0.01646987
0.01646987
0.01646987
0.01646987
0.01482016
0.01336996
0.01336996
0.01336996
0.01496555
0.01496555
0.01496555
0.01496555
0.01496555
0.01496555
0.01496555
0.01496555
0.01496555
0.01715441
0.01715441
0.01715441
0.01715441
0.01715441
0.01715441
0.01715441
0.01715441
0.01715441
0.01715441
0.01715441
0.01715441
0.01846612
0.01846612
0.01846612
0.01593637
0.01593637
0.01593637
0.01593637
0.01572388
0.01572388
0.01572388
0.00787494
0.00787494
0.00787494
0.0128273
0.0128273
0.0128273
0.0102666
0.0102666
0.0102666
0.0102666
0.0102666
0.0102666
0.01354127
0.01354127
0.01354127
0.01354127
0.01354127
0.01486258
0.01486258
0.01486258
0.01173908
0.00681034
0.00681034
0.00681034
0.00761153
0.01000041
0.01000041
0.01026734
0.01026734
0.01026734
0.00876551
0.00876551
0.00876551
0.00876551
0.00876551
0.00621119
0.00621119
0.00621119
0.00702026
0.01145002
0.01145002
0.01145002
0.01026035
0.01026035
0.01026035
0.01026035
0.01026035
0.01026035
0.01026035
0.0088679
0.0088679
0.0088679
0.00889976
0.00889976
0.00889976
0.00889976
0.00889976
0.00889976
0.00889976
0.00919945
0.00919945
0.00919945
0.00919945
0.00919945
0.00919945
0.00919945
0.00919945
0.00919945
0.00919945
0.00919945
0.0094588
0.0094588
0.0094588
0.0094588
0.0094588
0.0094588
0.01093052
0.01215861
0.01215861
0.01215861
0.01215861
0.01215861
0.01215861
0.01215861
0.01215861
0.01215861
0.00964926
0.00964926
0.00964926
0.00964926
0.00964926
0.00964926
0.01180265
0.01457352
0.01457352
0.01457352
0.01457352
0.01457352
0.02037219
0.02037219
0.02037219
0.00561825
0.00561825
0.00561825
0.0076493
0.01301547
0.01301547
0.01301547
0.01301547
0.01301547
0.02785256
0.02785256
0.02785256
0.02785256
0.02785256
0.02785256
0.02785256
0.02785256
0.02785256
0.01665762
0.01665762
0.01665762
0.01665762
0.01589711
0.01589711
0.01589711
0.01589711
0.01186795
0.01186795
0.00688119
0.00688119
0.00688119
0.00710493
0.00710493
0.00710493
0.01857741
0.01857741
0.01857741
0.01436866
0.01436866
0.01436866
0.01436866
0.01436866
0.01436866
0.01436866
0.01436866
0.01376955
0.01376955
0.01376955
0.01376955
0.01376955
0.01376955
0.01338787
0.01338787
0.01338787
0.0164427
0.0164427
0.0164427
0.01408084
0.01408084
0.01408084
0.01408084
0.0220941
0.0228492
0.0228492
0.0228492
0.0228492
0.01655835
0.01655835
0.01655835
0.02048564
0.02132421
0.02132421
0.02132421
0.01929349
0.01707681
0.01346816
0.01346816
0.01346816
0.01774343
0.01774343
0.01774343
0.01774343
0.01774343
0.01774343
0.01774343
0.01774343
0.01774343
0.01774343
0.01774343
0.01774343
0.01774343
0.01669083
0.01440447
0.01440447
0.01319216
0.01319216
0.01319216
0.01319216
0.01433951
0.01433951
0.01433951
0.01433951
0.01557094
0.01557094
0.01557094
0.01557094
0.01557094
0.01557094
0.0134666
0.0134666
0.0134666
0.0134666
0.01505602
0.01505602
0.01505602
0.01505602
0.01505602
0.01505602
0.01505602
0.01505602
0.01659938
0.02313716
0.02313716
0.02313716
0.02115304
0.02115304
0.02115304
0.02115304
0.02115304
0.02115304
0.01541304
0.01541304
0.01541304
0.01971556
0.01971556
0.01971556
0.01971556
0.01971556
0.01971556
0.01971556
0.01971556
0.01971556
0.0363841
0.0363841
0.0363841
0.03454951
0.03454951
0.03454951
0.03454951
0.01831017
0.01831017
0.01831017
0.01831017
0.01831017
0.01831017
0.02671858
0.02671858
0.02671858
0.02671858
0.02671858
0.02916418
0.02916418
0.02916418
0.02916418
0.02916418
0.01601466
0.01601466
0.01601466
0.0230367
0.0230367
0.0230367
0.0230367
0.0230367
0.0230367
0.0230367
0.0230367
0.0230367
0.02478536
0.02478536
0.03151216
0.03151216
0.03151216
0.03151216
0.03151216
0.03151216
0.03778366
0.03778366
0.03778366
0.03778366
0.03778366
0.03676483
0.03676483
0.03676483
0.03676483
0.03676483
0.03676483
0.03676483
0.03676483
0.03676483
0.03315722
0.03315722
0.03315722
0.03828036
0.03828036
0.03828036
0.03828036
0.03828036
0.03828036
0.03828036
0.03828036
0.03828036
0.06999683
0.10619801
0.10619801
0.10619801
0.14724718
0.14724718
0.14724718
0.06025179
0.06025179
0.06025179
0.06025179
0.03509448
0.03509448
0.03509448
0.03509448
0.03614459
0.03614459
0.0405364
0.0545246
0.0545246
0.0545246
0.05677119
0.05677119
0.05677119
0.05677119
0.05677119
0.04756347
0.04756347
0.04756347
0.03930451
0.0363616
0.03612212
0.03612212
0.03612212
0.20913108
0.20913108
0.20913108
0.20913108
1.0
1.0
1.0
1.0
0.96015721
0.31323361
0.31323361
0.31323361
0.28702003
0.27824775
0.25853434
0.20403883
0.20403883
0.20403883
0.20403883
0.20403883
0.21327356
0.21327356
0.21327356
0.21327356
0.21327356
0.21327356
0.21327356
0.21327356
0.21327356
0.21327356
0.21327356
0.21327356
0.21327356
0.24216453
0.24801828
0.24801828
0.24801828
0.22184967
0.22184967
0.22184967
0.22184967
0.22184967
0.2355836
0.2355836
0.2355836
0.22675236
0.18317655
0.16987854
0.13581285
0.13581285
0.09028799
0.09028799
0.09028799
0.09522858
0.11595054
0.11595054
0.11595054
0.11595054
0.10372384
0.10372384
0.08696701
0.08696701
0.08696701
0.08696701
0.08133409
0.08133409
0.08133409
0.08479087
0.08479087
0.08479087
0.08479087
0.08479087
0.08479087
0.08479087
0.04795
0.04498357
0.04498357
0.03822256
0.03822256
0.03641561
0.03273063
0.02290059
0.00777309
0.00777309
0.00777309
0.00777309
0.00777309
0.0071326
0.0071326
0.0071326
0.0071326
0.0071326
0.0071326
0.0071326
0.0071326
0.0071326
0.0071326
0.0071326
0.0071326
0.0071326
0.0071326
0.0071326
0.00738618
0.00738618
0.01026719
0.01026719
0.01043261
0.01043261
0.01043261
0.01043261
0.01043261
0.01043261
0.01043261
0.01043261
0.00755419
0.00755419
0.00755419
0.00755419
0.00896086
0.00896086
0.00896086
0.00896086
0.00896086
0.00896086
0.00896086
0.00896086
0.00963143
0.00963143
0.00963143
0.00963143
0.00963143
0.00963143
0.00963143
0.00963143
0.00963143
0.00963143
0.0169237
0.0169237
0.0169237
0.0169237
0.0169237
0.0169237
0.01532002
0.01250289
0.01250289
0.01250289
0.00942574
0.00942574
0.00942574
0.00942574
0.00942574
0.00942574
0.00942574
0.01780532
0.01780532
0.01780532
0.01780532
0.01780532
0.01780532
0.01780532
0.01597867
0.01597867
0.01597867
0.02597979
0.02597979
0.02597979
0.02597979
0.02597979
0.04407468
0.04407468
0.04407468
0.04140761
0.04140761
0.02652119
0.02652119
0.02652119
0.02652119
0.02652119
0.02652119
0.02652119
0.02652119
0.02652119
0.02652119
0.02652119
0.04290112
0.04290112
0.04290112
0.04290112
0.04465768
0.04465768
0.04465768
0.04465768
0.04465768
0.03223686
0.03223686
0.03223686
0.03223686
0.04528123
0.04528123
0.04528123
0.05870824
0.05870824
0.05870824
0.05090706
0.05090706
0.04251304
0.04251304
0.04251304
0.04251304
0.04251304
0.04251304
0.04251304
0.03810639
0.03810639
0.03810639
0.0371064
0.01763245
0.01763245
0.01763245
0.02208852
0.02343275
0.02456663
0.02456663
0.02456663
0.02456663
0.02925398
0.02925398
0.02925398
0.04665445
0.04665445
0.04665445
0.04665445
0.04665445
0.04665445
0.04665445
0.05583793
0.05583793
0.05583793
0.05583793
0.04729092
0.04729092
0.04729092
0.0551993
0.0551993
0.0551993
0.0551993
0.0551993
0.04602424
0.04602424
0.04602424
0.04602424
0.04602424
0.06155142
0.06155142
0.06155142
0.06155142
0.06155142
0.04687931
0.04687931
0.0425254
0.0425254
0.0425254
0.0425254
0.0425254
0.0493585
0.0493585
0.0493585
0.0493585
0.0493585
0.0493585
0.0493585
0.0493585
0.02782128
0.02782128
0.02782128
0.02782128
0.02782128
0.02782128
0.02782128
0.03533433
0.03533433
0.03533433
0.02013488
0.02013488
0.02013488
0.02013488
0.02013488
0.02013488
0.02147337
0.02411939
0.02411939
0.02411939
0.02411939
0.02656783
0.03539479
0.03604131
0.03604131
0.03604131
0.03604131
0.03604131
0.03604131
0.03604131
0.03604131
0.02888459
0.02096182
0.02096182
0.02096182
0.02278738
0.02278738
0.02278738
0.02278738
0.02278738
0.02278738
0.02278738
0.02278738
0.02278738
0.02278738
0.02278738
0.02278738
0.02278738
0.02278738
0.02278738
0.02278738
0.02278738
0.02278738
0.02278738
0.0170831
0.0170831
0.0170831
0.0170831
0.01867472
0.01926525
0.02477055
0.02539294
0.03615314
0.03615314
0.03615314
0.03615314
0.03615314
0.03615314
0.02971046
0.02971046
0.02971046
0.02971046
0.02965215
0.02965215
0.02965215
0.02965215
0.02965215
0.04157732
0.04157732
0.04157732
0.04157732
0.04157732
0.04157732
0.04157732
0.04157732
0.04072094
0.04031685
0.04031685
0.04031685
0.04031685
0.04031685
0.04031685
0.04031685
0.03648616
0.03648616
0.03648616
0.03648616
0.03509811
0.03509811
0.03509811
0.03509811
0.03509811
0.03509811
0.03509811
0.03509811
0.03509811
0.03509811
0.03509811
0.03754827
0.03754827
0.03754827
0.03754827
0.03754827
0.03754827
0.03754827
0.03503153
0.03503153
0.03503153
0.03503153
0.03503153
0.03503153
0.03503153
0.03608712
0.03608712
0.03608712
0.03608712
0.03608712
0.0378308
0.0378308
0.0378308
0.0378308
0.02532992
0.02483185
0.02483185
0.02483185
0.02996427
0.02996427
0.02996427
0.02996427
0.02996427
0.02996427
0.02996427
0.04095027
0.04095027
0.04095027
0.04095027
0.04095027
0.04095027
0.04095027
0.04095027
0.02706317
0.02706317
0.02706317
0.02706317
0.04584958
0.05141175
0.05141175
0.05141175
0.05141175
0.04634861
0.04634861
0.04634861
0.04634861
0.04634861
0.04634861
0.04634861
0.04634861
0.04634861
0.04634861
0.04634861
0.04634861
0.04634861
0.04610789
0.0434654
0.0434654
0.0434654
0.0434654
0.0434654
0.0434654
0.0434654
0.0434654
0.0434654
0.0434654
0.0434654
0.0434654
0.0434654
0.0434654
0.04102374
0.04102374
0.04102374
0.04301463
0.04301463
0.04301463
0.02952341
0.02952341
0.02952341
0.02952341
0.0139305
0.0139305
0.0139305
0.01535187
0.01535187
0.01535187
0.01535187
0.01535187
0.01535187
0.01535187
0.01535187
0.01535187
0.01535187
0.01535187
0.01535187
0.01535187
0.01535187
0.01750225
0.01750225
0.01750225
0.01750225
0.01750225
0.01750225
0.01750225
0.01750225
0.01750225
0.01750225
0.01750225
0.01750225
0.01750225
0.01750225
0.016699
0.016699
0.016699
0.01315259
0.01257952
0.01257952
0.01257952
0.01746776
0.01746776
0.01746776
0.01517727
0.01517727
0.01517727
0.01489468
0.01426719
0.01426719
0.00668913
0.00668913
0.00668913
0.00668913
0.00668913
0.00668913
0.00668913
0.00668913
0.0093867
0.01053093
0.01053093
0.01053093
0.0075683
0.0075683
0.0075683
0.0075683
0.0075683
0.0075683
0.0075683
0.0075683
0.0075683
0.0075683
0.02723895
0.02723895
0.02723895
0.01619638
0.01619638
0.01442054
0.01442054
0.01442054
0.01442054
0.0173513
0.0173513
0.0173513
0.0173513
0.0173513
0.0173513
0.01720502
0.01720502
0.01720502
0.01323495
0.01291208
0.01291208
0.01191684
0.01191684
0.01191684
0.01191684
0.01191684
0.01191684
0.01409837
0.01409837
0.01885538
0.01885538
0.01885538
0.01679228
0.01679228
0.01679228
0.02242503
0.02242503
0.02242503
0.01898719
0.01130018
0.01130018
0.01130018
0.0135124
0.03161213
0.03161213
0.03161213
0.03161213
0.01555062
0.01555062
0.01555062
0.01555062
0.01557828
0.01557828
0.02066343
0.02066343
0.02066343
0.02066343
0.02066343
0.0260963
0.02820379
0.02820379
0.02820379
0.02758995
0.02758995
0.02758995
0.02758995
0.02758995
0.02758995
0.02758995
0.02758995
0.02758995
0.02758995
0.02758995
0.02758995
0.02924439
0.02924439
0.02924439
0.02924439
0.02924439
0.02924439
0.02924439
0.03231572
0.03231572
0.03231572
0.03231572
0.03231572
0.02680666
0.02680666
0.02680666
0.03780033
0.03780033
0.03780033
0.03780033
0.03780033
0.03780033
0.03780033
0.03780033
0.01881498
0.01881498
0.01881498
0.01886068
0.02881417
0.02881417
0.02881417
0.02881417
0.0292214
0.0292214
0.0292214
0.0292214
0.0292214
0.03555126
0.03555126
0.03555126
0.03555126
0.03555126
0.03555126
0.03555126
0.03555126
0.03555126
0.02965923
0.02965923
0.02891988
0.02891988
0.02891988
0.0147532
0.0147532
0.0147532
0.01752919
0.01752919
0.03085487
0.03085487
0.03085487
0.03085487
0.04451776
0.04451776
0.04897103
0.04897103
0.04897103
0.04897103
0.04897103
0.04897103
0.04897103
0.04897103
0.04897103
0.04393801
0.03665674
0.03665674
0.01937968
0.01937968
0.01937968
0.01937968
0.01937968
0.01937968
0.01982941
0.02690741
0.03189852
0.03189852
0.03189852
0.03189852
0.03189852
0.04023872
0.04023872
0.04023872
0.04023872
0.04023872
0.02025234
0.02025234
0.02025234
0.02932963
0.02932963
0.02932963
0.02226064
0.01897058
0.01897058
0.01897058
0.01897058
0.02780329
0.02780329
0.02780329
0.02780329
0.02780329
0.02780329
0.02752993
0.02752993
0.02752993
0.02752993
0.02752993
0.01870875
0.01870875
0.01870875
0.01870875
0.01870875
0.01870875
0.01870875
0.02849406
0.02849406
0.02849406
0.02849406
0.02691082
0.02502393
0.02502393
0.02502393
0.02502393
0.02502393
0.02502393
0.02502393
0.02502393
0.02502393
0.02502393
0.02502393
0.02922936
0.03052519
0.03052519
0.03052519
0.03052519
0.03052519
0.03052519
0.0433429
0.0433429
0.0433429
0.02633243
0.02633243
0.02633243
0.02633243
0.02327956
0.01645905
0.01645905
0.01645905
0.01645905
0.01645905
0.01645905
0.01645905
0.01645905
0.01645905
0.01645905
0.02132813
0.03211214
0.03211214
0.03211214
0.02690453
0.02678604
0.02678604
0.02552094
0.02552094
0.02552094
0.02552094
0.02479536
0.02479536
0.02300444
0.02300444
0.02300444
0.02333888
0.02333888
0.02333888
0.02326695
0.02326695
0.02326695
0.02326695
0.02326695
0.02326695
0.02326695
0.02053776
0.02053776
0.02053776
0.02653523
0.02653523
0.02653523
0.02331629
0.02331629
0.02143791
0.02143791
0.02143791
0.02952732
0.04652066
0.04652066
0.04652066
0.02979705
0.02979705
0.02979705
0.05898719
0.05898719
0.05898719
0.03384559
0.03019319
0.03019319
0.01373725
0.01373725
0.01373725
0.01902213
0.01902213
0.01902213
0.01902213
0.01415094
0.01415094
0.01415094
0.01274466
0.01274466
0.01274466
0.01922955
0.01922955
0.01922955
0.01263883
0.01263883
0.01263883
0.01263883
0.01263883
0.0091084
0.0091084
0.0091084
0.0091084
0.0091084
0.00812463
0.00812463
0.00812463
0.00968051
0.01026318
0.01026318
0.01026318
0.01273508
0.02419659
0.02419659
0.02419659
0.01840005
0.01476581
0.01476581
0.01476581
0.01476581
0.01476581
0.01476581
0.01476581
0.01476581
0.01476581
0.01476581
0.01476581
0.01221951
0.01221951
0.01221951
0.01221951
0.01221951
0.0128128
0.0128128
0.0128128
0.0128128
0.0128128
0.0128128
0.02006332
0.02006332
0.02006332
0.02006332
0.02006332
0.01517798
0.01517798
0.01517798
0.01517798
0.02505277
0.02505277
0.02505277
0.02505277
0.02505277
0.02505277
0.02505277
0.02505277
0.02505277
0.02505277
0.02135697
0.02135697
0.02135697
0.02135697
0.02135697
0.02135697
0.03126731
0.03126731
0.03126731
0.02028229
0.02028229
0.02028229
0.02028229
0.01525876
0.01525876
0.01525876
0.01525876
0.01525876
0.01525876
0.01525876
0.01525876
0.01525876
0.01525876
0.01525876
0.01525876
0.01525876
0.01525876
0.01525876
0.01525876
0.01525876
0.01525876
0.01525876
0.02359609
0.02359609
0.02468612
0.02468612
0.02468612
0.02468612
0.01783724
0.01783724
0.01783724
0.0227512
0.0227512
0.0227512
0.0227512
0.0227512
0.0227512
0.0227512
0.0227512
0.02459602
0.02459602
0.02459602
0.02459602
0.02459602
0.02459602
0.02459602
0.01907032
0.01907032
0.01907032
0.01907032
0.01841634
0.01841634
0.01841634
0.01010696
0.00914548
0.00914548
0.00914548
0.00918511
0.00918511
0.02263134
0.02263134
0.02263134
0.02263134
0.02263134
0.02263134
0.02263134
0.02263134
0.02263134
0.02968729
0.02968729
0.02968729
0.02968729
0.01585128
0.01585128
0.01585128
0.01585128
0.01585128
0.0138941
0.0138941
0.0138941
0.02676426
0.02676426
0.02676426
0.02676426
0.02676426
0.02577878
0.02262597
0.02262597
0.02262597
0.02262597
0.02262597
0.02262597
0.02262597
0.02262597
0.02262597
0.02005625
0.02005625
0.02005625
0.02005625
0.02005625
0.02005625
0.02005625
0.02005625
0.02005625
0.02005625
0.02005625
0.02005625
0.02005625
0.02005625
0.02005625
0.02005625
0.02005625
0.017679
0.017679
0.017679
0.02096788
0.02096788
0.02096788
0.02096788
0.01562117
0.01562117
0.01562117
0.01379313
0.01379313
0.01379313
0.01507801
0.01560118
0.01560118
0.01560118
0.02234153
0.02234153
0.03075373
0.03075373
0.03075373
0.02898801
0.01509676
0.01509676
0.01509676
0.01509676
0.01509676
0.01702232
0.01702232
0.01702232
0.01092826
0.01092826
0.01092826
0.01469128
0.01469128
0.01469128
0.01469128
0.01469128
0.01469128
0.01848871
0.02104607
0.02104607
0.02104607
0.01570625
0.01570625
0.01570625
0.01926398
0.02199125
0.02199125
0.02199125
0.02071949
0.01839723
0.01839723
0.01839723
0.01839723
0.01448588
0.01293564
0.01199677
0.00774614
0.00774614
0.00774614
0.0114241
0.02280015
0.02280015
0.02280015
0.01957757
0.01957757
0.01957757
0.02207548
0.02207548
0.02207548
0.02207548
0.02207548
0.02207548
0.02604761
0.02604761
0.02604761
0.02604761
0.01775198
0.01775198
0.01775198
0.01775198
0.01680342
0.01680342
0.01680342
0.01680342
0.01680342
0.01680342
0.01680342
0.01680342
0.01680342
0.01680342
0.01680342
0.01680342
0.01680342
0.01680342
0.02813413
0.03436871
0.03436871
0.03436871
0.03436871
0.03436871
0.03219154
0.03219154
0.03108079
0.03108079
0.03108079
0.03108079
0.03108079
0.03108079
0.03108079
0.03108079
0.03439614
0.03439614
0.03439614
0.03439614
0.03439614
0.03439614
0.02722766
0.02722766
0.01854015
0.01854015
0.01854015
0.02364538
0.02364538
0.02364538
0.01648114
0.01648114
0.01648114
0.01648114
0.01349134
0.01349134
0.01243682
0.01243682
0.01243682
0.02268741
0.02268741
0.02301008
0.02301008
0.02301008
0.02301008
0.02862617
0.02925156
0.02925156
0.02925156
0.02600577
0.02219596
0.01669726
0.01669726
0.01600443
0.01600443
0.01600443
0.01600443
0.01600443
0.01600443
0.01829795
0.01829795
0.01829795
0.01569796
0.01569796
0.0141141
0.0141141
0.0141141
0.02128662
0.02128662
0.02128662
0.02128662
0.02128662
0.02128662
0.02128662
0.02128662
0.02128662
0.02128662
0.02128662
0.02128662
0.02807024
0.02807024
0.02807024
0.02075986
0.01769639
0.01319071
0.01319071
0.01319071
0.01492927
0.01537359
0.01537359
0.01537359
0.01537359
0.0141585
0.0141585
0.01115171
0.01115171
0.01115171
0.01281727
0.01281727
0.01281727
0.01281727
0.01281727
0.01373626
0.01373626
0.01465175
0.02001065
0.02001065
0.02001065
0.02001065
0.02001065
0.02001065
0.02001065
0.02001065
0.02001065
0.02001065
0.02437719
0.02576756
0.02576756
0.02576756
0.02576756
0.02576756
0.02576756
0.02576756
0.02576756
0.02576756
0.02576756
0.02576756
0.02576756
0.02576756
0.02576756
0.02576756
0.02576756
0.02040239
0.01925905
0.01925905
0.01925905
0.02487161
0.02487161
0.02487161
0.02487161
0.02487161
0.02487161
0.02487161
0.02487161
0.02487161
0.02487161
0.02487161
0.0225521
0.0225521
0.0225521
0.0210896
0.0210896
0.0172907
0.0172907
0.0172907
0.0172907
0.0172907
0.02255479
0.02255479
0.02255479
0.02255479
0.02037005
0.01995276
0.01772447
0.01772447
0.01772447
0.01772447
0.01065998
0.00952008
0.00952008
0.00952008
0.01026586
0.01026586
0.01026586
0.01129636
0.01129636
0.011954
0.02257917
0.02257917
0.02257917
0.02257917
0.02257917
0.02257917
0.02257917
0.02030802
0.02030802
0.01607379
0.01607379
0.01607379
0.01980379
0.02265587
0.02265587
0.02265587
0.02265076
0.02265076
0.02265076
0.02265076
0.01514577
0.01514577
0.01353988
0.01353988
0.01353988
0.01353988
0.01353988
0.01353988
0.01353988
0.01353988
0.01353988
0.01353988
0.01664522
0.01664522
0.01664522
0.01350471
0.01329204
0.01329204
0.01329204
0.01385308
0.0148036
0.01906131
0.02009331
0.02009331
0.02009331
0.02009331
0.02009331
0.02009331
0.02009331
0.01392544
0.01392544
0.01392544
0.01392544
0.01848151
0.01848151
0.01848151
0.01848151
0.01584285
0.01279243
0.01279243
0.01279243
0.01542543
0.01542543
0.01542543
0.01341414
0.01341414
0.01341414
0.01341414
0.01341414
0.01458871
0.01458871
0.01559746
0.01866483
0.01866483
0.01932454
0.02016673
0.02016673
0.02016673
0.01880318
0.01776111
0.01776111
0.01776111
0.01790589
0.01790589
0.01790589
0.01725498
0.01282212
0.01282212
0.01282212
0.01282212
0.01282212
0.01327005
0.01479453
0.01479453
0.01479453
0.01479453
0.01479453
0.01479453
0.01479453
0.0156212
0.0156212
0.01673065
0.01857481
0.01857481
0.01857481
0.01857481
0.01857481
0.01640675
0.01640675
0.01640675
0.01670409
0.01670409
0.01670409
0.01796509
0.01796509
0.01796509
0.01796509
0.01796509
0.01796509
0.01796509
0.01796509
0.01796509
0.01796509
0.01796509
0.01796509
0.0234567
0.0234567
0.0234567
0.0234567
0.0234567
0.0234567
0.0234567
0.0234567
0.0234567
0.0234567
0.0234567
0.0234567
0.0234567
0.0234567
0.0217788
0.01859175
0.01859175
0.01859175
0.01859175
0.01859175
0.01762642
0.01762642
0.01762642
0.01762642
0.02064145
0.02064145
0.02085286
0.02085286
0.02085286
0.02085286
0.02085286
0.02085286
0.02085286
0.02085286
0.02085286
0.02085286
0.02174959
0.02552054
0.02552054
0.02552054
0.02552054
0.02552054
0.02552054
0.02552054
0.02218507
0.02218507
0.02218507
0.01564101
0.01564101
0.01564101
0.01564101
0.01564101
0.01564101
0.01564101
0.01506488
0.01506488
0.01506488
0.01307554
0.01046152
0.01046152
0.01046152
0.01046152
0.01521272
0.01521272
0.01521272
0.01521272
0.01521272
0.01227404
0.01227404
0.01227404
0.01227404
0.01227404
0.00979303
0.00979303
0.00979303
0.00979303
0.00979303
0.00979303
0.00979303
0.00979303
0.00979303
0.00979303
0.00979303
0.01042957
0.01188281
0.01188281
0.01188281
0.01188281
0.01188281
0.0139055
0.0139055
0.0139055
0.0139055
0.0139055
0.01591264
0.01591264
0.01780176
0.01780176
0.01780176
0.01780176
0.01780176
0.01780176
0.01780176
0.03000021
0.03000021
0.03000021
0.03000021
0.02418171
0.02418171
0.02418171
0.02418171
0.02418171
0.02418171
0.03651827
0.03651827
0.03651827
0.01622465
0.01622465
0.01622465
0.01622465
0.01718606
0.01718606
0.01718606
0.02144972
0.02144972
0.02144972
0.02084356
0.01984686
0.01899369
0.01899369
0.01899369
0.01899369
0.01899369
0.01899369
0.01899369
0.01699821
0.01699821
0.01699821
0.01790279
0.01790279
0.01790279
0.01790279
0.01791654
0.01839451
0.01839451
0.01839451
0.01839451
0.01839451
0.01839451
0.01697651
0.01680032
0.01680032
0.01680032
0.01916057
0.01916057
0.01916057
0.01916057
0.01934662
0.01934662
0.01953371
0.01953371
0.01953371
0.01953371
0.01953371
0.01953371
0.01953371
0.01953371
0.01953371
0.01953371
0.01953371
0.01953371
0.02399877
0.02399877
0.02399877
0.02399877
0.02399877
0.02399877
0.02399877
0.02399877
0.02399877
0.02399877
0.02399877
0.02399877
0.02404641
0.02404641
0.02404641
0.02404641
0.02404641
0.02404641
0.02353842
0.02353842
0.02353842
0.02100059
0.02100059
0.02100059
0.02100059
0.02100059
0.01833392
0.01435611
0.01435611
0.01435611
0.01435611
0.01435611
0.01435611
0.01435611
0.03694119
0.03694119
0.03694119
0.0191382
0.0191382
0.01623003
0.01623003
0.01623003
0.02393639
0.02393639
0.02393639
0.01953935
0.01953935
0.01953935
0.01953935
0.07059256
0.07059256
0.07059256
0.07059256
0.07059256
0.07059256
0.02057995
0.02057995
0.02020042
0.02020042
0.02020042
0.02020042
0.01787187
0.01787187
0.01787187
0.01339463
0.01339463
0.01151143
0.01151143
0.01151143
0.02095191
0.02095191
0.02095191
0.02095191
0.02095191
0.01944697
0.01722199
0.01722199
0.01722199
0.01722199
0.01722199
0.01722199
0.01722199
0.01722199
0.01722199
0.01722199
0.01722199
0.01722199
0.01722199
0.01722199
0.01722199
0.01722199
0.02123137
0.02123137
0.02123137
0.02123137
0.02123137
0.02123137
0.02123137
0.02123137
0.02123137
0.0219615
0.0219615
0.0219615
0.0140012
0.0140012
0.0140012
0.01659117
0.01659117
0.01659117
0.01659117
0.01659117
0.01659117
0.02420888
0.02649659
0.02649659
0.02649659
0.02649659
0.02649659
0.01896476
0.01896476
0.01847316
0.01847316
0.01847316
0.01847316
0.01847316
0.01847316
0.01847316
0.01847316
0.01847316
0.02742248
0.02742248
0.02742248
0.01761265
0.01761265
0.01761265
0.02135072
0.02135072
0.02135072
0.02135072
0.02135072
0.02135072
0.02135072
0.0143664
0.0143664
0.0143664
0.0143664
0.02123344
0.02123344
0.02123344
0.02123344
0.02188874
0.02188874
0.02188874
0.02188874
0.02188874
0.02188874
0.02188874
0.02188874
0.02188874
0.02188874
0.04116897
0.04116897
0.04116897
0.03222408
0.02823972
0.02823972
0.02823972
0.02823972
0.0259066
0.02272937
0.02272937
0.02230266
0.02230266
0.0209997
0.01938065
0.01938065
0.01938065
0.01938065
0.01938065
0.01938065
0.01938065
0.02359002
0.02359002
0.02359002
0.02359002
0.02359002
0.01781853
0.01781853
0.01781853
0.01594499
0.01491965
0.01491965
0.01491965
0.01491965
0.01491965
0.01491965
0.01491965
0.01491965
0.01491965
0.01216975
0.01216975
0.01216975
0.01260144
0.01260144
0.01260144
0.01260144
0.01260144
0.01260144
0.0161752
0.0161752
0.0161752
0.0161752
0.01576286
0.01576286
0.01576286
0.01576286
0.01954935
0.01954935
0.01954935
0.01954935
0.02154268
0.02154268
0.02154268
0.02154268
0.02154268
0.01876218
0.01876218
0.01876218
0.01876218
0.01876218
0.01876218
0.01789167
0.01789167
0.01789167
0.01789167
0.01789167
0.01947068
0.01947068
0.01947068
0.02191776
0.02920911
0.02920911
0.02920911
0.02451939
0.02451939
0.02451939
0.02451939
0.02451939
0.02451939
0.02451939
0.02451939
0.02451939
0.0249162
0.0249162
0.0249162
0.02465804
0.02465804
0.02465804
0.02465804
0.02465804
0.02235871
0.02235871
0.02235871
0.02302065
0.02457938
0.02457938
0.02457938
0.02176418
0.02176418
0.02176418
0.02361512
0.02361512
0.02361512
0.02173544
0.02173544
0.02173544
0.02173544
0.02173544
0.02173544
0.02173544
0.02173544
0.02158623
0.02158623
0.02158623
0.02158623
0.02195883
0.02195883
0.02231196
0.02231196
0.02231196
0.02231196
0.02231196
0.03044305
0.03044305
0.03044305
0.02741755
0.02273418
0.0179181
0.0179181
0.0179181
0.01969367
0.01969367
0.01969367
0.01969367
0.01969367
0.02351073
0.02351073
0.02351073
0.02348854
0.02348854
0.02021282
0.02021282
0.02021282
0.02306822
0.02306822
0.02306822
0.02306822
0.02306822
0.02306822
0.03189985
0.03189985
0.03189985
0.0222504
0.0222504
0.0222504
0.04044057
0.0503469
0.0503469
0.0503469
0.02639846
0.02639846
0.02639846
0.02639846
0.02639846
0.02213177
0.02213177
0.02213177
0.02213177
0.02213177
0.02213177
0.02213177
0.02213177
0.02213177
0.02213177
0.02378522
0.02378522
0.02378522
0.02378522
0.02301694
0.02301694
0.02301694
0.02301694
0.02301694
0.02301694
0.02301694
0.02301694
0.02301694
0.02301694
0.02301694
0.02213679
0.02213679
0.02213679
0.02213679
0.02215471
0.02215471
0.02215471
0.02323954
0.02323954
0.02323954
0.02323954
0.02323954
0.02323954
0.02323954
0.02323954
0.02323954
0.02323954
0.02323954
0.02323954
0.02323954
0.02323954
0.02482339
0.02482339
0.0265429
0.0265429
0.0265429
0.02177906
0.02177906
0.02177906
0.02177906
0.02177906
0.02177906
0.03376412
0.03376412
0.03519782
0.03519782
0.03519782
0.0261927
0.02477499
0.02477499
0.02477499
0.02477499
0.02477499
0.02477499
0.02477499
0.02477499
0.02477499
0.02477499
0.02477499
0.02169708
0.02169708
0.02169708
0.02350257
0.02350257
0.02350257
0.02350257
0.02350257
0.02350257
0.02350257
0.02350257
0.02350257
0.02350257
0.02350257
0.02350257
0.02350257
0.02350257
0.03337495
0.03337495
0.03337495
0.03337495
0.03337495
0.03337495
0.02094745
0.01823021
0.01823021
0.01823021
0.01901849
0.01901849
0.01901849
0.0209472
0.02602249
0.02602249
0.02602249
0.02204064
0.02204064
0.02204064
0.02204064
0.02250606
0.02250606
0.02250606
0.01673221
0.01673221
0.01673221
0.01788833
0.01788833
0.01788833
0.01788833
0.01788833
0.01788833
0.01788833
0.01788833
0.0151018
0.0151018
0.0151018
0.0151018
0.0151018
0.02443486
0.02443486
0.02443486
0.02443486
0.02443486
0.02443486
0.02443486
0.02327482
0.02327482
0.02327482
0.02450019
0.02514086
0.02514086
0.02514086
0.02514086
0.02514086
0.02514086
0.02663262
0.02663262
0.02663262
0.01981316
0.01936827
0.01936827
0.01936827
0.01936827
0.01936827
0.01936827
0.01936827
0.02552963
0.02552963
0.02552963
0.02552963
0.02552963
0.02552963
0.02552963
0.02552963
0.0221458
0.0221458
0.0221458
0.0221458
0.01763
0.01763
0.01763
0.01763
0.01763
0.01763
0.0226707
0.0226707
0.0226707
0.0226707
0.0226707
0.0226707
0.0226707
0.0226707
0.0226707
0.0226707
0.0226707
0.0226707
0.0226707
0.02386819
0.02390818
0.02698721
0.02698721
0.02698721
0.02698721
0.02698721
0.02912926
0.02912926
0.02912926
0.02363306
0.02363306
0.02363306
0.03334363
0.03334363
0.03334363
0.03315795
0.03315795
0.02402639
0.02402639
0.02402639
0.02683343
0.02683343
0.02683343
0.02683343
0.02683343
0.02683343
0.02683343
0.02785468
0.02785468
0.02785468
0.02785468
0.0256159
0.0256159
0.0256159
0.0256159
0.0256159
0.0256159
0.0256159
0.0256159
0.02480911
0.02480911
0.02480911
0.02480911
0.02480911
0.02480911
0.02480911
0.02480911
0.02480911
0.02480911
0.02480911
0.02480911
0.02704515
0.02704515
0.02704515
0.02704515
0.02704515
0.02704515
0.02704515
0.02704515
0.02704515
0.03083725
0.03516821
0.03516821
0.03516821
0.03516821
0.04167863
0.04167863
0.04167863
0.039063
0.03238728
0.03238728
0.03238728
0.03238728
0.02541346
0.02444216
0.02173853
0.02173853
0.02173853
0.02173853
0.02173853
0.02173853
0.02173853
0.01725711
0.01725711
0.01725711
0.02560028
0.02560028
0.02560028
0.01491984
0.01491984
0.01491984
0.02156106
0.02156106
0.02156106
0.02156106
0.02156106
0.02156106
0.02156106
0.0277342
0.0277342
0.0277342
0.0277342
0.0277342
0.0277342
0.01755826
0.01755826
0.01755826
0.02559849
0.02559849
0.02559849
0.02559849
0.02559849
0.02559849
0.02543487
0.02543487
0.02543487
0.02681027
0.02929677
0.02929677
0.03103047
0.03103047
0.03103047
0.03103047
0.03103047
0.03288824
0.03684378
0.03684378
0.03684378
0.02730767
0.02730767
0.02730767
0.02954427
0.02954427
0.02983592
0.02983592
0.02983592
0.02983592
0.02983592
0.02983592
0.02983592
0.02983592
0.02983592
0.02983592
0.02983592
0.03052854
0.03052854
0.03250366
0.03250366
0.03250366
0.03250366
0.03523363
0.03523363
0.03523363
0.03174017
0.03174017
0.03174017
0.03174017
0.03174017
0.03174017
0.03174017
0.03174017
0.03174017
0.02508171
0.02508171
0.02508171
0.02508171
0.02508171
0.02096224
0.02096224
0.02096224
0.02096224
0.02062515
0.02062515
0.02062515
0.0254579
0.0254579
0.02986867
0.02986867
0.02986867
0.02986867
0.02986867
0.02986867
0.02535619
0.02535619
0.02535619
0.02535619
0.02535619
0.02535619
0.04574383
0.04574383
0.04574383
0.02443198
0.02443198
0.02443198
0.02443198
0.02443198
0.02335091
0.02335091
0.02335091
0.02335091
0.03969161
0.03969161
0.04207793
0.04207793
0.04207793
0.04207793
0.04207793
0.04207793
0.04207793
0.04207793
0.04207793
0.04207793
0.04207793
0.03816194
0.03816194
0.03816194
0.03816194
0.03816194
0.03816194
0.03816194
0.03816194
0.03816194
0.03816194
0.03816194
0.0348367
0.0348367
0.0348367
0.0348367
0.0348367
0.0348367
0.0348367
0.0348367
0.0348367
0.0348367
0.0348367
0.0348367
0.0348367
0.0348367
0.0348367
0.0348367
0.0348367
0.0348367
0.0348367
0.03001115
0.03001115
0.03001115
0.03001115
0.03001115
0.03128182
0.04448691
0.04480025
0.04480025
0.04480025
0.04480025
0.04480025
0.04480025
0.04894055
0.04894055
0.04894055
0.04894055
0.04894055
0.04894055
0.03424139
0.03424139
0.03424139
0.03424139
0.04685439
0.04685439
0.04685439
0.04685439
0.04685439
0.04685439
0.04685439
0.04685439
0.04685439
0.04685439
0.05811111
0.05811111
0.05811111
0.05073491
0.05073491
0.05073491
0.03852271
0.03852271
0.03852271
0.03852271
0.03852271
0.04177946
0.04177946
0.04177946
0.04177946
0.05771754
0.05771754
0.05771754
0.03255714
0.03255714
0.03255714
0.03255714
0.03255714
0.03255714
0.03255714
0.02947739
0.02947739
0.02947739
0.02947739
0.03268009
0.03268009
0.03268009
0.03268009
0.03268009
0.03611305
0.03611305
0.03611305
0.03611305
0.03611305
0.03611305
0.03500217
0.03500217
0.03500217
0.03500217
0.03500217
0.03500217
0.03500217
0.03500217
0.03500217
0.03500217
0.03500217
0.04119761
0.04119761
0.04119761
0.04119761
0.04119761
0.04119761
0.04119761
0.04119761
0.04119761
0.04119761
0.03588109
0.03588109
0.03588109
0.03588109
0.03588109
0.03588109
0.03940459
0.03940459
0.03940459
0.03940459
0.03940459
0.03262705
0.03262705
0.03262705
0.03372684
0.03372684
0.03681073
0.03681073
0.04403103
0.04403103
0.04403103
0.04403103
0.04403103
0.04403103
0.04403103
0.04403103
0.04403103
0.04403103
0.03323579
0.03323579
0.03323579
0.0381151
0.0381151
0.0381151
0.0381151
0.0381151
0.0381151
0.0381151
0.0381151
0.0381151
0.0381151
0.0381151
0.04865049
0.04865049
0.04865049
0.04761234
0.0398608
0.0398608
0.0398608
0.03753426
0.03753426
0.03753426
0.03753426
0.03753426
0.03753426
0.03753426
0.03753426
0.04473735
0.04473735
0.04473735
0.04473735
0.04473735
0.04473735
0.04473735
0.04473735
0.04473735
0.04473735
0.04557295
0.04557295
0.04557295
0.04557295
0.04557295
0.04414617
0.04079869
0.04079869
0.04079869
0.04079869
0.04079869
0.04295066
0.04295066
0.04295066
0.04295066
0.04295066
0.04295066
0.04295066
0.04295066
0.05342087
0.05342087
0.05342087
0.05342087
0.05342087
0.04417823
0.04417823
0.04417823
0.04417823
0.04417823
0.04417823
0.0648108
0.06606708
0.06606708
0.06606708
0.06606708
0.06606708
0.06606708
0.06606708
0.06606708
0.054062
0.04916638
0.04916638
0.04916638
0.04916638
0.04916638
0.04916638
0.04916638
0.04916638
0.06627707
0.06627707
0.06627707
0.05015068
0.03784614
0.03784614
0.03784614
0.03784614
0.03784614
0.03326601
0.03326601
0.03326601
0.03326601
0.03326601
0.03326601
0.03326601
0.03326601
0.03326601
0.03326601
0.03326601
0.0344642
0.0344642
0.0344642
0.0344642
0.04047198
0.04047198
0.04047198
0.04047198
0.04047198
0.04047198
0.03355709
0.03355709
0.03100358
0.03100358
0.03100358
0.03639748
0.03639748
0.03639748
0.03639748
0.02854586
0.02854586
0.02854586
0.02854586
0.02854586
0.02854586
0.02854586
0.02854586
0.02854586
0.02854586
0.02854586
0.03128832
0.03128832
0.03128832
0.03128832
0.03128832
0.03128832
0.03128832
0.03128832
0.03128832
0.03214951
0.03214951
0.03672198
0.03672198
0.03672198
0.02562193
0.02562193
0.02562193
0.04755437
0.04755437
0.04755437
0.04755437
0.04755437
0.04755437
0.04755437
0.04755437
0.04755437
0.04755437
0.04755437
0.04364477
0.04364477
0.04364477
0.04364477
0.04364477
0.04364477
0.05049003
0.05049003
0.05049003
0.03443444
0.03443444
0.03443444
0.03443444
0.03443444
0.03443444
0.01555244
0.01430719
0.01430719
0.01430719
0.02111176
0.02269075
0.02269075
0.02269075
0.02269075
0.03110159
0.03110159
0.03110159
0.03110159
0.03110159
0.0352691
0.0352691
0.04102804
0.04102804
0.04102804
0.04102804
0.04102804
0.04102804
0.04102804
0.04102804
0.04102804
0.04102804
0.04102804
0.04102804
0.04422336
0.04422336
0.04422336
0.04091621
0.04091621
0.04091621
0.04091621
0.04091621
0.04091621
0.03258138
0.03258138
0.03258138
0.03258138
0.03258138
0.04510686
0.04510686
0.04510686
0.04510686
0.04510686
0.04510686
0.04510686
0.04510686
0.04510686
0.06539292
0.06539292
0.06539292
0.06539292
0.06539292
0.06539292
0.06539292
0.06539292
0.06539292
0.06539292
0.05103638
0.05103638
0.05103638
0.05103638
0.05103638
0.05103638
0.05103638
0.05103638
0.05103638
0.05103638
0.05103638
0.05103638
0.05103638
0.05103638
0.05103638
0.05103638
0.06949746
0.07724025
0.07724025
0.07724025
0.07724025
0.07724025
0.02651216
0.02651216
0.02651216
0.02651216
0.02651216
0.02651216
0.0328313
0.0328313
0.04323931
0.04323931
0.04323931
0.04323931
0.04323931
0.04323931
0.04323931
0.04323931
0.04323931
0.02572311
0.02572311
0.02572311
0.02710356
0.02710356
0.02710356
0.02710356
0.02710356
0.02710356
0.03345028
0.03345028
0.03345028
0.03345028
0.03345028
0.0392799
0.0392799
0.0392799
0.02338279
0.02338279
0.02338279
0.04456098
0.04456098
0.04456098
0.04456098
0.04456098
0.04456098
0.04162748
0.04162748
0.04162748
0.04162748
0.04162748
0.03581671
0.03334495
0.03334495
0.03334495
0.03334495
0.0262866
0.02379243
0.02379243
0.02379243
0.02379243
0.02379243
0.01907788
0.01907788
0.01907788
0.01907788
0.04753975
0.04753975
0.04753975
0.04280155
0.04280155
0.04111195
0.04111195
0.04111195
0.04111195
0.04111195
0.04111195
0.04111195
0.04111195
0.04111195
0.05735552
0.05735552
0.05735552
0.05735552
0.05735552
0.05735552
0.05046584
0.05046584
0.05046584
0.05046584
0.05046584
0.05046584
0.05046584
0.05046584
0.05046584
0.05046584
0.05046584
0.05046584
0.05046584
0.05046584
0.05046584
0.06148522
0.06148522
0.06148522
0.06148522
0.06148522
0.06148522
0.06148522
0.06148522
0.09216919
0.11596175
0.11596175
0.11596175
0.11596175
0.09211013
0.06181877
0.06181877
0.06181877
0.06181877
0.06181877
0.06181877
0.06181877
0.06181877
0.05436279
0.05436279
0.04170877
0.04170877
0.04170877
0.04170877
0.04170877
0.04170877
0.04170877
0.04170877
0.04170877
0.04170877
0.04170877
0.04170877
0.05051099
0.05051099
0.0634248
0.0634248
0.0634248
0.0634248
0.0634248
0.06827973
0.06827973
0.06827973
0.06827973
0.04068937
0.04068937
0.04068937
0.04068937
0.03205293
0.03205293
0.03205293
0.03510988
0.03510988
0.03510988
0.03510988
0.03510988
0.03510988
0.03510988
0.03510988
0.03510988
0.02425814
0.02425814
0.02425814
0.02425814
0.0486348
0.05809037
0.06503195
0.06503195
0.06503195
0.05897277
0.05897277
0.0364162
0.02789741
0.02789741
0.02789741
0.03104104
0.04930118
0.04930118
0.04930118
0.04930118
0.04930118
0.04930118
0.04930118
0.04930118
0.04930118
0.04930118
0.04930118
0.04799735
0.04799735
0.04799735
0.04799735
0.04621071
0.04621071
0.04621071
0.04621071
0.04621071
0.0460765
0.04331609
0.04331609
0.04331609
0.04331609
0.04331609
0.04331609
0.04595317
0.04595317
0.04595317
0.04595317
0.04595317
0.04622721
0.04622721
0.07771589
0.14947495
0.19232076
0.21081745
0.24160134
0.24160134
0.24160134
0.24160134
0.25615044
0.25615044
0.25615044
0.27204002
0.27204002
0.31181012
0.31181012
0.31181012
0.28797781
0.28797781
0.25492769
0.25129017
0.24091957
0.24091957
0.24091957
0.24091957
0.24091957
0.22007201
0.22007201
0.22007201
0.22007201
0.1915247
0.1915247
0.1915247
0.1915247
0.1915247
0.1634573
0.1634573
0.1634573
0.17050114
0.17050114
0.17050114
0.17018541
0.17018541
0.15144264
0.14546906
0.14315546
0.12139151
0.11152349
0.10682581
0.10682581
0.10682581
0.07628584
0.07615473
0.07337114
0.07118068
0.07118068
0.07118068
0.07118068
0.07118068
0.07118068
0.08294707
0.09702248
0.09702248
0.09702248
0.05323636
0.05323636
0.05323636
0.05382953
0.05382953
0.05382953
0.05382953
0.06705545
0.07622762
0.07622762
0.12391658
0.12391658
0.12391658
0.12391658
0.12391658
0.12391658
0.12391658
0.12391658
0.14607319
0.14607319
0.14607319
0.08613377
0.08613377
0.07624579
0.06784988
0.06784988
0.06784988
0.06784988
0.05849107
0.05849107
0.04441351
0.04441351
0.04441351
0.04441351
0.04441351
0.04441351
0.04441351
0.03943729
0.03318073
0.02922634
0.02922634
0.02922634
0.02922634
0.02922634
0.02922634
0.02832933
0.02832933
0.02832933
0.02596858
0.02596858
0.02596858
0.03083512
0.03083512
0.03083512
0.03083512
0.03083512
0.03083512
0.03083512
0.02689748
0.02689748
0.02689748
0.02689748
0.02689748
0.02689748
0.02689748
0.02689748
0.02689748
0.02689748
0.03011844
0.03011844
0.03011844
0.03011844
0.03011844
0.03011844
0.03011844
0.03011844
0.03011844
0.03011844
0.02519287
0.02046215
0.02046215
0.02046215
0.0227661
0.0227661
0.02395466
0.02395466
0.02395466
0.02395466
0.02395466
0.02395466
0.02395466
0.02395466
0.02395466
0.02395466
0.02395466
0.02395466
0.02395466
0.02395466
0.02395466
0.02395466
0.02430704
0.02430704
0.02430704
0.02430704
0.02430704
0.02430704
0.02434386
0.02434386
0.04459084
0.04459084
0.04459084
0.04459084
0.04459084
0.04459084
0.04459084
0.04459084
0.04459084
0.04459084
0.04459084
0.02973441
0.02973441
0.02973441
0.02973441
0.02973441
0.02973441
0.02973441
0.02973441
0.02973441
0.02973441
0.02973441
0.02973441
0.02973441
0.02973441
0.02973441
0.02973441
0.02973441
0.02973441
0.02973441
0.02973441
0.02973441
0.02973441
0.02973441
0.02973441
0.02973441
0.02973441
0.02973441
0.02973441
0.02973441
0.02973441
0.03167139
0.03376147
0.03376147
0.03818399
0.03818399
0.03818399
0.03818399
0.03818399
0.03792463
0.03792463
0.03792463
0.04112675
0.04112675
0.04518976
0.04531359
0.04531359
0.04531359
0.04531359
0.04531359
0.04531359
0.0431214
0.0431214
0.0431214
0.0431214
0.04283943
0.04283943
0.04283943
0.03126132
0.03126132
0.03126132
0.03330512
0.03330512
0.03747847
0.03747847
0.03747847
0.03747847
0.04618727
0.04618727
0.04744782
0.0483092
0.05022076
0.05022076
0.05022076
0.05022076
0.05022076
0.05022076
0.05022076
0.05022076
0.05022076
0.05022076
0.05022076
0.05751451
0.05751451
0.05751451
0.05751451
0.05751451
0.05751451
0.05751451
0.05751451
0.05751451
0.05751451
0.04483848
0.04483848
0.04483848
0.04483848
0.05117644
0.0521629
0.0521629
0.0521629
0.0521629
0.05279435
0.05279435
0.05279435
0.05279435
0.05279435
0.05279435
0.06977473
0.06977473
0.07583788
0.07583788
0.07583788
0.07583788
0.07583788
0.07583788
0.07583788
0.07927579
0.08527315
0.08527315
0.09140244
0.09140244
0.09140244
0.09140244
0.10075696
0.10075696
0.10075696
0.08578668
0.08578668
0.08578668
0.08578668
0.08578668
0.09059804
0.09059804
0.09059804
0.07038277
0.07038277
0.07038277
0.08972909
0.08972909
0.08972909
0.0798348
0.0798348
0.0798348
0.0798348
0.0798348
0.0798348
0.0798348
0.07835316
0.07507116
0.07507116
0.07507116
0.07507116
0.07507116
0.06137306
0.06137306
0.06137306
0.06137306
0.06137306
0.06137306
0.06137306
0.06137306
0.06137306
0.06137306
0.06137306
0.06137306
0.06137306
0.05662037
0.05662037
0.05662037
0.05662037
0.05662037
0.05662037
0.05662037
0.05662037
0.05662037
0.05785879
0.05785879
0.05785879
0.04816446
0.04816446
0.04816446
0.04816446
0.04409524
0.04409524
0.04409524
0.04409524
0.04409524
0.04409524
0.03393658
0.03393658
0.03393658
0.05536902
0.05536902
0.05536902
0.05536902
0.05536902
0.05536902
0.05536902
0.05536902
0.05304099
0.05123801
0.03651977
0.03651977
0.03651977
0.03651977
0.03651977
0.03651977
0.03651977
0.03957887
0.03957887
0.03957887
0.03957887
0.02704346
0.02704346
0.02704346
0.02704346
0.02704346
0.02704346
0.02704346
0.02397353
0.02397353
0.02397353
0.02397353
0.03107035
0.03107035
0.03107035
0.02858996
0.02858996
0.02858996
0.02541991
0.02541991
0.01853813
0.01853813
0.01565448
0.01565448
0.01565448
0.01565448
0.02146612
0.02146612
0.02146612
0.01970448
0.01970448
0.01534798
0.01534798
0.01534798
0.01534798
0.01534798
0.01534798
0.02029328
0.02029328
0.02029328
0.02029328
0.02029328
0.02536985
0.02536985
0.02536985
0.02536985
0.02536985
0.02536985
0.02536985
0.02536985
0.02536985
0.02536985
0.02536985
0.02536985
0.02536985
0.02617251
0.02617251
0.02617251
0.02617251
0.02617251
0.02805512
0.02805512
0.02805512
0.03487518
0.03487518
0.03487518
0.03846006
0.03846006
0.03846006
0.03846006
0.03846006
0.03846006
0.03846006
0.03846006
0.03846006
0.06318121
0.06318121
0.06318121
0.06015827
0.04322215
0.04322215
0.04322215
0.04322215
0.04322215
0.04322215
0.06042282
0.06452249
0.06452249
0.06452249
0.06452249
0.06477987
0.06477987
0.06477987
0.06477987
0.06477987
0.06477987
0.05443517
0.05443517
0.05443517
0.0589725
0.0589725
0.0589725
0.0589725
0.0589725
0.0589725
0.0589725
0.0589725
0.0589725
0.0589725
0.0589725
0.0589725
0.0589725
0.0589725
0.0589725
0.0589725
0.0589725
0.0589725
0.05923168
0.05923168
0.05923168
0.05923168
0.05923168
0.05923168
0.05923168
0.05923168
0.05923168
0.05923168
0.05923168
0.04372698
0.04372698
0.04372698
0.04372698
0.04372698
0.04372698
0.04372698
0.04372698
0.04372698
0.04372698
0.04372698
0.04372698
0.05917315
0.05917315
0.05917315
0.05917315
0.05917315
0.05917315
0.03257409
0.03257409
0.03257409
0.03257409
0.03257409
0.01972249
0.01972249
0.01972249
0.0199008
0.02113491
0.02113491
0.02113491
0.02113491
0.02113491
0.0279702
0.03501232
0.03501232
0.03501232
0.03501232
0.03501232
0.03630802
0.03630802
0.03630802
0.03630802
0.04419399
0.04419399
0.04419399
0.04419399
0.04419399
0.04789198
0.04789198
0.04789198
0.04789198
0.06018118
0.06018118
0.06018118
0.06018118
0.06018118
0.06018118
0.06018118
0.06018118
0.06018118
0.04110493
0.04110493
0.04110493
0.0994404
0.11741346
0.18396368
0.2765051
0.44990266
0.44990266
0.44990266
0.39958807
0.38299748
0.3522105
0.35103598
0.35103598
0.35103598
0.4212933
0.48815146
0.51232887
0.51232887
0.51232887
0.43202883
0.3555392
0.3555392
0.34717045
0.28460525
0.28460525
0.24509624
0.23370964
0.23370964
0.23370964
0.23370964
0.23370964
0.23370964
0.23370964
0.23370964
0.23370964
0.20237947
0.19796869
0.19796869
0.18069728
0.17450496
0.17450496
0.17450496
0.26204758
0.26204758
0.26204758
0.06156959
0.06156959
0.05935437
0.05230358
0.05230358
0.05230358
0.04789811
0.04544682
0.04195388
0.04195388
0.03861516
0.03861516
0.03584199
0.03584199
0.02719043
0.02719043
0.02719043
0.02719043
0.02358757
0.02358757
0.02358757
0.02358757
0.02358757
0.02638624
0.02638624
0.02638624
0.02638624
0.02638624
0.02638624
0.02638624
0.02638624
0.02638624
0.02638624
0.02638624
0.02902974
0.02982214
0.02982214
0.02982214
0.02982214
0.05315152
0.06940078
0.08963801
0.08963801
0.08963801
0.08963801
0.04558454
0.04558454
0.04558454
0.0556611
0.0556611
0.0556611
0.0556611
0.0556611
0.06710689
0.06710689
0.06710689
0.06710689
0.06710689
0.06710689
0.07098569
0.07098569
0.07098569
0.07098569
0.07098569
0.07098569
0.07098569
0.07098569
0.07098569
0.07098569
0.07098569
0.07098569
0.06100989
0.06100989
0.06100989
0.10251441
0.10251441
0.10251441
0.10251441
0.10251441
0.10251441
0.10251441
0.10251441
0.10053408
0.10053408
0.08634793
0.08634793
0.08634793
0.08634793
0.06654157
0.06654157
0.06654157
0.04975161
0.04975161
0.04975161
0.04975161
0.04975161
0.04975161
0.04975161
0.04975161
0.04975161
0.04975161
0.04975161
0.04975161
0.04975161
0.04981513
0.04981513
0.04981513
0.04981513
0.04598115
0.04598115
0.04598115
0.04739677
0.04739677
0.04739677
0.04818272
0.04818272
0.04849761
0.04849761
0.04849761
0.04849761
0.04849761
0.04849761
0.04849761
0.04849761
0.04849761
0.04849761
0.04849761
0.04849761
0.04849761
0.04849761
0.04849761
0.04849761
0.04849761
0.05796501
0.05796501
0.05796501
0.05796501
0.0556433
0.0556433
0.0556433
0.0556433
0.0556433
0.0556433
0.05327428
0.05327428
0.05327428
0.05327428
0.05327428
0.02816013
0.02816013
0.02816013
0.0341483
0.0341483
0.0341483
0.0341483
0.0341483
0.0341483
0.04829314
0.04829314
0.04829314
0.04829314
0.04829314
0.04829314
0.04829314
0.04829314
0.04829314
0.0369032
0.0369032
0.0369032
0.04035886
0.04915619
0.04915619
0.04915619
0.04915619
0.04915619
0.04915619
0.04915619
0.04915619
0.04797993
0.04797993
0.04797993
0.04797993
0.04797993
0.04797993
0.04797993
0.04797993
0.04797993
0.04797993
0.04797993
0.04797993
0.04797993
0.04797993
0.04797993
0.04797993
0.04797993
0.04797993
0.04797993
0.04797993
0.04797993
0.04797993
0.04797993
0.04797993
0.04797993
0.04797993
0.04797993
0.04797993
0.04797993
0.04797993
0.04797993
0.04797993
0.04098709
0.04098709
0.04098709
0.04098709
0.04098709
0.04098709
0.04098709
0.04098709
0.04098709
0.04098709
0.04098709
0.04098709
0.04098709
0.03381661
0.03381661
0.03381661
0.03381661
0.03381661
0.03381661
0.03381661
0.03618281
0.03618281
0.03618281
0.03618281
0.03618281
0.03618281
0.03618281
0.03618281
0.03618281
0.03618281
0.03618281
0.03618281
0.03618281
0.03091459
0.03091459
0.03091459
0.03091459
0.03091459
0.03091459
0.03091459
0.03091459
0.03091459
0.03091459
0.03091459
0.03091459
0.03091459
0.03091459
0.02466848
0.02466848
0.02466848
0.02466848
0.02466848
0.02957124
0.02957124
0.02957124
0.03575018
0.03575018
0.03575018
0.03575018
0.03575018
0.03575018
0.03575018
0.03848785
0.03848785
0.03848785
0.03848785
0.04422159
0.04422159
0.04422159
0.03816686
0.03744831
0.03744831
0.03744831
0.03744831
0.03744831
0.0242834
0.0242834
0.0242834
0.0242834
0.0242834
0.02575545
0.02575545
0.02575545
0.02575545
0.02583364
0.02583364
0.02583364
0.02583364
0.02848155
0.04881607
0.05461161
0.05461161
0.05461161
0.05461161
0.03937769
0.03937769
0.03937769
0.04059612
0.04059612
0.04059612
0.04059612
0.04614441
0.08722271
0.10302346
0.10302346
0.10302346
0.05212644
0.05212644
0.05212644
0.05212644
0.05212644
0.03911609
0.03911609
0.03911609
0.03911609
0.02493123
0.02493123
0.02493123
0.02493123
0.02493123
0.02493123
0.02493123
0.02493123
0.02489366
0.02489366
0.02489366
0.02443598
0.02443598
0.02443598
0.02443598
0.0313897
0.0313897
0.0313897
0.0313897
0.0313897
0.03762041
0.03762041
0.03762041
0.03762041
0.03762041
0.03762041
0.03762041
0.03762041
0.03492571
0.03492571
0.03492571
0.03492571
0.03492571
0.03492571
0.03492571
0.03492571
0.05265013
0.05265013
0.05265013
0.04925675
0.04925675
0.04925675
0.03116121
0.03116121
0.03116121
0.03789649
0.03789649
0.03789649
0.03789649
0.03789649
0.03789649
0.03789649
0.03789649
0.03789649
0.03688676
0.03688676
0.03688676
0.05854525
0.05854525
0.05854525
0.05854525
0.05854525
0.04990448
0.04990448
0.04990448
0.04990448
0.04581492
0.04581492
0.04581492
0.05350786
0.05350786
0.05350786
0.05350786
0.05350786
0.05350786
0.04787015
0.03902938
0.03902938
0.03890894
0.03890894
0.03890894
0.03890894
0.03801996
0.03801996
0.03801996
0.03801996
0.03801996
0.0367333
0.03498921
0.03498921
0.03498921
0.03850845
0.03850845
0.03850845
0.03850845
0.03850845
0.03850845
0.03850845
0.03850845
0.03850845
0.03621094
0.03621094
0.03621094
0.07116699
0.07116699
0.07116699
0.0392458
0.0392458
0.0392458
0.0392458
0.0392458
0.0392458
0.0392458
0.0392458
0.0392458
0.0392458
0.0392458
0.0392458
0.0392458
0.0392458
0.0392458
0.03462266
0.03462266
0.03084764
0.03084764
0.03084764
0.03359515
0.03359515
0.03421244
0.03421244
0.03421244
0.03421244
0.03421244
0.03421244
0.03421244
0.03421244
0.0412188
0.04125464
0.04125464
0.04125464
0.04125464
0.04125464
0.04125464
0.04125464
0.04125464
0.04125464
0.04125464
0.03117165
0.03117165
0.03117165
0.03119713
0.03119713
0.03309179
0.03453547
0.03453547
0.03453547
0.03453547
0.02889904
0.02889904
0.02889904
0.02889904
0.02889904
0.02889904
0.02889904
0.044893
0.044893
0.044893
0.03529723
0.03529723
0.03529723
0.03529723
0.03529723
0.03529723
0.03529723
0.03529723
0.03529723
0.03529723
0.03529723
0.03120299
0.03120299
0.03120299
0.03120299
0.03120299
0.03120299
0.03120299
0.03120299
0.03120299
0.03120299
0.03120299
0.03120299
0.03120299
0.03120299
0.03120299
0.02219478
0.02219478
0.02219478
0.02620081
0.02620081
0.02620081
0.02439255
0.02439255
0.02439255
0.02439255
0.02439255
0.03356547
0.03356547
0.03356547
0.03099917
0.03099917
0.03099917
0.03099917
0.03030246
0.03030246
0.03030246
0.03030246
0.03030246
0.03030246
0.03030246
0.03030246
0.03030246
0.03030246
0.03030246
0.03030246
0.03030246
0.03030246
0.0229447
0.0229447
0.0229447
0.0229447
0.0229447
0.03336914
0.03336914
0.03743926
0.03844778
0.03844778
0.03844778
0.03844778
0.03844778
0.03844778
0.04082868
0.04082868
0.04082868
0.04082868
0.04082868
0.04082868
0.04082868
0.03202199
0.03202199
0.03202199
0.03202199
0.03406233
0.03406233
0.03406233
0.03406233
0.03406233
0.05198092
0.05198092
0.05198092
0.05198092
0.05198092
0.05814526
0.05814526
0.05814526
0.03143696
0.03143696
0.03143696
0.04675376
0.04675376
0.04675376
0.04675376
0.04675376
0.04675376
0.04675376
0.04675376
0.04675376
0.04675376
0.03986243
0.03975009
0.03975009
0.03975009
0.053907
0.053907
0.053907
0.02023496
0.02023496
0.02023496
0.02023496
0.01257906
0.01257906
0.00670243
0.00670243
0.00670243
0.02076129
0.02076129
0.02076129
0.02076129
0.0066618
0.0066618
0.0066618
0.00789778
0.00789778
0.00789778
0.00789778
0.00789778
0.01001176
0.01001176
0.01001176
0.01095934
0.01095934
0.01095934
0.01314948
0.01314948
0.01314948
0.01232154
0.01232154
0.01123053
0.01123053
0.01123053
0.01123053
0.01123053
0.01123053
0.01123053
0.01045147
0.01045147
0.01045147
0.01045147
0.01045147
0.01045147
0.01045147
0.01045147
0.01045147
0.01045147
0.01045147
0.00972918
0.00972918
0.00972918
0.00972918
0.00972918
0.00972918
0.00972918
0.00972918
0.00972918
0.01449029
0.01449029
0.01449029
0.01449029
0.01449029
0.00659932
0.00659932
0.00659932
0.01355921
0.01355921
0.01355921
0.009797
0.009797
0.009797
0.009797
0.009797
0.00560078
0.00560078
0.00560078
0.00542828
0.00542828
0.00529061
0.00529061
0.00529061
0.00529061
0.00964324
0.00964324
0.00964324
0.00727548
0.00620522
0.00620522
0.00620522
0.00620522
0.00620522
0.00620522
0.00620522
0.00620522
0.00620522
0.00620522
0.00620522
0.00620522
0.00620522
0.00620522
0.00620522
0.00512288
0.00412038
0.00412038
0.00412038
0.00412038
0.00412038
0.00412038
0.00789456
0.00789456
0.00789456
0.00789456
0.00789456
0.00789456
0.0064462
0.0064462
0.0064462
0.0064462
0.0064462
0.0064462
0.0064462
0.0064462
0.00439315
0.00439315
0.00439315
0.00563521
0.00563521
0.00563521
0.00563521
0.00563521
0.00563521
0.00563521
0.00563521
0.00563521
0.00563521
0.00563521
0.00563521
0.00563521
0.00563521
0.00563521
0.00563521
0.00563521
0.00563521
0.00563521
0.00563521
0.00563521
0.00704646
0.00959474
0.00959474
0.00959474
0.00610841
0.00610841
0.00610841
0.00883292
0.01062696
0.01062696
0.01062696
0.01062696
0.01062696
0.01062696
0.00862414
0.00862414
0.00862414
0.00862414
0.00862414
0.00862414
0.00862414
0.00862414
0.00939303
0.00939303
0.01076122
0.01076122
0.01213373
0.01213373
0.01213373
0.01101722
0.01101722
0.01101722
0.01376757
0.01376757
0.01376757
0.01028419
0.01028419
0.01028419
0.01096577
0.01096577
0.01096577
0.01194699
0.01194699
0.01194699
0.01039642
0.01039642
0.01039642
0.01039642
0.01039642
0.01039642
0.01039642
0.01039642
0.01039642
0.01039642
0.01039642
0.01039642
0.01792093
0.01867023
0.01867023
0.01867023
0.01867023
0.01867023
0.01867023
0.01867023
0.01867023
0.01867023
0.01867023
0.01867023
0.01867023
0.01867023
0.01867023
0.01867023
0.01683712
0.01683712
0.01683712
0.01506764
0.01294372
0.01294372
0.01265815
0.01265815
0.01265815
0.01265815
0.01265815
0.02223716
0.02223716
0.02457669
0.02892885
0.04066011
0.04066011
0.04066011
0.0399067
0.0399067
0.03089867
0.02630351
0.02630351
0.01874988
0.01815467
0.01815467
0.01815467
0.01815467
0.01815467
0.02195178
0.02371365
0.02371365
0.02371365
0.02661183
0.02661183
0.02958796
0.02958796
0.03270008
0.04799901
0.04799901
0.04799901
0.04078788
0.03781335
0.03600492
0.03131649
0.03131649
0.03131649
0.02615
0.02615
0.02615
0.02838668
0.03048376
0.03358103
0.03358103
0.03358103
0.03009295
0.02040918
0.02040918
0.02040918
0.02799354
0.02799354
0.02799354
0.02799354
0.02799354
0.02514355
0.02514355
0.02514355
0.02514355
0.02514355
0.02733487
0.02733487
0.02953038
0.02953038
0.02953038
0.02822374
0.018343
0.018343
0.018343
0.01883826
0.01883826
0.01883826
0.01883826
0.01883826
0.01883826
0.01883826
0.01960785
0.02652927
0.02652927
0.02652927
0.02412425
0.02412425
0.02412425
0.02412425
0.02412425
0.02412425
0.02412425
0.02412425
0.02412425
0.03470757
0.03470757
0.03470757
0.03214221
0.03214221
0.01589023
0.01589023
0.01589023
0.01819949
0.01819949
0.01819949
0.01733275
0.01733275
0.01733275
0.02507249
0.02525491
0.02798393
0.02798393
0.02798393
0.02798393
0.02798393
0.02798393
0.02798393
0.02719793
0.02719793
0.02394493
0.02221325
0.02221325
0.02221325
0.03990348
0.04806706
0.04806706
0.04806706
0.04042548
0.04042548
0.04001073
0.04001073
0.04001073
0.036904
0.036904
0.02784742
0.02371686
0.01790166
0.01790166
0.01790166
0.01823893
0.01823893
0.01940027
0.01940027
0.02028004
0.02495874
0.02495874
0.02495874
0.02408421
0.02408421
0.02408421
0.02408421
0.03019503
0.03019503
0.03019503
0.03019503
0.0317278
0.0317278
0.0317278
0.0317278
0.0317278
0.0317278
0.0265007
0.0265007
0.0265007
0.03360765
0.04117308
0.05606937
0.05606937
0.05606937
0.0462658
0.04587137
0.04138198
0.03751438
0.03751438
0.03733656
0.03733656
0.03733656
0.03615779
0.03070206
0.03070206
0.03070206
0.03070206
0.03070206
0.02872141
0.02855522
0.02855522
0.02855522
0.02855522
0.02855522
0.02855522
0.03200502
0.03200502
0.04185115
0.04185115
0.04185115
0.03970798
0.02738095
0.02738095
0.02738095
0.02738095
0.02738095
0.02738095
0.0293138
0.0293138
0.0293138
0.02848705
0.02679368
0.02679368
0.02679368
0.02679368
0.03099738
0.03212265
0.0416621
0.0416621
0.0416621
0.03547021
0.03547021
0.03547021
0.03547021
0.03105231
0.03105231
0.03105231
0.03594059
0.03810085
0.03810085
0.03810085
0.03810085
0.03810085
0.03810085
0.03545086
0.03545086
0.03545086
0.03545086
0.03545086
0.03545086
0.03545086
0.04048675
0.04048675
0.04048675
0.04485547
0.04485547
0.04485547
0.04039552
0.04039552
0.04039552
0.04039552
0.04039552
0.02937938
0.02937938
0.02937938
0.02937938
0.04047793
0.04355902
0.04355902
0.04355902
0.03799137
0.0326561
0.03130169
0.0300184
0.0300184
0.0300184
0.0300184
0.0300184
0.0300184
0.0300184
0.0300184
0.03626317
0.05519928
0.05519928
0.05519928
0.05519928
0.05519928
0.05519928
0.05519928
0.05519928
0.05916016
0.05916016
0.05916016
0.05916016
0.04830671
0.04830671
0.04830671
0.04830671
0.04830671
0.03876513
0.03876513
0.03876513
0.03548914
0.02828085
0.02828085
0.02828085
0.04265965
0.04265965
0.04265965
0.03046623
0.03046623
0.03046623
0.03797772
0.05175912
0.05292311
0.05292311
0.05292311
0.04282114
0.03924768
0.03924768
0.03924768
0.04396588
0.04640513
0.04640513
0.04640513
0.04640513
0.04247723
0.03653311
0.03653311
0.03653311
0.04394746
0.04500499
0.06369627
0.06369627
0.06369627
0.05685449
0.05021668
0.04332442
0.0432442
0.02986255
0.02986255
0.02986255
0.03361698
0.03361698
0.03361698
0.03361698
0.03361698
0.03644262
0.03729252
0.04435328
0.0475066
0.0475066
0.04944583
0.0565844
0.0565844
0.0664963
0.0664963
0.0664963
0.05387817
0.05387817
0.05387817
0.05387817
0.0514521
0.0514521
0.0514521
0.06314183
0.08409448
0.13879133
0.13879133
0.13879133
0.12205275
0.09250166
0.09250166
0.07565034
0.07565034
0.07565034
0.06489833
0.06489833
0.06489833
0.08157253
0.08157253
0.08157253
0.08157253
0.08157253
0.09732841
0.09732841
0.09732841
0.07674785
0.05194161
0.05194161
0.05194161
0.05871454
0.05871454
0.05871454
0.05871454
0.05871454
0.05871454
0.06352535
0.07541461
0.07815221
0.07815221
0.07815221
0.07815221
0.0592332
0.0592332
0.0592332
0.0592332
0.0592332
0.05574416
0.04325706
0.04325706
0.04325706
0.04325706
0.05549022
0.05549022
0.05549022
0.05549022
0.05549022
0.05549022
0.05549022
0.06219475
0.07778146
0.10372073
0.10372073
0.10372073
0.10047501
0.0706854
0.05687517
0.05687517
0.05687517
0.05687517
0.05687517
0.06704738
0.06704738
0.06704738
0.06704738
0.08749211
0.08749211
0.08749211
0.08749211
0.09507286
0.09507286
0.09507286
0.11256735
0.11256735
0.11256735
0.09509868
0.09175879
0.09175879
0.09175879
0.11633986
0.11633986
0.11633986
0.11334704
0.09396053
0.09396053
0.09396053
0.09396053
0.09895066
0.09895066
0.09895066
0.09895066
0.07955519
0.07955519
0.06832572
0.06832572
0.06832572
0.06832572
0.06832572
0.06832572
0.06832572
0.07528417
0.07528417
0.07528417
0.07528417
0.07528417
0.07528417
0.06303769
0.04365091
0.04365091
0.04365091
0.04365091
0.04021691
0.04021691
0.04021691
0.04021691
0.04021691
0.04032444
0.04032444
0.04613282
0.04613282
0.04613282
0.06932778
0.06932778
0.06932778
0.06932778
0.06932778
0.06932778
0.06932778
0.06932778
0.08001169
0.08001169
0.08001169
0.06982677
0.05730113
0.04903156
0.04903156
0.04903156
0.05567848
0.06330136
0.06857756
0.06857756
0.06857756
0.06857756
0.06857756
0.05497398
0.05497398
