0.23161626
0.21937201
0.15856832
0.15856832
0.15856832
0.15856832
0.11904166
0.09586042
0.07863539
0.07863539
0.07863539
0.11436993
0.11436993
0.11436993
0.20001512
0.20001512
0.20001512
0.12257413
0.12257413
0.12257413
0.16124597
0.16124597
0.16124597
0.14381658
0.14381658
0.14381658
0.14381658
0.14381658
0.14381658
0.14381658
0.13590075
0.11234201
0.11234201
0.11234201
0.15041099
0.15091657
0.15091657
0.15091657
0.15091657
0.15091657
0.15091657
0.09606692
0.09606692
0.09606692
0.10754946
0.10754946
0.10754946
0.10754946
0.10754946
0.10754946
0.10754946
0.10754946
0.10754946
0.11158374
0.13783636
0.13783636
0.13783636
0.13783636
0.13783636
0.11854159
0.11854159
0.11854159
0.11854159
0.11854159
0.11854159
0.11854159
0.11854159
0.11854159
0.21127605
0.21127605
0.21127605
0.14446655
0.14446655
0.14446655
0.16261594
0.16422789
0.16422789
0.16422789
0.14465573
0.14465573
0.12809238
0.12809238
0.12809238
0.12809238
0.12809238
0.12809238
0.12586102
0.12569673
0.12569673
0.12569673
0.13011903
0.13011903
0.13011903
0.14592292
0.16061606
0.16061606
0.18372079
0.22297893
0.22297893
0.24670582
0.24670582
0.24670582
0.20672962
0.20672962
0.20672962
0.20672962
0.17838477
0.12380675
0.12380675
0.12380675
0.12380675
0.12380675
0.17380302
0.17380302
0.18339822
0.18339822
0.18339822
0.15756719
0.15756719
0.15756719
0.15756719
0.15756719
0.15756719
0.14860303
0.10570351
0.10570351
0.10570351
0.10570351
0.10570351
0.10570351
0.10570351
0.15988174
0.15988174
0.15988174
0.15988174
0.15988174
0.15988174
0.16864619
0.23458424
0.23458424
0.23458424
0.23458424
0.23458424
0.20027964
0.125957
0.125957
0.125957
0.125957
0.125957
0.125957
0.08173506
0.08173506
0.08173506
0.3321777
0.36596044
0.36596044
0.36596044
0.36596044
0.55854363
0.56684207
0.56684207
0.56684207
0.4444901
0.35960259
0.35497841
0.15541659
0.15541659
0.15541659
0.15541659
0.15541659
0.15541659
0.16535187
0.16535187
0.16535187
0.11294599
0.11294599
0.11294599
0.14084907
0.16417212
0.17809609
0.17809609
0.22798648
0.27197828
0.28917821
0.30058367
0.30058367
0.30058367
0.23892038
0.23892038
0.23892038
0.2290568
0.2290568
0.2290568
0.2290568
0.2290568
0.16474367
0.16474367
0.16474367
0.16474367
0.16474367
0.30338521
0.30338521
0.30338521
0.23077633
0.23077633
0.23077633
0.23077633
0.20600189
0.13264997
0.13264997
0.12626208
0.12626208
0.12626208
0.14993296
0.15911868
0.15911868
0.15911868
0.15911868
0.15911868
0.15911868
0.15911868
0.15911868
0.13555881
0.11666962
0.11666962
0.11666962
0.10548194
0.10548194
0.10548194
0.19517801
0.19517801
0.19517801
0.19517801
0.19517801
0.14850933
0.14850933
0.14850933
0.17457138
0.17457138
0.17457138
0.17047658
0.17047658
0.17047658
0.17047658
0.11868936
0.11868936
0.11868936
0.12779519
0.12779519
0.1683789
0.19831405
0.21614952
0.21614952
0.21614952
0.21614952
0.17960767
0.17960767
0.17960767
0.17960767
0.20380498
0.20380498
0.20380498
0.19610552
0.19610552
0.19610552
0.19610552
0.19610552
0.19610552
0.19610552
0.19610552
0.19610552
0.17149498
0.17149498
0.17149498
0.116626
0.116626
0.116626
0.11994979
0.20594053
0.2327349
0.23548412
0.23548412
0.23548412
0.21604162
0.21604162
0.21604162
0.21604162
0.21604162
0.13179033
0.11097092
0.10869695
0.10869695
0.10869695
0.1576659
0.1576659
0.1576659
0.1576659
0.1576659
0.1576659
0.1576659
0.1576659
0.1576659
0.1576659
0.21168667
0.21721531
0.21721531
0.21721531
0.17339478
0.09793612
0.09793612
0.09793612
0.18650127
0.18650127
0.18650127
0.32294863
0.32294863
0.32294863
0.32294863
0.32294863
0.20937914
0.20937914
0.20937914
0.25868753
0.25868753
0.25868753
0.25868753
0.25868753
0.25868753
0.25868753
0.25868753
0.25868753
0.25993041
0.25993041
0.25993041
0.25993041
0.25993041
0.25993041
0.25993041
0.25993041
0.25993041
0.25993041
0.25993041
0.25993041
0.25993041
0.29325945
0.29325945
0.29325945
0.22900182
0.22900182
0.22900182
0.22900182
0.22900182
0.22900182
0.27268092
0.27268092
0.27268092
0.32058894
0.47355281
0.47355281
0.47355281
0.25492462
0.25492462
0.12915211
0.12915211
0.12915211
0.25568989
0.25568989
0.25568989
0.23745193
0.23745193
0.23745193
0.28564604
0.28564604
0.28564604
0.24259333
0.24259333
0.24259333
0.36334739
0.36334739
0.36334739
0.27875575
0.16254411
0.11086041
0.11086041
0.11086041
0.26965018
0.32500886
0.32500886
0.32500886
0.2290253
0.16358472
0.15555612
0.12218799
0.12218799
0.12218799
0.07061693
0.05078988
0.03961896
0.03032613
0.02867615
0.02867615
0.02867615
0.02867615
0.04484069
0.04484069
0.04484069
0.04484069
0.04207696
0.04207696
0.03583384
0.03583384
0.03583384
0.03583384
0.03583384
0.04150634
0.05773103
0.05773103
0.05783125
0.05783125
0.05783125
0.10767951
0.16150127
0.16150127
0.16150127
0.15065978
0.09768159
0.0478483
0.0478483
0.0478483
0.0478483
0.0478483
0.0478483
0.06248603
0.08064087
0.08989637
0.1140318
0.17653384
0.17653384
0.17653384
0.17653384
0.17653384
0.07435759
0.07435759
0.07435759
0.07435759
0.07643329
0.08166685
0.08166685
0.08166685
0.06894526
0.06894526
0.02780623
0.02780623
0.02780623
0.04595921
0.04595921
0.04595921
0.04227148
0.03677534
0.03677534
0.03677534
0.03677534
0.03677534
0.03677534
0.03677534
0.03677534
0.05290526
0.06521136
0.07036624
0.09200282
0.10476415
0.10476415
0.20751197
0.20751197
0.20751197
0.19808724
0.08989539
0.08989539
0.08989539
0.08989539
0.08989539
0.09650887
0.09650887
0.09650887
0.0916478
0.0916478
0.0916478
0.09435298
0.11719112
0.19795616
0.27514809
0.27514809
0.27514809
0.26590283
0.26590283
0.21319564
0.12436369
0.11586706
0.11586706
0.11586706
0.10541644
0.08740137
0.06618724
0.06618724
0.06618724
0.06618724
0.04775897
0.04775897
0.04775897
0.04775897
0.04775897
0.0405782
0.03204771
0.03204771
0.03204771
0.04042801
0.04042801
0.05104677
0.05104677
0.05104677
0.07300483
0.07300483
0.07300483
0.07300483
0.07300483
0.0986673
0.15139573
0.15139573
0.15810892
0.15810892
0.15810892
0.07746515
0.07107094
0.03792101
0.03792101
0.03792101
0.0402302
0.0402302
0.0402302
0.0402302
0.0402302
0.0750355
0.14692329
0.14692329
0.14692329
0.21319221
0.25329232
0.25329232
0.25329232
0.19262109
0.15462983
0.15462983
0.15462983
0.13553066
0.13553066
0.13553066
0.07764531
0.07764531
0.06356154
0.05082463
0.03694722
0.03694722
0.03694722
0.05833973
0.0791178
0.0791178
0.10549243
0.18533866
0.30688656
0.30688656
0.30688656
0.29217577
0.13115176
0.07480017
0.06533857
0.06533857
0.03369517
0.03369517
0.03369517
0.03369517
0.03369517
0.03369517
0.04517652
0.04517652
0.06667608
0.09791794
0.09791794
0.13315359
0.20975958
0.27377152
0.27377152
0.27377152
0.24898511
0.22700113
0.08228469
0.07871977
0.07871977
0.07871977
0.08124896
0.08124896
0.08124896
0.08124896
0.07146358
0.07146358
0.07146358
0.07146358
0.07146358
0.07146358
0.15673928
0.18868937
0.37833402
0.37833402
0.37833402
0.24968393
0.11217645
0.03736398
0.03736398
0.03736398
0.05702846
0.05702846
0.06506729
0.0996463
0.0996463
0.18811668
0.30458506
0.30458506
0.30458506
0.25744024
0.25402202
0.25402202
0.10662955
0.09717235
0.06680582
0.06680582
0.06680582
0.0516695
0.0516695
0.0516695
0.0516695
0.0516695
0.04176978
0.04176978
0.04176978
0.04433033
0.08519814
0.0959711
0.25816699
0.25816699
0.25816699
0.25816699
0.13626289
0.13626289
0.13626289
0.16875755
0.2534625
0.2534625
0.2534625
0.25206654
0.25206654
0.25206654
0.25206654
0.25206654
0.25206654
0.25206654
0.25206654
0.25206654
0.26864965
0.26864965
0.26864965
0.31521491
0.31521491
0.31521491
0.29700887
0.19135784
0.19135784
0.19135784
0.19135784
0.19135784
0.19135784
0.19135784
0.37510732
0.37510732
0.37510732
0.35316405
0.35316405
0.35316405
0.399031
0.399031
0.399031
0.27175108
0.12961519
0.11258468
0.09525234
0.09525234
0.06450407
0.06450407
0.06450407
0.11005546
0.11005546
0.11005546
0.11005546
0.11005546
0.11005546
0.11005546
0.11005546
0.10053464
0.05076548
0.05076548
0.05076548
0.05076548
0.05076548
0.02577496
0.02052102
0.02052102
0.02052102
0.02052102
0.02052102
0.02052102
0.02052102
0.02052102
0.02052102
0.0146226
0.0146226
0.0146226
0.0146226
0.01462971
0.01462971
0.01717751
0.01717751
0.03124318
0.03124318
0.06311865
0.11708395
0.13779902
0.13779902
0.13779902
0.13779902
0.13779902
0.15357586
0.17793829
0.19815312
0.19815312
0.19815312
0.19815312
0.17136961
0.17136961
0.17136961
0.17684309
0.36278312
0.36278312
0.36278312
0.36278312
0.36278312
0.16918241
0.12954606
0.11802236
0.11802236
0.07733402
0.07733402
0.07733402
0.07823467
0.07823467
0.07823467
0.07823467
0.04833477
0.04833477
0.04833477
0.09341382
0.09341382
0.09341382
0.09341382
0.09341382
0.07203567
0.07203567
0.06207496
0.06207496
0.06207496
0.07402768
0.07402768
0.07402768
0.07402768
0.07402768
0.07402768
0.06468044
0.06468044
0.06468044
0.07529852
0.07529852
0.07529852
0.07469359
0.07469359
0.07469359
0.09951092
0.09951092
0.09951092
0.09951092
0.09951092
0.10864891
0.11501671
0.43581957
0.43581957
0.43581957
0.36810728
0.32218177
0.32218177
0.32218177
0.32218177
0.37146504
0.37146504
0.37146504
0.11537567
0.09129891
0.09129891
0.09129891
0.07726903
0.07726903
0.07726903
0.07726903
0.07726903
0.07726903
0.07726903
0.05748096
0.03877091
0.03877091
0.03877091
0.03877091
0.03877091
0.03877091
0.03877091
0.03877091
0.03877091
0.03877091
0.03877091
0.06295622
0.06295622
0.06295622
0.06295622
0.06295622
0.06295622
0.02798388
0.02798388
0.02798388
0.02798388
0.02798388
0.02931132
0.02931132
0.02931132
0.02931132
0.02931132
0.02931132
0.03869954
0.0451752
0.0451752
0.0451752
0.04315186
0.04315186
0.04315186
0.04315186
0.04315186
0.048115
0.048115
0.048115
0.048115
0.048115
0.048115
0.048115
0.048115
0.04795929
0.04795929
0.02535041
0.02535041
0.02535041
0.02812365
0.02971593
0.02971593
0.03261066
0.03261066
0.03261066
0.03261066
0.03261066
0.02604818
0.02604818
0.02604818
0.02604818
0.03581824
0.03581824
0.03581824
0.03581824
0.04488007
0.04488007
0.04488007
0.03577531
0.02429498
0.02429498
0.02429498
0.02429498
0.02429498
0.02429498
0.02429498
0.02429498
0.07775816
0.07775816
0.09185631
0.10577557
0.10577557
0.10577557
0.10577557
0.10577557
0.24911388
0.24911388
0.24911388
0.15087787
0.11546045
0.11546045
0.11546045
0.06529054
0.06529054
0.06529054
0.08836094
0.08836094
0.08836094
0.08289384
0.08289384
0.08289384
0.16546318
0.26209747
0.26209747
0.26209747
0.26209747
0.21768632
0.21768632
0.21768632
0.21768632
0.19779561
0.10794655
0.10794655
0.10794655
0.10794655
0.10794655
0.10794655
0.10794655
0.14701512
0.14701512
0.14701512
0.11638631
0.11638631
0.11638631
0.11638631
0.11638631
0.07544789
0.07544789
0.07544789
0.07544789
0.07544789
0.07524004
0.07524004
0.07524004
0.07524004
0.07524004
0.07524004
0.07524004
0.07524004
0.07524004
0.07524004
0.07524004
0.07524004
0.10526912
0.10526912
0.10526912
0.10526912
0.12775067
0.12775067
0.12775067
0.09035295
0.08164065
0.08164065
0.08164065
0.08164065
0.08164065
0.08164065
0.12272854
0.15523644
0.2348606
0.2348606
0.2348606
0.2348606
0.2348606
0.2348606
0.19629093
0.19629093
0.12209415
0.11733044
0.09681742
0.08162638
0.08162638
0.08162638
0.11595445
0.18068222
0.18068222
0.18068222
0.0
0.0
0.0
0.03209757
0.03209757
0.03209757
0.02490247
0.02490247
0.02490247
0.01785557
0.01656906
0.01031488
0.01031488
0.01031488
0.01031488
0.01031488
0.01031488
0.01031488
0.01031488
0.01031488
0.01031488
0.01031488
0.01031488
0.01031488
0.01031488
0.01031488
0.01031488
0.01031488
0.01031488
0.00825458
0.00825458
0.00419794
0.00419794
0.00419794
0.04149706
0.06386005
0.08300363
0.16965549
0.19431089
0.20189696
0.20189696
0.20189696
0.20189696
0.20189696
1.0
1.0
1.0
0.46919714
0.46919714
0.46919714
0.46919714
0.4359491
0.4359491
0.4359491
0.4359491
0.4359491
0.4359491
0.49720144
0.49720144
0.49720144
0.49720144
0.49720144
0.49720144
0.50096913
0.50096913
0.50096913
0.50096913
0.50096913
0.32027057
0.28532965
0.28532965
0.28532965
0.28532965
0.28532965
0.28532965
0.30335165
0.30335165
0.47504498
0.47504498
0.47504498
0.47504498
0.47504498
0.47504498
0.47504498
0.47504498
0.47504498
0.47504498
0.47504498
0.49156544
0.49156544
0.49156544
0.65651936
0.65651936
0.70607082
0.70607082
0.70607082
0.70607082
0.70607082
0.70607082
0.70607082
0.70607082
0.70607082
0.706721
0.706721
0.706721
0.706721
0.706721
0.67766299
0.67766299
0.67766299
0.67766299
0.63053943
0.63053943
0.63053943
0.63053943
0.63053943
0.63053943
0.63053943
0.63053943
0.63053943
0.57387544
0.57387544
0.57387544
0.57387544
0.49518302
0.49518302
0.49518302
0.52089054
0.52089054
0.52089054
0.52089054
0.59279473
0.59279473
0.59279473
0.59279473
0.58886235
0.58886235
0.58886235
0.58886235
0.20303688
0.20303688
0.20303688
0.20303688
0.24137159
0.24137159
0.24137159
0.24137159
0.24137159
0.24137159
0.24137159
0.24137159
0.24137159
0.24137159
0.24137159
0.24137159
0.14619824
0.0486232
0.0486232
0.0486232
0.05893615
0.40317843
0.40317843
0.40317843
0.40317843
0.40317843
0.40317843
0.28472837
0.28472837
0.28472837
0.28472837
0.28472837
0.28472837
0.34380994
0.34380994
0.34380994
0.49285734
0.49285734
0.49285734
0.49285734
0.24053489
0.24053489
0.19480947
0.19480947
0.17495767
0.17495767
0.17495767
0.17495767
0.17495767
0.14929815
0.14929815
0.11996428
0.11996428
0.11996428
0.18944856
0.18944856
0.18944856
0.18944856
0.18944856
0.14997965
0.14997965
0.14997965
0.14997965
0.17587597
0.17587597
0.17587597
0.17587597
0.17587597
0.17587597
0.15847151
0.15847151
0.10772011
0.10772011
0.10772011
0.10772011
0.10772011
0.10772011
0.12936759
0.12936759
0.12936759
0.12405659
0.12405659
0.12405659
0.12405659
0.12405659
0.12405659
0.12405659
0.12405659
0.12405659
0.12405659
0.12405659
0.12405659
0.13864783
0.25541446
0.25541446
0.25541446
0.2718028
0.2718028
0.2718028
0.2718028
0.18080746
0.17550112
0.17550112
0.17550112
0.17550112
0.17550112
0.17550112
0.23107186
0.23107186
0.34801344
0.34801344
0.34801344
0.34801344
0.34801344
0.34801344
0.47126191
0.47126191
0.47126191
0.45110586
0.29535634
0.18119
0.1229334
0.1229334
0.1229334
0.14604822
0.14604822
0.14604822
0.14604822
0.14604822
0.14604822
0.11732237
0.11732237
0.11732237
0.11732237
0.16191137
0.16191137
0.16191137
0.22880766
