0.0
0.01691244
0.01085974
0.01171975
0.01085974
0.01085974
0.0089838
0.0089838
0.0089838
0.0089838
0.0089838
0.0089838
0.0089838
0.01264898
0.01264898
0.01264898
0.01264898
0.0147258
0.0147258
0.01585419
0.01585419
0.01585419
0.01585419
0.01280178
0.01274879
0.01274879
0.01274879
0.01274879
0.00923931
0.00923931
0.00923931
0.00923931
0.00923931
0.00923931
0.00923931
0.00923931
0.00801926
0.00801926
0.00801926
0.00801926
0.02582238
0.02681378
0.02681378
0.02681378
0.04146059
0.04146059
0.04146059
0.04511161
0.04511161
0.04511161
0.04511161
0.04511161
0.04511161
0.03681765
0.03681765
0.03238068
0.03238068
0.03238068
0.03238068
0.03009285
0.02523211
0.02523211
0.02523211
0.02523211
0.02523211
0.02523211
0.0247108
0.0247108
0.0247108
0.04978798
0.07125612
0.07125612
0.09522143
0.09522143
0.09522143
0.09522143
0.09522143
0.09522143
0.09147779
0.09147779
0.0539878
0.0539878
0.04184546
0.04184546
0.04184546
0.04184546
0.04184546
0.04227487
0.04227487
0.04227487
0.04227487
0.04227487
0.04967656
0.04967656
0.05856935
0.05856935
0.05856935
0.03832823
0.03429003
0.03429003
0.03429003
0.05771505
0.05771505
0.05771505
0.04922877
0.04922877
0.03613347
0.03613347
0.03613347
0.03613347
0.03613347
0.03613347
0.03613347
0.03613347
0.03613347
0.03613347
0.03613347
0.03613347
0.03613347
0.03613347
0.04530856
0.04530856
0.04530856
0.04530856
0.04539457
0.04539457
0.06354239
0.06354239
0.06354239
0.06354239
0.06354239
0.07509806
0.07705101
0.07705101
0.07705101
0.07705101
0.10508279
0.10508279
0.10508279
0.09130112
0.0896629
0.0896629
0.08459362
0.08459362
0.08459362
0.08538837
0.08538837
0.08538837
0.08538837
0.07979961
0.07037938
0.06859985
0.06859985
0.06173507
0.06173507
0.06173507
0.06173507
0.06173507
0.06173507
0.06213768
0.06213768
0.06213768
0.07576015
0.07576015
0.07576015
0.07870918
0.07870918
0.07870918
0.09930459
0.09930459
0.09930459
0.09930459
0.09930459
0.09930459
0.09930459
0.09930459
0.09653665
0.09653665
0.07801449
0.0661942
0.0661942
0.0661942
0.0661942
0.0661942
0.04966172
0.04966172
0.04966172
0.05373607
0.05373607
0.05373607
0.05373607
0.05373607
0.05373607
0.05067052
0.05067052
0.04668403
0.04668403
0.04668403
0.04668403
0.04668403
0.04668403
0.04668403
0.04668403
0.04668403
0.04668403
0.04668403
0.04668403
0.03574201
0.03574201
0.03574201
0.03574201
0.03517768
0.03517768
0.03517768
0.04188791
0.04188791
0.04188791
0.04188791
0.04188791
0.01989427
0.01989427
0.01989427
0.01989427
0.01793413
0.01793413
0.01793413
0.01793413
0.01793413
0.01793413
0.01793413
0.01793413
0.01793413
0.01793413
0.01793413
0.01793413
0.01793413
0.02220377
0.02220377
0.06307727
0.09028375
0.09028375
0.09028375
0.0589912
0.02927971
0.02927971
0.02927971
0.04160114
0.04160114
0.04160114
0.02848806
0.02483886
0.02483886
0.02483886
0.02279149
0.02279149
0.02279149
0.02200486
0.02200486
0.02200486
0.02352091
0.02492689
0.02492689
0.02492689
0.02492689
0.02492689
0.02047478
0.02047478
0.02047478
0.02843064
0.02843064
0.02843064
0.02843064
0.02379854
0.02379854
0.02379854
0.02379854
0.0167073
0.0167073
0.0167073
0.02310079
0.02310079
0.02310079
0.02310079
0.02310079
0.02310079
0.02165093
0.01779383
0.01767866
0.01767866
0.01767866
0.01767866
0.02546034
0.02546034
0.02546034
0.02059504
0.02059504
0.02059504
0.01913136
0.01913136
0.01512305
0.01512305
0.01512305
0.01512305
0.01512305
0.01589977
0.01589977
0.01589977
0.01589977
0.01589977
0.01604593
0.01604593
0.01609892
0.01609892
0.01609892
0.03096425
0.03096425
0.03096425
0.03096425
0.03096425
0.04955489
0.04955489
0.10354502
0.10354502
0.10354502
0.08747242
0.04475494
0.04475494
0.04475494
0.05055333
0.05055333
0.05055333
0.04894667
0.04894667
0.04894667
0.04894667
0.04894667
0.04894667
0.0479871
0.04185457
0.04185457
0.04185457
0.04185457
0.04185457
0.04185457
0.04728295
0.04728295
0.04728295
0.04728295
0.04728295
0.04728295
0.03321176
0.03321176
0.03321176
0.0341819
0.0341819
0.0341819
0.0341819
0.03709249
0.03829095
0.03829095
0.03829095
0.03829095
0.03829095
0.03829095
0.06004674
0.07075943
0.07075943
0.10524087
0.10524087
0.10524087
0.04627625
0.04627625
0.04627625
0.04871384
0.04871384
0.04871384
0.03524301
0.03524301
0.03524301
0.03524301
0.03524301
0.03524301
0.03524301
0.0337669
0.0337669
0.0337669
0.03644281
0.04072478
0.04072478
0.04111185
0.04111185
0.04111185
0.04111185
0.04111185
0.04111185
0.04111185
0.04111185
0.04111185
0.04111185
0.04111185
0.04426577
0.04426577
0.04426577
0.04426577
0.04426577
0.04426577
0.04426577
0.03967147
0.03967147
0.03967147
0.03967147
0.03967147
0.03967147
0.03967147
0.03967147
0.03967147
0.03795468
0.03491764
0.03491764
0.03491764
0.03491764
0.03491764
0.03491764
0.03491764
0.0389826
0.0389826
0.0389826
0.0389826
0.0389826
0.0389826
0.0389826
0.04001737
0.04001737
0.04001737
0.04001737
0.03688683
0.03688683
0.03688683
0.03688683
0.03688683
0.03688683
0.03688683
0.03688683
0.03688683
0.03688683
0.0365167
0.0365167
0.0365167
0.03732418
0.03732418
0.03732418
0.03562828
0.03562828
0.03562828
0.04409453
0.04409453
0.04409453
0.04409453
0.04409453
0.04409453
0.04409453
0.04409453
0.04409453
0.05407747
0.05407747
0.05407747
0.04986064
0.04986064
0.04986064
0.05104949
0.05104949
0.05104949
0.05104949
0.05104949
0.05104949
0.05104949
0.04753314
0.04753314
0.04753314
0.04753314
0.04753314
0.04577716
0.04577716
0.04577716
0.04577716
0.04577716
0.04577716
0.04577716
0.04577716
0.04577716
0.04577716
0.04577716
0.04577716
0.04455443
0.04455443
0.04455443
0.04209855
0.04209855
0.03133166
0.03133166
0.03133166
0.03133166
0.03133166
0.04813579
0.04813579
0.04813579
0.04813579
0.04940754
0.05452102
0.05452102
0.05452102
0.05452102
0.03918457
0.03918457
0.03918457
0.03918457
0.03918457
0.03918457
0.03918457
0.04718639
0.04718639
0.04718639
0.03245992
0.03245992
0.03245992
0.03285735
0.03943945
0.03943945
0.03943945
0.03943945
0.03943945
0.03943945
0.0385038
0.03718989
0.03718989
0.03718989
0.03930796
0.03930796
0.03930796
0.03757183
0.03757183
0.03757183
0.03757183
0.03757183
0.03757183
0.03853491
0.03853491
0.03853491
0.0338665
0.0338665
0.0338665
0.03570232
0.03570232
0.03570232
0.04579591
0.08467982
0.08819448
0.08819448
0.08819448
0.06923479
0.06923479
0.04975942
0.04975942
0.04975942
0.03602636
0.03222526
0.03222526
0.03222526
0.03222526
0.03565119
0.03565119
0.03565119
0.03565119
0.03565119
0.03565119
0.0311128
0.0311128
0.0311128
0.03295571
0.03295571
0.03295571
0.03295571
0.03295571
0.03295571
0.05093845
0.05093845
0.05093845
0.05093845
0.05093845
0.05093845
0.05093845
0.02001383
0.0184486
0.0184486
0.0184486
0.017005
0.017005
0.017005
0.017005
0.017005
0.017005
0.017005
0.017005
0.017005
0.017005
0.0158994
0.0158994
0.0158994
0.0158994
0.01797234
0.02069593
0.02946191
0.04326347
0.07426229
0.07426229
0.07426229
0.07426229
0.07221763
0.07221763
0.05635604
0.03871358
0.03252731
0.03252731
0.03252731
0.03457333
0.03457333
0.04454496
0.04454496
0.04454496
0.04168972
0.04168972
0.02724288
0.02724288
0.02292307
0.01724995
0.01724995
0.01724995
0.01724995
0.01724995
0.03469677
0.0471736
0.05207411
0.05207411
0.05706245
0.06493977
0.06493977
0.06493977
0.06493977
0.06493977
0.09237803
0.09237803
0.09237803
0.07774169
0.07536451
0.07536451
0.06959233
0.06851068
0.06851068
0.06851068
0.06851068
0.06851068
0.06851068
0.06851068
0.06851068
0.06851068
0.06851068
0.06851068
0.06851068
0.06851068
0.07373086
0.07373086
0.11029025
0.11029025
0.11029025
0.10216243
0.07602398
0.05080993
0.03312675
0.03312675
0.02983624
0.02983624
0.02983624
0.02983624
0.02983624
0.03971095
0.03971095
0.03971095
0.02890059
0.02890059
0.02890059
0.02890059
0.02890059
0.02500642
0.02500642
0.02172233
0.02172233
0.02172233
0.0229413
0.0229413
0.0229413
0.01938418
0.01938418
0.01938418
0.02586004
0.02605248
0.02868999
0.02868999
0.03070309
0.03070309
0.03594732
0.04250103
0.04250103
0.04250103
0.03142451
0.03142451
0.03142451
0.03142451
0.03142451
0.03142451
0.02756054
0.02756054
0.02756054
0.03851858
0.07574045
0.07574045
0.07574045
0.07574045
0.07574045
0.06833
0.06528623
0.06528623
0.06528623
0.06528623
0.04413387
0.04413387
0.04413387
0.06335642
0.06335642
0.09153444
0.09153444
0.09153444
0.09153444
0.04776361
0.04776361
0.03297142
0.03297142
0.03297142
0.04215471
0.04215471
0.04215471
0.03943708
0.03943708
0.02599904
0.02599904
0.02599904
0.02599904
0.02599904
0.02599904
0.02599904
0.02599904
0.02599904
0.02599904
0.02599904
0.02599904
0.02599904
0.02599904
0.02599904
0.02599904
0.02599904
0.02599904
0.02599904
0.02599904
0.02599904
0.02599904
0.03321003
0.04456852
0.04815781
0.07254963
0.07254963
0.07254963
0.07254963
0.07254963
0.07254963
0.0617516
0.05683303
0.05620291
0.05620291
0.05620291
0.05620291
0.05620291
0.05620291
0.05620291
0.0313323
0.0313323
0.0313323
0.03247746
0.04104856
0.04104856
0.04104856
0.04104856
0.03609317
0.03401654
0.03401654
0.03401654
0.03401654
0.03401654
0.03401654
0.03401654
0.03922519
0.03922519
0.03922519
0.03922519
0.03922519
0.03922519
0.03922519
0.05609175
0.05609175
0.05609175
0.05609175
0.05609175
0.05488513
0.05488513
0.04764526
0.04764526
0.04764526
0.04764526
0.04764526
0.04764526
0.04137259
0.04137259
0.04137259
0.03572788
0.01933257
0.00973791
0.00973791
0.00973791
0.00973791
0.00973791
0.00973791
0.00849845
0.00849845
0.00849845
0.00849845
0.0065719
0.0065719
0.0065719
0.0065719
0.0065719
0.0065719
0.0065719
0.00750448
0.00778756
0.00855864
0.00855864
0.00855864
0.01095717
0.01095717
0.01359279
0.01359279
0.01359279
0.01229994
0.01229994
0.01229994
0.01229994
0.01229994
0.01229994
0.01190483
0.01063145
0.00903083
0.00903083
0.00903083
0.01026266
0.01026266
0.01026266
0.01026266
0.01026266
0.01026266
0.01092485
0.01092485
0.01092485
0.00779752
0.00779752
0.00779752
0.00779752
0.00697631
0.00697631
0.00697631
0.0067606
0.0052362
0.0052362
0.0052362
0.05453005
0.05453005
0.06834863
0.06834863
0.06834863
0.06834863
0.05916591
0.05916591
0.05099559
0.05099559
0.05099559
0.05036876
0.05036876
0.05036876
0.05036876
0.05036876
0.05036876
0.04899577
0.04899577
0.04571336
0.04477741
0.03893729
0.03893729
0.03893729
0.03893729
0.04122661
0.05448349
0.05448349
0.05448349
0.04545269
0.04403972
0.03521781
0.03521781
0.03521781
0.04154538
0.04154538
0.04154538
0.04154538
0.04154538
0.03931694
0.03931694
0.03931694
0.04495298
0.04659731
0.04659731
0.07228553
0.07228553
0.07228553
0.07228553
0.07228553
0.07228553
0.04824454
0.04824454
0.04824454
0.04824454
0.04824454
0.04698491
0.03478684
0.03478684
0.03478684
0.03478684
0.03478684
0.03478684
0.03478684
0.03478684
0.03683063
0.03683063
0.03741832
0.03741832
0.03741832
0.04447845
0.04447845
0.04447845
0.04447845
0.05059276
0.05059276
0.05059276
0.05059276
0.05059276
0.05059276
0.04968025
0.04968025
0.04968025
0.04968025
0.04968025
0.04204881
0.04204881
0.04204881
0.04189585
0.04189585
0.04189585
0.04146248
0.04146248
0.03941369
0.03941369
0.03941369
0.03941369
0.0392026
0.0392026
0.0392026
0.0392026
0.0392026
0.0392026
0.0392026
0.03838323
0.03838323
0.03838323
0.03838323
0.03838323
0.03838323
0.03838323
0.03838323
0.03838323
0.04080816
0.04505663
0.04505663
0.04505663
0.04505663
0.04415379
0.04415379
0.04415379
0.04415379
0.04415379
0.04415379
0.04415379
0.04415379
0.04415379
0.04415379
0.04415379
0.04415379
0.04415379
0.04415379
0.04415379
0.04415379
0.04415379
0.04415379
0.04415379
0.04415379
0.04415379
0.04415379
0.04415379
0.04415379
0.04415379
0.04415379
0.05062717
0.05284256
0.05284256
0.05284256
0.05284256
0.04816315
0.04816315
0.04816315
0.04816315
0.04816315
0.04632541
0.04632541
0.04632541
0.04632541
0.04016185
0.04016185
0.04016185
0.04016185
0.04016185
0.04016185
0.0433104
0.0433104
0.0433104
0.0433104
0.05930924
0.05930924
0.05930924
0.04426608
0.04426608
0.04426608
0.03248127
0.03248127
0.03248127
0.03248127
0.03248127
0.03248127
0.03265639
0.03573681
0.03575489
0.03575489
0.03575489
0.03575489
0.03575489
0.03575489
0.0554377
0.0554377
0.0554377
0.0554377
0.0554377
0.04171792
0.04171792
0.04171792
0.04171792
0.04171792
0.03453918
0.03453918
0.03453918
0.03453918
0.03453918
0.03174259
0.03153656
0.03153656
0.03153656
0.03593126
0.03593126
0.03593126
0.04359531
0.04359531
0.04359531
0.03550687
0.03193356
0.03193356
0.03193356
0.03193356
0.03193356
0.03193356
0.03193356
0.03193356
0.03193356
0.03193356
0.03193356
0.03193356
0.03193356
0.03193356
0.03193356
0.03155105
0.03155105
0.03155105
0.03511578
0.03511578
0.03511578
0.03944135
0.09848374
0.1147486
0.1147486
0.1147486
0.08521205
0.08521205
0.07089166
0.07089166
0.07089166
0.03758914
0.03194419
0.03194419
0.03194419
0.03194419
0.03194419
0.03194419
0.03194419
0.03194419
0.03194419
0.03194419
0.0302167
0.0302167
0.0302167
0.0302167
0.0302167
0.0302167
0.0302167
0.0302167
0.03110319
0.06472127
0.06472127
0.06472127
0.06472127
0.06472127
0.06472127
0.06472127
0.05479446
0.05479446
0.02189984
0.02189984
0.02189984
0.02438276
0.02438276
0.02438276
0.02438276
0.02438276
0.02438276
0.02438276
0.02370806
0.02370806
0.02370806
0.02370806
0.02370806
0.02370806
0.02370806
0.02370806
0.02370806
0.03420597
0.03646084
0.03646084
0.03646084
0.03868367
0.04341338
0.04341338
0.05502822
0.05502822
0.05502822
0.04810503
0.04810503
0.04810503
0.04810503
0.04561296
0.04561296
0.04561296
0.04445814
0.04445814
0.04445814
0.04557836
0.04557836
0.04557836
0.04557836
0.04557836
0.04557836
0.04557836
0.04557836
0.04557836
0.04557836
0.04557836
0.04557836
0.04557836
0.0468069
0.0468069
0.0468069
0.0468069
0.0468069
0.0468069
0.0468069
0.0468069
0.04650576
0.04650576
0.04650576
0.04650576
0.04650576
0.04650576
0.04650576
0.04855509
0.04855509
0.04855509
0.04855509
0.04855509
0.04855509
0.04855509
0.04631121
0.04631121
0.04631121
0.04631121
0.04631121
0.04631121
0.04631121
0.04099647
0.04099647
0.04099647
0.04099647
0.04099647
0.03187505
0.03187505
0.03187505
0.03301274
0.03301274
0.03301274
0.03301274
0.03301274
0.03187909
0.03187909
0.01245721
0.01245721
0.01245721
0.01245721
0.02087057
0.03398203
0.04988272
0.04988272
0.04988272
0.04988272
0.04988272
0.06081558
0.06081558
0.06081558
0.0448369
0.04046423
0.04046423
0.04046423
0.04498603
0.05976306
0.08155053
0.08761147
0.08761147
0.09409782
0.09915399
0.10634634
0.11791895
0.13008859
0.13008859
0.13008859
0.13008859
0.1345511
0.13630669
0.13630669
0.14745326
0.15242979
0.15242979
0.18854448
0.18909677
0.18909677
0.19662812
0.19662812
0.19662812
0.19662812
0.19662812
0.19662812
0.19662812
0.18394352
0.18394352
0.18394352
0.18394352
0.18071165
0.18071165
0.18071165
0.18071165
0.18071165
0.18071165
0.08893893
0.08893893
0.08893893
0.11436234
0.11436234
0.11436234
0.10906257
0.10906257
0.10188702
0.10188702
0.10188702
0.10188702
0.10188702
0.10188702
0.11924615
0.11924615
0.11924615
0.08002434
0.0718505
0.0718505
0.0718505
0.0718505
0.0718505
0.06627639
0.06627639
0.06627639
0.06627639
0.0520054
0.0520054
0.0520054
0.0520054
0.0520054
0.0520054
0.05358619
0.05358619
0.05358619
0.03834591
0.03834591
0.03834591
0.05732296
0.05732296
0.05732296
0.02218948
0.02218948
0.02218948
0.02555756
0.03456444
0.04471871
0.05588621
0.05588621
0.05588621
0.04729072
0.04131733
0.03610934
0.02227722
0.02227722
0.01967363
0.01967363
0.01967363
0.02826691
0.07644054
0.07644054
0.07644054
0.07644054
0.07644054
0.07644054
0.07644054
0.07644054
0.07644054
0.11570131
0.11570131
0.11570131
0.09118024
0.09118024
0.09118024
0.09118024
0.09118024
0.05918681
0.05918681
0.05721435
0.04048956
0.04048956
0.04048956
0.04048956
0.04048956
0.04048956
0.04048956
0.04466349
0.04466349
0.04466349
0.03172066
0.03172066
0.03172066
0.03172066
0.03172066
0.02155382
0.02155382
0.02155382
0.03877617
0.18401198
0.38665646
0.54425319
0.54425319
0.54425319
0.54425319
0.54425319
0.26952413
0.19004377
0.19004377
0.17957549
0.16727947
0.16727947
0.16727947
1.0
1.0
1.0
0.00696707
0.00696707
0.00696707
0.00696707
0.00696707
0.00556036
0.00556036
0.00556036
0.00791821
0.00791821
0.00791821
0.00791821
0.00791821
0.00839287
0.00839287
0.00943454
0.00943454
0.00943454
0.00943454
0.00943454
0.00943454
0.00943454
0.00943454
0.00943454
0.00943454
0.01027367
0.01027367
0.01027367
0.01104103
0.01286102
0.01286102
0.01286102
0.01214939
0.01214939
0.01214939
0.01214939
0.01214939
0.01214939
0.01214939
0.04071329
0.06225755
0.06225755
0.06225755
0.06225755
0.06225755
0.07494336
0.07494336
0.07494336
0.07494336
0.07494336
0.07494336
0.07494336
0.05488534
0.05488534
0.05488534
0.02779375
0.02779375
0.02779375
0.02779375
0.02779375
0.03344979
0.04483985
0.04483985
0.0579268
0.0579268
0.0579268
0.0579268
0.0579268
0.0579268
0.0579268
0.06902853
0.06904279
0.06904279
0.07019885
0.07735153
0.08060705
0.09878691
0.09878691
0.09878691
0.09878691
0.09878691
0.07661226
0.07661226
0.07661226
0.07836759
0.07836759
0.07836759
0.07836759
0.09141367
0.09141367
0.09141367
0.07867186
0.07867186
0.07867186
0.08413254
0.11033932
0.11033932
0.18081235
0.18081235
0.22995354
0.22995354
0.22995354
0.20248416
0.20248416
0.20248416
0.20248416
0.16856757
0.14083153
0.14083153
0.10048866
0.10048866
0.05444125
0.05444125
0.05048106
0.05048106
0.05048106
0.05048106
0.05048106
0.05067071
0.05067071
0.05067071
0.05612974
0.05612974
0.05612974
0.05198725
0.05198725
0.05198725
0.05198725
0.05198725
0.05322055
0.06237696
0.07223923
0.07223923
0.07223923
0.07223923
0.0773044
0.08268412
0.08268412
0.08268412
0.11384945
0.12664422
0.12664422
0.28008535
0.28008535
0.28008535
0.28008535
0.28008535
0.19874105
0.09513584
0.09513584
0.09513584
0.09364401
0.06276708
0.06276708
0.06276708
0.06276708
0.06276708
0.06276708
0.06387004
0.06387004
0.09717221
0.10439216
0.10439216
0.10875459
0.10875459
0.10875459
0.09739793
0.09166365
0.09166365
0.06094641
0.06094641
0.06094641
0.04850931
0.02024572
0.02024572
0.02024572
0.02024572
0.01203699
0.01203699
0.01203699
0.01203699
0.01203699
0.01191764
0.01191764
0.01191764
0.01404679
0.01525955
0.01525955
0.01525955
0.01525955
0.01525955
0.01525955
0.01525955
0.01525955
0.01525955
0.01525955
0.01525955
0.01525955
0.011792
0.011792
0.011792
0.011792
0.011792
0.01399846
0.01399846
0.01399846
0.01363354
0.01130873
0.01021909
0.01021909
0.01021909
0.01021909
0.01021909
0.01021909
0.01021909
0.01021909
0.01021909
0.01021909
0.01021909
0.01244636
0.01244636
0.01244636
0.01193554
0.01193554
0.01193554
0.01193554
0.01193554
0.01193554
0.0146449
0.0146449
0.0146449
0.0146449
0.0146449
0.0146449
0.0146449
0.02237391
0.02237391
0.02237391
0.02237391
0.02237391
0.02237391
0.02237391
0.02237391
0.01837744
0.01837744
0.01837744
0.01905225
0.01905225
0.01905225
0.01905225
0.01905225
0.01905225
0.01289084
0.01267144
0.01149151
0.01149151
0.01149151
0.01429683
0.01429683
0.02545778
0.02545778
0.02545778
0.03002425
0.03002425
0.03002425
0.03793815
0.03793815
0.0402597
0.0402597
0.0402597
0.03220936
0.02751846
0.02751846
0.02481585
0.02481585
0.02481585
0.01970947
0.01970947
0.01970947
0.01808878
0.01808878
0.01808878
0.01808878
0.01808878
0.01184155
0.01184155
0.01184155
0.01187251
0.01712902
0.02246327
0.02738783
0.02738783
0.02738783
0.02738783
0.02738783
0.02738783
0.02738783
0.02738783
0.02738783
0.03116752
0.04557972
0.06094448
0.07974072
0.07974072
0.1561269
0.1561269
0.1561269
0.25204228
0.38811689
0.38811689
0.38811689
0.33448914
0.29119394
0.29119394
0.29119394
0.23323894
0.23323894
0.15673876
0.15673876
0.15627507
0.15627507
0.15627507
0.15627507
0.15627507
0.15627507
0.15627507
0.15627507
0.15627507
0.11078885
0.11078885
0.11078885
0.11078885
0.11078885
0.10060674
0.10060674
0.07658444
0.07658444
0.07658444
0.07658444
0.07658444
0.07633467
0.05157133
0.05157133
0.05157133
0.06218439
0.0745314
0.08312473
0.08312473
0.08312473
0.08312473
0.08312473
0.08312473
0.08312473
0.08312473
0.08312473
0.08312473
0.08312473
0.08312473
0.08312473
0.08312473
0.06011682
0.05987919
0.05987919
0.04286753
0.04286753
0.04286753
0.04286753
0.04286753
0.04286753
0.04927159
0.04927159
0.04927159
0.04660858
0.04660858
0.04660858
0.04660858
0.04660858
0.03463852
0.03463852
0.03463852
0.03463852
0.02848504
0.02848504
0.02533675
0.02533675
0.02148902
0.02008034
0.01723673
0.01723673
0.01604991
0.01604991
0.01604991
0.01604991
0.02292944
0.02292944
0.02292944
0.01747098
0.01747098
0.01747098
0.01747098
0.023063
0.023063
0.023063
0.0215109
0.0215109
0.0215109
0.02948205
0.04972654
0.04972654
0.04972654
0.04972654
0.04575082
0.04575082
0.04004626
0.0393228
0.0393228
0.03437728
0.03437728
0.03437728
0.03437728
0.02661796
0.02661796
0.01919739
0.01443433
0.01399779
0.01399779
0.01399779
0.01573662
0.01649935
0.01671538
0.02014995
0.02048965
0.02048965
0.02048965
0.03840682
0.04553846
0.05446438
0.05446438
0.05446438
0.05436774
0.05436774
0.05436774
0.05436774
0.05436774
0.05436774
0.04741164
0.04741164
0.04741164
0.04741164
0.04741164
0.04918585
0.05597388
0.0591312
0.0591312
0.0591312
0.05774026
0.0542034
0.0542034
0.05319125
0.05319125
0.05319125
0.05319125
0.0531312
0.04905445
0.04905445
0.04905445
0.04905445
0.04905445
0.04905445
0.04905445
0.04905445
0.04905445
0.04905445
0.04905445
0.04905445
0.04905445
0.04905445
0.05825082
0.05825082
0.05825082
0.05825082
0.05825082
0.05825082
0.05666655
0.05666655
0.05666655
0.05502386
0.05502386
0.05502386
0.03987341
0.0372852
0.0372852
0.0372852
0.04989193
0.04989193
0.04989193
0.04989193
0.04989193
0.04989193
0.04989193
0.03306672
0.03300774
0.03300774
0.03300774
0.03300774
0.03300774
0.02759434
0.02759434
0.02759434
0.02759434
0.02759434
0.02759434
0.02759434
0.02759434
0.02759434
0.02759434
0.0281263
0.04307339
0.05321085
0.05321085
0.05321085
0.05640355
0.05640355
0.05640355
0.05640355
0.06153701
0.06604566
0.06604566
0.06604566
0.05017984
0.03900925
0.03390609
0.03390609
0.03366585
0.03366585
0.03366585
0.03366585
0.03366585
0.03366585
0.03366585
0.03366585
0.03366585
0.03366585
0.03366585
0.04042994
0.04042994
0.04042994
0.04042994
0.04042994
0.04042994
0.07663751
0.07663751
0.07663751
0.07663751
0.07663751
0.09332887
0.09332887
0.09332887
0.09114701
0.09114701
0.09114701
0.17126477
0.19321045
0.19321045
0.19321045
0.19321045
0.19321045
0.19321045
0.19321045
0.19321045
0.19321045
0.17426661
0.17426661
0.17426661
0.15084502
0.15084502
0.15084502
0.15084502
0.15084502
0.13371235
0.07582328
0.07582328
0.07582328
0.08047729
0.08047729
0.08047729
0.05953984
0.05953984
0.03111576
0.03111576
0.03111576
0.03111576
0.0277057
0.0277057
0.0155679
0.0155679
0.0155679
0.0155679
0.00962087
0.00962087
0.00553526
0.00553526
0.00553526
0.00553526
0.00944361
0.01145337
0.01145337
0.04208083
0.04208083
0.0899612
0.0899612
0.0899612
0.0899612
0.0899612
0.0899612
0.0899612
0.0899612
0.11400894
0.11400894
0.11400894
0.08854686
0.08071246
0.08071246
0.05757247
0.05757247
0.05757247
0.04701501
0.04701501
0.04701501
0.04701501
0.04701501
0.04886697
0.04886697
0.04886697
0.04305786
0.04132311
0.04132311
0.04132311
0.04132311
0.04233956
0.04341655
0.04624514
0.04624514
0.04624514
0.04193286
0.04193286
0.04193286
0.03647202
0.03647202
0.03647202
0.03646181
0.03646181
0.03646181
0.03686689
0.03880937
0.04233131
0.04233131
0.04233131
0.04233131
0.04233131
0.0632855
0.07463778
0.07463778
0.10047272
0.10047272
0.10047272
0.04574248
0.04574248
0.04574248
0.05370157
0.05370157
0.05370157
0.04166448
0.04166448
0.04166448
0.04166448
0.04166448
0.04166448
0.04166448
0.04166448
0.04166448
0.04166448
0.04166448
0.04166448
0.04177341
0.04177341
0.04177341
0.04177341
0.04177341
0.04959398
0.04959398
0.04959398
0.04959398
0.04959398
0.04959398
0.04959398
0.04959398
0.04959398
0.04959398
0.04959398
0.04534495
0.04534495
0.04534495
0.04534495
0.04534495
0.04534495
0.03937035
0.03937035
0.03937035
0.03937035
0.03937035
0.03937035
0.03042644
0.03042644
0.03042644
0.03996894
0.03996894
0.03996894
0.03996894
0.03996894
0.03996894
0.0374473
0.0374473
0.0374473
0.0374473
0.0374473
0.0374473
0.0374473
0.0422067
0.05646562
0.05646562
0.05646562
0.03604007
0.03604007
0.03604007
0.03787098
0.03787098
0.03787098
0.03787098
0.03787098
0.03683156
0.03348877
0.03348877
0.03348877
0.03792991
0.03792991
0.03792991
0.03792991
0.03792991
0.03792991
0.03901465
0.03901465
0.03901465
0.03901465
0.03901465
0.03901465
0.03901465
0.03901465
0.03901465
0.0447593
0.05273201
0.05273201
0.05273201
0.05076123
0.05076123
0.05076123
0.05076123
0.05076123
0.05076123
0.05076123
0.05076123
0.05076123
0.03934654
0.03934654
0.03934654
0.03934654
0.03934654
0.03934654
0.03934654
0.04527576
0.04527576
0.04527576
0.04527576
0.04863283
0.04863283
0.04863283
0.04525483
0.04525483
0.04525483
0.04238099
0.04238099
0.04238099
0.04238099
0.04238099
0.04238099
0.03847755
0.03847755
0.03847755
0.03847755
0.04318084
0.04318084
0.04318084
0.04318084
0.05391316
0.05882918
0.05882918
0.05882918
0.05882918
0.04203333
0.04203333
0.04203333
0.04203333
0.04203333
0.03486422
0.03486422
0.03486422
0.04402056
0.04402056
0.04402056
0.0311316
0.0311316
0.0311316
0.04003295
0.04003295
0.04003295
0.04003295
0.04003295
0.04003295
0.03544215
0.03544215
0.03544215
0.0425142
0.0425142
0.0425142
0.03948154
0.03948154
0.03948154
0.03948154
0.03948154
0.03948154
0.03948154
0.03711383
0.03711383
0.02983629
0.02983629
0.02983629
0.02983629
0.03618183
0.03618183
0.03885411
0.04081772
0.09444099
0.09444099
0.09444099
0.09444099
0.06998528
0.06998528
0.04832372
0.04832372
0.04832372
0.03963365
0.03861695
0.03861695
0.03861695
0.03861695
0.03861695
0.03682608
0.03682608
0.03682608
0.03682608
0.03682608
0.03682608
0.03682608
0.03682608
0.03682608
0.03682608
0.03682608
0.03682608
0.03682608
0.03949849
0.0685938
0.0685938
0.0685938
0.0685938
0.0685938
0.1029288
0.1029288
0.1029288
0.11332383
0.11332383
0.11332383
0.11332383
0.11332383
0.11332383
0.11332383
0.11332383
0.10602104
0.09249514
0.07880796
0.07880796
0.07678103
0.07678103
0.07678103
0.07678103
0.07678103
0.07065291
0.04656409
0.04656409
0.04656409
0.04656409
0.04656409
0.04656409
0.04656409
0.04656409
0.04653079
0.04653079
0.04653079
0.04827181
0.04827181
0.04827181
0.05362162
0.05741093
0.05741093
0.05741093
0.04080787
0.04080787
0.03735542
0.02512536
0.02512536
0.02512536
0.02642
0.02642
0.02642
0.02095217
0.02095217
0.02095217
0.02987839
0.02987839
0.02987839
0.02987839
0.03626106
0.03626106
0.03626106
0.03626106
0.03626106
0.13210896
0.18006309
0.18006309
0.18708157
0.3545876
0.3545876
0.3545876
0.26599329
0.26599329
0.26599329
0.75208884
0.75208884
0.75208884
0.24740818
0.20515278
0.17907689
0.17907689
0.17907689
0.17907689
0.17907689
0.17517913
0.15826946
0.15826946
0.15826946
0.15826946
0.15826946
0.15826946
0.15826946
0.15826946
0.15826946
0.15826946
0.15826946
0.15826946
0.15826946
0.15774959
0.15774959
0.15774959
0.15774959
0.15774959
0.15774959
0.18274582
0.18274582
0.18958493
0.19396834
0.19396834
0.25386774
0.25505269
0.25505269
0.25505269
0.22457279
0.17542391
0.17300671
0.11165578
0.11165578
0.11165578
0.11165578
0.11165578
0.11165578
0.11340764
0.11340764
0.11528748
0.13304853
0.38796724
0.38796724
0.38796724
0.38796724
0.38796724
0.16157758
0.12185353
0.09292465
0.09292465
0.09292465
0.12266869
0.12266869
0.12266869
0.12266869
0.12774587
0.12774587
0.12774587
0.12774587
0.09452063
0.0797302
0.0797302
0.0797302
0.0797302
0.0797302
0.0797302
0.08064199
0.09788244
0.09788244
0.09788244
0.09444067
0.06619747
0.05318897
0.05318897
0.05318897
0.05318897
0.05318897
0.05318897
0.04745812
0.04745812
0.04371561
0.02626026
0.02626026
0.02626026
0.02626026
0.02626026
0.02155713
0.02155713
0.01592736
0.01592736
0.01592736
0.01696234
0.02212732
0.0257297
0.0257297
0.0257297
0.0257297
0.02377108
0.02377108
0.02377108
0.03054929
0.03054929
0.03126159
0.03506975
0.03757859
0.03757859
0.03757859
0.03647152
0.03104452
0.03104452
0.03104452
0.04180982
0.04180982
0.04180982
0.04180982
0.04180982
0.04544427
0.04821814
0.04919564
0.06799652
0.0708886
0.07969192
0.07969192
0.07969192
0.07969192
0.08913204
0.08913204
0.08913204
0.08913204
0.08913204
0.08913204
0.06645443
0.05795509
0.05548599
0.05548599
0.05548599
0.05548599
0.05548599
0.05548599
0.07568349
0.07568349
0.07568349
0.07568349
0.07568349
0.07844104
0.09011491
0.09011491
0.21940561
0.23055833
0.23055833
0.23055833
0.22775794
0.22395678
0.22395678
0.22395678
0.23495479
0.2392615
0.2392615
0.25934107
0.27564013
0.27898552
0.28970164
0.33361336
0.410776
0.410776
0.410776
0.410776
0.410776
0.410776
0.410776
0.410776
0.410776
0.1742805
0.1742805
0.10449484
0.10449484
0.10449484
0.10449484
0.10449484
0.10449484
0.10449484
0.10449484
0.10449484
0.10449484
0.10449484
0.10449484
0.10449484
0.10449484
0.08664723
0.08664723
0.05976573
0.05976573
0.05976573
0.05976573
0.05976573
0.04203564
0.04203564
0.03794915
0.03794915
0.03794915
0.03794915
0.03794915
0.01435602
0.01435602
0.01435602
0.01856639
0.02213361
0.02213361
0.02213361
0.02213361
0.02213361
0.02213361
0.04102946
0.04700223
0.04700223
0.04700223
0.0580148
0.1316378
0.1316378
0.1316378
0.09533183
0.05067247
0.05067247
0.04434116
0.04434116
0.04434116
0.04434116
0.04434116
0.04434116
0.04434116
0.04434116
0.04341718
0.04341718
0.02131351
0.01226234
0.01226234
0.01226234
0.01226234
0.01577482
0.01625542
0.03256664
0.04743426
0.04743426
0.04743426
0.04743426
0.04743426
0.06307001
0.06307001
0.06307001
0.06307001
0.06307001
0.08340944
0.08340944
0.17107874
0.24786621
0.24786621
0.24786621
0.19878615
0.19878615
0.19878615
0.20533215
0.20533215
0.20783442
0.20783442
0.20783442
0.21807438
0.21807438
0.29242839
0.35368198
0.35368198
0.35368198
0.35368198
0.35368198
0.35368198
0.35368198
0.34075253
0.34075253
0.34075253
0.17549611
0.17549611
0.17549611
0.17549611
0.1570994
0.1570994
0.1570994
0.1570994
0.19839007
0.19839007
0.19839007
0.17554259
0.17554259
0.16817595
0.16817595
0.16817595
0.16817595
0.02190253
0.02190253
0.02190253
0.02938866
0.02938866
0.02938866
0.02938866
0.02938866
0.02938866
0.02938866
0.02938866
0.0305873
0.0305873
0.0305873
0.0305873
0.0305873
0.0305873
0.02952772
0.02952772
0.02952772
0.02952772
0.02952772
0.02952772
0.02952772
0.03962467
0.03962467
0.03962467
0.02739687
0.02739687
0.02504198
0.02504198
0.02504198
0.02504198
0.02504198
0.03139709
0.03139709
0.03139709
0.03139709
0.03139709
0.03139709
0.03139709
0.03139709
0.03139709
0.03139709
0.03139709
0.03139709
0.03139709
0.02849538
0.02849538
0.02623017
0.02557196
0.02557196
0.02557196
0.02557196
0.02557196
0.02557196
0.02605305
0.02605305
0.02605305
0.02605305
0.02605305
0.02605305
0.02578167
0.02578167
0.02578167
0.02578167
0.02578167
0.02225866
0.02112836
0.02112836
0.02112836
0.02112836
0.02112836
0.02112836
0.02112836
0.02112836
0.02112836
0.02633469
0.02984334
0.02984334
0.02984334
0.02984334
0.02984334
0.03218594
0.03218594
0.03218594
0.03218594
0.03218594
0.03218594
0.03218594
0.03218594
0.03218594
0.03218594
0.03218594
0.03218594
0.03218594
0.03218594
0.03218594
0.02777792
0.02666168
0.02666168
0.02666168
0.02971282
0.02971282
0.02971282
0.02971282
0.02971282
0.02649132
0.02597532
0.02597532
0.02597532
0.02658134
0.02658134
0.02784331
0.02784331
0.02784331
0.02863859
0.02863859
0.02863859
0.0299522
0.0299522
0.0299522
0.0299522
0.0299522
0.0299522
0.03405026
0.03659526
0.03659526
0.03659526
0.03560315
0.02679623
0.02679623
0.02679623
0.03250704
0.03252997
0.03252997
0.03635456
0.04113207
0.04627174
0.04969206
0.04969206
0.04969206
0.04969206
0.04969206
0.04397908
0.04397908
0.04158848
0.04158848
0.04158848
0.04045691
0.03563579
0.03563579
0.03563579
0.03563579
0.03563579
0.03563579
0.03668791
0.03668791
0.03668791
0.04250084
0.06304044
0.06304044
0.06304044
0.06304044
0.06724844
0.06724844
0.06724844
0.06724844
0.06724844
0.06724844
0.06573024
0.06573024
0.06573024
0.06573024
0.06573024
0.06289772
0.05617612
0.05617612
0.05617612
0.05617612
0.05617612
0.05617612
0.05617612
0.05617612
0.05617612
0.05617612
0.05617612
0.05617612
0.05617612
0.05617612
0.05070823
0.05070823
0.05070823
0.06020185
0.06020185
0.06020185
0.04291405
0.04291405
0.04291405
0.04694274
0.07096947
0.07096947
0.07096947
0.05762984
0.04633573
0.04633573
0.04633573
0.04633573
0.04633573
0.04633573
0.04633573
0.04633573
0.04633573
0.04633573
0.14726821
0.15541326
0.15541326
0.15541326
0.15999318
0.15999318
0.15999318
0.15999318
0.15999318
0.15999318
0.16466393
0.16466393
0.16466393
0.16466393
0.16466393
0.1616378
0.1571545
0.1571545
0.1571545
0.14827745
0.14827745
0.14827745
0.15883529
0.15883529
0.16148156
0.16148156
0.16148156
0.16364087
0.17544324
0.17621037
0.17621037
0.17621037
0.16048452
0.16037264
0.16037264
0.16037264
0.03491702
0.03491702
0.03491702
0.04577093
0.04577093
0.04577093
0.04577093
0.04577093
0.04577093
0.04577093
0.0460707
0.0460707
0.0460707
0.0460707
0.0460707
0.03320585
0.03244175
0.03095951
0.03095951
0.03095951
0.03095951
0.03095951
0.03095951
0.03149386
0.03149386
0.03149386
0.0270049
0.02378572
0.02378572
0.02378572
0.02378572
0.04078114
0.04625882
0.04625882
0.04758266
0.04758266
0.04758266
0.04758266
0.04752865
0.04752865
0.04752865
0.04654031
0.04654031
0.04654031
0.04654031
0.05093508
0.05093508
0.05119884
0.05327154
0.05327154
0.0650087
0.0650087
0.0650087
0.0650087
0.05659514
0.05097654
0.05097654
0.05097654
0.05097654
0.05097654
0.05097654
0.04779699
0.04779699
0.04779699
0.04779699
0.04779699
0.05140889
0.05140889
0.05140889
0.04749084
0.04749084
0.04749084
0.04749084
0.04749084
0.03488586
0.03488586
0.0314146
0.03062107
0.02683216
0.02683216
0.02683216
0.02774225
0.03268379
0.03365374
0.03365374
0.03365374
0.03365374
0.03365374
0.03395676
0.03913988
0.03913988
0.03972079
0.03972079
0.03972079
0.03972079
0.03972079
0.04000482
0.04342458
0.04423009
0.04423009
0.04423009
0.03590274
0.02400785
0.02400785
0.02400785
0.02400785
0.02788722
0.02788722
0.02788722
0.02218112
0.02218112
0.02218112
0.02322963
0.02322963
0.02322963
0.02457769
0.02457769
0.02457769
0.02457769
0.02635521
0.02635521
0.02635521
0.02635521
0.0276317
0.0295475
0.0295475
0.0295475
0.0295475
0.02615042
0.02615042
0.02615042
0.02615042
0.02615042
0.02615042
0.02615042
0.02615042
0.02353082
0.02353082
0.02353082
0.02353082
0.02353082
0.02353082
0.02353082
0.02758565
0.02758565
0.02758565
0.02758565
0.02758565
0.02758565
0.02758565
0.02758565
0.02758565
0.0270378
0.0270378
0.0270378
0.02298463
0.02298463
0.02298463
0.02298463
0.02540555
0.02540555
0.02540555
0.02540555
0.02540555
0.02540555
0.0123053
0.0070182
0.0070182
0.0070182
0.0070182
0.0070182
0.0070182
0.00779769
0.00779769
0.00779769
0.00590211
0.00590211
0.00590211
0.00674444
0.00674444
0.00700954
0.00700954
0.00700954
0.00700954
0.00700954
0.00700954
0.00679624
0.00679624
0.00679624
0.00679624
0.00679624
0.00679624
0.00679624
0.00679624
0.0034458
0.0034458
0.0034458
0.00571178
0.00571178
0.01031973
0.01031973
0.01503894
0.02812589
0.02969538
0.02969538
0.02969538
0.02969538
0.02969538
0.04650124
0.04650124
0.04650124
0.04650124
0.04964749
0.04964749
0.04964749
0.04301614
0.04301614
0.0422549
0.0422549
0.0422549
0.02996119
0.02996119
0.02996119
0.02982616
0.02982616
0.02850455
0.02850455
0.02481396
0.02091855
0.02091855
0.01577211
0.01577211
0.01577211
0.01577211
0.01577211
0.01577211
0.01577211
0.01577211
0.01577211
0.01577211
0.01577211
0.01577211
0.01835869
0.01873848
0.01873848
0.01873848
0.01873848
0.01873848
0.02432065
0.02432065
0.02432065
0.02404939
0.02404939
0.02404939
0.02404939
0.02404939
0.02404939
0.02404939
0.02404939
0.0244023
0.02891785
0.02891785
0.02891785
0.02891785
0.02891785
0.02891785
0.02891785
0.02835862
0.02497018
0.02340273
0.01916121
0.01914063
0.01914063
0.01914063
0.01914063
0.02037655
0.02037655
0.02037655
0.02037655
0.02037655
0.01757675
0.01610954
0.01610954
0.01610954
0.01610954
0.01610954
0.01610954
0.01610954
0.01342331
0.01342331
0.01299427
0.01178484
0.01178484
0.01178484
0.01473818
0.01473818
0.01473818
0.01473818
0.01473818
0.01515851
0.01515851
0.01515851
0.01515851
0.01515851
0.0128144
0.0128144
0.01239523
0.01239523
0.01239523
0.01239523
0.01239523
0.01239523
0.01199359
0.01199359
0.01199359
0.01523007
0.01523007
0.02200508
0.02200508
0.02200508
0.02200508
0.02365316
0.02365316
0.0243971
0.02518507
0.02579738
0.02579738
0.02579738
0.02749846
0.04430616
0.0505398
0.06532854
0.06532854
0.06532854
0.05101909
0.04643582
0.03402765
0.02328311
0.01945816
0.01808068
0.01808068
0.01766318
0.01766318
0.01766318
0.01576729
0.01576729
0.01576729
0.05456658
0.05456658
0.05456658
0.05456658
0.05456658
0.06370876
0.06663476
0.06663476
0.06663476
0.06937632
0.06937632
0.06937632
0.07060605
0.07060605
0.07060605
0.07060605
0.07060605
0.05850596
0.05850596
0.05850596
0.08049148
0.09761214
0.11494306
0.12742499
0.12742499
0.12742499
0.12742499
0.15603345
0.15603345
0.20131719
0.20131719
0.20131719
0.20131719
0.0485996
0.04127642
0.04127642
0.04127642
0.03721177
0.03721177
0.03721177
0.03721177
0.03286794
0.03286794
0.03286794
0.05328977
0.05328977
0.05328977
0.05328977
0.05328977
0.05328977
0.04308451
0.04308451
0.04308451
0.04308451
0.04308451
0.04308451
0.04269098
0.03704721
0.03704721
0.01689874
0.01689874
0.01689874
0.01780076
0.01780076
0.01780076
0.01780076
0.01780076
0.01780076
0.01780076
0.01780076
0.01780076
0.01780076
0.01780076
0.01780076
0.01780076
0.02130563
0.02130563
0.02130563
0.02130563
0.02130563
0.02130563
0.02411737
0.02411737
0.03512439
0.03724171
0.03724171
0.04476101
0.08984881
0.14840969
0.21032621
0.27734605
0.29655517
0.29655517
0.29655517
0.39997664
0.52706474
0.52706474
0.52706474
0.5128489
0.5128489
0.5128489
0.5128489
0.42829212
0.04882659
0.04882659
0.04882659
0.04882659
0.04882659
0.05632044
0.05632044
0.05632044
0.05632044
0.05632044
0.05842745
0.07207956
0.07207956
0.07207956
0.07207956
0.07207956
0.07207956
0.07207956
0.07207956
0.07207956
0.07207956
0.07207956
0.06656381
0.06656381
0.06656381
0.06656381
0.06656381
0.06656381
0.06656381
0.06656381
0.06656381
0.06656381
0.06656381
0.06656381
0.06656381
0.06297651
0.06281352
0.06281352
0.06281352
0.06281352
0.07773437
0.07773437
0.07773437
0.07222908
0.0712156
0.06995951
0.0497367
0.0497367
0.0497367
0.0497367
0.0497367
0.0497367
0.0497367
0.0497367
0.0512408
0.0512408
0.0512408
0.04973398
0.04973398
0.04973398
0.04973398
0.04656242
0.04200664
0.03956014
0.03956014
0.03956014
0.03956014
0.03956014
0.03956014
0.03956014
0.03151168
0.02904665
0.02904665
0.02904665
0.02904665
0.02904665
0.02904665
0.02904665
0.02904665
0.02807537
0.02807537
0.02500226
0.02243102
0.02243102
0.02086625
0.01909762
0.01476479
0.01476479
0.01476479
0.01476479
0.01335626
0.01335626
0.01335626
0.0154952
0.0154952
0.0154952
0.0154952
0.0154952
0.0154952
0.02394201
0.02460012
0.02460012
0.02460012
0.02460012
0.02460012
0.02460012
0.02348693
0.02330412
0.02330412
0.02330412
0.02330412
0.02330412
0.02330412
0.02330412
0.02330412
0.01985408
0.01985408
0.01985408
0.02966538
0.02966538
0.02966538
0.02966538
0.02966538
0.02966538
0.02586175
0.02586175
0.0193975
0.0193975
0.0193975
0.0193975
0.0193975
0.0193975
0.0193975
0.0193975
0.0193975
0.0193975
0.0193975
0.0193975
0.0193975
0.01940348
0.01940348
0.01940348
0.01940348
0.01940348
0.0371506
0.0371506
0.0371506
0.0371506
0.0371506
0.03460619
0.03460619
0.03460619
0.03460619
0.03460619
0.03460619
0.03460619
0.03460619
0.03460619
0.02315773
0.02225415
0.02100082
0.02100082
0.02100082
0.02100082
0.02346143
0.02346143
0.02346143
0.01781292
0.01781292
0.01781292
0.0136321
0.0136321
0.0136321
0.0136321
0.0136321
0.0136321
0.01409199
0.01409199
0.01409199
0.01409199
0.01409199
0.01797099
0.01797099
0.0353376
0.0353376
0.0353376
0.0353376
0.0353376
0.0353376
0.0353376
0.0353376
0.0353376
0.0353376
0.0353376
0.0353376
0.0353376
0.0353376
0.0353376
0.0353376
0.0353376
0.04187266
0.04187266
0.04187266
0.03302991
0.03187986
0.03187986
0.03187986
0.0321753
0.0321753
0.0321753
0.0321753
0.0321753
0.03300083
0.03300083
0.03300083
0.03300083
0.03300083
0.03300083
0.03300083
0.03300083
0.03300083
0.03300083
0.03300083
0.03300083
0.03300083
0.03271928
0.03271928
0.03271928
0.03271928
0.03271928
0.03271928
0.0339316
0.0339316
0.0339316
0.0339316
0.03132279
0.03132279
0.03132279
0.03132279
0.02656742
0.02656742
0.02656742
0.0315628
0.0315628
0.0315628
0.0315628
0.0337788
0.04043175
0.04043175
0.04043175
0.04043175
0.04043175
0.04043175
0.03242326
0.03242326
0.03242326
0.03086037
0.03086037
0.03086037
0.03086037
0.03086037
0.03086037
0.03086037
0.03086037
0.03086037
0.03086037
0.03086037
0.03086037
0.03113201
0.03113201
0.03113201
0.03113201
0.03113201
0.03113201
0.03113201
0.03113201
0.03113201
0.03113201
0.03113201
0.03113201
0.03113201
0.03113201
0.03113201
0.03113201
0.03113201
0.03882361
0.03882361
0.04011686
0.04011686
0.04011686
0.0515391
0.0515391
0.0515391
0.0515391
0.06438315
0.06438315
0.06438315
0.06438315
0.06438315
0.06438315
0.03585797
0.03585797
0.03585797
0.03585797
0.04213105
0.04213105
0.04213105
0.04247154
0.04247154
0.04247154
0.04247154
0.04247154
0.04247154
0.04247154
0.04247154
0.04247154
0.0413366
0.0374597
0.03482994
0.03482994
0.03482994
0.03482994
0.03482994
0.03482994
0.03482994
0.03482994
0.03482994
0.03560443
0.03560443
0.04139291
0.04139291
0.04139291
0.04139291
0.04139291
0.04139291
0.04139291
0.04139291
0.04139291
0.04139291
0.04139291
0.04139291
0.04139291
0.04279718
0.04279718
0.04279718
0.04279718
0.04279718
0.04279718
0.04279718
0.04279718
0.04517559
0.06354933
0.06354933
0.06354933
0.05819976
0.04982642
0.04982642
0.04982642
0.03757593
0.03757593
0.03757593
0.03757593
0.03757593
0.05020586
0.05020586
0.05020586
0.05020586
0.05020586
0.05020586
0.05020586
0.05020586
0.04606678
0.04606678
0.04134929
0.04134929
0.04134929
0.04134929
0.04134929
0.02900301
0.02900301
0.02900301
0.04065396
0.04065396
0.04065396
0.04065396
0.04249096
0.04249096
0.04249096
0.04249096
0.04249096
0.04249096
0.04828242
0.05946917
0.05946917
0.05946917
0.0459164
0.0459164
0.0459164
0.0459164
0.0459164
0.0459164
0.04224018
0.04224018
0.04224018
0.04790706
0.04790706
0.04790706
0.03645183
0.03645183
0.03645183
0.05030167
0.05030167
0.05030167
0.04140795
0.04140795
0.04140795
0.04140795
0.04140795
0.04183521
0.04183521
0.04183521
0.04183521
0.04183521
0.04183521
0.04022533
0.04022533
0.04022533
0.04022533
0.04022533
0.04208254
0.04208254
0.04436523
0.05243937
0.05243937
0.05243937
0.05243937
0.05243937
0.04217795
0.04217795
0.04217795
0.04221821
0.04221821
0.04221821
0.04221821
0.04221821
0.04221821
0.04221821
0.04533324
0.04533324
0.04533324
0.04533324
0.04533324
0.04614662
0.04614662
0.04614662
0.04693037
0.04693812
0.04693812
0.04738935
0.04738935
0.04738935
0.04738935
0.04738935
0.04738935
0.04738935
0.0499901
0.05316524
0.05316524
0.05316524
0.05316524
0.05316524
0.05316524
0.05316524
0.05316524
0.05316524
0.05316524
0.04750388
0.04731528
0.04731528
0.04731528
0.05058977
0.0600626
0.0600626
0.06627187
0.06627187
0.06627187
0.06627187
0.10161955
0.10161955
0.10161955
0.09357566
0.08425987
0.08425987
0.08425987
0.08425987
0.08425987
0.08425987
0.08425987
0.08425987
0.08425987
0.08425987
0.06532629
0.06532629
0.06167158
0.06167158
0.06167158
0.0658048
0.0658048
0.0658048
0.01237039
0.01237039
0.01237039
0.01217704
0.01217704
0.01217704
0.01217704
0.00899228
0.00899228
0.00899228
0.00899228
0.00899228
0.01078839
0.01216327
0.01216327
0.01225936
0.01225936
0.01440675
0.02143894
0.04410688
0.04410688
0.04410688
0.05334327
0.05334327
0.05334327
0.05334327
0.05334327
0.04660469
0.04660469
0.04660469
0.04660469
0.04660469
0.04332215
0.03637931
0.03637931
0.03637931
0.03637931
0.03637931
0.03637931
0.02373136
0.02373136
0.02373136
0.0276342
0.0276342
0.02876978
0.02876978
0.03662194
0.038567
0.038567
0.038567
0.038567
0.03711303
0.03711303
0.03711303
0.0394093
0.0394093
0.0394093
0.0394093
0.0394093
0.0394093
0.04253259
0.04888705
0.04888705
0.04888705
0.04888705
0.04888705
0.04888705
0.04888705
0.04888705
0.04888705
0.04888705
0.04888705
0.04888705
0.04888705
0.04888705
0.04888705
0.04888705
0.04888705
0.04888705
0.04888705
0.0685087
0.0685087
0.0685087
0.0685087
0.0685087
0.0685087
0.0685087
0.0685087
0.0685087
0.0685087
0.06703456
0.06699959
0.06699959
0.06699959
0.03495697
0.03495697
0.03495697
0.03495697
0.03495697
0.03495697
0.03495697
0.05991438
0.05991438
0.05991438
0.05991438
0.05991438
0.05991438
0.05991438
0.0442712
0.0442712
0.0442712
0.07519297
0.07519297
0.07519297
0.07519297
0.05410628
0.05410628
0.05410628
0.06407305
0.06407305
0.06407305
0.06407305
0.06407305
0.06407305
0.06474929
0.09784179
0.13394944
0.13394944
0.13394944
0.13394944
0.13394944
0.13394944
0.13394944
0.13394944
0.05395336
0.04732783
0.04032
0.04032
0.04032
0.04563538
0.04563538
0.04563538
0.04563538
0.04563538
0.04563538
0.04563538
0.04563538
0.04563538
0.05083683
0.05083683
0.06072123
0.06072123
0.06072123
0.04962184
0.04962184
0.04962184
0.04962184
0.04962184
0.04962184
0.04962184
0.03833338
0.03833338
0.03833338
0.03833338
0.04866153
0.05190311
0.05190311
0.05190311
0.05107551
0.05107551
0.05107551
0.08430757
0.08430757
0.08430757
0.08430757
0.04447482
0.04447482
0.04447482
0.04447482
0.04447482
0.04447482
0.04581551
0.04581551
0.04581551
0.04581551
0.04581551
0.04581551
0.04581551
0.04581551
0.04581551
0.04581551
0.04581551
0.04581551
0.04457457
0.04457457
0.04457457
0.04457457
0.04457457
0.04457457
0.04457457
0.04457457
0.0495407
0.0495407
0.0495407
0.0495407
0.0495407
0.0495407
0.0495407
0.03512244
0.03512244
0.03512244
0.03983914
0.03983914
0.03983914
0.04508061
0.04508061
0.04508061
0.03517207
0.03517207
0.03517207
0.03517207
0.03517207
0.03517207
0.03517207
0.04047164
0.04571389
0.04571389
0.04571389
0.04571389
0.04571389
0.04313345
0.04313345
0.04313345
0.04250734
0.04250734
0.04250734
0.04250734
0.04250734
0.04250734
0.04250734
0.04250734
0.04250734
0.04250734
0.04250734
0.04250734
0.04223452
0.03834963
0.03834963
0.03834963
0.03834963
0.03834963
0.03834963
0.03752931
0.03752931
0.03752931
0.05243223
0.05243223
0.05243223
0.05243223
0.05243223
0.05243223
0.05243223
0.05243223
0.05243223
0.05243223
0.05243223
0.05243223
0.05243223
0.05243223
0.05243223
0.06113521
0.06113521
0.07832089
0.07832089
0.07832089
0.07832089
0.04919517
0.04919517
0.04919517
0.04919517
0.04919517
0.04919517
0.04468196
0.04468196
0.04468196
0.04468196
0.04726209
0.04726209
0.04726209
0.04164525
0.04007833
0.04007833
0.03987777
0.03987777
0.03987777
0.05175198
0.05175198
0.05175198
0.05175198
0.05175198
0.05162305
0.04509134
0.04509134
0.03943938
0.03943938
0.03943938
0.03943938
0.04213554
0.04213554
0.04213554
0.04213554
0.04213554
0.04213554
0.04213554
0.04213554
0.0582616
0.06929071
0.06929071
0.09819661
0.09819661
0.09819661
0.04627956
0.04627956
0.04627956
0.04798032
0.04798032
0.04798032
0.03568579
0.03568579
0.03568579
0.03568579
0.03568579
0.03568579
0.03568579
0.03568579
0.03568579
0.03568579
0.03610559
0.03860243
0.03860243
0.04841808
0.04841808
0.04841808
0.04841808
0.04945493
0.04945493
0.04945493
0.04945493
0.04945493
0.04945493
0.04945493
0.04945493
0.04945493
0.04945493
0.04945493
0.04945493
0.04945493
0.0408801
0.0408801
0.0408801
0.0408801
0.03646474
0.03646474
0.03646474
0.03646474
0.03646474
0.03646474
0.03670641
0.03767346
0.03767346
0.03767346
0.03767346
0.03767346
0.03767346
0.03767346
0.03767346
0.03767346
0.03767346
0.03767346
0.03767346
0.03767346
0.03767346
0.03767346
0.04060504
0.04060504
0.04060504
0.04060504
0.04060504
0.04060504
0.04060504
0.04060504
0.04060504
0.04060504
0.04060504
0.04060504
0.04060504
0.04060504
0.04060504
0.04060504
0.04060504
0.04060504
0.04060504
0.04060504
0.04060504
0.04060504
0.04060504
0.04060504
0.04060504
0.0429253
0.04486398
0.04486398
0.04486398
0.04486398
0.04486398
0.0602297
0.0602297
0.0602297
0.05408077
0.05191894
0.05191894
0.05191894
0.05211524
0.05211524
0.05211524
0.0493372
0.0493372
0.04438339
0.04438339
0.04438339
0.04438339
0.04438339
0.04438339
0.04438339
0.04438339
0.0476811
0.0476811
0.0476811
0.0476811
0.0476811
0.0476811
0.0476811
0.0433136
0.0433136
0.0433136
0.0388303
0.0388303
0.0388303
0.0388303
0.0388303
0.03291512
0.03291512
0.03291512
0.03291512
0.03291512
0.03868276
0.03868276
0.03868276
0.0501469
0.05084994
0.0548207
0.0548207
0.0548207
0.0548207
0.0396487
0.0396487
0.0396487
0.0396487
0.0396487
0.0396487
0.0396487
0.04261799
0.04261799
0.04261799
0.03734642
0.03504407
0.03504407
0.03504407
0.04069523
0.04069523
0.04069523
0.04069523
0.04069523
0.04069523
0.03293571
0.03089625
0.03089625
0.03089625
0.04207942
0.04207942
0.04207942
0.03883359
0.03853859
0.03544324
0.03544324
0.03544324
0.03544324
0.03544324
0.03544324
0.03116955
0.03075592
0.03075592
0.03075592
0.03461559
0.03889538
0.03889538
0.04044476
0.09438678
0.09438678
0.09438678
0.09438678
0.07156507
0.07156507
0.05671316
0.05671316
0.05671316
0.03877765
0.03877765
0.03877765
0.03528498
0.03528498
0.03528498
0.03528498
0.03528498
0.03528498
0.03528498
0.03528498
0.03528498
0.03528498
0.03565639
0.03565639
0.03565639
0.03354712
0.03354712
0.03354712
0.03354712
0.05243185
0.05243185
0.05243185
0.05243185
0.05243185
0.1145405
0.1309997
0.1309997
0.1309997
0.12352838
0.11651395
0.11651395
0.11651395
0.11651395
0.11651395
0.07827207
0.07827207
0.07827207
0.07827207
0.07827207
0.07827207
0.07827207
0.07827207
0.08398602
0.08398602
0.08398602
0.08398602
0.08245412
0.05574458
0.04359664
0.03727205
0.03727205
0.03727205
0.03727205
0.03727205
0.03727205
0.03727205
0.03727205
0.03727205
0.0325618
0.0325618
0.0325618
0.03596593
0.03849241
0.03849241
0.03849241
0.03401034
0.03401034
0.03401034
0.04505684
0.04505684
0.04505684
0.04505684
0.04745085
0.04745085
0.04745085
0.04745085
0.04785326
0.04785326
0.04785326
0.04785326
0.04785326
0.05784225
0.05784225
0.05784225
0.03939658
0.03566305
0.03566305
0.03566305
0.0388074
0.0388074
0.0388074
0.0388074
0.0388074
0.0388074
0.04822934
0.04822934
0.04822934
0.04822934
0.05339926
0.06405051
0.07543607
0.07543607
0.07543607
0.06495048
0.06495048
0.04598586
0.03910455
0.03910455
0.03910455
0.03910455
0.03910455
0.03910455
0.03910455
0.03910455
0.04125986
0.04125986
0.04125986
0.06645418
0.06645418
0.10062686
0.10062686
0.10062686
0.10062686
0.10062686
0.13802368
0.13802368
0.13802368
0.04169666
0.04169666
0.04169666
0.04169666
0.06717238
0.13391077
0.13391077
0.13391077
0.12856965
0.12856965
0.12856965
0.12856965
0.12856965
0.08038857
0.06554053
0.06191065
0.06191065
0.06191065
0.04979371
0.04979371
0.04979371
0.04979371
0.04979371
0.0583582
0.0583582
0.0583582
0.0583582
0.0583582
0.0583582
0.0583582
0.0583582
0.0583582
0.0583582
0.0583582
0.0583582
0.0583582
0.0583582
0.05736714
0.05736714
0.05736714
0.05608623
0.05608623
0.05608623
0.05608623
0.05608623
0.05608623
0.05608623
0.04610782
0.04610782
0.04610782
0.04610782
0.08356055
0.08356055
0.08356055
0.07192287
0.07192287
0.07192287
0.05287752
0.04887547
0.04887547
0.04887547
0.04887547
0.04887547
0.04887547
0.0632143
0.0632143
0.0632143
0.0632143
0.04923717
0.04923717
0.04923717
0.04923717
0.04923717
0.04923717
0.0415143
0.03138229
0.03138229
0.03138229
0.0395642
0.0395642
0.04292666
0.04292666
0.04292666
0.0469676
0.0469676
0.04846381
0.04846381
0.04846381
0.04707075
0.03583249
0.03583249
0.03583249
0.03834903
0.03834903
0.03834903
0.0447292
0.0447292
0.0447292
0.0447292
0.0447292
0.0447292
0.04097074
0.04097074
0.04097074
0.04097074
0.04097074
0.04097074
0.04097074
0.04097074
0.04097074
0.03391504
0.03060427
0.02934746
0.02934746
0.02934746
0.02934746
0.02934746
0.02934746
0.02934746
0.02934746
0.02934746
0.02934746
0.02934746
0.02934746
0.02934746
0.02934746
0.03022509
0.03022509
0.03022509
0.03022509
0.03501885
0.03501885
0.04366471
0.04366471
0.04366471
0.04366471
0.04366471
0.03989008
0.03619767
0.03619767
0.03619767
0.03619767
0.03619767
0.04688731
0.04775723
0.04775723
0.04775723
0.04297886
0.04297886
0.04297886
0.05363937
0.06237897
0.06237897
0.06237897
0.06899797
0.09096718
0.10257231
0.10257231
0.10257231
0.10257231
0.10257231
0.10257231
0.10257231
0.09537538
0.09537538
0.09493878
0.09493878
0.09493878
0.09493878
0.09493878
0.07504176
0.07504176
0.07504176
0.09995133
0.11389682
0.11389682
0.11389682
0.11761985
0.12795529
0.12795529
0.23801915
0.23801915
0.23801915
0.04266069
0.0387735
0.03742719
0.03742719
0.03742719
0.03742719
0.03742719
0.03742719
0.03742719
0.03742719
0.03742719
0.03742719
0.03482509
0.03482509
0.03482509
0.03761568
0.03761568
0.03761568
0.03686298
0.03660894
0.03660894
0.03132161
0.03132161
0.03132161
0.03132161
0.03132161
0.03132161
0.03437657
0.03835933
0.03835933
0.03835933
0.03835933
0.03835933
0.03835933
0.03835933
0.03175471
0.03175471
0.03175471
0.03175471
0.03175471
0.03175471
0.03175471
0.02686822
0.02686822
0.02686822
0.02686822
0.02763665
0.02763665
0.02763665
0.02763665
0.05000855
0.05000855
0.05000855
0.05000855
0.05000855
0.05000855
0.05000855
0.05000855
0.06777997
0.06777997
0.06777997
0.04616944
0.04613409
0.0352389
0.0352389
0.0352389
0.0352389
0.0352389
0.04362123
0.04362123
0.04362123
0.04362123
0.04362123
0.04362123
0.04362123
0.04586867
0.04586867
0.04586867
0.04586867
0.05284103
0.05284103
0.05284103
0.05284103
0.05284103
0.05284103
0.05284103
0.05284103
0.05341695
0.05341695
0.05341695
0.04933938
0.04933938
0.0363925
0.0363925
0.0363925
0.0363925
0.0363925
0.0363925
0.0363925
0.0363925
0.0363925
0.0363925
0.0363925
0.0363925
0.03372834
0.03168315
0.03168315
0.03168315
0.03168315
0.03168315
0.02950086
0.02950086
0.02950086
0.03289002
0.03289002
0.03289002
0.03325284
0.03325284
0.03325284
0.0324157
0.02931563
0.02931563
0.02931563
0.02931563
0.02931563
0.02984159
0.02984159
0.02984159
0.02984159
0.02984159
0.02984159
0.02984159
0.02984159
0.02984159
0.0322782
0.0322782
0.04143839
0.04143839
0.04143839
0.03929947
0.03929947
0.03929947
0.03929947
0.04249186
0.04249186
0.04394818
0.04394818
0.04394818
0.04394818
0.04394818
0.04394818
0.04394818
0.04394818
0.04394818
0.04394818
0.04394818
0.03405566
0.03405566
0.03405566
0.03405566
0.03405566
0.03405566
0.03405566
0.03113421
0.03113421
0.02891844
0.02891844
0.02891844
0.02891844
0.02891844
0.02891844
0.02891844
0.02891844
0.02891844
0.02891844
0.02891844
0.02891844
0.02891844
0.02891844
0.02891844
0.02664701
0.02664701
0.02664701
0.03654048
0.03654048
0.03654048
0.03654048
0.03654048
0.03654048
0.03654048
0.03654048
0.03654048
0.03654048
0.03654048
0.03654048
0.03654048
0.03654048
0.03654048
0.03654048
0.03654048
0.03654048
0.03654048
0.03654048
0.03654048
0.03654048
0.03390418
0.03390418
0.03390418
0.03556517
0.03556517
0.03556517
0.03556517
0.03556517
0.03556517
0.03556517
0.03556517
0.03556517
0.03556517
0.03556517
0.03097762
0.03097762
0.03097762
0.03396773
0.03396773
0.03396773
0.03396773
0.03396773
0.03396773
0.03396773
0.03396773
0.03396773
