0.03582105
0.08941686
0.08941686
0.08941686
0.08941686
0.06601436
0.06601436
0.06601436
0.06591975
0.06591975
0.06591975
0.06845818
0.07149062
0.07149062
0.07149062
0.07149062
0.07149062
0.07149062
0.07149062
0.07149062
0.07149062
0.04186441
0.04186441
0.04186441
0.05560084
0.05560084
0.05560084
0.04799942
0.04799942
0.04799942
0.04799942
0.04799942
0.04799942
0.04799942
0.02590383
0.01489016
0.01489016
0.01489016
0.01489016
0.01489016
0.03494488
0.03494488
0.0389817
0.0389817
0.07674255
0.07674255
0.15449897
0.15449897
0.15449897
0.15449897
0.15449897
0.15449897
0.15449897
0.15449897
0.15449897
0.2368538
0.25428687
0.25428687
0.25428687
0.15356518
0.15356518
0.15356518
0.32554257
0.32554257
0.32554257
0.23947957
0.20948875
0.20948875
0.20948875
0.20948875
0.20948875
0.31558834
0.31558834
0.31558834
0.20547255
0.20547255
0.20547255
0.20547255
0.20547255
0.20547255
0.20547255
0.2106301
0.2106301
0.2106301
0.2106301
0.30907033
0.33728789
0.33728789
0.33728789
0.33728789
0.33728789
0.51753402
0.51753402
0.51753402
0.28235932
0.28235932
0.28235932
0.28407979
0.28407979
0.28407979
0.28407979
0.28407979
0.28407979
0.25003995
0.25003995
0.25003995
0.30999297
0.55030576
0.55030576
0.55030576
0.36192488
0.29448915
0.29448915
0.29448915
0.29448915
0.29448915
0.29448915
0.29448915
0.24193898
0.23947635
0.23947635
0.23947635
0.32859228
0.37943912
0.43625696
0.49972759
0.49972759
0.49972759
0.49972759
0.49972759
0.49972759
0.49972759
0.46644596
0.46644596
0.37303949
0.37246673
0.37246673
0.37246673
0.37246673
0.37246673
0.37246673
0.37246673
0.37246673
0.37246673
0.36198074
0.36198074
0.36198074
0.36786434
0.36786434
0.36786434
0.36786434
0.36786434
0.42285701
0.42285701
0.4711999
0.4711999
0.4711999
0.38376428
0.34521092
0.21431665
0.18161208
0.18161208
0.18161208
0.29134999
0.37923789
0.4534119
0.56627782
0.56627782
0.56627782
0.56627782
0.56627782
0.53453389
0.53453389
0.53453389
0.53453389
0.28795663
0.22029432
0.22029432
0.22029432
0.25383263
0.26156235
0.31742261
0.38154355
0.38154355
0.38154355
0.35666102
0.33532635
0.33532635
0.33532635
0.33532635
0.33532635
0.33532635
0.38066261
0.42253969
0.42253969
0.42253969
0.34111545
0.34111545
0.34111545
0.34111545
0.31102069
0.14741477
0.11409017
0.10554521
0.10554521
0.10554521
0.10554521
0.10554521
0.20035934
0.21853218
0.31489404
0.31693126
0.31693126
0.31693126
0.16728979
0.16475087
0.16475087
0.12450346
0.12450346
0.12450346
0.12343503
0.12343503
0.12343503
0.12343503
0.1187356
0.1187356
0.1187356
0.12747274
0.14595599
0.18662319
0.1949874
0.1949874
0.1949874
0.15053803
0.12139073
0.12139073
0.12139073
0.08761503
0.08761503
0.07670305
0.06490343
0.06490343
0.05003583
0.05003583
0.05003583
0.05993701
0.05993701
0.05993701
0.05993701
0.05993701
0.10127514
0.11660396
0.11660396
0.14066292
0.23117966
0.29696118
0.32692335
0.32692335
0.32692335
0.30823939
0.19323918
0.19323918
0.11059389
0.11059389
0.03630489
0.03630489
0.03630489
0.07436052
0.07436052
0.07436052
0.07436052
0.07436052
0.07436052
0.27933865
0.27933865
0.27933865
0.13236772
0.13236772
0.13236772
0.13236772
0.13236772
0.13236772
0.13236772
0.13236772
0.13236772
0.13236772
0.13236772
0.11444262
0.11444262
0.11444262
0.133194
0.15350696
0.15350696
0.16987812
0.16987812
0.16987812
0.11749401
0.11749401
0.11749401
0.11749401
0.11749401
0.12061539
0.15531552
0.16494819
0.24092007
0.24092007
0.24092007
0.24092007
0.21391209
0.14966057
0.14966057
0.14966057
0.10892121
0.10892121
0.10892121
0.08952423
0.08952423
0.08952423
0.16136717
0.16136717
0.16136717
0.16136717
0.19507818
0.22338803
0.22338803
0.41059774
0.43944608
0.43944608
0.43944608
0.3718706
0.3718706
0.2643243
0.23569855
0.20613774
0.20613774
0.17522733
0.14739687
0.12837691
0.12837691
0.12837691
0.18696445
0.18696445
0.18696445
0.16532857
0.16532857
0.16146531
0.16146531
0.16146531
0.16146531
0.15141997
0.15141997
0.15141997
0.15141997
0.15141997
0.15141997
0.23348844
0.23348844
0.23348844
0.22340837
0.22340837
0.22340837
0.26274232
0.33356232
0.37396855
0.4306956
0.46711239
0.72163983
0.73709378
0.73709378
0.73709378
0.73709378
0.73709378
0.73709378
0.48475574
0.46222384
0.46222384
0.46222384
0.46222384
0.46222384
0.39896974
0.23800382
0.22355992
0.22355992
0.22355992
0.23919337
0.27335181
0.29840628
0.43299606
0.46483525
0.46483525
0.46483525
0.46483525
0.46483525
0.46483525
0.46483525
0.46483525
0.46483525
0.42762031
0.28751205
0.28751205
0.28751205
0.28751205
0.28751205
0.26128245
0.26128245
0.26128245
0.24835851
0.24835851
0.2333053
0.2333053
0.2333053
0.2333053
0.22208454
0.18470698
0.18470698
0.18470698
0.38727753
0.38727753
0.38727753
0.2766681
0.26594443
0.22561352
0.21112479
0.21112479
0.21112479
0.24504971
0.24504971
0.24504971
0.24504971
0.24504971
0.24504971
0.15130099
0.10652129
0.10652129
0.10652129
0.10652129
0.13512469
0.14519199
0.14519199
0.17389209
0.17389209
0.17389209
0.17389209
0.17389209
0.19495843
0.23997789
0.23997789
0.23997789
0.23997789
0.23997789
0.23997789
0.19358226
0.12800268
0.12800268
0.12800268
0.20954719
0.20954719
0.2457021
0.2457021
0.2457021
0.2457021
0.2457021
0.2457021
0.2457021
0.2457021
0.26667702
0.26667702
0.26667702
0.26667702
0.29848011
0.38893688
0.50213667
0.50213667
0.50213667
0.36010135
0.36010135
0.36010135
0.36010135
0.28407049
0.27452643
0.27452643
0.27452643
0.32450451
0.36946656
0.36946656
0.36948401
0.39085074
0.39085074
0.46043682
0.46043682
0.46043682
0.40980018
0.40948678
0.40948678
0.40948678
0.40948678
0.40948678
0.37890677
0.37890677
0.37890677
0.37890677
0.45832309
0.51220383
0.58882357
0.58882357
0.69538592
0.69538592
0.69538592
0.83983427
0.83983427
0.83983427
0.58524957
0.53379097
0.53379097
0.53379097
0.39794955
0.35232122
0.26418835
0.24341849
0.24341849
0.24341849
0.24341849
0.24341849
0.23711345
0.23711345
0.23711345
0.26205271
0.37200818
0.60878052
0.60878052
0.60878052
0.44143651
0.44143651
0.40624978
0.31083424
0.29776204
0.29776204
0.29776204
0.29776204
0.33047126
0.33047126
0.33047126
0.32312161
0.30134074
0.30134074
0.30134074
0.30134074
0.27096936
0.27096936
0.27096936
0.27096936
0.27096936
0.32189341
0.32189341
0.36418527
0.3843162
0.3843162
0.3843162
0.3843162
0.3843162
0.45650163
0.45650163
0.45650163
0.45650163
0.45650163
0.45535046
0.45535046
0.4347754
0.4347754
0.4347754
0.4347754
0.4347754
0.62476133
0.66869175
0.66869175
0.66869175
0.66869175
0.66869175
0.66869175
0.66869175
0.70786704
0.70786704
0.70786704
0.60372407
0.60372407
0.60372407
0.60372407
0.60372407
0.60372407
0.62149042
0.62149042
0.62149042
0.41905191
0.41905191
0.41905191
0.41905191
0.41905191
0.41905191
0.52197372
0.52197372
0.52197372
0.51555085
0.51555085
0.51555085
0.51555085
0.51555085
0.51555085
0.51555085
0.51555085
0.51555085
0.51555085
0.51555085
0.51555085
0.51555085
0.51555085
0.51555085
0.51555085
0.51555085
0.51555085
0.51555085
0.5511016
0.58813569
0.58813569
0.58813569
0.58813569
0.58813569
0.58813569
0.3437208
0.3437208
0.3437208
0.35808389
0.60104501
0.62406052
0.62406052
0.62406052
0.62406052
0.62406052
0.59936059
0.46395867
0.40624045
0.40624045
0.37264792
0.37264792
0.37264792
0.50132002
0.50132002
0.71915329
0.75043223
0.80459669
0.80459669
0.89603277
0.93747239
0.93747239
0.97854973
0.97854973
0.97854973
0.54161034
0.54161034
0.54161034
0.48860831
0.48860831
0.48860831
0.48738859
0.48738859
0.291759
0.291759
0.291759
0.291759
0.291759
0.291759
0.291759
0.37574562
0.41920824
0.65029322
0.65029322
0.65029322
0.65029322
0.65029322
0.65029322
0.65029322
0.65029322
0.65029322
0.69072436
0.69072436
0.69072436
0.32079268
0.32079268
0.32079268
0.37390622
0.50073802
0.50073802
0.50073802
0.46627498
0.43496944
0.43496944
0.43496944
0.43496944
0.43496944
0.43496944
0.43496944
0.41378897
0.36336453
0.34966656
0.34966656
0.34966656
0.34966656
0.27199431
0.26468023
0.17605476
0.15324409
0.15324409
0.15324409
0.22557276
0.22672315
0.23339893
0.23937191
0.23937191
0.26699458
0.43790736
0.43790736
0.43790736
0.43790736
0.43790736
0.43790736
0.43790736
0.43790736
0.51923503
0.51923503
0.51923503
0.51923503
0.51923503
0.48552214
0.45533095
0.44825254
0.19476318
0.19476318
0.19476318
0.19476318
0.19476318
0.19476318
0.29682663
0.29682663
0.34967761
0.54546111
0.54546111
0.68414157
0.78520434
0.78520434
0.78520434
0.77598976
0.77598976
0.46652939
0.46325465
0.46325465
0.46325465
0.46325465
0.46325465
0.46325465
0.27494923
0.27494923
0.27494923
0.40894869
0.40894869
0.40894869
0.40894869
0.40894869
0.38988868
0.31219682
0.22501552
0.22501552
0.22501552
0.29857236
0.34623499
0.34623499
0.34623499
0.35435468
0.36675612
0.38005071
0.41695243
0.41695243
0.58452705
0.68332223
0.68332223
0.68332223
0.58966832
0.57449294
0.57449294
0.57449294
0.57449294
0.47985693
0.47985693
0.47985693
0.47985693
0.47985693
0.47985693
0.39059241
0.39059241
0.39059241
0.39059241
0.29617861
0.22820449
0.15565583
0.15544894
0.15544894
0.15544894
0.15544894
0.29033095
0.29033095
0.29033095
0.34394381
0.42358383
0.42358383
0.42358383
0.42358383
0.35216217
0.30533196
0.20347639
0.20347639
0.20347639
0.20950077
0.25612777
0.25612777
0.26220605
0.26220605
0.29118058
0.29118058
0.29842537
0.37726502
0.37726502
0.37726502
0.25702272
0.25702272
0.25702272
0.27503599
0.30610907
0.30610907
0.43241423
0.48239731
0.48239731
0.48239731
0.5623586
0.5623586
0.5623586
0.35212419
0.35212419
0.35212419
0.35212419
0.35212419
0.25769802
0.22268566
0.22268566
0.22268566
0.23276752
0.35551042
0.35551042
0.35551042
0.35551042
0.35551042
0.36881436
0.36881436
0.36881436
0.16845664
0.16845664
0.16845664
0.17098347
0.17118175
0.20086803
0.20086803
0.20086803
0.20086803
0.20086803
0.18409942
0.18153787
0.18153787
0.18153787
0.18153787
0.18153787
0.18153787
0.18153787
0.20191937
0.20191937
0.20191937
0.15222511
0.15222511
0.15222511
0.15222511
0.15222511
0.15222511
0.15222511
0.15222511
0.15222511
0.15209948
0.15209948
0.15209948
0.17473943
0.17473943
0.20032337
0.22472062
0.22472062
0.22472062
0.16676624
0.15684491
0.10856704
0.10856704
0.10856704
0.13459963
0.13459963
0.16497225
0.18229484
0.18293972
0.18293972
0.2312293
0.28035081
0.29874414
0.30636032
0.30636032
0.31326986
0.31326986
0.31326986
0.30173223
0.25524699
0.15202707
0.0962428
0.0962428
0.0962428
0.11709377
0.13015968
0.17685894
0.18535788
0.18648747
0.18648747
0.21512689
0.29891815
0.29891815
0.29891815
0.29891815
0.29891815
0.29891815
0.28302788
0.28302788
0.28302788
0.34271598
0.41826572
0.41826572
0.41826572
0.3238133
0.29297049
0.28144559
0.28144559
0.27759028
0.27759028
0.27759028
0.31595644
0.32470123
0.33724168
0.33724168
0.33724168
0.28513776
0.28513776
0.28513776
0.28513776
0.19493383
0.19493383
0.19493383
0.19493383
0.19493383
0.1382052
0.05975068
0.05975068
0.05975068
0.1204239
0.15726927
0.15726927
0.19700188
0.21747803
0.27479329
0.27479329
0.30799445
0.3196073
0.34899283
0.35922335
0.35922335
0.35922335
0.35779305
0.34512505
0.31688701
0.30718497
0.24656683
0.24656683
0.24656683
0.24781051
0.24781051
0.24781051
0.27162676
0.28330539
0.28330539
0.28330539
0.28162211
0.24063966
0.24063966
0.24063966
0.24063966
0.20481195
0.20481195
0.20481195
0.20481195
0.19902419
0.17812121
0.09583108
0.06172808
0.04595019
0.04595019
0.04595019
0.06627482
0.06627482
0.06627482
0.06627482
0.06627482
0.06548386
0.06548386
0.06548386
0.16468816
0.16468816
0.17108232
0.18812799
0.18812799
0.18812799
0.21143968
0.21143968
0.30400353
0.30400353
0.30400353
0.32876269
0.37909922
0.39285212
0.4032912
0.4032912
0.4032912
0.4032912
0.4032912
0.4263367
0.46292715
0.47481178
0.47481178
0.47481178
0.04530719
0.04530719
0.04530719
0.31009782
0.31009782
0.34482695
0.34482695
0.34482695
0.34482695
0.35355012
0.37713824
0.40517842
0.49759646
0.49759646
0.49759646
0.49759646
0.42313089
0.35099542
0.26438157
0.22888112
0.21526778
0.21526778
0.21526778
0.24431153
0.24431153
0.24431153
0.19908205
0.1736854
0.1736854
0.1736854
0.1773759
0.1773759
0.17834484
0.17834484
0.20509791
0.20509791
0.20509791
0.20509791
0.20217589
0.20217589
0.19327444
0.19327444
0.18325187
0.18325187
0.18325187
0.18325187
0.14419353
0.14084305
0.14084305
0.14084305
0.14598692
0.14598692
0.14598692
0.13944608
0.11104039
0.11104039
0.11104039
0.11820311
0.15811365
0.21221864
0.21221864
0.21221864
0.20326605
0.20326605
0.20326605
0.20326605
0.14720112
0.14720112
0.14720112
0.14720112
0.14720112
0.07623624
0.07623624
0.07623624
0.07431932
0.07431932
0.07431932
0.07431932
0.07431932
0.06339537
0.06339537
0.06339537
0.08711709
0.08711709
0.09492379
0.09492379
0.09492379
0.09492379
0.09492379
0.09492379
0.09492379
0.09082813
0.09082813
0.09082813
0.10624789
0.1373687
0.1373687
0.1373687
0.09715467
0.09715467
0.09715467
0.09715467
0.12088591
0.13201297
0.13201297
0.13984645
0.15855885
0.21591998
0.2534514
0.27980143
0.27980143
0.27980143
0.27450404
0.21977403
0.17066709
0.17066709
0.17066709
0.17066709
0.17141676
0.23762987
0.25440688
0.25440688
0.25440688
0.24630863
0.24630863
0.21195003
0.20113847
0.18579345
0.18579345
0.18579345
0.20107695
0.24819718
0.30064531
0.30064531
0.30064531
0.30064531
0.45477227
0.45477227
0.45477227
0.44193282
0.39929457
0.3273937
0.3273937
0.1916099
0.1916099
0.1916099
0.14335968
0.14335968
0.14303658
0.14303658
0.14303658
0.09944115
0.09548771
0.09548771
0.09548771
0.09548771
0.09548771
0.09548771
0.09548771
0.0932602
0.09137428
0.09137428
0.08480983
0.08480983
0.08480983
0.08480983
0.08480983
0.08480983
0.08480983
0.16354001
0.16354001
0.22296618
0.22785312
0.22785312
0.22785312
0.22785312
0.21412716
0.20245222
0.1144237
0.1144237
0.1144237
0.11617875
0.11617875
0.11617875
0.10213328
0.10213328
0.10213328
0.10213328
0.10213328
0.10213328
0.12762564
0.14583015
0.14583015
0.14583015
0.14583015
0.14583015
0.13322486
0.09993261
0.0951516
0.08671015
0.08671015
0.07860736
0.07860736
0.06902115
0.06902115
0.06902115
0.06902115
0.06902115
0.10611506
0.10611506
0.10611506
0.10611506
0.1091874
0.12105862
0.16113737
0.16113737
0.16113737
0.16113737
0.17346246
0.17346246
0.20232202
0.22170714
0.27079269
0.28251448
0.28251448
0.28251448
0.28251448
0.28251448
0.28251448
0.28251448
0.32856355
0.32856355
0.32856355
0.35511122
0.35994708
0.3605093
0.3605093
0.3605093
0.46536523
0.46536523
0.46536523
0.46536523
0.46536523
0.46536523
0.40624159
0.40624159
0.40624159
0.40624159
0.3856576
0.3856576
0.3856576
0.3856576
0.3856576
0.33474997
0.33474997
0.33474997
0.33474997
0.35280362
0.36572706
0.36572706
0.36572706
0.34478523
0.34478523
0.34414471
0.31386157
0.31386157
0.31386157
0.31386157
0.31069495
0.26453685
0.26453685
0.25779109
0.25779109
0.25779109
0.25779109
0.24700839
0.23271923
0.23271923
0.23271923
0.23271923
0.23271923
0.23271923
0.23271923
0.20454391
0.17239652
0.17239652
0.17239652
0.19545392
0.19545392
0.20695686
0.20695686
0.20695686
0.20695686
0.20695686
0.20695686
0.20695686
0.18844906
0.18844906
0.14074371
0.12335479
0.12183239
0.12183239
0.10795866
0.10795866
0.10646981
0.10646981
0.10646981
0.1084567
0.1084567
0.1084567
0.09602479
0.09602479
0.09602479
0.09924949
0.09924949
0.09924949
0.09924949
0.09924949
0.10200704
0.10200704
0.10200704
0.10200704
0.10200704
0.10200704
0.08604888
0.08604888
0.08604888
0.08933099
0.08933099
0.08933099
0.06687662
0.03486218
0.03486218
0.03486218
0.03486218
0.03486218
0.03486218
0.03486218
0.03486218
0.03486218
0.05170515
0.05170515
0.05170515
0.05170515
0.05170515
0.05170515
0.05170515
0.05170515
0.06840143
0.0779159
0.08523598
0.08523598
0.08523598
0.06423391
0.06423391
0.05272378
0.0464704
0.04636397
0.03794997
0.01984014
0.01984014
0.00171039
0.00171039
0.00171039
0.00171039
0.00171039
0.00171039
0.00171039
0.00171039
0.0
0.0
0.0
0.00729041
0.00729041
0.00729041
0.01893269
0.01893269
0.01893269
0.01893269
0.0175052
0.0175052
0.01607968
0.01607968
0.01607968
0.01607968
0.01607968
0.01607968
0.04972903
0.04972903
0.04972903
0.04972903
0.04972903
0.05048821
0.05048821
0.05048821
0.05048821
0.05048821
0.05048821
0.05048821
0.05975548
0.05975548
0.09687731
0.09687731
0.09687731
0.08407214
0.05861421
0.04648531
0.04555026
0.04555026
0.04555026
0.04555026
0.00498779
0.00498779
0.00498779
0.01157475
0.01157475
0.01157475
0.01157475
0.01157475
0.01157475
0.0190906
0.0190906
0.04670006
0.05474102
0.05474102
0.06056577
0.06056577
0.08950193
0.08950193
0.08950193
0.04876168
0.04490738
0.04490738
0.04490738
0.06058773
0.06058773
0.06058773
0.06058773
0.06058773
0.06058773
0.06058773
0.06058773
0.06058773
0.05009149
0.03808663
0.03808663
0.03808663
0.03808663
0.03808663
0.03825587
0.03825587
0.03825587
0.03825587
0.02838317
0.02838317
0.01368767
0.01368767
0.01368767
0.01454842
0.01454842
0.04020124
0.04020124
0.04020124
0.05142194
0.05142194
0.05142194
0.05142194
0.03280855
0.03167856
0.03167856
0.02282323
0.02282323
0.02047153
0.02047153
0.01255905
0.01255905
0.01255905
0.01255905
0.00941638
0.00941638
0.00941638
0.01313355
0.01844836
0.01844836
0.01844836
0.01622393
0.00389731
5.966e-05
5.966e-05
5.966e-05
5.966e-05
0.00933167
0.00933167
0.00933167
0.00933167
0.05627487
0.05627487
0.05627487
0.04611678
0.04611678
0.04101534
0.04101534
0.0405029
0.0405029
0.0405029
0.0405029
0.04497226
0.09600037
0.09600037
0.09600037
0.09600037
0.09600037
0.09600037
0.06000201
0.06000201
0.06000201
0.07804272
0.1449417
0.1449417
0.1449417
0.1449417
0.1449417
0.13699586
0.13699586
0.13699586
0.13699586
0.13699586
0.13699586
0.13699586
0.13699586
0.13699586
0.13699586
0.13699586
0.13699586
0.13699586
0.13699586
0.13699586
0.1247994
0.1247994
0.1247994
0.10360457
0.10360457
0.07630817
0.07630817
0.07630817
0.07630817
0.07630817
0.12572469
0.12572469
0.12572469
0.11429561
0.10174649
0.10174649
0.10174649
0.10174649
0.12901309
0.15082811
0.21242532
0.22244779
0.2715206
0.30883483
0.38785704
0.45018472
0.45859258
0.47355926
0.47355926
0.47355926
0.42853386
0.39825166
0.34431091
0.31663178
0.31663178
0.31663178
0.29182325
0.29182325
0.29182325
0.27730118
0.27730118
0.27339963
0.24301136
0.2378253
0.23697339
0.23697339
0.23697339
0.24120336
0.24120336
0.27745402
0.3136022
0.34132977
0.34370647
0.34370647
0.34370647
0.34370647
0.34370647
0.34370647
0.29240546
0.21481164
0.21481164
0.21481164
0.21481164
0.13871531
0.13838717
0.13838717
0.13838717
0.15028313
0.18132199
0.18132199
0.19352732
0.19352732
0.19352732
0.19352732
0.19582664
0.19908023
0.19908023
0.19908023
0.22050033
0.2240893
0.2240893
0.2240893
0.2240893
0.2274577
0.2274577
0.2274577
0.20386938
0.1851937
0.13713511
0.09789122
0.09426612
0.09426612
0.09426612
0.07344879
0.05721192
0.05123317
0.04355056
0.04355056
0.04355056
0.01503254
0.01369182
0.01369182
0.01369182
0.04686226
0.04686226
0.04686226
0.04686226
0.04686226
0.04686226
0.04686226
0.04686226
0.04686226
0.04686226
0.04686226
0.04686226
0.04686226
0.04686226
0.04494788
0.04494788
0.04494788
0.04494788
0.04494788
0.04494788
0.04494788
0.04494788
0.04494788
0.04494788
0.05799406
0.05799406
0.09099355
0.09099355
0.09099355
0.03300771
0.03300771
0.03300771
0.0192296
0.0192296
0.0192296
0.0434481
0.0434481
0.0434481
0.0434481
0.0434481
0.05093032
0.05093032
0.05093032
0.05093032
0.08993135
0.08993135
0.08993135
0.08993135
0.08993135
0.08993135
0.08993135
0.08993135
0.08993135
0.08993135
0.08993135
0.08993135
0.08993135
0.08993135
0.08993135
0.08993135
0.09494227
0.15911846
0.15911846
0.15911846
0.12163762
0.12163762
0.12163762
0.12163762
0.14131522
0.14131522
0.15383964
0.15383964
0.15383964
0.14292068
0.14292068
0.14292068
0.15130884
0.23152712
0.23152712
0.23152712
0.23152712
0.23152712
0.24023991
0.24023991
0.24023991
0.25372199
0.25844777
0.25844777
0.25844777
0.28115636
0.28115636
0.28115636
0.29260498
0.29422059
0.33369946
0.41666165
0.43154846
0.43154846
0.43154846
0.43154846
0.43154846
0.44257826
0.50175992
0.50175992
0.50175992
0.50175992
0.56727007
0.56727007
0.5812892
0.60801799
0.66038505
0.66038505
0.66038505
0.79875152
0.79875152
0.79875152
0.79875152
0.80745533
0.80745533
0.80745533
0.80745533
0.80745533
0.80745533
0.80745533
0.80745533
0.85780959
0.91537619
0.91537619
0.91537619
0.91537619
0.91537619
0.91537619
0.93093433
0.93093433
0.93093433
0.93093433
0.93093433
0.93093433
0.98034959
0.98034959
0.98034959
0.96183341
0.96183341
0.96183341
0.96183341
0.45603285
0.13100891
0.08105546
0.06375119
0.06375119
0.06375119
0.06375119
0.13201752
0.13201752
0.13201752
0.13201752
0.18608472
0.20796792
0.20796792
0.23924454
0.23924454
0.23924454
0.23924454
0.23924454
0.14718507
0.14718507
0.14718507
0.14718507
0.14718507
0.14718507
0.14718507
0.14718507
0.24214038
0.25248277
0.25248277
0.25248277
0.25248277
0.25248277
0.25248277
0.25248277
0.25248277
0.30929419
0.30929419
0.30929419
0.30929419
0.30929419
0.30929419
0.20723434
0.20723434
0.20723434
0.20723434
0.20723434
0.16194507
0.13952062
0.12321727
0.11230013
0.09935147
0.09935147
0.09935147
0.13458166
0.13458166
0.1414188
0.1414188
0.1414188
0.09408875
0.08272016
0.06449293
0.06242624
0.06242624
0.06242624
0.06617497
0.06617497
0.13690268
0.13690268
0.13690268
0.13106261
0.11061625
0.11061625
0.11061625
0.11061625
0.11061625
0.11061625
0.11061625
0.11061625
0.09353849
0.0605206
0.05154515
0.00334676
0.00334676
0.00334676
0.00357272
0.00357272
0.00357272
0.00357272
0.01967753
0.01967753
0.04622063
0.05721026
0.05721026
0.05721026
0.07711601
0.08394196
0.08394196
0.10717938
0.10717938
0.10717938
0.10703367
0.10703367
0.08807808
0.06511701
0.05533103
0.05533103
0.05533103
0.02418102
0.02418102
0.02418102
0.02418102
0.02418102
0.02418102
0.02418102
0.02418102
0.02418102
0.02418102
0.02418102
0.01810285
0.01810285
0.01810285
0.01810285
0.01810285
0.01810285
0.01810285
0.02878625
0.02878625
0.02878625
0.03930267
0.04860104
0.04860104
0.06410531
0.06410531
0.06410531
0.06410531
0.06410531
0.05585041
0.0387572
0.0387572
0.0387572
0.0387572
0.06512635
0.06512635
0.06512635
0.01597117
0.01597117
0.01597117
0.01736299
0.02206293
0.02206293
0.02206293
0.02206293
0.02166253
0.02166253
0.02166253
0.01484199
0.01099585
0.01099585
0.01099585
0.01099585
0.02841755
0.02841755
0.02841755
0.03481006
0.03481006
0.03481006
0.03481006
0.03481006
0.03242216
0.03113309
0.03113309
0.03113309
0.07774861
0.07774861
0.07774861
0.07774861
0.06369875
0.06369875
0.06369875
0.06369875
0.06369875
0.0878237
0.0878237
0.0878237
0.0878237
0.10691133
0.10691133
0.10691133
0.10431909
0.10431909
0.10431909
0.11208661
0.11593325
0.13338266
0.14086415
0.14319324
0.14430905
0.14430905
0.14430905
0.14430905
0.14430905
0.14430905
0.14430905
0.15168251
0.15168251
0.15168251
0.17096036
0.17113133
0.19252687
0.21602556
0.22983829
0.22983829
0.22983829
0.21137859
0.19451235
0.18575009
0.18575009
0.18575009
0.18575009
0.19280382
0.194138
0.23189255
0.24365864
0.24365864
0.24365864
0.24365864
0.22272566
0.22028673
0.22028673
0.22028673
0.2034552
0.2034552
0.2034552
0.24400952
0.24400952
0.29794395
0.32880707
0.34395814
0.34395814
0.34395814
0.31905285
0.30143434
0.29369865
0.29087145
0.29087145
0.29087145
0.29366546
0.3056405
0.30901864
0.32543317
0.32543317
0.32543317
0.32543317
0.32543317
0.32543317
0.32543317
0.32543317
0.33165252
0.33239624
0.34433767
0.34433767
0.36312566
0.38485312
0.38485312
0.38809639
0.38809639
0.38809639
0.38809639
0.37316261
0.34042711
0.34042711
0.34042711
0.34042711
0.35727386
0.35727386
0.35727386
0.35727386
0.35727386
0.35727386
0.35727386
0.35727386
0.35727386
0.35727386
0.35727386
0.35727386
0.35727386
0.33245649
0.33245649
0.31362339
0.31362339
0.31362339
0.32637153
0.32637153
0.33518089
0.34640127
0.35292434
0.35292434
0.35292434
0.3513653
0.33075106
0.33075106
0.33015382
0.33015382
0.31253117
0.31156799
0.30358401
0.30358401
0.30358401
0.31064531
0.33211416
0.33211416
0.35161095
0.35241389
0.35241389
0.35241389
0.35241389
0.35241389
0.33982955
0.33982955
0.33982955
0.35945756
0.35945756
0.35945756
0.35945756
0.36497513
0.36497513
0.36497513
0.36949672
0.42424079
0.42424079
0.42424079
0.42424079
0.42424079
0.40010225
0.40010225
0.40010225
0.40010225
0.33905283
0.33905283
0.32624767
0.310159
0.310159
0.29576899
0.29576899
0.29576899
0.26626675
0.26550613
0.22934886
0.22934886
0.22934886
0.22845209
0.22845209
0.22845209
0.22870301
0.29907279
0.32689985
0.40146427
0.40146427
0.40146427
0.26122915
0.26122915
0.26122915
0.28772737
0.28772737
0.28772737
0.28772737
0.28772737
0.36187037
0.36187037
0.36187037
0.31080719
0.27983937
0.27407325
0.22040892
0.22040892
0.18168805
0.18168805
0.18168805
0.21814655
0.2538673
0.2538673
0.2538673
0.2538673
0.2538673
0.2538673
0.2538673
0.2538673
0.2538673
0.2538673
0.2538673
0.2538673
0.2538673
0.2538673
0.23244307
0.23244307
0.23244307
0.2698796
0.33053615
0.33053615
0.33053615
0.33053615
0.33053615
0.33053615
0.33053615
0.33053615
0.33775113
0.33775113
0.3412557
0.34200336
0.34200336
0.34200336
0.34200336
0.37969194
0.44602711
0.49789052
0.49789052
0.49789052
0.50039882
0.50039882
0.50039882
0.50039882
0.06858428
0.06858428
0.06858428
0.14503908
0.16883301
0.16883301
0.16883301
0.09606873
0.04500928
0.04500928
0.04500928
0.04500928
0.04500928
0.05194571
0.05948848
0.06432302
0.06432302
0.06432302
0.04286309
0.04286309
0.04286309
0.05760149
0.05760149
0.07157525
0.08027368
0.08829882
0.11671871
0.11671871
0.15150032
0.16454329
0.18617089
0.24385101
0.24385101
0.24385101
0.22419035
0.22419035
0.22419035
0.23807405
0.23807405
0.23807405
0.22812104
0.22812104
0.22812104
0.24344565
0.29901295
0.33594931
0.33696684
0.33794894
0.33794894
0.34631281
0.3629237
0.3629237
0.3629237
0.38122842
0.38577573
0.39719603
0.41383862
0.42881157
0.48354436
0.60303253
0.73297793
0.73297793
0.73297793
0.73297793
0.73297793
0.73297793
0.73297793
0.75908829
0.75908829
0.81907031
0.81907031
0.81907031
0.81907031
0.81907031
0.82819027
0.85601009
0.91723481
0.93246535
1.0
1.0
1.0
0.8889347
0.85785885
0.85785885
0.85785885
0.85785885
0.85785885
0.62895279
0.01963778
0.01963778
0.01963778
0.02211315
0.02211315
0.02235856
0.02235856
0.02451804
0.02451804
0.02451804
0.02451804
0.02451804
0.02451804
0.02720026
0.02720026
0.02720026
0.02720026
0.02720026
0.04508493
0.05073731
0.05073731
0.05073731
0.05073731
0.09051088
0.0985428
0.0985428
0.0985428
0.06738733
0.06234797
0.06234797
0.06234797
0.06234797
0.06234797
0.05965733
0.05965733
0.05965733
0.05965733
0.05965733
0.05965733
0.05965733
0.05965733
0.05965733
0.08807679
0.10055152
0.10055152
0.10055152
0.12060045
0.12315879
0.12704464
0.12704464
0.12704464
0.1261621
0.1261621
0.1261621
0.11500811
0.11500811
0.11500811
0.11772892
0.11772892
0.16492591
0.17344614
0.17344614
0.28198569
0.28198569
0.28198569
0.28198569
0.28198569
0.12752958
0.12752958
0.12752958
0.12752958
0.1430675
0.1430675
0.17518552
0.23848604
0.23848604
0.23848604
0.20887463
0.16851307
0.08742011
0.08742011
0.08742011
0.08742011
0.10166316
0.11066972
0.11066972
0.11066972
0.11066972
0.11066972
0.09617833
0.08467318
0.08467318
0.08184886
0.06770525
0.06770525
0.06770525
0.06770525
0.03295133
0.03295133
0.03295133
0.04091596
0.05372271
0.05372271
0.06869736
0.07823748
0.10763196
0.14865472
0.14865472
0.14865472
0.14460035
0.14460035
0.14460035
0.14460035
0.14474752
0.14474752
0.14474752
0.14474752
0.14474752
0.14474752
0.14474752
0.14474752
0.14474752
0.14474752
0.14474752
0.1939066
0.23665438
0.32166047
0.32166047
0.32166047
0.32166047
0.30685032
0.19254834
0.19254834
0.19254834
0.25823603
0.25823603
0.25823603
0.2225659
0.19591881
0.19392398
0.19392398
0.19392398
0.19392398
0.18454213
0.13282076
0.08499532
0.08499532
0.08499532
0.08499532
0.08499532
0.08499532
0.07708883
0.07290312
0.05752746
0.03936973
0.03487319
0.03487319
0.03487319
0.03487319
0.03487319
0.03487319
0.03487319
0.03487319
0.03487319
0.05926679
0.05926679
0.07108228
0.07108228
0.07108228
0.07108228
0.07108228
0.08447672
0.08447672
0.08447672
0.06277529
0.04770412
0.04770412
0.04770412
0.05303422
0.05303422
0.05303422
0.05074622
0.05074622
0.03761254
0.03761254
0.03761254
0.03761254
0.03761254
0.034174
0.02160909
0.02160909
0.02160909
0.02160909
0.02160909
0.03216464
0.0354653
0.05377685
0.06243977
0.06243977
0.06243977
0.06243977
0.05217208
0.03231489
0.02806636
0.02732614
0.01812293
0.01812293
0.01812293
0.01812293
0.01812293
0.01812293
0.02089236
0.02089236
0.02966333
0.06152605
0.06152605
0.11801544
0.13754536
0.14149372
0.1475333
0.1475333
0.1475333
0.1475333
0.09957242
0.09957242
0.09957242
0.10177498
0.10177498
0.17453737
0.17453737
0.17953928
0.17953928
0.17953928
0.17953928
0.17953928
0.17850465
0.15694218
0.15694218
0.15694218
0.15694218
0.18278294
0.18278294
0.18634039
0.18634039
0.18634039
0.18634039
0.17667042
0.16561531
0.16561531
0.15362472
0.15362472
0.15362472
0.15362472
0.15362472
0.14803883
0.1385082
0.1385082
0.1385082
0.14394611
0.14394611
0.14629152
0.14629152
0.14989205
0.14989205
0.14989205
0.14989205
0.14989205
0.14989205
0.14989205
0.14989205
0.14989205
0.14411292
0.13872145
0.13872145
0.08424397
0.08424397
0.08424397
0.1496618
0.24960251
0.24960251
0.24960251
0.13742012
0.13742012
0.13742012
0.176446
0.23160095
0.25326579
0.25326579
0.25326579
0.25326579
0.20325855
0.18625141
0.17917431
0.17868999
0.17393592
0.17393592
0.17393592
0.17393592
0.17393592
0.15771762
0.15771762
0.15450189
0.15450189
0.15450189
0.17497551
0.30771079
0.30771079
0.30771079
0.31303969
0.39081294
0.39081294
0.39081294
0.39081294
0.39081294
0.23936347
0.23936347
0.23936347
0.21194344
0.21194344
0.21194344
0.21194344
0.21194344
0.21194344
0.21194344
0.21194344
0.21734292
0.23726951
0.24853121
0.24853121
0.24853121
0.24853121
0.24853121
0.24853121
0.24308529
0.24308529
0.24308529
0.25338904
0.27095322
0.27095322
0.29668423
0.29668423
0.35656304
0.368639
0.368639
0.368639
0.38256618
0.38256618
0.38256618
0.38256618
0.42538511
0.51554061
0.51554061
0.51554061
0.34194491
0.34194491
0.34194491
0.29025017
0.22883335
0.22883335
0.22883335
0.34926986
0.34926986
0.34926986
0.31577847
0.31577847
0.31577847
0.36601646
0.36601646
0.62047559
0.62047559
0.62047559
0.30429547
0.30429547
0.30429547
0.28800673
0.27209828
0.18855348
0.18855348
0.18855348
0.33296649
0.33296649
0.33296649
0.33296649
0.33296649
0.33296649
0.33296649
0.33296649
0.29952504
0.29952504
0.29952504
0.42732797
0.53996022
0.53996022
0.53996022
0.63029155
0.63029155
0.63029155
0.57275586
0.57275586
0.57275586
0.62285895
0.71446341
0.71446341
0.71446341
0.53995379
0.53995379
0.53995379
0.52214799
0.52214799
0.52214799
0.55873775
0.680495
0.680495
0.680495
0.54483919
0.54483919
0.46739824
0.31960278
0.31960278
0.31960278
0.2860641
0.26469538
0.23358241
0.23358241
0.23358241
0.26253992
0.26253992
0.26253992
0.26253992
0.26253992
0.26253992
0.26253992
0.28053666
0.31723495
0.31723495
0.31723495
0.32745328
0.32745328
0.32745328
0.32745328
0.32745328
0.38989318
0.38989318
0.38989318
0.37338149
0.37338149
0.27651307
0.27651307
0.27651307
0.30670974
0.30670974
0.30670974
0.30670974
0.30670974
0.30670974
0.29374939
0.29374939
0.29374939
0.30563173
0.30624945
0.30624945
0.30624945
0.30341803
0.30341803
0.29417917
0.26205707
0.24113464
0.20449999
0.20449999
0.20449999
0.20449999
0.20449999
0.30222561
0.31028862
0.31028862
0.34117761
0.34117761
0.37791084
0.37791084
0.37791084
0.32082352
0.3103758
0.3103758
0.3103758
0.3103758
0.2892787
0.2274908
0.2274908
0.2274908
0.2274908
0.22461259
0.22461259
0.22461259
0.22461259
0.17146246
0.17146246
0.17146246
0.22814731
0.22814731
0.22814731
0.22640852
0.22640852
0.22640852
0.22640852
0.22640852
0.20049258
0.15277054
0.15262028
0.13937988
0.09513564
0.09513564
0.09373555
0.09373555
0.0806181
0.0806181
0.0806181
0.1060291
0.1060291
0.1060291
0.1060291
0.0863721
0.0863721
0.0863721
0.0863721
0.14624616
0.14624616
0.14624616
0.09763327
0.09763327
0.09763327
0.10751727
0.18049001
0.45989529
0.47792161
0.47792161
0.47792161
0.19926118
0.19926118
0.19926118
0.27585016
0.35045162
0.37039812
0.37039812
0.45355266
0.51943328
0.51943328
0.51943328
0.51943328
0.4404106
0.3911264
0.37337441
0.37337441
0.33397461
0.25946187
0.25946187
0.25946187
0.25946187
0.2585478
0.2585478
0.2585478
0.2585478
0.15395032
0.12017944
0.12017944
0.12017944
0.07194973
0.07194973
0.07194973
0.09303411
0.09303411
0.09303411
0.11008326
0.11008326
0.12550799
0.12550799
0.12550799
0.12550799
0.12550799
0.12789784
0.14474599
0.22441846
0.36964282
0.46859716
0.46859716
0.46859716
0.16846794
0.13351354
0.12494022
0.12494022
0.12494022
0.12494022
0.1122937
0.1122937
0.10769385
0.10769385
0.10769385
0.10769385
0.10769385
0.08217454
0.08217454
0.08217454
0.09705774
0.09705774
0.09705774
0.09705774
0.09705774
0.12423979
0.12423979
0.12423979
0.08553916
0.08553916
0.08090727
0.06144861
0.05672987
0.05481583
0.05481583
0.05481583
0.05573628
0.095937
0.095937
0.10523492
0.12182744
0.17342806
0.17342806
0.17342806
0.17342806
0.17342806
0.20119805
0.20119805
0.26057285
0.26057285
0.26057285
0.26057285
0.24488148
0.24488148
0.24488148
0.24488148
0.24488148
0.23934049
0.23934049
0.23934049
0.23934049
0.23934049
0.23934049
0.23949704
0.24758019
0.25679108
0.25679108
0.25679108
0.23815078
0.21221285
0.18004235
0.18004235
0.1137682
0.10633329
0.10633329
0.10633329
0.17806145
0.17806145
0.17806145
0.17806145
0.23532629
0.23532629
0.23532629
0.1807847
0.1807847
0.1807847
0.18198163
0.2659017
0.30646504
0.30646504
0.30646504
0.30646504
0.30646504
0.30646504
0.42873606
0.42873606
0.42873606
0.33126937
0.31235524
0.31235524
0.31235524
0.39807958
0.39807958
0.39807958
0.39807958
0.39807958
0.33988451
0.32352343
0.32352343
0.32352343
0.33422212
0.56032882
0.56032882
0.56032882
0.3380912
0.32794454
0.32794454
0.32794454
0.32794454
0.30162409
0.30162409
0.30162409
0.30162409
0.30162409
0.30162409
0.31626189
0.37063419
0.37063419
0.37063419
0.31080517
0.31080517
0.31080517
0.27961577
0.23506465
0.23506465
0.23506465
0.25227835
0.25227835
0.25227835
0.25227835
0.26671034
0.31165387
0.31165387
0.31165387
0.30198311
0.30198311
0.29600592
0.29600592
0.29600592
0.30658044
0.30766716
0.30766716
0.31541691
0.31541691
0.31541691
0.31526011
0.31526011
0.31526011
0.34820079
0.37235789
0.41391825
0.41391825
0.41391825
0.38357406
0.32748153
0.31453477
0.31453477
0.31453477
0.39052271
0.39052271
0.39052271
0.39052271
0.36349663
0.31235287
0.31235287
0.31235287
0.36024454
0.36024454
0.36024454
0.27519113
0.2446436
0.23436704
0.23436704
0.23436704
0.29761789
0.29761789
0.29761789
0.25910988
0.171895
0.171895
0.171895
0.17956273
0.19382512
0.19382512
0.2110658
0.2110658
0.2110658
0.20987121
0.20987121
0.20987121
0.25146075
0.30320746
0.30320746
0.30320746
0.30320746
0.30320746
0.30235409
0.30235409
0.30235409
0.30235409
0.30235409
0.3060552
0.3060552
0.3060552
0.30040324
0.28643288
0.28643288
0.28643288
0.27789246
0.26462049
0.26462049
0.26462049
0.26462049
0.26462049
0.26462049
0.26887603
0.26887603
0.26887603
0.26887603
0.25683111
0.24884621
0.23434197
0.23434197
0.23434197
0.23434197
0.23434197
0.23434197
0.23434197
0.23434197
0.20835294
0.20835294
0.20835294
0.23058039
0.23058039
0.23058039
0.24413106
0.27774072
0.27774072
0.27774072
0.270454
0.270454
0.270454
0.270454
0.270454
0.270454
0.26669227
