0.04317664
0.0859569
0.07932854
0.07932854
0.07932854
0.06828886
0.06828886
0.06828886
0.06828886
0.06828886
0.04308042
0.04308042
0.04308042
0.05047405
0.0555151
0.20053273
0.20053273
0.21266578
0.21266578
0.21266578
0.21266578
0.21266578
0.19431405
0.19431405
0.19431405
0.19431405
0.22676024
0.22676024
0.22676024
0.21883395
0.21571599
0.21571599
0.21571599
0.21571599
0.21126385
0.21126385
0.21126385
0.21126385
0.21126385
0.20837667
0.20837667
0.20837667
0.20837667
0.20837667
0.20837667
0.20837667
0.20837667
0.20837667
0.20837667
0.20837667
0.20837667
0.34177874
0.34177874
0.34177874
0.34177874
0.34177874
0.33938563
0.32996574
0.32996574
0.32996574
0.32996574
0.32996574
0.32996574
0.32996574
0.31612022
0.31612022
0.31612022
0.21644477
0.21644477
0.19112609
0.19112609
0.19112609
0.19207103
0.19207103
0.19207103
0.19207103
0.1736542
0.1556191
0.1556191
0.1556191
0.1556191
0.1556191
0.1556191
0.1556191
0.15519606
0.14741311
0.14061792
0.14061792
0.13589641
0.13589641
0.13589641
0.13589641
0.0978838
0.0978838
0.0711864
0.0711864
0.0711864
0.0711864
0.08384458
0.08384458
0.08384458
0.08384458
0.08384458
0.08924062
0.08924062
0.08924062
0.08924062
0.08924062
0.08924062
0.10949142
0.10949142
0.10949142
0.10949142
0.10949142
0.10949142
0.10949142
0.10949142
0.10949142
0.10949142
0.10949142
0.10949142
0.10949142
0.10949142
0.10949142
0.10949142
0.10949142
0.10949142
0.10949142
0.10949142
0.10949142
0.10949142
0.10949142
0.10949142
0.10949142
0.10654266
0.10654266
0.10654266
0.10654266
0.10654266
0.10654266
0.10654266
0.10287109
0.10287109
0.10287109
0.10287109
0.10287109
0.07876316
0.07876316
0.07876316
0.07876316
0.0252289
0.02465702
0.02068802
0.02068802
0.02068802
0.02231089
0.02231089
0.02231089
0.02231089
0.02231089
0.02231089
0.02231089
0.02231089
0.02276738
0.02878949
0.02878949
0.02878949
0.02878949
0.02878949
0.03028636
0.03028636
0.03028636
0.03935874
0.03935874
0.03935874
0.03935874
0.03592777
0.0319544
0.02638129
0.02638129
0.02638129
0.02838701
0.03146627
0.03146627
0.03484862
0.03850991
0.03850991
0.03850991
0.04231091
0.04231091
0.04231091
0.05274108
0.06254924
0.06254924
0.06254924
0.06104843
0.05747955
0.05747955
0.05430204
0.04688038
0.04688038
0.04688038
0.04688038
0.04851202
0.05427001
0.05427001
0.05889164
0.05889164
0.05889164
0.05889164
0.07651307
0.07651307
0.08267675
0.08267675
0.08267675
0.10035266
0.11017737
0.11017737
0.11017737
0.11017737
0.08418294
0.08017959
0.08017959
0.07786867
0.07786867
0.07786867
0.08851834
0.08851834
0.10298747
0.10298747
0.11372735
0.11372735
0.11372735
0.11278602
0.11278602
0.11278602
0.11278602
0.08657812
0.08522867
0.08522867
0.08522867
0.08522867
0.08522867
0.09778954
0.10675147
0.10675147
0.10687393
0.10687393
0.10687393
0.10687393
0.10687393
0.1075919
0.10770253
0.10770253
0.10770253
0.10770253
0.08892564
0.07647486
0.07647486
0.07647486
0.07742039
0.09228944
0.09228944
0.09228944
0.09228944
0.10362539
0.10362539
0.10362539
0.10362539
0.10362539
0.10362539
0.10362539
0.10362539
0.10362539
0.10362539
0.09172746
0.09172746
0.09172746
0.08889578
0.08889578
0.06795575
0.06795575
0.06795575
0.06795575
0.06795575
0.06795575
0.06795575
0.07020045
0.07020045
0.07584468
0.08274235
0.08274235
0.08274235
0.06906076
0.06906076
0.06591198
0.06591198
0.06591198
0.05522538
0.05522538
0.05522538
0.05821227
0.05821227
0.05821227
0.05821227
0.05821227
0.06002637
0.07155662
0.07155662
0.07155662
0.06375598
0.06375598
0.06375598
0.06824757
0.06824757
0.08605757
0.08605757
0.09142242
0.09142242
0.09142242
0.09142242
0.08515114
0.08515114
0.02095625
0.01341461
0.01341461
0.01341461
0.01341461
0.01341461
0.01341461
0.01236302
0.01236302
0.01236302
0.01236302
0.01236302
0.01236302
0.01236302
0.01236302
0.01682748
0.01682748
0.02400054
0.02400054
0.02400054
0.02174345
0.02174345
0.01749719
0.01749719
0.0147831
0.00989352
0.0042977
0.0042977
0.0042977
0.00986038
0.00986038
0.00986038
0.00986038
0.00986038
0.00986038
0.00986038
0.01532884
0.01532884
0.01719345
0.01719345
0.01719345
0.0144183
0.0144183
0.0144183
0.0144183
0.014003
0.014003
0.014003
0.014003
0.014003
0.014003
0.014003
0.01086864
0.01021962
0.01021962
0.01021962
0.01021962
0.01185113
0.01196487
0.01196487
0.01196487
0.00993669
0.00993669
0.00993669
0.00993669
0.00993669
0.00993669
0.01001747
0.01134957
0.01134957
0.01134957
0.01134957
0.01134957
0.01134957
0.01134957
0.01134957
0.01134957
0.0210285
0.02731456
0.03062839
0.04056285
0.04056285
0.04056285
0.03825827
0.03825827
0.03825827
0.03825827
0.03825827
0.03825827
0.03825827
0.03758261
0.03758261
0.03731285
0.03731285
0.03731285
0.03731285
0.03731285
0.03886238
0.03886238
0.03886238
0.03886238
0.03886238
0.03917121
0.03917121
0.03917121
0.04414326
0.04425487
0.04425487
0.04425487
0.04425487
0.04425487
0.05297375
0.06625621
0.06927527
0.06927527
0.06927527
0.07362655
0.08179616
0.08179616
0.08179616
0.08179616
0.09424955
0.09424955
0.11283893
0.12590004
0.12590004
0.12590004
0.116056
0.116056
0.116056
0.116056
0.116056
0.116056
0.116056
0.12241307
0.12241307
0.12241307
0.1342365
0.1342365
0.14112734
0.17602324
0.17602324
0.17602324
0.17602324
0.15034897
0.15034897
0.15034897
0.15034897
0.15034897
0.16103362
0.16103362
0.16103362
0.16103362
0.16103362
0.16103362
0.18054766
0.19229978
0.19229978
0.19229978
0.19229978
0.21695119
0.21695119
0.21695119
0.21695119
0.22995172
0.22995172
0.22995172
0.22995172
0.22995172
0.22995172
0.22995172
0.22995172
0.22995172
0.22995172
0.14412002
0.14412002
0.14412002
0.16478668
0.16478668
0.16478668
0.16478668
0.51856294
0.51856294
0.51856294
0.37863886
0.37863886
0.37863886
0.37863886
0.32929783
0.32929783
0.32929783
0.32929783
0.32929783
0.32929783
0.32929783
0.32929783
0.32929783
0.32929783
0.32929783
0.32929783
0.32929783
0.32929783
0.32929783
0.29352972
0.29352972
0.29352972
0.29352972
0.36023861
0.36023861
0.36023861
0.34357184
0.34357184
0.34357184
0.34357184
0.24101694
0.24101694
0.23170876
0.23170876
0.23170876
0.23170876
0.23170876
0.23170876
0.23170876
0.23170876
0.23170876
0.23170876
0.23170876
0.23170876
0.23170876
0.23170876
0.11370008
0.11370008
0.11370008
0.16037514
0.16037514
0.16037514
0.16037514
0.17674968
0.29024972
0.29024972
0.29024972
0.29024972
0.25390096
0.25390096
0.25390096
0.25390096
0.25390096
0.25390096
0.25390096
0.25390096
0.25390096
0.25390096
0.25390096
0.25390096
0.29374347
0.29374347
0.29374347
0.29374347
0.22544575
0.22544575
0.22544575
0.22544575
0.22544575
0.22544575
0.22544575
0.22544575
0.32213423
0.32213423
0.32213423
0.32213423
0.32213423
0.32213423
0.32213423
0.32213423
0.32213423
0.32213423
0.12805388
0.12805388
0.12805388
0.56700298
0.56700298
0.56700298
0.4868893
0.4868893
0.25550669
0.25550669
0.25550669
0.19631511
0.19631511
0.19631511
0.24947287
0.34346997
0.40449161
0.43199644
0.43199644
0.43199644
0.43199644
0.43199644
0.1442478
0.1442478
0.1442478
0.23587012
0.23587012
0.23587012
0.23587012
0.4209445
0.4209445
0.48327385
0.48327385
0.48327385
0.47800812
0.35630878
0.31905532
0.31905532
0.31905532
0.50261945
0.50261945
0.50261945
0.50261945
0.50261945
0.50261945
0.50261945
0.32940265
0.32940265
0.32940265
0.32940265
0.65822388
1.0
1.0
1.0
0.99397435
0.99397435
0.72196515
0.55161813
0.55161813
0.55161813
0.55161813
0.55161813
0.55161813
0.55161813
0.5657571
0.5657571
0.5657571
0.48556249
0.48556249
0.48556249
0.38585624
0.34690957
0.34690957
0.34690957
0.34690957
0.34690957
0.34690957
0.30149366
0.30149366
0.30023473
0.30023473
0.30023473
0.30023473
0.30023473
0.30023473
0.46306762
0.46306762
0.46306762
0.38715189
0.37884396
0.37884396
0.37884396
0.37884396
0.15986513
0.14229816
0.14229816
0.14229816
0.25423339
0.28587621
0.30701019
0.30701019
0.30701019
0.30094336
0.04406379
0.03503459
0.03503459
0.03503459
0.03131667
0.02526178
0.02526178
0.02526178
0.02526178
0.02526178
0.02757284
0.02757284
0.02757284
0.02757284
0.02757284
0.02757284
0.02761814
0.02761814
0.02761814
0.02761814
0.02761814
0.02761814
0.03272967
0.03272967
0.04925837
0.04925837
0.0499104
0.0499104
0.0499104
0.0499104
0.04274715
0.04274715
0.03671081
0.03671081
0.03086336
0.03086336
0.0214151
0.0186002
0.0186002
0.0186002
0.02221234
0.02221234
0.02234498
0.02234498
0.02234498
0.02234498
0.02234498
0.02234498
0.02234498
0.02234498
0.02514364
0.02514364
0.02514364
0.02514364
0.02514364
0.02514364
0.02514364
0.02514364
0.02465772
0.02465772
0.02465772
0.02170202
0.02170202
0.02170202
0.02170202
0.02170202
0.02170202
0.02170202
0.02170202
0.02170202
0.02170202
0.02170202
0.02170202
0.02170202
0.02170202
0.02170202
0.02293452
0.02293452
0.02293452
0.02293452
0.02293452
0.04045781
0.04045781
0.04045781
0.04045781
0.04045781
0.03233003
0.03233003
0.03233003
0.03233003
0.03233003
0.03233003
0.03233003
0.03132945
0.02842473
0.02842473
0.02842473
0.02842473
0.02842473
0.02842473
0.02842473
0.03430701
0.03430701
0.03430701
0.03086626
0.03086626
0.03086626
0.03086626
0.03086626
0.03086626
0.03086626
0.03086626
0.03009602
0.03009602
0.03009602
0.03009602
0.03009602
0.03009602
0.03117379
0.03233238
0.03233238
0.03233238
0.04815516
0.04815516
0.04815516
0.03844716
0.03844716
0.03811163
0.03811163
0.03164455
0.03164455
0.03164455
0.03125333
0.03125333
0.03125333
0.03125333
0.02722962
0.02722962
0.02722962
0.02722962
0.02722962
0.02722962
0.02722962
0.02743695
0.03376303
0.03376303
0.03808148
0.03808148
0.03808148
0.03746994
0.03746994
0.02904602
0.02904602
0.02904602
0.02904602
0.02665293
0.02533983
0.02533983
0.02533983
0.02539438
0.02539438
0.02539438
0.02539438
0.02539438
0.02539438
0.02539438
0.02539438
0.02539438
0.02539438
0.02327604
0.02327604
0.02327604
0.02327604
0.02327604
0.02327604
0.02327604
0.02319642
0.02250684
0.02250684
0.02250684
0.02448874
0.02811572
0.02811572
0.02811572
0.02811572
0.03270846
0.03270846
0.03270846
0.02775688
0.02775688
0.02775688
0.02775688
0.02775688
0.02775688
0.02775688
0.02775688
0.02775688
0.02775688
0.02775688
0.02775688
0.02775688
0.02775688
0.02775688
0.02978144
0.03281778
0.03281778
0.03281778
0.03078795
0.03078795
0.03078795
0.03078795
0.03078795
0.03078795
0.03078795
0.03078795
0.03510142
0.04843901
0.04843901
0.04843901
0.04843901
0.05292111
0.05749435
0.05749435
0.05749435
0.05749435
0.05749435
0.05749435
0.05749435
0.05749435
0.05749435
0.05749435
0.05749435
0.05749435
0.05749435
0.06032544
0.06032544
0.06032544
0.06032544
0.07709165
0.07709165
0.09185154
0.09185154
0.09185154
0.05553479
0.05553479
0.05553479
0.05553479
0.05553479
0.0594689
0.0594689
0.0594689
0.0594689
0.0594689
0.06418603
0.06418603
0.06418603
0.06418603
0.06418603
0.06418603
0.06418603
0.06418603
0.06418603
0.06418603
0.06418603
0.06282775
0.06282775
0.06282775
0.07275242
0.07275242
0.07275242
0.07275242
0.11246686
0.11246686
0.11246686
0.11246686
0.11246686
0.11246686
0.09475804
0.06736089
0.06736089
0.06736089
0.08956895
0.09742192
0.10719574
0.13345962
0.13968777
0.14897979
0.14897979
0.14897979
0.11187673
0.11187673
0.11187673
0.20653952
0.20653952
0.20653952
0.20653952
0.20653952
0.20653952
0.20653952
0.20653952
0.20653952
0.20653952
0.19160665
0.17014134
0.17014134
0.17014134
0.206312
0.206312
0.206312
0.1182725
0.11445113
0.11445113
0.11445113
0.11445113
0.11445113
0.11445113
0.11445113
0.13198142
0.18147142
0.18147142
0.20082731
0.20082731
0.20082731
0.17773994
0.17773994
0.17773994
0.17773994
0.17773994
0.17773994
0.17773994
0.16712654
0.16712654
0.16712654
0.16712654
0.16712654
0.16424782
0.16265282
0.1561599
0.13035908
0.13035908
0.13035908
0.13035908
0.13035908
0.11929566
0.11762415
0.11762415
0.11762415
0.11107443
0.11107443
0.11107443
0.11107443
0.11107443
0.11107443
0.11107443
0.11107443
0.14451706
0.14451706
0.14451706
0.12664557
0.12664557
0.12664557
0.12664557
0.12664557
0.12664557
0.12664557
0.12664557
0.12664557
0.12664557
0.12867119
0.12867119
0.12867119
0.08864193
0.06998758
0.06998758
0.06998758
0.06998758
0.06424497
0.06424497
0.06424497
0.08978316
0.08978316
0.09390686
0.09390686
0.09390686
0.08805394
0.08805394
0.08805394
0.08805394
0.08805394
0.08805394
0.06673583
0.06673583
0.06502789
0.06502789
0.04779463
0.04779463
0.04779463
0.05110969
0.05110969
0.05110969
0.05110969
0.05110969
0.05110969
0.05110969
0.05335717
0.05335717
0.05335717
0.06264522
0.06264522
0.06264522
0.06264522
0.06264522
0.06264522
0.06371148
0.07651693
0.07651693
0.07967655
0.07967655
0.07967655
0.07967655
0.07967655
0.07967655
0.07967655
0.07967655
0.07967655
0.09842368
0.09842368
0.09842368
0.09842368
0.09842368
0.09842368
0.08976744
0.06403821
0.06403821
0.06403821
0.07448401
0.07448401
0.07448401
0.07448401
0.07448401
0.07448401
0.07448401
0.08701745
0.08701745
0.08701745
0.08701745
0.09126657
0.09126657
0.09126657
0.09126657
0.09126657
0.08890073
0.08766337
0.08766337
0.08766337
0.08511632
0.08511632
0.08511632
0.08511632
0.06900973
0.06900973
0.06900973
0.06900973
0.05189098
0.05189098
0.04819914
0.04819914
0.04819914
0.04819914
0.04819914
0.04819914
0.0478343
0.0478343
0.0478343
0.0478343
0.0478343
0.0478343
0.0478343
0.0478343
0.0478343
0.0478343
0.0478343
0.0478343
0.0478343
0.0478343
0.0478343
0.0478343
0.0478343
0.06500006
0.06500006
0.06500006
0.06500006
0.09241035
0.10504613
0.10504613
0.10669178
0.10669178
0.10669178
0.10273565
0.09762027
0.09762027
0.08285522
0.08284245
0.07879962
0.07302975
0.05803242
0.05803242
0.05803242
0.05961632
0.07884011
0.07884011
0.08275706
0.08275706
0.08275706
0.08275706
0.08275706
0.08275706
0.08275706
0.08275706
0.08275706
0.08275706
0.08275706
0.08703051
0.08703051
0.08703051
0.07267719
0.04614998
0.04614998
0.04614998
0.04614998
0.04614998
0.03954127
0.03954127
0.03954127
0.03954127
0.03954127
0.03954127
0.03954127
0.03954127
0.05852282
0.06887596
0.07837055
0.09213653
0.09927743
0.09927743
0.09927743
0.09927743
0.11199366
0.11199366
0.11275529
0.15661225
0.19310759
0.2042032
0.2042032
0.21693761
0.21693761
0.21693761
0.21693761
0.21693761
0.21693761
0.21262524
0.21262524
0.21262524
0.21262524
0.17832767
0.14682979
0.14682979
0.14682979
0.14682979
0.12291066
0.12291066
0.12291066
0.12291066
0.12279683
0.12279683
0.12279683
0.12279683
0.10885314
0.09966691
0.09847627
0.09847627
0.08978643
0.08978643
0.08978643
0.08978643
0.08978643
0.08978643
0.07966364
0.07966364
0.07966364
0.07966364
0.06485799
0.05549691
0.05549691
0.05420489
0.05420489
0.05420489
0.05420489
0.04713977
0.04713977
0.04713977
0.04713977
0.04713977
0.04713977
0.04713977
0.04842504
0.04842504
0.04842504
0.04842504
0.04842504
0.04842504
0.04842504
0.04842504
0.04842504
0.04842504
0.04842504
0.04921801
0.04921801
0.04921801
0.04921801
0.04921801
0.04724863
0.04724863
0.04724863
0.04758668
0.04758668
0.04758668
0.04758668
0.04758668
0.04758668
0.07694757
0.08308047
0.08308047
0.10729362
0.10729362
0.10729362
0.11493348
0.11493348
0.16158683
0.16158683
0.16158683
0.12993569
0.04135429
0.04135429
0.04135429
0.07171356
0.07171356
0.07171356
0.07171356
0.07171356
0.07171356
0.08495393
0.08495393
0.08495393
0.08831916
0.12651907
0.12651907
0.12651907
0.12651907
0.12651907
0.08332752
0.08332752
0.08332752
0.08332752
0.08332752
0.08332752
0.08332752
0.0969271
0.0969271
0.0969271
0.0969271
0.0969271
0.10946458
0.12140925
0.12140925
0.12140925
0.14591963
0.14591963
0.14591963
0.14591963
0.14591963
0.14331789
0.11713162
0.11713162
0.11713162
0.11122401
0.11122401
0.10691235
0.10691235
0.10691235
0.09783341
0.09783341
0.09783341
0.09783341
0.09783341
0.09783341
0.09783341
0.08859524
0.08859524
0.08859524
0.08859524
0.02577878
0.02577878
0.02577878
0.02538154
0.02538154
0.02538154
0.02538154
0.02538154
0.02538154
0.02538154
0.02538154
0.02419588
0.02419588
0.02419588
0.02419588
0.01185014
0.01185014
0.00634286
0.00611655
0.00611655
0.00611655
0.00611655
0.01138297
0.02269995
0.02420231
0.02420231
0.02420231
0.01987141
0.01987141
0.01987141
0.01987141
0.02102777
0.02102777
0.02102777
0.01959024
0.01959024
0.01959024
0.01959024
0.01959024
0.01959024
0.0182705
0.0182705
0.0182705
0.0144032
0.0144032
0.0144032
0.01941561
0.01941561
0.01941561
0.01686784
0.01686784
0.01686784
0.01686784
0.01686784
0.01686784
0.01686784
0.01686784
0.01957846
0.01957846
0.01957846
0.01949866
0.01949866
0.01949866
0.01949866
0.01949866
0.01949866
0.01949866
0.01949866
0.01949866
0.02411619
0.02411619
0.02622928
0.02622928
0.02622928
0.02545563
0.02545563
0.0252478
0.0252478
0.0252478
0.0252478
0.0252478
0.0252478
0.0252478
0.02444618
0.02444618
0.02444618
0.02444618
0.02444618
0.03031911
0.03210734
0.03210734
0.03210734
0.03210734
0.03210734
0.03339015
0.03339015
0.03339015
0.02943167
0.02943167
0.02873498
0.02873498
0.02873498
0.02873498
0.02360052
0.02122969
0.02122969
0.02122969
0.02006008
0.02006008
0.02006008
0.02006008
0.02006008
0.02006008
0.02006008
0.02084938
0.02113925
0.03215592
0.03215592
0.03215592
0.03215592
0.03421334
0.03421334
0.03421334
0.03421334
0.03421334
0.03887044
0.03887044
0.03887044
0.03887044
0.03887044
0.03887044
0.03887044
0.03887044
0.03711304
0.03711304
0.03711304
0.04156858
0.04226592
0.04226592
0.04226592
0.04226592
0.05546331
0.05546331
0.05546331
0.05908293
0.1105596
0.1105596
0.11649263
0.11754185
0.11754185
0.11754185
0.11754185
0.11754185
0.11754185
0.10210151
0.10088381
0.06616407
0.06616407
0.06616407
0.06616407
0.04389798
0.04389798
0.03380672
0.03380672
0.03380672
0.03380672
0.03380672
0.03380672
0.03497844
0.03875255
0.05182191
0.05182191
0.05182191
0.03132171
0.03132171
0.03132171
0.03132171
0.04395242
0.05323073
0.05323073
0.05323073
0.0705042
0.0705042
0.07445032
0.07445032
0.07445032
0.07445032
0.07445032
0.07445032
0.07300639
0.07300639
0.07300639
0.07300639
0.07300639
0.07300639
0.07300639
0.07300639
0.07300639
0.08915923
0.08915923
0.08915923
0.08915923
0.08915923
0.07360472
0.07360472
0.07360472
0.1040586
0.1040586
0.1040586
0.1040586
0.07245081
0.07245081
0.07245081
0.1066091
0.1066091
0.1066091
0.0931552
0.08293738
0.07149805
0.07149805
0.07149805
0.07149805
0.05428839
0.05428839
0.0460235
0.0460235
0.0460235
0.0460235
0.0460235
0.0460235
0.0460235
0.0460235
0.0460235
0.04466871
0.04056433
0.04056433
0.03373458
0.03373458
0.03373458
0.03373458
0.03373458
0.0392488
0.10351936
0.10351936
0.10351936
0.10206786
0.10206786
0.10206786
0.10663904
0.10663904
0.10663904
0.09999771
0.09463335
0.09463335
0.09463335
0.09463335
0.09463335
0.09463335
0.08252223
0.06986582
0.06986582
0.06986582
0.07777829
0.07777829
0.07777829
0.05501469
0.03382397
0.03382397
0.03382397
0.03470074
0.04380207
0.05481638
0.05481638
0.05481638
0.05481638
0.05481638
0.05481638
0.05481638
0.05481638
0.05781942
0.05803806
0.05803806
0.06146475
0.06146475
0.06146475
0.05627536
0.05566696
0.05566696
0.05566696
0.05610186
0.05610186
0.05610186
0.05610186
0.05610186
0.05610186
0.04945225
0.03899904
0.03899904
0.02272556
0.02272556
0.02272556
0.0424599
0.0424599
0.0424599
0.03651056
0.03651056
0.03073987
0.03073987
0.03073987
0.03073987
0.03585306
0.05622144
0.08232377
0.08232377
0.08232377
0.08232377
0.06579275
0.05003654
0.0459941
0.0459941
0.04318033
0.02902158
0.02902158
0.02902158
0.02481527
0.02481527
0.02481527
0.03514832
0.03822415
0.03822415
0.03822415
0.05928908
0.05928908
0.05928908
0.05364771
0.02737027
0.02605022
0.02605022
0.02605022
0.02605022
0.02605022
0.02605022
0.02732815
0.02732815
0.02732815
0.02732815
0.02732815
0.02732815
0.02732815
0.02732815
0.02732815
0.02732815
0.02732815
0.02732815
0.02732815
0.02048295
0.02048295
0.02048295
0.02398258
0.02398258
0.02513619
0.02865334
0.02865334
0.02938339
0.02938339
0.02938339
0.02938339
0.02938339
0.03223429
0.03223429
0.03223429
0.02623791
0.02623791
0.02623791
0.02668935
0.02668935
0.02668935
0.02668935
0.02636234
0.02636234
0.02314053
0.02314053
0.02314053
0.02484727
0.02744698
0.02744698
0.02744698
0.02744698
0.02744698
0.02744698
0.02588295
0.02588295
0.02588295
0.02626506
0.02626506
0.02626506
0.03289922
0.03330417
0.03330417
0.03330417
0.03330417
0.03330417
0.03330417
0.03330417
0.03330417
0.03330417
0.03330417
0.03330417
0.03330417
0.03330417
0.03330417
0.02288067
0.02288067
0.02288067
0.02611156
0.02611156
0.02611156
0.02611156
0.02611156
0.02611156
0.02611156
0.02611156
0.02611156
0.02611156
0.02611156
0.02611156
0.02611156
0.02328349
0.02328349
0.02328349
0.02328349
0.01976932
0.01976932
0.01976932
0.01916364
0.01916364
0.01916364
0.01916364
0.01916364
0.01916364
0.01916364
0.01916364
0.01927187
0.01997505
0.01997505
0.01997505
0.02796009
0.03250013
0.03250013
0.03250013
0.02403485
0.02403485
0.02403485
0.02403485
0.02403485
0.03812132
0.03812132
0.03812132
0.02534495
0.02534495
0.02534495
0.02868101
0.02868101
0.04829827
0.05578533
0.07712415
0.07712415
0.07712415
0.07712415
0.07712415
0.05799817
0.05799817
0.05799817
0.05799817
0.05799817
0.05799817
0.03914277
0.03914277
0.03914277
0.06573586
0.06573586
0.06573586
0.06573586
0.06573586
0.06573586
0.06573586
0.06573586
0.06596921
0.07918276
0.09390784
0.09720953
0.09720953
0.09720953
0.09428095
0.09048891
0.09048891
0.04899079
0.04899079
0.04899079
0.04899079
0.04899079
0.04899079
0.10883964
0.10883964
0.11471111
0.14061478
0.14061478
0.14061478
0.14061478
0.10832795
0.10832795
0.10832795
0.1159909
0.1159909
0.1159909
0.11499911
0.11499911
0.11499911
0.11499911
0.11499911
0.11499911
0.12499229
0.1388352
0.1388352
0.1388352
0.13656385
0.13656385
0.11516726
0.09276756
0.09276756
0.09276756
0.09276756
0.09276756
0.09276756
0.16271266
0.17403207
0.22387851
0.22387851
0.26940945
0.29895239
0.29895239
0.31463083
0.31463083
0.31463083
0.2617945
0.2617945
0.2617945
0.2617945
0.13264653
0.13264653
0.13264653
0.16639692
0.17358311
0.17358311
0.17358311
0.17358311
0.11369853
0.0726574
0.0726574
0.0726574
0.10785162
0.10785162
0.10785162
0.10785162
0.10785162
0.10785162
0.10785162
0.10785162
0.10785162
0.12709653
0.12709653
0.12709653
0.12709653
0.12709653
0.12709653
0.06765797
0.06765797
0.06765797
0.10376863
0.13104654
0.13326791
0.30064274
0.30064274
0.30064274
0.2640021
0.07074136
0.07074136
0.07074136
0.0747187
0.0747187
0.0747187
0.0747187
0.0747187
0.0747187
0.0747187
0.0747187
0.04720517
0.04254666
0.04254666
0.04254666
0.04254666
0.04254666
0.04316729
0.04316729
0.04316729
0.05721498
0.05721498
0.05721498
0.05721498
0.05721498
0.05721498
0.04188348
0.04188348
0.04188348
0.04188348
0.04188348
0.03598988
0.03598988
0.03598988
0.04166137
0.04166137
0.04166137
0.04166137
0.04166137
0.04166137
0.04166137
0.04166137
0.07641554
0.07641554
0.07641554
0.07641554
0.07641554
0.07641554
0.07007183
0.06736316
0.06736316
0.06736316
0.06736316
0.07585633
0.07585633
0.15839801
0.15839801
0.15839801
0.07868772
0.07868772
0.07868772
0.07868772
0.07868772
0.07868772
0.07868772
0.13533749
0.13533749
0.13533749
0.07790756
0.07790756
0.07790756
0.07790756
0.07421548
0.07421548
0.07421548
0.07421548
0.07421548
0.07421548
0.07799912
0.07799912
0.07799912
0.12086932
0.13334075
0.13334075
0.13334075
0.12720258
0.07331864
0.07331864
0.07331864
0.07331864
0.10561121
0.10561121
0.10561121
0.17579035
0.18254612
0.18254612
0.18254612
0.18254612
0.18254612
0.12248452
0.11968595
0.08392073
0.08392073
0.08392073
0.08392073
0.08392073
0.08392073
0.08643399
0.08643399
0.10738263
0.12907787
0.12907787
0.16589015
0.16589015
0.16589015
0.16589015
0.16589015
0.16589015
0.16589015
0.18567527
0.18567527
0.18567527
0.18567527
0.18567527
0.18567527
0.14059937
0.14059937
0.14059937
0.14059937
0.14059937
0.14059937
0.44492382
0.44492382
0.44492382
0.37638965
0.09968679
0.06216644
0.06216644
0.06216644
0.04612985
0.04612985
0.0451986
0.02318209
0.02150251
0.02150251
0.02150251
0.02457211
0.02457211
0.02457211
0.02457211
0.03277865
0.03277865
0.03277865
0.03277865
0.03277865
0.03277865
0.03081681
0.03081681
0.03081681
0.03555432
0.03555432
0.03555432
0.04040955
0.04040955
0.04040955
0.04040955
0.04040955
0.04040955
0.04040955
0.04040955
0.04040955
0.04000834
0.03936495
0.03936495
0.03936495
0.03936495
0.03936495
0.03936495
0.04031914
0.04447307
0.04447307
0.04447307
0.04389801
0.04286396
0.04286396
0.04236514
0.04236514
0.04236514
0.04236514
0.04236514
0.04236514
0.04519503
0.04519503
0.04519503
0.04519503
0.04519503
0.04519503
0.04519503
0.04519503
0.04519503
0.04594125
0.04594125
0.04594125
0.04594125
0.04594125
0.04594125
0.04594125
0.04594125
0.04594125
0.04594125
0.04357549
0.04357549
0.04357549
0.04357549
0.04357549
0.04357549
0.04357549
0.04357549
0.04357549
0.04357549
0.04357549
0.04357549
0.04194414
0.03801829
0.03801829
0.0341793
0.0341793
0.0341793
0.0341793
0.03437854
0.03437854
0.03437854
0.03437854
0.03437854
0.03437854
0.03571947
0.04137504
0.04137504
0.0441579
0.04420713
0.04420713
0.04420713
0.03641151
0.03641151
0.03641151
0.03641151
0.03641151
0.03641151
0.03641151
0.03641151
0.03697141
0.03697141
0.03697141
0.03697141
0.03697141
0.03697141
0.03496793
0.03496793
0.03496793
0.03496793
0.03496793
0.03445141
0.03445141
0.03445141
0.03445141
0.03445141
0.03445141
0.03311699
0.03311699
0.03311699
0.03311699
0.03311699
0.03311699
0.03183934
0.03183934
0.03183934
0.03183934
0.03183934
0.03183934
0.03183934
0.03183934
0.03999911
0.03999911
0.03999911
0.03999911
0.03999911
0.03999911
0.03999911
0.03999911
0.03999911
0.03999911
0.03999911
0.03999911
0.04608066
0.04824064
0.04824064
0.04824064
0.0372857
0.0368347
0.03447608
0.03447608
0.03447608
0.03806504
0.03806504
0.03806504
0.03806504
0.03806504
0.14247668
0.14247668
0.14247668
0.0868264
0.06518312
0.0487556
0.0487556
0.0487556
0.02992671
0.02992671
0.02992671
0.02992671
0.03718736
0.03718736
0.03718736
0.02621148
0.02621148
0.02454181
0.02454181
0.02454181
0.02454181
0.02454181
0.02454181
0.02454181
0.02454181
0.02877749
0.02877749
0.02877749
0.02877749
0.02877749
0.03077552
0.03077552
0.0350849
0.0350849
0.03926389
0.03926389
0.0714702
0.0714702
0.0714702
0.06535931
0.06535931
0.06535931
0.06535931
0.05943515
0.05943515
0.05943515
0.05943515
0.06511002
0.06511002
0.06511002
0.06317652
0.06317652
0.06317652
0.06317652
0.06317652
0.06317652
0.06317652
0.06317652
0.08883318
0.09308806
0.09308806
0.09308806
0.12432094
0.12432094
0.12432094
0.12432094
0.12432094
0.12432094
0.11748217
0.11748217
0.11748217
0.11748217
0.11748217
0.11213107
0.11213107
0.11213107
0.11575302
0.11575302
0.11575302
0.11575302
0.11575302
0.11575302
0.08325901
0.07322134
0.06529815
0.03477617
0.03416228
0.03416228
0.02857748
0.01344376
0.01344376
0.01344376
0.02041673
0.02041673
0.02041673
0.02041673
0.03853209
0.04064448
0.04064448
0.04435061
0.0520301
0.0520301
0.0676988
0.0676988
0.0676988
0.0676988
0.06980219
0.0814703
0.08245063
0.09852349
0.09852349
0.09852349
0.06141225
0.06059452
0.06059452
0.06059452
0.06059452
0.04885756
0.04885756
0.04885756
0.04885756
0.04885756
0.04885756
0.29149665
0.29149665
0.32284552
0.32284552
0.32284552
0.32284552
0.32284552
0.23243014
0.18360242
0.18360242
0.18360242
0.18360242
0.18360242
0.14463497
0.14463497
0.14463497
0.14463497
0.14463497
0.14463497
0.11543163
0.11543163
0.11543163
0.07748519
0.07748519
0.06917163
0.06917163
0.06917163
0.05422797
0.03422231
0.03422231
0.03422231
0.0401299
0.04534138
0.04534138
0.06568991
0.06568991
0.06568991
0.06568991
0.06784255
0.08248294
0.08248294
0.09462364
0.12099562
0.13144236
0.13359247
0.13765022
0.13765022
0.18867218
0.21057876
0.23337009
0.23337009
0.23337009
0.24113957
0.24113957
0.24113957
0.15696907
0.15696907
0.15696907
0.15696907
0.15696907
0.15696907
0.15955883
0.15955883
0.15955883
0.14488674
0.14488674
0.14488674
0.11409109
0.11004993
0.1046501
0.1046501
0.1046501
0.11351659
0.11351659
0.11351659
0.11351659
0.09909734
0.09909734
0.09909734
0.09909734
0.09909734
0.09909734
0.09909734
0.08914539
0.08914539
0.08914539
0.09400289
0.10659227
0.10659227
0.14554737
0.14554737
0.14944583
0.14944583
0.14944583
0.14944583
0.14944583
0.14944583
0.14944583
0.14944583
0.14944583
0.11596774
0.11596774
0.11596774
0.10224145
0.10224145
0.10224145
0.10224145
0.10224145
0.07016403
0.07016403
0.07016403
0.07016403
0.05273231
0.05273231
0.05273231
0.05273231
0.05273231
0.05273231
0.05273231
0.05273231
0.0397945
0.0397945
0.0397945
0.0397945
0.0397945
0.0397945
0.04763474
0.04763474
0.04763474
0.04763474
0.04825335
0.04825335
0.04825335
0.04825335
0.04825335
0.04825335
0.04825335
0.04825335
0.04825335
0.04825335
0.04417094
0.04417094
0.04417094
0.0832193
0.0832193
0.0832193
0.07232461
0.07232461
0.07232461
0.07232461
0.07232461
0.07232461
0.07232461
0.06202461
0.06133951
0.06133951
0.03481357
0.03481357
0.03481357
0.03935399
0.03935399
0.03935399
0.03868666
0.03868666
0.03868666
0.03868666
0.03868666
0.03404984
0.03404984
0.03404984
0.02795925
0.02795925
0.02795925
0.02795925
0.02860323
0.02860323
0.02860323
0.02637451
0.02637451
0.02637451
0.02637451
0.02637451
0.02637451
0.02637451
0.02637451
0.02637451
0.02637451
0.02637451
0.02637451
0.02637451
0.03057071
0.03057071
0.03057071
0.03773757
0.04128132
0.04241038
0.0444773
0.15065764
0.15065764
0.18151177
0.18151177
0.18151177
0.18151177
0.18151177
0.18151177
0.18151177
0.1732654
0.16049894
0.11574143
0.11574143
0.11574143
0.11574143
0.11574143
0.11574143
0.11574143
0.12513271
0.12513271
0.12513271
0.11366934
0.11366934
0.07358914
0.07358914
0.07358914
0.08328113
0.08612751
0.08612751
0.08612751
0.08612751
0.08076155
0.06704929
0.06122842
0.06122842
0.06122842
0.05489119
0.05489119
0.04926305
0.04926305
0.04656495
0.04440369
0.04440369
0.04440369
0.04812706
0.05101402
0.05101402
0.05101402
0.05084541
0.0450544
0.0450544
0.0450544
0.0450544
0.0450544
0.0450544
0.0450544
0.05738658
0.05738658
0.05738658
0.05317453
0.05192552
0.05192552
0.05192552
0.05446056
0.05446056
0.05446056
0.05446056
0.05446056
0.05519203
0.05519203
0.05519203
0.05519203
0.07009699
0.07009699
0.08728769
0.08728769
0.08728769
0.08728769
0.05750241
0.05724516
0.05405966
0.05405966
0.04910231
0.02820378
0.02820378
0.02820378
0.02820378
0.02820378
0.03231764
0.03863372
0.03863372
0.03863372
0.03863372
0.03863372
0.03863372
0.03863372
0.03863372
0.03863372
0.03863372
0.03863372
0.03863372
0.04576229
0.04576229
0.04576229
0.04576229
0.04576229
0.04576229
0.04576229
0.04576229
0.04576229
0.05096015
0.05096015
0.05096015
0.05096015
0.05096015
0.05096015
0.05096015
0.05096015
0.02982255
0.0294113
0.0294113
0.0294113
0.0294113
0.0294113
0.0294113
0.02936068
0.02936068
0.02936068
0.0323952
0.04593297
0.04593297
0.04593297
0.04593297
0.03446439
0.03446439
0.03446439
0.03446439
0.03446439
0.03446439
0.03446439
0.03446439
0.03797138
0.04471429
0.04471429
0.04471429
0.02064602
0.02064602
0.02064602
0.03302631
0.03302631
0.03302631
0.03208321
0.03208321
0.03208321
0.03208321
0.03208321
0.03208321
0.03364355
0.03364355
0.03364355
0.03615208
0.0609738
0.0609738
0.0609738
0.05881712
0.0444861
0.03949381
0.03949381
0.03949381
0.02834084
0.02834084
0.02834084
0.02834084
0.02834084
0.02834084
0.02834084
0.02852305
0.02852305
0.02902622
0.03009986
0.03156711
0.03156711
0.03156711
0.02916859
0.02916859
0.02916859
0.02916859
0.02916859
0.02916859
0.04321022
0.04337606
0.04337606
0.04337606
0.03766444
0.03766444
0.03277781
0.03277781
0.03277781
0.03277781
0.03179514
0.03179514
0.03179514
0.03179514
0.03179514
0.03179514
0.03179514
0.03044695
0.03044695
0.03044695
0.03044695
0.03044695
0.03415648
0.03415648
0.03415648
0.03415648
0.03415648
0.03415648
0.03415648
0.03415648
0.03415648
0.03415648
0.03415648
0.02714636
0.02440031
0.02214989
0.02214989
0.02214989
0.02214989
0.02214989
0.04816316
0.04816316
0.04853215
0.051292
0.0564256
0.0564256
0.0564256
0.0564256
0.0564256
0.05127775
0.05049108
0.0470636
0.04358635
0.0399384
0.03933494
0.03933494
0.03933494
0.03933494
0.03933494
0.03933494
0.03667548
0.03667548
0.03289299
0.03136222
0.03136222
0.03136222
0.03136222
0.02590263
0.02580118
0.02580118
0.02580118
0.02450239
0.02450239
0.02375476
0.02375476
0.02375476
0.02375476
0.02375476
0.02375476
0.02375476
0.02375476
0.02375476
0.02375476
0.02253492
0.02253492
0.02253492
0.02253492
0.02253492
0.02253492
0.02253492
0.02253492
0.02068115
0.02068115
0.02068115
0.02939797
0.02939797
0.02939797
0.02939797
0.02939797
0.02266339
0.02266339
0.02266339
0.05727905
0.05727905
0.05727905
0.05727905
0.04999674
0.04999674
0.03866632
0.03866632
0.03174729
0.03174729
0.03174729
0.03174729
0.03403864
0.03403864
0.03403864
0.03403864
0.03403864
0.03403864
0.03403864
0.03403864
0.03403864
0.03403864
0.03403864
0.03403864
0.03403864
0.03403864
0.03282434
0.02229371
0.02229371
0.02229371
0.023486
0.023486
0.02512739
0.02512739
0.02512739
0.02259232
0.02259232
0.02259232
0.02259232
0.02259232
0.02259232
0.02259232
0.02259232
0.02499616
0.02499616
0.02499616
0.02499616
0.02468904
0.02468904
0.02468904
0.02846506
0.02846506
0.02846506
0.02846506
0.02846506
0.02846506
0.02846506
0.02846506
0.02758228
0.02758228
0.02758228
0.02758228
0.02758228
0.02758228
0.02912658
0.02912658
0.02912658
0.02912658
0.02912658
0.02222504
0.02222504
0.02222504
0.02222504
0.02222504
0.02222504
0.02522634
0.02522634
0.02543259
0.02543259
0.02543259
0.02146
0.02146
0.02146
0.02146
0.02534301
0.02642841
0.02642841
0.02642841
0.02368066
0.02368066
0.02368066
0.02039184
0.02039184
0.01347478
0.01347478
0.01347478
0.01347478
0.01347478
0.01347478
0.01347478
0.01347478
0.01347478
0.01347478
0.01347478
0.01347478
0.01347478
0.01347478
0.01347478
0.01993013
0.01993013
0.01993013
0.01683713
0.01683713
0.01683713
0.01683713
0.01683713
0.01683713
0.01737218
0.01737218
0.01737218
0.01521716
0.01442639
0.01442639
0.01442639
0.01442639
0.01442639
0.01442639
0.01442639
0.01619613
0.01619613
0.01619613
0.01749492
0.01749492
0.01749492
0.01749492
0.01749492
0.01749492
0.02008355
0.02008355
0.02008355
0.02008355
0.02325413
0.02325413
0.02325413
0.02325413
0.02325413
0.02325413
0.02325413
0.02325413
0.02325413
0.01750639
0.01750639
0.01750639
0.01420626
0.0141405
0.0141405
0.0141405
0.01613515
0.01986784
0.01986784
0.01986784
0.01986784
0.01986784
0.01986784
0.01911073
0.01911073
0.01911073
0.01911073
0.01911073
0.01954509
0.02070882
0.02070882
0.02070882
0.02070882
0.02161318
0.0242916
0.0242916
0.0242916
0.0242916
0.0242916
0.0242916
0.0242916
0.0242916
0.02094086
0.02094086
0.02094086
0.02094086
0.02094086
0.02094086
0.02094086
0.02094086
0.02094086
0.02094086
0.02094086
0.02094086
0.02094086
0.02094086
0.02386134
0.02386134
0.02386134
0.02386134
0.02386134
0.02812081
0.02812081
0.02812081
0.02668185
0.02668185
0.02273507
0.02121184
0.02019546
0.02019546
0.02019546
0.02019546
0.02019546
0.02377701
0.02377701
0.02377701
0.02377701
0.02377701
0.02377701
0.02377701
0.02377701
0.01995637
0.01995637
0.01995637
0.02334951
0.02334951
0.02334951
0.02334951
0.02334951
0.02334951
0.02334951
0.02334951
0.02334951
0.02334951
0.02334951
0.02134086
0.02134086
0.02134086
0.02134086
0.02456215
0.02456215
0.02456215
0.02456215
0.02456215
0.02456215
0.02456215
0.02456215
0.02456215
0.02456215
0.02456215
0.02758752
0.02758752
0.02758752
0.02758752
0.02758752
0.02758752
0.02649659
0.02649659
0.02649659
0.02649659
0.02649659
0.02649659
0.02649659
0.02649659
0.02649659
0.02649659
0.02649659
0.02746012
0.02746012
0.02746012
0.02858249
0.02858249
0.02858249
0.02807055
0.02807055
0.02807055
0.03693878
0.03693878
0.03693878
0.03430324
0.02824873
0.02824873
0.02824873
0.02824873
0.02824873
0.02824873
0.02824873
0.03154648
0.03156251
0.03156251
0.03156251
0.03151002
0.03151002
0.03151002
0.03151002
0.03151002
0.03151002
0.03151002
0.03515161
0.03515161
0.03515161
0.03515161
0.03515161
0.03515161
0.03515161
0.03515161
0.03313642
0.03233682
0.03233682
0.03233682
0.03233682
0.03233682
0.03233682
0.03233682
0.03233682
0.03233682
0.03233682
0.03233682
0.03233682
0.03233682
0.03877267
0.03877267
0.03877267
0.0316037
0.0316037
0.0316037
0.0316037
0.0316037
0.0316037
0.03202166
0.03277317
0.03277317
0.03277317
0.04224075
0.04625639
0.04625639
0.04625639
0.04625639
0.04341883
0.04341883
0.03498951
0.03498951
0.03498951
0.03498951
0.03498951
0.02903391
0.02630246
0.02577564
0.02577564
0.02577564
0.02577564
0.02577564
0.02577564
0.02577564
0.02652145
0.03172838
0.03172838
0.03172838
0.02240475
0.01414382
0.01414382
0.01414382
0.01414382
0.02128699
0.02241503
0.02241503
0.02241503
0.03055296
0.03055296
0.03055296
0.03055296
0.03055296
0.03019366
0.03019366
0.03019366
0.03019366
0.03019366
0.03019366
0.03019366
0.03019366
0.03019366
0.02989864
0.02989864
0.02989864
0.02543606
0.02543606
0.02543606
0.02543606
0.02543606
0.02799893
0.02799893
0.02799893
0.02799893
0.02799893
0.02799893
0.02799893
0.02799893
0.02766641
0.02521938
0.02521938
0.02521938
0.02521938
0.02291978
0.02291978
0.01920942
0.01847545
0.01847545
0.01847545
0.02719113
0.02719113
0.02719113
0.02643085
0.02643085
0.02643085
0.02643085
0.02643085
0.02643085
0.02643085
0.02643085
0.02836863
0.02836863
0.02836863
0.02836863
0.03822185
0.03822185
0.03822185
0.03822185
0.03822185
0.03822185
0.03822185
0.03822185
0.03721256
0.03721256
0.03721256
0.03721256
0.03721256
0.03721256
0.03721256
0.04303078
0.04303078
0.04303078
0.04303078
0.04303078
0.04303078
0.04303078
0.03361232
0.03361232
0.0322376
0.0322376
0.0322376
0.0322376
0.0322376
0.0322376
0.02780671
0.02780671
0.02780671
0.02780671
0.02780671
0.02780671
0.02780671
0.00139963
0.00139963
0.0
0.0
0.0
0.0
0.0
0.0
0.0
0.0
0.0
0.00167633
0.00167633
0.00167633
0.00167633
0.00167633
0.00430153
0.00430153
0.0066571
0.0066571
0.0066571
0.0066571
0.00547425
0.00361007
0.0002243
0.0002243
0.0002243
0.0002243
0.0002243
0.00602982
0.02782406
0.02782406
0.02782406
0.02850864
0.03050982
0.03050982
0.03050982
0.02997501
0.02997501
0.02997501
0.02997501
0.02997501
0.03393438
0.03393438
0.03471061
0.04825664
0.04825664
0.04825664
0.04453015
0.03221968
0.02787073
0.02787073
0.02787073
0.04662362
0.04662362
0.04662362
0.05970725
0.05970725
0.09840459
0.10212014
0.10212014
0.10450402
0.15781875
0.16019392
0.16250984
0.19251698
0.19251698
0.19251698
0.17819661
0.17819661
0.17819661
0.18045315
0.18045315
0.18737367
0.18737367
0.19867536
0.19867536
0.19867536
0.19867536
0.19867536
0.19867536
0.19867536
0.19867536
0.19867536
0.19867536
0.16303029
0.16303029
0.16303029
0.16088573
0.16088573
0.16088573
0.15389937
0.15389937
0.15389937
0.16511462
0.16511462
0.16869233
0.16869233
0.19038387
0.19320373
0.19320373
0.21532622
0.22836034
0.22836034
0.22836034
0.31586351
0.31586351
0.31586351
0.31586351
0.31586351
0.3288824
0.33233492
0.35539414
0.35539414
0.35539414
0.38201495
0.38816316
0.38816316
0.38816316
0.26364656
0.07738845
0.03553071
0.03553071
0.03553071
0.03195961
0.03195961
0.03195961
0.03195961
0.03149746
0.02421738
0.02421738
0.02421738
0.02557083
0.02557083
0.0299128
0.0299128
0.0299128
0.0299128
0.0299128
0.0299128
0.0299128
0.03791237
0.03791237
0.03791237
0.04596088
0.04596088
0.04596088
0.03746921
0.03673547
0.03673547
0.03673547
0.03673547
0.03673547
0.03673547
0.03673547
0.03673547
0.03673547
0.04558636
0.04871797
0.04871797
0.04981033
0.04981033
0.04981033
0.04682937
0.04534428
0.04534428
0.03888518
0.03888518
0.03888518
0.03888518
0.03888518
0.03888518
0.03888518
0.03888518
0.03888518
0.03888518
0.03888518
0.24898148
0.37256797
0.37256797
0.37256797
0.37256797
0.37256797
0.34864805
0.34864805
0.34864805
0.34864805
0.34864805
0.3520487
0.3520487
0.3520487
0.12313264
0.12313264
0.12313264
0.12313264
0.12232485
0.12232485
0.12232485
0.13302061
0.13302061
0.13302061
0.13302061
0.13302061
0.13302061
0.13302061
0.13302061
0.13302061
0.13302061
0.13302061
0.13072395
0.13072395
0.13072395
0.1369867
0.1369867
0.1369867
0.1369867
0.1369867
0.1369867
0.1369867
0.13295292
0.13295292
0.1232706
0.1232706
0.1232706
0.1232706
0.1232706
0.1232706
0.12519935
0.12519935
0.13018782
0.13018782
0.13018782
0.12326862
0.12326862
0.12326862
0.12326862
0.12326862
0.1294776
0.1294776
0.1294776
0.1294776
0.13799372
0.13799372
0.13799372
0.13799372
0.13799372
0.13799372
0.13799372
0.13799372
0.13799372
0.13799372
0.13816923
0.13816923
0.13816923
0.14448048
0.14448048
0.14647543
0.14860916
0.14860916
0.14860916
0.18452276
0.18452276
0.18452276
0.18452276
0.18452276
0.18452276
0.18452276
0.19079658
0.19652656
0.19652656
0.19652656
0.20001262
0.20001262
0.20001262
0.23713462
0.24622969
0.27828537
0.27828537
0.27828537
0.27828537
0.27828537
0.27828537
0.02984842
0.02309604
0.02309604
0.02309604
0.02027647
0.02027647
0.02027647
0.02027647
0.02027647
0.02027647
0.02027647
0.02027647
0.02027647
0.01791641
0.01791641
0.01791641
0.0206839
0.0206839
0.0206839
0.0206839
0.00886261
0.00886261
0.00886261
0.00886261
0.00886261
0.00886261
0.0142468
0.0600486
0.0600486
0.06394338
0.06394338
0.06394338
0.06394338
0.06394338
0.06394338
0.06394338
0.06394338
0.16168051
0.16168051
0.16168051
0.16168051
0.28443217
0.28443217
0.32196497
0.32196497
0.32196497
0.32196497
0.32196497
0.32196497
0.32196497
0.32196497
0.32196497
0.32196497
0.32196497
0.32196497
0.28691817
0.28691817
0.28691817
0.28691817
0.28691817
0.28691817
0.29000014
0.29000014
0.29000014
0.3133065
0.3133065
0.32336373
0.32336373
0.32336373
0.32336373
0.32336373
0.32336373
0.32336373
0.32336373
0.32336373
0.32336373
0.32336373
0.31627752
0.31627752
0.31627752
0.31627752
0.31627752
0.31627752
0.31627752
0.15523745
0.14793485
0.14793485
0.14793485
0.14793485
0.14793485
0.13476093
0.12359775
0.12359775
0.12359775
0.13934153
0.13934153
0.13934153
0.24994366
0.24994366
0.24994366
0.13485301
0.13485301
0.13485301
0.13485301
0.13485301
0.13485301
0.1862242
0.1862242
0.1862242
0.1862242
0.20117556
0.20117556
0.20117556
0.20108027
0.20108027
0.20108027
0.20108027
0.20108027
0.20108027
0.1949787
0.1639089
0.1639089
0.1639089
0.16094233
0.16094233
0.16094233
0.16094233
0.13745862
0.13745862
0.13745862
0.13745862
0.13745862
0.13745862
0.13745862
0.13387135
0.13387135
0.13387135
0.13387135
0.13387135
0.13387135
0.13387135
0.11799069
0.11646816
0.11094304
0.11094304
0.09736746
0.09736746
0.09736746
0.09736746
0.09388331
0.09388331
0.09388331
0.09790214
0.09790214
0.09790214
0.09790214
0.0916759
0.08015946
0.07968053
0.07968053
0.07968053
0.07968053
0.12672135
0.12672135
0.12672135
0.04965697
0.04965697
0.04965697
0.04965697
0.04965697
0.04965697
0.04965697
0.04731705
0.04731705
0.04731705
0.06306168
0.06306168
0.06306168
0.06306168
0.06548894
0.06548894
0.08431672
0.09310508
0.11507655
0.11507655
0.12055768
0.12055768
0.12055768
0.12055768
0.12055768
0.12970771
0.143279
0.143279
0.143279
0.143279
0.143279
0.36002303
0.36002303
0.36002303
0.36002303
0.36002303
0.36002303
0.37206906
0.37206906
0.37206906
0.36953925
0.36953925
0.36953925
0.36953925
0.312847
0.312847
0.312847
0.27140283
0.27140283
0.27083452
0.12819244
0.12819244
0.12819244
0.13604301
0.13604301
0.13604301
0.1385749
0.1385749
0.1385749
0.15840238
0.1726359
0.1726359
0.1726359
0.1726359
0.1726359
0.1726359
0.16505631
0.15573437
0.15573437
0.15573437
0.17278977
0.19916063
0.19916063
0.19916063
0.19916063
0.19916063
0.19916063
0.19053007
0.13069677
0.04295123
0.03198166
0.03198166
0.03198166
0.03434145
0.03434145
0.03434145
0.03434145
0.03356496
0.03356496
0.03356496
0.03356496
0.03356496
0.03356496
0.03736875
0.03771875
0.03771875
0.03771875
0.03604936
0.03604936
0.03604936
0.03604936
0.03189183
0.03189183
0.03189183
0.03189183
0.02885791
0.02885791
0.02885791
0.03417422
0.03417422
0.03417422
0.03417422
0.03417422
0.03417422
0.03417422
0.03417422
0.03221503
0.03221503
0.03221503
0.0381382
0.0381382
0.0381382
0.0381382
0.0381382
0.0381382
0.0381382
0.0381382
0.0381382
0.0381382
0.0381382
0.0381382
0.04603656
0.04603656
0.04603656
0.04603656
0.04603656
0.02671419
0.02671419
0.0240164
0.0240164
0.0240164
0.02631712
0.02631712
0.02631712
0.0164359
0.0164359
0.0164359
0.01739518
0.02828191
0.02828191
0.02828191
0.02828191
0.02828191
0.02828191
0.01626754
0.01413123
0.01413123
0.01413123
0.01689651
0.01689651
0.01689651
0.01689651
0.01689651
0.01689651
0.01689651
0.01689651
0.01689651
0.01689651
0.01689651
0.01689651
0.01689651
0.01414317
0.01128623
0.01070974
0.00804535
0.00804535
0.00804535
0.00804535
0.00804535
0.00804535
0.01251808
0.0154754
0.0154754
0.0154754
0.0154754
0.01787494
0.01787494
0.02129801
0.02674799
0.02674799
0.03055964
0.03731154
0.03731154
0.03731154
0.02459962
0.01728439
0.01728439
0.01728439
0.0218012
0.0218012
0.03280518
0.1967956
0.1967956
0.1967956
0.1967956
0.21198728
0.21198728
0.21198728
0.21198728
0.21198728
0.21198728
0.18219681
0.18182481
0.18182481
0.18182481
0.18182481
0.18182481
0.18182481
0.18182481
0.12285188
0.12285188
0.12285188
0.12285188
0.16372265
0.16372265
0.16372265
0.16372265
0.16372265
0.16372265
0.14605237
0.11035615
0.11035615
0.09367465
0.09367465
0.07586778
0.07586778
0.07586778
0.07586778
0.07586778
0.07586778
0.07586778
0.07586778
0.07586778
0.07586778
0.07586778
0.07586778
0.07144927
0.07144927
0.07144927
0.07144927
0.08216705
0.08216705
0.08216705
0.08216705
0.08216705
0.08216705
0.08216705
0.08216705
0.08216705
0.08216705
0.08216705
0.08216705
0.08929038
0.08930198
0.09700691
0.09700691
0.09700691
0.09700691
0.09700691
0.09700691
0.09700691
0.09700691
0.09700691
0.09700691
0.11507011
0.11507011
0.11507011
0.11507011
0.11507011
0.11507011
0.11507011
0.11489421
0.11489421
0.11489421
0.11489421
0.11489421
0.11489421
0.11489421
0.11489421
0.12624908
0.12673206
0.12673206
0.12673206
0.12673206
0.13214362
0.13214362
0.13214362
0.13306187
0.15102328
0.16405385
0.16405385
0.16405385
0.09895583
0.09895583
0.09895583
0.09895583
0.09895583
0.0701485
0.0701485
0.0701485
0.14418642
0.14418642
0.14418642
0.20425698
0.23189636
0.24064804
0.24064804
0.24064804
0.23701182
0.19650882
0.14366374
0.14366374
0.14366374
0.14366374
0.14085768
0.14085768
0.14085768
0.14699947
0.14699947
0.14699947
0.14699947
0.14699947
0.14699947
0.14699947
0.1529772
0.16264813
0.16264813
0.16264813
0.16264813
0.16264813
0.16264813
0.15889673
0.15889673
0.15889673
0.15889673
0.15889673
0.13636983
0.13636983
0.13617536
0.13617536
0.13617536
0.09474961
0.09135977
0.09135977
0.09135977
0.12670753
0.12670753
0.12670753
0.12670753
0.12670753
0.11381071
0.11059148
0.11059148
0.11059148
0.11059148
0.11059148
0.11059148
0.18723835
0.18723835
0.18723835
0.14480067
0.11289223
0.11289223
0.11289223
0.13531196
0.13531196
0.14201132
0.14201132
0.14454105
0.15112928
0.15112928
0.15112928
0.15112928
0.15112928
0.15112928
0.15112928
0.15112928
0.15112928
0.16887115
0.17780355
0.17780355
0.17780355
0.17780355
0.30569787
0.34052185
0.34052185
0.34052185
0.33277174
0.33185714
0.33185714
0.20577199
0.20577199
0.20577199
0.20577199
0.20577199
0.20577199
0.12606322
0.12479872
0.09633564
0.02101438
0.02101438
0.00605055
0.00605055
0.00605055
0.01021586
0.01021586
0.01021586
0.00463693
0.00463693
0.00463693
0.00463693
0.00463693
0.00463693
0.00463693
0.01853453
0.01853453
0.01853453
0.02694897
0.02694897
0.02694897
0.02694897
0.02694897
0.0307721
0.0307721
0.03558273
0.03558273
0.03558273
0.03558273
0.03335799
0.03335799
0.03335799
0.03335799
0.03335799
0.03335799
0.03335799
0.03468194
0.03468194
0.03555224
0.03615874
0.04399326
0.04399326
0.04399326
0.04399326
0.04399326
0.04304466
0.04304466
0.04304466
0.0530009
0.07421775
0.07421775
0.11226162
0.16130248
0.16130248
0.16130248
0.16130248
0.28642771
0.31696814
0.31696814
0.31696814
0.31696814
0.31696814
0.31696814
0.31722173
0.31722173
0.31722173
0.1833415
0.1833415
0.1833415
0.15894132
0.12905121
0.12905121
0.12905121
0.12905121
0.12646844
0.12646844
0.12646844
0.12646844
0.12646844
0.12646844
0.12801304
0.12801304
0.12840529
0.12840529
0.13257141
0.13378071
0.13378071
0.13378071
0.13378071
0.13378071
0.13378071
0.14354124
0.14354124
0.14354124
0.14354124
0.14354124
0.0648568
0.01999196
0.01999196
0.01999196
0.01999196
0.01999196
0.01999196
0.01999196
0.01999196
0.0178872
0.0178872
0.01780655
0.01780655
0.01780655
0.01780655
0.01636896
0.01636896
0.01636896
0.01207219
0.01207219
0.01207219
0.01207219
0.01207219
0.01207219
0.01207219
0.01207219
0.01207219
0.01207219
0.01346603
0.01346603
0.01346603
0.01361823
0.01361823
0.01483564
0.01584243
0.19553535
0.20240189
0.20240189
0.20240189
0.20573696
0.20573696
0.20573696
0.20573696
0.20573696
0.20573696
0.22966177
0.27998032
0.303208
0.303208
0.303208
0.29381332
0.25468802
0.25437951
0.25437951
0.25437951
0.25437951
0.24212892
0.22504176
0.22504176
0.22019258
0.21270384
0.21270384
0.20830194
0.20441159
0.20441159
0.20441159
0.20441159
0.20441159
0.23890106
0.23890106
0.23890106
0.23890106
0.23890106
0.2582947
0.2590833
0.2590833
0.2590833
0.2590833
0.2590833
0.2590833
0.28181025
0.28181025
0.28181025
0.28181025
0.28181025
0.28181025
0.28181025
0.21505783
0.0201328
0.0201328
0.0201328
0.0201328
0.01637357
0.01637357
0.01637357
0.01659989
0.01659989
0.01659989
0.01659989
0.01659989
0.01659989
0.02451297
0.02451297
0.02451297
0.02451297
0.02451297
0.02451297
0.02451297
0.02451297
0.02451297
0.02451297
0.02451297
0.02744515
0.19991613
0.19991613
0.19991613
0.19991613
0.19177752
0.19177752
0.15244006
0.15244006
0.15244006
0.15244006
0.15244006
0.15244006
0.1703219
0.17263027
0.18731903
0.19547105
0.19547105
0.19547105
0.03770014
0.03770014
0.03770014
0.02049782
0.02049782
0.02049782
0.02049782
0.02049782
0.01796348
0.01796348
0.01796348
0.01935053
0.03124972
0.03124972
0.03124972
0.03124972
0.03124972
0.03124972
0.03124972
0.3366169
0.3366169
0.3366169
0.3366169
0.35412816
0.35412816
0.35412816
0.30588073
0.22058859
0.18548744
0.18548744
0.18548744
0.18548744
0.18548744
0.18548744
0.18548744
0.18548744
0.20241982
0.20241982
0.20241982
0.20241982
0.20241982
0.22707967
0.24275255
0.24275255
0.24275255
0.24275255
0.24275255
0.24275255
0.24275255
0.24275255
0.22780449
0.22780449
0.22657143
0.22657143
0.22657143
0.23490239
0.25958203
0.25958203
0.25958203
0.28982504
0.28982504
0.28982504
0.28982504
0.28982504
0.28982504
0.28982504
0.28982504
0.28420151
0.28420151
0.28420151
0.26222957
0.26222957
0.26222957
0.26222957
0.26222957
0.26222957
0.24692447
0.2457957
0.2173377
0.2173377
0.21465063
0.21465063
0.21465063
0.21465063
0.1934543
0.18219327
0.18219327
0.18219327
0.18219327
0.18219327
0.16631893
0.16631893
0.16631893
0.16173495
0.16173495
0.16173495
0.16173495
0.16173495
0.17715144
0.17715144
0.17715144
0.17715144
0.17715144
0.15757909
0.15757909
0.15757909
0.15757909
0.15757909
0.15757909
0.1530639
0.1530639
0.1530639
0.1506903
0.1506903
0.1506903
0.1506903
0.1506903
0.14088048
0.14088048
0.14057782
0.13606313
0.13543193
0.13543193
0.12786554
0.12786554
0.12786554
0.12786554
0.12786554
0.12786554
0.12786554
0.12786554
0.12786554
0.12786554
0.14648994
0.14648994
0.14648994
0.16589124
0.16589124
0.16589124
0.14611828
0.14611828
0.14611828
0.13753127
0.13753127
0.13753127
0.16477367
0.16477367
0.16477367
