0.00148305
0.00151494
0.00148305
0.00148305
0.00148305
0.0009382
0.0009382
0.0009382
0.00099945
0.00099945
0.00099945
0.00090132
0.00090132
0.00090132
0.00090132
0.00090132
0.00090132
0.00090132
0.00090132
0.00124601
0.00124601
0.00124601
0.00124601
0.00129218
0.00130628
0.00162139
0.00162139
0.00162139
0.00135674
0.00135674
0.00117898
0.00117898
0.00117898
0.00117898
0.00117898
0.00117898
0.00117898
0.00207668
0.00207668
0.00207668
0.00194451
0.0017006
0.0017006
0.0017006
0.0017006
0.0017006
0.0017006
0.0017006
0.0017006
0.0017006
0.0017006
0.0017006
0.00142367
0.00142367
0.00142367
0.00142367
0.00142367
0.00142367
0.00142367
0.00142367
0.00159669
0.00159669
0.00159669
0.00232044
0.00232044
0.00232044
0.00205496
0.00205496
0.00205496
0.00205496
0.00199724
0.00199724
0.00199724
0.00199724
0.00199724
0.00199724
0.00199724
0.00199724
0.00199724
0.00199724
0.00205084
0.00218508
0.00218508
0.00218508
0.00218508
0.00218508
0.00218508
0.00218508
0.00218508
0.00218508
0.00218508
0.00218508
0.00218508
0.00218508
0.00218508
0.00241316
0.00241316
0.00295699
0.00295699
0.00295699
0.00295699
0.00306011
0.00306011
0.00306011
0.00306011
0.00306011
0.00306011
0.00306011
0.00306011
0.00277573
0.00277573
0.00235483
0.00235483
0.00235483
0.00235483
0.00235483
0.00235483
0.00235483
0.00235483
0.00235483
0.00235483
0.00260886
0.00323684
0.00501016
0.00501016
0.00501016
0.0037895
0.0037895
0.0037895
0.00235931
0.00235931
0.00235931
0.00235931
0.00126155
0.00126155
0.00126155
0.00187799
0.00187799
0.00187799
0.00270015
0.00270015
0.00270015
0.00270015
0.00270015
0.00270015
0.00270015
0.00259106
0.00184995
0.00184995
0.00184995
0.00184995
0.00184995
0.00214814
0.00367663
0.00367663
0.00367663
0.00367663
0.00367663
0.00351561
0.00351561
0.00351561
0.00351561
0.00305375
0.00305375
0.00305375
0.00293679
0.00293679
0.00293679
0.00293679
0.00293679
0.00257278
0.00257278
0.00173746
0.00153816
0.00153816
0.00153816
0.00225381
0.00225381
0.00288769
0.00401701
0.0047453
0.0047453
0.0047453
0.00437167
0.00259727
0.00259727
0.00259727
0.00259727
0.00380318
0.00471627
0.00471627
0.00471627
0.00471627
0.00471627
0.00226631
0.00196703
0.00196703
0.00196703
0.00196703
0.00196703
0.00196703
0.00196703
0.00196703
0.00196703
0.00102936
0.00102936
0.00102936
0.00102936
0.00102936
0.00102936
0.00102936
0.00102936
0.00102936
0.00120735
0.00120735
0.00120735
0.00120735
0.00120735
0.00153388
0.00153388
0.00153388
0.00217805
0.00221945
0.00221945
0.00306176
0.00306176
0.00306176
0.00279018
0.00279018
0.00279018
0.00279018
0.00308338
0.00308338
0.00308338
0.00349254
0.00398932
0.00398932
0.00398932
0.00398932
0.00398932
0.00398932
0.00398932
0.00398932
0.00398932
0.00398932
0.00398932
0.00398932
0.00398932
0.00348235
0.00348235
0.00348235
0.0055797
0.0055797
0.0055797
0.01072672
0.01072672
0.01072672
0.00982359
0.00982359
0.00982359
0.00982359
0.00982359
0.00982359
0.00982359
0.01121984
0.01121984
0.01655968
0.01828343
0.0185052
0.01916274
0.01916274
0.01916274
0.01895048
0.00419901
0.00419901
0.00419901
0.03823549
0.03823549
0.03823549
0.03807884
0.00562206
0.00562206
0.00562206
0.00585356
0.00704376
0.00704376
0.01509513
0.01509513
0.01509513
0.01509513
0.01509513
0.00919688
0.00919688
0.00919688
0.00919688
0.00919688
0.00919688
0.00919688
0.03004237
0.03583129
0.03593086
0.03593086
0.03593086
0.03593086
0.03912149
0.03970851
0.03970851
0.03970851
0.03576172
0.03576172
0.03576172
0.0377104
0.0377104
0.0377104
0.00090801
0.00081571
0.00081571
0.00081571
0.02707074
0.03552569
0.03552569
0.03552569
0.03552569
0.03552569
0.03552569
0.03342875
0.03113921
0.00141733
0.00125762
0.00125762
0.00125762
0.00228703
0.00228703
0.00228703
0.00128932
0.00067317
0.00067317
0.00067317
0.00067317
0.00045443
0.00045443
0.00045443
0.00045443
0.00045443
0.00044415
0.00040578
0.00040578
0.00040578
0.00040578
0.00040578
0.00040578
0.00040578
0.00040578
0.00040578
0.00040578
0.00040578
0.00040578
0.00095671
0.00113271
0.00113271
0.00113271
0.00070614
0.00070614
0.00070614
0.00070614
0.00110677
0.00110677
0.00110677
0.00110677
0.00175513
0.00236999
0.00236999
0.00236999
0.00223683
0.00223683
0.00223683
0.00169998
0.00169998
0.00169998
0.00169998
0.00169998
0.00332207
0.00332207
0.00332207
0.00082885
0.00082885
0.00082885
0.00082885
0.00082885
0.00082885
0.00090826
0.00090826
0.00090826
0.00134399
0.00162385
0.00162385
0.00162385
0.00068091
0.00068091
0.00068091
0.00068091
0.00068091
0.00097274
0.00097274
0.00097274
0.00076724
0.00076724
0.00076724
0.00116293
0.00116293
0.00116293
0.00062588
0.00062588
0.00062588
0.00109589
0.00109589
0.00109589
0.00109589
0.00109589
0.00109589
0.00109589
0.00102682
0.00087695
0.00051021
0.00051021
0.00051021
0.00051021
0.00051021
0.00051021
0.00053045
0.00053045
0.00053045
0.00053045
0.00043562
0.00043562
0.00043562
0.00043562
0.0003297
0.0003297
0.0003297
0.0003297
0.0002689
0.00026401
0.00026401
0.00026401
0.00026401
0.00026401
0.00031381
0.00031381
0.00031381
0.00031381
0.00031381
0.00031381
0.0004919
0.0004919
0.0004919
0.00034222
0.00034222
0.00028883
0.00028883
0.00028883
0.00029731
0.00029731
0.00029731
0.0003372
0.0005496
0.0005496
0.0005496
0.0005496
0.00037064
0.00037064
0.00037064
0.00037064
0.00037064
0.00037064
0.0004891
0.0004891
0.00099412
0.00099412
0.00099412
0.00099412
0.00033435
0.00030072
0.00027424
0.00027424
0.00027424
0.00037355
0.00058549
0.00058549
0.00136156
0.00136156
0.00136156
0.00118795
0.00118795
0.0010438
0.00074368
0.00021863
0.00021863
0.00021863
0.00082616
0.00082616
0.00082616
0.00074352
0.00074352
0.00074352
0.00066733
0.00050604
0.00035547
0.00035547
0.00035547
0.00035547
0.00035547
0.00035547
0.00035547
0.00041287
0.0008407
0.0008407
0.0008407
0.0008407
0.0008407
0.0008407
0.0008407
0.0008407
0.00063169
0.00063169
0.00063169
0.00063169
0.00071924
0.00071924
0.00071924
0.00071924
0.00071924
0.00071924
0.00071924
0.00113988
0.00113988
0.00113988
0.00100431
0.00100431
0.00100431
0.00040229
0.00013183
0.00013183
0.00013183
0.00038181
0.00038181
0.00063457
0.00081969
0.00081969
0.00081969
0.00081969
0.00081969
0.00081969
0.00079842
0.00079842
0.00079842
0.00092479
0.00092479
0.00092479
0.00092479
0.00092479
0.00092479
0.00092479
0.00092479
0.0003002
0.0003002
0.0003002
0.00084453
0.00084453
0.00084453
0.00084453
0.00084453
0.00084453
0.00084453
0.00106652
0.00106652
0.00106652
0.00106652
0.00106652
0.00106652
0.00106652
0.00106652
0.00106652
0.00106652
0.00095836
0.00095836
0.00095836
0.00095836
0.00079862
0.00079862
0.00079862
0.00079862
0.00079862
0.00026316
0.00026316
0.00026316
0.00053719
0.00053719
0.00053719
0.00053719
0.00053719
0.00053719
0.00053719
0.00053719
0.00053719
0.00053719
0.00055336
0.0005883
0.0005883
0.0005883
0.0005883
0.0005883
0.0005883
0.0005883
0.00019987
0.00014662
0.00014662
0.00014662
0.00014662
0.00018749
0.00018749
0.00021068
0.00021315
0.00021315
0.00021315
0.00021315
0.00021315
0.00021315
0.00021315
0.0005037
0.00056033
0.00056033
0.00056033
0.00056033
0.00056033
0.00075891
0.00075891
0.00075891
0.00075891
0.00038483
0.00025457
0.00025457
0.00025457
0.00025457
0.00017417
0.00017417
0.00017417
0.00017417
0.00030575
0.00030575
0.00030575
0.00030575
0.00030575
0.00030575
0.00030575
0.00030575
0.00030575
0.00030575
0.00030575
0.00030575
0.00030575
0.00030575
0.00030575
0.00030575
0.00030575
0.00030575
0.00030575
0.00030575
0.00024716
0.00024716
0.0002109
0.0002109
0.0002109
0.0002109
0.00027622
0.00030305
0.00030305
0.00030305
0.00030305
0.00023684
0.00023684
0.00023684
0.00031184
0.00031184
0.00031184
0.00031184
0.00031184
0.00031184
0.00031184
0.00031184
0.00031184
0.00031184
0.00032038
0.00036462
0.00036462
0.00036462
0.00036462
0.00036462
0.00036462
0.00041547
0.00041547
0.00041547
0.0002991
0.0002991
0.0002991
0.0002991
0.0002991
0.0002991
0.0002991
0.0002991
0.00030543
0.00030898
0.00030898
0.00030898
0.00030898
0.00030898
0.00049884
0.00049884
0.00051167
0.00051167
0.00051167
0.00051167
0.00051167
0.00051167
0.00051167
0.00051167
0.00051167
0.00051167
0.00053536
0.00053536
0.00053536
0.00053536
0.00053536
0.00027417
0.00027417
0.00027417
0.00017337
0.00017337
0.00017337
0.00017337
0.00017337
0.00017337
0.00024205
0.00024205
0.00024205
0.00024205
0.00024205
0.00024205
0.00024205
0.00081198
0.00081198
0.00081198
0.00081198
0.00086754
0.00086754
0.00086754
0.00086754
0.00086754
0.00086754
0.00086754
0.00071756
0.00071756
0.00071756
0.00071756
0.00071756
0.00162996
0.00162996
0.00162996
0.0012462
0.0012462
0.0012462
0.0012462
0.0012462
0.0012462
0.0012462
0.0012462
0.0012462
0.0012462
0.0012462
0.0012462
0.0012462
0.0012462
0.0012462
0.00113678
0.00113678
0.00113678
0.00113678
0.00113678
0.00113678
0.00113678
0.00113678
0.00113678
0.00113678
0.00103669
0.00103669
0.00103669
0.00083148
0.00083148
0.00083148
0.00092459
0.00092459
0.00092459
0.00092459
0.00092459
0.00090476
0.00090476
0.00090476
0.00090476
0.00079993
0.00079993
0.00079993
0.00079993
0.00098983
0.00098983
0.00103782
0.00126263
0.00126263
0.00126263
0.00126263
0.00126263
0.00126263
0.00109782
0.00109782
0.00109782
0.00109782
0.00097205
0.00097205
0.00097205
0.00097205
0.00097205
0.00097205
0.00098101
0.00098101
0.00098101
0.00098101
0.00098101
0.00077175
0.00077175
0.00077175
0.00077175
0.00077175
0.00077175
0.00077175
0.00077175
0.00077175
0.000751
0.000751
0.0006905
0.00059961
0.00059961
0.00059961
0.00059961
0.00059961
0.00075584
0.00075584
0.00075584
0.00074287
0.00072056
0.00072056
0.00046562
0.00046562
0.00046562
0.00046562
0.00046562
0.00046562
0.00046562
0.00046562
0.00046562
0.00046562
0.0005677
0.0005677
0.0005677
0.0005677
0.0005677
0.0005677
0.0005677
0.0005677
0.0005677
0.0005677
0.0005677
0.0005677
0.00051073
0.00051073
0.00051073
0.00051073
0.00051073
0.00051073
0.00051073
0.00051073
0.00051073
0.00051073
0.00051073
0.00051073
0.00051073
0.00051073
0.00054675
0.00054675
0.00058322
0.00058322
0.00058322
0.00058322
0.00064945
0.00064945
0.00064945
0.00064945
0.00064945
0.00064945
0.00064945
0.00064945
0.00064945
0.00064945
0.00093546
0.00093546
0.00093546
0.00065403
0.00029723
0.00029723
0.00029723
0.00029723
0.00042449
0.00042449
0.00042449
0.00042449
0.00042449
0.00042449
0.00016687
0.00016687
0.00016687
0.00016687
0.00016687
0.00016687
0.00016687
0.00019474
0.00019474
0.00019474
0.00025865
0.0003085
0.0003085
0.00050678
0.00050678
0.00050678
0.00050678
0.00050678
0.00050678
0.00050678
0.00016333
0.00016333
0.00016333
0.00016333
0.00016333
0.00016333
0.00018333
0.0003796
0.0003796
0.0003796
0.0003796
0.0003796
0.00021925
0.00018655
0.00018655
0.00018655
0.00018655
0.00018655
0.00018655
0.00020844
0.00020844
0.00020844
0.00020844
0.00020544
0.00020544
0.00020544
0.00039297
0.00053242
0.00053242
0.00053242
0.00053242
0.00053242
0.00045944
0.00045944
0.00045944
0.00045944
0.00045944
0.00045944
0.00045944
0.00045944
0.00045944
0.00045944
0.00045944
0.00045944
0.00045944
0.00045944
0.00063337
0.00063337
0.00063337
0.00027018
0.00027018
0.00027018
0.00041452
0.00041452
0.00063279
0.00063279
0.00063279
0.00069195
0.00069195
0.00069195
0.00066776
0.00066776
0.00066776
0.00066776
0.00066776
0.00034459
0.00034459
0.00034459
0.00034459
0.00037161
0.00076157
0.00076425
0.00076425
0.00076425
0.00076425
0.00076425
0.00076425
0.00076425
0.00076425
0.00084804
0.00084804
0.00084804
0.00075803
0.00065793
0.00065793
0.00065793
0.00065793
0.00065793
0.00061685
0.00061685
0.00061685
0.00063072
0.00063072
0.00078044
0.00094892
0.00116793
0.00146602
0.00146602
0.00146602
0.00091725
0.00091725
0.00091725
0.00091725
0.00091725
0.00056124
0.00056124
0.00050056
0.00045769
0.00045769
0.00034386
0.00034386
0.00034386
0.00034386
0.00034386
0.00034386
0.00034386
0.00034386
0.00034386
0.00034386
0.00034386
0.00034386
0.000405
0.000405
0.000405
0.00025853
0.00025853
0.00025853
0.00025853
0.00023651
0.00011834
0.00011834
0.00011834
0.00017474
0.00017474
0.00019168
0.00027722
0.00027722
0.00027722
0.00023779
0.00023779
0.00023759
0.00023759
0.00023759
0.00023759
0.00023759
0.00023759
0.00023759
0.00020157
0.00020157
0.00020157
0.00025054
0.00025054
0.00025054
0.00025054
0.00041956
0.00041956
0.00041956
0.00029115
0.0002909
0.0002909
0.0002909
0.00035041
0.00035041
0.00035041
0.00018646
0.00018646
0.00018646
0.00018646
0.00013513
0.00013513
0.00013513
0.00016284
0.00016284
0.00016284
0.00019185
0.00019185
0.00019185
0.00019185
0.00019185
0.00019185
0.00025807
0.00025807
0.00025807
0.00023201
0.00022044
0.00022044
0.00022044
0.00105744
0.00105744
0.00105744
0.00062188
0.00062188
0.00062188
0.00036994
0.00036994
0.00036994
0.00036994
0.00036994
0.00034032
0.00030764
0.00027901
0.00027901
0.00027901
0.00027901
0.00027901
0.00027901
0.00027901
0.00027901
0.00027901
0.00029782
0.00029782
0.00029782
0.00029782
0.00030069
0.00030069
0.00030069
0.00030069
0.00030069
0.00028546
0.00028546
0.00024349
7.487e-05
7.487e-05
7.487e-05
0.00010716
0.00024055
0.00024055
0.00024055
0.00024055
0.00024055
0.00024055
0.00024055
0.00024055
0.00024055
0.000206
0.000206
0.0001647
0.0001647
0.0001647
0.0001647
0.0001647
0.0001647
0.00021163
0.00021163
0.00021163
0.00021163
0.00021163
0.0001451
0.0001451
0.0001451
0.00018213
0.00018213
0.00025075
0.00025075
0.00025075
0.00022056
0.00021487
0.00021487
0.00021487
0.00026156
0.00026156
0.00026156
0.00026156
0.00012818
9.466e-05
9.466e-05
9.466e-05
0.00011657
0.00017721
0.00017721
0.00017721
0.00017721
0.00017721
0.00017721
0.00020472
0.00044918
0.00044918
0.00044918
0.00044918
0.00066663
0.00066663
0.00066663
0.00055726
0.00055726
0.00055726
0.00039347
0.00039347
0.00039347
0.00039347
0.00039347
0.00039347
0.00039347
0.00039347
0.00039347
0.00039347
0.00039347
0.00039347
0.00039347
0.00039347
0.00039347
0.00037107
0.00037107
0.00037107
0.00037107
0.0008733
0.0008733
0.0008733
0.00062587
0.00062587
0.00062587
0.00062587
0.00062587
0.00062587
0.00062587
0.00062587
0.00062587
0.00062587
0.00062587
0.00062587
0.00062587
0.00062587
0.00054193
0.00054193
0.00054193
0.00054193
0.00054193
0.00047037
0.00047037
0.00047037
0.00047037
0.00047037
0.00047037
0.00034164
0.00034164
0.00034164
0.00034164
0.00038501
0.00038501
0.00038501
0.00038501
0.00038501
0.00038501
0.00038501
0.00038501
0.00038501
0.00038501
0.00071991
0.00071991
0.00077526
0.00077526
0.00077526
0.00043738
0.00043738
0.00043738
0.00043738
0.0002709
0.00026551
0.00026551
0.00026551
0.00026551
0.00026551
0.00026551
0.00026551
0.00026182
0.00026182
0.00026182
0.00024902
0.00024902
0.00024902
0.00031175
0.00031175
0.00031175
0.00031175
0.00032965
0.00032965
0.00032965
0.00032965
0.00032965
0.00032965
0.00027811
0.00023955
0.00022609
0.00021676
0.00021676
0.00021676
0.00021676
0.00069219
0.000807
0.000807
0.000807
0.000807
0.000807
0.000807
0.00061518
0.00045756
0.00045756
0.00045756
0.00045756
0.0003292
0.0003292
0.0003292
0.00052702
0.00052702
0.00052702
0.00019346
0.00019346
0.00019346
0.00025081
0.00025081
0.00025081
0.00025081
0.00012118
0.00012118
0.00012118
0.00019805
0.00019805
0.00019805
0.00019805
0.00014653
0.00014653
0.00014653
0.00015375
0.00015375
0.00015375
0.00015375
0.00015375
0.00019925
0.00019925
0.00019925
0.00019925
0.00019925
0.00022783
0.00022783
0.00022783
0.00038648
0.00038648
0.00038648
0.00021152
0.00021152
0.00021152
0.00021152
0.00025004
0.00025004
0.00025004
0.00025593
0.00025593
0.00025593
0.00025593
0.00025593
0.00025593
0.00022196
0.00015435
0.00015435
0.00015435
0.00015435
0.00015435
0.00015435
0.00015435
0.00015435
0.00013065
0.00013065
0.00013065
0.00022471
0.00022471
0.00022471
0.00022471
0.00022471
0.00024307
0.00024307
0.00024307
0.0003317
0.0003317
0.0003317
0.0003605
0.0003605
0.0003605
0.00034954
0.00022068
0.00022068
0.00022068
0.00029222
0.00029222
0.00029222
0.00034241
0.00034241
0.00034241
0.00031832
0.00024806
0.00024806
0.00024806
0.00024806
0.00015391
0.00015391
0.00015391
0.00015391
0.00015391
0.00033843
0.00033843
0.00033843
0.00033843
0.00033843
0.00033843
0.00027809
0.00027809
0.00027809
0.00022261
0.00022261
0.00022261
0.00022261
0.00022261
0.00022261
0.00020073
0.00020073
0.0001365
0.0001365
0.00010851
0.00010851
0.00010851
0.00025364
0.00025364
0.00039014
0.00039014
0.00039014
0.00039014
0.00039014
0.00028658
0.00028658
0.00028658
0.00028658
0.00028658
0.00028658
0.00028658
0.00028573
0.00028573
0.00028573
0.00033358
0.00033358
0.00033358
0.00022735
0.00022735
0.00022735
0.00022735
0.00022735
0.00022735
0.00021988
0.00021988
0.00012675
0.00012675
5.706e-05
5.706e-05
5.706e-05
9.489e-05
9.489e-05
0.00010817
0.00082674
0.00082674
0.00082674
0.00082674
0.00094281
0.00094281
0.00094281
0.00048747
0.00048747
0.00048747
0.00048747
0.00048747
0.00048747
0.00048747
0.00057587
0.00064035
0.00064035
0.00064035
0.00064035
0.00047325
0.00047325
0.00047325
0.00118034
0.00438905
0.00438905
0.00438905
0.00238825
0.00238825
0.00238825
0.00238825
0.00186191
0.00186191
0.00186191
0.00186191
0.00080699
0.00080699
0.00080699
0.00080699
0.00080699
0.00080699
0.00080699
0.00078699
0.00078699
0.00078699
0.00078699
0.00074753
0.00074753
0.00074753
0.00074753
0.0006274
0.000446
0.00039204
0.00039204
0.00039204
0.00040994
0.00049252
0.00057509
0.00057509
0.00057509
0.00057509
0.00057509
0.00057509
0.00057509
0.00057509
0.00057509
0.00037635
0.00027237
0.00027237
0.00027237
0.00030441
0.00040329
0.00049405
0.00049405
0.00068613
0.00068613
0.00068613
0.00055668
0.00055668
0.00032308
0.00032308
0.00032308
0.00032308
0.00032308
0.00032308
0.00032308
0.00032308
0.00032308
0.00032308
0.00046085
0.00046085
0.00046085
0.00020353
0.00020353
0.00020353
0.00020353
0.00020353
0.0003321
0.0003321
0.0003321
0.0003321
0.00023791
0.00023791
0.00023791
0.00038219
0.00038219
0.00038219
0.0002591
0.00019926
0.00019926
0.00019926
0.00043044
0.00043044
0.00043044
0.00043044
0.00043044
0.00043044
0.00043044
0.00037618
0.00037618
0.00037618
0.00058058
0.00058058
0.00058058
0.00050872
0.0004157
0.0004157
0.0004157
0.0004157
0.00035373
0.00035373
0.00035373
0.00035373
0.00035373
0.00035373
0.00035373
0.00033722
0.00033722
0.00033722
0.00033722
0.00033722
0.00033722
0.00033722
0.00033722
0.00033722
0.00055119
0.00055119
0.00055119
0.00055119
0.00016434
0.00013998
0.00013998
0.00013998
0.00013998
0.00013998
0.00013998
0.0002618
0.0002618
0.0002618
0.0002618
0.0002618
0.0002618
0.00050354
0.00050354
0.00050354
0.00050354
0.00050354
0.00050354
0.00050354
0.00050354
0.00050354
0.00022923
0.00022923
0.00022923
0.00033602
0.00033602
0.00033602
0.00033602
0.00042036
0.00058713
0.00058713
0.00064938
0.00064938
0.00064938
0.00064938
0.00064938
0.00064938
0.00042173
0.00042173
0.00042173
0.00042173
0.00025284
0.00025284
0.00017682
0.00017682
0.00017682
0.00017682
0.00017799
0.00018408
0.00018408
0.00018408
0.00033071
0.00033071
0.00033071
0.00033071
0.00033071
0.00034719
0.00034719
0.00040313
0.00040313
0.00040313
0.00024367
0.00017363
0.00017363
0.00017363
0.00017363
0.00016656
0.00016656
0.00016656
0.00026994
0.00030529
0.00030529
0.00030529
0.00014066
0.00012086
0.00012086
0.00012086
0.000285
0.00030807
0.00030807
0.00030807
0.00028129
0.00028129
0.00028129
0.00036628
0.00036628
0.00036628
0.00014653
0.00014653
0.00014653
0.00014653
0.00014653
0.00014653
0.00014653
0.00023622
0.00023622
0.00023622
0.00023622
0.00023622
0.00023622
0.00043526
0.00142004
0.00142004
0.00142004
0.00142004
0.00142004
0.00142004
0.00095854
0.00085138
0.00085138
0.0003792
0.0003792
0.0003792
0.00044685
0.00044685
0.00044685
0.00044685
0.00044685
0.00044685
0.00044685
0.00044685
0.00039794
0.00039409
0.00039409
0.00039409
0.00039409
0.00039409
0.00039409
0.00039409
0.00029749
0.00029749
0.00029749
0.00029749
0.00030863
0.00030863
0.00033041
0.00033041
0.00033041
0.00033041
0.00033041
0.00054223
0.00058786
0.00063062
0.00063062
0.00063062
0.00060205
0.00059445
0.00059445
0.00059445
0.00059445
0.00033132
0.00033132
0.00033132
0.00033132
0.00033132
0.00033132
0.00033132
0.00033132
0.00033132
0.00033132
0.00033132
0.00033132
0.00033132
0.00033497
0.00037723
0.00037723
0.00037723
0.00037723
0.00037723
0.00037723
0.00037723
0.00037723
0.0004377
0.0004377
0.0004377
0.0004377
0.0004377
0.0004377
0.00032552
0.00032552
0.00032552
0.00032552
0.00032552
0.00032552
0.00032552
0.00053909
0.00053909
0.00053909
0.00053909
0.00053909
0.00053909
0.00053909
0.00049239
0.00049239
0.00049239
0.00049239
0.00049239
0.00049239
0.00065389
0.00065389
0.00065389
0.00065389
0.00065389
0.00065389
0.00065389
0.00065389
0.00065389
0.00065389
0.00065389
0.00069165
0.00069165
0.00069165
0.00069165
0.00069165
0.00075299
0.00075299
0.00175442
0.00175442
0.00175442
0.00175442
0.00175442
0.0016699
0.00162449
0.00162449
0.00162449
0.00143481
0.00143481
0.00143481
0.00143481
0.00143481
0.00143481
0.00143481
0.00143481
0.00143481
0.00143481
0.00082581
0.00082581
0.00082581
0.00102504
0.00177132
0.00276512
0.00276512
0.00276512
0.0005779
0.00043461
0.00043461
0.00043461
0.00044035
0.00079007
0.00079007
0.00079007
0.00071842
0.00071842
0.00042366
0.00042366
0.00026257
0.00026257
0.00026257
0.00026257
0.00026257
0.00026257
0.00026257
0.00026257
0.00026257
0.00026257
0.00026257
0.00017109
0.00017109
0.00017109
0.00022142
0.00022142
0.00022964
0.00022964
0.00022964
0.0002063
0.0002063
0.0002063
0.00021524
0.00021524
0.00026402
0.00026402
0.00027517
0.00027517
0.00027517
0.00035854
0.00035854
0.00035854
0.00035854
0.01073157
0.01073157
0.01073157
0.0094888
0.0094888
0.0094888
0.0094888
0.0094888
0.0094888
0.0094888
0.0094888
0.0094888
0.0094888
0.01002221
0.01002221
0.01002221
0.01040953
0.01040953
0.01437267
0.01437267
0.01598168
0.01598168
0.01739997
0.01739997
0.01739997
0.01732913
0.01731778
0.01731778
0.01731778
0.01898854
0.01898854
0.01898854
0.01898854
0.01852447
0.01852447
0.01852447
0.02033353
0.02033353
0.02033353
0.02033353
0.01900977
0.01900977
0.01330003
0.01230651
0.00997222
0.00959762
0.00959762
0.00959762
0.00992165
0.01127498
0.01127498
0.01127498
0.00775513
0.0053631
0.0053631
0.00442551
0.00442551
0.00442551
0.00442551
0.00442551
0.0052844
0.0052844
0.00608719
0.00608719
0.00608719
0.00608719
0.00608719
0.00608719
0.00608719
0.00608719
0.00608719
0.00608719
0.00608719
0.00608719
0.0077045
0.00826224
0.00826224
0.00826224
0.00826224
0.00839647
0.0088472
0.0088472
0.0088472
0.0088472
0.0089883
0.00947527
0.0096947
0.01193845
0.01193845
0.01193845
0.01193845
0.01287599
0.01484017
0.01484017
0.01484017
0.00981924
0.00981924
0.00981924
0.00981924
0.00981924
0.00981924
0.01111522
0.01111522
0.01111522
0.00909202
0.00568915
0.00568915
0.00568915
0.00600843
0.00600843
0.00858322
0.00858322
0.00858322
0.00771769
0.00750313
0.00362774
0.00362774
0.00362774
0.0045043
0.0045043
0.0045043
0.0045043
0.0045043
0.0045043
0.00417744
0.00269297
0.00177525
0.00108907
0.00108907
0.00091778
0.0006193
0.00048736
0.00048736
0.00048736
0.00048736
0.00048736
0.00044568
0.00044568
0.00044568
0.00044568
0.00044568
0.00044568
0.00044568
0.00044568
0.00036923
0.00036923
0.00035306
0.00013674
0.00013674
0.00013674
0.00013674
0.00013674
0.00013674
0.00016226
0.00016226
0.00020611
0.00029521
0.00029521
0.00029521
0.00029521
0.00030784
0.00030784
0.00030784
0.00030784
0.00030784
0.00030784
0.00030784
0.00016628
0.00016628
0.00016628
0.00016628
0.00016628
0.00016628
0.00016628
0.00016628
0.00019049
0.00019049
0.00019049
0.00019049
0.00019049
0.0004334
0.0004334
0.0004334
0.00042383
0.00042383
0.00042383
0.00042383
0.00048177
0.00051353
0.00051353
0.00051353
0.00029605
0.00029605
0.00029605
0.00029605
0.00029605
0.00029605
0.00029605
0.00029605
0.00027679
0.00027679
0.00025548
0.00025548
0.00025548
0.00025548
0.00025548
0.00022133
0.00022133
0.00022133
0.00022133
0.00022133
0.0002126
0.0002126
0.0002126
0.0002126
0.0002126
0.00020368
0.00010266
0.00010266
0.00010266
0.00010266
0.00010266
0.00010266
0.00010266
0.00010266
0.00011234
0.00011234
0.00011234
0.00011234
0.00011234
0.00011234
0.00021057
0.00021057
0.00021057
0.00026471
0.00026471
0.00026471
0.00020919
0.00020919
0.00020919
0.00020919
0.00020919
0.00017378
0.00013875
0.00013269
0.00013269
0.00013269
0.00013269
0.00013269
0.00013269
0.00013269
0.00027866
0.00027866
0.00027866
0.00027866
0.00027866
0.00020797
0.00020797
0.00020797
0.00020797
0.00020797
0.00020797
0.00020797
0.00035771
0.00035771
0.00035771
0.00035771
0.00036936
0.00036936
0.00036936
0.00036936
0.00036936
0.00036936
0.00036936
0.00036936
0.00036936
0.00036936
0.00036936
0.00036936
0.00038246
0.00038246
0.00038246
0.00038246
0.00038246
0.00018847
0.00018847
0.00018847
0.00026421
0.00034742
0.00034742
0.00044793
0.00044793
0.00044793
0.00044793
0.00044793
0.00044793
0.00037003
0.00037003
0.00037003
0.0002994
0.0002994
0.0002994
0.00035155
0.00035155
0.00035155
0.00035155
0.00047377
0.00047377
0.00047377
0.00026447
0.00026447
0.00026447
0.00026447
0.00035295
0.00035295
0.00035295
0.00049613
0.00049613
0.00049613
0.00046927
0.00046927
0.00046927
0.00046927
0.00046927
0.00046927
0.00046927
0.00046927
0.00046927
0.00046927
0.00046927
0.00046927
0.00043752
0.00043752
0.00043752
0.00051184
0.00066106
0.00066106
0.00066106
0.00066106
0.00048663
0.00048663
0.00048663
0.00048663
0.00048663
0.00048663
0.00048663
0.00034977
0.00034977
0.00034977
0.00034977
0.00034977
0.00034977
0.00034977
0.00034977
0.00034977
0.00034977
0.00034977
0.00034977
0.00034977
0.0004131
0.0004131
0.0005152
0.0005152
0.0005152
0.00054153
0.00062651
0.00062651
0.00062651
0.00062651
0.00062651
0.00033214
0.00027403
0.00027403
0.00027403
0.00027403
0.00027403
0.00027403
0.00027403
0.00027403
0.00058115
0.00058115
0.00058115
0.00058115
0.00058115
0.00058115
0.00058115
0.00058115
0.00058115
0.00058115
0.00046428
0.00046428
0.00046428
0.00046428
0.00044523
0.00044523
0.00044523
0.00044523
0.00033546
0.00033546
0.00033546
0.00033546
0.00033546
0.00026922
0.00026922
0.00026922
0.00046945
0.00046945
0.00046945
0.00045172
0.00045172
0.00045172
0.00045172
0.00045172
0.00045172
0.00045172
0.00044715
0.00031816
0.00031816
0.00031816
0.00032914
0.00032914
0.00032914
0.00018717
0.00014829
0.00014829
0.00014829
0.00016924
0.00016924
0.00016924
0.00016924
0.00016924
0.00016924
0.00196492
0.00196492
0.00231887
0.00231887
0.00240347
0.00300173
0.00300173
0.00300173
0.00288841
0.00280987
0.00198633
0.00198633
0.00198633
0.00198633
0.00155703
0.00102114
0.00102114
0.00102114
0.00102114
0.00102114
0.00102114
0.00122083
0.00122083
0.00122083
0.00122083
0.00122083
0.00122083
0.00122083
0.00122083
0.00122083
0.00122083
0.00116251
0.00116251
0.00116251
0.00116251
0.00116251
0.00116251
0.00116251
0.00116251
0.00116251
0.00111153
0.00111153
0.00111153
0.00239385
0.00239385
0.00239385
0.00239385
0.00239385
0.00285456
0.00285456
0.00285456
0.00256588
0.00256588
0.00256588
0.00256588
0.00256588
0.00256588
0.00256588
0.14779193
0.44695505
0.57469652
0.57469652
0.57469652
0.57469652
0.57469652
0.7306496
0.75564677
0.81506458
0.81506458
0.81506458
0.81506458
0.81506458
1.0
1.0
1.0
1.0
1.0
1.0
0.96288963
0.96288963
0.96288963
0.96288963
0.88460403
0.85617606
0.85617606
0.34041221
0.34041221
0.34041221
0.34041221
0.34041221
0.34041221
0.39998364
0.39998364
0.39998364
0.39998364
0.08801469
0.08801469
0.08801469
0.08801469
0.08801469
0.07058096
0.07058096
0.07058096
0.07058096
0.07058096
0.06438032
0.06438032
0.06438032
0.06438032
0.06566357
0.06566357
0.06566357
0.05172482
0.05172482
0.04184432
0.03573354
0.03009146
0.02618676
0.01714789
0.01464527
0.01464527
0.01464527
0.01464527
0.00877152
0.00861228
0.00861228
0.00861228
0.00661182
0.00661182
0.00661182
0.00661182
0.00661182
0.00661182
0.00572762
0.00572762
0.00572762
0.00572762
0.00572762
0.00420996
0.00420996
0.00420996
0.00267631
0.00204581
0.00204581
0.00121725
0.00121725
0.00121725
0.00196399
0.00196399
0.00196399
0.00196399
0.00196399
0.00196399
0.00144948
0.00144948
0.00144948
0.00144948
0.00144948
0.00144948
0.00144948
0.00144948
0.00144948
0.00144948
0.00144948
0.00144948
0.00144948
0.00206086
0.00206086
0.00206086
0.00206086
0.00206086
0.00206086
0.00206086
0.00206086
0.00206086
0.00200703
0.00200703
0.00200703
0.00200703
0.00200703
0.00172731
0.00172731
0.00172731
0.0017162
0.0017162
0.0011999
0.0011999
0.0011999
0.0011999
0.0011999
0.0011999
0.0011999
0.0011999
0.0011999
0.0011999
0.0011999
0.00193887
0.00193887
0.00193887
0.00193887
0.00193887
0.00193887
0.00193887
0.00163535
0.00163535
0.0011365
0.0011365
0.0011365
0.0011365
0.0011365
0.00077939
0.00077939
0.00077939
0.00077939
0.00077939
0.00077939
0.00077939
0.00077939
0.00046546
0.00046546
0.00046546
0.00085866
0.00178066
0.00178066
0.00178066
0.00111495
0.00111495
0.00059158
0.00059158
0.00059158
0.00059158
0.00059158
0.00059158
0.00057242
0.00057242
0.00057242
0.00057242
0.00057242
0.00057242
0.00057242
0.00041827
0.00041827
0.00041827
0.00041827
0.00041827
0.00041827
0.00085434
0.00085434
0.00085434
0.00085434
0.00085434
0.00085434
0.00075069
0.00048245
0.00048245
0.00048245
0.00048245
0.00056239
0.00056239
0.00056239
0.00056239
0.00056239
0.00056239
0.00056239
0.00043479
0.00043479
0.00043479
0.00045286
0.00093696
0.00093696
0.00093696
0.00081638
0.00081638
0.00070206
0.00070206
0.00070206
0.00074325
0.00074325
0.00074325
0.00074325
0.00074325
0.00113618
0.00113618
0.00113618
0.00113618
0.00053639
0.00053639
0.00053639
0.00053639
0.00053639
0.00053639
0.00053639
0.00063616
0.00063616
0.00063616
0.00063616
0.00063616
0.00040498
0.00040498
0.00040498
0.00040498
0.00040498
0.00040498
0.00082148
0.00082148
0.00082148
0.00082148
0.00082148
0.00082148
0.00074597
0.00074597
0.00074597
0.00101545
0.00101545
0.00101545
0.00101545
0.00101545
0.00101545
0.00101545
0.00104597
0.00104597
0.00104597
0.00104597
0.00104597
0.00104597
0.00104597
0.00104597
0.00108355
0.00108355
0.00119781
0.00119781
0.00119781
0.00119781
0.00119781
0.00119781
0.00043309
0.00043309
0.00043309
0.00043309
0.00043309
0.00043309
0.00135654
0.00191781
0.00191781
0.00191781
0.00186914
0.00186914
0.00186914
0.00186914
0.00186914
0.00186914
0.00058037
0.00058037
0.00058037
0.0007179
0.0007179
0.0007179
0.0007179
0.0007179
0.0007179
0.0007179
0.0007179
0.0007179
0.0007179
0.0007179
0.0007179
0.0007179
0.0007179
0.0007179
0.0007179
0.0007179
0.0007179
0.0007179
0.0007179
0.00065446
0.00065446
0.00065446
0.00065446
0.00099168
0.00099168
0.00099168
0.00099168
0.00024671
0.00024671
0.00024671
0.00034602
0.00034602
0.00034602
0.00034602
0.00082311
0.00082311
0.00082311
0.00082311
0.00058063
0.00058063
0.00058063
0.00058063
0.00058063
0.00121727
0.00128041
0.00128041
0.00128041
0.00128041
0.00128041
0.00128041
0.00128041
0.00128041
0.00128041
0.00128041
0.00128041
0.00128041
0.00128041
0.00128041
0.00128041
0.00128041
0.00108138
0.00108138
0.00108138
0.00108138
0.00108138
0.00108138
0.00108138
0.00108138
0.00108138
0.00108138
0.00108138
0.0008698
0.00050263
0.00050263
0.00031576
0.00031576
0.00031576
0.00031576
0.0002634
0.0002634
0.0002634
0.00026716
0.0002867
0.00072248
0.00072248
0.00072248
0.00072248
0.00072248
0.00072248
0.00081577
0.00081577
0.00112514
0.00112514
0.00112514
0.00112514
0.00093867
0.00073257
0.00073257
0.00073257
0.00073257
0.00073257
0.00038135
0.00038135
0.00038135
0.00038135
0.00038135
0.0003688
0.00033459
0.00033459
0.00033459
0.00046944
0.00046944
0.00046944
0.00046944
0.00046944
0.00046944
0.00046944
0.00046944
0.00046944
0.00046944
0.00046944
0.00046944
0.00046944
0.00046944
0.00057039
0.00057039
0.00057039
0.00057039
0.00057039
0.00057039
0.00057039
0.0006021
0.0006021
0.0006021
0.0006021
0.0006021
0.00041635
0.00034429
0.00034429
0.00034429
0.00038719
0.00038719
0.000933
0.00158276
0.00158276
0.00158276
0.00158276
0.00158276
0.00148922
0.00148922
0.00148922
0.00148922
0.00105526
0.00105526
0.00105526
0.00076216
0.00076216
0.00076216
0.00120628
0.00120628
0.00120628
0.00159994
0.00159994
0.00159994
0.00138954
0.00138954
0.00138954
0.00138954
0.00138954
0.00138954
0.00138954
0.00138954
0.00138954
0.00125845
0.00125845
0.00125845
0.00111558
0.00111558
0.00111558
0.00111558
0.00030982
0.00030982
0.00030982
0.00030982
0.00030982
0.00031968
0.00031968
0.00031968
0.00031968
0.00031968
0.00048455
0.00071412
0.00071412
0.00071412
0.00071412
0.00071412
0.00071412
0.00052982
0.00052982
0.00052982
0.00052982
0.00052982
0.00062149
0.00062149
0.00062149
0.00062149
0.00062149
0.00062149
0.00062149
0.00057873
0.00057873
0.00057873
0.00057873
0.00056797
0.00056797
0.0004504
0.0004504
0.0004504
0.0004504
0.0004504
0.0004504
0.0005632
0.0005632
0.0005632
0.0005632
0.00073488
0.00073488
0.00073488
0.00079509
0.00079509
0.00079509
0.00079509
0.00079509
0.00091161
0.00117613
0.00117613
0.00117613
0.00088282
0.00088282
0.00088282
0.00088282
0.00088282
0.00088282
0.00088282
0.00088282
0.00088282
0.00088282
0.00033975
0.00033975
0.00033975
0.00056542
0.00056542
0.00089638
0.00089638
0.00089638
0.00089638
0.00089638
0.00089638
0.00089638
0.00075047
0.00075047
0.00075047
0.00075047
0.00036625
0.00036625
0.00030541
0.00030541
0.00030541
0.00034044
0.00035106
0.00035106
0.00035106
0.00035106
0.00035106
0.00083526
0.00083526
0.00083526
0.00083526
0.00083526
0.00083526
0.00083526
0.00083526
0.00083526
0.00083526
0.00083526
0.00064558
0.00064558
0.00064558
0.00064558
0.00064558
0.00097425
0.00097425
0.00097425
0.00070792
0.00070792
0.00070792
0.00070792
0.00046485
0.00025497
0.00025497
0.00025497
0.00033519
0.00033519
0.00033519
0.00033519
0.00033519
0.00033519
0.00037443
0.0006287
0.00094816
0.00094816
0.00094816
0.00030245
0.00030245
0.00030245
0.00030245
0.00030245
0.00030245
0.00030245
0.00035397
0.00035397
0.00035397
0.00035397
0.00035397
0.00062664
0.00062664
0.00062664
0.00062664
0.00058976
0.00058976
0.00058976
0.00058976
0.00058976
0.00058976
0.00058976
0.00058976
0.00058976
0.00058976
0.0006642
0.0006642
0.0006642
0.0006642
0.00065375
0.00065375
0.00065375
0.00065375
0.00065375
0.00031426
0.00031426
0.00031426
0.00031426
0.00031426
0.00039985
0.00039985
0.00054597
0.00060737
0.00060737
0.00060737
0.00060737
0.00060737
0.00060737
0.00060737
0.00060737
0.00051643
0.00051643
0.00023604
0.00023604
0.00023604
0.00023604
0.00023604
0.00023604
0.00023604
0.00077152
0.00077152
0.00077152
0.0007282
0.0007282
0.00068633
0.0006786
0.0006786
0.0006786
0.00050606
0.00050606
0.00050606
0.00050606
0.00050606
0.00050606
0.00050606
0.00050606
0.00050606
0.00028889
0.00028889
0.00028889
0.00028889
0.00028889
0.00028889
0.00028889
0.00028889
0.00032935
0.00032935
0.00032935
0.00032935
0.00032935
0.0005084
0.0005084
0.0005084
0.0005084
0.0005084
0.0005084
0.0005084
0.0005084
0.0005084
0.0005084
0.00041186
0.00041186
0.00041186
0.00041186
0.00041186
0.00041186
0.00041186
0.00041186
0.00059653
0.00059653
0.00059653
0.00059653
0.00059653
0.00059653
0.00059653
0.00077125
0.00077125
0.00077125
0.00077125
0.00077125
0.00077125
0.00077125
0.00042324
0.00042324
0.00042324
0.00042324
0.00042324
0.00042324
0.00042324
0.00026195
0.00026195
0.00026195
0.00026195
0.00026195
0.00026195
0.00030214
0.00030651
0.00030651
0.00030651
0.00037762
0.00037762
0.00037762
0.00037762
0.00078939
0.00078939
0.00078939
0.00078939
0.00054834
0.00054834
0.00054834
0.00054834
0.00054834
0.00054834
0.00054834
0.00074729
0.00074729
0.00074729
0.00063022
0.00063022
0.00063022
0.00063022
0.0005566
0.0005566
0.0005566
0.0005566
0.0006345
0.0006345
0.0006345
0.0006345
0.0006345
0.0006345
0.0006345
0.0006345
0.0006345
0.0006345
0.0006345
0.0006345
0.0006345
0.0006345
0.00052568
0.00021896
0.00021896
0.00021896
0.00030695
0.00030695
0.00030695
0.00048216
0.00048216
0.00048277
0.00048277
0.00048277
0.00048277
0.00048277
0.00048277
0.00048277
0.00048277
0.00048277
0.00048277
0.00048277
0.00048277
0.00048277
0.00048277
0.00048277
0.00048277
0.0004318
0.0004318
0.0004318
0.00042425
0.00042425
0.00042425
0.00042425
0.00042425
0.00081889
0.00081889
0.00081889
0.00081889
0.00080908
0.00080908
0.00080908
0.00048625
0.00043206
0.00043206
0.00043206
0.00050355
0.00050355
0.00050355
0.00050355
0.00050355
0.0004684
0.0004684
0.0004684
0.0004684
0.0004684
0.0004684
0.0004684
0.0004684
0.0004684
0.0004684
0.0004684
0.0004684
0.0004684
0.0004684
0.0004684
0.0004684
0.0004684
0.00048099
0.00048099
0.00048099
0.00048099
0.00048099
0.00048099
0.00042069
0.00042069
0.00042069
0.00042069
0.00064919
0.00064919
0.00064919
0.0006254
0.0006254
0.0006254
0.0006254
0.0006254
0.0006254
0.00038308
0.00037643
0.00037643
0.00037643
0.00037643
0.00037643
0.00037643
0.00037643
0.00037643
0.00037643
0.00037643
0.00032561
0.00032561
0.00032561
0.00032561
0.00024428
0.00024428
0.00024428
0.00024428
0.00024428
0.00024428
0.00024428
0.00024428
0.00024428
0.00024428
0.00025921
0.00025921
0.00025921
0.00025921
0.00053345
0.00053345
0.00053345
0.00053345
0.00053345
0.00053345
0.00053345
0.00053345
0.00102356
0.00123815
0.00123815
0.00123815
0.00123815
0.00123815
0.00123815
0.00123815
0.00146163
0.00146163
0.00146163
0.00075548
0.00075548
0.00075548
0.00051565
0.00051565
0.00051565
0.00051565
0.00059267
0.00059267
0.00059267
0.00059267
0.00059267
0.00059267
0.00059267
0.00059267
0.00059267
0.00059267
0.00082986
0.00082986
0.00082986
0.00073528
0.00054478
0.00054478
0.00054478
0.00054478
0.00054478
0.00046236
0.00038896
0.00038896
0.00038896
0.00038896
0.00038896
0.00038896
0.00038896
0.00042923
0.00042923
0.00042923
0.00042923
0.00042923
0.00042923
0.00042923
0.00042923
0.00043713
0.00043713
0.00043713
0.00043713
0.00043713
0.00043713
0.00043713
0.00043713
0.00028478
0.00028478
0.00028478
0.00047684
0.00047684
0.00047684
0.00047684
0.00047684
0.00030661
0.00030661
0.00030661
0.00030661
0.00030661
0.00030661
0.00030661
0.00032125
0.00032125
0.00032226
0.00032226
0.00032226
0.00032226
0.00032226
0.00032226
0.00032226
0.00032709
0.00032709
0.00032709
0.00085147
0.00085147
0.00085147
0.00078025
0.00069596
0.00069596
0.00069596
0.00051832
0.00051832
0.00051832
0.00051832
0.00051832
0.00051832
0.00088376
0.00118253
0.00118253
0.00118253
0.00078117
0.00078117
0.00078117
0.00078117
0.00053083
0.00053083
0.00053083
0.00053083
0.00053083
0.00053083
0.00053083
0.00024857
0.00024857
0.00024857
0.00064939
0.00064939
0.00064939
0.00064939
0.00064939
0.00064939
0.00039513
0.00039513
0.00039513
0.00039513
0.00039513
0.00039513
0.00039513
0.00039513
0.00039513
0.00039513
0.00039513
0.00039513
0.00039513
0.00039513
0.00039513
0.00039513
0.00039513
0.00039513
0.00039513
0.00023858
0.00023858
0.00023858
0.00023858
0.00023858
0.00023858
0.00023858
0.00023858
0.00023858
0.00023858
0.00023858
0.00023858
0.00023858
0.00023858
0.00031199
0.00031199
0.00031199
0.00031199
0.00031199
0.00031199
0.00041016
0.00047567
0.00047567
0.00047567
0.00047567
0.00047567
0.00047567
0.00047567
0.00047567
0.00047567
0.00047567
0.0005599
0.0005599
0.0005599
0.0005599
0.0005599
0.0005599
0.0005599
0.0005599
0.0005599
0.00040739
0.00037802
0.00037802
0.00037802
0.00037802
0.00037802
0.00037802
0.00037802
0.00037802
0.00037802
0.00037802
0.00037802
0.00037802
0.00022709
0.00022709
0.00019621
0.00019621
0.00019621
0.00035182
0.00035182
0.00035182
0.00035182
0.00035182
0.00035182
0.00035182
0.00035182
0.00094069
0.00094069
0.00094069
0.00094069
0.00094069
0.00094069
0.00052135
0.00052135
0.00052135
0.00052135
0.00052135
0.00052135
0.00052135
0.00052135
0.00030812
0.00030812
0.00030812
0.00030812
0.00030812
0.00030812
0.00030812
0.00030812
0.000357
0.00035854
0.00036099
0.00036099
0.00036099
0.00036099
0.00047158
0.00047158
0.00047158
0.00015414
0.00015414
0.00015414
0.00017225
0.00017225
0.00018384
0.00018384
0.00018384
0.00018384
0.00023861
0.00023861
0.00023861
0.00023861
0.00023861
0.00023861
0.00023861
0.00023861
0.00028706
0.00028706
0.00028706
0.00028706
0.00049507
0.00049507
0.00049507
0.00049507
0.00049507
0.00049507
0.00049507
0.00049507
0.00049507
0.00080561
0.00080561
0.00080561
0.00080561
0.00080561
0.00033756
0.00033756
0.00033756
0.00033756
0.00033756
0.00026463
0.00026463
0.00026463
0.00026463
0.00026463
0.00026463
0.00026463
0.00026463
0.00014138
0.00014138
0.00014138
0.00018342
0.00020697
0.00020697
0.00020697
0.00020697
0.00020697
0.00027441
0.00098476
0.00098476
0.00098476
0.00044795
0.0004148
0.0004148
0.0004148
0.0004148
0.0004148
0.0002894
0.0002454
0.0002454
0.0002454
0.0002454
0.0002454
0.0002454
0.0002454
0.0002454
0.00024512
0.00024512
0.00024512
0.00024512
0.00024512
0.00032637
0.00034639
0.00034639
0.00034639
0.00033023
0.00033023
0.00033023
0.00033023
0.00045072
0.00045072
0.00052022
0.00052022
0.00052022
0.00052022
0.00052022
0.00052022
0.00052022
0.00052022
0.00052022
0.00052022
0.00052022
0.00029835
0.00029835
0.00029835
0.00047723
0.00047723
0.00047723
0.00047723
0.00052723
0.00052723
0.00052723
0.00052723
0.0007046
0.0007046
0.0007046
0.00051421
0.00051421
0.00051421
0.0004662
0.0004662
0.0004662
0.0004662
0.0004662
0.00052748
0.00052748
0.00052748
0.00052748
0.00052748
0.00052748
0.00052748
0.00052748
0.00052748
0.00052748
0.00165541
0.00403663
0.00403663
0.00403663
0.00403663
0.00403663
0.0036714
0.0036714
0.0036714
0.0036714
0.0036714
0.00093962
0.00093962
0.0004028
0.0004028
0.0004028
0.0004028
0.00035476
0.00035476
0.00035476
0.00037523
0.00037523
0.00037523
0.00029162
0.00029162
0.00029162
0.00029162
0.00029162
0.00029162
0.00029162
0.00029162
0.00023998
0.00023998
0.00023998
0.00023998
0.00023998
0.00023998
0.00033672
0.00033672
0.00033672
0.00033672
0.00033672
0.00033484
0.00033484
0.00033484
0.00033484
0.00033484
0.00033484
0.00033484
0.00028291
0.00028291
0.00028291
0.00025803
0.00025803
0.00025803
0.00025803
0.00025803
0.00025803
0.00025803
0.00025803
0.00025803
0.00025803
0.00025803
0.00034356
0.00034356
0.00034356
0.00034356
0.00034356
0.00034356
0.00034356
0.00034356
0.00034356
0.00034356
0.00034356
0.00034356
0.00034356
0.00034356
0.00034356
0.00034356
0.0003205
0.0003205
0.0003205
0.0003205
0.00028847
0.00028847
0.00028847
0.00028847
0.00028847
0.00028847
0.00028847
0.00028847
0.00028847
0.00028847
0.00028847
0.00028847
0.00028847
0.00028847
0.00028847
0.00028847
0.00028847
0.00028847
0.00057237
0.00057237
0.00057237
0.00048147
0.00048147
0.00048147
0.00048147
0.00048147
0.00048147
0.00048147
0.00048147
0.00048147
0.0007742
0.0007742
0.0007742
0.0007742
0.0007742
0.0007742
0.0007742
0.0007742
0.00146046
0.00190309
0.00190309
0.00190309
0.00124194
0.00124194
0.00124194
0.0006295
0.0006295
0.0006295
0.00062566
0.00049963
0.00049963
0.00049963
0.00049963
0.00033798
0.00033798
0.00033798
0.00033798
0.00033798
0.00033798
0.00033798
0.00033798
0.00033798
0.00033798
0.00033798
0.00033798
0.00033798
0.00033091
0.00033091
0.00024514
0.00024514
0.00024514
0.0003887
0.0003887
0.0003887
0.00059797
0.00102488
0.00102488
0.00102488
0.00102488
0.00102488
0.00102488
0.00045904
0.00035219
0.00035219
0.00035219
0.00035219
0.00035219
0.00035219
0.00023771
0.00023771
0.00023771
0.00023771
0.00023771
0.00023771
0.00023771
0.00023771
0.00023771
0.00023771
0.00023771
0.00023771
0.00023771
0.00023771
0.00023771
0.00023771
0.00023771
0.00022482
0.00022482
0.00022482
0.00025276
0.00025276
0.00042454
0.00042454
0.00042454
0.00042454
0.00042454
0.00027673
0.00027673
0.00027673
0.00023414
0.00023414
0.00023414
0.00023414
0.00023414
0.00023414
0.00021318
0.00021318
0.00021318
0.00021318
0.00021318
0.00021318
0.00023476
0.00023476
0.00023476
0.00023476
0.00023476
0.00023476
0.00021847
0.00021847
0.00021847
0.0002291
0.00038569
0.00048909
0.00048909
0.00048909
0.00048909
0.00048909
0.00048909
0.00048909
0.00035499
0.00035499
0.00035499
0.00062799
0.00067196
0.00067196
0.00067196
0.00068704
0.00068704
0.00068704
0.00033268
0.00032235
0.00032235
0.00032235
0.00032235
0.00032235
0.00032235
0.00032235
0.00032235
0.00032235
0.00033361
0.00033361
0.00033361
0.00033361
0.00033361
0.00033361
0.00033361
0.00033361
0.00033361
0.00033361
0.00024091
0.00021893
0.00021893
0.00021893
0.00021893
0.00021893
0.00021893
0.00021893
0.00020308
0.00020308
0.00020308
0.00020308
0.00020308
0.00020308
0.00020308
0.00031028
0.00031028
0.00031028
0.00031028
0.00032965
0.00032965
0.00032965
0.00032965
0.00054565
0.00054565
0.00054565
0.00040407
0.00033543
0.00033357
0.00033357
0.00033357
0.00033357
0.00033357
0.00033357
0.00033357
0.00099003
0.00099003
0.00099003
0.00090692
0.00090692
0.00035972
0.00035972
0.00035972
0.00049653
0.00049653
0.00049653
0.00049653
0.00049653
0.00049653
0.00049653
0.00049653
0.00049653
0.00042903
0.0004001
0.0004001
0.00020924
0.00020924
0.00020924
0.0002933
0.0002933
0.0002933
0.0002933
0.0002933
0.00036973
0.00044695
0.00044695
0.00044695
0.00035032
0.00035032
0.00035032
0.00035032
0.00035032
0.00035032
0.00035032
0.00035032
0.00035032
0.00035032
0.00035032
0.00035032
0.00042341
0.00042341
0.00042341
0.00042341
0.00042341
0.00042341
0.00042341
0.00036765
0.00036765
0.00036765
0.00042742
0.00042742
0.00042742
0.00042742
0.00042742
0.00042742
0.00042742
0.00042742
0.00042742
0.00042742
0.00042742
0.00042742
0.00025597
0.00025597
0.00025597
0.00025597
0.00025597
0.00025597
0.00032482
0.00032482
0.00032482
0.00024293
0.00024293
0.00024293
0.00027393
0.00027393
0.00027393
0.00027393
0.00027393
0.00027393
0.00027393
0.00027393
0.00027393
0.00027393
0.00027393
0.00027393
0.00027393
0.00027393
0.00027393
0.00020317
0.00020317
0.00020317
0.00020317
0.00020317
0.00037694
0.00037694
0.00037694
0.00037694
0.00037694
0.00029768
0.00029768
0.00029768
0.00029768
0.00029768
0.00029768
0.00029768
0.00029768
0.00029768
0.00029768
0.0008805
0.0008805
0.0008805
0.0008805
0.00058445
0.00029857
0.00029857
0.00029857
0.00027263
0.0002712
0.0002712
0.0002712
0.0002712
0.0002712
0.00040654
0.00040654
0.00040654
0.00039463
0.00039463
0.00039463
0.00039463
0.00039463
0.00039463
0.00046633
0.00046633
0.00046633
0.00046633
0.00046633
0.00068855
0.00068855
0.00070065
0.00070065
0.00070065
0.00070065
0.00070065
0.00070065
0.00066236
0.00066236
0.00066236
0.00066236
0.00071377
0.00071377
0.00071377
0.00016289
0.00016289
0.00016289
0.00038332
0.00038332
0.00038332
0.00038332
0.00038332
0.00038332
0.00036101
0.00036101
0.00036101
0.00036101
0.00036101
0.00027271
0.00027271
0.00027271
0.00027271
0.00027271
0.00027271
0.00027271
0.00027271
0.00022437
0.00022437
0.00022437
0.00022437
0.00022437
0.00022437
0.00022437
0.00022437
0.00022437
0.00022437
0.00022437
0.0003318
0.0003318
0.0003318
0.00036543
0.00036543
0.00036543
0.00036543
0.00036543
0.00033544
0.00033544
0.00033544
0.00033544
0.00103444
0.00103444
0.00103444
0.00040728
0.00040728
0.00040728
0.00037065
0.00027532
0.00027532
0.00027532
0.00027532
0.00027532
0.00027532
0.0003025
0.00045285
0.0007213
0.0007213
0.0007213
0.00038702
0.00038702
0.00038702
0.00038702
0.00036878
0.00036878
0.00036878
0.00036878
0.00036878
0.00036878
0.00036878
0.00036878
0.00036878
0.00036878
0.00036878
0.00036878
0.00036878
0.00026772
0.00026772
0.00026772
0.00028613
0.00028613
0.00028613
0.00027125
0.00027125
0.00027125
0.00027125
0.00027125
0.00041632
0.00041632
0.00041632
0.00033048
0.00033048
0.00027838
0.00027838
0.00027838
0.00027838
0.00027838
0.00023916
0.00023916
0.00023916
0.000243
0.00024633
0.00028754
0.00028754
0.00028754
0.00028754
0.00028754
0.00028754
0.00028754
0.00028754
0.00021058
0.00021058
0.00021058
0.00021058
0.00021058
0.00021058
0.00021058
0.00022217
0.00022217
0.00030462
0.00034823
0.00034823
0.00034823
0.00034823
0.00034823
0.00034823
0.00034823
0.00034823
0.00034823
0.00034823
0.00025359
0.00025359
0.00025359
0.00030601
0.00030601
0.00030601
0.00027148
0.00027148
0.00027148
0.00027148
0.00027148
0.00051945
0.00051945
0.00051945
0.00051945
0.00051945
0.00063048
0.00063048
0.00063048
0.00057548
0.00057548
0.00028682
0.00017764
0.00017764
0.00017764
0.00017764
0.00013694
0.00013694
0.00013694
0.00013694
0.00013694
0.00013694
0.00015653
0.00015653
0.00015653
0.00051406
0.00051406
0.00051406
0.00036372
0.00036372
0.00023781
0.00023781
0.00023781
0.00023781
0.00023781
0.00023781
0.00023781
0.00026139
0.00026139
0.00026139
0.00041153
0.00041153
0.00041153
0.00018949
0.00018949
0.00018949
0.0002899
0.0002899
0.0002899
0.0002899
0.00029316
0.00029316
0.00029316
0.00029316
0.00029316
0.00029316
0.00029316
0.00024192
0.00024192
0.00024192
0.00024192
0.00024192
0.00035155
0.00035155
0.00035155
0.00023161
0.00023161
0.00019939
0.00019939
0.00019939
0.00019939
0.00019939
0.00019939
0.00041113
0.00041113
0.00041113
0.00041113
0.00041113
0.00041113
0.00041113
0.00041113
0.00041113
0.00081725
0.00081725
0.00081725
0.00081725
0.00081725
0.00081725
0.00081725
0.00065286
0.00065286
0.00030048
0.00030048
0.00030048
0.00030048
0.00030048
0.00030048
0.00030048
0.00030048
0.00030048
0.00030048
0.00030048
0.00030048
0.00030048
0.00030048
0.00030048
0.00030048
0.00030048
0.00030048
0.00030048
0.00030048
0.00030048
0.00030048
0.00030048
0.00030048
0.00030048
0.00030048
0.00030048
0.00030048
0.00030048
0.00030048
0.00030048
0.000443
0.000443
0.000443
0.000443
0.000443
0.000443
0.000443
0.000443
0.000443
0.00037981
0.00037981
0.00037981
0.00037981
0.00037981
0.00037981
0.00037981
0.00037981
0.00037981
0.00026128
0.00021154
0.00021154
0.00021154
0.00021154
0.00021154
0.00021154
0.00021154
0.00026446
0.00062118
0.00062118
0.00062118
0.00049649
0.00049649
0.00049649
0.00049649
0.00047666
0.00043148
0.00043148
0.00033278
0.00033278
0.00033278
0.00033278
0.00033278
0.00053372
0.00053372
0.00053372
0.00053372
0.00060206
0.00060206
0.00060206
0.00060206
0.00060206
0.00060206
0.00049298
0.00049298
0.00049298
0.00038334
0.00038334
0.00038334
0.00038334
0.00038334
0.00038334
0.00038334
0.00038334
0.00034438
0.00034438
0.00034438
0.00034438
0.00034438
0.00034438
0.00039036
0.00039036
0.00039036
0.00039036
0.00039036
0.00039036
0.00039036
0.00028156
0.00028156
0.00028156
0.00028156
0.00028064
0.00028064
0.00028064
0.00028064
0.00028064
0.00028064
0.00032282
0.00032282
0.00032282
0.00032282
0.00040639
0.00040639
0.00040639
0.00040639
0.00040639
0.00040639
0.00015673
0.00015673
0.00015673
0.00015673
0.00015673
0.00015673
0.00046282
0.00046282
0.00046282
0.00046282
0.00046282
0.00046282
0.00046282
0.00046282
0.00039075
0.00039075
0.00039075
0.00039075
0.00039075
0.0003549
0.00035445
0.00035445
0.00035445
0.00035445
0.00035445
0.00035445
0.00035445
0.00035445
0.00035445
0.00035445
0.00035445
0.00035445
0.00035445
0.00035445
0.00041856
0.00041856
0.00041856
0.00041856
0.00052621
0.00052621
0.00052621
0.00052621
0.00052621
0.0011037
0.0011037
0.0011037
0.0008437
0.0008437
0.0008437
0.00136842
0.00137465
0.00137465
0.00137465
0.00137465
0.00137465
0.00137465
0.00162394
0.00162394
0.00219142
0.00219142
0.00219142
0.00069981
0.00069981
0.00051582
0.00051582
0.00051582
0.00061694
0.00061694
0.00061694
0.00061694
0.00061694
0.00075531
0.00085286
0.00085286
0.00085286
0.00085286
0.00085286
0.00085286
0.00085286
0.00085286
0.00085286
0.00085286
0.00036376
0.00027782
0.00027782
0.00027782
0.00067059
0.0006917
0.0006917
0.0006917
0.0006917
0.0006917
0.00043482
0.00043482
0.00043482
0.00050959
0.00050959
0.00050959
0.00050959
0.00050959
0.00098458
0.00098458
0.00098458
0.00098458
0.00098458
0.00098458
0.00078531
0.00078531
0.00073239
0.00073239
0.00073239
0.00073239
0.00073239
0.00073239
0.00109117
0.00109117
0.00109117
0.00109117
0.00109117
0.00109117
0.00109117
0.00109117
0.00109117
0.00109117
0.00109117
0.00109117
0.00109117
0.00109117
0.00129776
0.00190295
0.00190295
0.00223711
0.00223711
0.00354321
0.00354321
0.00354321
0.0034041
0.00285234
0.00285234
0.00285234
0.00285234
0.00285234
0.00285234
0.00329397
0.00329397
0.00329397
0.00329397
0.00166
0.00136544
0.00095053
0.00095053
0.00095053
0.00095053
0.0011908
0.00362225
0.00362225
0.00362225
0.00362225
0.00216641
0.00216641
0.00076852
0.00064423
0.00064423
0.00064423
0.00064423
0.00064423
0.00064423
0.00064423
0.00064423
0.00064423
0.00064423
0.00064423
0.00050913
0.00040327
0.00040327
0.00040327
0.00040327
0.00040327
0.00112827
0.00112827
0.00112827
0.00112827
0.00112827
0.00112827
0.00112827
0.00112827
0.00112827
0.00112827
0.00112827
0.00112827
0.00112827
0.00112827
0.0007451
0.0007451
0.0007451
0.0007451
0.0007451
0.0007451
0.0014295
0.0014295
0.0014295
0.0014295
0.0014295
0.0014295
0.0014295
0.0014295
0.0014295
0.00133198
0.00133198
0.00133198
0.00133198
0.00133198
0.00081255
0.00081255
0.00081255
0.00081255
0.00081255
0.00092333
0.00092333
0.00092333
0.00092333
0.00039207
0.00039207
0.00039207
0.00039207
0.00039207
0.00069127
0.0009805
0.0009805
0.0009805
0.00064614
0.00064614
0.00050395
0.00050395
0.00050395
0.00050395
0.00050395
0.00050395
0.00050395
0.00056491
0.00056491
0.00056491
0.00056491
0.00056491
0.00056491
0.00056491
0.00056491
0.00056491
0.00065232
0.00065232
0.00065232
0.00049758
0.00049758
0.00049758
0.00049758
0.00049758
0.00049758
0.00049758
0.0005976
0.0005976
0.0005976
0.00050285
0.00050285
0.00022854
0.00019363
0.00019363
0.00019363
0.00019363
0.00019363
0.00019363
0.00052805
0.00052805
0.00052805
0.00030122
0.00030122
0.00030122
0.00030122
0.00030122
0.00030122
0.00030122
0.00030122
0.00030122
0.00030122
0.00030122
0.00030122
0.00030122
0.00030122
0.00030122
0.00059099
0.00059099
0.00059099
0.00059099
0.00059099
0.00059099
0.00059099
0.00023843
0.00023843
0.00023843
0.00023843
0.0003244
0.00062836
0.00063601
0.00063601
0.00063601
0.00063601
0.00063601
0.00063601
0.00072726
0.00072726
0.00072726
0.00072726
0.00162015
0.00249086
0.00302338
0.00331024
0.00331024
0.00331024
0.00279678
0.00279678
0.00279678
0.00426779
0.00426779
0.00426779
0.00426779
0.00536235
0.00536235
0.00536235
0.00536235
0.00536235
0.00536235
0.00559649
0.00632536
0.00632536
0.00632536
0.0056816
0.00316409
0.00256826
0.00256826
0.00256826
0.00121394
0.00121394
0.00121394
0.00121394
0.00121394
0.00121394
0.00250614
0.00250614
0.00532611
0.00532611
0.0053851
0.0053851
0.0053851
0.0053851
0.0053851
0.0053851
0.00200708
0.00187082
0.00187082
0.00187082
0.00285165
0.00428034
0.00777153
0.00803147
0.00803147
0.00803147
0.00464907
0.00320679
0.00320679
0.00320679
0.00320679
0.00320679
0.00138437
0.00138437
0.00138437
0.00138437
0.00138437
0.00146882
0.00235481
0.00271928
0.00271928
0.0028839
0.00375841
0.00375841
0.00375841
0.00241113
0.00102706
0.00085834
0.00085834
0.00085834
0.0014832
0.00292996
0.00333088
0.00333088
0.00333088
0.00333088
0.00333088
0.00311537
0.0027193
0.0021272
0.0021272
0.0021272
0.0021272
0.0021272
0.00206616
0.00184127
0.00184127
0.00184127
0.00184127
0.00184127
0.00184127
0.00184127
0.00184127
0.00184127
0.00184127
0.00179216
0.00179216
0.00179216
0.0013559
0.0013559
0.0013559
0.0013559
0.00077724
0.00077724
0.00077724
0.00077724
0.00077724
0.00077724
0.00125837
0.00125837
0.00125837
0.00125837
0.00125837
0.00125837
0.00125837
0.00125837
0.00125837
0.00210221
0.00210221
0.00484157
0.00484157
0.00484157
0.00484157
0.005095
0.005095
0.005095
0.002551
0.00157328
0.00157328
0.00157328
0.00157328
0.00136542
0.00111701
0.0008815
0.0008815
0.0008815
0.00079796
0.00053659
0.00053659
0.00053659
0.00053659
0.00053659
0.00053659
0.00056974
0.00056974
0.00056974
0.00056974
0.00056974
0.00056974
0.00056974
0.00056974
0.00056974
0.00056974
0.00044849
0.00044849
0.00040941
0.00040941
0.00040941
0.00040941
0.00040941
0.00040941
0.00040941
0.00040941
0.00040941
0.00040941
0.00040941
0.00040941
0.00030775
0.00028619
0.00028619
0.00028619
0.00036807
0.00036807
0.00036807
0.00036807
0.00042513
0.00094013
0.00094013
0.00094013
0.00074721
0.00074721
0.00074721
0.00074721
0.00074721
0.00074721
0.00145202
0.00321946
0.01256056
0.01256056
0.01256056
0.01256056
0.01256056
0.01256056
0.00619527
0.00619527
0.00619527
0.00619527
0.00619527
0.00619527
0.0013322
0.0013322
0.0013322
0.0013322
0.0013322
0.0013322
0.00226653
0.00226653
0.00226653
0.00226653
0.00312572
0.00550967
0.00886091
0.00886091
0.00886091
0.00886091
0.00886091
0.01235304
0.01235304
0.01235304
0.02651802
0.05160706
0.05160706
0.05160706
0.01755153
0.01755153
0.01755153
0.02056659
0.02056659
0.02056659
0.02056659
0.01451983
0.01451983
0.01451852
0.01451852
0.01451852
0.01704142
0.0189477
0.0189477
0.0189477
0.0106569
0.00522597
0.00522597
0.00522597
0.00522597
0.00522597
0.00522597
0.00112628
0.00112628
0.00112628
0.00112628
0.00112628
0.00112628
0.00112628
0.00112628
0.00112628
0.00112628
0.00124207
0.00124207
0.00124207
0.00124207
0.00124207
0.00124207
0.00104778
0.00104778
0.00104778
0.00104778
0.00104778
0.00141301
0.00141301
0.00141301
0.00141301
0.00141301
0.00141301
0.00141301
0.00141301
0.00141301
0.00168158
0.00168158
0.00168158
0.00039426
0.00025337
0.00025337
0.00025337
0.00025337
0.00025337
0.00039835
0.00039835
0.00039835
0.00039835
0.0005548
0.0005548
0.0005548
0.00039017
0.00039017
0.00039017
0.00040012
0.00040012
0.00051817
0.00051817
0.00063037
0.00063037
0.00063037
0.00063037
0.00063037
0.00063037
0.00063037
0.00063037
0.00053114
0.00053114
0.00053114
0.00053114
0.00053114
0.00053114
0.00053114
0.00053114
0.00053114
0.0007873
0.00106674
0.00106674
0.00106674
0.00031806
0.00031806
0.00031806
0.00032028
0.00032028
0.00032028
0.00032028
0.00032028
0.00032028
0.00032028
0.00030545
0.00025982
0.00025982
0.00025982
0.00025982
0.00025982
0.00025982
0.00039385
0.00039385
0.00039385
0.00039385
0.00043212
0.00043212
0.00043212
0.0002812
0.0002812
0.0002812
0.0002812
0.00027955
0.00027955
0.00027955
0.00144668
0.00144668
0.00144668
0.00078377
0.00069244
0.00020725
0.00020725
0.00020725
0.00020725
0.00020417
0.00020417
0.00020417
0.00027365
0.00035818
0.00035818
0.00035818
0.00035818
0.00035818
0.00035818
0.00035818
0.00035818
0.00035818
0.00035818
0.00035818
0.00035818
0.00035818
0.00043
0.00043
0.00043
0.00043
0.00043
0.00043
0.00043
0.00043
0.00043
0.00043
0.00043
0.00043
0.00043
0.00043
0.00043
0.00031314
0.00016234
0.00016234
0.00016234
0.00019518
0.00019518
0.00019518
0.00019518
0.00020952
0.00020952
0.00020952
0.00020952
0.00020952
0.00020952
0.00020952
0.00020952
0.00021933
0.00021933
0.00021933
0.00021933
0.0003591
0.0003591
0.0003591
0.0003591
0.0003591
0.0003591
0.0003591
0.00035722
0.00035722
0.00035722
0.00025246
0.00025246
0.00025246
0.00025246
0.00025246
0.00025246
0.00025246
0.00025246
0.00025246
0.00025246
0.00042336
0.00044109
0.00045817
0.00053826
0.00053826
0.00053826
0.00032323
0.00027147
0.00018212
0.00018212
0.00018212
0.00029673
0.00034496
0.00039578
0.00039578
0.00039578
0.00021603
0.00018732
0.00016599
0.00016599
0.00016599
0.00016599
0.00016599
0.00017472
0.00017472
0.00020541
0.00020541
0.00020541
0.00016649
0.00016649
0.00016649
0.0003216
0.0003216
0.0003216
0.00029237
0.00029237
0.00029237
0.00029237
0.00029237
0.00028973
0.00028973
0.00028973
0.00028973
0.00035938
0.00035938
0.00035938
0.00028633
0.00028633
0.00028633
0.00028633
0.00028633
0.00028633
0.00028633
0.00028633
0.00028633
0.00028633
0.0003601
0.0003601
0.0003601
0.0003601
0.00024766
0.00019296
0.00019296
0.00019296
0.00019296
0.00019296
0.00017056
0.00017056
0.00017056
0.00017462
0.00017462
0.00018152
0.00018152
0.00018152
0.00018152
0.00021058
0.00021058
0.00023994
0.00023994
0.00024676
0.00024676
0.00024676
0.00032048
0.00032048
0.00032048
0.00023814
0.00023814
0.00023814
0.00023814
0.00056465
0.00056465
0.00056465
0.00036137
0.00026217
0.00026217
0.00026217
0.00026217
0.00026217
0.00026217
0.00026217
0.00031522
0.00031522
0.00031522
0.00031522
0.00031522
0.00031522
0.00031522
0.00031522
0.00031522
0.00031522
0.00028208
0.00028208
0.00028208
0.0001588
0.0001588
0.0001588
0.0001588
0.0001588
0.0001588
0.00022589
0.00022589
0.00022589
0.00015389
0.00015389
0.00015389
0.00015389
0.00015389
0.00016165
0.00016165
0.00016165
0.00016165
0.00022332
0.00022332
0.00022332
0.00025887
0.00025887
0.00025887
0.00017653
0.00017653
0.00017653
0.00017653
0.00016533
0.00016533
0.00016533
0.00036317
0.00036317
0.00036317
0.00036317
0.00062004
0.00062004
0.00062004
0.00062004
0.00046685
0.00046685
0.00027115
0.00027115
0.00027115
0.00027115
0.00027115
0.00027115
0.00027115
0.00027115
0.00027115
0.00027115
0.00027115
0.00027115
0.00027115
0.00027115
0.00021986
0.00021986
0.00021986
0.00021986
0.00021986
0.00021986
0.00021986
0.00021986
0.00021986
0.00021986
0.00021986
0.00021986
0.00021986
0.00040135
0.00040135
0.00040135
0.00040135
0.00040135
0.00040135
0.00040135
0.00040135
0.00040135
0.00040135
0.00040135
0.00040135
0.00040135
0.00040135
0.00040135
0.00040135
0.00040135
0.00040135
0.00040135
0.00040135
0.00040135
0.00040135
0.00033737
0.00025748
0.00025748
0.00024163
0.00024163
0.00018606
0.00018606
0.00018606
0.00018606
0.00018606
0.00018606
0.00018606
0.00018606
0.00018606
0.00035704
0.00035704
0.00035704
0.00029697
0.00029697
0.00029697
0.00029697
0.00073801
0.00109565
0.00109565
0.00109565
0.00277517
0.00277517
0.003674
0.003674
0.003674
0.003674
0.00377856
0.00527519
0.03087794
0.16214172
0.16214172
0.16214172
0.16214172
0.16214172
0.6495106
0.6495106
0.90222429
0.91923436
0.91923436
0.91923436
0.8646821
0.8646821
0.8646821
0.8646821
0.8646821
0.67507175
0.00925388
1.294e-05
1.294e-05
1.294e-05
1.294e-05
3.5e-07
3.5e-07
3.5e-07
3.5e-07
3.5e-07
3.5e-07
3.5e-07
3.5e-07
0.0
0.0
0.0
6.4e-07
0.00013378
0.0411112
0.04681033
0.04681033
0.09140999
0.09236507
0.15356065
0.15356065
0.15356065
0.15356065
0.15356065
0.15356065
0.15356065
0.09585534
0.09585534
0.09585534
0.12998887
0.30256687
0.30256687
0.30256687
0.30256687
0.55867297
0.55867297
0.55867297
0.36187291
0.36031496
0.36031496
0.36031496
0.36031496
0.31848139
0.28979101
0.23178935
0.23178935
0.19357186
0.16677922
0.16677922
0.16677922
0.16677922
0.16677922
0.16084288
0.16084288
0.16084288
0.16084288
0.16084288
0.16084288
0.16084288
0.39755623
0.48589594
0.48589594
0.48589594
0.48589594
0.64251412
0.64251412
0.64251412
0.13838505
0.13838505
0.13838505
0.13910344
0.13910344
0.13910344
0.18625791
0.18625791
0.18625791
0.17689
0.1611667
0.15517179
0.15517179
0.15517179
0.15517179
0.15517179
0.15517179
0.15517179
0.15517179
0.15517179
0.26077174
0.26077174
0.26077174
0.2480298
0.2480298
0.2480298
0.22509808
0.22509808
0.22509808
0.25575806
0.25575806
0.25575806
0.25575806
0.25575806
0.079182
0.0468602
0.0468602
0.0468602
0.0472579
0.14900865
0.14900865
0.14900865
0.13873631
0.08173579
0.08173579
0.08173579
0.10753459
0.10753459
0.10753459
0.10753459
0.10753459
0.20633887
0.20633887
0.20633887
0.20633887
0.20633887
0.20633887
0.20633887
0.16001299
0.13980917
0.13980917
0.13980917
0.11842253
0.11243797
0.10790274
0.10790274
0.10790274
0.1354254
0.1354254
0.1354254
0.14390997
0.14390997
0.14390997
0.15731813
0.15731813
0.37975487
0.37975487
0.37975487
0.37975487
0.37975487
0.37975487
0.07360203
0.07360203
0.07360203
0.07360203
0.12437523
0.12437523
0.12437523
0.12437523
0.12437523
0.78167636
0.78167636
0.78167636
0.39179146
0.31495974
0.31495974
0.31495974
0.31495974
0.18458915
0.18458915
0.18458915
0.09113642
0.09113642
0.09113642
0.09113642
0.09906031
0.09906031
0.09906031
0.09317266
0.09317266
0.09317266
0.10061562
0.12414091
0.19595485
0.20615433
0.20615433
0.20615433
0.20615433
0.20615433
0.20615433
0.20615433
0.20615433
0.24895812
0.34972347
0.34972347
0.34972347
0.3477769
0.3477769
0.3477769
0.51006687
0.51006687
0.51006687
0.51006687
0.51006687
0.51006687
0.27461697
0.09609412
0.09609412
0.09609412
8.657e-05
6.47e-06
6.47e-06
6.47e-06
2.998e-05
6.386e-05
7.461e-05
7.461e-05
7.461e-05
0.00028657
0.23656231
0.33000257
0.33000257
0.33000257
0.33000257
0.33000257
0.33000257
0.61608792
0.61608792
0.61608792
0.61608792
0.49646555
0.49646555
0.49646555
0.49646555
0.49646555
0.49646555
0.49646555
0.49646555
0.49646555
0.54655442
0.54655442
0.54655442
0.54655442
0.54655442
0.54655442
0.54655442
0.54655442
0.54655442
0.93705436
0.93705436
0.93705436
0.93705436
0.93705436
0.93705436
0.59246051
2.569e-05
2.569e-05
2.569e-05
4.238e-05
0.00030123
0.04411032
0.15914576
0.15914576
0.42749758
0.58383675
0.58383675
0.58383675
0.57685172
0.57685172
0.57685172
0.57685172
0.56753891
0.56753891
0.56753891
0.56753891
0.56753891
0.54954037
0.54954037
0.54954037
0.54954037
0.54954037
0.54954037
0.54954037
0.54954037
0.54954037
0.2824411
0.2824411
0.2824411
0.15037183
0.15037183
0.15037183
0.21389599
0.24455723
0.26071483
0.26071483
0.2831313
0.2831313
0.2831313
0.2831313
0.2831313
0.42016934
0.44485881
0.44485881
0.44485881
0.44485881
0.44485881
0.44485881
0.48073039
0.48073039
0.48073039
0.45565514
0.18605166
0.18605166
0.18605166
0.3120808
0.3120808
0.3120808
0.17518483
0.17518483
0.17518483
0.17518483
0.72375851
0.72375851
0.72375851
0.72375851
0.38584695
0.20625473
0.20625473
0.15642793
0.15642793
0.15642793
0.15642793
0.15642793
0.15642793
0.15642793
0.15642793
0.15642793
0.15642793
0.15642793
0.15642793
0.15642793
0.15642793
0.15642793
0.15642793
0.15642793
0.15642793
0.15642793
0.15642793
0.4233282
0.4233282
0.4233282
0.31893978
0.31893978
0.31893978
0.31893978
0.31893978
0.29668451
0.29668451
0.09071148
0.09071148
0.09071148
0.10468298
0.10468298
0.10468298
0.10269182
0.10269182
0.10269182
0.10269182
0.04278998
0.04278998
0.04278998
0.04278998
0.04278998
0.04278998
0.04278998
0.04278998
0.04278998
0.04278998
0.04674255
0.04674255
0.04674255
0.06583408
0.06583408
0.06583408
0.07318053
0.07318053
0.07318053
0.07318053
0.07318053
0.07318053
0.07318053
0.07318053
0.07318053
0.07318053
0.07318053
0.07318053
0.07318053
0.07629979
0.07629979
0.07629979
0.07629979
0.07629979
0.07629979
0.10036935
0.10036935
0.10036935
0.10036935
0.10036935
0.13466586
0.13466586
0.13466586
0.10185825
0.0585453
0.0585453
0.0585453
0.0585453
0.0585453
0.0585453
0.05921969
0.05921969
0.0790733
0.0790733
0.0882356
0.0882356
0.0882356
0.0882356
0.11618026
0.14732583
0.14732583
0.24798519
0.24798519
0.24798519
0.24798519
0.24798519
0.13519253
0.13079023
0.13079023
0.13079023
0.13079023
0.08421212
0.03375184
0.03375184
0.03375184
0.03375184
0.03375184
0.03375184
0.01582411
0.01582411
0.01582411
0.02007764
0.02761336
0.05020882
0.06110534
0.06110534
0.08038827
0.08038827
0.08038827
0.07562317
0.07562317
0.07562317
0.10939192
0.26094476
0.26094476
0.26094476
0.26094476
0.26094476
0.26094476
0.18502999
0.14106031
0.08345657
0.08014498
0.07667927
0.07371738
0.07371738
0.07371738
0.07371738
0.08099445
0.08099445
0.08099445
0.08099445
0.08099445
0.08099445
0.08702612
0.08702612
0.08702612
0.08153627
0.04284167
0.04284167
0.04284167
0.05149334
0.06064162
0.06064162
0.07407632
0.07407632
0.07407632
0.07407632
0.14563791
0.14563791
0.14563791
0.21700102
0.21700102
0.21700102
0.21700102
0.21700102
0.21700102
0.21700102
0.21700102
0.21700102
0.15018987
0.13729998
0.10219054
0.08567477
0.06023986
0.05029191
0.05029191
0.05029191
0.05029191
0.08198749
0.08198749
0.08198749
0.08198749
0.08198749
0.05235011
0.05175479
0.05175479
0.05175479
0.05175479
0.05175479
0.03333109
0.03333109
0.03333109
0.03388881
0.05098322
0.0902494
0.0902494
0.19336717
0.19336717
0.19336717
0.18718272
0.18718272
0.1265627
0.10643862
0.10643862
0.10643862
0.10643862
0.10643862
0.10643862
0.10643862
0.10643862
0.018197
0.018197
0.018197
0.018197
0.02231037
