0.24145522
0.18815716
0.18815716
0.18815716
0.18815716
0.18815716
0.18484571
0.18484571
0.18484571
0.17005406
0.17005406
0.17005406
0.32949072
0.32949072
0.32949072
0.32949072
0.32949072
0.32949072
0.19471001
0.19471001
0.19471001
0.19471001
0.19471001
0.19471001
0.19471001
0.19471001
0.19471001
0.19471001
0.19471001
0.19471001
0.18674615
0.18674615
0.18674615
0.19080339
0.19080339
0.19080339
0.15926763
0.15650099
0.15650099
0.15650099
0.15650099
0.12578457
0.12578457
0.09784675
0.09784675
0.09784675
0.09784675
0.09784675
0.11590215
0.11590215
0.11590215
0.11590215
0.11621937
0.11621937
0.11621937
0.11621937
0.11846892
0.11846892
0.11846892
0.11846892
0.11846892
0.11846892
0.11846892
0.11846892
0.11846892
0.11372958
0.11372958
0.11372958
0.11374299
0.11374299
0.11374299
0.11374299
0.05214755
0.05214755
0.05214755
0.11121342
0.13007788
0.13007788
0.13007788
0.13007788
0.13007788
0.13007788
0.13007788
0.13007788
0.13007788
0.13007788
0.11948564
0.11948564
0.11948564
0.11948564
0.11948564
0.11948564
0.11948564
0.11948564
0.11948564
0.11948564
0.11948564
0.11948564
0.11948564
0.12005662
0.12005662
0.12005662
0.10305883
0.10305883
0.10305883
0.10305883
0.10305883
0.10305883
0.10305883
0.10305883
0.10305883
0.10305883
0.10772101
0.10772101
0.10772101
0.11366445
0.11366445
0.15443319
0.15443319
0.15443319
0.15443319
0.10923429
0.10923429
0.10923429
0.15381578
0.15381578
0.15381578
0.15381578
0.15381578
0.15381578
0.15381578
0.06333977
0.06333977
0.06333977
0.06333977
0.06333977
0.06333977
0.08883527
0.08883527
0.08883527
0.08883527
0.08883527
0.08883527
0.08883527
0.08883527
0.06288246
0.06288246
0.06288246
0.06685155
0.06685155
0.06685155
0.15472198
0.15472198
0.15472198
0.15472198
0.08321195
0.08321195
0.08321195
0.08321195
0.08321195
0.08321195
0.13854165
0.13854165
0.13854165
0.04807205
0.04807205
0.04807205
0.04807205
0.09672033
0.09672033
0.09672033
0.07744654
0.07744654
0.07744654
0.18057358
0.28272972
0.28272972
0.28272972
0.1427104
0.1427104
0.1427104
0.1427104
0.1427104
0.13951827
0.13951827
0.13315894
0.13315894
0.13315894
0.13315894
0.11662473
0.11662473
0.11662473
0.11662473
0.11662473
0.11662473
0.11662473
0.11662473
0.11662473
0.14358897
0.14358897
0.14358897
0.14358897
0.14358897
0.14358897
0.14358897
0.14358897
0.14358897
0.14885797
0.14885797
0.14885797
0.14885797
0.14885797
0.14885797
0.14885797
0.26055861
0.26055861
0.26055861
0.20389299
0.20389299
0.19198351
0.19198351
0.19198351
0.2399074
0.2399074
0.2399074
0.19462722
0.18088499
0.18088499
0.16347341
0.06908615
0.05844934
0.05844934
0.05844934
0.1357276
0.147275
0.147275
0.147275
0.147275
0.20833498
0.20833498
0.20833498
0.20833498
0.20833498
0.24843955
0.24843955
0.24843955
0.24205219
0.24205219
0.24205219
0.24205219
0.122648
0.05787892
0.05787892
0.05787892
0.06854799
0.06854799
0.06854799
0.06854799
0.05062889
0.05062889
0.05062889
0.05293092
0.09150681
0.09150681
0.09150681
0.10876492
0.10876492
0.10876492
0.10876492
0.10876492
0.10876492
0.10876492
0.10876492
0.10876492
0.10876492
0.10876492
0.0628634
0.0628634
0.0628634
0.0628634
0.0628634
0.0628634
0.0628634
0.0628634
0.0628634
0.0628634
0.0628634
0.0628634
0.11914428
0.11914428
0.11914428
0.17487047
0.17487047
0.17487047
0.15171505
0.15171505
0.15171505
0.06596212
0.06596212
0.04875797
0.04875797
0.04875797
0.09561126
0.1162722
0.14394808
0.2178051
0.2178051
0.2178051
0.18425561
0.18425561
0.15462211
0.15462211
0.15462211
0.18607842
0.18607842
0.18607842
0.17478497
0.17478497
0.16800046
0.16800046
0.16800046
0.16800046
0.16800046
0.16800046
0.16800046
0.16800046
0.16800046
0.16800046
0.16800046
0.16800046
0.16800046
0.16800046
0.15873899
0.15873899
0.15873899
0.15904283
0.15904283
0.15904283
0.15904283
0.15904283
0.15904283
0.15904283
0.15904283
0.15904283
0.15904283
0.15904283
0.15904283
0.15904283
0.15904283
0.12585286
0.12585286
0.12585286
0.15307461
0.15307461
0.15307461
0.15307461
0.15307461
0.15307461
0.15307461
0.15307461
0.15307461
0.15307461
0.15307461
0.15307461
0.15307461
0.15307461
0.14489349
0.14489349
0.08747054
0.08747054
0.08747054
0.09080685
0.09080685
0.10545986
0.10545986
0.10545986
0.10545986
0.18664633
0.18664633
0.18664633
0.18664633
0.18664633
0.18664633
0.18664633
0.18664633
0.18664633
0.18664633
0.18664633
0.18664633
0.18664633
0.18664633
0.18664633
0.18664633
0.18664633
0.18664633
0.18664633
0.18664633
0.18664633
0.18664633
0.18664633
0.18664633
0.18664633
0.18664633
0.18664633
0.18664633
0.18664633
0.18664633
0.18664633
0.18664633
0.18664633
0.18664633
0.18218588
0.18218588
0.18218588
0.18218588
0.18218588
0.18218588
0.18992238
0.18992238
0.18992238
0.18992238
0.16194734
0.16194734
0.16194734
0.37351677
0.37351677
0.37351677
0.09813575
0.09813575
0.09813575
0.17847798
0.17847798
0.17847798
0.17847798
0.17847798
0.17847798
0.17847798
0.17847798
0.17847798
0.17847798
0.17847798
0.17847798
0.17102784
0.17102784
0.17102784
0.17102784
0.17102784
0.17865524
0.17865524
0.17865524
0.17865524
0.17865524
0.17865524
0.16119122
0.16119122
0.16119122
0.16119122
0.16119122
0.16119122
0.16119122
0.16119122
0.16119122
0.16119122
0.16119122
0.12609913
0.12609913
0.12609913
0.12609913
0.12609913
0.12609913
0.12609913
0.12609913
0.12609913
0.12609913
0.12609913
0.12609913
0.22427885
0.22427885
0.22427885
0.1148886
0.08664328
0.08664328
0.08664328
0.10586235
0.10586235
0.10586235
0.10586235
0.10729918
0.10729918
0.12559359
0.12559359
0.12559359
0.12559359
0.12559359
0.12559359
0.12559359
0.12559359
0.12559359
0.12559359
0.12559359
0.12559359
0.12559359
0.12559359
0.12559359
0.12559359
0.14817002
0.14817002
0.14817002
0.11065914
0.11065914
0.11065914
0.11065914
0.11065914
0.11065914
0.16836265
0.16836265
0.16836265
0.16836265
0.23483968
0.23483968
0.23483968
0.23483968
0.21616058
0.19542612
0.19542612
0.19542612
0.13451405
0.11925918
0.11925918
0.11925918
0.19994024
0.19994024
0.19994024
0.19994024
0.19994024
0.24482666
0.24482666
0.24482666
0.24482666
0.24482666
0.24482666
0.1463793
0.13716795
0.13716795
0.13716795
0.13716795
0.13716795
0.16659162
0.16659162
0.16659162
0.16659162
0.16659162
0.11689135
0.11689135
0.11689135
0.11689135
0.11689135
0.11689135
0.11689135
0.11689135
0.11689135
0.11689135
0.11689135
0.11689135
0.11689135
0.14894973
0.14894973
0.15228396
0.15228396
0.15228396
0.15228396
0.15228396
0.1950338
0.1950338
0.1950338
0.1950338
0.1950338
0.1950338
0.15770403
0.15770403
0.12225317
0.12225317
0.12225317
0.14711878
0.14711878
0.17458843
0.17458843
0.17458843
0.17458843
0.17458843
0.17458843
0.17458843
0.17458843
0.17458843
0.17458843
0.17458843
0.17458843
0.17458843
0.17458843
0.17458843
0.17458843
0.17458843
0.17458843
0.17458843
0.18650276
0.19475124
0.19475124
0.19475124
0.19475124
0.19475124
0.1770565
0.1770565
0.16958493
0.16958493
0.16958493
0.16958493
0.16958493
0.16958493
0.17167102
0.17167102
0.17167102
0.17167102
0.17167102
0.17167102
0.17167102
0.18063826
0.18063826
0.18063826
0.22040586
0.22040586
0.22040586
0.22040586
0.22040586
0.22040586
0.16323303
0.16323303
0.16323303
0.16323303
0.16323303
0.16323303
0.16323303
0.16323303
0.16323303
0.16323303
0.16323303
0.16323303
0.16323303
0.16323303
0.16323303
0.16323303
0.16323303
0.15299533
0.15299533
0.15299533
0.19247202
0.19247202
0.19247202
0.19247202
0.19247202
0.19247202
0.19247202
0.19247202
0.19247202
0.19247202
0.19247202
0.19247202
0.19247202
0.19247202
0.17124046
0.17124046
0.17124046
0.18077036
0.18077036
0.18077036
0.18077036
0.18077036
0.13198475
0.13198475
0.13198475
0.13198475
0.13198475
0.16648155
0.16648155
0.16648155
0.16648155
0.16648155
0.16870494
0.16870494
0.16870494
0.18059752
0.18059752
0.18059752
0.18059752
0.18059752
0.21727195
0.21727195
0.21727195
0.21727195
0.21727195
0.21727195
0.16193605
0.16193605
0.16193605
0.16193605
0.16193605
0.16193605
0.16217355
0.16217355
0.16217355
0.16217355
0.19894358
0.19894358
0.19894358
0.19894358
0.19894358
0.26889046
0.26889046
0.26889046
0.26889046
0.26889046
0.15268565
0.13069018
0.12088015
0.10817991
0.08949103
0.08214188
0.08214188
0.08214188
0.1215158
0.16436732
0.20548728
0.20548728
0.20548728
0.18865254
0.07009864
0.07009864
0.07009864
0.07009864
0.07009864
0.07009864
0.07009864
0.07009864
0.07009864
0.07009864
0.06976302
0.06976302
0.06976302
0.1525931
0.1525931
0.1525931
0.09936973
0.09936973
0.09936973
0.09936973
0.09936973
0.09936973
0.09936973
0.09936973
0.09936973
0.09936973
0.09936973
0.09936973
0.09936973
0.09936973
0.09936973
0.11468376
0.15857618
0.15857618
0.15857618
0.14600721
0.1422372
0.06515021
0.06515021
0.06515021
0.11963498
0.11963498
0.11963498
0.11963498
0.11963498
0.11963498
0.11963498
0.11963498
0.11963498
0.10083782
0.10083782
0.10083782
0.10083782
0.10083782
0.10083782
0.10083782
0.08265339
0.08265339
0.08265339
0.08265339
0.08265339
0.11334737
0.11854195
0.11854195
0.12363141
0.12363141
0.12363141
0.13201982
0.13201982
0.13201982
0.11691711
0.11691711
0.11691711
0.11691711
0.11691711
0.11691711
0.12793466
0.12793466
0.12793466
0.12793466
0.12793466
0.12793466
0.07898435
0.058342
0.058342
0.058342
0.06894244
0.06894244
0.06894244
0.06894244
0.06894244
0.11939635
0.11939635
0.11939635
0.11939635
0.11939635
0.11939635
0.11939635
0.11939635
0.11939635
0.1360254
0.15128339
0.15128339
0.15128339
0.15128339
0.15128339
0.15128339
0.20015021
0.20015021
0.20015021
0.20015021
0.20015021
0.20015021
0.08861386
0.04618269
0.04618269
0.04618269
0.04618269
0.04618269
0.04618269
0.10273516
0.12000607
0.12000607
0.12000607
0.11711448
0.11711448
0.11711448
0.11711448
0.11711448
0.11711448
0.12735308
0.15372891
0.15372891
0.15372891
0.15372891
0.15372891
0.15372891
0.15372891
0.15372891
0.11054152
0.11054152
0.11054152
0.11054152
0.11054152
0.11054152
0.11889194
0.11889194
0.11889194
0.11889194
0.11889194
0.11889194
0.11289254
0.11289254
0.11289254
0.11289254
0.11289254
0.11289254
0.11289254
0.13661961
0.13661961
0.13661961
0.13661961
0.13661961
0.13661961
0.13661961
0.13661961
0.13661961
0.14570632
0.14575827
0.14575827
0.14575827
0.14575827
0.14575827
0.14575827
0.14575827
0.06069874
0.06069874
0.06069874
0.06741649
0.06741649
0.06741649
0.06741649
0.15466331
0.15466331
0.15466331
0.15466331
0.15466331
0.15466331
0.20278345
0.20278345
0.20278345
0.20278345
0.22325549
0.22325549
0.22325549
0.22325549
0.22325549
0.22325549
0.22325549
0.22325549
0.13346148
0.13294302
0.13294302
0.13294302
0.13314622
0.13314622
0.13314622
0.13314622
0.13314622
0.13314622
0.13314622
0.13314622
0.13289371
0.08663306
0.08663306
0.08663306
0.08663306
0.24119443
0.24119443
0.24119443
0.24119443
0.08735851
0.08735851
0.08735851
0.16064093
0.16064093
0.16064093
0.13411869
0.13411869
0.13411869
0.14159817
0.14159817
0.14159817
0.13311541
0.12791914
0.12791914
0.12791914
0.12791914
0.12791914
0.12791914
0.12791914
0.12791914
0.12791914
0.12791914
0.12887928
0.12887928
0.13410134
0.13410134
0.13410134
0.13410134
0.13410134
0.13410134
0.1045637
0.0932044
0.0932044
0.0932044
0.10030984
0.14480346
0.14480346
0.14480346
0.12680738
0.11469908
0.11469908
0.11469908
0.11469908
0.11469908
0.11469908
0.11469908
0.11286139
0.11286139
0.06020573
0.06020573
0.06020573
0.06020573
0.06020573
0.06020573
0.06020573
0.09938423
0.15270446
0.18690907
0.18690907
0.18690907
0.1376869
0.1376869
0.1376869
0.23017597
0.23017597
0.23017597
0.22979845
0.18442299
0.18442299
0.18442299
0.13792272
0.13792272
0.13792272
0.13792272
0.13792272
0.13792272
0.13792272
0.10554589
0.10554589
0.10554589
0.10554589
0.10554589
0.08907193
0.08013612
0.08013612
0.08013612
0.08013612
0.08013612
0.08013612
0.11900637
0.11900637
0.12308704
0.12308704
0.12308704
0.09714091
0.09222962
0.09222962
0.09222962
0.09222962
0.08005154
0.08005154
0.08005154
0.08005154
0.08005154
0.05486493
0.05486493
0.05486493
0.05486493
0.0977157
0.12894184
0.12894184
0.12894184
0.12894184
0.12894184
0.13195978
0.14601855
0.14601855
0.14725801
0.14725801
0.14725801
0.08390264
0.08390264
0.08390264
0.08390264
0.1519912
0.1519912
0.1519912
0.1519912
0.1519912
0.12370004
0.07491184
0.07491184
0.07491184
0.07491184
0.07491184
0.07491184
0.07491184
0.07491184
0.07491184
0.07491184
0.07491184
0.07491184
0.07491184
0.07491184
0.07491184
0.07491184
0.07491184
0.06355557
0.06355557
0.06355557
0.06525211
0.06525211
0.06525211
0.06525211
0.06525211
0.06525211
0.06525211
0.06525211
0.09253346
0.09253346
0.09907333
0.09907333
0.09907333
0.09907333
0.09907333
0.09907333
0.02144798
0.02144798
0.02144798
0.02144798
0.02144798
0.02144798
0.02144798
0.02144798
0.02144798
0.02144798
0.02144798
0.02745503
0.09897728
0.09897728
0.09897728
0.11084554
0.11084554
0.11084554
0.11084554
0.11084554
0.11084554
0.09795481
0.09795481
0.09795481
0.09795481
0.10758667
0.10758667
0.10758667
0.10758667
0.10758667
0.10758667
0.0983696
0.0983696
0.0983696
0.0983696
0.0983696
0.14409079
0.14409079
0.14409079
0.14409079
0.14409079
0.14409079
0.14409079
0.09466046
0.09466046
0.09466046
0.13057618
0.13057618
0.13057618
0.13057618
0.13057618
0.13057618
0.13057618
0.13057618
0.13057618
0.13057618
0.13057618
0.13057618
0.11312719
0.11312719
0.11312719
0.11312719
0.17621575
0.17621575
0.17621575
0.17621575
0.17621575
0.15936458
0.15936458
0.15936458
0.13790086
0.13790086
0.13790086
0.13790086
0.13790086
0.10629699
0.10629699
0.09754486
0.09754486
0.09754486
0.09754486
0.14284603
0.14284603
0.14284603
0.14284603
0.12060651
0.12060651
0.12060651
0.12060651
0.12060651
0.12060651
0.12060651
0.12060651
0.12060651
0.12060651
0.12060651
0.12060651
0.12060651
0.11441361
0.06073416
0.06073416
0.06073416
0.06073416
0.06073416
0.06073416
0.06073416
0.11269236
0.11269236
0.13808133
0.13808133
0.13808133
0.0627122
0.0627122
0.0627122
0.08237834
0.09509326
0.09509326
0.09509326
0.09509326
0.09509326
0.05096085
0.05096085
0.05096085
0.05096085
0.05096085
0.05096085
0.10207697
0.10207697
0.10207697
0.10207697
0.10207697
0.10207697
0.10207697
0.10207697
0.10207697
0.10207697
0.10207697
0.10207697
0.20308138
0.20308138
0.20308138
0.20308138
0.20308138
0.20308138
0.20308138
0.20308138
0.20308138
0.20308138
0.27182139
0.27182139
0.299931
0.30792959
0.33942658
0.33942658
0.33942658
0.38250133
0.46852126
0.58357988
0.58357988
0.58357988
0.67498126
0.74096781
0.74096781
0.74096781
0.74096781
0.74096781
0.74096781
0.74096781
0.74096781
0.16319527
0.16218393
0.16218393
0.16218393
0.16218393
0.09728638
0.09728638
0.09728638
0.09728638
0.09238685
0.09238685
0.09238685
0.09308941
0.12194298
0.12194298
0.12194298
0.12194298
0.12194298
0.12035158
0.12035158
0.12035158
0.12035158
0.12035158
0.12035158
0.12035158
0.12035158
0.12035158
0.12035158
0.12035158
0.12035158
0.12035158
0.12035158
0.1757367
0.1757367
0.1757367
0.16496027
0.16496027
0.16496027
0.16496027
0.15085576
0.15085576
0.15085576
0.15085576
0.15085576
0.15441059
0.15441059
0.15441059
0.10220291
0.07187003
0.07187003
0.07187003
0.07187003
0.11421088
0.11421088
0.11421088
0.11421088
0.11421088
0.11421088
0.11421088
0.12257271
0.12257271
0.12257271
0.12257271
0.12257271
0.12257271
0.10942835
0.10493303
0.10493303
0.10493303
0.15352271
0.15352271
0.15352271
0.15312264
0.15312264
0.06976777
0.06976777
0.06976777
0.06976777
0.11471133
0.11471133
0.11471133
0.11471133
0.11471133
0.11471133
0.11471133
0.11471133
0.14571278
0.14571278
0.14571278
0.14380411
0.12001781
0.12001781
0.12001781
0.12001781
0.12573436
0.12573436
0.12573436
0.12573436
0.12573436
0.1259257
0.1259257
0.1259257
0.1259257
0.1259257
0.1259257
0.1259257
0.1259257
0.1259257
0.07596542
0.07596542
0.07596542
0.12370785
0.14663314
0.14663314
0.14663314
0.14663314
0.12042312
0.12042312
0.07731335
0.07731335
0.07731335
0.07731335
0.07731335
0.07731335
0.07731335
0.07731335
0.07731335
0.07731335
0.07731335
0.07731335
0.07731335
0.07731335
0.07731335
0.07731335
0.07731335
0.07731335
0.07731335
0.07731335
0.07731335
0.07731335
0.07731335
0.07731335
0.07731335
0.07731335
0.07731335
0.07731335
0.13777692
0.13777692
0.13777692
0.11945096
0.11945096
0.11945096
0.16507877
0.16507877
0.16507877
0.14121288
0.14121288
0.14121288
0.12649566
0.12649566
0.10216945
0.10216945
0.10216945
0.10216945
0.10216945
0.10216945
0.10216945
0.10216945
0.10216945
0.10216945
0.10216945
0.10216945
0.10216945
0.10216945
0.12648398
0.12648398
0.12648398
0.12648398
0.12648398
0.12648398
0.12648398
0.12648398
0.12648398
0.12648398
0.11710514
0.11710514
0.11710514
0.14913953
0.14913953
0.14913953
0.13954215
0.08988081
0.08988081
0.08988081
0.08988081
0.08988081
0.08988081
0.08988081
0.09982102
0.09982102
0.13133181
0.13133181
0.13133181
0.12206458
0.11450928
0.07998564
0.07818664
0.07818664
0.07818664
0.07818664
0.07818664
0.07818664
0.07818664
0.07818664
0.07818664
0.07818664
0.07711377
0.06839631
0.06839631
0.06839631
0.06839631
0.06839631
0.06839631
0.06839631
0.06839631
0.06318761
0.06318761
0.06318761
0.06318761
0.08540863
0.09570992
0.09570992
0.09570992
0.09570992
0.0979329
0.0979329
0.0979329
0.07832163
0.07832163
0.07832163
0.07832163
0.07832163
0.07832163
0.07832163
0.09290497
0.09290497
0.09290497
0.09290497
0.09290497
0.09290497
0.09290497
0.09290497
0.08760455
0.08760455
0.08760455
0.08760455
0.08760455
0.08760455
0.08760455
0.08760455
0.08760455
0.08760455
0.07380265
0.07380265
0.07380265
0.07380265
0.07380265
0.07380265
0.07380265
0.07380265
0.09120534
0.09120534
0.09120534
0.09120534
0.09120534
0.09120534
0.09120534
0.09120534
0.09120534
0.09120534
0.09120534
0.09120534
0.09120534
0.09120534
0.16127476
0.16127476
0.16127476
0.03618096
0.03618096
0.03618096
0.06811707
0.06811707
0.08368795
0.08368795
0.08368795
0.08368795
0.08368795
0.08368795
0.13286378
0.13286378
0.13286378
0.13286378
0.13286378
0.13286378
0.13286378
0.13286378
0.13286378
0.11573335
0.08857185
0.08857185
0.08857185
0.08857185
0.09798398
0.13505634
0.13505634
0.13505634
0.13505634
0.20422436
0.20422436
0.20422436
0.18988775
0.18988775
0.11927451
0.11927451
0.11927451
0.11927451
0.11927451
0.11059273
0.11059273
0.11059273
0.11059273
0.11059273
0.11059273
0.11059273
0.11059273
0.11059273
0.11059273
0.11059273
0.11059273
0.08598184
0.08598184
0.08598184
0.08598184
0.09810979
0.09810979
0.12328642
0.12328642
0.12328642
0.12328642
0.12328642
0.18251612
0.18251612
0.18251612
0.1671182
0.1671182
0.09889661
0.08861392
0.08861392
0.08861392
0.08861392
0.08861392
0.08861392
0.08861392
0.08861392
0.08861392
0.08861392
0.08861392
0.08861392
0.08861392
0.08861392
0.08861392
0.08861392
0.08861392
0.08861392
0.08861392
0.08861392
0.08861392
0.08861392
0.05337625
0.05337625
0.05337625
0.05337625
0.05337625
0.10416116
0.10416116
0.10416116
0.10416116
0.10416116
0.10416116
0.10416116
0.10416116
0.10416116
0.0700984
0.05488382
0.05488382
0.05488382
0.05488382
0.05488382
0.05488382
0.05488382
0.05488382
0.05488382
0.05488382
0.05488382
0.05488382
0.05488382
0.05488382
0.05488382
0.05488382
0.05488382
0.06330209
0.06330209
0.06330209
0.06330209
0.06330209
0.10293306
0.10293306
0.15508986
0.15508986
0.15508986
0.07098424
0.07098424
0.07098424
0.07098424
0.07098424
0.07098424
0.14660523
0.14660523
0.14660523
0.14470707
0.14470707
0.08600377
0.08600377
0.03571895
0.03571895
0.03571895
0.0527112
0.0527112
0.08914681
0.08914681
0.08914681
0.08914681
0.08914681
0.08914681
0.13843075
0.16948146
0.16948146
0.16948146
0.16948146
0.1218874
0.09177865
0.08426013
0.08021774
0.08021774
0.08021774
0.08021774
0.08021774
0.08021774
0.09160259
0.09160259
0.1039547
0.1039547
0.1039547
0.1039547
0.1039547
0.11428255
0.11428255
0.11428255
0.11428255
0.09343478
0.09343478
0.09343478
0.09343478
0.09343478
0.09343478
0.09837885
0.09837885
0.09837885
0.04813172
0.04813172
0.04813172
0.11969934
0.11969934
0.11969934
0.11969934
0.11969934
0.05527063
0.05527063
0.05527063
0.05527063
0.05527063
0.05527063
0.05527063
0.05527063
0.05527063
0.06798653
0.06798653
0.06798653
0.06798653
0.06798653
0.10832554
0.10832554
0.10832554
0.1066562
0.1066562
0.09030382
0.09030382
0.09030382
0.09030382
0.09030382
0.09030382
0.09030382
0.09030382
0.09030382
0.0
0.0
0.0
0.0
0.03501627
0.03501627
0.03501627
0.03501627
0.03501627
0.03501627
0.03501627
0.03501627
0.10816834
0.10816834
0.10816834
0.10816834
0.06605951
0.06605951
0.06605951
0.06605951
0.06605951
0.06605951
0.06605951
0.06605951
0.05891861
0.05891861
0.05891861
0.0668348
0.0668348
0.0668348
0.0668348
0.0668348
0.0668348
0.0668348
0.0668348
0.0668348
0.0668348
0.0668348
0.0668348
0.0668348
0.0668348
0.0668348
0.0668348
0.07009519
0.07009519
0.07009519
0.07009519
0.07009519
0.07272943
0.07272943
0.07272943
0.07272943
0.07272943
0.07272943
0.07272943
0.07973495
0.07973495
0.20566795
0.20566795
0.20566795
0.20566795
0.20566795
0.20566795
0.08844057
0.08844057
0.08844057
0.08844057
0.08844057
0.1646294
0.18650095
0.18650095
0.18650095
0.18650095
0.30119193
0.30119193
0.30119193
0.30119193
0.30119193
0.30119193
1.0
1.0
1.0
0.27254627
0.27254627
0.27254627
0.26873432
0.19954067
0.08393345
0.08393345
0.08393345
0.08753942
0.08753942
0.08753942
0.08557495
0.08557495
0.08557495
0.08557495
0.08557495
0.08557495
0.08557495
0.08557495
0.08557495
0.16578572
0.16578572
0.16578572
0.16578572
0.1512851
0.1512851
0.1512851
0.1512851
0.1512851
0.1512851
0.1512851
0.15870018
0.15870018
0.15870018
0.08130668
0.08130668
0.08130668
0.08130668
0.08130668
0.0419987
0.0419987
0.0419987
0.05797132
0.05797132
0.05797132
0.05797132
0.05797132
0.12315507
0.12315507
0.12315507
0.12315507
0.12315507
0.12315507
0.12315507
0.12315507
0.12315507
0.12315507
0.12315507
0.12315507
0.12315507
0.12315507
0.12315507
0.12315507
0.12315507
0.14841995
0.14841995
0.14841995
0.14841995
0.11390189
0.11390189
0.11390189
0.14467702
0.14467702
0.14467702
0.11615412
0.11615412
0.11615412
0.11615412
0.11615412
0.11615412
0.11615412
0.14329691
0.14329691
0.14329691
0.10574994
0.10574994
0.10574994
0.10574994
0.0454907
0.0454907
0.0454907
0.0454907
0.0454907
0.0454907
0.0454907
0.0454907
0.16390402
0.25971978
0.25971978
0.25971978
0.25971978
0.25971978
0.25971978
0.21980588
0.21980588
0.21980588
0.21980588
0.21980588
0.21980588
0.21980588
0.21980588
0.21980588
0.19097291
0.19097291
0.19097291
0.19097291
0.19097291
0.19097291
0.19710777
0.19710777
0.19710777
0.1762774
0.1762774
0.1762774
0.1762774
0.16904749
0.16904749
0.16904749
0.16904749
0.20642316
0.20642316
0.20642316
0.20642316
0.14482154
0.14482154
0.14482154
0.14482154
0.14482154
0.14482154
0.14482154
0.14482154
0.14482154
0.14482154
0.14482154
0.14482154
0.14482154
0.14482154
0.14482154
0.14482154
0.14482154
0.14482154
0.12157556
0.12157556
0.12157556
0.12157556
0.12157556
0.12157556
0.16558813
0.16558813
0.16558813
0.16558813
0.16558813
0.16558813
0.14170424
0.12242684
0.12242684
0.12242684
0.12242684
0.12242684
0.12242684
0.13654333
0.13654333
0.20228097
0.20228097
0.20228097
0.20228097
0.12177345
0.12177345
0.12177345
0.12177345
0.12177345
0.12177345
0.16737632
0.16737632
0.16737632
0.16737632
0.16737632
0.16737632
0.16737632
0.16737632
0.14790592
0.14790592
0.14790592
0.14790592
0.14790592
0.14790592
0.19515434
0.19515434
0.19687813
0.19687813
0.19687813
0.19687813
0.19687813
0.15440219
0.15440219
0.15440219
0.19760461
0.19760461
0.19760461
0.19760461
0.19760461
0.44518123
0.44518123
0.44518123
0.23396905
0.23396905
0.23396905
0.11135845
0.11135845
0.11135845
0.11135845
0.11135845
0.11135845
0.11135845
0.11135845
0.11135845
0.11135845
0.11135845
0.11135845
0.11135845
0.11135845
0.11135845
0.11135845
0.11135845
0.11135845
0.11135845
0.11135845
0.11135845
0.11135845
0.11135845
0.12683545
0.13989062
0.17646923
0.17646923
0.17646923
0.17646923
0.17646923
0.17646923
0.11031296
0.08457458
0.08331801
0.08331801
0.08331801
0.1835068
0.19014573
0.20731008
0.20731008
0.20731008
0.16924821
0.16924821
0.16561775
0.16561775
0.16561775
0.16561775
0.16561775
0.16561775
0.16561775
0.16561775
0.16561775
0.24480699
0.25495756
0.25495756
0.25495756
0.25495756
0.25495756
0.25495756
0.2418063
0.2418063
0.2418063
0.2418063
0.2418063
0.11954807
0.11954807
0.11954807
0.13578538
0.13578538
0.13578538
0.13578538
0.1402957
0.15434853
0.15434853
0.15434853
0.15434853
0.15434853
0.15434853
0.15434853
0.15434853
0.15434853
0.08135042
0.08135042
0.08135042
0.1191716
0.15812718
0.15812718
0.15812718
0.15812718
0.17617871
0.17617871
0.17617871
0.15857654
0.09814859
0.09814859
0.09814859
0.09814859
0.09814859
0.14877104
0.14877104
0.14877104
0.14877104
0.14877104
0.14877104
0.14877104
0.14877104
0.14877104
0.14877104
0.26355604
0.26355604
0.26355604
0.26355604
0.26355604
0.26355604
0.17366002
0.12934256
0.12934256
0.12934256
0.12934256
0.12934256
0.12934256
0.12934256
0.20869837
0.20869837
0.20869837
0.20869837
0.20765094
0.20765094
0.20765094
0.2863516
0.2863516
0.2863516
0.21699278
0.21699278
0.21699278
0.21699278
0.21699278
0.21699278
0.25360237
0.25360237
0.25360237
0.25360237
0.25360237
0.1476997
0.1476997
0.1476997
0.16633985
0.16633985
0.16633985
0.16633985
0.16633985
0.16633985
0.16633985
0.16633985
0.16633985
0.16633985
0.16633985
0.2132567
0.2132567
0.2132567
0.20035875
0.20035875
0.20035875
0.23254704
0.23254704
0.23254704
0.23254704
0.23254704
0.23254704
0.23254704
0.23254704
0.23254704
0.40720451
0.40720451
0.40720451
0.29794952
0.22386665
0.21884451
0.21884451
0.21884451
0.21884451
0.21884451
0.21884451
0.21884451
0.21884451
0.21258083
0.21258083
0.21258083
0.21258083
0.21258083
0.21258083
0.21258083
0.19635564
0.19635564
0.19635564
0.19635564
0.19635564
0.19635564
0.26516297
0.26516297
0.26516297
0.22866721
0.22866721
0.22866721
0.22866721
0.28790159
0.28790159
0.28790159
0.28790159
0.28790159
0.28790159
0.28790159
0.28790159
0.33232901
0.33232901
0.33232901
0.33232901
0.26398402
0.26398402
0.26398402
0.26398402
0.26398402
0.26398402
0.16815694
0.16815694
0.16815694
0.16815694
0.17188355
0.20897229
0.20897229
0.20897229
0.18044218
0.18044218
0.18044218
0.20330306
0.20330306
0.20330306
0.19682168
0.19682168
0.19682168
0.19682168
0.19682168
0.19682168
0.19682168
0.30169398
0.30169398
0.30169398
0.30169398
0.30169398
0.28732851
0.28732851
0.28732851
0.28732851
0.28732851
0.28732851
0.28732851
0.28732851
0.28732851
0.39026595
0.39026595
0.39026595
0.39026595
0.29709851
0.29709851
0.24580798
0.24580798
0.24580798
0.24580798
0.24580798
0.24580798
0.22159229
0.22159229
0.22159229
0.28375509
0.28375509
0.28375509
0.27458741
0.27458741
0.27458741
0.29827037
0.29827037
0.29827037
0.29518298
0.29518298
0.29518298
0.29518298
0.29518298
0.29518298
0.29518298
0.29518298
0.29518298
0.25561145
0.25561145
0.16995053
0.16995053
0.16995053
0.16995053
0.16995053
0.17635208
0.17635208
0.17635208
0.18777318
0.18777318
0.18777318
0.18777318
0.18777318
0.18777318
0.18777318
0.18777318
0.37319461
0.37319461
0.37319461
0.36714805
0.36714805
0.31006589
0.31006589
0.31006589
0.31006589
0.31006589
0.31006589
0.31006589
0.31006589
0.31006589
0.31006589
0.31006589
0.31006589
0.31006589
0.24094693
0.24094693
0.24094693
0.24094693
0.24094693
0.24094693
0.24094693
0.26219999
0.26219999
0.26219999
0.26219999
0.26219999
0.26219999
0.26219999
0.24258711
0.1821027
0.1821027
0.1821027
0.1821027
0.1821027
0.1821027
0.1821027
0.1821027
0.1821027
0.1821027
0.15191096
0.15191096
0.15191096
0.18886105
0.18886105
0.18886105
0.18886105
0.18886105
0.18886105
0.18886105
0.15159136
0.15159136
0.0657546
0.0657546
0.0657546
0.067069
0.067069
0.067069
0.09292242
0.09292242
0.11777683
0.11777683
0.11777683
0.11777683
0.11777683
0.11777683
0.07791488
0.07791488
0.07791488
0.07895323
0.07895323
0.07895323
0.07895323
0.09408013
0.09408013
0.09740667
0.09740667
0.09740667
0.08557027
0.08557027
0.07706985
0.07706985
0.07706985
0.1518636
0.1518636
0.1518636
0.1518636
0.1518636
0.1518636
0.1518636
0.1518636
0.1518636
0.1518636
0.1518636
0.1518636
0.1518636
0.1518636
0.1518636
0.10239932
0.10239932
0.10239932
0.10239932
0.10239932
0.0932644
0.0932644
0.0932644
0.0932644
0.13191113
0.13191113
0.15958359
0.20303253
0.30790614
0.30790614
0.30790614
0.1357912
0.1357912
0.09048468
0.09048468
0.09048468
0.09048468
0.09048468
0.10398293
0.10398293
0.17342644
0.17342644
0.17342644
0.17342644
0.17342644
0.17342644
0.17342644
0.17342644
0.10531717
0.10531717
0.10531717
0.10531717
0.10531717
0.10531717
0.13390237
0.17972984
0.18724378
0.26445457
0.30722926
0.36831861
0.38058117
0.38058117
0.38058117
0.38058117
0.38058117
