0.14319225
0.19621068
0.19621068
0.19621068
0.19621068
0.19621068
0.25376112
0.33918931
0.33918931
0.33918931
0.24657327
0.17309551
0.14939197
0.12034971
0.08816009
0.06396049
0.04447387
0.04447387
0.04447387
0.11394794
0.2614624
0.40593845
0.46756234
0.47721644
0.47721644
0.47721644
0.27150463
0.10281481
0.07987755
0.05478449
0.03653591
0.03653591
0.03653591
0.0470748
0.36810521
0.36810521
0.36810521
0.36810521
0.34460449
0.34460449
0.34460449
0.34460449
0.34460449
0.34460449
0.34460449
0.33463353
0.25652475
0.18193717
0.11839047
0.08323464
0.08323464
0.08323464
0.12935116
0.24544846
0.46682377
0.48605964
0.48605964
0.48605964
0.48250297
0.35578314
0.35578314
0.35578314
0.4199852
0.4472391
0.53944613
0.53944613
0.53944613
0.42940098
0.42940098
0.41746159
0.41746159
0.41746159
0.26491527
0.26491527
0.26008815
0.26008815
0.25785586
0.13564317
0.13564317
0.10729617
0.10729617
0.10729617
0.09274869
0.08072654
0.08072654
0.08072654
0.03726969
0.03726969
0.03726969
0.04177729
0.04177729
0.04177729
0.04177729
0.03988782
0.03760891
0.03760891
0.0345224
0.0345224
0.02441518
0.01971132
0.01971132
0.01971132
0.01971132
0.02199225
0.02199225
0.0269677
0.0269677
0.0269677
0.03085732
0.03085732
0.03085732
0.02065028
0.02065028
0.01376539
0.01376539
0.01376539
0.01376539
0.01376539
0.01540774
0.01540774
0.01540774
0.01540774
0.01540774
0.02135217
0.02325802
0.02325802
0.02623944
0.02623944
0.02623944
0.02623944
0.02623944
0.02623944
0.02623944
0.02623944
0.02623944
0.02623944
0.02623944
0.02623944
0.02623944
0.01964186
0.01829174
0.01829174
0.01829174
0.01829174
0.01829174
0.01790445
0.01790445
0.01790445
0.01790445
0.01790445
0.01790445
0.02282439
0.02282439
0.02282439
0.02282439
0.02282439
0.02282439
0.02282439
0.02282439
0.02282439
0.02282439
0.02995541
0.02995541
0.02995541
0.02995541
0.02995541
0.02995541
0.02995541
0.02296626
0.02296626
0.02296626
0.02296626
0.01850834
0.01850834
0.01850834
0.01850834
0.01850834
0.02346806
0.02346806
0.02346806
0.02346806
0.02174168
0.02174168
0.02174168
0.02226701
0.02226701
0.02226701
0.02226701
0.02226701
0.02226701
0.02226701
0.03332626
0.05328305
0.06760954
0.06760954
0.06760954
0.0657431
0.0657431
0.0657431
0.08968911
0.10818337
0.12797487
0.12797487
0.12797487
0.12797487
0.13559111
0.16796044
0.17562562
0.20213237
0.20213237
0.20213237
0.16008433
0.13170177
0.10894911
0.10894911
0.10894911
0.10873371
0.10873371
0.10480582
0.10480582
0.10480582
0.10480582
0.10480582
0.12406558
0.16159848
0.19300554
0.19300554
0.19300554
0.04597587
0.04597587
0.04597587
0.05906644
0.05906644
0.05906644
0.05906644
0.05906644
0.05136731
0.05136731
0.05136731
0.04629774
0.04629774
0.04629774
0.04629774
0.05640628
0.05640628
0.05640628
0.05640628
0.07034991
0.07034991
0.07034991
0.05920088
0.04877231
0.04877231
0.04877231
0.04877231
0.04877231
0.04877231
0.04877231
0.0441583
0.0441583
0.0441583
0.0441583
0.0441583
0.0441583
0.0441583
0.0441583
0.0441583
0.03747853
0.03747853
0.03747853
0.03747853
0.03747853
0.0595055
0.07205954
0.07205954
0.07205954
0.07205954
0.07205954
0.07144261
0.07144261
0.07144261
0.07209272
0.07209272
0.07209272
0.07209272
0.07209272
0.07209272
0.10948278
0.10948278
0.10948278
0.09922416
0.09014339
0.08035645
0.08035645
0.0562108
0.0562108
0.04012976
0.03358736
0.03214235
0.01791654
0.01791654
0.01791654
0.0214532
0.0214532
0.0214532
0.01676658
0.01676658
0.01676658
0.01676658
0.01676658
0.01676658
0.02025041
0.02025041
0.02025041
0.01814546
0.01814546
0.01814546
0.01814546
0.01814546
0.01814546
0.01814546
0.02599756
0.02615769
0.02615769
0.02615769
0.01707794
0.01707794
0.01707794
0.01707794
0.01707794
0.01707794
0.01707794
0.01707794
0.01707794
0.02095943
0.02095943
0.05305211
0.15283088
0.15283088
0.15283088
0.15283088
0.15283088
0.15283088
0.15283088
0.15283088
0.15283088
0.15283088
0.11844584
0.11844584
0.10596484
0.10596484
0.09157275
0.09157275
0.08305508
0.08305508
0.08305508
0.07240398
0.07240398
0.07240398
0.06039902
0.05516908
0.04138269
0.04138269
0.04138269
0.04138269
0.06753958
0.06753958
0.06753958
0.06753958
0.08755944
0.09859651
0.09859651
0.09859651
0.09859651
0.09995734
0.11889726
0.11889726
0.11889726
0.11889726
0.11889726
0.11889726
0.14612558
0.15552617
0.15552617
0.30056723
0.30056723
0.30056723
0.30056723
0.25562269
0.25562269
0.03445198
0.02155166
0.01285821
0.01285821
0.01285821
0.04904965
0.04904965
0.04904965
0.22030532
0.22030532
0.22030532
0.22030532
0.20622425
0.20127377
0.20127377
0.20127377
0.19462956
0.19462956
0.19462956
0.18670363
0.18670363
0.18670363
0.12394185
0.12394185
0.12394185
0.10843921
0.10843921
0.10843921
0.10843921
0.09832179
0.09832179
0.09832179
0.09832179
0.09832179
0.07428076
0.07428076
0.07428076
0.07428076
0.0685563
0.0685563
0.0685563
0.0685563
0.12092964
0.18309863
0.29546236
0.29546236
0.29546236
0.29546236
0.33785924
0.33918499
0.33918499
0.33918499
0.33918499
0.26987079
0.26473722
0.26473722
0.26473722
0.15445037
0.15445037
0.15445037
0.11625545
0.09726482
0.09726482
0.09726482
0.08732943
0.0803896
0.07094307
0.07094307
0.06663517
0.0512276
0.04915874
0.04230277
0.04230277
0.02698389
0.02698389
0.01306095
0.01306095
0.01306095
0.01542912
0.02228384
0.02228384
0.0236315
0.03593244
0.03593244
0.03593244
0.03593244
0.03593244
0.03998847
0.03998847
0.04974734
0.04974734
0.04974734
0.04974734
0.04974734
0.05148806
0.05148806
0.05148806
0.05148806
0.05148806
0.07006795
0.07006795
0.07006795
0.05962042
0.05962042
0.05962042
0.06133616
0.06133616
0.06133616
0.06133616
0.06133616
0.06133616
0.08923327
0.08923327
0.08923327
0.08923327
0.09157708
0.09157708
0.09157708
0.09157708
0.09157708
0.08798447
0.08227959
0.07415008
0.07415008
0.0669347
0.0624696
0.04921559
0.04750663
0.04194954
0.04194954
0.04194954
0.04194954
0.04194954
0.04194954
0.04194954
0.04194954
0.03182748
0.03182748
0.02092625
0.02092625
0.02092625
0.02092625
0.03482889
0.03482889
0.03482889
0.03289862
0.0298015
0.0298015
0.0298015
0.12957975
0.24626232
0.27284691
0.29626249
0.29626249
0.34983562
0.356764
0.356764
0.356764
0.17021668
0.07385984
0.07385984
0.07385984
0.07385984
0.02464107
0.02277113
0.01681438
0.01329813
0.01329813
0.01017473
0.01017473
0.01017473
0.01214546
0.01214546
0.01214546
0.02036542
0.0336854
0.0336854
0.0336854
0.04123337
0.04123337
0.04123337
0.04123337
0.04123337
0.04336689
0.09899478
0.09899478
0.09899478
0.09899478
0.09142227
0.08883711
0.06816949
0.06816949
0.06816949
0.07974929
0.08763491
0.0892792
0.0892792
0.0892792
0.08750782
0.07313201
0.06998991
0.06656286
0.06175064
0.05884113
0.04884229
0.0486732
0.0448887
0.0448887
0.03514759
0.03514759
0.03514759
0.03514759
0.03514759
0.0397867
0.04000573
0.04196406
0.04196406
0.04196406
0.04196406
0.04196406
0.05573758
0.05573758
0.06563504
0.06563504
0.06563504
0.05459947
0.05459947
0.05459947
0.05459947
0.05870784
0.05870784
0.05870784
0.06206842
0.06988124
0.07448479
0.10091854
0.13966205
0.1927184
0.19902751
0.19902751
0.19902751
0.190175
0.11673458
0.11673458
0.11673458
0.07780596
0.07780596
0.07780596
0.08240447
0.08761552
0.10944142
0.11693465
0.11865381
0.12719015
0.12719015
0.12719015
0.11053967
0.09787141
0.0821025
0.07258481
0.05538577
0.05538577
0.05538577
0.06238845
0.06750262
0.06750262
0.06750262
0.08439546
0.08744554
0.08744554
0.08744554
0.08287522
0.08287522
0.05956675
0.05956675
0.05956675
0.07139515
0.07139515
0.07733975
0.07733975
0.0868369
0.09177826
0.11901719
0.12438829
0.12438829
0.12438829
0.11936254
0.11388761
0.09527031
0.08644409
0.07495893
0.05819284
0.05190252
0.04485451
0.04485451
0.04485451
0.04485451
0.06478365
0.06478365
0.06478365
0.06478365
0.07365691
0.07365691
0.07365691
0.07365691
0.07365691
0.07365691
0.08162588
0.10727445
0.12966086
0.12966086
0.12966086
0.10686534
0.08852711
0.06984488
0.06739728
0.06739728
0.03795637
0.02677534
0.02677534
0.02677534
0.0501288
0.05751251
0.07084314
0.07467693
0.07467693
0.07467693
0.06955653
0.05781594
0.05765399
0.05765399
0.05765399
0.05765399
0.05765399
0.0526469
0.04999089
0.04999089
0.04999089
0.06315076
0.06315076
0.06315076
0.05682545
0.05445636
0.05377481
0.03711959
0.02366752
0.02366752
0.02366752
0.04022297
0.04050312
0.04050312
0.04050312
0.03578862
0.03554431
0.03554431
0.03554431
0.02985206
0.01536927
0.01536927
0.01536927
0.01779724
0.01779724
0.01779724
0.01779724
0.01779724
0.02887113
0.03853892
0.04182815
0.05796192
0.07320912
0.07341284
0.07341284
0.07341284
0.05462811
0.04712633
0.04712633
0.04712633
0.05181041
0.06219121
0.06913331
0.06913331
0.06913331
0.06913331
0.06913331
0.04257784
0.04257784
0.03936508
0.03936508
0.03936508
0.03936508
0.03936508
0.03843967
0.02625072
0.02567521
0.02567521
0.02567521
0.03850708
0.03850708
0.03850708
0.03552442
0.02130316
0.02130316
0.02130316
0.02130316
0.0142337
0.0142337
0.0142337
0.0142337
0.0142337
0.0274509
0.0495874
0.09402185
0.10952559
0.10952559
0.10952559
0.10789333
0.10789333
0.06208362
0.04780661
0.04780661
0.04780661
0.04780661
0.04780661
0.04780661
0.08182441
0.08182441
0.08182441
0.06883511
0.03780958
0.03780958
0.03780958
0.03716693
0.03716693
0.03716693
0.03628012
0.0332207
0.0332207
0.02669135
0.02059663
0.02059663
0.02059663
0.02059663
0.02059663
0.02059663
0.02059663
0.02236239
0.02236239
0.03564727
0.03564727
0.03564727
0.0350241
0.03163503
0.01688827
0.01688827
0.01688827
0.01688827
0.01810294
0.01858998
0.02570083
0.02570083
0.02812562
0.02812562
0.02812562
0.02429899
0.02256159
0.02256159
0.01755278
0.01559715
0.01005585
0.01005585
0.01005585
0.01005585
0.01155622
0.01155622
0.01155622
0.01155622
0.02069915
0.02069915
0.02069915
0.02069915
0.02069915
0.02583866
0.02583866
0.05044119
0.05821819
0.05821819
0.05821819
0.05821819
0.05821819
0.02574148
0.01070502
0.01070502
0.01070502
0.01356187
0.01356187
0.01356187
0.01356187
0.01286541
0.01286541
0.01286541
0.01311327
0.0280159
0.0280159
0.0280159
0.0280159
0.0280159
0.0280159
0.0280159
0.0280159
0.0280159
0.0280159
0.0280159
0.0280159
0.0280159
0.05517895
0.15744173
0.23809781
0.28447027
0.28447027
0.28447027
0.17579622
0.12646163
0.12646163
0.12646163
0.08978895
0.08009299
0.08009299
0.07820332
0.07413841
0.07413841
0.07413841
0.08072985
0.10479174
0.10479174
0.10479174
0.0878507
0.07624128
0.071286
0.071286
0.071286
0.07317455
0.07317455
0.07317455
0.06043698
0.05877575
0.05586146
0.04858929
0.0332331
0.02889647
0.02889647
0.02889647
0.02889647
0.02889647
0.02243222
0.02243222
0.02243222
0.02243222
0.03408144
0.03510396
0.03510396
0.03510396
0.01976535
0.01976535
0.01976535
0.01976535
0.01976535
0.01976535
0.02208525
0.02208525
0.02208525
0.01202603
0.01202603
0.01202603
0.01202603
0.01202603
0.01202603
0.01202603
0.01202603
0.01202603
0.01202603
0.01202603
0.01202603
0.01084605
0.01084605
0.01084605
0.01469239
0.01469239
0.01469239
0.01469239
0.01966388
0.02662264
0.02662264
0.02662264
0.02662264
0.02662264
0.02215081
0.02215081
0.02215081
0.02215081
0.02215081
0.02215081
0.02063743
0.02063743
0.02063743
0.02063743
0.01630088
0.01630088
0.01630088
0.01630088
0.00488421
0.00488421
0.00488421
0.01008965
0.02472713
0.02472713
0.02472713
0.02472713
0.02472713
0.02472713
0.02472713
0.07281265
0.07281265
0.07281265
0.07281265
0.07281265
0.19043094
0.2532703
0.29462306
0.29462306
0.29462306
0.19727944
0.12710979
0.07446701
0.07446701
0.07446701
0.11467983
0.11467983
0.11467983
0.05186138
0.00355497
0.00355497
0.00355497
0.00355497
0.00599962
0.00917511
0.00917511
0.00917511
0.0
0.0
0.0
0.0
0.0
0.00138035
0.004815
0.004815
0.00517832
0.00517832
0.00517832
0.00517832
0.00517832
0.00517832
0.02759243
0.03057059
0.04795411
0.06521242
0.0922113
0.0922113
0.0922113
0.07208371
0.07208371
0.07208371
0.05240024
0.03256423
0.03256423
0.03256423
0.03419704
0.03419704
0.08473322
0.09568084
0.09568084
0.09568084
0.09568084
0.08058251
0.05805579
0.05805579
0.05805579
0.05805579
0.05805579
0.04781165
0.04227038
0.03387289
0.03387289
0.03387289
0.03387289
0.03387289
0.03387289
0.05600249
0.06535544
0.16122016
0.19659644
0.29129784
0.29129784
0.29129784
0.2194336
0.11920612
0.07368405
0.07368405
0.07368405
0.12977615
0.1862955
0.1862955
0.1862955
0.1862955
0.19193977
0.22982603
0.22982603
0.22982603
0.22982603
0.22982603
0.21193646
0.21193646
0.21193646
0.21193646
0.15991304
0.14023855
0.11978117
0.11978117
0.11978117
0.16305681
0.16305681
0.16305681
0.12167637
0.12167637
0.12167637
0.13328018
0.13328018
0.13328018
0.13328018
0.16734527
0.35640168
0.37280189
0.37381761
0.37530506
0.37530506
0.37530506
0.37530506
0.37530506
0.37530506
0.34446275
0.33770655
0.32554014
0.32496121
0.31094777
0.308182
0.30464782
0.29506593
0.29506593
0.27025172
0.26319486
0.25360821
0.23075006
0.1915955
0.1915955
0.1915955
0.16928243
0.16928243
0.16168685
0.15352594
0.15352594
0.15352594
0.15226165
0.14921212
0.14921212
0.14921212
0.14921212
0.14921212
0.17855879
0.17855879
0.17855879
0.17855879
0.17855879
0.1173351
0.1173351
0.1173351
0.26523182
0.31772074
0.33002326
0.33501098
0.33501098
0.33501098
0.31031757
0.31031757
0.31031757
0.33466618
0.34372489
0.34530648
0.34530648
0.34530648
0.31147605
0.31147605
0.31147605
0.31147605
0.35376913
0.35376913
0.35376913
0.35376913
0.35376913
0.35376913
0.3411809
0.0602997
0.0602997
0.0602997
0.27174397
0.27174397
0.27174397
0.27174397
0.27174397
0.14472337
0.14472337
0.14472337
0.14472337
0.44721816
0.44721816
0.44721816
0.48042813
0.48042813
0.48042813
0.05268385
0.05268385
0.03800992
0.03800992
0.03800992
0.03800992
0.03800992
0.03098462
0.03098462
0.03098462
0.06713844
0.06713844
0.06713844
0.02492642
0.02492642
0.02492642
0.02492642
0.02814247
0.02814247
0.02853411
0.03094417
0.03889965
0.03889965
0.03889965
0.03889965
0.04011874
0.04011874
0.04011874
0.03733264
0.03733264
0.02600958
0.02470059
0.02470059
0.02470059
0.02470059
0.02470059
0.01909883
0.01817939
0.015641
0.015641
0.015641
0.02913735
0.06724455
0.1558269
0.27902246
0.35794163
0.35794163
0.35794163
0.35794163
0.35794163
0.35794163
0.35435757
0.35435757
0.35435757
0.35435757
0.35435757
0.35435757
0.102053
0.102053
0.102053
0.102053
0.12137406
0.15257981
0.18888605
0.18888605
0.18888605
0.18888605
0.18888605
0.21208416
0.21208416
0.21208416
0.1412439
0.1412439
0.1412439
0.1412439
0.1412439
0.1412439
0.1412439
0.1412439
0.12249841
0.12249841
0.12249841
0.12249841
0.12249841
0.12249841
0.12249841
0.09985924
0.06090054
0.06090054
0.06090054
0.06090054
0.06090054
0.06047862
0.05809879
0.05809879
0.05809879
0.05809879
0.05809879
0.04053022
0.04053022
0.04053022
0.04053022
0.03928324
0.0296694
0.0296694
0.0296694
0.03983852
0.06481413
0.06481413
0.06481413
0.06481413
0.06481413
0.06481413
0.0612351
0.0612351
0.0612351
0.0612351
0.05618784
0.05618784
0.05618784
0.05618784
0.05618784
0.05618784
0.05618784
0.05618784
0.08242193
0.10776489
0.10776489
0.10776489
0.10776489
0.10776489
0.10776489
0.10776489
0.10776489
0.10776489
0.10529104
0.10529104
0.10529104
0.08595873
0.08595873
0.04194808
0.04194808
0.04194808
0.05172737
0.05235372
0.05235372
0.05235372
0.05235372
0.05235372
0.05235372
0.05235372
0.06320807
0.06320807
0.06320807
0.06320807
0.06320807
0.09369932
0.09369932
0.09369932
0.09369932
0.07152889
0.07152889
0.07152889
0.07152889
0.07152889
0.0577275
0.04443412
0.04443412
0.04443412
0.04443412
0.04443412
0.05140029
0.05140029
0.05140029
0.11193252
0.13619701
0.13619701
0.13619701
0.08492911
0.08492911
0.08492911
0.08492911
0.08492911
0.08492911
0.08492911
0.08492911
0.08492911
0.08492911
0.08492911
0.08492911
0.08492911
0.08492911
0.08492911
0.08492911
0.08492911
0.08492911
0.08492911
0.0813069
0.0813069
0.0813069
0.0813069
0.0813069
0.0813069
0.0813069
0.0813069
0.0813069
0.0813069
0.06597734
0.06597734
0.06597734
0.05354745
0.05354745
0.05354745
0.05354745
0.05354745
0.05354745
0.05354745
0.05354745
0.05289281
0.05289281
0.05146214
0.05146214
0.05146214
0.04985192
0.04985192
0.04985192
0.05929783
0.06123439
0.06123439
0.0756028
0.0756028
0.0756028
0.0756028
0.0756028
0.0778337
0.0778337
0.0778337
0.0778337
0.07342481
0.07342481
0.07342481
0.08655976
0.08655976
0.08655976
0.04871125
0.04871125
0.04871125
0.04871125
0.04871125
0.04871125
0.05216847
0.05216847
0.05216847
0.05216847
0.05221643
0.05221643
0.05221643
0.05278779
0.06313072
0.06313072
0.06315523
0.06315523
0.06315523
0.06932958
0.06932958
0.06932958
0.06077438
0.06077438
0.05790941
0.05790941
0.05790941
0.05790941
0.05790941
0.05790941
0.03258819
0.02953926
0.02953926
0.02953926
0.04836007
0.12922892
0.12922892
0.12922892
0.10944302
0.09531805
0.09531805
0.07017131
0.07017131
0.07017131
0.0867426
0.1494212
0.20194159
0.20194159
0.20194159
0.19208647
0.19208647
0.19208647
0.25502565
0.30870219
0.64929643
0.70327377
0.70327377
0.70327377
0.55609495
0.45872304
0.19900198
0.07198258
0.02234406
0.02234406
0.02234406
0.03701214
0.03701214
0.0558397
0.0603701
0.0603701
0.2656098
0.2656098
0.2656098
0.2656098
0.23994394
0.23994394
0.21584054
0.18834354
0.17422862
0.12253462
0.12253462
0.12253462
0.09060403
0.09060403
0.07466125
0.07466125
0.07466125
0.07466125
0.07466125
0.07466125
0.07466125
0.11398141
0.11398141
0.11398141
0.07344017
0.05532173
0.05532173
0.05532173
0.05532173
0.05532173
0.0557975
0.0557975
0.0557975
0.0557975
0.0512269
0.04924023
0.04738015
0.04738015
0.04738015
0.04738015
0.04738015
0.04738015
0.04738015
0.07466851
0.07650255
0.07650255
0.07650255
0.07650255
0.07650255
0.07650255
0.05692402
0.05692402
0.05692402
0.07076646
0.11200458
0.18218612
0.19465804
0.19465804
0.19465804
0.13877525
0.09507086
0.07189555
0.07189555
0.07189555
0.07529787
0.12603894
0.12603894
0.12603894
0.12603894
0.12603894
0.14046533
0.1966991
0.1966991
0.1966991
0.17916638
0.17916638
0.17916638
0.17916638
0.17916638
0.1458729
0.1458729
0.1458729
0.15760022
0.19956435
0.19956435
0.19956435
0.1577255
0.1577255
0.1577255
0.16232672
0.16232672
0.16232672
0.16232672
0.16232672
0.16232672
0.16232672
0.19123915
0.19123915
0.19123915
0.19123915
0.19123915
0.19123915
0.21881397
0.21881397
0.21881397
0.18758367
0.18758367
0.18758367
0.18758367
0.2925322
0.35896756
0.35896756
0.35896756
0.17644074
0.17644074
0.17644074
0.17644074
0.18200346
0.1859034
0.1859034
0.1859034
0.1859034
0.11962473
0.11411313
0.11411313
0.11411313
0.11411313
0.11411313
0.11411313
0.11411313
0.11411313
0.11411313
0.11411313
0.11411313
0.11411313
0.11411313
0.11411313
0.08381363
0.08381363
0.08381363
0.14605443
0.14977397
0.14977397
0.14977397
0.14977397
0.14977397
0.2143254
0.2143254
0.2143254
0.2143254
0.21500664
0.21500664
0.21500664
0.17526386
0.17526386
0.17526386
0.18108647
0.18108647
0.24550964
0.24790898
0.24790898
0.35479031
0.39394142
0.39394142
0.42180582
0.43780272
0.45737627
0.45737627
0.51673116
0.51673116
0.51673116
0.51673116
0.51673116
0.47105649
0.44233301
0.44233301
0.44233301
0.47358766
0.47358766
0.47358766
0.47358766
0.44818649
0.41924517
0.3910385
0.3910385
0.3910385
0.34907888
0.34907888
0.34907888
0.34907888
0.19041441
0.19041441
0.19041441
0.19041441
0.19041441
0.19041441
0.19041441
0.19041441
0.19041441
0.19041441
0.18175089
0.18175089
0.18175089
0.14591856
0.11297049
0.11297049
0.08383713
0.08383713
0.08383713
0.08383713
0.05721903
0.05721903
0.05721903
0.05721903
0.05721903
0.05721903
0.05513265
0.05513265
0.05513265
0.05513265
0.05513265
0.05513265
0.10808314
0.1204387
0.1204387
0.1204387
0.1149906
0.1149906
0.1149906
0.1149906
0.108301
0.08015407
0.08015407
0.08015407
0.08015407
0.07523465
0.03418351
0.03418351
0.03418351
0.03418351
0.0595249
0.08240384
0.08240384
0.08240384
0.06985316
0.06985316
0.06985316
0.06985316
0.06985316
0.06985316
0.05211433
0.04810947
0.04418802
0.04418802
0.04418802
0.04418802
0.04418802
0.0393894
0.0393894
0.0393894
0.06900961
0.09644319
0.09644319
0.1117146
0.112533
0.112533
0.11715007
0.17157032
0.17157032
0.17157032
0.17157032
0.17157032
0.22965784
0.22965784
0.22965784
0.22965784
0.22965784
0.22965784
0.12910763
0.12910763
0.12910763
0.18230783
0.26095595
0.26095595
0.26095595
0.19510631
0.17454848
0.17454848
0.12205437
0.11159297
0.11159297
0.11159297
0.11159297
0.10215035
0.10215035
0.10215035
0.10215035
0.10215035
0.08221311
0.07002498
0.07002498
0.07002498
0.17170513
0.17170513
0.31242756
0.31242756
0.31242756
0.41078336
0.4212549
0.52806793
0.52806793
0.52806793
0.45706435
0.45706435
0.45706435
0.41916439
0.2690402
0.14801612
0.14801612
0.14801612
0.20981613
0.26378417
0.32079438
0.36218294
0.40273117
0.40273117
0.40273117
0.38866704
0.37111698
0.20821257
0.20821257
0.20821257
0.20821257
0.20821257
0.20821257
0.39730652
0.39730652
0.39730652
0.39276142
0.39276142
0.3729157
0.3729157
0.3729157
0.34882389
0.34882389
0.34882389
0.34882389
0.34882389
0.16303617
0.16303617
0.16303617
0.17861343
0.17861343
0.17861343
0.15117871
0.14321821
0.14321821
0.14321821
0.16213612
0.16213612
0.16213612
0.19890181
0.19890181
0.19890181
0.19890181
0.19890181
0.20848879
0.20934215
0.22697939
0.22697939
0.22697939
0.1735073
0.14780039
0.05696999
0.04694375
0.04694375
0.04694375
0.04694375
0.26630651
0.26630651
0.26630651
0.26630651
0.26630651
0.26630651
0.26483683
0.21206578
0.11785077
0.11475642
0.11475642
0.11475642
0.11475642
0.11475642
0.09785983
0.08056633
0.08056633
0.08056633
0.08056633
0.08056633
0.08056633
0.08056633
0.08056633
0.09028866
0.09028866
0.09028866
0.09028866
0.09028866
0.06422684
0.06422684
0.06422684
0.08710563
0.09938238
0.09938238
0.09938238
0.07106312
0.07106312
0.07106312
0.07106312
0.07106312
0.07106312
0.0781839
0.0781839
0.0781839
0.10141347
0.10270742
0.10332021
0.10332021
0.13572192
0.1432225
0.1432225
0.1432225
0.1432225
0.1432225
0.1432225
0.1432225
0.1432225
0.14963179
0.14963179
0.14963179
0.07503501
0.07294738
0.07294738
0.07294738
0.06038904
0.05283715
0.04161645
0.04161645
0.04161645
0.05145181
0.05145181
0.05145181
0.03564582
0.03564582
0.03564582
0.07125257
0.07683129
0.07683129
0.07683129
0.07683129
0.07683129
0.07683129
0.07683129
0.07683129
0.07629603
0.04909084
0.04909084
0.04909084
0.06491253
0.06841382
0.06852392
0.06852392
0.06852392
0.06852392
0.07160851
0.07160851
0.07160851
0.07160851
0.07930206
0.07930206
0.07930206
0.07127545
0.07127545
0.07127545
0.07127545
0.07127545
0.07127545
0.07127545
0.07127545
0.07127545
0.08649066
0.10262576
0.10262576
0.10262576
0.09337268
0.08801756
0.08801756
0.08801756
0.07725475
0.07725475
0.07725475
0.07725475
0.04899755
0.04899755
0.04899755
0.04899755
0.04156293
0.04156293
0.01835183
0.01835183
0.01835183
0.02151482
0.02764808
0.02764808
0.02764808
0.01237575
0.01237575
0.01237575
0.01237575
0.01756552
0.03677199
0.0690111
0.0690111
0.0690111
0.06133554
0.05854203
0.05629881
0.05629881
0.05381168
0.05381168
0.05381168
0.05381168
0.06281191
0.12937903
0.12937903
0.12937903
0.12937903
0.11862848
0.06323634
0.05235547
0.04475368
0.04475368
0.04475368
0.04173778
0.04173778
0.04173778
0.05971097
0.09565618
0.12488154
0.12488154
0.12488154
0.12488154
0.12488154
0.13931263
0.13931263
0.17010165
0.17953384
0.23112335
0.29913347
0.36546255
0.36546255
0.36546255
0.36546255
0.36546255
0.36546255
0.36546255
0.31543519
0.31543519
0.31543519
0.31543519
0.31543519
0.25344783
0.23009091
0.23009091
0.23009091
0.23009091
0.23009091
0.23009091
0.23009091
0.07264425
0.07264425
0.07264425
0.08598778
0.1242329
0.1242329
0.1242329
0.15629806
0.18585311
0.18585311
0.18585311
0.18585311
0.18585311
0.46584183
0.46584183
0.46584183
0.29722057
0.25213674
0.25213674
0.25213674
0.34353249
0.3632777
0.3632777
0.41894486
0.41894486
0.43965275
0.51457505
0.51457505
0.9239993
1.0
1.0
1.0
0.66663452
0.66663452
0.66663452
0.66663452
0.66663452
0.66663452
0.62785288
0.62785288
0.62785288
0.52075657
0.52075657
0.334015
0.2826112
0.21993414
0.21993414
0.21993414
0.20863392
0.20863392
0.20863392
0.19533855
0.19533855
0.19533855
0.19533855
0.16706588
0.16706588
0.16706588
0.23698737
0.23698737
0.23698737
0.228289
0.17268852
0.16567605
0.16567605
0.16567605
0.16567605
0.16567605
0.16567605
0.16610194
0.2015429
0.2015429
0.29284641
0.29284641
0.29284641
0.29284641
0.29284641
0.10675875
0.08641059
0.08641059
0.08641059
0.04977098
0.04977098
0.04977098
0.08686449
0.08686449
0.08686449
0.08686449
0.10641051
0.13411107
0.13411107
0.13411107
0.13411107
0.13411107
0.13411107
0.13411107
0.04766321
0.02691791
0.02691791
0.02691791
0.02691791
0.03499105
0.03499105
0.03499105
0.03499105
0.03499105
0.03499105
0.03499105
0.03499105
0.03499105
0.03499105
0.03499105
0.03184699
0.03184699
0.03184699
0.03184699
0.03184699
0.03184699
0.04729367
0.04729367
0.04729367
0.04729367
0.06614006
0.06614006
0.06614006
0.07492729
0.09310775
0.09310775
0.09310775
0.09310775
0.09310775
0.09310775
0.04088136
0.04088136
0.04088136
0.10366266
0.10366266
0.10366266
0.10366266
0.10366266
0.12233706
0.13534507
0.13534507
0.13534507
0.07947575
0.07947575
0.07947575
0.05367819
0.05367819
0.05367819
0.05716449
0.05770597
0.05770597
0.05770597
0.05770597
0.04614214
0.04335038
0.03759595
0.03759595
0.03759595
0.08551648
0.09947735
0.12339716
0.12339716
0.12339716
0.11272142
0.07025708
0.06982141
0.06982141
0.06982141
0.06708331
0.05827892
0.05827892
0.05827892
0.0777192
0.11825294
0.18981443
0.20011747
0.21964889
0.22227009
0.22227009
0.22227009
0.22227009
0.22227009
0.22227009
0.14675167
0.12955445
0.12448487
0.12448487
0.12448487
0.07218352
0.06469291
0.06469291
0.06469291
0.06469291
0.07013716
0.07013716
0.07013716
0.05637613
0.04473705
0.03533715
0.01941158
0.01325776
0.01320417
0.01320417
0.01320417
0.01907929
0.0315652
0.0315652
0.0315652
0.0315652
0.06665499
0.06665499
0.06665499
0.06665499
0.06665499
0.08556367
0.08556367
0.08556367
0.08556367
0.08556367
0.09275982
0.13467595
0.13900059
0.13900059
0.1536197
0.1536197
0.1536197
0.15647055
0.15792637
0.15792637
0.15792637
0.13019623
0.13019623
0.11997892
0.10550225
0.09436103
0.09436103
0.09436103
0.09436103
0.14479615
0.22311333
0.22311333
0.22311333
0.08768816
0.05712228
0.05712228
0.05712228
0.05712228
0.08513324
0.08746158
0.08746158
0.11520562
0.14298152
0.23928814
0.23928814
0.23928814
0.21238939
0.09519921
0.09103398
0.09103398
0.09103398
0.09103398
0.09103398
0.04324615
0.03665279
0.03484776
0.03413674
0.03413674
0.03413674
0.03413674
0.14166247
0.14166247
0.14166247
0.14166247
0.14166247
0.13780255
0.13780255
0.13780255
0.15111428
0.21642375
0.21642375
0.21642375
0.21642375
0.21421259
0.21421259
0.1911883
0.17075701
0.16767405
0.16767405
0.15564405
0.15564405
0.15564405
0.15675162
0.15675162
0.15675162
0.13393424
0.13393424
0.12555889
0.12555889
0.1125701
0.1125701
0.1125701
0.1125701
0.1125701
0.09143822
0.08687357
0.08687357
0.08687357
0.08687357
0.08398301
0.06780251
0.03786033
0.03786033
0.03786033
0.03786033
0.03786033
0.03015682
0.02336702
0.02336702
0.01550656
0.01550656
0.01550656
0.01550656
0.01550656
0.00947773
0.00851776
0.00816667
0.00816667
0.00816667
0.01628406
0.01628406
0.01628406
0.01628406
0.03090877
0.03090877
0.03090877
0.00876979
0.00876979
0.00876979
0.00876979
0.00876979
0.00876979
0.00951712
0.00951712
0.00951712
0.00951712
0.00951712
0.00951712
0.00945588
0.00945588
0.00945588
0.00950806
0.00950806
0.00950806
0.00795186
0.00795186
0.00795186
0.00731802
0.00731802
0.00731802
0.00731802
0.00731802
0.00731802
0.00731802
0.00731802
0.00731802
0.0122516
0.0122516
0.0122516
0.0122516
0.01320416
0.01320416
0.01320416
0.01320416
0.01320416
0.01320416
0.01109246
0.01109246
0.01034623
0.00783215
0.00783215
0.00783215
0.02647614
0.02647614
0.02647614
0.01622799
0.01622799
0.01622799
0.01622799
0.01622799
0.01622799
0.00719668
0.00719668
0.00719668
0.0088429
0.0088429
0.0088429
0.0088429
0.0088429
0.0088429
0.0088429
0.0088429
0.0088429
0.0088429
0.0088429
0.0088429
0.0088429
0.01348915
0.05467592
0.09381388
0.09381388
0.09381388
0.08043668
0.06523424
0.06523424
0.06523424
0.09583399
0.14531645
0.20963574
0.20963574
0.20963574
0.17007116
0.1510397
0.1510397
0.1510397
0.1510397
0.1510397
0.1510397
0.12262986
0.06080935
0.06080935
0.06080935
0.09831605
0.09831605
0.09831605
0.1150822
0.15782185
0.15782185
0.15782185
0.11451422
0.11451422
0.11451422
0.12449524
0.12449524
0.12449524
0.10017986
0.10017986
0.10017986
0.03634768
0.03634768
0.03634768
0.03634768
0.03634768
0.03634768
0.03634768
0.03634768
0.03634768
0.03634768
0.03634768
0.07066411
0.07066411
0.07066411
0.07066411
0.07066411
0.09861825
0.09861825
0.09861825
0.06839306
0.06839306
0.06839306
0.06839306
0.06839306
0.06839306
0.06839306
0.06839306
0.06871023
0.06871023
0.07046644
0.07046644
0.07046644
0.07046644
0.07046644
0.06603505
0.03068005
0.03022347
0.02647103
0.02647103
0.02647103
0.02647103
0.02647103
0.02647103
0.02647103
0.02647103
0.04249496
0.04249496
0.04249496
0.04249496
0.04249496
0.04249496
0.05607194
0.07390302
0.08888622
0.12186611
0.12186611
0.12911984
0.12911984
0.12911984
0.12911984
0.12911984
0.12911984
0.13268844
0.13268844
0.18754535
0.21402599
0.29092285
0.34213413
0.35291958
0.35291958
0.35291958
0.33308412
0.33308412
0.33308412
0.28988962
0.28988962
0.28988962
0.28988962
0.28988962
0.28988962
0.28988962
0.19753288
0.19753288
0.17032298
0.15833711
0.12991231
0.12991231
0.12991231
0.12991231
0.10551039
0.08553951
0.08553951
0.08553951
0.08553951
0.08553951
0.13083789
0.18490785
0.18490785
0.18490785
0.18490785
0.17918746
0.17918746
0.17918746
0.16399162
0.16399162
0.16399162
0.09674967
0.09674967
0.09674967
0.09674967
0.09519642
0.09519642
0.07434088
0.06289187
0.05936238
0.05936238
0.05936238
0.05936238
0.05936238
0.06909816
0.06909816
0.09817714
0.09817714
0.09817714
0.09797258
0.09797258
0.09797258
0.09797258
0.12449868
0.12449868
0.12449868
0.12449868
0.12449868
0.12979523
0.12979523
0.12979523
0.13162885
0.13275222
0.13275222
0.13275222
0.13275222
0.13275222
0.13275222
0.13275222
0.13275222
0.13606666
0.16066755
0.19648456
0.19648456
0.19648456
0.19648456
0.19648456
0.19648456
0.19648456
0.19648456
0.19648456
0.19648456
0.19648456
0.19648456
0.19648456
0.15282056
0.15282056
0.15282056
0.15282056
0.12135907
0.11924494
0.11924494
0.11924494
0.08851861
0.08851861
0.08729228
0.08729228
0.08729228
0.08729228
0.08729228
0.08729228
0.08729228
0.0772866
0.0772866
0.0772866
0.0772866
0.09917316
0.09917316
0.09917316
0.05619554
0.04892194
0.04892194
0.04892194
0.04892194
0.04892194
0.04892194
0.0258436
0.0258436
0.0258436
0.01333418
0.01333418
0.01333418
0.02175638
0.02175638
0.02175638
0.02175638
0.03071865
0.04860546
0.04860546
0.04860546
0.04860546
0.04860546
0.04860546
0.04343494
0.04343494
0.04343494
0.04343494
0.02877413
0.02563663
0.01408009
0.01408009
0.01408009
0.01408009
0.01408009
0.01408009
0.01908985
0.01908985
0.01908985
0.01908985
0.02206185
0.02206185
0.02206185
0.02648132
0.02758989
0.02758989
0.02758989
0.02758989
0.02758989
0.02758989
0.02758989
0.02758989
0.02758989
0.02758989
0.02758989
0.02758989
0.02758989
0.02758989
0.03630057
0.03630057
0.03630057
0.03630057
0.03630057
0.03630057
0.03503648
0.03503648
0.03503648
0.03607059
0.03607059
0.03607059
0.03607059
0.03607059
0.04340084
0.04340084
0.04340084
0.04340084
0.04340084
0.03054108
0.03054108
0.03054108
0.02253581
0.02253581
0.02253581
0.02253581
0.01629915
0.01629915
0.01629915
0.01629915
0.01629915
0.02356115
0.02356115
0.02356115
0.02356115
0.02356115
0.02356115
0.02356115
0.02294102
0.02294102
0.02294102
0.02294102
0.02294102
0.02294102
0.02294102
0.02294102
0.02294102
0.02294102
0.02294102
0.03357006
0.03653989
0.03653989
0.03653989
0.03653989
0.03653989
0.02911526
0.02911526
0.02911526
0.03685348
0.03685348
0.03685348
0.03685348
0.03685348
0.04022856
0.04022856
0.04022856
0.04428683
0.04678592
0.04678592
0.0509418
0.0509418
0.06194879
0.08124188
0.08124188
0.08124188
0.08894398
0.09931584
0.09931584
0.09931584
0.0913599
0.08781561
0.05978944
0.05978944
0.05978944
0.05978944
0.05978944
0.038049
0.038049
0.038049
0.038049
0.038049
0.038049
0.038049
0.038049
0.038049
0.038049
0.038049
0.038049
0.03968112
0.03968112
0.03968112
0.03968112
0.03968112
0.03968112
0.03327853
0.03327853
0.03327853
0.03327853
0.03327853
0.03327853
0.03327853
0.03327853
0.03327853
0.03107191
0.03107191
0.03107191
0.03403126
0.03403126
0.03403126
0.0199902
0.0199902
0.01940063
0.01940063
0.01940063
0.01940063
0.01940063
0.01940063
0.01940063
0.01940063
0.01940063
0.01940063
0.01940063
0.0101358
0.0101358
0.0101358
0.02074072
0.02074072
0.02074072
0.02074072
0.02074072
0.02074072
0.0248259
0.0248259
0.0248259
0.03147827
0.03147827
0.03147827
0.03147827
0.03147827
0.03147827
0.03147827
0.03147827
0.03147827
0.03147827
0.03147827
0.03147827
0.03147827
0.03147827
0.03147827
0.04061512
0.04061512
0.04061512
0.04061512
0.04061512
0.03193213
0.0149528
0.0149528
0.0149528
0.01965184
0.01965184
0.01965184
0.01965184
0.01965184
0.01965184
0.01965184
0.01965184
0.01965184
0.01965184
0.01965184
0.01965184
0.0244403
0.0244403
0.0244403
0.0244403
0.0244403
0.0244403
0.03505785
0.03505785
0.03505785
0.03505785
0.03505785
0.03505785
0.03505785
0.03505785
0.03505785
0.03505785
0.03505785
0.03505785
0.03295066
0.03295066
0.02807353
0.02807353
0.02807353
0.02807353
0.02807353
0.02623951
0.0261543
0.0261543
0.0261543
0.0261543
0.04533947
0.04533947
0.04533947
0.04533947
0.04533947
0.04533947
0.04533947
0.0470211
0.04746265
0.04746265
0.04746265
0.04746265
0.04746265
0.05034738
0.05034738
0.05034738
0.05034738
0.05034738
0.05034738
0.0409317
0.0409317
0.0409317
0.02563957
0.02563957
0.02563957
0.02563957
0.02563957
0.02563957
0.02563957
0.03564108
0.03564108
0.03564108
0.03564108
0.03564108
0.03564108
0.03230875
0.0233529
0.0233529
0.0233529
0.01830411
0.01830411
0.01830411
0.01830411
0.05092583
0.05246616
0.07038263
0.08993802
0.08993802
0.08993802
0.10478046
0.10478046
0.10478046
0.10478046
0.10478046
0.10478046
0.09713481
0.09713481
0.0812376
0.07046856
0.05866164
0.05866164
0.02826273
0.02826273
0.02826273
0.02826273
0.02826273
0.02826273
0.02826273
0.03181644
0.03181644
0.03181644
0.03181644
0.03288919
0.03288919
0.03288919
0.03288919
0.03288919
0.04057973
0.04057973
0.04057973
0.03207375
0.03207375
0.02583931
0.02583931
0.02475128
0.02475128
0.0132227
0.0132227
0.0132227
0.02631882
0.02631882
0.02631882
0.02497139
0.02343406
0.02343406
0.02343406
0.03397448
0.03397448
0.03397448
0.04386693
