0.02133132
0.0225136
0.0205846
0.01985079
0.01953335
0.01953335
0.01953335
0.01953335
0.01953335
0.01953335
0.01953335
0.02428585
0.02428585
0.02551274
0.02551274
0.02551274
0.02551274
0.02792915
0.02792915
0.02792915
0.02049513
0.02049513
0.02049513
0.02049513
0.02049513
0.02049513
0.02049513
0.02049513
0.02049513
0.01555165
0.01507025
0.01507025
0.01397618
0.01397618
0.01397618
0.01397618
0.01397618
0.02042119
0.02042119
0.02042119
0.02042119
0.02042119
0.02042119
0.02040052
0.02040052
0.02040052
0.02040052
0.02040052
0.02040052
0.02040052
0.02040052
0.02040052
0.02254242
0.03789194
0.03789194
0.03789194
0.03789194
0.03789194
0.03928334
0.03928334
0.03928334
0.03507693
0.02826585
0.02826585
0.02826585
0.02826585
0.02826585
0.02826585
0.02629866
0.01993195
0.01993195
0.01993195
0.01993195
0.01993195
0.01993195
0.02023023
0.02023023
0.02023023
0.0287769
0.03285765
0.03285765
0.03285765
0.03477916
0.03477916
0.03477916
0.03477916
0.03477916
0.031405
0.031405
0.02930524
0.02930524
0.02930524
0.02930524
0.02930524
0.02930524
0.02947101
0.02947101
0.02947101
0.0264793
0.0264793
0.0264793
0.02750477
0.02750477
0.02750477
0.02750477
0.02750477
0.02750477
0.02750477
0.02750477
0.03327327
0.03327327
0.03327327
0.02542841
0.02542841
0.02542841
0.03071992
0.0532256
0.06070075
0.06070075
0.06070075
0.01360534
0.01360534
0.01360534
0.01598501
0.01598501
0.01598501
0.01598501
0.01598501
0.01598501
0.01598501
0.01598501
0.01598501
0.01598501
0.01598501
0.01517124
0.01416714
0.01416714
0.01416714
0.01672669
0.01672669
0.02242239
0.03313324
0.03313324
0.03313324
0.03313324
0.03313324
0.03313324
0.03048073
0.02583806
0.02583806
0.02583806
0.02583806
0.02583806
0.0251291
0.0251291
0.0251291
0.0251291
0.0251291
0.03090197
0.03090197
0.03090197
0.03090197
0.03090197
0.03009054
0.03009054
0.03009054
0.03073396
0.03073396
0.05677856
0.06560018
0.0796232
0.0796232
0.17261541
0.17261541
0.17261541
0.1625529
0.1625529
0.1625529
0.15169607
0.15169607
0.13862876
0.12266719
0.06107788
0.0500876
0.0500876
0.0500876
0.0500876
0.0500876
0.0500876
0.0500876
0.0500876
0.04263719
0.03857266
0.03857266
0.03857266
0.03857266
0.03857266
0.03946231
0.04067788
0.04067788
0.04067788
0.04067788
0.04067788
0.03263802
0.02546255
0.02546255
0.02546255
0.02546255
0.01642718
0.01642718
0.01642718
0.01642718
0.01642718
0.01642718
0.01642718
0.01642718
0.01642718
0.01642718
0.01642718
0.02125118
0.02550483
0.02550483
0.02550483
0.02550483
0.02550483
0.02550483
0.01873102
0.01873102
0.01873102
0.01873102
0.08604683
0.11694608
0.11694608
0.12135589
0.12135589
0.12135589
0.08800223
0.0756623
0.0756623
0.0756623
0.0756623
0.0756623
0.0756623
0.10342462
0.10607753
0.12147796
0.12147796
0.12147796
0.11255747
0.0390402
0.02412413
0.02353576
0.00824299
0.00824299
0.00824299
0.01233658
0.01233658
0.01233658
0.01233658
0.01233658
0.01500316
0.01607908
0.01607908
0.02345691
0.02345691
0.03185367
0.03185367
0.03185367
0.03456872
0.03456872
0.0368404
0.03696605
0.04937721
0.04937721
0.04937721
0.04853106
0.03506251
0.03174491
0.02942258
0.02942258
0.02942258
0.02942258
0.02942258
0.02942258
0.02942258
0.0527433
0.0527433
0.0527433
0.0527433
0.0527433
0.0265058
0.0265058
0.0265058
0.0265058
0.0265058
0.02494335
0.02155695
0.02155695
0.02155695
0.02860371
0.02860371
0.02860371
0.02860371
0.02860371
0.0251912
0.0251912
0.0251912
0.0251912
0.0251912
0.0251912
0.03171387
0.03171387
0.03171387
0.03124318
0.02855501
0.0256382
0.02475029
0.02318967
0.02318967
0.02318967
0.02318967
0.01952863
0.01952863
0.01952863
0.01952863
0.01952863
0.01952863
0.01952863
0.01952863
0.01952863
0.01952863
0.01952863
0.01952863
0.01952863
0.01746758
0.01746758
0.01746758
0.01888365
0.01888365
0.01888365
0.01888365
0.0488397
0.0488397
0.0488397
0.02898861
0.02898861
0.02898861
0.02898861
0.02898861
0.02898861
0.02898861
0.03180896
0.03573378
0.03926613
0.03926613
0.03926613
0.03926613
0.03926613
0.03926613
0.03926613
0.03926613
0.05086955
0.13998828
0.13998828
0.13998828
0.13998828
0.13998828
0.08434299
0.08434299
0.08434299
0.08434299
0.07372443
0.05984052
0.05984052
0.05984052
0.05984052
0.04850193
0.04114178
0.03910167
0.03910167
0.03687152
0.03687152
0.03499659
0.03499659
0.03499659
0.03499659
0.03499659
0.02723648
0.02723648
0.02723648
0.03274943
0.0336957
0.0336957
0.0336957
0.0336957
0.0336957
0.03541043
0.03541043
0.03624317
0.04095711
0.04909296
0.04909296
0.04909296
0.04807239
0.04033683
0.0331241
0.03098956
0.03098956
0.03098956
0.03098956
0.03098956
0.03098956
0.05656674
0.05656674
0.05656674
0.05656674
0.05656674
0.05656674
0.03093104
0.03093104
0.02367824
0.02367824
0.02367824
0.02367824
0.02367824
0.02367824
0.02385472
0.02385472
0.02385472
0.0247087
0.0247087
0.0247087
0.0247087
0.0247087
0.0247087
0.02387426
0.02387426
0.02387426
0.02282749
0.02282749
0.02282749
0.02362481
0.04125583
0.04125583
0.04125583
0.02203282
0.02203282
0.02203282
0.02544461
0.0394505
0.0394505
0.06651629
0.06651629
0.06651629
0.0707599
0.0707599
0.0707599
0.13113217
0.13113217
0.13113217
0.14132829
0.14132829
0.14132829
0.14132829
0.14132829
0.14132829
0.13151377
0.12086759
0.12086759
0.10671236
0.02592005
0.02592005
0.02592005
0.04494803
0.04494803
0.04494803
0.02889169
0.02889169
0.02497154
0.02497154
0.02497154
0.03161739
0.03945502
0.03945502
0.03945502
0.03764319
0.03764319
0.03764319
0.03764319
0.03764319
0.03764319
0.03557453
0.03557453
0.03557453
0.03255308
0.03255308
0.03255308
0.02798116
0.02798116
0.0249982
0.02210319
0.0220532
0.0220532
0.0220532
0.02474929
0.02673323
0.02875537
0.03214106
0.03214106
0.03214106
0.029517
0.029517
0.029517
0.029517
0.10140973
0.11918331
0.11918331
0.11918331
0.11918331
0.11918331
0.11918331
0.11918331
0.1208165
0.1208165
0.1208165
0.1208165
0.1208165
0.0779825
0.0779825
0.0779825
0.0779825
0.0779825
0.0779825
0.04455828
0.03830473
0.03830473
0.03830473
0.03830473
0.03830473
0.0495419
0.05214084
0.06335525
0.06335525
0.06335525
0.06335525
0.05285241
0.05285241
0.04381753
0.04381753
0.04381753
0.04381753
0.05015618
0.06553959
0.0762127
0.09391117
0.09391117
0.09391117
0.07908535
0.07647956
0.07647956
0.07647956
0.07647956
0.07647956
0.07599088
0.05281468
0.05281468
0.04763203
0.04763203
0.04763203
0.04608132
0.04460417
0.04460417
0.04460417
0.04460417
0.05364869
0.0596953
0.06066143
0.06066143
0.06066143
0.05951228
0.05067008
0.04031133
0.03924271
0.02656608
0.02469832
0.02347655
0.02347655
0.02347655
0.02790842
0.02954827
0.02954827
0.02954827
0.03089565
0.03375384
0.03375384
0.03403085
0.03403085
0.03403085
0.03231432
0.03176491
0.02905987
0.02905987
0.02905987
0.02905987
0.02905987
0.02905987
0.02905987
0.02544916
0.02544916
0.02544916
0.02544916
0.02544916
0.02544916
0.02544916
0.02544916
0.03617672
0.03617672
0.03617672
0.02891973
0.02891973
0.02891973
0.02891973
0.03628693
0.03628693
0.03645037
0.03645037
0.03645037
0.03645037
0.03645037
0.03645037
0.03645037
0.04969135
0.04969135
0.04969135
0.04969135
0.05009538
0.05009538
0.05009538
0.035829
0.035829
0.035829
0.035829
0.04735718
0.05340306
0.05870352
0.06351467
0.06351467
0.06351467
0.06351467
0.04051814
0.04051814
0.04051814
0.04051814
0.02893787
0.02893787
0.02893787
0.02893787
0.02893787
0.02893787
0.03045611
0.03045611
0.03498728
0.03498728
0.03498728
0.04111644
0.04111644
0.04111644
0.04111644
0.19368173
0.19368173
0.19368173
0.08459232
0.08459232
0.08459232
0.19267226
0.42694098
0.42694098
0.42694098
0.53220581
0.78758843
0.78758843
0.78758843
0.75063903
0.69842647
0.67540875
0.61744586
0.12985239
0.12985239
0.12985239
0.0480593
0.0480593
0.0480593
0.0480593
0.03639104
0.03639104
0.03639104
0.03639104
0.03307859
0.03307859
0.02844949
0.02844949
0.02785382
0.02785382
0.02785382
0.02785382
0.02785382
0.02785382
0.03899998
0.04321328
0.04821886
0.05009175
0.05009175
0.05009175
0.05009175
0.05009175
0.05009175
0.05009175
0.05009175
0.05009175
0.05009175
0.05009175
0.05009175
0.05009175
0.05009175
0.05009175
0.06645865
0.07313741
0.07313741
0.07313741
0.07313741
0.07313741
0.07313741
0.07185529
0.06565392
0.060016
0.060016
0.060016
0.060016
0.05134809
0.05134809
0.05134809
0.05134809
0.05532904
0.05532904
0.05532904
0.05532904
0.0378357
0.0378357
0.03708799
0.03708799
0.03205886
0.03205886
0.02667386
0.02667386
0.02667386
0.02924709
0.02924709
0.03703217
0.03703217
0.05168022
0.05859397
0.49050907
0.49050907
0.49050907
0.49050907
0.37963009
0.37963009
0.37963009
0.4529907
1.0
1.0
1.0
1.0
0.05833467
0.05833467
0.05544608
0.05544608
0.05544608
0.06657855
0.06657855
0.06657855
0.04874964
0.03492749
0.03492749
0.03492749
0.03507246
0.03507246
0.03507246
0.03507246
0.03507246
0.03480724
0.03480724
0.03087277
0.03087277
0.0253859
0.0253859
0.02175631
0.02150249
0.02150249
0.02150249
0.02150249
0.02150249
0.02150249
0.02150249
0.02270497
0.02270497
0.02270497
0.02270497
0.02344827
0.02344827
0.02554067
0.02554067
0.02554067
0.02005551
0.01446088
0.01446088
0.01446088
0.01446088
0.01446088
0.01989018
0.03121144
0.03121144
0.03121144
0.03708311
0.03708311
0.03708311
0.02986666
0.02724397
0.02724397
0.02724397
0.02724397
0.02724397
0.02853003
0.02853003
0.02853003
0.02606119
0.02606119
0.02606119
0.04210398
0.04210398
0.04673233
0.04673233
0.05185104
0.05185104
0.05185104
0.03868168
0.03862986
0.03794165
0.03794165
0.03794165
0.03794165
0.03794165
0.03794165
0.03794165
0.03364641
0.02669653
0.02669653
0.02669653
0.03267673
0.03267673
0.03267673
0.03267673
0.03267673
0.03267673
0.03267673
0.03267673
0.02498415
0.02498415
0.02498415
0.02498415
0.02498415
0.02498415
0.02498415
0.02498415
0.0287919
0.0287919
0.0287919
0.0287919
0.0287919
0.0287919
0.03322173
0.03322173
0.03355096
0.03355096
0.04530589
0.04530589
0.04530589
0.04530589
0.04530589
0.02848287
0.02615064
0.02615064
0.02354384
0.02335177
0.02335177
0.02335177
0.02335177
0.02335177
0.02449526
0.03245955
0.04333802
0.04333802
0.04333802
0.08070099
0.09272548
0.09272548
0.09841985
0.09841985
0.10154087
0.10154087
0.10154087
0.10154087
0.10154087
0.10154087
0.10130143
0.09544559
0.09544559
0.09544559
0.0853696
0.07949609
0.07656764
0.0660628
0.06557288
0.06557288
0.06045951
0.03924256
0.02747961
0.0207699
0.0207699
0.0207699
0.0207699
0.0207699
0.0207699
0.02218938
0.0260082
0.0260082
0.0260082
0.0260082
0.02607045
0.02607045
0.02607045
0.02607045
0.02607045
0.02607045
0.02607045
0.02607045
0.02607045
0.02510495
0.02510495
0.02510495
0.03239059
0.03825152
0.06102854
0.06677349
0.09657012
0.12319639
0.12319639
0.12319639
0.12319639
0.12319639
0.12240319
0.08382822
0.08382822
0.06496649
0.06431596
0.06259756
0.04681538
0.03664457
0.03664457
0.03458667
0.03401122
0.03401122
0.02468267
0.0164138
0.0164138
0.0164138
0.01810737
0.02948716
0.02948716
0.02948716
0.02948716
0.02543182
0.02543182
0.02543182
0.02543182
0.0316021
0.09796306
0.09796306
0.09796306
0.08401931
0.08377648
0.08026807
0.05376518
0.05376518
0.05059886
0.02585371
0.02585371
0.02585371
0.02585371
0.02014221
0.02014221
0.02014221
0.02014221
0.02014221
0.02826532
0.03287622
0.03287622
0.03287622
0.02038479
0.02038479
0.02038479
0.02822408
0.02822408
0.02822408
0.03306185
0.03619071
0.03991068
0.03991068
0.03991068
0.0404373
0.0404373
0.0404373
0.04678333
0.04678333
0.04678333
0.04678333
0.04678333
0.04678333
0.04678333
0.04678333
0.04678333
0.04678333
0.03690131
0.02460397
0.02403661
0.02403661
0.02403661
0.02499728
0.02776889
0.02776889
0.02776889
0.03420131
0.03420131
0.03420131
0.03420131
0.03480648
0.03480648
0.03480648
0.03480648
0.08113546
0.08113546
0.08113546
0.04188826
0.04188826
0.04188826
0.05161013
0.05161013
0.05161013
0.05161013
0.05161013
0.04918
0.03258247
0.03258247
0.03258247
0.03258247
0.03258247
0.05270424
0.05270424
0.05531974
0.05531974
0.06651746
0.07977537
0.08552172
0.08552172
0.08552172
0.08552172
0.07968838
0.07287429
0.07287429
0.07287429
0.08216818
0.0933061
0.10375226
0.11581366
0.11581366
0.11581366
0.11581366
0.11581366
0.11581366
0.11581366
0.07661035
0.07661035
0.07661035
0.07661035
0.0680268
0.05002231
0.05002231
0.05002231
0.04478504
0.03726697
0.03342496
0.03342496
0.03342496
0.03196352
0.03196352
0.03196352
0.03284584
0.03284584
0.03284584
0.03284584
0.04284843
0.04284843
0.04284843
0.04284843
0.04284843
0.0440785
0.0440785
0.0440785
0.0440785
0.04683574
0.04683574
0.04683574
0.03719691
0.03719691
0.03719691
0.0387337
0.04642787
0.04642787
0.04642787
0.03532373
0.03320732
0.03320732
0.03320732
0.03320732
0.03320732
0.04014552
0.04014552
0.04014552
0.04014552
0.04014552
0.04014552
0.11417712
0.11417712
0.11417712
0.09930849
0.09930849
0.09930849
0.14146479
0.14146479
0.14146479
0.08354766
0.08354766
0.08354766
0.08354766
0.08354766
0.07405344
0.03322263
0.03322263
0.03322263
0.03516582
0.03669878
0.03669878
0.03669878
0.03669878
0.03669878
0.03472201
0.03000883
0.03000883
0.03000883
0.03199081
0.03199081
0.03199081
0.03199081
0.03199081
0.03199081
0.03199081
0.03199081
0.03335511
0.03335511
0.03335511
0.03335511
0.03335511
0.03225202
0.03090674
0.03090674
0.03090674
0.03090674
0.03090674
0.04010739
0.05141658
0.06044812
0.06044812
0.06044812
0.05983032
0.05983032
0.05983032
0.05983032
0.05983032
0.0524641
0.05058834
0.04559677
0.04559677
0.04559677
0.0387363
0.0387363
0.0387363
0.04267379
0.04444575
0.04444575
0.04444575
0.04444575
0.05523616
0.05523616
0.05523616
0.05523616
0.05523616
0.05523616
0.05523616
0.05523616
0.05523616
0.04775951
0.04766892
0.04766892
0.04766892
0.04766892
0.04610755
0.04610755
0.04610755
0.06092622
0.06092622
0.06092622
0.03340846
0.03340846
0.03340846
0.04619408
0.04619408
0.04619408
0.0404718
0.0404718
0.0404718
0.0404718
0.0404718
0.04312589
0.04312589
0.04662836
0.04662836
0.04662836
0.04761233
0.04892633
0.04892633
0.04892633
0.04892633
0.04892633
0.04892633
0.04770924
0.0457342
0.03925922
0.03925922
0.03925922
0.03925922
0.03925922
0.03925922
0.03925922
0.03925922
0.03925922
0.03925922
0.04291632
0.04291632
0.04291632
0.03496735
0.03449641
0.03449641
0.03449641
0.03449641
0.03449641
0.03449641
0.03998087
0.03998087
0.03998087
0.03998087
0.03998087
0.03998087
0.03998087
0.04854841
0.04854841
0.04854841
0.04854841
0.03518399
0.03324113
0.03008058
0.03008058
0.03008058
0.03068917
0.03068917
0.03310246
0.04998586
0.04998586
0.04998586
0.04597245
0.04597245
0.02949071
0.02949071
0.02949071
0.02982625
0.02982625
0.02982625
0.0306593
0.03602541
0.03602541
0.04109692
0.04109692
0.04109692
0.04109692
0.04109692
0.04109692
0.04109692
0.03553276
0.03553276
0.03129478
0.03129478
0.03129478
0.03129478
0.03129478
0.03129478
0.03129478
0.03129478
0.03129478
0.03129478
0.05285669
0.05285669
0.05285669
0.05285669
0.05639138
0.06613167
0.06660236
0.06660236
0.06660236
0.07205138
0.07205138
0.07707234
0.08538773
0.08538773
0.09123356
0.09123356
0.09123356
0.10487792
0.10811528
0.12058061
0.13642335
0.16018382
0.16018382
0.16018382
0.12175409
0.09814208
0.04186295
0.03963349
0.03408452
0.03408452
0.03408452
0.04612242
0.04612242
0.04612242
0.05005366
0.05005366
0.05005366
0.05313154
0.05313154
0.05313154
0.05096803
0.05096803
0.05096803
0.08193805
0.08193805
0.08193805
0.04186475
0.04186475
0.04186475
0.04186475
0.04186475
0.04186475
0.04186475
0.04186475
0.04015284
0.04015284
0.04015284
0.0667592
0.0667592
0.0667592
0.0667592
0.0667592
0.0667592
0.0667592
0.07102511
0.09227366
0.12483749
0.12483749
0.12483749
0.12483749
0.12483749
0.12483749
0.13540798
0.13893966
0.13893966
0.13893966
0.1248028
0.11663998
0.11663998
0.11663998
0.11232903
0.11232903
0.11035339
0.08411918
0.0837737
0.07472725
0.07472725
0.07472725
0.078717
0.078717
0.078717
0.078717
0.078717
0.06956449
0.06956449
0.06956449
0.06956449
0.06956449
0.06956449
0.08501058
0.0930659
0.0930659
0.0930659
0.0930659
0.0930659
0.0930659
0.08777782
0.08777782
0.04082405
0.02835386
0.02835386
0.02835386
0.02924674
0.02924674
0.02924674
0.02924674
0.02924674
0.02924674
0.03174106
0.03631654
0.04572588
0.04572588
0.04572588
0.04622406
0.05454973
0.05554004
0.06496453
0.06496453
0.06496453
0.06496453
0.06496453
0.06496453
0.05630459
0.04041851
0.02954453
0.02954453
0.02954453
0.03303871
0.03303871
0.03303871
0.03303871
0.03303871
0.03303871
0.03303871
0.03303871
0.03303871
0.03303871
0.03303871
0.03303871
0.03303871
0.03301616
0.03301616
0.03301616
0.03301616
0.03301616
0.03301616
0.03301616
0.03301616
0.03301616
0.03301616
0.03301616
0.03301616
0.03301616
0.03301616
0.03301616
0.03301616
0.03301616
0.03301616
0.03013127
0.01968767
0.01968767
0.01968767
0.02123455
0.02123455
0.0255456
0.0255456
0.0255456
0.0255456
0.0255456
0.0255456
0.0255456
0.03539697
0.03539697
0.03539697
0.03539697
0.03539697
0.03282442
0.03282442
0.03282442
0.03324946
0.04145262
0.04145262
0.04145262
0.04145262
0.04219783
0.04796923
0.04796923
0.04796923
0.03670953
0.03670953
0.03602968
0.03602968
0.03602968
0.03602968
0.03143018
0.03143018
0.0278533
0.0278533
0.0278533
0.0278533
0.0278533
0.0278533
0.0278533
0.03300199
0.03300199
0.03300199
0.02512849
0.02512849
0.02512849
0.02512849
0.02512849
0.02512849
0.02512849
0.02512849
0.02512849
0.03048629
0.03048629
0.03048629
0.03048629
0.03048629
0.04993883
0.06908576
0.08024144
0.08024144
0.08024144
0.07894659
0.07894659
0.07894659
0.07894659
0.07041427
0.06509027
0.06509027
0.06509027
0.09751904
0.09751904
0.09751904
0.09751904
0.09751904
0.09751904
0.11186369
0.11186369
0.11186369
0.08173952
0.08173952
0.08173952
0.08173952
0.08173952
0.08173952
0.10135312
0.13269359
0.15324869
0.15324869
0.15324869
0.04615755
0.04615755
0.04615755
0.0368522
0.0368522
0.0368522
0.0368522
0.0368522
0.0368522
0.0368522
0.0368522
0.0368522
0.06939926
0.06939926
0.06939926
0.05722105
0.05722105
0.05722105
0.05722105
0.04429739
0.04429739
0.04429739
0.02750171
0.02750171
0.02750171
0.02750171
0.02750171
0.03141676
0.03141676
0.03141676
0.03141676
0.03141676
0.03141676
0.03141676
0.03141676
0.03198399
0.03316137
0.03316137
0.03464517
0.03464517
0.03563868
0.03563868
0.04715569
0.05172584
0.0630497
0.0630497
0.0630497
0.06146997
0.06146997
0.06146997
0.07856805
0.08417563
0.08417563
0.08417563
0.07750199
0.05738581
0.05053208
0.0444047
0.0444047
0.0444047
0.04648834
0.04648834
0.04648834
0.04777985
0.04777985
0.04777985
0.04777985
0.04777985
0.04777985
0.04777985
0.04200027
0.04200027
0.04200027
0.04938315
0.04938315
0.05818489
0.05818489
0.05818489
0.05154763
0.04588962
0.03298237
0.02908552
0.02908552
0.02908552
0.02908552
0.02908552
0.02908552
0.02908552
0.03421943
0.03494167
0.03494167
0.03571768
0.03571768
0.03571768
0.03535677
0.03369981
0.03369981
0.02679533
0.02621422
0.02621422
0.02621422
0.02920784
0.02920784
0.0520899
0.0520899
0.0520899
0.0520899
0.04801334
0.04284482
0.03750907
0.03750907
0.03750907
0.08414629
0.08414629
0.08414629
0.09989633
0.12524807
0.12524807
0.12524807
0.12524807
0.12524807
0.12524807
0.12524807
0.12943633
0.12943633
0.12943633
0.08964361
0.08964361
0.08964361
0.08964361
0.11181212
0.11181212
0.11181212
0.11181212
0.06349821
0.06349821
0.06349821
0.05566616
0.04701854
0.04701854
0.04701854
0.04701854
0.0488812
0.07869911
0.07869911
0.07869911
0.07774737
0.07728195
0.07728195
0.02641821
0.02641821
0.02641821
0.02641821
0.02641821
0.0258036
0.0258036
0.0258036
0.02686359
0.02686359
0.02686359
0.02686359
0.02686359
0.02686359
0.02686359
0.02686359
0.02686359
0.02686359
0.0343767
0.03599992
0.03599992
0.03599992
0.03738448
0.03738448
0.03738448
0.05029812
0.05029812
0.05029812
0.05029812
0.05417263
0.06034142
0.06034142
0.06034142
0.0411635
0.0411635
0.0411635
0.0413322
0.0441918
0.0441918
0.0441918
0.0441918
0.0441918
0.0441918
0.0441918
0.0441918
0.0441918
0.0441918
0.0441918
0.0441918
0.0476075
0.0476075
0.0476075
0.0539774
0.0539774
0.0539774
0.04951513
0.03591237
0.03591237
0.03591237
0.03716494
0.03716494
0.03716494
0.0195815
0.0195815
0.0195815
0.02563862
0.02835956
0.02835956
0.02835956
0.01936068
0.01936068
0.01936068
0.0238518
0.03187575
0.03187575
0.03187575
0.03514596
0.03514596
0.03514596
0.03514596
0.03514596
0.03514596
0.03463479
0.03463479
0.03178347
0.03178347
0.03008452
0.03008452
0.02992442
0.02471384
0.02154957
0.02154957
0.02154957
0.02154957
0.02154957
0.02154957
0.02154957
0.02154957
0.02154957
0.02154957
0.03132309
0.03132309
0.03198743
0.03495824
0.03495824
0.03495824
0.03495824
0.02837238
0.02837238
0.02837238
0.02836518
0.02836518
0.02836518
0.02716179
0.02716179
0.02716179
0.02716179
0.02258664
0.02258664
0.02258664
0.01927359
0.01927359
0.01927359
0.02241706
0.02241706
0.02241706
0.02241706
0.02241706
0.02241706
0.02050802
0.02050802
0.02050802
0.02050802
0.02050802
0.02388087
0.02838666
0.02838666
0.02838666
0.02838666
0.02838666
0.02838666
0.02838666
0.02875428
0.02875428
0.02875428
0.02875428
0.03540304
0.03540304
0.03540304
0.02331483
0.02331483
0.02331483
0.02331483
0.02331483
0.02331483
0.02331483
0.02331483
0.02257666
0.02257666
0.02257666
0.02257666
0.02257666
0.02257666
0.02257666
0.02257666
0.02257666
0.02257666
0.01798382
0.01701259
0.01701259
0.01701259
0.01701259
0.02895545
0.02895545
0.03019335
0.04884761
0.04884761
0.04884761
0.04265478
0.04265478
0.03594575
0.03594575
0.03594575
0.04998467
0.05917875
0.05917875
0.06174915
0.06174915
0.06174915
0.06174915
0.06174915
0.06174915
0.07238857
0.07644511
0.07644511
0.09876975
0.09876975
0.10079421
0.10079421
0.10079421
0.10548734
0.10548734
0.10548734
0.10556247
0.10556247
0.10556247
0.10556247
0.10556247
0.10556247
0.10556247
0.07447165
0.07447165
0.07447165
0.09265751
0.10999161
0.10999161
0.10999161
0.02695375
0.02695375
0.02695375
0.02695375
0.02695375
0.02695375
0.01741993
0.01741993
0.01741993
0.01833631
0.01833631
0.01833631
0.01833631
0.01833631
0.01833631
0.01833631
0.01833631
0.01833631
0.01876113
0.01876113
0.02033174
0.02033174
0.02033174
0.02033174
0.02033174
0.02033174
0.02033174
0.02033174
0.02033174
0.03264022
0.03320973
0.03660288
0.03660288
0.04538186
0.04538186
0.04538186
0.04538186
0.03164913
0.03164913
0.03164913
0.03164913
0.03164913
0.03164913
0.03164913
0.03164913
0.03164913
0.03164913
0.03731105
0.03731105
0.03731105
0.03562922
0.03562922
0.03562922
0.03235127
0.03108028
0.03108028
0.02503756
0.02503756
0.02503756
0.02503756
0.02503756
0.02503756
0.02503756
0.02503756
0.01587101
0.01587101
0.01587101
0.02106587
0.02106587
0.02128558
0.02128558
0.02128558
0.02128558
0.02016159
0.02016159
0.02016159
0.02016159
0.02016159
0.02016159
0.02177019
0.02177019
0.02177019
0.06763404
0.15262515
0.15654225
0.15654225
0.15654225
0.15836997
0.15836997
0.15949985
0.15949985
0.15949985
0.13616481
0.13616481
0.13616481
0.13616481
0.13616481
0.12608586
0.05270969
0.03893447
0.03893447
0.03893447
0.01461594
0.01215673
0.01215673
0.01215673
0.0224386
0.03077035
0.03077035
0.03077035
0.01738177
0.01738177
0.01738177
0.01738177
0.01559796
0.01559796
0.01559796
0.01559796
0.01559796
0.01559796
0.01559796
0.01647806
0.02138797
0.02138797
0.02138797
0.02138797
0.02138797
0.021317
0.021317
0.021317
0.02939617
0.02939617
0.02939617
0.03502754
0.03502754
0.03868997
0.04134306
0.04444989
0.05785652
0.05785652
0.05785652
0.05902206
0.07496271
0.07496271
0.07496271
0.07326964
0.06032927
0.06032927
0.06032927
0.06032927
0.06032927
0.06626251
0.07198486
0.07198486
0.07198486
0.07198486
0.07198486
0.07198486
0.07198486
0.07198486
0.03938452
0.03938452
0.03938452
0.0431968
0.0431968
0.0431968
0.04843531
0.04870828
0.04870828
0.05164787
0.05164787
0.05387055
0.05387055
0.05807624
0.05965864
0.06966522
0.08203797
0.0969513
0.0969513
0.0969513
0.08441881
0.06016188
0.05401407
0.05401407
0.05401407
0.05547406
0.05547406
0.05547406
0.05547406
0.05158608
0.05158608
0.04860186
0.04037124
0.04037124
0.04037124
0.04037124
0.0419962
0.0419962
0.0419962
0.03566655
0.03566655
0.03566655
0.03566655
0.03566655
0.03566655
0.04780898
0.04780898
0.04780898
0.03854195
0.03854195
0.03854195
0.03854195
0.03825513
0.03825513
0.03825513
0.04075244
0.04642502
0.04642502
0.04642502
0.04642502
0.04642502
0.04642502
0.04642502
0.04673821
0.04673821
0.04673821
0.04673821
0.04673821
0.04673821
0.04673821
0.05045702
0.05045702
0.05045702
0.05045702
0.03121367
0.03121367
0.03121367
0.03121367
0.02998874
0.02998874
0.02998874
0.02998874
0.02998874
0.0297906
0.02916148
0.02755255
0.02755255
0.02755255
0.02755255
0.02755255
0.03135682
0.03292264
0.03292264
0.03292264
0.03292264
0.03292264
0.03665362
0.03665362
0.03665362
0.03686977
0.03686977
0.03686977
0.03686977
0.03944231
0.03944231
0.03944231
0.03944231
0.03944231
0.03944231
0.03944231
0.03944231
0.03944231
0.04604633
0.04604633
0.04621923
0.04621923
0.05059134
0.05059134
0.05059134
0.04593419
0.04593419
0.04593419
0.03326742
0.03326742
0.03326742
0.03326742
0.03326742
0.03326742
0.03326742
0.03326742
0.03507744
0.0388702
0.0388702
0.0388702
0.0388702
0.0388702
0.04527094
0.04611351
0.05020046
0.05020046
0.05020046
0.05020046
0.06575735
0.06588271
0.07009451
0.07943154
0.08155398
0.09085719
0.09085719
0.09538419
0.09538419
0.09538419
0.05888497
0.05888497
0.04005515
0.03449737
0.03449737
0.03449737
0.03449737
0.03449737
0.03449737
0.03451908
0.03451908
0.03451908
0.03451908
0.03451908
0.03451908
0.03451908
0.03451908
0.03451908
0.0297074
0.0297074
0.0297074
0.0297074
0.0297074
0.03285229
0.05483068
0.05483068
0.05483068
0.03629832
0.03629832
0.03629832
0.05729888
0.05729888
0.05729888
0.07819116
0.07819116
0.07819116
0.07819116
0.09612529
0.09612529
0.09612529
0.0508979
0.0508979
0.03874232
0.03874232
0.03874232
0.0435799
0.04672982
0.05278491
0.05755754
0.08065753
0.08065753
0.11662483
0.1846203
0.1846203
0.1846203
0.1846203
0.13755724
0.13755724
0.13755724
0.13755724
0.13755724
0.03179195
0.02271077
0.02271077
0.02271077
0.02582253
0.02582253
0.02582253
0.02582253
0.02582253
0.02582253
0.05980353
0.0728927
0.0728927
0.08423473
0.09198755
0.10935157
0.11479256
0.12221755
0.13922789
0.15035437
0.15548494
0.16282598
0.16282598
0.16282598
0.14591291
0.03615084
0.03615084
0.03294211
0.03294211
0.03294211
0.183763
0.183763
0.183763
0.183763
0.16631793
0.15022447
0.13842449
0.13842449
0.13842449
0.18226411
0.24574861
0.24574861
0.3345235
0.37239924
0.37239924
0.37239924
0.21166842
0.17076779
0.05527735
0.05527735
0.05527735
0.05527735
0.05527735
0.05527735
0.05527735
0.05322049
0.05322049
0.05322049
0.05322049
0.06810554
0.07858597
0.07858597
0.07858597
0.0719597
0.06637801
0.05894322
0.0489495
0.0489495
0.04518466
0.04518466
0.0448565
0.0448565
0.0448565
0.02913483
0.02913483
0.02913483
0.04904273
0.04904273
0.04904273
0.08077774
0.08077774
0.08077774
0.06528222
0.06406339
0.06406339
0.06406339
0.06406339
0.06406339
0.06406339
0.06406339
0.06406339
0.06406339
0.06406339
0.06406339
0.06406339
0.06406339
0.06406339
0.06406339
0.06406339
0.06406339
0.06406339
0.02943197
0.02268635
0.02268635
0.01389075
0.01389075
0.01389075
0.01389075
0.01389075
0.01389075
0.12448951
0.20760581
0.20760581
0.20760581
0.19556633
0.19556633
0.17471999
0.16108245
0.15493773
0.15493773
0.15493773
0.20742736
0.20742736
0.20742736
0.02532451
0.02532451
0.02532451
0.02532451
0.01668371
0.01631073
0.01631073
0.01631073
0.01631073
0.01631073
0.01782644
0.01782644
0.01782644
0.01782644
0.01782644
0.01518916
0.01460607
0.01460607
0.01460607
0.01460607
0.01460607
0.01460607
0.01990116
0.01990116
0.01990116
0.01990116
0.01990116
0.02026118
0.02688815
0.02688815
0.05791604
0.05791604
0.05791604
0.05409301
0.04916583
0.0431418
0.03996419
0.03996419
0.03996419
0.03996419
0.02787513
0.02787513
0.02746041
0.02326609
0.02326609
0.02326609
0.01995063
0.01995063
0.01995063
0.01995063
0.01995063
0.01995063
0.01995063
0.0202038
0.104177
0.11662217
0.11662217
0.11662217
0.06464391
0.06000157
0.06000157
0.0501843
0.0501843
0.04248429
0.04248429
0.04248429
0.04248429
0.04248429
0.0429842
0.05666685
0.05666685
0.06252291
0.06252291
0.06252291
0.05948435
0.05948435
0.05948435
0.07758851
0.07758851
0.07758851
0.07758851
0.05014603
0.04496945
0.04496945
0.04496945
0.04496945
0.02513001
0.01688708
0.01688708
0.01688708
0.01688708
0.01688708
0.01688708
0.02096025
0.02411373
0.02411373
0.02411373
0.02411373
0.02411373
0.0240526
0.0240526
0.0240526
0.0240526
0.0240526
0.0240526
0.02079593
0.01421126
0.01421126
0.01421126
0.01648674
0.01648674
0.01648674
0.0124142
0.01153815
0.01153815
0.01153815
0.01153815
0.01153815
0.01153815
0.01153815
0.01153815
0.01116222
0.01116222
0.01116222
0.01116222
0.01116222
0.01116222
0.01116222
0.01071576
0.01071576
0.01071576
0.01347061
0.01347061
0.01347061
0.01513961
0.01513961
0.01806713
0.01806713
0.01806713
0.01806713
0.01806713
0.01806713
0.01806713
0.01806713
0.01806713
0.01806713
0.01290806
0.01290806
0.01290806
0.01290806
0.01290806
0.01290806
0.00920904
0.00920904
0.00920904
0.00920904
0.00714244
0.00714244
0.00714244
0.01171662
0.01230638
0.01230638
0.01230638
0.01947199
0.01947199
0.03222138
0.03222138
0.03222138
0.0278756
0.0278756
0.0278756
0.0278756
0.0278756
0.0278756
0.0278756
0.0278756
0.0278756
0.0278756
0.0278756
0.0278756
0.0278756
0.0278756
0.0278756
0.0278756
0.0278756
0.0278756
0.0278756
0.0278756
0.01948467
0.01862202
0.01862202
0.01862202
0.01862202
0.01862202
0.01779672
0.01706448
0.01706448
0.01706448
0.01706448
0.01706448
0.01706448
0.01573641
0.00693418
0.00693418
0.00693418
0.00958181
0.00958181
0.00958181
0.00958181
0.00958181
0.00973898
0.00973898
0.00973898
0.00973898
0.00973898
0.01073989
0.01073989
0.01073989
0.01073989
0.01073989
0.01073989
0.00909677
0.00909677
0.00909677
0.00909677
0.00909677
0.00909677
0.00909677
0.00909677
0.00909677
0.00909677
0.00928899
0.00928899
0.00965473
0.00965473
0.01545125
0.01545125
0.01545125
0.01545125
0.01545125
0.01545125
0.01651301
0.01651301
0.01651301
0.02826741
0.02826741
0.02826741
0.02156629
0.02156629
0.01196216
0.01196216
0.01196216
0.01196216
0.01196216
0.01196216
0.01196216
0.01196216
0.02053781
0.02053781
0.03230688
0.03230688
0.03230688
0.03069225
0.02510805
0.02510805
0.02510805
0.02510805
0.02510805
0.02363439
0.02363439
0.02363439
0.02363439
0.01764795
0.01340559
0.01340559
0.01340559
0.01340559
0.01340559
0.01340559
0.01340559
0.01340559
0.01340559
0.01340559
0.01365942
0.01365942
0.01365942
0.01365942
0.01365942
0.01365942
0.01100927
0.01100927
0.01100927
0.01100927
0.04608479
0.04888472
0.05187502
0.05187502
0.05187502
0.05012199
0.05012199
0.05012199
0.04297006
0.04235668
0.04188407
0.04188407
0.04188407
0.04265122
0.04486366
0.04751663
0.04853186
0.04853186
0.04853186
0.04280301
0.04280301
0.03009053
0.02641831
0.01889707
0.0152041
0.0152041
0.0152041
0.0152041
0.0152041
0.0152041
0.0152041
0.01452371
0.01452371
0.01452371
0.01176667
0.01176667
0.01176667
0.01447049
0.01866639
0.02106024
0.02409861
0.02409861
0.02409861
0.02083785
0.02083785
0.02083785
0.02083785
0.01548472
0.01548472
0.01548472
0.02120808
0.02176018
0.03012997
0.03012997
0.03012997
0.03012997
0.02808351
0.02808351
0.02330046
0.02330046
0.02330046
0.02330046
0.02330046
0.02330046
0.02330046
0.02330046
0.02330046
0.02086704
0.02086704
0.02086704
0.02128429
0.02128429
0.02128429
0.02128429
0.02128429
0.02476688
0.02513078
0.02513078
0.03051322
0.03051322
0.03051322
0.03051322
0.03051322
0.03051322
0.03051322
0.03051322
0.03051322
0.03051322
0.01789199
0.01789199
0.01789199
0.01789199
0.01792799
0.02055026
0.02055026
0.02055026
0.02055026
0.02055026
0.02055026
0.02055026
0.02055026
0.01947153
0.01947153
0.01947153
0.01947153
0.01947153
0.01947153
0.02205364
0.02205364
0.02205364
0.02205364
0.02205364
0.02205364
0.02205364
0.02205364
0.02205364
0.02205364
0.02205364
0.03050712
0.03050712
0.03050712
0.03050712
0.03050712
0.03050712
0.03050712
0.02809034
0.02809034
0.02809034
0.02116367
0.01957114
0.01957114
0.01957114
0.02535138
0.02535138
0.03761666
0.03761666
0.03761666
0.03427893
0.03281262
0.02032956
0.02032956
0.02032956
0.02130931
0.02173967
0.02259952
0.02259952
0.02625821
0.03115395
0.03452009
0.03464884
0.03464884
0.03504277
0.03504277
0.03504277
0.02716527
0.01869233
0.01869233
0.01869233
0.02004134
0.02283472
0.03234188
0.03234188
0.03234188
0.03205866
0.02307663
0.02307663
0.02307663
0.02307663
0.02307663
0.03146618
0.03841092
0.03900044
0.04002136
0.04002136
0.04002136
0.04618869
0.04618869
0.05800114
0.06522872
0.08134489
0.08134489
0.08134489
0.08152151
0.08152151
0.08152151
0.04141167
0.03018141
0.0216472
0.01376572
0.01376572
0.01376572
0.01376572
0.01391681
0.01391681
0.01391681
0.01391681
0.01391681
0.01704935
0.01975048
0.01975048
0.02096716
0.02096716
0.02096716
0.01922198
0.01753496
0.01753496
0.01753496
0.01753496
0.01621666
0.01621666
0.01621666
0.02072053
0.02072053
0.02072053
0.0354967
0.0354967
0.0354967
0.03144804
0.02262289
0.01815512
0.01798586
0.01521818
0.01521818
0.01521818
0.01343165
0.01141264
0.00773943
0.00773943
0.00773943
0.01620455
0.01620455
0.01620455
0.00955351
0.00822766
0.00521759
0.00521759
0.00521759
0.01410852
0.01410852
0.01410852
0.01410852
0.01410852
0.01332313
0.01255183
0.01092991
0.01092991
0.01092991
0.01220735
0.01220735
0.01220735
0.04010468
0.04010468
0.04010468
0.04010468
0.04010468
0.00702686
0.00702686
0.00306726
0.00255825
0.00255825
0.00255825
0.00255825
0.00255825
0.00255825
0.00255825
0.00255825
0.00105474
0.00105474
0.00105474
0.00105474
0.00105474
0.00105474
0.00105474
0.00013036
0.00013036
0.00013036
0.00013036
0.00013036
0.00013036
0.00013036
0.0
0.0
0.0
0.00249356
0.00249356
0.01010112
0.01533816
0.01881094
0.02070749
0.02070749
0.02070749
0.02070749
0.02070749
0.02445188
0.02621984
0.02621984
0.02621984
0.02621984
0.02621984
0.03381432
0.03420616
0.05774345
0.08095088
0.10350195
0.10350195
0.10350195
0.07369623
0.07369623
