0.20492443
0.14111013
0.20492443
0.20443004
0.20443004
0.17955167
0.17955167
0.17955167
0.12709883
0.12709883
0.12709883
0.12709883
0.12709883
0.12709883
0.12709883
0.12709883
0.12709883
0.12616589
0.12014513
0.12014513
0.12014513
0.12014513
0.12014513
0.12014513
0.12495204
0.13999254
0.13999254
0.14759012
0.14759012
0.15420396
0.24772492
0.24772492
0.24772492
0.23289841
0.23289841
0.23289841
0.23289841
0.23289841
0.23289841
0.23289841
0.22151367
0.22151367
0.22151367
0.22151367
0.22151367
0.22151367
0.22151367
0.22151367
0.22151367
0.19515514
0.19515514
0.18748514
0.18748514
0.18748514
0.18748514
0.18748514
0.18748514
0.18748514
0.18748514
0.18748514
0.18748514
0.18748514
0.18553475
0.18553475
0.18553475
0.18553475
0.18553475
0.18553475
0.18553475
0.18553475
0.18553475
0.18553475
0.18553475
0.18553475
0.15338478
0.15338478
0.15338478
0.15338478
0.15338478
0.15338478
0.15338478
0.15338478
0.16274901
0.17482237
0.18620316
0.18620316
0.18620316
0.18620316
0.18620316
0.18620316
0.15966729
0.15966729
0.12988296
0.12988296
0.12988296
0.12988296
0.12988296
0.12988296
0.16065225
0.16065225
0.16065225
0.13854105
0.13854105
0.13854105
0.13854105
0.14713711
0.14713711
0.14713711
0.14713711
0.14713711
0.16463064
0.16778639
0.16778639
0.16778639
0.11812251
0.09683868
0.09683868
0.09683868
0.09683868
0.09683868
0.09683868
0.10783857
0.10783857
0.10783857
0.10783857
0.10783857
0.10783857
0.10783857
0.11188241
0.11188241
0.11188241
0.07379353
0.07379353
0.07379353
0.08705479
0.10251099
0.10251099
0.10251099
0.10251099
0.08336305
0.08336305
0.08035836
0.07408323
0.07408323
0.07408323
0.07408323
0.0607185
0.04840374
0.04840374
0.04840374
0.04840374
0.04840374
0.0473851
0.0473851
0.0473851
0.0473851
0.0358526
0.0358526
0.01038855
0.01038855
0.01038855
0.0198226
0.0198226
0.0198226
0.0198226
0.0198226
0.0198226
0.01896863
0.01896863
0.01896863
0.04892675
0.04892675
0.04892675
0.0435732
0.03147727
0.03147727
0.03147727
0.03147727
0.02908276
0.02908276
0.02908276
0.02908276
0.02908276
0.02908276
0.02908276
0.02908276
0.02908276
0.02275572
0.02275572
0.02275572
0.02275572
0.02275572
0.0130673
0.0130673
0.0130673
0.02858692
0.02858692
0.04144821
0.04144821
0.04144821
0.02777681
0.01575974
0.01575974
0.01575974
0.01575974
0.01575974
0.01575974
0.01879976
0.02740668
0.02740668
0.05323258
0.05323258
0.05323258
0.05323258
0.05323258
0.05323258
0.05210541
0.05210541
0.05210541
0.06181264
0.07327498
0.07327498
0.09583362
0.09583362
0.11124756
0.11124756
0.11124756
0.08068828
0.08068828
0.08068828
0.08068828
0.08068828
0.08068828
0.08068828
0.08068828
0.08068828
0.08782391
0.11233042
0.11233042
0.14620504
0.14620504
0.14620504
0.10095855
0.10095855
0.10095855
0.10095855
0.10095855
0.10095855
0.10095855
0.10095855
0.10095855
0.10095855
0.10095855
0.10134333
0.10134333
0.10134333
0.10134333
0.10134333
0.10134333
0.10134333
0.10134333
0.11854456
0.14310391
0.14310391
0.14310391
0.08663995
0.08663995
0.08663995
0.11402787
0.11620236
0.11620236
0.11620236
0.11620236
0.11620236
0.10178579
0.10178579
0.08368883
0.08368883
0.08085875
0.08085875
0.08085875
0.1021079
0.1021079
0.1021079
0.1021079
0.1021079
0.1021079
0.1021079
0.1021079
0.1021079
0.08615262
0.08615262
0.08615262
0.08615262
0.08615262
0.08615262
0.08615262
0.08073099
0.08073099
0.08073099
0.08073099
0.08073099
0.08073099
0.08073099
0.08073099
0.08073099
0.08073099
0.07851731
0.07633706
0.05639607
0.05639607
0.05639607
0.05758199
0.05758199
0.05758199
0.05758199
0.05758199
0.05758199
0.05758199
0.04348951
0.04348951
0.04348951
0.06572959
0.09873114
0.12149296
0.12325041
0.12325041
0.12325041
0.12325041
0.12325041
0.10420043
0.10420043
0.05671384
0.05671384
0.05671384
0.05671384
0.06247068
0.06247068
0.06247068
0.06247068
0.06247068
0.06547277
0.06547277
0.06585398
0.07560612
0.07560612
0.07560612
0.07560612
0.08115245
0.08115245
0.08115245
0.08115245
0.11002379
0.11452895
0.11452895
0.11915632
0.14231604
0.14231604
0.14231604
0.14231604
0.16709856
0.19726675
0.19726675
0.19726675
0.19726675
0.35139283
0.35139283
0.35139283
0.35139283
0.35139283
0.31008769
0.31008769
0.31008769
0.31008769
0.31008769
0.19766287
0.18662204
0.18662204
0.18662204
0.18662204
0.18268851
0.18268851
0.18268851
0.18268851
0.13738534
0.13738534
0.13738534
0.16761906
0.18449907
0.21424835
0.21584181
0.21584181
0.21584181
0.21584181
0.21584181
0.14923597
0.14923597
0.14923597
0.14923597
0.14923597
0.14923597
0.14923597
0.16508661
0.16508661
0.16508661
0.16508661
0.16508661
0.16508661
0.16508661
0.16508661
0.16508661
0.16508661
0.16508661
0.15316574
0.15316574
0.15316574
0.15316574
0.1507811
0.1507811
0.1507811
0.13746732
0.13746732
0.13746732
0.18249424
0.18249424
0.18249424
0.11313179
0.11313179
0.11313179
0.11313179
0.11313179
0.1190102
0.1190102
0.1190102
0.09847638
0.09847638
0.09847638
0.10961389
0.10961389
0.10961389
0.10961389
0.10961389
0.10961389
0.11570807
0.11570807
0.11570807
0.11570807
0.11570807
0.13815935
0.13815935
0.13815935
0.13815935
0.13815935
0.13815935
0.13815935
0.13815935
0.13815935
0.12957012
0.12957012
0.12957012
0.11684989
0.11684989
0.11684989
0.13111504
0.13111504
0.13111504
0.09681087
0.09681087
0.09681087
0.15175606
0.15175606
0.15175606
0.15175606
0.15175606
0.14043397
0.14043397
0.14043397
0.14043397
0.13451293
0.13451293
0.10240651
0.10240651
0.10240651
0.10240651
0.09379396
0.07376033
0.07376033
0.07376033
0.07376033
0.07376033
0.07376033
0.07376033
0.07376033
0.07376033
0.07376033
0.07353206
0.06404694
0.06404694
0.06404694
0.06404694
0.05735896
0.05735896
0.05735896
0.05735896
0.05735896
0.05735896
0.05735896
0.05735896
0.05735896
0.05735896
0.03689506
0.03689506
0.03343893
0.02918668
0.02918668
0.02918668
0.02918668
0.02918668
0.02918668
0.02918668
0.02918668
0.02918668
0.02918668
0.00669465
0.00669465
0.00669465
0.03453326
0.03453326
0.04329837
0.04479631
0.04479631
0.05048421
0.05048421
0.05048421
0.03825836
0.01218403
0.01218403
0.01218403
0.01218403
0.01218403
0.01218403
0.0
0.0
0.0
0.00744964
0.02770405
0.0307183
0.0307183
0.0307183
0.0307183
0.0307183
0.00942092
0.00942092
0.00942092
0.00942092
0.00942092
0.00942092
0.00942092
0.00942092
0.01357556
0.01420476
0.02401485
0.02401485
0.02401485
0.02401485
0.02695995
0.02695995
0.02695995
0.02424456
0.02424456
0.02424456
0.02424456
0.02424456
0.02424456
0.02883498
0.02883498
0.02883498
0.02883498
0.02883498
0.02883498
0.02883498
0.02883498
0.02883498
0.02883498
0.02883498
0.02883498
0.03179958
0.0321882
0.03717405
0.03852061
0.03852061
0.03852061
0.03493253
0.03493253
0.03493253
0.03493253
0.03661141
0.07695722
0.07695722
0.07695722
0.06522618
0.06522618
0.06522618
0.07694915
0.08042296
0.08042296
0.08042296
0.08042296
0.08042296
0.08042296
0.0764587
0.0764587
0.0764587
0.0764587
0.0764587
0.0764587
0.10835398
0.10835398
0.10835398
0.10835398
0.10835398
0.10835398
0.10835398
0.0699758
0.0699758
0.0699758
0.0699758
0.09174358
0.09174358
0.09174358
0.09174358
0.09174358
0.09174358
0.09164648
0.08372799
0.08372799
0.08372799
0.09808368
0.09808368
0.09808368
0.122958
0.122958
0.122958
0.11221661
0.11221661
0.11221661
0.12181965
0.12181965
0.12212974
0.12212974
0.12212974
0.12212974
0.12404984
0.12839988
0.12839988
0.12839988
0.12839988
0.12839988
0.12839988
0.12839988
0.14016167
0.14016167
0.14016167
0.14555629
0.14555629
0.14555629
0.14555629
0.14555629
0.17055088
0.17055088
0.17055088
0.17055088
0.17055088
0.17055088
0.16606973
0.16606973
0.16606973
0.16606973
0.16606973
0.16606973
0.16606973
0.16606973
0.16606973
0.16606973
0.16606973
0.16606973
0.1699889
0.1699889
0.1699889
0.1699889
0.1699889
0.1463107
0.1463107
0.1463107
0.14223702
0.14223702
0.14223702
0.14223702
0.14223702
0.13325184
0.13325184
0.13325184
0.13325184
0.13325184
0.13325184
0.13325184
0.13325184
0.13359295
0.13359295
0.13359295
0.13359295
0.13359295
0.13359295
0.14642156
0.14642156
0.14642156
0.14642156
0.14642156
0.14642156
0.17777654
0.17777654
0.17777654
0.14986218
0.14986218
0.14986218
0.17097417
0.17097417
0.17097417
0.14407279
0.14407279
0.14407279
0.14407279
0.14407279
0.14407279
0.14407279
0.12709009
0.1186216
0.1186216
0.1186216
0.12619849
0.12689154
0.12689154
0.12689154
0.12689154
0.08850653
0.08850653
0.08850653
0.08850653
0.12260392
0.12260392
0.12260392
0.12260392
0.12260392
0.12260392
0.12260392
0.12260392
0.12260392
0.12260392
0.12260392
0.12260392
0.12260392
0.12260392
0.12260392
0.12260392
0.12260392
0.12260392
0.12260392
0.12260392
0.12260392
0.12260392
0.12260392
0.12260392
0.12260392
0.12260392
0.12260392
0.12260392
0.12260392
0.12260392
0.12260392
0.12260392
0.12260392
0.12260392
0.12260392
0.12260392
0.12260392
0.1167325
0.1167325
0.1167325
0.1167325
0.10963623
0.10963623
0.10963623
0.1215697
0.1215697
0.1215697
0.1215697
0.09258784
0.09258784
0.09258784
0.09258784
0.11352969
0.11352969
0.11352969
0.0730249
0.07119298
0.07119298
0.07119298
0.07380603
0.07642207
0.08896966
0.08896966
0.08896966
0.08896966
0.0957918
0.0957918
0.0957918
0.06783821
0.06783821
0.06783821
0.06783821
0.06783821
0.06783821
0.06783821
0.06783821
0.06783821
0.06783821
0.06783821
0.06783821
0.06783821
0.06783821
0.06183733
0.06183733
0.06183733
0.06183733
0.0601183
0.0601183
0.0601183
0.0601183
0.0471144
0.0471144
0.04368264
0.04368264
0.02793466
0.02793466
0.02793466
0.02793466
0.02793466
0.02793466
0.0288897
0.04974277
0.04974277
0.04974277
0.04974277
0.04974277
0.04152133
0.04152133
0.04152133
0.04152133
0.04152133
0.04152133
0.04152133
0.04390766
0.05305098
0.05305098
0.05305098
0.04173283
0.04173283
0.04173283
0.04173283
0.04173283
0.04173283
0.04173283
0.04173283
0.04173283
0.04173283
0.04173283
0.04173283
0.04173283
0.04173283
0.04173283
0.04173283
0.04173283
0.04173283
0.04173283
0.04173283
0.04173283
0.0510719
0.0510719
0.06892005
0.06892005
0.06892005
0.06892005
0.06892005
0.07608057
0.07608057
0.0947648
0.0947648
0.0947648
0.088697
0.088697
0.088697
0.088697
0.088697
0.088697
0.088697
0.088697
0.07494969
0.06296988
0.06296988
0.0500079
0.04468381
0.04468381
0.04468381
0.04468381
0.04468381
0.04468381
0.04468381
0.03609641
0.03609641
0.03609641
0.03609641
0.03754896
0.03754896
0.03754896
0.03754896
0.03754896
0.03754896
0.04416573
0.04416573
0.04416573
0.04416573
0.04416573
0.04416573
0.02944177
0.02944177
0.02944177
0.03874397
0.03874397
0.03874397
0.03874397
0.03496752
0.03496752
0.03496752
0.03496752
0.03496752
0.03496752
0.05283797
0.05283797
0.05283797
0.05283797
0.05283797
0.05283797
0.05283797
0.05283797
0.05283797
0.05283797
0.05283797
0.05283797
0.05283797
0.05283797
0.05283797
0.05283797
0.05283797
0.05283797
0.05283797
0.06087035
0.08468195
0.11166933
0.11166933
0.11166933
0.11166933
0.11166933
0.08482475
0.08482475
0.08482475
0.08482475
0.08482475
0.08482475
0.08482475
0.06995983
0.06995983
0.06995983
0.06995983
0.06995983
0.06995983
0.06995983
0.04251302
0.04251302
0.04251302
0.04251302
0.04251302
0.04251302
0.04251302
0.04251302
0.04251302
0.04251302
0.04251302
0.04251302
0.04251302
0.04251302
0.04251302
0.05138523
0.05138523
0.05138523
0.05138523
0.05138523
0.05138523
0.0634757
0.06889813
0.15238878
0.15238878
0.15238878
0.15238878
0.15238878
0.15238878
0.11270801
0.10022105
0.10022105
0.10022105
0.05628801
0.05628801
0.05628801
0.05628801
0.05628801
0.05628801
0.05628801
0.03311068
0.03311068
0.03311068
0.03953658
0.03953658
0.03953658
0.03953658
0.05257286
0.05257286
0.05257286
0.05257286
0.05257286
0.05257286
0.05257286
0.05257286
0.05257286
0.05257286
0.05420032
0.05534761
0.05534761
0.05534761
0.04988897
0.04988897
0.04988897
0.04988897
0.04988897
0.04988897
0.04988897
0.04988897
0.04988897
0.04259383
0.04259383
0.04259383
0.06886004
0.06886004
0.06886004
0.06947403
0.06947403
0.06947403
0.04705126
0.04491803
0.04491803
0.04491803
0.04491803
0.05709152
0.07588779
0.07588779
0.07588779
0.07588779
0.07588779
0.07588779
0.07588779
0.07588779
0.07588779
0.05356084
0.05356084
0.05356084
0.05356084
0.05356084
0.05356084
0.05356084
0.05356084
0.05356084
0.07379931
0.07379931
0.07379931
0.07379931
0.07379931
0.07379931
0.07379931
0.07379931
0.07379931
0.07379931
0.07379931
0.07379931
0.08641326
0.08641326
0.08641326
0.08641326
0.09573589
0.09573589
0.09573589
0.09403971
0.09403971
0.09403971
0.09403971
0.09403971
0.09403971
0.09403971
0.09403971
0.12427465
0.12427465
0.12427465
0.11959204
0.11959204
0.11353231
0.11353231
0.11353231
0.12001814
0.12951116
0.12951116
0.12951116
0.11733152
0.11733152
0.11733152
0.11733152
0.11733152
0.12325831
0.12325831
0.12325831
0.09984288
0.09984288
0.09984288
0.09984288
0.09984288
0.09984288
0.09984288
0.09984288
0.09984288
0.09984288
0.09984288
0.09984288
0.09984288
0.09984288
0.09984288
0.09984288
0.09984288
0.09516306
0.09516306
0.09082739
0.09037568
0.09037568
0.09037568
0.09277194
0.10480611
0.10480611
0.10480611
0.10480611
0.11934125
0.11934125
0.11934125
0.11934125
0.11934125
0.11640005
0.1101309
0.1101309
0.1101309
0.1101309
0.08517368
0.08517368
0.08517368
0.09693115
0.09693115
0.09693115
0.09693115
0.09693115
0.09693115
0.10065232
0.10065232
0.10065232
0.10065232
0.08059386
0.08059386
0.08059386
0.06319268
0.06319268
0.06319268
0.06319268
0.06319268
0.06319268
0.06546712
0.06546712
0.06546712
0.06546712
0.06546712
0.06546712
0.08260169
0.08260169
0.08260169
0.08260169
0.09355761
0.09355761
0.09355761
0.09355761
0.09355761
0.09355761
0.08227168
0.08227168
0.08227168
0.08227168
0.08227168
0.08227168
0.08227168
0.08780594
0.08780594
0.08887587
0.08887587
0.08887587
0.08887587
0.08973621
0.08973621
0.08973621
0.08973621
0.08973621
0.08973621
0.08973621
0.08973621
0.08973621
0.08973621
0.08973621
0.08973621
0.08973621
0.08973621
0.10023321
0.10023321
0.10023321
0.10023321
0.10023321
0.10251777
0.10251777
0.10251777
0.10251777
0.10251777
0.10251777
0.10251777
0.07476341
0.07476341
0.07476341
0.07013445
0.07013445
0.07013445
0.10124059
0.10124059
0.10124059
0.10124059
0.10124059
0.10124059
0.10124059
0.10124059
0.10124059
0.10124059
0.10124059
0.10124059
0.10124059
0.10124059
0.10124059
0.10124059
0.09756216
0.09756216
0.09756216
0.11191616
0.11191616
0.11191616
0.09934419
0.09934419
0.09934419
0.09934419
0.09934419
0.09236304
0.09236304
0.09236304
0.09060231
0.08900351
0.08900351
0.08900351
0.08900351
0.08900351
0.08900351
0.08900351
0.111649
0.111649
0.111649
0.111649
0.111649
0.111649
0.111649
0.17082852
0.17082852
0.17082852
0.17082852
0.10866414
0.08568656
0.08568656
0.08568656
0.12999934
0.12999934
0.12999934
0.12999934
0.12999934
0.12999934
0.12999934
0.12999934
0.12999934
0.12999934
0.12999934
0.08954117
0.08954117
0.08954117
0.10640172
0.1310259
0.1310259
0.1310259
0.1310259
0.11531414
0.11531414
0.11531414
0.11531414
0.11531414
0.11843466
0.14293267
0.14293267
0.14293267
0.14293267
0.14293267
0.14288285
0.14288285
0.1176023
0.1176023
0.1176023
0.16041234
0.16883255
0.18533262
0.18533262
0.18533262
0.15106676
0.15106676
0.15106676
0.15106676
0.15106676
0.15106676
0.15106676
0.15106676
0.15106676
0.15870245
0.28404442
0.28404442
0.28404442
0.18385851
0.14307955
0.14307955
0.11885692
0.11885692
0.11885692
0.10759123
0.10759123
0.10759123
0.11079307
0.11079307
0.12927236
0.12927236
0.12927236
0.12927236
0.12927236
0.12927236
0.12927236
0.12927236
0.12927236
0.12927236
0.12927236
0.11321978
0.11321978
0.08184013
0.08184013
0.08184013
0.08252748
0.12090271
0.12090271
0.12090271
0.09748069
0.09748069
0.09748069
0.09748069
0.12452627
0.12452627
0.12452627
0.12452627
0.12452627
0.12452627
0.10572086
0.10506006
0.10506006
0.10506006
0.10506006
0.10506006
0.10506006
0.10506006
0.10506006
0.10506006
0.10506006
0.10506006
0.10506006
0.10506006
0.10249158
0.10249158
0.10249158
0.10249158
0.10249158
0.10569867
0.10569867
0.10569867
0.10569867
0.10569867
0.10569867
0.10569867
0.10569867
0.14897333
0.14897333
0.14897333
0.14897333
0.14897333
0.14897333
0.14897333
0.13047405
0.11220604
0.11220604
0.11220604
0.12416301
0.12416301
0.12416301
0.12416301
0.12416301
0.17817355
0.17817355
0.17817355
0.13438215
0.13438215
0.13438215
0.14715533
0.14715533
0.14715533
0.14715533
0.14715533
0.14715533
0.14715533
0.14715533
0.14715533
0.14715533
0.14715533
0.12337232
0.12337232
0.12337232
0.12337232
0.12337232
0.12337232
0.12337232
0.12337232
0.12337232
0.12337232
0.12324009
0.11459817
0.11459817
0.11459817
0.11459817
0.11459817
0.11459817
0.11459817
0.11459817
0.11459817
0.1808402
0.1808402
0.1808402
0.15084289
0.15084289
0.13305006
0.13305006
0.13305006
0.13305006
0.13305006
0.13305006
0.13305006
0.13305006
0.13305006
0.13305006
0.14086519
0.14316753
0.14316753
0.14316753
0.14055732
0.14055732
0.14055732
0.14174195
0.14174195
0.14174195
0.14174195
0.14174195
0.33438644
0.33438644
0.33438644
0.33438644
0.33438644
0.33438644
0.33438644
0.19653043
0.17328733
0.17328733
0.17328733
0.17328733
0.17160101
0.17160101
0.17160101
0.17160101
0.17160101
0.17160101
0.17160101
0.21440285
0.21440285
0.21440285
0.19583907
0.12332729
0.12332729
0.12332729
0.12332729
0.12414274
0.14425425
0.14425425
0.14425425
0.14425425
0.14425425
0.14425425
0.14425425
0.14425425
0.14907256
0.14907256
0.17598876
0.17598876
0.30715524
0.30715524
0.30715524
0.30715524
0.30715524
0.30715524
0.17595922
0.13248533
0.13248533
0.13248533
0.16483432
0.16483432
0.16483432
0.16483432
0.16483432
0.17306104
0.17306104
0.17306104
0.17306104
0.17306104
0.17306104
0.12076142
0.10775109
0.10775109
0.10775109
0.10775109
0.10775109
0.13019215
0.13019215
0.16786134
0.19699749
0.19699749
0.19699749
0.18576569
0.18576569
0.18576569
0.19126943
0.19126943
0.19126943
0.19126943
0.19126943
0.19126943
0.19126943
0.19126943
0.19126943
0.19126943
0.19126943
0.19126943
0.16212631
0.16212631
0.16212631
0.16212631
0.16212631
0.16212631
0.16212631
0.16212631
0.16212631
0.16656665
0.16656665
0.16656665
0.16656665
0.16656665
0.16656665
0.16656665
0.16656665
0.26531204
0.26531204
0.26531204
0.26404509
0.26404509
0.24059592
0.24059592
0.24059592
0.18088854
0.18088854
0.15974489
0.15974489
0.15974489
0.15974489
0.14218497
0.14218497
0.14218497
0.14218497
0.14218497
0.14218497
0.14218497
0.28821418
0.28821418
0.28821418
0.17810867
0.17810867
0.17810867
0.17810867
0.17810867
0.15540949
0.15540949
0.15540949
0.15540949
0.15540949
0.15540949
0.15540949
0.15540949
0.15540949
0.15540949
0.12212486
0.12212486
0.11023881
0.11023881
0.11023881
0.11390929
0.11390929
0.11390929
0.13558156
0.16333736
0.16333736
0.16333736
0.16333736
0.16333736
0.16333736
0.12048364
0.12048364
0.12048364
0.12048364
0.12048364
0.12048364
0.13005648
0.13005648
0.13005648
0.13005648
0.13005648
0.13005648
0.13005648
0.13005648
0.13005648
0.13005648
0.13005648
0.13005648
0.13005648
0.13005648
0.13005648
0.13005648
0.13005648
0.09720089
0.09720089
0.09720089
0.09720089
0.09720089
0.09720089
0.10638982
0.10638982
0.10840378
0.15186649
0.15186649
0.15186649
0.15186649
0.15186649
0.1014869
0.1014869
0.1014869
0.11923626
0.11923626
0.11923626
0.11923626
0.11787109
0.11787109
0.11787109
0.11787109
0.11787109
0.11787109
0.11787109
0.08219336
0.08219336
0.08219336
0.08219336
0.08219336
0.08219336
0.08219336
0.08219336
0.08219336
0.08219336
0.08219336
0.08219336
0.08219336
0.07837521
0.07837521
0.07837521
0.07837521
0.07837521
0.07837521
0.07837521
0.07837521
0.07837521
0.07837521
0.07837521
0.07837521
0.09704409
0.09704409
0.09704409
0.09704409
0.09704409
0.09704409
0.04275107
0.04275107
0.04275107
0.06455513
0.06455513
0.06455513
0.10263193
0.10886719
0.1330492
0.1330492
0.18693173
0.20387238
0.20493992
0.2915865
0.41019506
0.50947346
0.50947346
0.50947346
0.36134187
0.36134187
0.36134187
0.34510639
0.34510639
0.34510639
0.37378775
0.37378775
0.37378775
0.23004494
0.23004494
0.23004494
0.26877136
0.26877136
0.26877136
0.26877136
0.1960916
0.15785424
0.15785424
0.15785424
0.21363004
0.21363004
0.21363004
0.21363004
0.15440594
0.12858919
0.12858919
0.12858919
0.12858919
0.12858919
0.15479282
0.16412451
0.18120148
0.28164905
0.28164905
0.34295331
0.64507117
0.67852427
0.67852427
0.67852427
0.6712338
0.63253913
0.63253913
0.63253913
0.70061296
0.70061296
0.70061296
0.60657612
0.60657612
0.60657612
0.60657612
0.44192319
0.38293949
0.38125467
0.38125467
0.38125467
0.38125467
0.40928005
0.40928005
0.40928005
0.40928005
0.37533063
0.26814215
0.26814215
0.26814215
0.25630785
0.25630785
0.25630785
0.25630785
0.25630785
0.25209408
0.25209408
0.25209408
0.25209408
0.25209408
0.25563908
0.28702296
0.29267347
0.29267347
0.29267347
0.29267347
0.29267347
0.29267347
0.29267347
0.29267347
0.29267347
0.29267347
0.29267347
0.25197752
0.25197752
0.25197752
0.25197752
0.21566477
0.21566477
0.21566477
0.24444345
0.24444345
0.24444345
0.24444345
0.24444345
0.21758578
0.21758578
0.21758578
0.21758578
0.23818517
0.23818517
0.23818517
0.23818517
0.23818517
0.26664683
0.26664683
0.26664683
0.26664683
0.26664683
0.26664683
0.11674526
0.11674526
0.11674526
0.11674526
0.12783102
0.14864602
0.14864602
0.14864602
0.14864602
0.14864602
0.14864602
0.14864602
0.17259788
0.17259788
0.17259788
0.17259788
0.17259788
0.17095085
0.17095085
0.17095085
0.17095085
0.17095085
0.17095085
0.17095085
0.13703532
0.11353636
0.11353636
0.11353636
0.14414744
0.14414744
0.14414744
0.14671233
0.14671233
0.14671233
0.14671233
0.14671233
0.14671233
0.13356046
0.1328627
0.1328627
0.1328627
0.14537504
0.14537504
0.14537504
0.14537504
0.15183005
0.25601396
0.25601396
0.37922017
0.37922017
0.37922017
0.37922017
0.25531774
0.25531774
0.25531774
0.25531774
0.25531774
0.25531774
0.25531774
0.25531774
0.25531774
0.25531774
0.22630119
0.22630119
0.22630119
0.24775987
0.45570963
0.45570963
0.45570963
0.45570963
0.44045567
0.15653554
0.11712417
0.11712417
0.11712417
0.11712417
0.11712417
0.11712417
0.11712417
0.11712417
0.11712417
0.11712417
0.19559597
0.19559597
0.19559597
0.19559597
0.19559597
0.19559597
0.27126369
0.32850303
0.32850303
0.32850303
0.25593066
0.25593066
0.25593066
0.35866011
0.35866011
0.35866011
0.29813662
0.24886329
0.17678635
0.17678635
0.17678635
0.13937159
0.13937159
0.13937159
0.17187268
0.17187268
0.17187268
0.17187268
0.28701621
0.36643425
0.36643425
0.36643425
0.29263938
0.29263938
0.29263938
0.29263938
0.29263938
0.29263938
0.29263938
0.29263938
0.29263938
0.29263938
0.3065647
0.3065647
0.3065647
0.3065647
0.27208435
0.27208435
0.27208435
0.318527
0.42188317
0.42188317
0.42188317
0.32262299
0.32262299
0.32262299
0.32262299
0.32262299
0.21921896
0.21921896
0.21921896
0.17054052
0.17054052
0.17054052
0.21133586
0.22443748
0.30732584
0.31181102
0.31181102
0.31181102
0.31181102
0.31181102
0.31181102
0.36283556
0.36283556
0.36283556
0.36283556
0.36283556
0.37723114
0.43467233
0.43467233
0.43467233
0.43467233
0.43467233
0.41918532
0.23388182
0.23388182
0.23388182
0.23388182
0.23388182
0.23388182
0.23388182
0.3470534
0.34862081
0.34862081
0.34862081
0.34862081
0.34862081
0.34862081
0.27899775
0.22563664
0.21224678
0.21224678
0.14836754
0.14836754
0.14836754
0.14836754
0.14836754
0.14836754
0.19318886
0.19318886
0.19318886
0.19318886
0.19318886
0.19318886
0.19318886
0.19318886
0.19318886
0.19318886
0.19033392
0.19033392
0.19033392
0.19033392
0.20712792
0.20712792
0.20712792
0.20712792
0.20712792
0.3333207
0.3333207
0.3333207
0.3333207
0.3333207
0.30370554
0.30370554
0.30370554
0.30370554
0.2483147
0.2483147
0.2483147
0.35115532
0.3586707
0.37924771
0.37924771
0.37924771
0.37924771
0.37924771
0.37924771
0.37924771
0.37924771
0.37924771
0.3566595
0.27508317
0.25946505
0.25946505
0.25946505
0.22949815
0.22949815
0.22949815
0.26197935
0.26197935
0.26197935
0.26197935
0.26197935
0.34477132
0.34477132
0.34477132
0.27642773
0.27642773
0.23788612
0.23788612
0.23788612
0.22730581
0.22730581
0.22730581
0.22730581
0.22730581
0.23769668
0.27894016
0.34773584
0.34773584
0.34773584
0.26879522
0.26879522
0.24212737
0.24212737
0.24212737
0.24212737
0.24212737
0.26685812
0.27240727
0.27240727
0.27240727
0.27240727
0.27240727
0.27240727
0.30399842
0.30399842
0.30399842
0.10014824
0.10014824
0.09720989
0.09720989
0.09720989
0.09720989
0.09720989
0.09720989
0.09720989
0.09720989
0.21975349
0.21975349
0.21975349
0.21975349
0.21975349
0.2217627
0.29834432
0.29834432
0.29834432
0.29834432
0.29834432
0.29834432
0.18629436
0.18629436
0.18629436
0.18629436
0.18629436
0.18629436
0.18369262
0.18369262
0.18085107
0.18085107
0.18085107
0.21817271
0.21817271
0.29122737
0.29122737
0.29122737
0.24509695
0.20830451
0.20636554
0.18122155
0.16535799
0.16535799
0.16535799
0.10742826
0.10287226
0.10287226
0.10287226
0.10287226
0.09865483
0.09865483
0.09865483
0.09865483
0.09865483
0.09865483
0.09865483
0.12697818
0.12697818
0.12697818
0.12697818
0.12697818
0.12697818
0.11300287
0.11300287
0.11300287
0.11300287
0.11300287
0.11300287
0.11300287
0.09754762
0.09754762
0.09754762
0.10598801
0.10730247
0.10730247
0.11134248
0.11134248
0.11134248
0.11134248
0.11134248
0.11134248
0.11134248
0.11134248
0.11134248
0.11134248
0.11134248
0.08504764
0.07892119
0.07892119
0.07892119
0.07892119
0.08042053
0.08042053
0.08042053
0.08042053
0.08042053
0.08042053
0.08042053
0.08042053
0.08042053
0.09771946
0.09771946
0.09771946
0.09771946
0.12056832
0.12056832
0.1419787
0.1419787
0.1419787
0.13034054
0.13034054
0.13034054
0.13034054
0.13034054
0.13034054
0.13034054
0.15338145
0.15338145
0.15338145
0.15338145
0.15864651
0.15864651
0.15864651
0.20911246
0.20911246
0.20911246
0.20673063
0.20673063
0.14361951
0.14361951
0.14361951
0.14361951
0.12375013
0.12375013
0.12375013
0.14146938
0.14146938
0.14146938
0.12059665
0.12059665
0.11204067
0.11204067
0.11204067
0.11204067
0.11204067
0.16077141
0.16077141
0.16077141
0.16077141
0.16077141
0.1840583
0.1840583
0.1840583
0.1840583
0.1840583
0.18623591
0.18623591
0.23477214
0.32702197
0.32702197
0.42153657
0.42307862
0.42307862
0.42307862
0.41457462
0.36852294
0.31189453
0.31189453
0.20306252
0.14676744
0.14676744
0.14676744
0.14676744
0.14676744
0.1547639
0.1547639
0.1547639
0.1547639
0.1547639
0.1547639
0.1547639
0.1547639
0.1547639
0.1547639
0.1547639
0.1547639
0.1547639
0.12829426
0.10734238
0.10734238
0.10734238
0.10734238
0.10734238
0.10734238
0.10734238
0.10734238
0.10734238
0.14637871
0.14637871
0.14637871
0.21559057
0.21559057
0.27743236
0.27743236
0.27743236
0.27743236
0.26419321
0.2246678
0.15875021
0.15875021
0.15875021
0.15875021
0.15875021
0.15875021
0.15875021
0.18535503
0.18535503
0.18535503
0.177044
0.14424981
0.14424981
0.14424981
0.14424981
0.13656816
0.13656816
0.13656816
0.12364297
0.12364297
0.12364297
0.13151115
0.13151115
0.26916742
0.26916742
0.26916742
0.28464292
0.28464292
0.28464292
0.26277484
0.26277484
0.26277484
0.25288893
0.25288893
0.20986133
0.20986133
0.20004381
0.20004381
0.20004381
0.20004381
0.20004381
0.19444905
0.19434904
0.19434904
0.18551461
0.18551461
0.18551461
0.19487722
0.19487722
0.19487722
0.19487722
0.19487722
0.19482475
0.19482475
0.19482475
0.16943215
0.16943215
0.16943215
0.16943215
0.16943215
0.16943215
0.16943215
0.16943215
0.16943215
0.16943215
0.16943215
0.16943215
0.17053686
0.17053686
0.17053686
0.17053686
0.17053686
0.14914681
0.14914681
0.14914681
0.15036395
0.15939672
0.15939672
0.15939672
0.15565595
0.15565595
0.15565595
0.14717657
0.14717657
0.14717657
0.14717657
0.132096
0.132096
0.132096
0.13298872
0.13298872
0.13298872
0.13298872
0.13298872
0.13298872
0.13298872
0.13298872
0.12820282
0.12820282
0.12820282
0.14751553
0.14751553
0.14751553
0.14751553
0.15249108
0.15249108
0.15249108
0.15249108
0.16179365
0.16179365
0.16179365
0.16179365
0.16179365
0.16179365
0.16179365
0.16179365
0.16179365
0.16179365
0.16179365
0.16179365
0.15781764
0.15781764
0.15781764
0.15781764
0.17922215
0.17922215
0.17922215
0.17922215
0.17922215
0.16325414
0.16325414
0.14738794
0.14738794
0.14738794
0.14738794
0.14738794
0.10430692
0.10430692
0.10430692
0.10430692
0.13535093
0.13535093
0.13535093
0.13535093
0.12457181
0.12457181
0.12030661
0.12030661
0.12030661
0.12030661
0.12030661
0.24741507
0.31396717
0.31396717
0.31396717
0.25765152
0.25765152
0.25765152
0.191659
0.18781557
0.18781557
0.18781557
0.133632
0.133632
0.133632
0.13907959
0.13907959
0.13907959
0.13907959
0.13907959
0.14278158
0.14278158
0.14278158
0.14278158
0.15110231
0.15110231
0.1804535
0.30208801
0.30208801
0.30208801
0.30208801
0.21496763
0.21496763
0.17336073
0.17336073
0.17336073
0.20776531
0.20776531
0.43416995
0.43416995
0.43416995
0.43416995
0.43416995
0.43416995
0.2938607
0.23319757
0.22558149
0.21866744
0.21816519
0.21816519
0.21816519
0.21816519
0.21816519
0.21816519
0.21816519
0.21816519
0.17044366
0.17044366
0.17044366
0.17044366
0.17044366
0.17044366
0.17044366
0.15318312
0.15318312
0.15318312
0.15318312
0.16277635
0.16277635
0.16277635
0.16277635
0.20066057
0.20066057
0.20066057
0.24918826
0.24918826
0.24918826
0.24918826
0.24918826
0.24918826
0.24611399
0.24611399
0.24611399
0.24611399
0.24611399
0.24611399
0.24611399
0.24611399
0.24611399
0.24611399
0.3849078
0.4342954
0.4342954
0.4342954
0.39993709
0.32860707
0.25885859
0.25885859
0.25183551
0.25183551
0.25183551
0.25183551
0.25183551
0.25183551
0.21280222
0.18072358
0.16447997
0.16447997
0.16447997
0.26805604
0.31348715
0.31348715
0.31348715
0.30163181
0.30163181
0.30163181
0.30163181
0.21980108
0.21980108
0.21980108
0.22044271
0.22044271
0.22044271
0.22044271
0.22044271
0.22044271
0.22044271
0.22044271
0.37175857
0.37175857
0.37175857
0.34360722
0.34360722
0.34360722
0.34360722
0.34360722
0.32857315
0.32857315
0.08374866
0.08374866
0.08374866
0.09855035
0.17687544
0.17687544
0.17687544
0.20506129
0.23611389
0.23611389
0.23611389
0.24146194
0.24146194
0.24146194
0.24146194
0.24146194
0.24146194
0.24146194
0.24146194
0.20115173
0.20115173
0.20115173
0.20115173
0.20115173
0.08591588
0.08591588
0.08591588
0.09731488
0.09731488
0.09731488
0.09731488
0.09731488
0.09731488
0.10210311
0.10210311
0.10210311
0.10210311
0.17523597
0.19603114
0.29273066
0.29273066
0.29273066
0.22379154
0.22379154
0.20880562
0.20408059
0.20408059
0.20408059
0.20408059
0.12390999
0.12390999
0.12390999
0.17021914
0.20248101
0.20248101
0.20248101
0.2583698
0.2583698
0.2583698
0.2583698
0.2694029
0.2694029
0.2694029
0.16540326
0.1590171
0.1590171
0.1590171
0.20966106
0.20966106
0.20966106
0.20966106
0.20966106
0.30167944
0.34360275
0.34360275
0.34360275
0.24028763
0.24028763
0.24028763
0.29675215
0.29675215
0.29675215
0.29675215
0.29675215
0.29675215
0.29675215
0.22676312
0.22676312
0.22676312
0.22676312
0.17596053
0.17596053
0.12475027
0.12475027
0.12475027
0.15820936
0.16784874
0.16784874
0.16784874
0.28402734
0.28402734
0.28402734
0.28402734
0.32661255
0.35091707
0.38547901
0.43637486
0.43637486
0.43637486
0.43637486
0.43637486
0.4399887
0.50080601
0.50080601
0.50080601
0.50080601
0.50080601
0.50080601
0.52199131
0.52199131
0.52199131
0.52199131
0.52199131
0.52199131
0.52061974
0.52061974
0.52061974
0.81165189
0.81165189
0.81165189
0.81165189
0.81165189
0.69489151
0.69489151
0.61421838
0.42376427
0.42376427
0.42376427
0.42376427
0.47545214
0.47545214
0.47545214
0.47545214
0.28687691
0.28230976
0.28230976
0.28230976
0.28230976
0.28230976
0.28230976
0.25976833
0.25976833
0.25976833
0.23794136
0.23794136
0.23794136
0.23794136
0.16408807
0.16408807
0.16408807
0.16408807
0.16408807
0.16408807
0.16758186
0.16758186
0.16758186
0.16758186
0.16758186
0.17923576
0.17923576
0.17923576
0.21728861
0.25124387
0.25124387
0.25124387
0.41001417
0.41001417
0.41001417
0.26792668
0.26792668
0.26792668
0.24264634
0.24264634
0.22903432
0.21879797
0.20375322
0.20375322
0.20375322
0.30201072
0.30201072
0.30201072
0.26309737
0.26309737
0.26309737
0.26309737
0.16295783
0.14583343
0.14075187
0.14075187
0.14075187
0.14075187
0.15673863
0.15673863
0.15673863
0.13990245
0.13990245
0.13990245
0.09371611
0.09371611
0.09371611
0.12565268
0.12565268
0.12565268
0.12565268
0.12565268
0.12565268
0.12565268
0.12565268
0.11654992
0.11566299
0.11566299
0.11566299
0.11566299
0.11566299
0.11566299
0.13407212
0.13407212
0.13407212
0.11624108
0.11624108
0.11624108
0.11624108
0.11624108
0.11624108
0.11624108
0.11624108
0.11624108
0.11624108
0.11624108
0.11624108
0.11624108
0.11624108
0.11624108
0.10747567
0.09986224
0.09986224
0.09986224
0.09986224
0.09986224
0.09986224
0.09986224
0.09986224
0.09986224
0.09986224
0.09986224
0.07239623
0.07239623
0.07239623
0.07617006
0.07617006
0.07617006
0.07617006
0.07617006
0.07617006
0.07617006
0.07617006
0.07617006
0.08704062
0.08704062
0.08704062
0.08704062
0.08704062
0.08704062
0.09325573
0.09325573
0.09325573
0.09095515
0.09095515
0.09095515
0.09095515
0.08696143
0.08551119
0.08551119
0.08551119
0.08551119
0.08551119
0.08551119
0.08551119
0.10753694
0.10753694
0.10753694
0.10753694
0.10753694
0.10753694
0.08950847
0.08950847
0.08950847
0.09465161
0.09465161
0.09465161
0.09465161
0.07576985
0.07576985
0.07576985
0.0952992
0.11693902
0.11693902
0.11693902
0.0875181
0.07902007
0.07902007
0.07902007
0.07902007
0.07902007
0.10185071
0.10185071
0.10505804
0.10505804
0.10505804
0.14093103
0.14093103
0.14093103
0.08766563
0.08766563
0.08080459
0.08080459
0.08080459
0.0837971
0.0837971
0.09474206
0.09776378
0.18365427
0.18365427
0.18365427
0.15083063
0.12253106
0.10848153
0.10848153
0.10848153
0.10848153
0.10848153
0.10848153
0.10848153
0.10848153
0.10926814
0.10926814
0.10926814
0.10926814
0.11114384
0.11114384
0.11985437
0.11985437
0.11985437
0.11985437
0.12077793
0.12077793
0.12077793
0.12077793
0.12641132
0.12641132
0.13696851
0.13696851
0.16050384
0.16050384
0.16050384
0.16050384
0.16050384
0.16050384
0.16050384
0.16050384
0.16050384
0.16050384
0.16050384
0.16050384
0.16110859
0.16110859
0.16110859
0.16110859
0.16110859
0.15205524
0.15205524
0.15205524
0.15205524
0.21888826
0.21888826
0.21888826
0.16868142
0.1440055
0.1440055
0.1440055
0.1440055
0.1440055
0.1440055
0.1440055
0.12902775
0.12902775
0.12902775
0.12902775
0.12902775
0.12902775
0.13614613
0.13614613
0.13614613
0.13725191
0.13725191
0.13725191
0.19757819
0.19757819
0.19757819
0.17409614
0.16326563
0.16326563
0.16326563
0.16587988
0.17311704
0.17311704
0.17311704
0.17311704
0.16539651
0.16539651
0.16539651
0.16539651
0.16229084
0.16229084
0.16229084
0.16229084
0.16229084
0.16229084
0.16229084
0.1514317
0.1514317
0.1514317
0.1514317
0.1514317
0.17167366
0.31967458
0.56575162
0.56575162
0.56575162
0.55962658
0.49080262
0.49080262
0.46220053
0.36111018
0.36111018
0.36111018
0.36947178
0.37441886
0.41793176
0.47871754
0.47871754
0.47871754
0.42615323
0.40189505
0.3194556
0.3194556
0.3194556
0.32200057
0.32200057
0.32200057
0.32200057
0.32200057
0.26781497
0.26781497
0.26781497
0.26781497
0.26781497
0.27496339
0.27496339
0.27496339
0.27496339
0.27496339
0.27496339
0.27496339
0.27496339
0.27496339
0.27496339
0.27496339
0.27496339
0.27496339
0.27496339
0.22458127
0.20732526
0.20732526
0.20732526
0.20732526
0.19028169
0.19028169
0.19028169
0.16778049
0.16778049
0.14938867
0.14743606
0.14743606
0.14743606
0.14743606
0.14743606
0.14743606
0.14743606
0.14743606
0.14743606
0.14743606
0.16221029
0.16221029
0.21394273
0.23495866
0.23495866
0.37505354
0.37505354
0.37505354
0.32914638
0.32914638
0.32914638
0.32914638
0.32914638
0.22872448
0.20124275
0.1378201
0.12004743
0.12004743
0.12004743
0.12004743
0.14558595
0.16462295
0.16462295
0.16462295
0.14830863
0.14830863
0.14830863
0.1662105
0.16940418
0.18174105
0.18174105
0.18174105
0.18174105
0.18174105
0.18174105
0.18390479
0.18390479
0.18390479
0.18390479
0.18390479
0.15255419
0.15255419
0.15255419
0.15255419
0.15255419
0.15255419
0.15255419
0.15255419
0.15255419
0.15255419
0.1817677
0.1817677
0.1817677
0.14992927
0.11709971
0.09904015
0.09904015
0.09446083
0.09446083
0.09446083
0.10529086
0.10529086
0.15690649
0.15690649
0.15690649
0.15690649
0.15690649
0.15690649
0.15690649
0.14987622
0.14987622
0.14987622
0.14510903
0.14510903
0.14510903
0.11504902
0.11504902
0.11504902
0.11504902
0.11504902
0.11504902
0.11504902
0.1163178
0.12852413
0.13906472
0.13906472
0.13906472
0.13050333
0.13050333
0.13050333
0.13050333
0.13050333
0.13050333
0.13050333
0.13050333
0.13050333
0.11984466
0.11984466
0.11984466
0.11984466
0.11478829
0.11478829
0.11478829
0.11478829
0.11478829
0.11478829
0.11478829
0.11478829
0.11478829
0.11478829
0.11785381
0.11785381
0.11785381
0.11785381
0.122351
0.13218432
0.16454725
0.16454725
0.16454725
0.16454725
0.16461477
0.16461477
0.19176316
0.19176316
0.19176316
0.19176316
0.19176316
0.19176316
0.15107694
0.15107694
0.14390626
0.14390626
0.14390626
0.24241536
0.25530931
0.25530931
0.25530931
0.25530931
0.24167422
0.24167422
0.24167422
0.27702265
0.32310794
0.32310794
0.32310794
0.17262246
0.17262246
0.17262246
0.15988866
0.15586177
0.15586177
0.15586177
0.15586177
0.14552953
0.14552953
0.14552953
0.14552953
0.14552953
0.14552953
0.14552953
0.14552953
0.14552953
0.14552953
0.14552953
0.14552953
0.14552953
0.14552953
0.14552953
0.17857897
0.17857897
0.17857897
0.16332154
0.16332154
0.14461933
0.12719934
0.12719934
0.12719934
0.12719934
0.11716613
0.11716613
0.10455854
0.10455854
0.10455854
0.10455854
0.10455854
0.10548227
0.10999339
0.12974676
0.12974676
0.12974676
0.11500405
0.11500405
0.11500405
0.11500405
0.11500405
0.11500405
0.1579847
0.15799403
0.19686726
0.19686726
0.19686726
0.19686726
0.16199
0.16199
0.16199
0.16199
0.20236003
0.22851284
0.22851284
0.22851284
0.65830972
0.71037189
0.71037189
0.71037189
0.71037189
0.75148782
0.79664555
0.79664555
0.79664555
0.77574628
0.67859426
0.67859426
0.67859426
0.67859426
0.69907783
0.7481418
0.7481418
0.7481418
0.80183358
0.82648169
1.0
1.0
1.0
1.0
0.70448817
0.70448817
0.70448817
0.70448817
0.70448817
0.70448817
0.70448817
0.6914659
0.62114305
0.51143768
0.51143768
0.51143768
0.48638388
0.48638388
0.48638388
0.4965156
0.56247381
0.56247381
0.56247381
0.56247381
0.56247381
0.33105444
0.32830378
0.30789789
0.26282444
0.26282444
0.26282444
0.26282444
0.26282444
0.26282444
0.26282444
0.26282444
0.26282444
0.20219175
0.20219175
0.20219175
0.20924973
0.20924973
0.20924973
0.2065364
0.14941689
0.14528769
0.14528769
0.14528769
0.14528769
0.14528769
0.13289787
0.13289787
0.13289787
0.13289787
0.13289787
0.16630665
0.16630665
0.16630665
0.12083228
0.12083228
0.12083228
0.12083228
0.12083228
0.12083228
0.12305078
0.13552311
0.13552311
0.13552311
0.13552311
0.13552311
0.13552311
0.14778795
0.14778795
0.14778795
0.14778795
0.14778795
0.11169119
0.11169119
0.11169119
0.11169119
0.17801392
0.17801392
0.17801392
0.17801392
0.14496833
0.12709643
0.12709643
0.12709643
0.12709643
0.12709643
0.12709643
0.12709643
0.13168859
0.14394332
0.14394332
0.14394332
0.13709581
0.13709581
0.13709581
0.14427534
0.14427534
0.14427534
0.14427534
0.14572063
0.15479121
0.15479121
0.15479121
0.15479121
0.15479121
0.15479121
0.15479121
0.15479121
0.15479121
0.15479121
0.15479121
0.15479121
0.15479121
0.15479121
0.15479121
0.15479121
0.15781345
0.15781345
0.15781345
0.15781345
0.15781345
0.16715458
0.16715458
0.16715458
0.16445724
0.15786896
0.15786896
0.15786896
0.17829126
0.17911968
0.17911968
0.17911968
0.17911968
0.16151648
0.16151648
0.16151648
0.16151648
0.16151648
0.16151648
0.16151648
0.1623747
0.1623747
0.1623747
0.1623747
0.1623747
0.1623747
0.1623747
0.1623747
0.1623747
0.14149978
0.14149978
0.14149978
0.11394792
0.10984229
0.10984229
0.10984229
0.11452526
0.12513622
0.12513622
0.12513622
0.14576439
0.14631729
0.14631729
0.14631729
0.10751239
0.10108661
0.10108661
0.10108661
0.10652435
0.12751632
0.14490529
0.21889404
0.21889404
0.21889404
0.15931028
0.15931028
0.15931028
0.15931028
0.15931028
0.12127017
0.12127017
0.12127017
0.12127017
0.12669508
0.12669508
0.12669508
0.12669508
0.12367435
0.09399481
0.09399481
0.09399481
0.09399481
0.10622145
0.10622145
0.10622145
0.10622145
0.10622145
0.10622145
0.10622145
0.10622145
0.10622145
0.10622145
0.10622145
0.13489849
0.13489849
0.13489849
0.13489849
0.13489849
0.13489849
0.13489849
0.13489849
0.13372401
0.13372401
0.13372401
0.13372401
0.16651777
0.21670713
0.21670713
0.21670713
0.21670713
0.21670713
0.21285799
0.14512797
0.14135326
0.14135326
0.14135326
0.14933107
0.14933107
0.14933107
0.14933107
0.14933107
0.14933107
0.14933107
0.16152743
0.16152743
0.16152743
0.16152743
0.16152743
0.19995879
0.19995879
0.24584716
0.24584716
0.24584716
0.24584716
0.24584716
0.24584716
0.24584716
0.41731637
0.41731637
0.41731637
0.37096235
0.37096235
0.26186012
0.26186012
0.26186012
0.26186012
0.26186012
0.26186012
0.26186012
0.26186012
0.26186012
0.30444025
0.30444025
0.30444025
0.24058352
0.24058352
0.15766004
0.15766004
0.15766004
0.15766004
0.15766004
0.15766004
0.15766004
0.15766004
0.15766004
0.15766004
0.15766004
0.15766004
0.15766004
0.15766004
0.15766004
0.15766004
0.15766004
0.15766004
0.15766004
0.15766004
0.15766004
0.15766004
0.15766004
0.17291626
0.17291626
0.17291626
0.1727921
0.1670892
0.1670892
0.1670892
0.1670892
0.15493578
0.15493578
0.15493578
0.15493578
0.15493578
0.15493578
0.17253529
0.17253529
0.17253529
0.16576697
0.16576697
0.16576697
0.18740295
0.2159865
0.2159865
0.272192
0.28102789
0.28102789
0.28102789
0.22307356
0.22307356
0.22307356
0.22307356
0.22307356
0.22307356
0.21124784
0.20807594
0.13952132
0.13952132
0.13952132
0.13952132
0.14944681
0.14944681
0.16761682
0.16761682
0.16761682
0.16761682
0.16761682
0.16761682
0.16761682
0.16761682
0.16134851
0.16134851
0.16134851
0.16134851
0.27113934
0.30260256
0.30260256
0.30260256
0.30260256
0.30260256
0.3549874
0.3549874
0.35797391
0.35797391
0.35797391
0.29351401
0.27298484
0.27298484
0.27298484
0.27298484
0.25018704
0.2303137
0.2303137
0.2303137
0.24321005
0.24321005
0.24321005
0.24321005
0.24321005
0.2467999
0.2467999
0.2467999
0.2467999
0.2467999
0.2467999
0.25592357
0.25653196
0.25845365
0.27479993
0.27740313
0.29800431
0.29800431
0.34460091
0.34460091
0.34460091
0.356475
0.356475
0.356475
0.350243
0.33697524
0.30626772
0.26449807
0.23098846
0.20198182
0.20198182
0.20198182
0.1385344
0.1385344
0.13505273
0.13211614
0.13211614
0.13211614
0.13211614
0.14887968
0.14887968
0.17619879
0.17619879
0.17619879
0.14906468
0.14906468
0.14906468
0.14906468
0.16786129
0.16786129
0.16786129
0.16786129
0.17322994
0.17322994
0.17322994
0.14379093
0.14379093
0.14379093
0.14379093
0.14379093
0.1368017
0.1275495
0.12075059
0.12075059
0.12075059
0.12464645
0.12464645
0.12506469
0.12506469
0.14904256
0.15549523
0.16421905
0.16421905
0.16421905
0.19010271
0.19010271
0.20701756
0.20701756
0.20701756
0.20701756
0.20701756
0.20701756
0.22796234
0.22796234
0.22796234
0.22796234
0.22796234
0.22796234
0.22796234
0.22796234
0.27715576
0.27715576
0.27715576
0.29840326
0.34049641
0.34049641
0.39474128
0.39474128
0.39474128
0.38654073
0.38654073
0.32430149
0.32430149
0.32430149
0.28281033
0.28281033
0.28281033
0.24324642
0.24324642
0.24324642
0.24324642
0.18187443
0.18187443
0.18187443
0.18187443
0.18187443
0.18187443
0.21382074
0.2394557
0.2394557
0.2394557
0.2394557
0.2394557
0.2394557
0.2394557
0.23682379
0.23682379
0.23682379
0.23682379
0.23682379
0.2039806
0.20326798
0.19738098
0.19120892
0.16246135
0.16246135
0.16246135
0.16246135
0.16246135
0.16246135
0.16246135
0.16246135
0.20485649
0.26068101
0.26068101
0.26068101
0.25516692
0.25516692
0.25516692
0.26254602
0.29435759
0.29435759
0.29435759
0.27214248
0.26854237
0.26854237
0.26313644
0.26313644
0.26313644
0.3069969
0.33844807
0.34897372
0.35444928
0.35444928
0.35444928
0.35444928
0.26815474
0.26815474
0.26815474
0.26815474
0.26815474
0.26815474
0.268891
0.268891
0.268891
0.268891
0.268891
0.268891
0.21207903
0.21207903
0.21207903
0.21207903
0.20664396
0.18515267
0.18515267
0.18515267
0.18515267
0.18515267
0.18793786
0.18793786
0.18991901
0.18991901
0.21701709
0.21701709
0.21701709
0.22147935
0.22614665
0.23117675
0.23213016
0.23213016
0.2492289
0.2492289
0.2492289
0.2492289
0.2492289
0.2165101
0.2165101
0.2165101
0.19192382
0.19192382
0.19192382
0.19192382
0.19192382
0.19192382
0.19192382
0.19192382
0.17378849
0.17378849
0.17378849
0.17378849
0.17378849
0.17378849
0.17378849
0.17378849
0.17378849
0.22620526
0.22620526
0.22620526
0.24765573
0.29054104
0.29054104
0.29054104
0.29054104
0.29054104
0.29054104
0.29054104
0.22121969
0.18530941
0.18158457
0.18158457
0.18158457
0.19992843
0.22173079
0.22173079
0.22173079
0.22173079
0.22173079
0.2238007
0.2238007
0.2238007
0.2238007
0.2238007
0.2238007
0.2238007
0.2238007
0.2238007
0.21419626
0.13537168
0.13537168
0.13537168
0.13537168
0.13537168
0.13537168
0.13537168
0.13537168
0.13537168
0.13537168
0.13537168
0.13537168
0.13537168
0.17499365
0.17499365
0.17499365
0.14778273
0.14778273
0.14778273
0.14778273
0.14778273
0.14778273
0.12205829
0.12205829
0.12205829
0.13218265
0.13218265
0.14274842
0.1429917
0.1429917
0.1429917
0.1429917
0.1429917
0.13931325
0.13931325
0.13931325
0.13931325
0.13931325
0.13931325
0.13199832
0.13199832
0.13199832
0.13353596
0.13353596
0.13353596
0.13353596
0.13959677
0.13959677
0.13959677
0.13959677
0.13959677
0.13959677
0.1141601
0.1141601
0.1141601
0.1141601
0.1141601
0.14048399
0.14048399
0.14048399
0.12380016
0.12380016
0.12380016
0.12380016
0.12380016
0.12380016
0.12380016
0.12380016
0.12380016
0.12380016
0.12380016
0.12380016
0.12380016
0.12380016
0.12380016
0.12380016
0.12380016
0.12380016
0.12380016
0.12380016
0.12380016
0.12380016
0.12380016
0.12380016
0.13433259
0.13433259
0.15525948
0.16132762
0.16132762
0.16132762
0.16451409
0.16451409
0.16451409
0.16451409
0.16451409
0.16451409
0.16451409
0.16451409
0.16451409
0.16451409
0.13770613
0.13770613
0.13770613
0.17029154
0.17029154
0.17029154
0.17029154
0.162252
0.162252
0.162252
0.162252
0.20643379
0.2174084
0.2174084
0.2174084
0.2174084
0.2174084
0.2174084
0.20339984
0.20339984
0.20339984
0.15328097
0.15328097
0.15328097
0.15328097
0.15328097
0.15328097
0.15328097
0.18036978
0.18036978
0.18036978
0.18036978
0.18036978
0.18036978
0.18036978
0.13244825
0.13244825
0.13244825
0.169141
0.169141
0.169141
0.169141
0.169141
0.1520966
0.1520966
0.1520966
0.12069647
0.12069647
0.12069647
0.12069647
0.12069647
0.15315385
0.15315385
0.15315385
0.15315385
0.15315385
0.15315385
0.15315385
0.15315385
0.15315385
0.15315385
0.15315385
0.17404363
0.17404363
0.17404363
0.17404363
0.15143596
0.15143596
0.15143596
0.15143596
0.15143596
0.15143596
0.15143596
0.16910264
0.16910264
0.18355262
0.18355262
0.18355262
0.17325438
0.17325438
0.17325438
0.17325438
0.13787121
0.12756176
0.12756176
0.12756176
0.12756176
0.12756176
0.1331603
0.1331603
0.1331603
0.15667126
0.15667126
0.15667126
0.15667126
0.15667126
0.15667126
0.15667126
0.15119146
0.15119146
0.15119146
0.15272027
0.21408907
0.31145891
0.31145891
0.31145891
0.31145891
0.31145891
0.17238471
0.154398
0.154398
0.154398
0.154398
0.154398
0.154398
0.17291174
0.17291174
0.17291174
0.17291174
0.17291174
0.17291174
0.19917295
0.19917295
0.19917295
0.19917295
0.19917295
0.19917295
0.19917295
0.2007148
0.2007148
0.2007148
0.2007148
0.2007148
0.2007148
0.2007148
0.19010506
0.19010506
0.19010506
0.19010506
0.19010506
0.19010506
0.19781166
0.22285922
0.22285922
0.22285922
0.14287485
0.14287485
0.14287485
0.14287485
0.1245034
0.1245034
0.1245034
0.18331138
0.18331138
0.18331138
0.18331138
0.18331138
0.14614558
0.14614558
0.14307738
0.14307738
0.14307738
0.13668296
0.13668296
0.11673098
0.11561376
0.11561376
0.11561376
0.11561376
0.11561376
0.11561376
0.11561376
0.11561376
0.11561376
0.11561376
0.07158432
0.07158432
0.07158432
0.07158432
0.07158432
0.07158432
0.07158432
0.07158432
0.0924483
0.0924483
0.09982974
0.09982974
0.11441483
0.11441483
0.11441483
0.11441483
0.11558803
0.11558803
0.11558803
0.11558803
0.11128559
0.11128559
0.11128559
0.12069174
0.12142098
0.12142098
0.12142098
0.12142098
0.12142098
0.12142098
0.12142098
0.12142098
0.12142098
0.12142098
0.09259429
0.09259429
0.09134058
0.09134058
0.09134058
0.09939366
0.09939366
0.09939366
0.09289585
0.09289585
0.09289585
0.08824029
0.08824029
0.08824029
0.08824029
0.08824029
0.08437718
0.08437718
0.08437718
0.08437718
0.08437718
0.08437718
0.08437718
0.08437718
0.06691489
0.06691489
0.06691489
0.07974433
0.07974433
0.07974433
0.08404964
0.08404964
0.08404964
0.08404964
0.08404964
0.08404964
0.07993364
0.07993364
0.07993364
0.07993364
0.07993364
0.07993364
0.07993364
0.07993364
0.07993364
0.07993364
0.07993364
0.07993364
0.10235497
0.10235497
0.10406554
0.11260208
0.11260208
0.11260208
0.11260208
0.11260208
0.11260208
0.10667296
0.10667296
0.10667296
0.10667296
0.10667296
0.10667296
0.10667296
0.12633055
0.12633055
0.12633055
0.12633055
0.12633055
0.12633055
0.12633055
0.12633055
0.12633055
0.12633055
0.12633055
0.12633055
0.12633055
0.12633055
0.12633055
0.12633055
0.12633055
0.12633055
0.12633055
0.13379958
0.15757821
0.15757821
0.15757821
0.14358079
0.14358079
0.14358079
0.14848746
0.15051048
0.15051048
0.15051048
0.13695378
0.13695378
0.13695378
0.13695378
0.09899487
0.09899487
0.09525853
0.09525853
0.0747602
0.0747602
0.0747602
0.08392015
0.08392015
0.09391155
0.09391155
0.09391155
0.09391155
0.09391155
0.09391155
0.09683106
0.09683106
0.09683106
0.07775864
0.07775864
0.07775864
0.07775864
0.07775864
0.07775864
0.07775864
0.07775864
0.08175925
0.08178265
0.08178265
0.08178265
0.07900745
0.07900745
0.07900745
0.07926407
0.07926407
0.07926407
0.07926407
0.07926407
0.07926407
0.07926407
0.07926407
0.07926407
0.07926407
0.07926407
0.07994475
0.07994475
0.07994475
0.07994654
0.07994654
0.07994654
0.1123154
0.1123154
0.1123154
0.1123154
0.1123154
0.1123154
0.10072899
0.10072899
0.10072899
0.10072899
0.10072899
0.10072899
0.10072899
0.10072899
0.10072899
0.08095121
0.08095121
0.08095121
0.08095121
0.08095121
0.08095121
0.08095121
0.10157064
0.10157064
0.10157064
0.10157064
0.10157064
0.10157064
0.1078033
0.1078033
0.1078033
0.09086394
0.09086394
0.09086394
0.09086394
0.09086394
0.09086394
0.09086394
0.10580762
0.10580762
0.10580762
0.10580762
0.11421698
0.11421698
0.11421698
0.11421698
0.11421698
0.11421698
0.10985114
0.10985114
0.10985114
0.11013994
0.11013994
0.11472431
0.11472431
0.11472431
0.11472431
0.11472431
0.11472431
0.12078755
0.12078755
0.12078755
0.12078755
0.12078755
0.12078755
0.12078755
0.12078755
0.12078755
0.12078755
0.12078755
0.12078755
0.12078755
0.12078755
0.12069903
0.12069903
0.12069903
0.12069903
0.12069903
0.12069903
0.13018432
0.16047945
0.16047945
0.16047945
0.16047945
0.16047945
0.13372677
0.13372677
0.13372677
0.13372677
0.13372677
0.13372677
0.13531578
0.13531578
0.13531578
0.13531578
0.13740601
0.13740601
0.13740601
0.13740601
0.13740601
0.13740601
0.13740601
0.13740601
0.13740601
0.13740601
0.13740601
0.14326877
0.14326877
0.14326877
0.14326877
0.14326877
0.16800522
0.16800522
0.18137901
0.18137901
0.18137901
0.18137901
0.15176842
0.13329666
0.13329666
0.13329666
0.13329666
0.13521192
0.13521192
0.13521192
0.13995309
0.13995309
0.13995309
0.13995309
0.13995309
0.13995309
0.13995309
0.13995309
0.13995309
0.16857512
0.16857512
0.16857512
0.16857512
0.16857512
0.16857512
0.15639415
0.15639415
0.13042536
0.13042536
0.13042536
0.1393735
0.1393735
0.1393735
0.13000629
0.13000629
0.13000629
0.13000629
0.13000629
0.13000629
0.13000629
0.13000629
0.13000629
0.17129153
0.17129153
0.17129153
0.17129153
0.17129153
0.16961742
0.16961742
0.16961742
0.16961742
0.16961742
0.16961742
0.16961742
0.16961742
0.16961742
0.16961742
0.16961742
0.16961742
0.16961742
0.16961742
0.16961742
0.16961742
0.16961742
0.16961742
0.16961742
0.16961742
0.16961742
0.16797521
0.15844257
0.14816918
0.14816918
0.14816918
0.14816918
0.14816918
0.14816918
0.14816918
0.14816918
0.18126515
0.18126515
0.18126515
0.18126515
0.18126515
0.18126515
0.18126515
0.18126515
0.18126515
0.18126515
0.18126515
0.21472974
0.21472974
0.21472974
0.21472974
0.21472974
0.19499624
0.19499624
0.19499624
0.1961603
0.1961603
0.1961603
0.1961603
0.1961603
0.1961603
0.15239994
0.15239994
0.15239994
0.14322799
0.14322799
0.14322799
0.14322799
0.14322799
0.14322799
0.15676828
0.15676828
0.15733814
0.15733814
0.15733814
0.24176896
0.24176896
0.24176896
0.24176896
0.24176896
0.24176896
0.24176896
0.24176896
0.24176896
0.19199408
0.19199408
0.18675792
0.18675792
0.18675792
0.18675792
0.18675792
0.1850383
0.16303099
0.16303099
0.16303099
0.16303099
0.16303099
0.16303099
0.16303099
0.16303099
0.16303099
0.15218542
0.15218542
0.15218542
0.15218542
0.15218542
0.15218542
0.15218542
0.15218542
0.15218542
0.15218542
0.15218542
0.15218542
0.15218542
0.15218542
0.15218542
0.15218542
0.15218542
0.15218542
0.17920455
0.17920455
0.17920455
0.15762913
0.15762913
0.13401907
0.13401907
0.13401907
0.14095662
0.14095662
0.14095662
0.14095662
0.14095662
0.14662579
0.14662579
0.15868086
0.15868086
0.15868086
0.19673743
0.19673743
0.19673743
0.13840465
0.13840465
0.13840465
0.13840465
0.13506223
0.13506223
0.13506223
0.13506223
0.13506223
0.13506223
0.13506223
0.13506223
0.13506223
0.13506223
0.13506223
0.13506223
0.15087113
0.16678976
0.17690878
0.17690878
0.17690878
0.11875458
0.11875458
0.11875458
0.11875458
0.11875458
0.11875458
0.11875458
0.11875458
0.11017744
0.11017744
0.11017744
0.11017744
0.11017744
0.11017744
0.11485918
0.12459862
0.12459862
0.16279257
0.16279257
0.16279257
0.16279257
0.16279257
0.16279257
0.16279257
0.16279257
0.16279257
0.16279257
0.16279257
0.16279257
0.16279257
0.16020859
0.16020859
0.16020859
0.11283748
0.11283748
0.11283748
0.11283748
0.11283748
0.11348952
0.11348952
0.11348952
0.14165364
0.14165364
0.14165364
0.14165364
0.14165364
0.14165364
0.14165364
0.14165364
0.14165364
0.14165364
0.14165364
0.14165364
0.14165364
0.14165364
0.14735334
0.14735334
0.14735334
0.14735334
0.14735334
0.13399494
0.13399494
0.13399494
0.13399494
0.11131476
0.11131476
0.11131476
0.14015268
0.14015268
0.15112635
0.15112635
0.15112635
0.11308241
0.11308241
0.11308241
0.13071785
0.13071785
0.16779684
0.16779684
0.16779684
0.16779684
0.13358349
0.13358349
0.13358349
0.14131552
0.14131552
0.14131552
0.14131552
0.14131552
0.14131552
0.14131552
0.14131552
0.14131552
0.14131552
0.14131552
0.14131552
0.14131552
0.14131552
0.14131552
0.14131552
0.10945272
0.10945272
0.10945272
0.10945272
0.10945272
0.10945272
0.13824585
0.13824585
0.13824585
0.13505842
0.13505842
0.13505842
0.13505842
0.13505842
0.16046815
0.16046815
0.16046815
0.16046815
0.16046815
0.13782463
0.13782463
0.11940286
0.11940286
0.11940286
0.12260406
0.12260406
0.13642892
0.13642892
0.13642892
0.15014586
0.15014586
0.15014586
0.15014586
0.15014586
0.15014586
0.15014586
0.15833487
0.15833487
0.15833487
0.19190083
0.19551826
0.19551826
0.19551826
0.19551826
0.19551826
0.19551826
0.16859558
0.16859558
0.16859558
0.18287708
0.18287708
0.18287708
0.18287708
0.18287708
0.20098611
0.20527883
0.20527883
0.20527883
0.20527883
0.20527883
0.21613432
0.22401626
0.22401626
0.22401626
0.12628677
0.11513886
0.11513886
0.11513886
0.13846396
0.13846396
0.15337492
0.15337492
0.16130444
0.16130444
0.16130444
0.15522349
0.15522349
0.15522349
0.15522349
0.18806754
0.18806754
0.19359477
0.19413984
0.21377454
0.21377454
0.21749504
0.21749504
0.21749504
0.21749504
0.21749504
0.21749504
0.21749504
0.18611525
0.1807949
0.1807949
0.1807949
0.18884503
0.18884503
0.18901274
0.2155407
0.21804985
0.21804985
0.21804985
0.15985056
0.15985056
0.15985056
0.12291921
0.12291921
0.12291921
0.15774954
0.16307401
0.16307401
0.16307401
0.16307401
0.17811178
0.17811178
0.17811178
0.17811178
0.17811178
0.17811178
0.17811178
0.17811178
0.18823636
0.25890433
0.25890433
0.25890433
0.25890433
0.25890433
0.25890433
0.25890433
0.24355313
0.24355313
0.24355313
0.24355313
0.24355313
0.24355313
0.24355313
0.37138111
0.37138111
0.37138111
0.31835486
0.31835486
0.31835486
0.31978164
0.31978164
0.31978164
0.34585861
0.39900851
0.46551421
0.58872603
0.58872603
0.58872603
0.58872603
0.58872603
0.58872603
0.51232338
0.51232338
0.44610535
0.43014875
0.43014875
0.34724666
0.34724666
0.34724666
0.34724666
0.31454154
0.31454154
0.30331152
0.30331152
0.30331152
0.30331152
0.476281
0.476281
0.476281
0.28755554
0.28755554
0.28755554
0.32452917
0.33343139
0.33343139
0.33343139
0.33343139
0.33343139
0.33343139
0.33343139
0.31620598
0.25869164
0.25869164
0.25869164
0.28327953
0.28327953
0.28327953
0.22992605
0.22855155
0.20674564
0.20674564
0.20674564
0.21550348
0.21550348
0.21550348
0.2374745
0.2374745
0.2374745
0.27633968
0.27633968
0.27633968
0.23218026
0.18947696
0.17582894
0.17582894
0.17582894
0.17582894
0.17582894
0.17582894
0.17582894
0.162459
0.162459
0.162459
0.17108386
0.17108386
0.17108386
0.16614185
0.16137465
0.16137465
0.16137465
0.16137465
0.17791672
0.17791672
0.23277139
0.23277139
0.23277139
0.21341131
0.1883117
0.16741438
0.16741438
0.14102782
0.14000102
0.14000102
0.14000102
0.14000102
0.14000102
0.14000102
0.14000102
0.14000102
0.14000102
0.12906411
0.12906411
0.12906411
0.12094672
0.12094672
0.12094672
0.12094672
0.12094672
0.12094672
0.12094672
0.12094672
0.15963443
0.15963443
0.15963443
0.15963443
0.15963443
0.15963443
0.15963443
0.15963443
0.15598574
0.15598574
0.13281822
0.13281822
0.13281822
0.11950257
0.11950257
0.11950257
0.14074449
0.14074449
0.14074449
0.14074449
0.14317726
0.15276571
0.15276571
0.15276571
0.15953626
0.15953626
0.17219252
0.17219252
0.17219252
0.17219252
0.17219252
0.17219252
0.17219252
0.17219252
0.17219252
0.17219252
0.17219252
0.17219252
0.17219252
0.17219252
0.17219252
0.14970006
0.14970006
0.14970006
0.16371355
0.16371355
0.1729437
0.1729437
0.1750809
0.1750809
0.1750809
0.1750809
0.1750809
0.1750809
0.1750809
0.1750809
0.1750809
0.1750809
0.14852461
0.14852461
0.14852461
0.16866391
0.16866391
0.16866391
0.16866391
0.16866391
0.16151176
0.16151176
0.16151176
0.16151176
0.16151176
0.16151176
0.18188791
0.18816996
0.18816996
0.18816996
0.18062337
0.17664256
0.16524004
0.16524004
0.16524004
0.16524004
0.14889245
0.14889245
0.14889245
0.14889245
0.14889245
0.14889245
0.14889245
0.14889245
0.14889245
0.14889245
0.14175806
0.14175806
0.14175806
0.16135585
0.16135585
0.16135585
0.16135585
0.16135585
0.16135585
0.16135585
0.16135585
0.12926863
0.12926863
0.12926863
0.1618683
0.1618683
0.1618683
0.1618683
0.1618683
0.1618683
0.1618683
0.1618683
0.16419975
0.16419975
0.16419975
0.15288339
0.15288339
0.15288339
0.15288339
0.12358663
0.12358663
0.12358663
0.12358663
0.12358663
0.11553334
0.11553334
0.11553334
0.11553334
0.11481507
0.11481507
0.11350336
0.11350336
0.09391967
0.09391967
0.09391967
0.09391967
0.09824606
0.09824606
0.11903998
0.11903998
0.14232872
0.14232872
0.14232872
0.14232872
0.14232872
0.14232872
0.14232872
0.14232872
0.14599238
0.14599238
0.14599238
0.14599238
0.14599238
0.14133525
0.13545255
0.13545255
0.13545255
0.17561698
0.17561698
0.17561698
0.17412063
0.17412063
0.17412063
0.17412063
0.17412063
0.12939418
0.12939418
0.12939418
0.12975176
0.13646753
0.13646753
0.13646753
0.13646753
0.13646753
0.13646753
0.13646753
0.13646753
0.13646753
0.13646753
0.13646753
0.1384303
0.1384303
0.1384303
0.1384303
0.1384303
0.1384303
0.1384303
0.1384303
0.1384303
0.1384303
0.1493237
0.1493237
0.1493237
0.1493237
0.1593408
0.1593408
0.16010405
0.16010405
0.16010405
0.1914324
0.19608002
0.19608002
0.19608002
0.19608002
0.1528205
0.1528205
0.1528205
0.17914648
0.18941075
0.18941075
0.18941075
0.18941075
0.18941075
0.18941075
0.18941075
0.18941075
0.18941075
0.18941075
0.18941075
0.18941075
0.18941075
0.18941075
0.18941075
0.18941075
0.18941075
0.18941075
0.18941075
0.18941075
0.15745232
0.15745232
0.15745232
0.15745232
0.15745232
0.15745232
0.1614641
0.22778007
0.22778007
0.22778007
0.19502438
0.19502438
0.19502438
0.19502438
0.18763613
0.18763613
0.18763613
0.18763613
0.18763613
0.18763613
0.16184272
0.16184272
0.16184272
0.16611727
0.16611727
0.18413734
0.18413734
0.18413734
0.19983885
0.19983885
0.19983885
0.19762844
0.19616122
0.19616122
0.19616122
0.19616122
0.19616122
0.15103211
0.15103211
0.15103211
0.15735497
0.15735497
0.15735497
0.15735497
0.1957147
0.20328977
0.23072848
0.23072848
0.23072848
0.23072848
0.23072848
0.22085717
0.22085717
0.22085717
0.22667041
0.22667041
0.22667041
0.22667041
0.2252231
0.19891592
0.19891592
0.19891592
0.20116685
0.20116685
0.20116685
0.18317025
0.18317025
0.17282793
0.1233794
0.1233794
0.1233794
0.1233794
0.1233794
0.1233794
0.14499854
0.14499854
0.14499854
0.14011706
0.14011706
0.14011706
0.14011706
0.14434994
0.14434994
0.14434994
0.14434994
0.14434994
0.14434994
0.14434994
0.14434994
0.14434994
0.14434994
0.14434994
0.14434994
0.14434994
0.16884688
0.16884688
0.16884688
0.16884688
0.1765964
0.1765964
0.1765964
0.1765964
0.1765964
0.19636019
0.21623598
0.21623598
0.21623598
0.20579366
0.20579366
0.20579366
0.20579366
0.20579366
0.20579366
0.16482068
0.13903785
0.13903785
0.13903785
0.1831079
0.18817859
0.18817859
0.18817859
0.14809425
0.14809425
0.14011981
0.14011981
0.14011981
0.14011981
0.14011981
0.14011981
0.14011981
0.14011981
0.14011981
0.14011981
0.14011981
0.14011981
0.13965077
0.13965077
0.13965077
0.13965077
0.13965077
0.13965077
0.13965077
0.12649808
0.12649808
0.12649808
0.12649808
0.12649808
0.12649808
0.12649808
0.13627999
0.25434619
0.25434619
0.25434619
0.17858893
0.17858893
0.13316535
0.13316535
0.13316535
0.15435091
0.15766149
0.15766149
0.15766149
0.15375499
0.15375499
0.15375499
0.15654515
0.17196021
0.17196021
0.17196021
0.08364902
0.08364902
0.08364902
0.08365284
0.13544965
0.13544965
0.13544965
0.13544965
0.14869045
0.15912176
0.15912176
0.15912176
0.15912176
0.15912176
0.15704399
0.15704399
0.15704399
0.15704399
0.16954786
0.16954786
0.16954786
0.16954786
0.16954786
0.16954786
0.18255067
0.18255067
0.18255067
0.21323198
0.21323198
0.21323198
0.21323198
0.21323198
0.18169244
0.14591011
0.13971481
0.13971481
0.13834915
0.13834915
0.13834915
0.14274012
0.14274012
0.15826358
0.15826358
0.15826358
0.15826358
0.15826358
0.15826358
0.15826358
0.15826358
0.1799074
0.1799074
0.1799074
0.1799074
0.1799074
0.1799074
0.1799074
0.16584163
0.16584163
0.16584163
0.16584163
0.16584163
0.16584163
0.16584163
0.16584163
0.16584163
0.16584163
0.16584163
0.16584163
0.16584163
0.1653045
0.1653045
0.1653045
0.1653045
0.17348344
0.19598876
0.19598876
0.19598876
0.19598876
0.19598876
0.18679927
0.18679927
0.18679927
0.18679927
0.18679927
0.18679927
0.16767129
0.16767129
0.16767129
0.16767129
0.16767129
0.14984644
0.14984644
0.14984644
0.14984644
0.14984644
0.14984644
0.14984644
0.14984644
0.14984644
0.14840218
0.14840218
0.14840218
0.17464024
0.17616051
0.17616051
0.17616051
0.17616051
0.17616051
0.17616051
0.17616051
0.16834396
0.16834396
0.16834396
0.16834396
0.16834396
0.11397073
0.11397073
0.11397073
0.13895511
0.1697081
0.1697081
0.1697081
0.1697081
0.1697081
0.1697081
0.1697081
0.1697081
0.1697081
0.1697081
0.1398806
0.1398806
0.10997283
0.10997283
0.10997283
0.15005821
0.15005821
0.15005821
0.13870996
0.13870996
0.10584996
0.10584996
0.10584996
0.11959911
0.11959911
0.11959911
0.11959911
0.11959911
0.13097148
0.16456302
0.16456302
0.16456302
0.16456302
0.16456302
0.16456302
0.16456302
0.16456302
0.16456302
0.16456302
0.16456302
0.16456302
0.12260398
0.12260398
0.12260398
0.12260398
0.12260398
0.12260398
0.12260398
0.12260398
0.12260398
0.12260398
0.12260398
0.10076268
0.10076268
0.10076268
0.10076268
0.10076268
0.09852074
0.09852074
0.09852074
0.09852074
0.09852074
0.09852074
0.10435126
0.10435126
0.10894303
0.12232423
0.14331733
0.14331733
0.14331733
0.14181327
0.14181327
0.14181327
0.12535374
0.12535374
0.12535374
0.12535374
0.12535374
0.12535374
0.12535374
0.12535374
0.12535374
0.16058328
0.16058328
0.16058328
0.16058328
0.16058328
0.16058328
0.16058328
0.16058328
0.16058328
0.16058328
0.16058328
0.16058328
0.17733877
0.17733877
0.17733877
0.19584132
0.19584132
0.20551003
0.25003748
0.25657607
0.27399938
0.27399938
0.27842555
0.27842555
0.27842555
0.22648497
0.22648497
0.19341222
0.19341222
0.19191255
0.19191255
0.19191255
0.19191255
0.19191255
0.19191255
0.19191255
0.19191255
0.19191255
0.19580461
0.19580461
0.22691152
0.27906235
0.37872807
0.37872807
0.37872807
0.37872807
0.3806788
0.39657429
0.45585026
0.45585026
0.45585026
0.53490543
0.56498762
0.56498762
0.56498762
0.58779864
0.58779864
0.58779864
0.56891255
0.56891255
0.44859711
0.44859711
0.44859711
0.44859711
0.2378005
0.2378005
0.2378005
0.20558452
0.17745029
0.17745029
0.17351424
0.17351424
0.17351424
0.09101603
0.09101603
0.09101603
0.13033285
0.13033285
0.13033285
0.13033285
0.13033285
0.13033285
0.1151318
0.1151318
0.1151318
0.11637258
0.11637258
0.11637258
0.11637258
0.11637258
0.12008364
0.12008364
0.12008364
0.14308205
0.14308205
0.14308205
0.16846326
0.17887291
0.17887291
0.17887291
0.15601245
0.15601245
0.15601245
0.17352052
0.19695378
0.22279499
0.22279499
0.22279499
0.20735483
0.15086263
0.15086263
0.12450052
0.11584693
0.11584693
0.11584693
0.10220153
0.10220153
0.10220153
0.10220153
0.10220153
0.09687665
0.09687665
0.09687665
0.09687665
0.09687665
0.09687665
0.13439126
0.13439126
0.13439126
0.10994237
0.09949974
0.09949974
0.09949974
0.09949974
0.09949974
0.09949974
0.09949974
0.09949974
0.12794189
0.12794189
0.12794189
0.12794189
0.13790021
0.13790021
0.13790021
0.09581094
0.09581094
0.09581094
0.09581094
0.09581094
0.09581094
0.09581094
0.09581094
0.09581094
0.09581094
0.09581094
0.09581094
0.09581094
0.09581094
0.09581094
0.09581094
0.10603726
0.10603726
0.10603726
0.10603726
0.10603726
0.10603726
0.10603726
0.10603726
0.10603726
0.10603726
0.10603726
0.10603726
0.10603726
0.12042068
0.12042068
0.12042068
0.10246372
0.10246372
0.10246372
0.10814595
0.12896521
0.12896521
0.12896521
0.12896521
0.13307283
0.15595082
0.18176608
0.18176608
0.18176608
0.18176608
0.23341343
0.25157735
0.25157735
0.25157735
0.20678727
0.20678727
0.20678727
0.24598854
0.24598854
0.24598854
0.24598854
0.19904412
0.16680379
0.16561204
0.16561204
0.14572373
0.14572373
0.14572373
0.18438263
0.18438263
0.18438263
0.18438263
0.18906461
0.18906461
0.18906461
0.18906461
0.18906461
0.18906461
0.14407922
0.1083821
0.1083821
0.1083821
0.1083821
0.13271206
0.1701275
0.18295193
0.18295193
0.18295193
0.18295193
0.18295193
0.18295193
0.18295193
0.18295193
0.18295193
0.18295193
0.18295193
0.18295193
0.18295193
0.18295193
0.12991885
0.12991885
0.12991885
0.12991885
0.12991885
0.18163008
0.18163008
0.18163008
0.13966407
0.13966407
0.13966407
0.182713
0.182713
0.182713
0.182713
0.182713
0.13685931
0.09850418
0.09850418
0.09850418
0.1307566
0.1307566
0.1307566
0.14749731
0.15099518
0.15099518
0.15099518
0.15099518
0.15875213
0.22727018
0.22727018
0.22727018
0.22439156
0.16973871
0.15228586
0.12437321
0.12437321
0.12437321
0.1983722
0.1983722
0.1983722
0.1983722
0.1983722
0.1983722
0.1983722
0.1983722
0.1983722
0.1870022
0.1870022
0.1870022
0.19471432
0.19471432
0.19471432
0.19471432
0.19471432
0.19471432
0.19471432
0.20219998
0.20219998
0.20219998
0.20219998
0.20219998
0.20219998
0.20219998
0.20219998
0.20219998
0.20219998
0.20219998
0.20219998
0.13621687
0.13621687
0.13621687
0.13621687
0.13621687
0.13621687
0.13621687
0.17168512
0.17168512
0.17168512
0.1280843
0.1280843
0.1280843
0.15515793
0.15951109
0.15951109
0.15951109
0.1464966
0.1464966
0.12475071
0.12475071
0.12475071
0.12475071
0.12475071
0.12475071
0.12475071
0.12475071
0.12475071
0.12475071
0.17390421
0.23073283
0.23073283
0.23073283
0.23281513
0.23281513
0.23281513
0.23281513
0.15001734
0.15001734
0.15001734
0.16269354
0.16269354
0.16269354
0.13034498
0.13034498
0.13034498
0.13035731
0.14353367
0.14353367
0.14353367
0.14353367
0.08157569
0.08157569
0.08157569
0.08157569
0.08157569
0.08157569
0.08157569
0.10274444
0.10274444
0.154379
0.154379
0.154379
0.1340537
0.1340537
0.1340537
0.10440111
0.10440111
0.10440111
0.10777529
0.13278028
0.13278028
0.13278028
0.13278028
0.13278028
0.17284393
0.17284393
0.17284393
0.17284393
0.17284393
0.17284393
0.17721707
0.19797557
0.19797557
0.19797557
0.19797557
0.18400653
0.18165091
0.15703385
0.15703385
0.15703385
0.15703385
0.15703385
0.10556323
0.10556323
0.10556323
0.10556323
0.10556323
0.11013736
0.11013736
0.1140168
0.1140168
0.1140168
0.1140168
0.1140168
0.1140168
0.11052425
0.11052425
0.11052425
0.11052425
0.11052425
0.11648591
0.11648591
0.13127148
0.13127148
0.13127148
0.09759946
0.09759946
0.09759946
0.09759946
0.09759946
0.08312696
0.08128082
0.08128082
0.08128082
0.08128082
0.08555671
0.1137472
0.1137472
0.1137472
0.1137472
0.1137472
0.1137472
0.1137472
0.09412995
0.09412995
0.09412995
0.09412995
0.09412995
0.06817322
0.06482188
0.06482188
0.06482188
0.10291429
0.10291429
0.10291429
0.10291429
0.10291429
0.07214413
0.07214413
0.07214413
0.07006443
0.07006443
0.07006443
0.08084909
0.08084909
0.08084909
0.08084909
0.08450785
0.08450785
0.08450785
0.08450785
0.09700583
0.09700583
0.09700583
0.09700583
0.09700583
0.09700583
0.07868941
0.06962838
0.06962838
0.06962838
0.09258181
0.09258181
0.10820236
0.13017907
0.13017907
0.13017907
0.13017907
0.13017907
0.09181509
0.09181509
0.09181509
0.08726448
0.08726448
0.08363029
0.08363029
0.08363029
0.07272011
0.05845859
0.05845859
0.05845859
0.05845859
0.05845859
0.05845859
0.05845859
0.06187391
0.06187391
0.06187391
0.05791898
0.05791898
0.05791898
0.05791898
0.05791898
0.05791898
0.05791898
0.05791898
0.05791898
0.07072142
0.07072142
0.07072142
0.07072142
0.07072142
0.07072142
0.07072142
0.06634947
0.06634947
0.06634947
0.05682252
0.04207087
0.04207087
0.04207087
0.0647219
0.0647219
0.0647219
0.06919045
0.06919045
0.06919045
0.06919045
0.06919045
0.05162691
0.05162691
0.05162691
0.05162691
0.05162691
0.05162691
0.05162691
0.05162691
0.05162691
0.07291829
0.08468166
0.08468166
0.08468166
0.08468166
0.08468166
0.08468166
0.08810452
0.08810452
0.08810452
0.07866598
0.07866598
0.07866598
0.07866598
0.07866598
0.07866598
0.07866598
0.07866598
0.09687058
0.09687058
0.09687058
0.09687058
0.09687058
0.09687058
0.09687058
0.09687058
0.09687058
0.09687058
0.09687058
0.09687058
0.09687058
0.09687058
0.09687058
0.09073827
0.09073827
0.09073827
0.09073827
0.09073827
0.09286511
0.09478597
0.09478597
0.09478597
0.10588874
0.10588874
0.10588874
0.10588874
0.12175262
0.12175262
0.12175262
0.12175262
0.12175262
0.11222445
0.11222445
0.11222445
0.11879716
0.11879716
0.11879716
0.11879716
0.12108443
0.12248357
0.12248357
0.12248357
0.12248357
0.12248357
0.12248357
0.11280735
0.11280735
0.11280735
0.11280735
0.11280735
0.11280735
0.11280735
0.11513229
0.11513229
0.13377439
0.13377439
0.13377439
0.13377439
0.13377439
0.15349555
0.15349555
0.15349555
0.15349555
0.15349555
0.15349555
0.14490347
0.14490347
0.14490347
0.20055136
0.20055136
0.20055136
0.12321779
0.12321779
0.12321779
0.12321779
0.12321779
0.12321779
0.13431901
0.13431901
0.13431901
0.13431901
0.14685836
0.15440618
0.15440618
0.15440618
0.15028637
0.13254596
0.13254596
0.13254596
0.13254596
0.13254596
0.13254596
0.13254596
0.13254596
0.13254596
0.13254596
0.13254596
0.13254596
0.13254596
0.13254596
0.13254596
0.13254596
0.13254596
0.13254596
0.13254596
0.13400856
0.13400856
0.15909739
0.15909739
0.15909739
0.15909739
0.15909739
0.14420307
0.13975849
0.13975849
0.12767398
0.12767398
0.12767398
0.12710234
0.12710234
0.12710234
0.12710234
0.12344566
0.12344566
0.12344566
0.12344566
0.12344566
0.12344566
0.12344566
0.12323244
0.12323244
0.12323244
0.12323244
0.12323244
0.12170121
0.12170121
0.12170121
0.12170121
0.14046807
0.14046807
0.21738426
0.21738426
0.21738426
0.21738426
0.21738426
0.21738426
0.20444213
0.20444213
0.20444213
0.20444213
0.20444213
0.23560853
0.23560853
0.23560853
0.20588854
0.20588854
0.20588854
0.20588854
0.20588854
0.17106041
0.15273756
0.15273756
0.15273756
0.15273756
0.14418842
0.14418842
0.13325865
0.13325865
0.13325865
0.13325865
0.13325865
0.13325865
0.12910246
0.12910246
0.12910246
0.12910246
0.12910246
0.12910246
0.12910246
0.14879693
0.14879693
0.17909032
0.17909032
0.17909032
0.17909032
0.17909032
0.17909032
0.17909032
0.17909032
0.15389549
0.15389549
0.15203894
0.15203894
0.15203894
0.14157042
0.1359038
0.1359038
0.12263309
0.12263309
0.12263309
0.15844028
0.15844028
0.15844028
0.15844028
0.18136246
0.18136246
0.18136246
0.18136246
0.18136246
0.18136246
0.17005553
0.06923814
0.06923814
0.06923814
0.06923814
0.06485701
0.03836328
0.03836328
0.03836328
0.05381404
0.05381404
0.05381404
0.05381404
0.08421617
0.08421617
0.12848592
0.12848592
0.12848592
0.12848592
0.05550998
0.05550998
0.05550998
0.05550998
0.05550998
0.03663466
0.03663466
0.0340165
0.0340165
0.0340165
0.0340165
0.0340165
0.0340165
0.07185417
0.07185417
0.07185417
0.07185417
0.07777002
0.07777002
0.07777002
0.07777002
0.04934505
0.04934505
0.04934505
0.04934505
0.04934505
0.06206688
0.06206688
0.06206688
0.06206688
0.06206688
0.06206688
0.06206688
0.06273671
0.06273671
0.06273671
0.06273671
0.04193288
0.04193288
0.04193288
0.03316378
0.03316378
0.03316378
0.03316378
0.03175662
0.03175662
0.03175662
0.03406283
0.03406283
0.03406283
0.03406283
0.03406283
0.05092297
0.05092297
0.05092297
0.0724076
0.0724076
0.0724076
0.0724076
0.0724076
0.0724076
0.0724076
0.0724076
0.06560284
0.05221709
0.05221709
0.05221709
0.0603321
0.0603321
0.0603321
0.0603321
0.0603321
0.0603321
0.0603321
0.0774826
0.0774826
0.0774826
0.03144816
0.03144816
0.03144816
0.03144816
0.03144816
0.03144816
0.0293835
0.0293835
0.0293835
0.0293835
0.0293835
0.05383684
0.05383684
0.05383684
0.05383684
0.05383684
0.05383684
0.05383684
0.05383684
0.07548987
0.07548987
0.07548987
0.07268471
0.07268471
0.07268471
0.07268471
0.07268471
0.07268471
0.05511466
0.05511466
0.05511466
0.05511466
0.05464881
0.05464881
0.05464881
0.05464881
0.05464881
0.05464881
0.05464881
0.05464881
0.05464881
0.05464881
0.05464881
0.05464881
0.05464881
0.05464881
0.05464881
0.05464881
0.05464881
0.05464881
0.05464881
