0.06030545
0.13565004
0.18124847
0.18124847
0.18445827
0.18746722
0.18746722
0.19630071
0.19630071
0.19630071
0.19630071
0.19630071
0.2148141
0.2148141
0.24572017
0.24572017
0.24572017
0.1893819
0.07382212
0.07382212
0.07382212
0.07382212
0.07382212
0.07382212
0.07802094
0.11230954
0.11230954
0.11230954
0.16857141
0.17023606
0.17023606
0.17023606
0.21014541
0.21014541
0.21014541
0.21014541
0.21014541
0.21014541
0.21014541
0.21014541
0.16855683
0.16855683
0.16855683
0.06085732
0.04187381
0.04187381
0.04187381
0.0523159
0.05641215
0.08114028
0.09394854
0.09840151
0.09840151
0.09896116
0.11919374
0.19429903
0.1997237
0.24896875
0.24896875
0.25742393
0.25742393
0.25742393
0.25121624
0.19201094
0.13315556
0.09220006
0.09220006
0.09220006
0.05935181
0.05935181
0.05935181
0.05935181
0.05935181
0.05935181
0.06634411
0.06634411
0.06634411
0.06634411
0.06634411
0.06634411
0.06634411
0.07449352
0.07945608
0.07972493
0.07972493
0.09435399
0.09435399
0.09435399
0.09435399
0.10118206
0.1377645
0.14281507
0.14281507
0.14281507
0.13962762
0.13354719
0.0415458
0.03677458
0.03064679
0.03064679
0.03064679
0.03064679
0.03065118
0.0349443
0.0349443
0.0349443
0.0349443
0.03919695
0.03919695
0.03919695
0.03919695
0.03919695
0.03919695
0.03919695
0.04421712
0.04421712
0.0489752
0.04907618
0.04907618
0.06346695
0.06346695
0.06346695
0.06346695
0.06346695
0.06346695
0.0428504
0.0428504
0.0428504
0.04987634
0.04987634
0.08664202
0.08664202
0.08664202
0.08664202
0.08664202
0.08664202
0.04560342
0.04560342
0.04560342
0.04560342
0.06470258
0.06470258
0.06470258
0.06470258
0.06470258
0.05100117
0.05100117
0.05100117
0.0731794
0.0731794
0.0731794
0.0731794
0.0731794
0.07537779
0.09650731
0.09650731
0.09650731
0.09650731
0.09650731
0.09650731
0.09650731
0.09650731
0.09650731
0.09650731
0.09650731
0.15997553
0.15997553
0.15997553
0.11391207
0.11391207
0.09492136
0.09492136
0.06432627
0.05229911
0.05229911
0.05229911
0.05229911
0.05229911
0.05229911
0.05229911
0.0407537
0.0407537
0.0407537
0.0407537
0.0407537
0.0407537
0.0407537
0.0407537
0.0407537
0.0407537
0.0441677
0.04961191
0.05369662
0.05369662
0.05369662
0.03693199
0.03693199
0.03693199
0.04491486
0.0450211
0.0450211
0.0450211
0.0450211
0.04736503
0.04736503
0.04736503
0.0398626
0.0398626
0.0398626
0.0398626
0.0398626
0.0398626
0.05537514
0.05994403
0.06007642
0.06007642
0.06402827
0.06402827
0.06402827
0.06852519
0.06852519
0.06852519
0.06852519
0.06852519
0.07025565
0.07025565
0.11068653
0.11068653
0.11068653
0.08957787
0.08957787
0.08409571
0.08409571
0.08409571
0.08409571
0.08409571
0.08681268
0.090734
0.090734
0.090734
0.090734
0.090734
0.090734
0.07954747
0.07954747
0.07954747
0.07954747
0.07954747
0.07954747
0.07954747
0.07954747
0.06488667
0.06488667
0.06488667
0.04791949
0.04791949
0.04791949
0.04791949
0.04791949
0.04791949
0.04791949
0.08578796
0.08578796
0.08578796
0.06496047
0.06496047
0.04502065
0.04502065
0.04502065
0.0551599
0.0551599
0.0551599
0.05652411
0.05652411
0.05652411
0.05817446
0.06510712
0.07421538
0.07421538
0.07421538
0.13831808
0.13831808
0.13831808
0.13831808
0.13831808
0.13672651
0.11294218
0.09064972
0.09064972
0.09064972
0.12476881
0.1318899
0.1318899
0.1318899
0.14911325
0.14911325
0.19029874
0.19029874
0.19029874
0.19029874
0.23101278
0.23353523
0.23353523
0.23507489
0.23507489
0.23507489
0.22653918
0.20129341
0.20129341
0.20129341
0.12561056
0.11042357
0.11042357
0.11042357
0.0892999
0.07842786
0.07842786
0.05579753
0.05579753
0.05579753
0.06187088
0.07164739
0.08303636
0.08900753
0.09963836
0.11390182
0.13492795
0.13492795
0.13492795
0.12776489
0.1042366
0.09712884
0.05976334
0.05976334
0.05976334
0.03364115
0.03118231
0.03037887
0.03037887
0.03037887
0.04739081
0.04739081
0.0523436
0.0523436
0.0523436
0.06270192
0.06646006
0.0706768
0.0706768
0.0706768
0.07932902
0.0819499
0.10048411
0.10048411
0.10048411
0.07298896
0.07298896
0.07298896
0.06018098
0.04589835
0.04589835
0.04589835
0.05938555
0.05938555
0.05938555
0.02027995
0.01577047
0.01577047
0.01577047
0.0323663
0.0754888
0.0754888
0.0754888
0.05731664
0.05731664
0.05731664
0.06051318
0.09085206
0.09085206
0.09085206
0.07996582
0.07996582
0.07996582
0.07554118
0.07554118
0.07554118
0.07061441
0.07061441
0.07061441
0.08400282
0.08400282
0.08400282
0.07337105
0.07337105
0.07337105
0.07155206
0.07155206
0.06765061
0.06765061
0.06765061
0.07189228
0.07263121
0.07263121
0.07597906
0.07597906
0.07967856
0.07967856
0.07967856
0.07967856
0.07967856
0.08317691
0.08317691
0.08317691
0.08090315
0.08090315
0.08090315
0.08090315
0.08090315
0.08090315
0.07347
0.07347
0.07347
0.07347
0.07347
0.07544222
0.07544222
0.07544222
0.07544222
0.07692338
0.08655612
0.08655612
0.08655612
0.10639844
0.10639844
0.10639844
0.10639844
0.08789087
0.08789087
0.08789087
0.08758988
0.07338467
0.07155576
0.07155576
0.07155576
0.07155576
0.07253344
0.16137643
0.16137643
0.19336318
0.19336318
0.19336318
0.17835466
0.16981799
0.15648472
0.15648472
0.14374959
0.14145769
0.12034345
0.12034345
0.12034345
0.12034345
0.12034345
0.12034345
0.12034345
0.12034345
0.12034345
0.12034345
0.12034345
0.12034345
0.12034345
0.12034345
0.12034345
0.12570715
0.14630784
0.14630784
0.14942924
0.14942924
0.14942924
0.14942924
0.14942924
0.14942924
0.14530978
0.14530978
0.1164457
0.1164457
0.1164457
0.1164457
0.0934562
0.0934562
0.0934562
0.0934562
0.0934562
0.39288173
0.39288173
0.39288173
0.32888749
0.32888749
0.32030104
0.32030104
0.31449801
0.288652
0.288652
0.288652
0.288652
0.288652
0.288652
0.21206699
0.21206699
0.21206699
0.21206699
0.21206699
0.21206699
0.22401226
0.22401226
0.22511087
0.22511087
0.22706349
0.22706349
0.23684952
0.26581582
0.27505422
0.27505422
0.27505422
0.27505422
0.2861466
0.2861466
0.2861466
0.27856354
0.25567927
0.25567927
0.25567927
0.26456184
0.27312644
0.29170871
0.29170871
0.30441364
0.30441364
0.37026122
0.37026122
0.37026122
0.34244597
0.31800002
0.2958023
0.24826828
0.24826828
0.24826828
0.25319276
0.25319276
0.25319276
0.25319276
0.25319276
0.25319276
0.25319276
0.25319276
0.25319276
0.25014896
0.25014896
0.20505534
0.19605162
0.19605162
0.19605162
0.17932293
0.16964815
0.16964815
0.16964815
0.16964815
0.16964815
0.12765117
0.10354541
0.09851397
0.09780942
0.09780942
0.09780942
0.09780942
0.05898169
0.05898169
0.05898169
0.05898169
0.05898169
0.05898169
0.06202857
0.06202857
0.06202857
0.06202857
0.07750099
0.07750099
0.10675983
0.10969899
0.10969899
0.14580976
0.1524821
0.15452956
0.15452956
0.17776446
0.20759642
0.20759642
0.223023
0.223023
0.223023
0.21164484
0.1962312
0.1962312
0.19401514
0.17199449
0.17199449
0.17068363
0.10800323
0.09786264
0.09786264
0.09786264
0.09786264
0.09786264
0.09786264
0.08741091
0.08741091
0.08741091
0.08741091
0.08741091
0.08741091
0.08741091
0.09104199
0.09104199
0.09104199
0.09104199
0.21072997
0.21072997
0.21072997
0.21072997
0.21072997
0.22723557
0.24532449
0.24532449
0.24532449
0.17785012
0.17785012
0.17785012
0.17785012
0.14279671
0.14279671
0.13508003
0.12112651
0.10988894
0.10988894
0.10988894
0.10992473
0.11544546
0.11629435
0.11629435
0.11629435
0.11713673
0.11713673
0.11713673
0.15652426
0.22793105
0.22793105
0.22793105
0.17028127
0.17028127
0.17028127
0.21541241
0.21541241
0.21541241
0.21541241
0.29199151
0.29199151
0.29199151
0.20153552
0.20153552
0.20153552
0.20153552
0.18222397
0.18222397
0.18222397
0.19846555
0.34636997
0.34636997
0.52458228
0.52458228
0.52458228
0.52458228
0.74606135
0.74606135
0.79013032
0.79013032
0.79013032
0.85721517
0.85721517
0.85721517
0.85721517
0.85721517
0.85721517
0.85721517
0.85721517
0.73962187
0.73962187
0.73962187
0.73962187
0.51017939
0.46025878
0.46025878
0.46025878
0.46025878
0.85148802
0.85148802
0.85148802
0.95322374
1.0
1.0
1.0
1.0
0.62032888
0.60003502
0.60003502
0.53724621
0.53724621
0.53724621
0.46302123
0.38120108
0.38120108
0.38120108
0.3474847
0.3474847
0.3474847
0.3474847
0.28803024
0.28559512
0.26065555
0.20090201
0.18737745
0.15941742
0.15941742
0.15941742
0.15941742
0.17812888
0.22062522
0.24556858
0.24562618
0.25522666
0.25522666
0.25522666
0.20743571
0.18922245
0.18922245
0.18922245
0.22207388
0.22207388
0.22207388
0.21251098
0.19929222
0.19929222
0.19929222
0.20833812
0.20833812
0.20833812
0.20833812
0.20833812
0.20833812
0.20833812
0.20363256
0.20363256
0.20363256
0.20363256
0.07879837
0.07879837
0.07625552
0.07625552
0.07625552
0.07625552
0.07625552
0.03670549
0.03670549
0.03670549
0.03670549
0.03670549
0.03670549
0.03750707
0.03750707
0.03750707
0.03750707
0.03750707
0.03750707
0.03750707
0.03750707
0.03750707
0.03750707
0.03750707
0.03750707
0.03750707
0.03936045
0.04775084
0.04775084
0.04775084
0.04775084
0.04775084
0.04775084
0.04775084
0.03308356
0.03308356
0.03308356
0.03308356
0.03308356
0.0365747
0.0365747
0.0365747
0.05081707
0.05081707
0.05081707
0.05081707
0.04791305
0.04791305
0.04578973
0.04578973
0.04124663
0.04124663
0.04124663
0.04124663
0.04124663
0.0435897
0.0435897
0.04658624
0.04658624
0.04658624
0.04658624
0.04658624
0.04658624
0.04658624
0.04658624
0.04658624
0.05138161
0.05161415
0.05161415
0.0627756
0.0627756
0.0627756
0.0627756
0.04367251
0.04367251
0.04367251
0.04367251
0.05374072
0.05374072
0.05826655
0.05826655
0.05826655
0.05618505
0.05618505
0.05618505
0.04854507
0.04854507
0.04854507
0.04095292
0.04095292
0.03509278
0.03509278
0.03509278
0.0360762
0.05030232
0.05030232
0.05030232
0.05030232
0.05030232
0.05030232
0.05030232
0.05030232
0.05030232
0.05030232
0.05523662
0.05523662
0.05523662
0.05523662
0.05523662
0.05523662
0.05213448
0.05213448
0.05213448
0.05213448
0.05213448
0.05213448
0.05213448
0.05213448
0.05213448
0.05213448
0.05902625
0.06341864
0.06341864
0.06643583
0.07481872
0.07581249
0.08933166
0.16362496
0.16362496
0.16362496
0.16362496
0.16362496
0.16362496
0.15528703
0.15528703
0.15528703
0.15528703
0.15528703
0.15528703
0.13298719
0.13294871
0.1211844
0.11563169
0.11563169
0.11563169
0.11563169
0.11563169
0.11563169
0.10000879
0.10000879
0.10000879
0.10252444
0.10756797
0.11403477
0.13458698
0.14267069
0.14267069
0.15616677
0.15616677
0.15616677
0.15616677
0.15616677
0.15966072
0.15966072
0.15966072
0.15966072
0.15966072
0.18747245
0.18747245
0.20280833
0.20280833
0.20280833
0.26725815
0.26725815
0.32559936
0.33305035
0.42896685
0.42896685
0.42896685
0.42197643
0.42197643
0.42197643
0.4053839
0.4053839
0.4053839
0.4053839
0.39392579
0.37261169
0.33937065
0.33937065
0.06028107
0.05473569
0.05473569
0.05473569
0.0509188
0.0509188
0.0509188
0.0509188
0.0509188
0.06074527
0.06785203
0.07307245
0.07307245
0.07307245
0.07307245
0.07307245
0.10135511
0.10135511
0.10135511
0.08861734
0.07952993
0.04168478
0.03192672
0.02387221
0.02387221
0.02387221
0.04439939
0.04439939
0.08236303
0.09416939
0.0977035
0.10381809
0.10381809
0.10865157
0.10865157
0.11603171
0.11603171
0.11603171
0.11603171
0.11603171
0.11416391
0.11416391
0.11416391
0.11416391
0.10055498
0.10055498
0.10055498
0.10055498
0.09475715
0.09475715
0.09475715
0.09475715
0.09475715
0.09475715
0.09475715
0.09475715
0.09475715
0.09475715
0.09475715
0.09475715
0.09475715
0.09475715
0.08552886
0.08552886
0.08552886
0.07250533
0.07250533
0.06684079
0.06684079
0.06684079
0.06684079
0.06232637
0.06232637
0.06232637
0.06232637
0.06232637
0.06359397
0.06359397
0.06359397
0.06359397
0.06359397
0.06359397
0.06359397
0.08294835
0.08416778
0.08416778
0.08416778
0.08416778
0.08416778
0.11351216
0.11351216
0.13498652
0.15441173
0.15441173
0.19874651
0.25003453
0.25003453
0.25003453
0.25003453
0.25339356
0.25339356
0.27770224
0.29235659
0.31013773
0.31013773
0.31013773
0.31013773
0.34307182
0.36129638
0.37495455
0.37495455
0.37495455
0.37495455
0.34595617
0.2242343
0.2242343
0.12422501
0.12422501
0.10170825
0.08387216
0.08387216
0.08387216
0.08760836
0.08760836
0.15532408
0.17643739
0.18245349
0.3050142
0.32337391
0.32337391
0.32337391
0.33459764
0.33459764
0.33459764
0.33459764
0.33459764
0.33459764
0.21451179
0.21451179
0.20499925
0.19182195
0.19182195
0.19182195
0.20285746
0.20285746
0.20285746
0.17381208
0.16152541
0.1611505
0.1611505
0.16020036
0.16020036
0.16020036
0.16020036
0.16020036
0.16020036
0.18172221
0.18172221
0.18172221
0.18172221
0.18172221
0.18948064
0.18948064
0.18948064
0.19971019
0.20116349
0.22644012
0.22644012
0.26044363
0.26182723
0.26182723
0.26182723
0.23088401
0.23088401
0.23088401
0.2224199
0.2224199
0.2224199
0.2347674
0.2347674
0.2347674
0.14305836
0.14305836
0.14305836
0.14305836
0.31521218
0.3353006
0.34124324
0.35290279
0.36718282
0.36737924
0.36737924
0.40962437
0.40962437
0.40962437
0.40962437
0.17885782
0.14651439
0.14651439
0.14651439
0.14651439
0.14651439
0.15698892
0.15698892
0.15698892
0.15698892
0.15698892
0.15698892
0.15698892
0.15823261
0.25927953
0.25927953
0.25927953
0.25927953
0.2647218
0.27108179
0.27108179
0.27108179
0.24936996
0.22332322
0.19349191
0.18082402
0.16500553
0.16500553
0.16500553
0.2384235
0.2735627
0.28897056
0.33188714
0.36223893
0.36223893
0.36223893
0.32876812
0.24390662
0.17381042
0.15177286
0.15177286
0.15177286
0.15517116
0.15517116
0.15517116
0.15517116
0.15517116
0.17137557
0.17137557
0.17137557
0.17137557
0.15395165
0.15395165
0.15395165
0.23482746
0.30155138
0.33092194
0.33092194
0.33092194
0.33092194
0.36757835
0.55962383
0.55962383
0.55962383
0.53410152
0.53410152
0.53410152
0.53410152
0.50079161
0.50079161
0.50079161
0.5624547
0.5624547
0.5624547
0.5624547
0.5624547
0.64333202
0.64333202
0.64333202
0.58602194
0.58602194
0.58602194
0.39489413
0.36188757
0.31711929
0.24570752
0.24570752
0.24570752
0.28235916
0.34922587
0.36362118
0.43888841
0.46986627
0.46986627
0.53472592
0.68585401
0.77771886
0.77771886
0.77771886
0.86137078
0.86137078
0.86137078
0.73644671
0.66796859
0.53517272
0.47201318
0.47201318
0.47201318
0.47201318
0.44841727
0.44841727
0.44841727
0.44841727
0.385372
0.33783501
0.2951184
0.2951184
0.2951184
0.3117256
0.3117256
0.3829285
0.42146877
0.42146877
0.42146877
0.271976
0.26795408
0.26795408
0.26795408
0.28509995
0.28509995
0.28509995
0.43561198
0.44452352
0.44452352
0.44452352
0.28273536
0.24651722
0.24651722
0.24651722
0.24651722
0.24651722
0.24651722
0.24651722
0.24651722
0.26379564
0.26379564
0.37761936
0.37761936
0.37761936
0.19197103
0.19197103
0.19197103
0.14284488
0.12810429
0.12810429
0.12810429
0.12810429
0.10487848
0.10487848
0.10487848
0.09861837
0.09861837
0.09861837
0.08099584
0.08099584
0.08099584
0.08099584
0.08623114
0.08645442
0.08645442
0.14219482
0.14842127
0.14842127
0.14842127
0.14842127
0.14842127
0.14842127
0.14842127
0.14842127
0.14842127
0.14842127
0.12065161
0.12065161
0.10857666
0.10857666
0.10857666
0.04017642
0.04017642
0.04017642
0.0400824
0.0400824
0.0400824
0.0400824
0.08438371
0.09466746
0.098057
0.098057
0.098057
0.098057
0.098057
0.098057
0.10816746
0.10816746
0.11446657
0.11446657
0.17082345
0.17630371
0.18948821
0.18948821
0.18948821
0.18948821
0.18948821
0.18948821
0.16590557
0.16590557
0.15538971
0.15538971
0.15538971
0.15538971
0.15538971
0.17320822
0.17320822
0.17346953
0.17829731
0.17829731
0.17829731
0.17829731
0.17829731
0.17829731
0.17408785
0.17408785
0.17408785
0.17408785
0.14728919
0.14728919
0.12282242
0.12282242
0.12282242
0.12136556
0.12136556
0.12136556
0.11561015
0.09478529
0.09478529
0.09478529
0.09478529
0.13514515
0.13514515
0.13514515
0.13514515
0.13246419
0.13246419
0.13246419
0.13246419
0.13246419
0.13361498
0.15857092
0.15922199
0.15922199
0.15922199
0.16637319
0.16637319
0.16637319
0.08059785
0.08059785
0.08059785
0.08059785
0.07641285
0.06599255
0.06396351
0.06396351
0.06396351
0.06396351
0.06396351
0.06396351
0.06396351
0.05848166
0.05848166
0.05848166
0.03711001
0.03711001
0.03711001
0.03711001
0.02793706
0.02793706
0.02793706
0.02793706
0.03106426
0.03106426
0.03106426
0.03903123
0.03903123
0.03903123
0.03903123
0.03903123
0.0352968
0.02385771
0.02385771
0.02385771
0.02385771
0.02385771
0.02531266
0.02531266
0.02948418
0.03509432
0.03509432
0.03509432
0.03935171
0.03935171
0.03935171
0.03935171
0.03935171
0.039638
0.039638
0.039638
0.039638
0.039638
0.04736668
0.04798752
0.04798752
0.05316023
0.06867324
0.06867324
0.06867324
0.06867324
0.06867324
0.06867324
0.06867324
0.06867324
0.07920472
0.07920472
0.07920472
0.07920472
0.07920472
0.07920472
0.07595655
0.07595655
0.07595655
0.07595655
0.07595655
0.07595655
0.07595655
0.07547448
0.07370833
0.07370833
0.07370833
0.05638286
0.05638286
0.05638286
0.05638286
0.05638286
0.04651698
0.04651698
0.04651698
0.03150174
0.02667619
0.01900957
0.01900957
0.01900957
0.01900957
0.01900957
0.01900957
0.01900957
0.01547472
0.01547472
0.01547472
0.01547472
0.01547472
0.01547472
0.01594354
0.01859312
0.01859312
0.01859312
0.01267328
0.01267328
0.01267328
0.01267328
0.01681786
0.01681786
0.02955207
0.02955207
0.02955207
0.00872181
0.00781402
0.00781402
0.00781402
0.00899082
0.00899082
0.00899082
0.00899082
0.0102875
0.0102875
0.0102875
0.0102875
0.0188192
0.0188192
0.0188192
0.0188192
0.01236148
0.01236148
0.01236148
0.02111569
0.02111569
0.02111569
0.02111569
0.02414214
0.02414214
0.02414214
0.02414214
0.02414214
0.02625224
0.02625224
0.03728678
0.03728678
0.03728678
0.05445238
0.05445238
0.05445238
0.04635244
0.04635244
0.04635244
0.04635244
0.04635244
0.04635244
0.04635244
0.03446198
0.03316148
0.03316148
0.03316148
0.04782222
0.04782222
0.04782222
0.04782222
0.04782222
0.04782222
0.04782222
0.04782222
0.04782222
0.04782222
0.04834433
0.04834433
0.05828034
0.05828034
0.05828034
0.05828034
0.05828034
0.05828034
0.05828034
0.05828034
0.03977279
0.03977279
0.03977279
0.03977279
0.04036886
0.04036886
0.04036886
0.04036886
0.04541803
0.04541803
0.09896922
0.10742573
0.12282605
0.12282605
0.12777579
0.12777579
0.1333334
0.1333334
0.20129807
0.20129807
0.20129807
0.17306845
0.17306845
0.17306845
0.17352219
0.17352219
0.17486161
0.17486161
0.18759997
0.27593832
0.27593832
0.27593832
0.27593832
0.27593832
0.27593832
0.27593832
0.27593832
0.27155812
0.27155812
0.27155812
0.27155812
0.27155812
0.26082223
0.26082223
0.23736872
0.16877012
0.16877012
0.16877012
0.19782086
0.19782086
0.22135545
0.22929125
0.22929125
0.22929125
0.22929125
0.22929125
0.26600337
0.26600337
0.26600337
0.26600337
0.30716937
0.30716937
0.30716937
0.2701407
0.26065559
0.12363843
0.12363843
0.12363843
0.08386764
0.05938481
0.05938481
0.05938481
0.07370078
0.08272265
0.09163811
0.09763149
0.11638714
0.11638714
0.11638714
0.11638714
0.09288798
0.07900256
0.07716727
0.05619182
0.03740061
0.03740061
0.03740061
0.05541348
0.05643713
0.05643713
0.05643713
0.05055508
0.04148127
0.04148127
0.04148127
0.0611466
0.0611466
0.08558499
0.08558499
0.08760231
0.09349124
0.09349124
0.09349124
0.09349124
0.09349124
0.11174889
0.11174889
0.11174889
0.08826168
0.04947098
0.04947098
0.04947098
0.04947098
0.04947098
0.05420301
0.08206587
0.08206587
0.12235313
0.26524403
0.29447938
0.29447938
0.29447938
0.29447938
0.29447938
0.57188187
0.83655083
0.83655083
0.83655083
0.83655083
0.83655083
0.83655083
0.83655083
0.66594687
0.50212431
0.4098378
0.4098378
0.4098378
0.4098378
0.4098378
0.4098378
0.54461088
0.54461088
0.55876482
0.70252712
0.7828849
0.7828849
0.7828849
0.69421551
0.55530749
0.55264079
0.55264079
0.55264079
0.55264079
0.55264079
0.55264079
0.32614188
0.32614188
0.32614188
0.35029666
0.35712157
0.45055246
0.57912592
0.57947858
0.57947858
0.68070583
0.68070583
0.68070583
0.68041514
0.68041514
0.68041514
0.68041514
0.68041514
0.68041514
0.68041514
0.68041514
0.68041514
0.10797204
0.10797204
0.10797204
0.09091756
0.08556033
0.07701666
0.07701666
0.07701666
0.07701666
0.04745811
0.04745811
0.04745811
0.04772251
0.04782845
0.04782845
0.04782845
0.04999476
0.04999476
0.04999476
0.04999476
0.05112359
0.05797996
0.05797996
0.05797996
0.05797996
0.05797996
0.05797996
0.05797996
0.04321497
0.04321497
0.03290493
0.03290493
0.03290493
0.02610967
0.0230722
0.0230722
0.0230722
0.0230722
0.0230722
0.02407657
0.02407657
0.02407657
0.02181208
0.02181208
0.02181208
0.02181208
0.02347816
0.02347816
0.02347816
0.02347816
0.01861247
0.01686613
0.01686613
0.01648625
0.01648625
0.01648625
0.01648625
0.01648625
0.01648625
0.01648625
0.01648625
0.01648625
0.01648625
0.01648625
0.00804013
0.00804013
0.00804013
0.00440355
0.00440355
0.00440355
0.00440355
0.00440355
0.00650255
0.01042351
0.01042351
0.01042351
0.01042351
0.00753196
0.00603079
0.00327431
0.00327431
0.00327431
0.00327431
0.0
0.0
0.0
0.0
0.0
0.0
0.0
0.0
0.0
0.0
0.0
0.0
0.0
0.0
0.00557477
0.00557477
0.00557477
0.00460849
0.00460849
0.00460849
0.00460849
0.00460849
0.00460849
0.01094805
0.01094805
0.01094805
0.01094805
0.01094805
0.00653236
0.00653236
0.00653236
0.00719328
0.00719328
0.00928159
0.00928159
0.00928159
0.00928159
0.00928159
0.00928159
0.00928159
0.00928159
0.00928159
0.00928159
0.00928159
0.00928159
0.00928159
0.00919459
0.00919459
0.00919459
0.01525227
0.01525227
0.01525227
0.01525227
0.02172897
0.02172897
0.02839675
0.02839675
0.02839675
0.02591236
0.02462936
0.02462936
0.02462936
0.02462936
0.02462936
0.01585344
0.01585344
0.01585344
0.01617721
0.01674613
0.01982888
0.01982888
0.01982888
0.01982888
0.01982888
0.01926246
0.01926246
0.01926246
0.01926246
0.01926246
0.01926246
0.01926246
0.01926246
0.01926246
0.01926246
0.01330364
0.01330364
0.01330364
0.01330364
0.01330364
0.01330364
0.01116269
0.01116269
0.01116269
0.01116269
0.00646153
0.00646153
0.00646153
0.00646153
0.00646153
0.01300688
0.01300688
0.01300688
0.01394789
0.01823973
0.01951702
0.01951702
0.01951702
0.01951702
0.01951702
0.02041764
0.02041764
0.02204566
0.02204566
0.02204566
0.02204566
0.02204566
0.02204566
0.01217502
0.01217502
0.01217502
0.01217502
0.01217502
0.01217502
0.01217502
0.01217502
0.01217502
0.01217502
0.01217502
0.0152207
0.0152207
0.0152207
0.04152215
0.04152215
0.04152215
0.04152215
0.04152215
0.04152215
0.04152215
0.04152215
0.04152215
0.04152215
0.04152215
0.04152215
0.02726166
0.02089327
0.02089327
0.02089327
0.04366492
0.04457534
0.05471532
0.05471532
0.05471532
0.05387231
0.05387231
0.05387231
0.05387231
0.05387231
0.05387231
0.05387231
0.05387231
0.0681
0.0681
0.0681
0.06122224
0.06122224
0.06122224
0.06122224
0.09553757
0.09553757
0.09553757
0.09449319
0.09449319
0.08808318
0.08808318
0.08808318
0.09173153
0.09173153
0.09173153
0.09173153
0.09173153
0.09794048
0.09794048
0.09794048
0.1034403
0.1034403
0.1034403
0.1034403
0.0677055
0.0677055
0.0677055
0.07154296
0.08240581
0.08240581
0.09215861
0.09215861
0.10560373
0.10560373
0.10560373
0.09515384
0.09515384
0.09515384
0.09515384
0.09515384
0.09515384
0.1121471
0.1121471
0.1121471
0.10283595
0.04370661
0.04026711
0.03517726
0.03195121
0.03195121
0.03195121
0.03834162
0.03834162
0.03834162
0.03834162
0.03834162
0.03834162
0.03834162
0.05909189
0.05909189
0.05909189
0.05909189
0.0641355
0.0641355
0.06504383
0.06504383
0.06504383
0.06504383
0.05212911
0.04775839
0.0428786
0.0428786
0.0428786
0.06027566
0.06188538
0.06188538
0.06188538
0.06188538
0.06188538
0.06188538
0.05261602
0.05201388
0.04653748
0.04653748
0.04653748
0.04653748
0.03169388
0.02361464
0.02361464
0.01361677
0.0063976
0.0063976
0.0063976
0.0063976
0.00846829
0.00846829
0.0128724
0.0128724
0.01373634
0.01373634
0.01373634
0.01434112
0.01434112
0.01434112
0.01434112
0.0150267
0.0150267
0.01636437
0.01636437
0.01636437
0.01636437
0.02200302
0.02447989
0.02447989
0.03974167
0.0429487
0.0429487
0.0429487
0.0429487
0.0429487
0.0551272
0.0551272
0.05560109
0.05560109
0.0700908
0.08201423
0.08201423
0.08201423
0.09770396
0.10884609
0.1254157
0.16207213
0.25923092
0.25923092
0.25923092
0.25331093
0.25331093
0.25331093
0.28100381
0.28100381
0.28100381
0.28100381
0.21253037
0.21253037
0.11010651
0.11010651
0.11010651
0.13513834
0.13513834
0.13513834
0.22657094
0.22657094
0.22657094
0.22657094
0.46754368
0.46754368
0.46754368
0.44691306
0.44691306
0.44691306
0.44691306
0.44691306
0.52526973
0.52526973
0.52526973
0.52526973
0.52526973
0.52526973
0.58200181
0.58200181
0.58200181
0.38098078
0.33318292
0.33318292
0.33318292
0.33318292
0.26307487
0.26307487
0.26206267
0.26206267
0.26206267
0.2468743
0.08506746
0.08506746
0.0633865
0.0633865
0.0633865
0.0633865
0.12746475
0.12746475
0.12746475
0.12746475
