0.0380307
0.00091736
0.0380307
0.03458221
0.03458221
0.03286884
0.03286884
0.03286884
0.03433088
0.03433088
0.04214798
0.04214798
0.04214798
0.04214798
0.05221104
0.05221104
0.05221104
0.04492975
0.04492975
0.04492975
0.03582742
0.03582742
0.03502105
0.03502105
0.03502105
0.03502105
0.03502105
0.03251857
0.03251857
0.03251857
0.03254029
0.03254029
0.03254029
0.03254029
0.03254029
0.03254029
0.02879733
0.02879733
0.02879733
0.03129734
0.03129734
0.03129734
0.02785635
0.02402219
0.01349656
0.01349656
0.01349656
0.01349656
0.01479523
0.0149916
0.0149916
0.0149916
0.0149916
0.0149916
0.0149916
0.0149916
0.0149916
0.0149916
0.0149916
0.0149916
0.0149916
0.0149916
0.0149916
0.0149916
0.0149916
0.02773414
0.02773414
0.02773414
0.02773414
0.02773414
0.02681307
0.02681307
0.02681307
0.02681307
0.02681307
0.02424263
0.02424263
0.02424263
0.03009069
0.03009069
0.03009069
0.03009069
0.03009069
0.03009069
0.03695217
0.03695217
0.03695217
0.03695217
0.03695217
0.03695217
0.03695217
0.0218834
0.02053856
0.02053856
0.02053856
0.02053856
0.02053856
0.00952751
0.00952751
0.00952751
0.00952751
0.00952751
0.00952751
0.00952751
0.00952751
0.00952751
0.01053685
0.01424032
0.01424032
0.01424032
0.01424032
0.01424032
0.01424032
0.02452195
0.02452195
0.02452195
0.03906188
0.03906188
0.03906188
0.02672988
0.02672988
0.02214859
0.01168977
0.01168977
0.01168977
0.0105091
0.0105091
0.0105091
0.01223013
0.01223013
0.01223013
0.01223013
0.02330671
0.02330671
0.02330671
0.02330671
0.02330671
0.01505366
0.00852831
0.00852831
0.00852831
0.01690015
0.01690015
0.01690015
0.01690015
0.01690015
0.01690015
0.00705019
0.00705019
0.00705019
0.00854378
0.01246224
0.01273687
0.01273687
0.01273687
0.01273687
0.02562676
0.02562676
0.02562676
0.01642602
0.01642602
0.01642602
0.01642602
0.0207001
0.0207001
0.0207001
0.01635758
0.01635758
0.01635758
0.01635758
0.01635758
0.01206769
0.01206769
0.01206769
0.01206769
0.01206769
0.01206769
0.00812326
0.00812326
0.00812326
0.01058948
0.01058948
0.01205342
0.01205342
0.01205342
0.01031664
0.01031664
0.01031664
0.0163707
0.0163707
0.0163707
0.0163707
0.0163707
0.0163707
0.0163707
0.0163707
0.0163707
0.0163707
0.0163707
0.0163707
0.02239126
0.02239126
0.02239126
0.02239126
0.02239126
0.02239126
0.02239126
0.02228938
0.02228938
0.02228938
0.02182167
0.00906096
0.00906096
0.00906096
0.00906096
0.00906096
0.00906096
0.02397213
0.02968704
0.02968704
0.02982407
0.02982407
0.02982407
0.02737916
0.02737916
0.02737916
0.02776361
0.02776361
0.02776361
0.02775821
0.02775821
0.02775821
0.02775821
0.02775821
0.02002656
0.01557981
0.01557981
0.01557981
0.01180732
0.01180732
0.01180732
0.01222204
0.01222204
0.01222204
0.0071402
0.0071402
0.0071402
0.0071402
0.0071402
0.0071402
0.0071402
0.01029076
0.01029076
0.01029076
0.02475607
0.02475607
0.02528934
0.02528934
0.02528934
0.02528934
0.02528934
0.01995315
0.01995315
0.01995315
0.01995315
0.01995315
0.01370545
0.01370545
0.01370545
0.01318623
0.01318623
0.01318623
0.01318623
0.01318623
0.01318623
0.01318623
0.01318623
0.01318623
0.01318623
0.01318623
0.01318623
0.01318623
0.01318623
0.01318623
0.01318623
0.01318623
0.01318623
0.01318623
0.01318623
0.01318623
0.020934
0.020934
0.020934
0.020934
0.0202925
0.0202925
0.0202925
0.0202925
0.0202925
0.0202925
0.03013388
0.03013388
0.03013388
0.03013388
0.03013388
0.03013388
0.02533
0.02447657
0.02447657
0.02447657
0.02447657
0.0159273
0.0159273
0.0159273
0.01805213
0.01805213
0.034034
0.034034
0.03851008
0.03851008
0.03851008
0.03851008
0.03851008
0.02492012
0.02492012
0.02492012
0.0298474
0.0298474
0.0298474
0.02408621
0.02299487
0.01815392
0.01815392
0.01815392
0.01951338
0.01951338
0.01951338
0.01951338
0.03155862
0.03155862
0.03155862
0.03155862
0.03155862
0.02735494
0.02706294
0.02706294
0.02706294
0.02706294
0.02706294
0.02706294
0.02706294
0.02706294
0.02706294
0.02448874
0.01808829
0.01808829
0.01193726
0.01193726
0.01193726
0.01193726
0.01193726
0.0087713
0.0087713
0.0087713
0.01368015
0.01910543
0.01910543
0.01910543
0.01910543
0.01910543
0.01910543
0.0147635
0.0147635
0.0147635
0.0147635
0.0147635
0.0147635
0.0147635
0.0147635
0.0147635
0.0147635
0.0147635
0.02382552
0.02382552
0.02382552
0.0204236
0.01141337
0.01141337
0.01141337
0.01976351
0.02185566
0.02185566
0.02185566
0.02185566
0.01619658
0.00828717
0.00828717
0.00828717
0.01433725
0.01433725
0.01433725
0.01433725
0.01433725
0.01433725
0.01433725
0.01433725
0.01433725
0.01433725
0.01433725
0.01433725
0.01433725
0.01433725
0.01433725
0.0150548
0.0150548
0.0150548
0.01420073
0.01420073
0.01337617
0.00858051
0.00858051
0.00858051
0.01689358
0.01689358
0.01689358
0.01400184
0.01400184
0.01400184
0.02318552
0.02318552
0.02318552
0.01550836
0.01550836
0.01550836
0.01550836
0.01550836
0.01550836
0.01550836
0.0132219
0.0
0.0
0.0
0.00416189
0.01056093
0.01056093
0.01056093
0.01056093
0.00562942
0.00265205
0.00265205
0.00265205
0.00265205
0.01064417
0.01064417
0.01064417
0.01064417
0.01064417
0.01064417
0.01064417
0.01064417
0.01958099
0.01958099
0.01958099
0.01958099
0.01958099
0.00831682
0.00831682
0.00831682
0.01009968
0.01009968
0.01009968
0.01009968
0.01157112
0.01157112
0.01157112
0.01157112
0.01157112
0.01341489
0.01341489
0.01994737
0.01994737
0.01994737
0.01994737
0.01994737
0.01994737
0.01994737
0.00731831
0.00731831
0.00731831
0.01488011
0.01735777
0.01735777
0.01735777
0.01661848
0.01661848
0.01661848
0.01661848
0.01661848
0.01661848
0.01661848
0.0115382
0.0115382
0.0115382
0.0115382
0.0115382
0.0115382
0.0115382
0.0115382
0.0115382
0.0115382
0.0115382
0.0115382
0.0115382
0.0115382
0.01142401
0.01142401
0.01142401
0.01142401
0.01142401
0.01142401
0.01142401
0.01064893
0.01064893
0.01064893
0.01064893
0.01064893
0.01786081
0.01786081
0.01786081
0.01786081
0.01786081
0.01786081
0.01786081
0.01786081
0.01761472
0.01111044
0.01111044
0.01111044
0.01568027
0.01568027
0.01568027
0.01568027
0.03317589
0.03317589
0.03317589
0.03317589
0.03317589
0.0319204
0.0319204
0.0319204
0.03146651
0.03146651
0.02533357
0.01767141
0.01767141
0.01767141
0.01767141
0.01767141
0.01767141
0.01767141
0.01767141
0.01767141
0.01767141
0.02148255
0.02148255
0.02148255
0.02148255
0.02148255
0.02148255
0.03320904
0.03320904
0.03320904
0.02354552
0.00785212
0.00785212
0.00785212
0.02176013
0.03552313
0.03552313
0.03552313
0.03552313
0.03552313
0.03104559
0.02844722
0.02844722
0.02844722
0.02844722
0.02844722
0.02612785
0.02612785
0.02612785
0.02612785
0.02612785
0.02062553
0.02062553
0.02062553
0.02062553
0.02062553
0.02062553
0.00799821
0.00799821
0.00799821
0.00799821
0.00799821
0.00799821
0.00799821
0.00799821
0.00799821
0.01113765
0.01113765
0.01113765
0.01113765
0.01113765
0.01181351
0.01181351
0.04286953
0.04951935
0.05778693
0.07431402
0.08132884
0.08132884
0.08132884
0.07062328
0.07062328
0.07062328
0.06917517
0.06917517
0.06917517
0.06917517
0.06917517
0.06917517
0.04405725
0.04405725
0.04405725
0.04405725
0.04405725
0.0285444
0.0285444
0.0285444
0.0285444
0.0285444
0.02412668
0.02412668
0.02412668
0.02412668
0.02412668
0.02412668
0.02412668
0.02412668
0.02412668
0.02412668
0.02412668
0.02951767
0.03318128
0.03667478
0.05477167
0.05951011
0.05951011
0.07314155
0.07444238
0.07444238
0.07444238
0.0461576
0.0461576
0.0461576
0.0461576
0.0461576
0.03238646
0.03238646
0.03238646
0.03087192
0.03087192
0.03087192
0.03087192
0.03087192
0.02930246
0.02930246
0.02930246
0.01913745
0.01745856
0.01745856
0.01745856
0.01747135
0.02517104
0.02517104
0.02517104
0.02517104
0.02517104
0.02517104
0.02517104
0.01707687
0.01707687
0.01707687
0.01707687
0.01707687
0.01707687
0.01707687
0.03188454
0.03188454
0.03188454
0.03188454
0.03377477
0.03377477
0.03377477
0.03377477
0.03377477
0.03377477
0.03377477
0.03377477
0.04160322
0.04160322
0.04160322
0.04160322
0.04160322
0.04160322
0.04160322
0.04160322
0.04160322
0.04160322
0.03735461
0.03735461
0.03735461
0.05218623
0.05259833
0.05259833
0.05259833
0.05248554
0.05248554
0.05248554
0.05248554
0.05248554
0.03546601
0.03546601
0.03546601
0.03546601
0.03546601
0.03449476
0.03449476
0.03449476
0.03587217
0.03587217
0.04757623
0.04757623
0.04757623
0.02978332
0.02978332
0.02978332
0.03780922
0.03780922
0.03780922
0.03175479
0.03175479
0.03175479
0.03175479
0.02933004
0.02933004
0.02933004
0.0251261
0.0251261
0.0251261
0.0251261
0.01681158
0.01681158
0.01681158
0.01681158
0.0170907
0.0170907
0.01856171
0.01856171
0.01856171
0.01856171
0.01856171
0.01856171
0.01349413
0.01349413
0.01349413
0.01349413
0.01349413
0.01349413
0.01349413
0.01349413
0.01349413
0.01349413
0.01349413
0.01349413
0.01349413
0.01349413
0.00633538
0.00633538
0.00633538
0.00633538
0.00633538
0.00633538
0.00633538
0.00633538
0.00633538
0.00633538
0.00633538
0.00633538
0.00633538
0.00984538
0.00984538
0.00984538
0.00910655
0.00910655
0.00910655
0.00910655
0.00910655
0.01201091
0.01291092
0.01291092
0.01291092
0.01291092
0.01824123
0.01824123
0.01824123
0.01824123
0.16598977
0.16598977
0.16598977
0.13607724
0.13237928
0.01468661
0.00832909
0.00492741
0.00492741
0.00492741
0.00492741
0.00492741
0.01198693
0.01198693
0.01198693
0.01198693
0.01228664
0.01369533
0.01982279
0.02300758
0.02300758
0.02300758
0.02141911
0.02103059
0.02103059
0.0098978
0.0098978
0.0098978
0.00856086
0.00856086
0.00856086
0.01567967
0.01567967
0.01567967
0.01543736
0.01543736
0.00926188
0.00926188
0.00926188
0.00926188
0.00926188
0.00793338
0.00793338
0.00793338
0.00997291
0.01780817
0.01780817
0.01780817
0.02532735
0.02532735
0.03594952
0.03594952
0.03594952
0.02157555
0.02157555
0.02157555
0.02948912
0.02948912
0.02948912
0.02948912
0.03053257
0.03053257
0.03053257
0.03053257
0.03053257
0.03355415
0.03355415
0.03355415
0.03355415
0.03355415
0.03355415
0.0378742
0.05666219
0.06715559
0.10126661
0.10126661
0.10126661
0.10126661
0.09517073
0.09517073
0.09517073
0.09517073
0.09517073
0.09517073
0.09517073
0.09517073
0.11406684
0.11406684
0.11406684
0.11406684
0.10406786
0.10406786
0.10406786
0.10406786
0.08255149
0.08255149
0.08255149
0.08255149
0.08255149
0.07057144
0.07057144
0.07057144
0.07552688
0.07552688
0.07552688
0.07552688
0.07552688
0.07552688
0.07552688
0.10142269
0.10142269
0.10142269
0.10142269
0.10142269
0.10142269
0.10142269
0.10142269
0.10142269
0.07938656
0.07938656
0.07938656
0.07938656
0.07938656
0.07938656
0.05313905
0.05313905
0.05313905
0.06573292
0.09161236
0.09161236
0.09161236
0.07978986
0.07978986
0.07978986
0.06847429
0.06847429
0.06847429
0.06847429
0.0534632
0.0534632
0.0534632
0.0534632
0.05187676
0.05187676
0.05187676
0.05187676
0.04258566
0.04258566
0.04258566
0.04258566
0.03900828
0.03900828
0.03648967
0.03467228
0.03467228
0.03158315
0.03158315
0.03158315
0.03158315
0.03158315
0.03158315
0.03158315
0.03158315
0.02889037
0.02889037
0.02889037
0.02889037
0.02889037
0.02889037
0.02889037
0.02889037
0.02889037
0.02889037
0.02992118
0.02992118
0.02992118
0.02903568
0.0251255
0.0251255
0.02371774
0.02371774
0.02371774
0.02371774
0.02371774
0.02371774
0.02199699
0.02199699
0.02057116
0.02057116
0.02057116
0.02057116
0.02057116
0.02389964
0.02389964
0.02389964
0.02000527
0.02000527
0.02000527
0.02000527
0.02000527
0.02000527
0.02161355
0.02161355
0.02161355
0.02161355
0.02768747
0.02913023
0.02913023
0.02913023
0.01834533
0.01834533
0.01834533
0.02205486
0.02205486
0.02205486
0.0182543
0.0182543
0.0182543
0.0182543
0.0182543
0.0182543
0.01934115
0.01934115
0.01934115
0.01934115
0.01934115
0.01934115
0.01549073
0.01549073
0.01549073
0.01549073
0.01549073
0.01549073
0.01717785
0.01717785
0.01977043
0.01977043
0.01977043
0.01977043
0.01716807
0.01716807
0.01716807
0.01125113
0.01124103
0.01124103
0.01124103
0.01124103
0.0121963
0.0121963
0.0121963
0.01608086
0.01608086
0.01608086
0.01608086
0.01608086
0.01608086
0.01608086
0.02704303
0.02704303
0.02704303
0.02421426
0.02120921
0.02120921
0.01484944
0.01484944
0.01484944
0.01484944
0.01484944
0.01570789
0.01570789
0.01570789
0.01570789
0.01570789
0.01570789
0.01570789
0.01570789
0.01570789
0.0130709
0.0130709
0.0130709
0.0130709
0.01216742
0.01216742
0.01216742
0.00822847
0.00822847
0.00822847
0.00822847
0.00822847
0.00822847
0.00822847
0.00822847
0.00822847
0.00822847
0.00198705
0.00198705
0.00198705
0.00198705
0.00198705
0.00198705
0.00198705
0.00198705
0.00198705
0.00198705
0.00953415
0.01354531
0.01354531
0.01354531
0.00614587
0.00614587
0.00614587
0.0174878
0.0174878
0.01873702
0.02509352
0.02509352
0.02509352
0.02509352
0.02509352
0.02509352
0.02509352
0.03082224
0.03082224
0.03082224
0.03082224
0.03082224
0.01902306
0.01902306
0.01902306
0.0143456
0.0143456
0.0143456
0.0143456
0.0143456
0.01777756
0.01777756
0.01777756
0.01777756
0.01777756
0.01364849
0.01364849
0.01364849
0.01526532
0.01526532
0.01526532
0.01526532
0.01526532
0.01708182
0.01708182
0.01708182
0.01708182
0.01708182
0.01708182
0.01708182
0.01708182
0.01708182
0.01708182
0.01708182
0.01865583
0.01932603
0.02073272
0.02073272
0.02073272
0.02073272
0.02094557
0.02094557
0.02630771
0.02630771
0.032465
0.032465
0.03471257
0.03471257
0.03471257
0.03471257
0.03607922
0.03607922
0.03607922
0.03607922
0.03607922
0.03607922
0.04055961
0.04055961
0.04055961
0.04055961
0.03964385
0.03964385
0.03964385
0.03964385
0.03964385
0.03964385
0.03964385
0.03964385
0.03964385
0.03964385
0.04379679
0.04379679
0.04379679
0.04379679
0.04379679
0.04379679
0.04733008
0.04733008
0.04983261
0.04983261
0.04983261
0.04983261
0.04983261
0.04983261
0.04983261
0.04983261
0.06220605
0.06220605
0.06220605
0.06220605
0.06220605
0.063975
0.063975
0.063975
0.063975
0.06465792
0.06465792
0.06465792
0.06465792
0.06465792
0.06539212
0.06539212
0.07618947
0.07618947
0.08952707
0.08952707
0.09431061
0.09978478
0.09978478
0.09978478
0.10297645
0.10297645
0.1135349
0.1135349
0.12180351
0.12210947
0.13739754
0.14056289
0.17217526
0.17217526
0.17217526
0.17875542
0.19831444
0.20402966
0.20756863
0.20756863
0.20756863
0.20756863
0.22578779
0.22807719
0.22807719
0.22807719
0.27451897
0.27451897
0.27451897
0.30636941
0.30636941
0.35042865
0.36510234
0.4087672
0.43295633
0.46501664
0.46757368
0.49510586
0.51941522
0.52739791
0.57093782
0.58058112
0.59248319
0.59248319
0.63302653
0.67345129
0.67345129
0.67345129
0.67345129
0.67345129
0.67345129
0.67345129
0.67345129
0.67345129
0.67345129
0.67345129
0.66837836
0.66837836
0.66837836
0.66837836
0.66837836
0.64712801
0.64712801
0.64712801
0.64712801
0.64712801
0.64712801
0.64712801
0.64712801
0.64712801
0.63542562
0.62881166
0.60388322
0.5705652
0.45419184
0.42023755
0.4054412
0.37817652
0.37817652
0.37817652
0.3949462
0.3949462
0.3949462
0.3734708
0.37252921
0.35611549
0.35611549
0.3317966
0.32524274
0.29300768
0.28500351
0.28500351
0.26500463
0.26500463
0.23556916
0.22993115
0.21431092
0.20691294
0.19628535
0.14309181
0.14309181
0.14309181
0.14309181
0.1276401
0.1276401
0.1276401
0.11899616
0.11899616
0.11899616
0.12396114
0.12396114
0.12396114
0.08001091
0.08001091
0.08001091
0.10085502
0.10892227
0.10892227
0.10892227
0.10892227
0.10892227
0.10323584
0.10323584
0.10323584
0.08924316
0.08924316
0.08924316
0.08924316
0.07976154
0.07976154
0.07976154
0.07976154
0.07976154
0.07976154
0.07976154
0.07445542
0.07445542
0.06753041
0.06698553
0.06698553
0.05870897
0.05870897
0.05870897
0.05870897
0.05870897
0.05870897
0.05870897
0.05838738
0.05838738
0.05838738
0.05838738
0.05838738
0.05888583
0.05888583
0.07031798
0.07031798
0.07031798
0.07031798
0.06205532
0.06205532
0.06205532
0.06205532
0.06205532
0.06205532
0.06205532
0.06205532
0.06205532
0.06205532
0.06205532
0.06205532
0.06205532
0.06205532
0.06205532
0.08080086
0.08080086
0.08080086
0.06767366
0.06767366
0.06767366
0.06767366
0.06767366
0.06767366
0.06767366
0.06767366
0.06767366
0.14746397
0.14746397
0.14746397
0.14746397
0.12909636
0.12909636
0.12909636
0.12909636
0.12909636
0.12909636
0.12909636
0.12909636
0.16898992
0.16898992
0.16898992
0.32982198
0.62715496
0.62715496
0.62715496
0.62715496
0.62715496
0.44178949
0.10646657
0.10646657
0.10646657
0.11235333
0.12991999
0.12991999
0.12991999
0.12991999
0.12991999
0.12991999
0.10099209
0.10099209
0.10099209
0.10099209
0.10099209
0.07104573
0.07104573
0.07104573
0.07104573
0.07104573
0.07104573
0.07104573
0.07104573
0.07104573
0.07104573
0.07104573
0.07104573
0.07534212
0.07534212
0.07534212
0.07534212
0.07534212
0.07534212
0.07121722
0.06308587
0.06308587
0.06308587
0.06308587
0.06308587
0.06308587
0.06308587
0.06308587
0.06308587
0.06308587
0.06308587
0.06308587
0.06308587
0.06308587
0.06308587
0.06308587
0.06308587
0.06308587
0.06308587
0.06308587
0.06308587
0.06308587
0.06775499
0.06775499
0.06775499
0.06775499
0.06775499
0.06775499
0.06775499
0.06775499
0.06775499
0.06775499
0.06775499
0.06775499
0.06775499
0.08023251
0.08023251
0.08023251
0.08023251
0.08023251
0.08023251
0.07981956
0.07981956
0.07981956
0.07981956
0.06149913
0.06149913
0.06149913
0.06149913
0.06149913
0.05931848
0.05931848
0.05931848
0.05931848
0.05931848
0.05931848
0.0480232
0.0480232
0.0480232
0.0480232
0.0480232
0.0480232
0.0480232
0.05676656
0.05676656
0.05676656
0.05676656
0.05676656
0.05676656
0.05676656
0.05676656
0.05676656
0.05676656
0.05676656
0.05676656
0.05676656
0.05676656
0.06060137
0.06060137
0.06060137
0.0482323
0.04311985
0.04311985
0.04311985
0.04952212
0.05945322
0.05945322
0.05945322
0.059231
0.059231
0.059231
0.059231
0.059231
0.06453594
0.06453594
0.06453594
0.06453594
0.06453594
0.06453594
0.06453594
0.06453594
0.04991036
0.04991036
0.04991036
0.04908107
0.04908107
0.04908107
0.04908107
0.04908107
0.04908107
0.04908107
0.04908107
0.04908107
0.04908107
0.04908107
0.04908107
0.04124381
0.04045701
0.04045701
0.03846217
0.03761157
0.03761157
0.03761157
0.03187323
0.03187323
0.03187323
0.03187323
0.03187323
0.03187323
0.03945941
0.03945941
0.03945941
0.03945941
0.03945941
0.03945941
0.03945941
0.03945941
0.03945941
0.03945941
0.03945941
0.03945941
0.03945941
0.03945941
0.03945941
0.03945941
0.04642739
0.04642739
0.04642739
0.04642739
0.04642739
0.04454863
0.04454863
0.04454863
0.04454863
0.04454863
0.04454863
0.04454863
0.04454863
0.04454863
0.04454863
0.04454863
0.04454863
0.04454863
0.04454863
0.04454863
0.04454863
0.04454863
0.04454863
0.04454863
0.04454863
0.06046264
0.06050539
0.06050539
0.06050539
0.05178634
0.05178634
0.05178634
0.05178634
0.05178634
0.05178634
0.05178634
0.05178634
0.05178634
0.05178634
0.05178634
0.05178634
0.05178634
0.05178634
0.05178634
0.05178634
0.05178634
0.05178634
0.05178634
0.05178634
0.05168129
0.0512875
0.03761067
0.03761067
0.03761067
0.03761067
0.03761067
0.03761067
0.03761067
0.03761067
0.03155583
0.03155583
0.03155583
0.03513791
0.03513791
0.03583298
0.03583298
0.03583298
0.03583298
0.03583298
0.03583298
0.03583298
0.03583298
0.03583298
0.03583298
0.07324141
0.07324141
0.07324141
0.07324141
0.06945275
0.04120569
0.04120569
0.04120569
0.04120569
0.06790181
0.06790181
0.06790181
0.06790181
0.12578691
0.12578691
0.12578691
0.06305381
0.06305381
0.06305381
0.04243046
0.04243046
0.04243046
0.04243046
0.04243046
0.02823133
0.02823133
0.02823133
0.02823133
0.02438301
0.02438301
0.02438301
0.02954848
0.02954848
0.02954848
