0.22519403
0.27451056
0.27451056
0.30585628
0.49353885
0.61659129
0.61659129
0.61659129
0.61659129
0.61659129
0.61659129
0.61659129
0.61659129
0.61659129
0.55484692
0.48350756
0.48350756
0.48350756
0.54371162
0.54371162
0.54371162
0.54371162
0.61486437
0.61486437
0.61486437
0.61486437
0.60543272
0.51036036
0.42711314
0.42711314
0.42711314
0.42711314
0.44708888
0.44708888
0.44708888
0.44708888
0.52390212
0.55880103
0.55880103
0.55880103
0.36304629
0.33478326
0.30420995
0.29099056
0.29014615
0.29014615
0.25317319
0.25317319
0.25317319
0.28722865
0.28722865
0.28722865
0.28722865
0.28722865
0.27435556
0.27435556
0.27435556
0.27435556
0.23317394
0.23317394
0.23317394
0.23317394
0.23317394
0.23317394
0.23317394
0.23317394
0.2517508
0.25531984
0.25531984
0.29110513
0.29110513
0.29110513
0.29110513
0.29007115
0.25145696
0.246689
0.246689
0.22153155
0.22153155
0.22153155
0.22827226
0.22827226
0.22827226
0.2519729
0.2519729
0.2519729
0.2519729
0.29522855
0.29522855
0.29522855
0.23194252
0.23194252
0.23194252
0.23194252
0.23194252
0.23194252
0.23194252
0.23194252
0.23194252
0.23822388
0.31494648
0.31494648
0.31494648
0.31494648
0.31494648
0.31692957
0.31692957
0.37877709
0.37877709
0.37877709
0.51270472
0.6760877
0.83588965
1.0
1.0
1.0
0.99418452
0.76368925
0.59029141
0.41264254
0.34509516
0.34509516
0.34509516
0.34831292
0.35422084
0.35422084
0.35422084
0.35422084
0.35422084
0.35422084
0.35422084
0.33620726
0.33620726
0.33620726
0.33620726
0.30496494
0.30496494
0.30496494
0.30496494
0.30496494
0.30496494
0.30496494
0.30496494
0.30496494
0.30496494
0.30496494
0.32013062
0.32013062
0.32013062
0.32013062
0.33982536
0.33982536
0.33982536
0.23981253
0.23981253
0.23981253
0.27197589
0.27197589
0.27197589
0.27197589
0.27197589
0.27197589
0.27197589
0.27197589
0.27197589
0.27197589
0.27197589
0.27197589
0.24993362
0.24993362
0.24993362
0.27186644
0.27186644
0.27186644
0.27186644
0.23031008
0.22050218
0.22050218
0.22050218
0.28994014
0.28994014
0.28994014
0.33666545
0.33666545
0.33666545
0.33666545
0.33666545
0.33666545
0.33666545
0.33666545
0.33666545
0.33666545
0.33666545
0.33666545
0.28630174
0.28630174
0.28630174
0.28630174
0.34819825
0.34819825
0.38327013
0.38327013
0.38327013
0.38327013
0.38327013
0.38327013
0.38327013
0.38327013
0.38327013
0.33904886
0.33782597
0.33782597
0.30040706
0.30040706
0.30040706
0.30040706
0.22923593
0.22923593
0.22923593
0.24639768
0.24639768
0.24639768
0.24639768
0.24639768
0.24639768
0.24639768
0.24639768
0.22387924
0.22387924
0.22387924
0.2292638
0.2292638
0.2292638
0.26035166
0.30424698
0.30424698
0.30424698
0.30030641
0.30030641
0.30030641
0.27571078
0.27571078
0.27571078
0.25019735
0.25019735
0.25019735
0.25019735
0.25019735
0.25019735
0.25019735
0.25019735
0.25019735
0.25019735
0.25019735
0.25019735
0.25019735
0.25019735
0.25019735
0.25019735
0.27682458
0.27682458
0.27682458
0.27682458
0.27682458
0.27682458
0.27682458
0.27682458
0.23532132
0.23532132
0.18603514
0.18603514
0.18603514
0.18603514
0.18603514
0.15679886
0.15679886
0.15679886
0.15679886
0.15679886
0.37216872
0.37216872
0.37216872
0.36665272
0.36665272
0.26624209
0.26624209
0.14334175
0.14334175
0.14334175
0.14334175
0.14334175
0.14334175
0.14334175
0.17109452
0.17109452
0.17109452
0.17109452
0.17475764
0.17475764
0.17475764
0.17475764
0.20862567
0.20862567
0.20862567
0.12491661
0.11491023
0.10480463
0.10480463
0.10480463
0.10480463
0.10480463
0.10480463
0.08874405
0.08874405
0.08874405
0.08874405
0.08874405
0.08874405
0.08874405
0.08874405
0.09841914
0.09841914
0.09841914
0.09841914
0.09841914
0.09841914
0.09841914
0.09841914
0.12156686
0.13610288
0.17138299
0.17138299
0.2250285
0.2250285
0.2250285
0.21005299
0.21005299
0.20688556
0.20688556
0.13924336
0.13924336
0.13924336
0.13924336
0.13924336
0.13924336
0.13924336
0.13924336
0.13924336
0.13924336
0.13924336
0.13924336
0.13510022
0.13510022
0.13510022
0.13510022
0.09660025
0.09660025
0.09660025
0.08547237
0.08547237
0.08547237
0.08547237
0.08547237
0.08547237
0.08547237
0.08547237
0.08547237
0.08502957
0.07285269
0.07285269
0.05962858
0.05962858
0.05962858
0.0692885
0.0692885
0.07820381
0.07820381
0.07820381
0.07820381
0.07820381
0.07820381
0.0860649
0.0860649
0.0860649
0.0860649
0.07082078
0.07082078
0.07082078
0.07082078
0.06238295
0.06238295
0.06238295
0.06687658
0.06687658
0.06687658
0.12741621
0.12741621
0.12741621
0.12741621
0.12741621
0.12741621
0.09315168
0.07515928
0.07515928
0.07515928
0.07515928
0.07515928
0.07515928
0.04939667
0.04939667
0.04939667
0.07743978
0.07743978
0.07743978
0.07743978
0.07743978
0.09302114
0.11017376
0.11017376
0.11017376
0.26966081
0.26966081
0.26966081
0.23930593
0.23930593
0.23930593
0.23930593
0.23930593
0.23930593
0.23930593
0.23930593
0.22799153
0.22799153
0.22799153
0.22799153
0.22799153
0.22468689
0.22468689
0.22468689
0.22468689
0.22468689
0.22468689
0.25142986
0.25142986
0.25142986
0.25142986
0.25142986
0.25142986
0.27545656
0.27545656
0.27545656
0.27545656
0.27545656
0.27545656
0.27545656
0.27545656
0.27545656
0.27545656
0.27545656
0.27545656
0.30469592
0.30469592
0.30469592
0.30469592
0.30469592
0.30469592
0.30469592
0.30469592
0.30469592
0.30469592
0.30469592
0.30469592
0.30469592
0.30469592
0.30469592
0.44581068
0.44581068
0.44581068
0.44581068
0.44581068
0.3237948
0.3237948
0.3237948
0.3237948
0.3237948
0.31658324
0.31658324
0.31658324
0.31658324
0.31658324
0.31658324
0.31658324
0.31658324
0.2578136
0.2578136
0.2578136
0.2578136
0.2578136
0.2578136
0.2578136
0.2578136
0.2578136
0.2578136
0.2578136
0.2578136
0.26052042
0.26052042
0.26052042
0.26052042
0.36713141
0.36713141
0.36713141
0.36713141
0.36713141
0.36713141
0.36713141
0.36713141
0.36713141
0.36713141
0.32310339
0.32310339
0.32310339
0.32950714
0.32950714
0.32950714
0.35100426
0.35100426
0.35100426
0.35100426
0.35100426
0.35100426
0.35100426
0.35100426
0.35100426
0.35100426
0.35100426
0.35100426
0.35100426
0.25812139
0.25812139
0.25812139
0.29365738
0.29365738
0.29365738
0.31693913
0.31693913
0.31693913
0.35474851
0.35474851
0.35474851
0.39840398
0.39840398
0.39840398
0.39840398
0.39840398
0.39840398
0.39840398
0.39840398
0.40037464
0.40037464
0.42567338
0.43097994
0.43097994
0.43097994
0.43097994
0.43097994
0.43097994
0.44131729
0.44131729
0.46217482
0.46217482
0.46217482
0.46217482
0.42632468
0.42632468
0.42632468
0.46423524
0.46423524
0.46423524
0.46423524
0.46423524
0.46423524
0.46423524
0.46423524
0.46423524
0.46423524
0.48152821
0.48302008
0.48302008
0.48302008
0.50974412
0.52107941
0.52107941
0.52107941
0.52107941
0.52107941
0.52107941
0.52107941
0.52107941
0.52107941
0.52107941
0.48883995
0.48883995
0.48883995
0.48883995
0.44074047
0.44074047
0.44074047
0.44074047
0.44074047
0.42847652
0.42057658
0.41528656
0.3840982
0.3840982
0.35455554
0.29606452
0.29606452
0.29606452
0.20457476
0.1674871
0.1674871
0.13418175
0.13418175
0.13418175
0.09191132
0.09191132
0.09191132
0.09191132
0.09191132
0.09191132
0.09191132
0.09191132
0.11227229
0.12529494
0.12529494
0.25485055
0.25485055
0.3446213
0.40428958
0.40428958
0.40428958
0.40428958
0.40428958
0.40428958
0.40428958
0.40428958
0.36505865
0.36505865
0.36505865
0.36505865
0.41298268
0.41298268
0.41298268
0.40700583
0.35685464
0.35685464
0.35685464
0.35685464
0.35685464
0.35685464
0.35685464
0.35685464
0.36377328
0.36377328
0.36377328
0.36377328
0.35523892
0.35523892
0.35523892
0.35523892
0.37400019
0.37400019
0.37400019
0.37400019
0.37400019
0.37400019
0.37400019
0.42315595
0.42315595
0.42315595
0.47891024
0.47891024
0.47891024
0.47891024
0.47891024
0.47891024
0.4619925
0.4619925
0.4619925
0.4619925
0.4619925
0.4619925
0.4619925
0.4619925
0.4619925
0.4619925
0.42852411
0.42283291
0.42283291
0.42283291
0.42283291
0.42283291
0.42283291
0.42283291
0.42283291
0.42283291
0.42283291
0.41449744
0.38128631
0.38128631
0.38128631
0.39877449
0.41881879
0.47370229
0.47370229
0.47370229
0.47370229
0.47370229
0.47370229
0.47370229
0.47370229
0.47370229
0.47370229
0.47370229
0.4557676
0.44135531
0.44135531
0.44135531
0.44135531
0.44135531
0.43795048
0.42813592
0.42813592
0.42813592
0.42813592
0.42813592
0.42813592
0.42813592
0.42813592
0.42813592
0.42813592
0.42813592
0.42813592
0.42813592
0.42813592
0.42813592
0.42813592
0.42813592
0.45444047
0.45444047
0.45444047
0.45444047
0.45444047
0.45444047
0.45444047
0.45444047
0.43147278
0.43147278
0.43147278
0.43147278
0.43153579
0.43153579
0.43153579
0.38954938
0.38954938
0.22589678
0.20579851
0.20579851
0.20579851
0.16500191
0.16500191
0.15566059
0.15566059
0.15566059
0.14173335
0.14173335
0.14173335
0.14173335
0.14173335
0.14173335
0.14173335
0.14173335
0.14173335
0.14173335
0.16035784
0.16035784
0.16035784
0.16035784
0.16035784
0.16035784
0.13353749
0.13353749
0.13353749
0.13353749
0.13353749
0.13353749
0.13353749
0.13353749
0.13353749
0.15145021
0.17229698
0.17229698
0.17229698
0.17229698
0.17229698
0.17229698
0.17229698
0.17229698
0.17395242
0.17395242
0.17395242
0.17395242
0.17395242
0.19450274
0.20466516
0.20466516
0.20466516
0.20466516
0.23647444
0.23647444
0.23647444
0.23647444
0.23647444
0.23647444
0.21180608
0.12923959
0.12124709
0.12124709
0.12124709
0.12124709
0.12124709
0.12124709
0.12124709
0.16491756
0.16491756
0.16491756
0.11424469
0.11424469
0.11424469
0.11424469
0.11424469
0.11424469
0.11424469
0.11424469
0.11424469
0.11424469
0.05746136
0.05746136
0.05746136
0.05746136
0.06082619
0.08916938
0.08916938
0.08916938
0.0489179
0.0489179
0.0489179
0.04696846
0.04696846
0.04696846
0.07196192
0.07650922
0.07650922
0.10773011
0.11917115
0.11917115
0.11917115
0.11917115
0.11917115
0.11917115
0.11917115
0.12039692
0.12039692
0.12039692
0.10727478
0.10727478
0.10727478
0.10727478
0.10727478
0.10727478
0.10727478
0.10727478
0.10727478
0.10845518
0.10845518
0.10845518
0.10845518
0.10845518
0.10845518
0.10845518
0.10845518
0.10845518
0.10845518
0.10845518
0.10845518
0.10845518
0.10845518
0.10845518
0.10845518
0.10845518
0.0835418
0.06920722
0.06920722
0.06920722
0.06920722
0.06920722
0.06920722
0.06920722
0.06920722
0.06920722
0.06920722
0.06920722
0.06920722
0.06920722
0.06920722
0.06920722
0.06920722
0.06920722
0.06920722
0.06459797
0.06459797
0.06459797
0.06459797
0.06459797
0.03997265
0.03997265
0.03997265
0.03997265
0.03997265
0.03336326
0.03336326
0.03336326
0.03368167
0.08192036
0.08192036
0.08192036
0.07831446
0.05215813
0.05215813
0.05215813
0.05215813
0.05215813
0.05215813
0.05215813
0.06953642
0.06953642
0.06953642
0.06953642
0.06953642
0.06953642
0.06953642
0.06953642
0.06953642
0.06953642
0.06953642
0.06953642
0.09294089
0.09294089
0.09294089
0.05531304
0.05168477
0.0437019
0.0437019
0.0437019
0.0437019
0.0437019
0.0437019
0.0437019
0.0437019
0.0437019
0.0437019
0.0437019
0.0437019
0.0437019
0.0437019
0.0437019
0.04848061
0.10204362
0.10204362
0.10204362
0.07855353
0.07855353
0.07855353
0.07855353
0.08219579
0.08219579
0.08219579
0.07206462
0.07206462
0.07206462
0.0774008
0.11028072
0.11028072
0.11028072
0.11028072
0.11028072
0.13315066
0.13315066
0.13315066
0.06721739
0.0592975
0.0592975
0.0592975
0.0592975
0.0592975
0.0592975
0.0592975
0.0592975
0.0592975
0.06991432
0.0716046
0.0716046
0.0716046
0.0716046
0.0716046
0.0716046
0.0716046
0.0716046
0.0716046
0.0716046
0.0716046
0.0716046
0.0716046
0.0716046
0.0716046
0.0716046
0.0716046
0.0716046
0.0716046
0.0716046
0.06828425
0.06828425
0.06828425
0.06828425
0.08303249
0.08303249
0.08303249
0.08303249
0.07129131
0.07129131
0.05827585
0.05827585
0.05827585
0.05827585
0.05827585
0.05827585
0.03908736
0.03908736
0.03908736
0.05094925
0.05094925
0.06084079
0.06084079
0.06084079
0.06084079
0.06084079
0.06084079
0.06084079
0.03262271
0.03262271
0.03262271
0.04964146
0.04964146
0.04964146
0.04964146
0.06280839
0.06280839
0.06280839
0.06280839
0.06280839
0.06280839
0.06280839
0.06280839
0.06280839
0.06063454
0.06063454
0.06063454
0.05073786
0.05073786
0.05073786
0.05073786
0.05073786
0.05073786
0.05073786
0.05073786
0.05073786
0.05073786
0.05073786
0.03266578
0.03266578
0.03266578
0.03266578
0.07546986
0.07546986
0.09395762
0.09395762
0.09395762
0.09726628
0.09726628
0.09726628
0.09726628
0.09726628
0.09726628
0.09726628
0.09461467
0.09461467
0.09461467
0.09461467
0.0897864
0.0897864
0.0897864
0.0897864
0.0897864
0.0897864
0.08756825
0.08756825
0.07412059
0.07412059
0.07412059
0.09592516
0.09592516
0.09592516
0.06566537
0.06566537
0.06566537
0.06566537
0.06566537
0.06566537
0.06566537
0.08862628
0.08862628
0.08862628
0.08862628
0.08862628
0.09030842
0.10414498
0.10414498
0.10414498
0.10414498
0.10414498
0.10414498
0.10414498
0.10414498
0.10414498
0.09872248
0.09872248
0.09872248
0.09872248
0.08745202
0.08745202
0.08745202
0.08745202
0.08745202
0.08745202
0.08745202
0.08745202
0.08745202
0.08745202
0.09091673
0.09091673
0.09091673
0.09091673
0.09091673
0.15928193
0.15928193
0.15928193
0.15928193
0.15928193
0.15928193
0.15928193
0.15742672
0.15742672
0.11666352
0.11666352
0.11666352
0.14944706
0.14944706
0.14944706
0.14944706
0.14944706
0.14944706
0.13670197
0.13670197
0.13670197
0.13670197
0.13670197
0.12895878
0.12895878
0.12895878
0.13756719
0.13756719
0.13756719
0.13756719
0.13756719
0.13756719
0.15081147
0.15081147
0.15081147
0.15081147
0.15081147
0.14909553
0.14909553
0.14909553
0.14909553
0.12562033
0.12562033
0.12562033
0.12562033
0.12562033
0.12562033
0.12562033
0.10827188
0.10199755
0.09493531
0.09493531
0.09493531
0.09795542
0.09795542
0.09795542
0.09795542
0.09795542
0.09795542
0.09795542
0.09795542
0.12709682
0.12709682
0.12709682
0.12709682
0.13085384
0.13085384
0.13085384
0.13085384
0.13085384
0.12253869
0.12253869
0.12253869
0.12253869
0.12253869
0.14562499
0.14562499
0.14562499
0.14562499
0.14562499
0.14562499
0.14562499
0.14543924
0.13216352
0.13216352
0.13216352
0.13216352
0.13216352
0.13216352
0.13216352
0.13950609
0.13950609
0.13950609
0.13950609
0.13950609
0.14065674
0.14065674
0.14065674
0.14065674
0.14065674
0.14065674
0.14065674
0.14065674
0.14065674
0.14065674
0.14065674
0.16974302
0.16974302
0.17915708
0.23721735
0.23721735
0.23721735
0.23721735
0.23721735
0.23721735
0.23721735
0.23721735
0.23721735
0.23721735
0.21045273
0.21045273
0.21045273
0.21045273
0.21045273
0.21045273
0.21045273
0.21045273
0.21045273
0.21045273
0.21045273
0.21045273
0.21045273
0.21045273
0.21045273
0.18048635
0.12758105
0.12758105
0.12758105
0.14631052
0.16254229
0.16254229
0.16254229
0.16254229
0.16254229
0.16254229
0.16254229
0.16254229
0.11872095
0.11872095
0.11872095
0.13501907
0.13501907
0.13501907
0.13501907
0.13501907
0.13501907
0.13501907
0.13501907
0.13501907
0.13501907
0.13501907
0.13501907
0.13858222
0.19941467
0.19941467
0.19941467
0.19941467
0.19941467
0.19941467
0.17655543
0.17655543
0.17655543
0.17655543
0.17655543
0.17655543
0.13020769
0.12675812
0.12675812
0.12675812
0.12675812
0.12675812
0.12675812
0.12675812
0.10162462
0.08764903
0.08764903
0.08764903
0.08764903
0.08764903
0.08764903
0.08764903
0.08764903
0.08764903
0.08764903
0.09370422
0.09370422
0.13349646
0.14144286
0.14144286
0.14144286
0.14144286
0.14144286
0.14144286
0.14144286
0.14144286
0.14144286
0.14144286
0.14144286
0.14144286
0.14144286
0.14144286
0.14144286
0.14144286
0.13152484
0.10588474
0.10588474
0.10588474
0.11614331
0.11614331
0.11614331
0.11614331
0.11614331
0.11614331
0.08246939
0.05142581
0.05142581
0.05142581
0.05142581
0.05142581
0.05142581
0.05142581
0.05142581
0.05142581
0.09452046
0.09452046
0.09452046
0.09452046
0.09452046
0.09452046
0.08387618
0.08387618
0.08387618
0.08387618
0.08387618
0.08387618
0.11409273
0.11409273
0.11409273
0.1139496
0.11193892
0.09957119
0.09957119
0.09609751
0.09609751
0.09609751
0.09609751
0.09609751
0.09609751
0.09609751
0.09609751
0.10048654
0.11908291
0.11908291
0.11908291
0.11908291
0.11908291
0.11908291
0.11908291
0.09104691
0.08510273
0.08510273
0.08510273
0.08510273
0.08510273
0.08510273
0.03606745
0.03606745
0.03606745
0.03606745
0.03606745
0.03606745
0.03606745
0.03606745
0.03606745
0.03667779
0.05324245
0.05856974
0.05856974
0.05856974
0.08946432
0.08946432
0.08946432
0.08946432
0.08946432
0.08946432
0.08946432
0.08946432
0.08946432
0.08946432
0.08946432
0.10166482
0.10166482
0.10166482
0.09321304
0.09321304
0.09321304
0.09321304
0.09321304
0.09321304
0.09321304
0.09321304
0.09321304
0.09321304
0.09321304
0.09321304
0.09321304
0.09321304
0.09321304
0.09321304
0.09321304
0.09321304
0.09321304
0.09321304
0.05439076
0.05439076
0.05439076
0.05439076
0.05439076
0.05439076
0.05439076
0.05439076
0.05439076
0.12462227
0.12462227
0.12462227
0.0925469
0.06905132
0.04619299
0.04619299
0.04619299
0.04619299
0.04619299
0.04619299
0.04619299
0.04619299
0.04619299
0.05558709
0.11750838
0.11750838
0.11750838
0.11145284
0.11145284
0.0661071
0.0661071
0.0661071
0.0968519
0.0968519
0.0968519
0.07080268
0.02718468
0.02718468
0.02718468
0.05944083
0.05944083
0.05944083
0.05240463
0.05240463
0.05240463
0.05240463
0.05240463
0.05240463
0.0481293
0.0481293
0.0481293
0.05557345
0.06415778
0.06415778
0.06415778
0.06415778
0.09732989
0.09732989
0.09732989
0.09732989
0.09732989
0.09732989
0.09732989
0.09732989
0.09732989
0.09732989
0.09732989
0.09732989
0.09732989
0.09732989
0.09732989
0.09732989
0.08111532
0.08111532
0.08111532
0.08111532
0.05702776
0.05702776
0.05702776
0.05702776
0.05702776
0.06572719
0.06572719
0.06572719
0.06572719
0.06904049
0.06904049
0.06904049
0.05249976
0.05249976
0.05249976
0.05249976
0.05249976
0.05249976
0.05249976
0.05249976
0.05249976
0.05249976
0.05249976
0.03944623
0.03944623
0.03944623
0.03944623
0.03944623
0.0567481
0.06730059
0.06730059
0.06730059
0.06730059
0.06730059
0.06730059
0.06730059
0.05198987
0.05198987
0.03766124
0.03766124
0.03766124
0.03766124
0.03766124
0.08142502
0.08142502
0.08142502
0.06976015
0.06976015
0.06976015
0.06976015
0.04605849
0.04605849
0.04605849
0.04605849
0.04605849
0.04605849
0.04605849
0.06056999
0.06056999
0.06056999
0.06056999
0.04400712
0.04400712
0.04400712
0.04400712
0.09255061
0.09255061
0.09255061
0.09255061
0.07671216
0.07671216
0.07671216
0.07671216
0.07671216
0.07671216
0.07671216
0.07671216
0.07671216
0.07671216
0.08534733
0.08534733
0.08534733
0.06540506
0.06540506
0.06540506
0.06540506
0.06360951
0.06360951
0.06360951
0.06360951
0.06360951
0.0677121
0.0677121
0.0677121
0.07642757
0.07642757
0.07642757
0.07642757
0.07642757
0.07642757
0.05914391
0.05914391
0.05914391
0.05914391
0.05914391
0.07522059
0.07522059
0.07522059
0.07522059
0.07522059
0.06314009
0.02751114
0.02751114
0.02751114
0.04990662
0.04990662
0.04990662
0.04427723
0.04427723
0.04427723
0.04427723
0.04427723
0.04427723
0.04427723
0.04427723
0.04427723
0.0411009
0.03353212
0.03353212
0.03353212
0.03353212
0.03353212
0.04240274
0.05208834
0.05208834
0.05208834
0.05208834
0.05461195
0.05461195
0.07414614
0.07414614
0.07414614
0.07414614
0.07414614
0.05673429
0.05673429
0.05673429
0.08050465
0.08050465
0.08050465
0.08050465
0.1174906
0.1174906
0.1174906
0.09727112
0.09727112
0.09727112
0.11403149
0.11403149
0.11403149
0.11403149
0.12708449
0.12708449
0.12708449
0.12708449
0.11964683
0.11964683
0.10799754
0.10799754
0.08930341
0.08930341
0.08930341
0.08930341
0.08930341
0.07972806
0.07972806
0.07972806
0.09388956
0.09388956
0.09388956
0.09388956
0.09388956
0.09388956
0.09388956
0.09388956
0.09388956
0.09388956
0.09388956
0.09388956
0.09388956
0.06423481
0.06423481
0.06423481
0.06423481
0.06423481
0.06423481
0.06423481
0.06423481
0.06423481
0.06471728
0.06471728
0.08333422
0.08333422
0.08333422
0.08333422
0.08333422
0.08333422
0.06754645
0.06754645
0.06754645
0.10157069
0.10157069
0.10157069
0.08534968
0.08446587
0.08446587
0.07181118
0.05208367
0.05208367
0.05208367
0.05893964
0.05893964
0.05893964
0.04890792
0.04890792
0.04890792
0.04890792
0.09423948
0.09423948
0.09423948
0.07833226
0.07833226
0.07833226
0.07680749
0.07680749
0.07680749
0.07680749
0.06922582
0.06922582
0.06922582
0.06922582
0.06681611
0.06681611
0.06681611
0.06681611
0.0659972
0.05955943
0.05955943
0.05955943
0.05955943
0.05955943
0.05529922
0.05529922
0.05529922
0.06888579
0.08738442
0.08738442
0.08738442
0.07851114
0.04178064
0.04178064
0.04178064
0.04178064
0.04178064
0.04178064
0.04178064
0.04178064
0.04178064
0.04178064
0.04178064
0.04178064
0.04178064
0.04178064
0.04178064
0.04178064
0.04178064
0.04178064
0.04178064
0.04178064
0.04178064
0.04178064
0.02224507
0.02224507
0.02224507
0.02224507
0.01626734
0.01626734
0.01626734
0.02686324
0.02686324
0.02686324
0.05127008
0.05127008
0.05127008
0.0398264
0.03335046
0.03335046
0.03335046
0.04879958
0.04879958
0.04879958
0.04879958
0.05735333
0.05735333
0.05735333
0.05735333
0.05735333
0.05016519
0.05016519
0.05016519
0.05003888
0.05003888
0.05003888
0.05003888
0.05003888
0.05003888
0.04407154
0.03343888
0.03343888
0.03343888
0.03343888
0.03343888
0.03274259
0.03274259
0.03265224
0.03265224
0.03265224
0.03265224
0.03265224
0.03265224
0.04665438
0.04665438
0.04665438
0.0404265
0.0404265
0.0404265
0.05301156
0.06385794
0.06385794
0.06385794
0.06385794
0.06385794
0.06637236
0.08944387
0.08944387
0.08944387
0.11502025
0.11502025
0.11502025
0.11502025
0.11502025
0.11470237
0.11470237
0.11470237
0.11470237
0.11470237
0.11470237
0.11470237
0.11470237
0.11470237
0.10104924
0.08764746
0.08764746
0.08764746
0.10550164
0.10550164
0.12745585
0.12745585
0.12745585
0.12745585
0.12745585
0.12745585
0.12745585
0.12681248
0.12681248
0.12681248
0.12681248
0.12681248
0.12681248
0.12681248
0.12681248
0.12681248
0.12681248
0.12681248
0.12681248
0.12681248
0.12222593
0.12222593
0.12222593
0.12916855
0.12916855
0.18651228
0.18651228
0.18651228
0.17495323
0.17495323
0.17495323
0.12780051
0.12780051
0.12780051
0.12780051
0.12780051
0.12780051
0.12780051
0.17189312
0.31106225
0.31132178
0.31132178
0.31132178
0.31132178
0.18467679
0.18467679
0.18467679
0.24138398
0.24138398
0.24138398
0.19292534
0.19292534
0.18767779
0.18767779
0.18767779
0.20955984
0.3789592
0.3789592
0.3789592
0.3789592
0.25159623
0.25159623
0.22464853
0.22464853
0.22464853
0.22783958
0.31770932
0.31770932
0.31770932
0.31770932
0.25778643
0.18156704
0.18156704
0.14042664
0.14042664
0.14042664
0.14042664
0.14042664
0.14042664
0.14042664
0.14042664
0.14042664
0.14042664
0.14042664
0.14042664
0.14042664
0.14042664
0.14042664
0.14042664
0.14042664
0.14042664
0.14042664
0.15370013
0.34270147
0.34330305
0.37271939
0.37271939
0.37271939
0.37271939
0.37271939
0.4338042
0.4338042
0.4338042
0.4338042
0.4338042
0.45591614
0.46723872
0.46723872
0.46723872
0.46723872
0.46723872
0.46723872
0.46723872
0.46723872
0.46660618
0.46660618
0.46660618
0.46660618
0.46660618
0.46660618
0.46660618
0.46660618
0.48807728
0.48807728
0.48807728
0.48807728
0.48807728
0.48807728
0.48807728
0.48807728
0.48807728
0.48807728
0.53553243
0.53553243
0.53681979
0.53681979
0.53681979
0.53681979
0.52115403
0.52115403
0.52115403
0.50871084
0.4729216
0.45176352
0.45176352
0.45176352
0.45176352
0.39910988
0.39910988
0.39910988
0.39910988
0.39910988
0.39910988
0.36859494
0.36859494
0.36859494
0.35968492
0.32690495
0.32690495
0.32690495
0.32690495
0.31802704
0.31802704
0.30658999
0.30658999
0.26871159
0.26871159
0.26871159
0.24901181
0.24901181
0.24901181
0.24901181
0.24901181
0.24901181
0.24901181
0.24901181
0.24901181
0.24901181
0.24901181
0.24901181
0.24901181
0.24901181
0.24901181
0.24901181
0.24901181
0.24901181
0.24901181
0.24901181
0.24901181
0.24901181
0.24901181
0.24901181
0.24901181
0.24901181
0.23553821
0.23553821
0.23553821
0.23553821
0.23553821
0.23553821
0.23553821
0.23553821
0.23553821
0.23553821
0.23553821
0.23553821
0.23553821
0.23553821
0.23553821
0.23553821
0.23553821
0.23553821
0.23553821
0.24193854
0.25160592
0.25160592
0.2779212
0.27985029
0.27985029
0.2854496
0.2854496
0.2854496
0.2854496
0.2854496
0.2854496
0.27599564
0.27599564
0.27599564
0.27599564
0.27599564
0.27599564
0.27599564
0.27209224
0.27209224
0.27209224
0.27209224
0.27209224
0.27209224
0.26423915
0.26423915
0.26423915
0.279712
0.279712
0.279712
0.19560243
0.15698672
0.15698672
0.15698672
0.15698672
0.15698672
0.15673967
0.14865502
0.14865502
0.14865502
0.13597963
0.13597963
0.13597963
0.13815572
0.13815572
0.13815572
0.20509343
0.20509343
0.20509343
0.18417001
0.18417001
0.18417001
0.18417001
0.18417001
0.18417001
0.18128687
0.1575932
0.1575932
0.1575932
0.21171539
0.21171539
0.23258527
0.23258527
0.23258527
0.21410537
0.21410537
0.2020285
0.2020285
0.19158798
0.19158798
0.19158798
0.19158798
0.19158798
0.19158798
0.18401436
0.18401436
0.18401436
0.1961226
0.1961226
0.1961226
0.1961226
0.19438347
0.19438347
0.19438347
0.19438347
0.19438347
0.16756823
0.16756823
0.16756823
0.1397645
0.1049132
0.1049132
0.1049132
0.1049132
0.1049132
0.1049132
0.1049132
0.09383601
0.09383601
0.08793693
0.08793693
0.08793693
0.07995967
0.07213706
0.07213706
0.07213706
0.07213706
0.07213706
0.13646501
0.13646501
0.13978582
0.18998508
0.18998508
0.18998508
0.16595541
0.1415628
0.1415628
0.1415628
0.14485315
0.16477333
0.16477333
0.1899073
0.1899073
0.1899073
0.18232189
0.18232189
0.18232189
0.1954204
0.1954204
0.21200128
0.22593446
0.22593446
0.22593446
0.28870571
0.28870571
0.28870571
0.28870571
0.28870571
0.28870571
0.28870571
0.28870571
0.28870571
0.28870571
0.28870571
0.28870571
0.48957298
0.48957298
0.65921044
0.75334641
0.75334641
0.75334641
0.68678614
0.62568979
0.21269824
0.21269824
0.18955955
0.18955955
0.18393016
0.18393016
0.18393016
0.18393016
0.16272325
0.16272325
0.16272325
0.16272325
0.15119278
0.15119278
0.15119278
0.15119278
0.15119278
0.15119278
0.1566409
0.1566409
0.1566409
0.1566409
0.1566409
0.19091163
0.22245355
0.22245355
0.22245355
0.22245355
0.18149
0.18149
0.18149
0.19930581
0.35712452
0.35712452
0.53668166
0.53668166
0.53668166
0.53668166
0.53668166
0.5200456
0.5200456
0.5200456
0.5200456
0.28298843
0.22081445
0.22081445
0.22081445
0.22081445
0.22081445
0.22081445
0.22081445
0.22081445
0.24721485
0.24721485
0.24721485
0.24721485
0.24721485
0.24721485
0.24721485
0.24721485
0.24721485
0.24721485
0.24721485
0.24721485
0.24721485
0.24721485
0.24721485
0.24721485
0.24721485
0.18562824
0.18562824
0.18562824
0.18562824
0.18562824
0.18562824
0.21217244
0.21217244
0.21217244
0.21217244
0.21217244
0.21217244
0.21217244
0.21217244
0.21217244
0.21217244
0.19865943
0.19865943
0.19865943
0.19939861
0.20121763
0.20121763
0.20121763
0.20121763
0.20121763
0.20121763
0.20121763
0.24113287
0.26433159
0.28003334
0.28003334
0.28003334
0.28003334
0.28003334
0.28003334
0.28003334
0.28230927
0.28724056
0.28724056
0.28724056
0.28724056
0.28724056
0.31281271
0.34640232
0.34640232
0.34640232
0.34640232
0.33075332
0.33075332
0.33075332
0.41930279
0.4519949
0.4519949
0.4519949
0.50173528
0.50173528
0.50173528
0.50173528
0.39349707
0.37911665
0.37911665
0.37911665
0.41185768
0.41185768
0.41185768
0.41185768
0.45947127
0.45947127
0.45947127
0.45947127
0.45947127
0.45947127
0.45947127
0.45947127
0.47618584
0.47618584
0.47618584
0.47618584
0.47618584
0.47618584
0.42202486
0.42202486
0.42202486
0.45956518
0.48369871
0.48369871
0.48369871
0.48369871
0.45296845
0.38943726
0.33326141
0.33326141
0.33326141
0.34477945
0.36923033
0.4182026
0.4182026
0.4182026
0.4182026
0.4182026
0.4182026
0.69224682
0.69224682
0.69224682
0.69224682
0.69224682
0.37807748
0.37807748
0.37807748
0.37807748
0.37807748
0.38106193
0.38106193
0.38106193
0.42665955
0.42665955
0.42665955
0.42665955
0.42665955
0.42665955
0.42665955
0.42833127
0.42833127
0.42833127
0.42833127
0.42833127
0.42833127
0.42833127
0.42833127
0.42833127
0.42833127
0.42833127
0.47549818
0.49890631
0.49890631
0.49890631
0.49890631
0.49890631
0.49890631
0.49890631
0.49890631
0.49890631
0.42307568
0.42307568
0.42307568
0.39528386
0.39528386
0.39528386
0.46543936
0.46543936
0.53013008
0.53013008
0.53192287
0.53192287
0.54564178
0.54564178
0.54564178
0.54564178
0.54564178
0.54564178
0.54564178
0.6151433
0.6151433
0.6151433
0.6151433
0.6151433
0.6151433
0.46838959
0.46838959
0.46838959
0.46838959
0.46838959
0.46838959
0.46838959
0.46838959
0.46838959
0.46838959
0.46838959
0.46838959
0.46838959
0.7960036
0.7960036
0.7960036
0.37010975
0.37010975
0.37010975
0.42175654
0.42175654
0.42175654
0.42175654
0.42175654
0.42175654
0.40660658
0.40660658
0.38600606
0.34250897
0.3269478
0.3269478
0.3269478
0.32030262
0.29288282
0.29288282
0.29288282
0.31544567
0.31544567
0.31544567
0.31544567
0.25258821
0.25258821
0.25258821
0.29945068
0.85613706
0.85613706
0.85613706
0.85613706
0.85613706
0.85613706
0.90596031
0.90596031
0.90596031
0.6910179
0.49213337
0.49213337
0.49213337
0.49213337
0.49213337
0.49213337
0.57353476
0.57353476
0.57353476
0.50056348
0.3043172
0.3043172
0.18898707
0.18898707
0.18898707
0.21814531
0.24148982
0.24148982
0.24148982
0.22231714
0.22231714
0.22231714
0.22231714
0.22231714
0.22231714
0.1956214
0.1956214
0.1956214
0.1956214
0.1956214
0.18983181
0.18983181
0.18983181
0.18983181
0.18948986
0.18948986
0.18948986
0.18948986
0.17829801
0.17829801
0.17829801
0.17829801
0.17292731
0.17292731
0.17292731
0.16479126
0.16479126
0.16479126
0.16479126
0.16479126
0.16479126
0.16973308
0.16973308
0.16973308
0.16973308
0.1997963
0.1997963
0.1997963
0.18380354
0.18380354
0.18380354
0.18380354
0.18380354
0.18380354
0.18380354
0.18380354
0.21422785
0.21422785
0.21422785
0.20311608
0.17434337
0.17434337
0.16139998
0.16139998
0.13419224
0.13419224
0.13419224
0.13419224
0.13419224
0.13419224
0.15438084
0.15438084
0.15438084
0.15438084
0.15438084
0.15438084
0.11271042
0.11271042
0.11257083
0.11257083
0.11257083
0.11257083
0.11643154
0.13216691
0.13216691
0.13216691
0.13216691
0.13216691
0.13216691
0.13216691
0.13216691
0.13216691
0.1455759
0.1455759
0.1455759
0.14281839
0.14281839
0.1240507
0.1240507
0.1240507
0.1240507
0.15074813
0.15074813
0.15074813
0.15074813
0.21851505
0.21851505
0.21851505
0.21851505
0.21851505
0.21851505
0.1485526
0.1485526
0.1485526
0.16988922
0.16988922
0.16988922
0.16988922
0.16988922
0.16988922
0.16988922
0.16988922
0.16103693
0.15666742
0.15329141
0.15329141
0.15329141
0.1267503
0.12270737
0.12270737
0.12270737
0.17689779
0.19323698
0.19323698
0.22396413
0.22396413
0.22975413
0.22975413
0.22975413
0.30387689
0.30387689
0.30387689
0.38847184
0.38847184
0.4290697
0.4290697
0.4290697
0.4290697
0.4290697
0.42845148
0.42845148
0.42845148
0.42845148
0.42845148
0.42845148
0.38538774
0.38538774
0.38538774
0.35953532
0.35634649
0.31389642
0.2975469
0.21676706
0.12107789
0.12107789
0.12107789
0.13796135
0.13796135
0.13796135
0.13796135
0.13796135
0.13796135
0.13796135
0.13796135
0.13796135
0.13796135
0.13796135
0.10926679
0.10926679
0.10926679
0.10926679
0.10926679
0.10926679
0.11134329
0.11391958
0.11391958
0.11391958
0.14625845
0.14625845
0.19720102
0.19720102
0.19720102
0.19687484
0.19687484
0.19687484
0.19687484
0.16892177
0.16892177
0.16892177
0.16892177
0.16892177
0.16892177
0.16892177
0.16900073
0.16900073
0.16900073
0.16900073
0.16900073
0.16900073
0.16900073
0.16900073
0.16900073
0.15340291
0.15340291
0.15340291
0.19576582
0.24511334
0.24511334
0.24511334
0.24511334
0.24511334
0.24511334
0.24511334
0.25009266
0.25009266
0.25009266
0.25009266
0.25009266
0.29272523
0.29272523
0.29272523
0.18369291
0.15278521
0.15278521
0.15278521
0.17733691
0.21162807
0.21162807
0.21162807
0.20304017
0.20304017
0.20304017
0.20304017
0.20304017
0.20304017
0.20304017
0.20304017
0.20304017
0.20304017
0.20304017
0.20304017
0.20304017
0.24023593
0.24023593
0.24023593
0.24023593
0.24023593
0.18992074
0.18992074
0.18992074
0.18992074
0.18992074
0.18992074
0.18992074
0.18992074
0.21045045
0.21760796
0.21760796
0.21760796
0.23336759
0.23336759
0.23336759
0.23336759
0.31836104
0.31836104
0.31836104
0.31836104
0.35568811
0.35568811
0.35568811
0.35568811
0.35568811
0.35568811
0.35568811
0.27903811
0.21809016
0.21809016
0.18992402
0.18992402
0.18992402
0.18992402
0.18992402
0.18206472
0.18206472
0.18206472
0.14356196
0.14356196
0.14356196
0.13990729
0.13990729
0.13990729
0.11095718
0.11095718
0.11095718
0.11095718
0.10168334
0.06616111
0.06616111
0.06616111
0.06616111
0.06616111
0.06616111
0.06616111
0.08146221
0.0934891
0.0934891
0.1514773
0.1514773
0.1514773
0.1514773
0.1514773
0.1514773
0.1514773
0.1514773
0.1514773
0.15330604
0.15330604
0.15330604
0.09934531
0.09934531
0.09934531
0.09934531
0.09934531
0.09934531
0.09934531
0.09934531
0.09934531
0.09948693
0.09948693
0.09948693
0.09948693
0.09948693
0.11984731
0.13042329
0.18106535
0.18106535
0.18106535
0.14942498
0.14942498
0.14942498
0.14942498
0.14202187
0.14202187
0.14202187
0.14202187
0.14202187
0.14202187
0.14862618
0.15185548
0.15185548
0.2057875
0.2057875
0.2057875
0.17827298
0.14279331
0.14279331
0.14279331
0.14279331
0.14279331
0.14279331
0.10616149
0.10616149
0.10616149
0.10616149
0.10616149
0.14078237
0.14078237
0.14100739
0.14297502
0.14297502
0.14297502
0.14297502
0.14297502
0.20366056
0.20366056
0.20366056
0.16978008
0.14516125
0.11979005
0.1192499
0.1192499
0.1192499
0.12636512
0.12636512
0.12636512
0.12636512
0.13883717
0.13883717
0.13883717
0.13883717
0.13883717
0.13883717
0.18911724
0.18911724
0.18911724
0.18911724
0.21042343
0.21042343
0.21042343
0.21042343
0.21042343
0.25856067
0.25856067
0.25856067
0.20736813
0.20736813
0.20736813
0.20736813
0.20736813
0.20736813
0.20736813
0.20736813
0.20736813
0.20736813
0.20736813
0.13245119
0.13245119
0.13245119
0.13245119
0.14109517
0.14109517
0.14109517
0.14109517
0.14109517
0.14109517
0.14109517
0.14109517
0.14109517
0.14109517
0.13651274
0.13651274
0.13651274
0.13651274
0.13651274
0.13651274
0.13651274
0.12724458
0.12724458
0.12724458
0.12724458
0.12724458
0.12724458
0.12724458
0.13708636
0.13708636
0.13708636
0.13708636
0.13708636
0.13708636
0.13708636
0.13708636
0.13708636
0.13708636
0.13708636
0.06931353
0.06931353
0.06931353
0.08631639
0.08631639
0.08631639
0.08631639
0.07934924
0.07934924
0.07934924
0.07934924
0.07934924
0.07934924
0.07934924
0.07934924
0.07934924
0.07934924
0.07934924
0.07934924
0.07934924
0.07934924
0.06415138
0.05821876
0.05821876
0.05821876
0.05821876
0.05977074
0.09930751
0.11974684
0.11974684
0.11974684
0.11018049
0.11018049
0.11018049
0.11018049
0.11018049
0.08038301
0.08038301
0.08038301
0.08038301
0.08635249
0.08635249
0.10641798
0.13983278
0.13983278
0.15458403
0.15458403
0.15618887
0.15618887
0.15618887
0.15618887
0.15618887
0.15618887
0.32263175
0.32263175
0.32263175
0.32263175
0.32263175
0.32263175
0.32263175
0.40421293
0.40421293
0.40421293
0.40421293
0.40421293
0.34447948
0.34447948
0.34447948
0.34447948
0.34447948
0.34447948
0.34447948
0.34447948
0.34447948
0.34447948
0.34447948
0.34447948
0.33242238
0.33242238
0.33242238
0.33242238
0.30369073
0.30369073
0.30369073
0.30369073
0.33555257
0.34752926
0.34752926
0.34752926
0.34752926
0.34752926
0.34752926
0.34752926
0.34752926
0.29741685
0.29741685
0.29741685
0.29741685
0.29741685
0.29741685
0.33268284
0.33268284
0.33268284
0.34209069
0.34209069
0.34209069
0.34209069
0.34209069
0.24409228
0.24409228
0.24409228
0.24518767
0.24518767
0.24518767
0.21610636
0.21610636
0.21610636
0.30248413
0.30248413
0.30248413
0.30248413
0.37151371
0.37151371
0.37151371
0.37151371
0.37151371
0.37151371
0.37151371
0.37151371
0.3256094
0.32519867
0.32519867
0.32519867
0.32519867
0.36706925
0.36706925
0.36706925
0.35205686
0.35205686
0.21856183
0.21856183
0.21856183
0.28466972
0.28466972
0.28466972
0.28466972
0.38240865
0.38240865
0.38240865
0.38240865
0.38240865
0.25095834
0.25095834
0.25095834
0.25095834
0.26017085
0.26017085
0.26017085
0.26997915
0.26997915
0.26997915
0.37194238
0.37194238
0.48653645
0.48653645
0.48653645
0.48653645
0.48653645
0.48613938
0.48613938
0.48613938
0.40712365
0.40712365
0.40712365
0.40712365
0.40712365
0.40712365
0.33037841
0.33037841
0.33037841
0.33037841
0.33037841
0.33037841
0.20627554
0.20627554
0.1417501
0.1417501
0.11889092
0.11889092
0.10161244
0.10161244
0.10161244
0.14351199
0.14351199
0.14351199
0.14351199
0.14351199
0.18649192
0.24383246
0.24383246
0.24383246
0.26402343
0.26402343
0.30381308
0.30381308
0.30381308
0.35283976
0.35283976
0.35283976
0.30478767
0.30478767
0.30478767
0.30022493
0.30022493
0.30022493
0.30022493
0.30800508
0.33328865
0.33328865
0.33328865
0.33328865
0.36995838
0.36995838
0.36995838
0.31856835
0.31856835
0.31856835
0.33901383
0.33901383
0.33901383
0.33901383
0.26620676
0.26620676
0.26620676
0.35950948
0.35950948
0.35950948
0.35950948
0.35950948
0.35950948
0.35950948
0.35950948
0.35950948
0.35950948
0.35950948
0.3415462
0.3415462
0.3415462
0.3415462
0.33541501
0.33541501
0.33541501
0.33541501
0.33541501
0.33541501
0.33541501
0.33541501
0.33541501
0.33541501
0.3222842
0.3222842
0.3222842
0.3222842
0.3222842
0.28780367
0.22825284
0.22825284
0.22689978
0.22689978
0.22689978
0.30238907
0.30238907
0.30238907
0.30238907
0.30238907
0.30238907
0.30238907
0.30238907
0.30238907
0.16956219
0.16956219
0.16956219
0.16956219
0.16956219
0.16956219
0.09614776
0.09614776
0.09614776
0.09614776
0.09614776
0.09614776
0.09614776
0.09614776
0.10148863
0.10148863
0.10148863
0.10148863
0.10148863
0.11975762
0.11975762
0.11975762
0.11975762
0.12707159
0.12707159
0.12707159
0.12707159
0.12707159
0.12707159
0.12707159
0.12707159
0.12707159
0.12707159
0.12707159
0.12707159
0.12707159
0.12707159
0.12707159
0.12707159
0.12707159
0.13095096
0.13095096
0.13095096
0.13095096
0.14706347
0.14706347
0.14706347
0.14706347
0.14706347
0.13255953
0.13255953
0.11360749
0.11360749
0.11360749
0.11360749
0.10881042
0.08939502
0.08939502
0.08295864
0.08295864
0.08295864
0.08295864
0.08295864
0.08295864
0.08295864
0.08295864
0.08295864
0.08295864
0.08295864
0.08295864
0.08295864
0.08295864
0.0676866
0.0676866
0.0676866
0.07183225
0.07183225
0.07183225
0.07183225
0.07183225
0.05899474
0.04794692
0.04794692
0.04794692
0.09197608
0.09197608
0.09423943
0.09423943
0.09423943
0.09423943
0.09423943
0.09423943
0.09423943
0.05966013
0.05966013
0.05966013
0.08294808
0.16231078
0.16231078
0.16231078
0.11242298
0.05609377
0.05609377
0.05609377
0.05658692
0.05997749
0.05997749
0.05997749
0.05997749
0.05997749
0.09572082
0.09572082
0.09572082
0.09572082
0.09572082
0.10643556
0.10643556
0.10643556
0.10643556
0.10643556
0.11303055
0.1203522
0.1203522
0.1203522
0.11204947
0.11204947
0.11204947
0.11204947
0.11204947
0.11204947
0.11204947
0.11204947
0.11204947
0.11204947
0.11204947
0.11204947
0.11204947
0.11204947
0.11204947
0.11204947
0.11204947
0.11204947
0.1079448
0.1079448
0.1079448
0.11929478
0.11929478
0.11929478
0.11929478
0.11929478
0.11929478
0.0803981
0.0803981
0.0803981
0.0803981
0.10163667
0.10163667
0.10163667
0.10163667
0.10163667
0.10163667
0.10036964
0.10036964
0.10036964
0.10036964
0.10036964
0.10036964
0.10036964
0.10036964
0.11479076
0.11479076
0.11479076
0.11479076
0.11479076
0.11479076
0.11479076
0.09251732
0.09251732
0.09251732
0.09251732
0.09251732
0.09251732
0.09251732
0.09251732
0.04205965
0.04205965
0.04205965
0.04205965
0.06326044
0.06326044
0.06326044
0.06326044
0.06326044
0.07682121
0.07682121
0.07682121
0.07682121
0.05987315
0.05877273
0.05877273
0.05877273
0.05877273
0.03573756
0.03573756
0.03239175
0.03239175
0.03239175
0.03797185
0.03797185
0.03797185
0.02532088
0.02532088
0.02532088
0.02532088
0.02532088
0.03029718
0.03029718
0.03029718
0.03029718
0.03029718
0.03029718
0.05237576
0.05237576
0.07261082
0.07261082
0.07261082
0.09805673
0.09805673
0.09805673
0.09734694
0.09734694
0.09734694
0.09734694
0.09734694
0.1283888
0.13155634
0.13155634
0.13155634
0.12516501
0.12516501
0.12373368
0.12373368
0.12373368
0.12373368
0.12373368
0.12373368
0.12373368
0.11389785
0.11389785
0.11389785
0.11389785
0.11389785
0.18571533
0.18571533
0.18571533
0.18571533
0.18571533
0.18571533
0.12677074
0.12677074
0.12677074
0.12585574
0.12585574
0.09119983
0.09119983
0.09119983
0.10328473
0.10328473
0.10328473
0.14896503
0.14896503
0.14896503
0.13646758
0.13646758
0.13646758
0.08999623
0.08999623
0.08999623
0.09108062
0.09108062
0.09108062
0.09548548
0.09548548
0.11774421
0.11774421
0.11774421
0.11774421
0.11774421
0.07890648
0.07890648
0.07890648
0.07890648
0.06784897
0.06784897
0.06784897
0.06784897
0.06784897
0.08639322
0.08639322
0.08639322
0.08639322
0.10810593
0.10810593
0.10810593
0.10810593
0.10810593
0.05321871
0.05321871
0.05321871
0.05321871
0.05321871
0.03489383
0.03489383
0.03489383
0.03489383
0.03489383
0.0282159
0.0282159
0.0282159
0.0282159
0.0282159
0.0282159
0.0282159
0.0282159
0.0282159
0.0078769
0.0078769
0.0078769
0.0078769
0.0078769
0.0078769
0.0078769
0.0078769
0.0078769
0.0078769
0.0078769
0.0078769
0.02215583
0.02215583
0.02215583
0.02215583
0.02215583
0.02624983
0.02624983
0.02624983
0.02109018
0.02109018
0.02109018
0.03812523
0.09984385
0.09984385
0.09984385
0.04863944
0.04863944
0.04863944
0.04863944
0.04863944
0.04863944
0.03537492
0.03537492
0.03537492
0.05133411
0.05133411
0.05133411
0.05133411
0.06227611
0.06227611
0.06227611
0.06227611
0.06227611
0.05392023
0.05392023
0.05392023
0.05392023
0.05392023
0.05392023
0.05392023
0.05392023
0.05392023
0.05392023
0.04488517
0.03909976
0.03909976
0.03909976
0.03909976
0.03909976
0.03909976
0.03909976
0.03909976
0.03909976
0.04556753
0.04556753
0.04556753
0.04556753
0.04556753
0.04556753
0.03634899
0.03634899
0.03634899
0.06390983
0.06390983
0.06390983
0.06390983
0.04247064
0.04247064
0.04247064
0.04267321
0.04267321
0.04267321
0.0296451
0.02666211
0.02666211
0.02666211
0.02666211
0.02666211
0.02666211
0.02666211
0.02666211
0.02666211
0.02666211
0.03953399
0.03953399
0.03953399
0.03953399
0.03953399
0.03845506
0.03845506
0.03845506
0.03845506
0.03845506
0.03845506
0.03845506
0.03845506
0.05462878
0.06148169
0.06148169
0.06148169
0.06148169
0.06148169
0.06148169
0.06148169
0.06148169
0.04945103
0.04945103
0.04945103
0.04945103
0.04945103
0.04945103
0.03639579
0.03639579
0.03639579
0.0603687
0.0603687
0.0603687
0.06460528
0.07733456
0.07733456
0.07733456
0.07733456
0.07733456
0.07733456
0.07733456
0.09438952
0.09438952
0.09438952
0.09438952
0.09438952
0.0952898
0.0952898
0.0952898
0.0952898
0.0952898
0.0952898
0.0952898
0.10982227
0.10982227
0.10982227
0.10982227
0.10982227
0.09179511
0.09179511
0.09179511
0.09830929
0.10834629
0.10834629
0.10834629
0.10834629
0.10881973
0.10881973
0.10881973
0.10881973
0.10881973
0.10881973
0.10881973
0.10581858
0.10204123
0.10204123
0.09962162
0.09962162
0.09962162
0.09962162
0.09814674
0.09814674
0.09814674
0.09814674
0.09814674
0.09814674
0.04077749
0.04077749
0.04077749
0.04077749
0.04077749
0.04077749
0.06675026
