0.00889487
0.01985883
0.01985883
0.03059807
0.03059807
0.06007995
0.08073621
0.08073621
0.08073621
0.08073621
0.08073621
0.06039726
0.05094031
0.05094031
0.05094031
0.05094031
0.05094031
0.04484868
0.04484868
0.04484868
0.0501953
0.05552715
0.05552715
0.05552715
0.05203627
0.05203627
0.05203627
0.05203627
0.05203627
0.05203627
0.06735097
0.06735097
0.06735097
0.03340977
0.03340977
0.03340977
0.03340977
0.03340977
0.04784114
0.06663308
0.06663308
0.06663308
0.05147286
0.03357947
0.03088183
0.02660438
0.02660438
0.02441669
0.02441669
0.02441669
0.01780553
0.01780553
0.01780553
0.01780553
0.01780553
0.01780553
0.02715588
0.02715588
0.02715588
0.02761147
0.03270067
0.03270067
0.03270067
0.03082529
0.03082529
0.02329846
0.02329846
0.02329846
0.03275408
0.03275408
0.03275408
0.03275408
0.02071596
0.02071596
0.02071596
0.02246244
0.02246244
0.02246244
0.02246244
0.02159129
0.02159129
0.02159129
0.02159129
0.0133304
0.0133304
0.0133304
0.02809089
0.02809089
0.02809089
0.02809089
0.02809089
0.04497684
0.04674231
0.04674231
0.04674231
0.04674231
0.04674231
0.04674231
0.04380294
0.03930069
0.03930069
0.03930069
0.03948697
0.05135879
0.05135879
0.05135879
0.03996682
0.03996682
0.03996682
0.03996682
0.03996682
0.03996682
0.03996682
0.03996682
0.03996682
0.04140424
0.04140424
0.04140424
0.05092043
0.05092043
0.05092043
0.0338753
0.0338753
0.0338753
0.0338753
0.0338753
0.0338753
0.02786209
0.02786209
0.02786209
0.02805727
0.02805727
0.02805727
0.02805727
0.02805727
0.01807882
0.01807882
0.01807882
0.02307393
0.03569434
0.041027
0.04360801
0.04360801
0.04360801
0.03742467
0.03374024
0.03374024
0.03374024
0.03374024
0.03374024
0.03840844
0.03840844
0.03840844
0.0257003
0.0257003
0.0257003
0.0257003
0.03232447
0.03759416
0.03759416
0.03759416
0.03759416
0.03759416
0.0476041
0.0476041
0.0476041
0.02273178
0.02273178
0.02273178
0.02368133
0.02368133
0.02504287
0.02504287
0.02504287
0.02504287
0.03753462
0.05234511
0.05234511
0.05234511
0.05234511
0.05234511
0.05234511
0.05234511
0.04301744
0.0358414
0.0358414
0.0358414
0.0358414
0.0358414
0.0278862
0.0278862
0.0278862
0.02803105
0.03363183
0.03745352
0.03745352
0.03745352
0.03745352
0.03745352
0.03745352
0.03745352
0.03745352
0.04310256
0.04310256
0.04310256
0.03893005
0.03298906
0.02927438
0.02421215
0.02421215
0.02421215
0.02912005
0.02912005
0.02912005
0.02912005
0.02591013
0.02591013
0.02591013
0.03274887
0.03274887
0.03274887
0.02699837
0.02699837
0.02699837
0.02914585
0.04829599
0.04829599
0.04829599
0.03687031
0.03687031
0.03687031
0.03687031
0.02777286
0.02777286
0.02777286
0.02777286
0.02777286
0.02777286
0.02777286
0.02777286
0.02777286
0.02722078
0.02722078
0.02722078
0.03727819
0.03727819
0.03727819
0.03727819
0.03727819
0.03727819
0.03727819
0.03727819
0.03727819
0.03627642
0.03627642
0.03627642
0.01009896
0.01009896
0.01009896
0.02136564
0.02136564
0.03438521
0.03438521
0.03853866
0.03853866
0.04990053
0.04990053
0.04990053
0.04990053
0.04990053
0.04990053
0.05278369
0.05278369
0.05278369
0.05278369
0.04385447
0.04385447
0.04385447
0.04385447
0.04385447
0.03410534
0.03410534
0.03410534
0.03410534
0.03410534
0.03346606
0.03346606
0.03006052
0.03006052
0.02790279
0.02790279
0.02790279
0.02790279
0.02790279
0.02790279
0.02245603
0.02245603
0.02245603
0.0242018
0.0242018
0.0242018
0.0242018
0.04323712
0.04323712
0.04323712
0.04323712
0.04323712
0.04323712
0.04323712
0.04323712
0.04323712
0.04323712
0.04323712
0.04323712
0.04323712
0.04323712
0.04323712
0.04323712
0.03463807
0.03166494
0.03166494
0.0264861
0.0264861
0.0264861
0.03310359
0.03310359
0.03310359
0.03310359
0.0344804
0.0344804
0.0344804
0.0344804
0.0344804
0.0344804
0.0344804
0.0344804
0.03901951
0.04943821
0.04943821
0.08200548
0.10132598
0.10132598
0.10132598
0.04915696
0.0434715
0.0434715
0.0434715
0.0434715
0.0434715
0.04551088
0.04551088
0.04626565
0.04626565
0.05854754
0.09250007
0.09991206
0.09991206
0.10380728
0.15548724
0.15548724
0.15548724
0.15548724
0.15548724
0.19404445
0.19404445
0.19404445
0.18715414
0.18715414
0.18715414
0.21948795
0.43032221
0.43032221
0.46474951
0.70028805
0.70028805
0.70028805
0.70028805
0.78654367
0.78654367
0.78654367
0.7300968
0.59381498
0.40220282
0.24671031
0.05816375
0.05816375
0.05816375
0.05816375
0.05816375
0.05816375
0.05816375
0.13305496
0.13305496
0.13305496
0.09241076
0.09241076
0.09241076
0.09241076
0.06744773
0.06744773
0.06744773
0.09364545
0.09364545
0.11762708
0.13290869
0.13290869
0.13290869
0.13290869
0.13305393
0.15177557
0.15177557
0.16129959
0.16129959
0.16385553
0.18186274
0.18186274
0.18186274
0.06654256
0.06654256
0.0534945
0.0534945
0.0534945
0.07420322
0.09305617
0.11146231
0.13208492
0.17007266
0.21092393
0.25353395
0.25353395
0.26573146
0.36373392
0.41576176
0.41576176
0.41576176
0.41576176
0.41576176
0.41576176
0.22781406
0.21729015
0.21729015
0.20720403
0.20720403
0.20627358
0.20627358
0.20627358
0.20627358
0.20627358
0.20627358
0.20627358
0.20627358
0.18528275
0.13390019
0.13390019
0.13390019
0.13390019
0.13390019
0.13390019
0.13390019
0.13390019
0.13267864
0.13267864
0.13267864
0.1572895
0.1572895
0.22927813
0.22927813
0.22927813
0.1957178
0.16570706
0.16570706
0.16570706
0.17051857
0.17051857
0.17051857
0.17265744
0.17265744
0.17265744
0.15364201
0.08758971
0.07926114
0.07630234
0.07630234
0.07630234
0.07630234
0.10445493
0.10445493
0.10445493
0.10445493
0.13075868
0.13075868
0.13075868
0.09130588
0.07975734
0.07975734
0.05797484
0.05449402
0.05018252
0.0338863
0.0338863
0.0338863
0.03631134
0.06356555
0.0717482
0.1044237
0.21483347
0.23223247
0.24178429
0.24178429
0.24178429
0.24178429
0.24178429
0.24178429
0.26054965
0.26054965
0.26054965
0.26054965
0.17178897
0.17178897
0.17178897
0.19816965
0.19816965
0.19816965
0.26820008
0.36724722
0.38081182
0.40674102
0.40674102
0.40674102
0.39783253
0.33720987
0.33720987
0.33720987
0.3478097
0.3478097
0.3478097
0.27303585
0.27303585
0.27303585
0.27303585
0.27303585
0.27303585
0.27303585
0.2112998
0.18954467
0.18954467
0.18954467
0.21704244
0.21704244
0.21704244
0.32820095
0.32820095
0.32820095
0.32820095
0.32820095
0.32820095
0.32820095
0.19842665
0.19842665
0.16588651
0.16588651
0.15888579
0.12170777
0.12170777
0.12170777
0.10295209
0.10295209
0.10295209
0.15215007
0.18798122
0.18798122
0.18798122
0.18766161
0.18055855
0.18055855
0.16915341
0.15769883
0.15769883
0.15769883
0.18624309
0.34424826
0.67111578
0.67111578
0.67111578
0.57049982
0.30733571
0.30733571
0.30733571
0.30733571
0.30733571
0.53393446
0.53393446
0.53393446
0.1207447
0.1207447
0.1207447
0.1207447
0.1207447
0.14762003
0.14762003
0.19367934
0.20449615
0.22386885
0.22386885
0.22386885
0.22386885
0.22386885
0.22386885
0.14058054
0.14058054
0.14058054
0.14058054
0.14058054
0.14058054
0.14639327
0.14639327
0.14639327
0.14639327
0.14639327
0.15370588
0.15370588
0.15370588
0.15370588
0.15370588
0.15370588
0.23203066
0.23203066
0.23203066
0.23820185
0.23820185
0.23820185
0.23820185
0.23820185
0.23820185
0.23820185
0.23820185
0.23820185
0.23820185
0.32382475
0.32382475
0.32382475
0.19750476
0.05036032
0.05036032
0.05036032
0.05036032
0.05036032
0.03694404
0.03694404
0.01239678
0.0098142
0.0098142
0.0098142
0.0098142
0.0098142
0.0098142
0.01160332
0.01160332
0.01865201
0.01865201
0.03017063
0.03017063
0.03017063
0.03017063
0.04301271
0.08503017
0.09679288
0.11400775
0.11719444
0.11719444
0.11719444
0.1103091
0.1103091
0.1103091
0.1622825
0.1622825
0.16500887
0.1661951
0.1661951
0.1661951
0.1661951
0.15218917
0.15218917
0.14185298
0.13188494
0.13188494
0.13188494
0.14116121
0.14269378
0.14920256
0.14920256
0.14920256
0.14920256
0.14920256
0.14920256
0.14920256
0.14920256
0.17803877
0.17803877
0.17803877
0.155634
0.155634
0.155634
0.155634
0.155634
0.12944772
0.12944772
0.12944772
0.10388169
0.07552886
0.07552886
0.07552886
0.07861124
0.179477
0.179477
0.35857838
0.39884823
0.45492437
0.45492437
0.45492437
0.27631274
0.2677605
0.2677605
0.21914769
0.21914769
0.21914769
0.21914769
0.19040867
0.19040867
0.18359552
0.18359552
0.18359552
0.18625817
0.18625817
0.18625817
0.0861667
0.07503741
0.07503741
0.07503741
0.07503741
0.08077603
0.09516953
0.09516953
0.09516953
0.09499911
0.08177529
0.08177529
0.06598072
0.06598072
0.06598072
0.06598072
0.12591545
0.25912998
0.25912998
0.30391096
0.30391096
0.30391096
0.30391096
0.30391096
0.29745648
0.28995995
0.28995995
0.28995995
0.41766176
0.41766176
0.41766176
0.41766176
0.41766176
0.30718701
0.25548129
0.25548129
0.25548129
0.25548129
0.19632056
0.1838155
0.1838155
0.1838155
0.1838155
0.1838155
0.1055377
0.1055377
0.1055377
0.1055377
0.1055377
0.1055377
0.1055377
0.1055377
0.1055377
0.11059173
0.11059173
0.11275487
0.11275487
0.13543986
0.13543986
0.13543986
0.13543986
0.13543986
0.13543986
0.13543986
0.15267031
0.15267031
0.15267031
0.15267031
0.14199439
0.11605858
0.11605858
0.11605858
0.14971724
0.14971724
0.14971724
0.13489761
0.13489761
0.13489761
0.13489761
0.15384522
0.29032947
0.35244862
0.35244862
0.35244862
0.35244862
0.35244862
0.35244862
0.35244862
0.35244862
0.36330518
0.36330518
0.36330518
0.36330518
0.43865494
0.43865494
0.43865494
0.34663781
0.34663781
0.34663781
0.11519101
0.11519101
0.11519101
0.11519101
0.11519101
0.11519101
0.11853748
0.11853748
0.11853748
0.11853748
0.11853748
0.12021326
0.18014103
0.18014103
0.18014103
0.1450702
0.1450702
0.1450702
0.1450702
0.1450702
0.0539204
0.0539204
0.02540676
0.02540676
0.02540676
0.02540676
0.01929732
0.01929732
0.01929732
0.03374495
0.03482712
0.03482712
0.03482712
0.05371267
0.06106017
0.10149641
0.12119955
0.1385458
0.1385458
0.16259363
0.20254995
0.20254995
0.20310971
0.20310971
0.20310971
0.19792012
0.17897478
0.17897478
0.17897478
0.18263173
0.19105399
0.19105399
0.19105399
0.26035548
0.26035548
0.27049569
0.27049569
0.27049569
0.21499827
0.21499827
0.21499827
0.21499827
0.15882014
0.13190419
0.10302437
0.10302437
0.10302437
0.1081541
0.1238737
0.14405527
0.15857864
0.15857864
0.22263172
0.26761136
0.26761136
0.26761136
0.43670376
0.43670376
0.43670376
0.43670376
0.17838362
0.12024112
0.10646154
0.10646154
0.10646154
0.10646154
0.10646154
0.10765328
0.10765328
0.14285677
0.14285677
0.14285677
0.07963519
0.07963519
0.07963519
0.07963519
0.07963519
0.07963519
0.05904525
0.05052001
0.05052001
0.05052001
0.05052001
0.05052001
0.05052001
0.05052001
0.05052001
0.05052001
0.03996942
0.03996942
0.03996942
0.04395539
0.07954308
0.12739941
0.12739941
0.12739941
0.17744795
0.17744795
0.17744795
0.14074367
0.13806389
0.10222482
0.10222482
0.03473969
0.03020922
0.03020922
0.02292081
0.02292081
0.02292081
0.02292081
0.0260257
0.0260257
0.03200238
0.03200238
0.03864301
0.03864301
0.1795034
0.2866987
0.2866987
0.2866987
0.20381907
0.20381907
0.20381907
0.20381907
0.20381907
0.20381907
0.20381907
0.20381907
0.01600119
0.01600119
0.01600119
0.02111643
0.02111643
0.02812172
0.02812172
0.02812172
0.02812172
0.03511145
0.04400723
0.05244713
0.05758258
0.08059291
0.1376106
0.1376106
0.1376106
0.22879886
0.22879886
0.22879886
0.21406914
0.16374906
0.16374906
0.16374906
0.37595541
0.37595541
0.66433111
0.66433111
0.66433111
0.59587092
0.59587092
0.59587092
0.59587092
0.53233261
0.18662905
0.16398138
0.16398138
0.16398138
0.19272714
0.22214929
0.22214929
0.22214929
0.28550905
0.28550905
0.28550905
0.28550905
0.28550905
0.33834246
0.33834246
0.33834246
0.33834246
0.22701597
0.22656833
0.22656833
0.22656833
0.2331501
0.2331501
0.2331501
0.2331501
0.23368561
0.23368561
0.23368561
0.23368561
0.23368561
0.23368561
0.1811198
0.1811198
0.1811198
0.1811198
0.1811198
0.1811198
0.22394508
0.28156327
0.28156327
0.28156327
0.28156327
0.28156327
0.28156327
0.28156327
0.12229159
0.12229159
0.12229159
0.12229159
0.14054842
0.15719952
0.15719952
0.15719952
0.15719952
0.15719952
0.15719952
0.18610311
0.23092263
0.27740564
0.27740564
0.27740564
0.27740564
0.2104466
0.2104466
0.2104466
0.24843207
0.31825501
0.31825501
0.31825501
0.31825501
0.26328959
0.23703867
0.23703867
0.23703867
0.33727117
0.33727117
0.33727117
0.33727117
0.33727117
0.33727117
0.33727117
0.33526634
0.33526634
0.05580006
0.05580006
0.02869885
0.02869885
0.02018166
0.02018166
0.02018166
0.03408862
0.03408862
0.05135847
0.07115993
0.07115993
0.0831508
0.20268362
0.20268362
0.20268362
0.17583128
0.16884155
0.16884155
0.16884155
0.16884155
0.12553419
0.12553419
0.12553419
0.12578166
0.12578166
0.12578166
0.13128738
0.15087797
0.15087797
0.15087797
0.16656026
0.17299648
0.18822203
0.18822203
0.20086615
0.20086615
0.20477855
0.20477855
0.20477855
0.25121893
0.25121893
0.25121893
0.21967012
0.20773293
0.20773293
0.20773293
0.18922489
0.18922489
0.18922489
0.18690869
0.16136804
0.15498734
0.15498734
0.15498734
0.18021261
0.18021261
0.18021261
0.18169737
0.18169737
0.20272922
0.20272922
0.20873792
0.25545928
0.25545928
0.25545928
0.22562555
0.19391371
0.19391371
0.18684506
0.18684506
0.18684506
0.19460816
0.20861934
0.20861934
0.23070812
0.23070812
0.23070812
0.17831256
0.17831256
0.13436293
0.08678244
0.08678244
0.08678244
0.08678244
0.16160293
0.16160293
0.25618554
0.25618554
0.26679001
0.26679001
0.26679001
0.25095806
0.25095806
0.25095806
0.28789853
0.28789853
0.28789853
0.28789853
0.28789853
0.28789853
0.23231434
0.23231434
0.23231434
0.35530059
0.35530059
0.35530059
0.35530059
0.32094292
0.27238594
0.16474395
0.16218995
0.13351337
0.12625981
0.12625981
0.12625981
0.1269191
0.14421196
0.14421196
0.14421196
0.12638568
0.12638568
0.12638568
0.17089088
0.18582299
0.19044421
0.20816047
0.20816047
0.22212822
0.26345009
0.26345009
0.26345009
0.26345009
0.26345009
0.21365567
0.21124406
0.19416728
0.19416728
0.19416728
0.26893775
0.26893775
0.26893775
0.26494634
0.26494634
0.26494634
0.20599081
0.20599081
0.20599081
0.20599081
0.06819691
0.06819691
0.06819691
0.07389711
0.07389711
0.08456056
0.15682459
0.22981692
0.22981692
0.22981692
0.22981692
0.29851139
0.29851139
0.29851139
0.26407971
0.26407971
0.26407971
0.26407971
0.26407971
0.26407971
0.32374757
0.32374757
0.32374757
0.2734761
0.23925396
0.23925396
0.23925396
0.23925396
0.23925396
0.23925396
0.27060576
0.2753615
0.2753615
0.2753615
0.2753615
0.2753615
0.2753615
0.2753615
0.2753615
0.23502824
0.17638088
0.17638088
0.17638088
0.19892501
0.19892501
0.32107474
0.32107474
0.32107474
0.32107474
0.32107474
0.30786326
0.30786326
0.30786326
0.34241632
0.34241632
0.34241632
0.18067355
0.18067355
0.18067355
0.30116765
0.32265475
0.32265475
0.32265475
0.26661532
0.21810865
0.19043259
0.17200768
0.17200768
0.17200768
0.17200768
0.17200768
0.17200768
0.17200768
0.18459468
0.18459468
0.18459468
0.15037299
0.12597261
0.12597261
0.12597261
0.12597261
0.12597261
0.07858275
0.07858275
0.07858275
0.11792416
0.15614868
0.15614868
0.15614868
0.15614868
0.15614868
0.16372037
0.16372037
0.16372037
0.14186598
0.14186598
0.14186598
0.1431993
0.1431993
0.1431993
0.16193179
0.16193179
0.16193179
0.16057965
0.16057965
0.16057965
0.1771307
0.1771307
0.1771307
0.1771307
0.1771307
0.16993146
0.08447266
0.08447266
0.08447266
0.08662745
0.09278417
0.10555942
0.17023692
0.20402077
0.20402077
0.20402077
0.18176835
0.18176835
0.18176835
0.18176835
0.17736868
0.14302752
0.14302752
0.14302752
0.14302752
0.15045217
0.15045217
0.22657051
0.22657051
0.22657051
0.22657051
0.22657051
0.22657051
0.22657051
0.22657051
0.2492799
0.2492799
0.2492799
0.2492799
0.2492799
0.2492799
0.13046813
0.13046813
0.13046813
0.13046813
0.13046813
0.08966457
0.07199865
0.07164443
0.07164443
0.07164443
0.07164443
0.08383162
0.09918593
0.13339782
0.13339782
0.13339782
0.13339782
0.13339782
0.13339782
0.13339782
0.14069284
0.14069284
0.14069284
0.14069284
0.14069284
0.14069284
0.14069284
0.12478832
0.11553619
0.11553619
0.11553619
0.12381453
0.12381453
0.12381453
0.12381453
0.12381453
0.14053181
0.15333444
0.15333444
0.15333444
0.1409026
0.1409026
0.1409026
0.17004033
0.19603919
0.19603919
0.19603919
0.19603919
0.19603919
0.19603919
0.19603919
0.19894958
0.34822298
0.34822298
0.34822298
0.34822298
0.23813472
0.23015768
0.23015768
0.23015768
0.24748247
0.24748247
0.24748247
0.1502794
0.1502794
0.1502794
0.18805882
0.20366144
0.28320726
0.28320726
0.28320726
0.1113379
0.1113379
0.1113379
0.1113379
0.1113379
0.1113379
0.18119095
0.23311312
0.23311312
0.23311312
0.23311312
0.23311312
0.23311312
0.23311312
0.26848494
0.26848494
0.26848494
0.26848494
0.26848494
0.18441504
0.18441504
0.18441504
0.1917978
0.1917978
0.1917978
0.1917978
0.22484162
0.26004509
0.26004509
0.26004509
0.0898981
0.0898981
0.0898981
0.0898981
0.15997854
0.18909057
0.23859839
0.23859839
0.23859839
0.30800842
0.30800842
0.30800842
0.30800842
0.31958203
0.31958203
0.31958203
0.25760783
0.2529937
0.17029987
0.17029987
0.17029987
0.17029987
0.17029987
0.17029987
0.28809507
0.28809507
0.28809507
0.28809507
0.28809507
0.28809507
0.31121136
0.31121136
0.31121136
0.31121136
0.31121136
0.29846259
0.21573538
0.11376633
0.09316788
0.09316788
0.09316788
0.09316788
0.13585171
0.13585171
0.13585171
0.13585171
0.13585171
0.16154811
0.18762566
0.30726966
0.30726966
0.32280333
0.32280333
0.41709076
0.41709076
0.41709076
0.34553813
0.34553813
0.34077474
0.34077474
0.29551634
0.29551634
0.29551634
0.22125408
0.22125408
0.18972338
0.18972338
0.18972338
0.18972338
0.18972338
0.18972338
0.18972338
0.18972338
0.1756281
0.1756281
0.17102694
0.17102694
0.17102694
0.19428598
0.19428598
0.19428598
0.19428598
0.20736299
0.20736299
0.20736299
0.19288922
0.19288922
0.19288922
0.19288922
0.19288922
0.18857842
0.18857842
0.18857842
0.18857842
0.18857842
0.32037856
0.32037856
0.32037856
0.25084366
0.25084366
0.25084366
0.25084366
0.28376037
0.28376037
0.28376037
0.27836098
0.27836098
0.25717886
0.25717886
0.25717886
0.25717886
0.23647518
0.23647518
0.23647518
0.28390676
0.28390676
0.28390676
0.22119987
0.22119987
0.21590141
0.21590141
0.21590141
0.21590141
0.21590141
0.21590141
0.21590141
0.21590141
0.13772941
0.13772941
0.13772941
0.20039546
0.30095806
0.33811165
0.33811165
0.33811165
0.33811165
0.33811165
0.33811165
0.33811165
0.33811165
0.33811165
0.33811165
0.09503793
0.09503793
0.09503793
0.1392003
0.14482474
0.23376806
0.30325036
0.36826224
0.36826224
0.36826224
0.33929917
0.27503057
0.2330307
0.2330307
0.2330307
0.2330307
0.2330307
0.2330307
0.2330307
0.2330307
0.2330307
0.2330307
0.2330307
0.23556059
0.25350048
0.25350048
0.25350048
0.2480137
0.24055426
0.24055426
0.24055426
0.27003146
0.29597803
0.29597803
0.29597803
0.24493453
0.16777393
0.16777393
0.13875751
0.13875751
0.13875751
0.2093966
0.2093966
0.23289615
0.25952968
0.25952968
0.25952968
0.25952968
0.31277098
0.36165487
0.36165487
0.36165487
0.36165487
0.32228529
0.32228529
0.32228529
0.24889197
0.24889197
0.24889197
0.24889197
0.24889197
0.24889197
0.24889197
0.24889197
0.24889197
0.24889197
0.24889197
0.17392964
0.14892846
0.1205743
0.1205743
0.1205743
0.17938009
0.18925015
0.18925015
0.20942176
0.21121749
0.21121749
0.21702523
0.21702523
0.21702523
0.18762015
0.18762015
0.17833431
0.17833431
0.15967885
0.15967885
0.15967885
0.2206663
0.2206663
0.2206663
0.25698393
0.25698393
0.25698393
0.25698393
0.25698393
0.25698393
0.25698393
0.24179557
0.24179557
0.20604964
0.20604964
0.20604964
0.24541977
0.24541977
0.24541977
0.34377046
0.34377046
0.34377046
0.34377046
0.34377046
0.34377046
0.34377046
0.34377046
0.34377046
0.34274501
0.26785865
0.26785865
0.26785865
0.26785865
0.27367155
0.27367155
0.27367155
0.27367155
0.27367155
0.27367155
0.27367155
0.27367155
0.17812745
0.17812745
0.17812745
0.17812745
0.17812745
0.17812745
0.21198395
0.21198395
0.21198395
0.22066053
0.28311392
0.28311392
0.28311392
0.28553305
0.30366244
0.30366244
0.30366244
0.30366244
0.28815838
0.28815838
0.28815838
0.34923076
0.34923076
0.34923076
0.34923076
0.34923076
0.34923076
0.31298515
0.24481081
0.24481081
0.24481081
0.24481081
0.24481081
0.24481081
0.18854649
0.18242286
0.18242286
0.18242286
0.19726462
0.19726462
0.19726462
0.19726462
0.30368933
0.34931958
0.34931958
0.34931958
0.34931958
0.34931958
0.32265803
0.32265803
0.32265803
0.32265803
0.32265803
0.30990151
0.23154477
0.23154477
0.23154477
0.23815721
0.26091437
0.30665882
0.34668436
0.34668436
0.34668436
0.33021987
0.33021987
0.15034849
0.1375312
0.1375312
0.1375312
0.19830079
0.26037951
0.3983306
0.3983306
0.3983306
0.27138043
0.27138043
0.27138043
0.27138043
0.2838747
0.2838747
0.2838747
0.26713647
0.26713647
0.26713647
0.26733255
0.26733255
0.26733255
0.30556937
0.34636658
0.34636658
0.34636658
0.2428616
0.23023235
0.23023235
0.23023235
0.23023235
0.23023235
0.23023235
0.23023235
0.23023235
0.2069031
0.2069031
0.2069031
0.25417359
0.25417359
0.25417359
0.25417359
0.25417359
0.25417359
0.25417359
0.25417359
0.25417359
0.25417359
0.25417359
0.25417359
0.25417359
0.19904278
0.19904278
0.19904278
0.19904278
0.19904278
0.07377262
0.07377262
0.07377262
0.08034474
0.08203919
0.11253796
0.13176311
0.13176311
0.13176311
0.16982497
0.23188477
0.33233438
0.33233438
0.33233438
0.33233438
0.33233438
0.33705888
0.37798063
0.37798063
0.37798063
0.37798063
0.37798063
0.37798063
0.37798063
0.30712647
0.26830526
0.26830526
0.16567348
0.16567348
0.16567348
0.16247462
0.16247462
0.16247462
0.12076413
0.07866861
0.07866861
0.07866861
0.0797871
0.10120663
0.17221952
0.17221952
0.17221952
0.13959795
0.06143297
0.06143297
0.06143297
0.06143297
0.06143297
0.01060943
0.01060943
0.0029915
0.0029915
0.0029915
0.0029915
0.00064908
0.0
0.0
0.0
0.00098597
0.00219043
0.0093823
0.03253214
0.03253214
0.03253214
0.03235615
0.03235615
0.03235615
0.03095093
0.03095093
0.03095093
0.03095093
0.03095093
0.02434709
0.02434709
0.02434709
0.02434709
0.02434709
0.02535947
0.02535947
0.02535947
0.02535947
0.02535947
0.02535947
0.02535947
0.02535947
0.02535947
0.07689967
0.07689967
0.07689967
0.07689967
0.08520634
0.08520634
0.08520634
0.08520634
0.08570116
0.08570116
0.08570116
0.08570116
0.08570116
0.08619992
0.12086326
0.13143451
0.13143451
0.13143451
0.13143451
0.13143451
0.13648011
0.13648011
0.13648011
0.13648011
0.13648011
0.15588762
0.15588762
0.15588762
0.15588762
0.15588762
0.13594183
0.1051929
0.05958884
0.05958884
0.05958884
0.13474208
0.13687094
0.13687094
0.13687094
0.16321156
0.22425338
0.22425338
0.24714731
0.24714731
0.24714731
0.24714731
0.16915886
0.16915886
0.14914179
0.14914179
0.14914179
0.14914179
0.14914179
0.14914179
0.14914179
0.14914179
0.14914179
0.14914179
0.12193557
0.12193557
0.12193557
0.12193557
0.07967552
0.07967552
0.07967552
0.07967552
0.0918691
0.10959435
0.10959435
0.10959435
0.10959435
0.10959435
0.10079802
0.10079802
0.10079802
0.12909068
0.13431183
0.13431183
0.19091732
0.20285304
0.20285304
0.20285304
0.19163218
0.19163218
0.19163218
0.19163218
0.1085423
0.1085423
0.1085423
0.17885204
0.17885204
0.21069544
0.23881045
0.23881045
0.23881045
0.23445451
0.23445451
0.23445451
0.23445451
0.23445451
0.23445451
0.23445451
0.23445451
0.2271831
0.18089069
0.18089069
0.18089069
0.18089069
0.14525332
0.14525332
0.14525332
0.17715257
0.17715257
0.17715257
0.15722002
0.15722002
0.15722002
0.15722002
0.14407566
0.14407566
0.14407566
0.14407566
0.2237814
0.2237814
0.2237814
0.17059801
0.17059801
0.1116935
0.1116935
0.1116935
0.1116935
0.1116935
0.1200793
0.1200793
0.16390748
0.16390748
0.16390748
0.16390748
0.164108
0.19606394
0.19606394
0.19606394
0.19606394
0.1191741
0.0904116
0.08881214
0.08130537
0.08130537
0.08130537
0.07740204
0.07740204
0.07740204
0.08804156
0.10936873
0.10936873
0.13971621
0.16184385
0.25261226
0.25261226
0.25261226
0.22310194
0.22310194
0.22310194
0.22310194
0.22310194
0.22310194
0.21240334
0.21240334
0.21240334
0.21240334
0.21240334
0.14351834
0.14351834
0.14351834
0.22308654
0.22308654
0.22308654
0.22308654
0.22308654
0.22308654
0.22308654
0.22308654
0.22308654
0.22308654
0.19118395
0.19118395
0.19118395
0.20811192
0.20811192
0.20811192
0.20811192
0.20811192
0.20811192
0.16938432
0.16938432
0.16938432
0.18912016
0.18912016
0.18912016
0.18912016
0.18912016
0.18912016
0.18912016
0.18912016
0.18912016
0.18912016
0.13843113
0.13736348
0.13328733
0.13328733
0.13328733
0.14225843
0.15141325
0.15141325
0.15141325
0.15141325
0.14183958
0.14183958
0.13816924
0.13816924
0.13816924
0.15425022
0.31408203
0.38488371
0.38488371
0.38488371
0.26617531
0.19992641
0.19992641
0.19992641
0.19992641
0.19992641
0.19992641
0.19992641
0.19992641
0.19992641
0.20031913
0.2333094
0.25649571
0.25649571
0.25649571
0.31119089
0.33434354
0.33611081
0.36222594
0.36222594
0.36222594
0.35154736
0.35154736
0.34719348
0.34719348
0.34719348
0.34719348
0.34719348
0.16159798
0.16159798
0.16159798
0.16159798
0.16159798
0.16159798
0.16159798
0.15811188
0.15811188
0.15811188
0.15811188
0.15811188
0.15811188
0.17219947
0.27321673
0.27321673
0.27321673
0.19145402
0.19145402
0.19145402
0.19145402
0.14168331
0.0269023
0.0269023
0.0269023
0.0269023
0.0269023
0.0269023
0.04267326
0.04267326
0.06272947
0.06272947
0.08655474
0.09647271
0.09795904
0.12481834
0.16298673
0.22752781
0.25646293
0.25646293
0.25646293
0.10467698
0.10467698
0.10467698
0.10467698
0.10467698
0.10467698
0.18425533
0.26502311
0.26502311
0.26502311
0.12680495
0.12422076
0.12422076
0.12422076
0.14405591
0.14405591
0.14405591
0.14405591
0.14405591
0.14405591
0.08475504
0.08475504
0.08475504
0.09161968
0.13381872
0.13381872
0.13381872
0.13381872
0.08596413
0.08596413
0.05484163
0.05484163
0.05484163
0.05484163
0.01946072
0.01946072
0.01946072
0.02677934
0.03420416
0.03420416
0.03420416
0.03420416
0.03420416
0.03420416
0.03420416
0.07758015
0.07758015
0.07758015
0.07758015
0.11593192
0.11593192
0.13261051
0.17111561
0.23271691
0.250875
0.250875
0.250875
0.14616721
0.14616721
0.14616721
0.14616721
0.14616721
0.14616721
0.08209953
0.08209953
0.08209953
0.08782708
0.12047229
0.24102249
0.32472761
0.32472761
0.32472761
0.32472761
0.3535101
0.3535101
0.3535101
0.38825267
0.38825267
0.38825267
0.3373178
0.26160334
0.15672485
0.12622359
0.12622359
0.12622359
0.12622359
0.150699
0.2672948
0.2672948
0.2672948
0.26336501
0.26336501
0.26336501
0.26336501
0.26448133
0.26448133
0.26448133
0.24247762
0.24247762
0.24247762
0.24247762
0.24247762
0.24247762
0.24247762
0.3328999
0.3328999
0.3328999
0.3328999
0.3328999
0.08763702
0.08763702
0.08763702
0.11690552
0.17029811
0.25991573
0.33476955
0.38767266
0.38767266
0.38767266
0.36913003
0.30369646
0.30369646
0.30369646
0.30369646
0.30369646
0.30369646
0.38296741
0.38296741
0.38296741
0.15684463
0.15684463
0.15684463
0.15684463
0.15684463
0.15684463
0.15684463
0.15684463
0.18670321
0.28831181
0.32659766
0.47804183
0.47804183
0.47804183
0.47804183
0.16254476
0.16254476
0.16254476
0.16642808
0.31370577
0.31370577
0.37620643
0.37620643
0.37620643
0.37620643
0.37712464
0.37712464
0.37712464
0.28160501
0.28160501
0.28160501
0.29073934
0.30058909
0.30058909
0.30058909
0.2064997
0.2064997
0.2064997
0.2064997
0.2064997
0.2064997
0.2064997
0.1495823
0.12412431
0.12412431
0.12412431
0.12412431
0.16730016
0.16730016
0.16730016
0.09875389
0.09875389
0.09875389
0.09875389
0.09875389
0.09875389
0.09875389
0.09875389
0.13230905
0.17489752
0.17489752
0.23991179
0.25481761
0.25481761
0.25481761
0.18691486
0.15536233
0.15536233
0.15536233
0.15536233
0.15536233
0.09739951
0.09739951
0.09739951
0.09739951
0.15358657
0.19070942
0.19070942
0.19070942
0.16243522
0.16243522
0.16243522
0.20666497
0.2711493
0.46103462
0.46103462
0.46103462
0.22866353
0.22866353
0.17764741
0.13269089
0.13269089
0.13269089
0.13269089
0.13269089
0.11946885
0.09847579
0.09847579
0.09847579
0.09847579
0.09847579
0.09847579
0.09847579
0.11083266
0.11532532
0.11532532
0.11532532
0.11532532
0.11532532
0.11532532
0.11532532
0.11532532
0.11532532
0.11532532
0.11532532
0.11532532
0.08951945
0.08951945
0.08951945
0.11485129
0.21221806
0.25173195
0.26468424
1.0
1.0
1.0
1.0
1.0
0.7602381
0.13259512
0.1260169
0.10646479
0.10646479
0.10646479
0.24724174
0.24724174
0.24724174
0.41266226
0.5472924
0.5472924
0.5472924
0.38760103
0.07960826
0.07960826
0.07960826
0.0900421
0.12984543
0.12984543
0.12984543
0.15114001
0.21551504
0.24931574
0.29670854
0.52740847
0.56235187
0.83637638
0.83637638
0.83637638
0.83637638
0.41996286
0.41996286
0.41996286
0.41996286
0.39338772
0.39338772
0.39338772
0.22437392
0.13272792
0.13272792
0.13272792
0.13272792
0.13272792
0.13272792
0.13272792
0.13272792
0.13272792
0.13272792
0.12644289
0.12644289
0.06869919
0.06869919
0.06869919
0.1719537
0.19300356
0.20360877
0.27501764
0.36702703
0.3861272
0.3861272
0.3861272
0.3861272
0.29537198
0.29537198
0.29537198
0.29537198
0.29537198
0.29537198
0.38762597
0.38762597
0.38762597
0.38762597
0.38762597
0.38762597
0.41448812
0.41448812
0.41448812
0.42092297
0.42092297
0.42092297
0.42092297
0.20150604
0.20150604
0.20150604
0.26773066
0.34328403
0.34399172
0.34399172
0.36498684
0.36498684
0.70631878
0.70631878
0.70631878
0.34614168
0.33091893
0.32802192
0.32802192
0.32802192
0.32802192
0.32802192
0.32802192
0.26125308
0.26125308
0.26125308
0.26955696
0.26955696
0.26955696
0.26955696
0.50076404
0.50076404
0.50076404
0.50076404
0.83907159
0.83907159
0.83907159
0.83907159
0.83907159
0.83907159
0.83907159
0.83907159
0.83907159
0.83907159
0.4910457
0.44384105
0.25000563
0.25000563
0.25000563
0.24538809
0.24538809
0.24538809
0.29733916
0.29733916
0.29733916
0.22050789
0.22050789
0.19134241
0.19134241
0.19134241
0.30244587
0.30244587
0.30244587
0.30244587
0.30244587
0.30244587
0.30244587
0.55714367
0.55714367
0.55714367
0.41454737
0.41454737
0.41454737
0.41454737
0.41454737
0.41454737
0.41454737
0.41454737
0.27765847
0.27765847
0.27765847
0.27765847
0.21819528
0.21819528
0.21819528
0.24354838
0.27930041
0.27930041
0.36645211
0.36645211
0.36645211
0.1215055
0.05425106
0.05425106
0.05425106
0.06459892
0.06852338
0.06852338
0.08356111
0.10509967
0.14751776
0.1476737
0.17978497
0.17978497
0.23366116
0.23366116
0.23366116
0.18877907
0.18877907
0.18877907
0.14201845
0.09860483
0.09860483
0.09860483
0.14920885
0.14920885
0.14920885
0.14920885
0.14920885
0.14920885
0.1245745
0.12026659
0.12026659
0.12026659
0.12026659
0.12026659
0.03258741
0.03258741
0.03258741
0.03815547
0.04966422
0.07557397
0.10025904
0.14275776
0.19415978
0.26233573
0.26899058
0.26899058
0.26899058
0.26899058
0.25137146
0.24318588
0.24318588
0.24318588
0.24318588
0.09792669
0.09792669
0.09792669
0.26433516
0.26433516
0.26433516
0.26433516
0.30034884
0.30034884
0.30034884
0.2945821
0.26280837
0.23879191
0.2164821
0.2164821
0.2164821
0.2164821
0.2164821
0.2164821
0.22769048
0.23127496
0.23127496
0.23127496
0.32392171
0.32392171
0.32392171
0.30947465
0.30947465
0.30947465
0.37253993
0.37253993
0.37253993
0.32304263
0.20799319
0.19750024
0.19750024
0.19750024
0.49530913
0.49530913
0.49530913
0.1654734
0.1654734
0.1654734
0.17029013
0.17029013
0.17029013
0.17029013
0.17029013
0.47032163
0.47032163
0.47032163
0.47032163
0.63063361
0.63063361
0.63063361
0.55701922
0.19786589
0.18295854
0.18295854
0.18295854
0.18295854
0.18295854
0.18295854
0.18295854
0.20409974
0.20409974
0.20968069
0.20968069
0.25078391
0.25078391
0.25752572
0.25752572
0.31340116
0.31340116
0.31340116
0.31340116
0.31340116
0.31340116
0.31340116
0.31340116
0.31340116
0.13335338
0.13030165
0.13030165
0.13030165
0.14811503
0.14811503
0.14811503
0.14811503
0.13755919
0.12161381
0.12161381
0.12161381
0.18161789
0.18161789
0.18161789
0.18161789
0.17818621
0.17818621
0.17818621
0.24205434
0.31476371
0.31476371
0.31476371
0.31476371
0.31476371
0.31476371
0.31476371
0.31476371
0.27342811
0.27342811
0.27342811
0.27342811
0.27342811
0.27342811
0.27342811
0.27342811
0.27342811
0.27342811
0.28460284
0.35223184
0.35223184
0.35223184
0.35223184
0.35223184
0.39210269
0.39210269
0.39210269
0.39210269
0.39210269
0.5002496
0.5002496
0.5002496
0.48601047
0.48601047
0.48601047
0.47464113
0.43687496
0.43687496
0.43687496
0.43687496
0.35753728
0.35753728
0.35753728
0.40708572
0.477026
0.66832752
0.66832752
0.66832752
0.30466354
0.30466354
0.30466354
0.30466354
0.30466354
0.32019604
0.32019604
0.32019604
0.32019604
0.45032478
0.45032478
0.45032478
0.43052039
0.43052039
0.43052039
0.57440024
0.57440024
0.57440024
0.45954992
0.45954992
0.45954992
0.45954992
0.45954992
0.33906952
0.33906952
0.33906952
0.23369909
0.23369909
0.23369909
0.23369909
0.23369909
0.23369909
0.23369909
0.23369909
0.23369909
0.23369909
0.16470881
0.15376796
0.13924436
0.13924436
0.13924436
0.13924436
0.13924436
0.12713574
0.12713574
0.12713574
0.17162337
0.17162337
0.17162337
0.17162337
0.17162337
0.17162337
0.17162337
0.10700003
0.08717461
0.08717461
0.08717461
0.08717461
0.08717461
0.08717461
0.08717461
0.059998
0.05373038
0.05025147
0.05025147
0.05025147
0.05025147
0.04258507
0.04258507
0.01415421
0.01415421
0.01019698
0.01019698
0.01019698
0.01019698
0.01019698
0.01214899
0.01214899
0.01214899
0.01214899
0.01214899
0.01185
0.01185
0.00509858
0.00509858
0.00509858
0.00509858
0.00699374
0.01025282
0.0198639
0.0198639
0.0330369
0.28290012
0.28290012
0.28290012
0.28290012
0.28290012
0.28290012
0.27472253
0.27472253
0.27472253
0.27472253
0.27472253
0.27472253
0.27472253
0.27472253
0.28133985
0.32765924
0.33702488
0.35142455
0.35142455
0.35142455
0.35142455
0.35142455
0.35142455
0.35142455
0.24247169
0.24247169
0.23954745
0.23954745
0.23954745
0.23954745
0.23954745
0.23854979
0.23854979
0.23854979
0.23854979
0.23854979
0.23854979
0.23854979
0.23854979
0.23854979
0.16812222
0.14772893
0.11627894
0.11627894
0.11627894
0.17954055
0.30988042
0.30988042
0.30988042
0.30357933
0.2826984
0.2826984
0.2826984
0.2872997
0.2872997
0.2872997
0.26666311
0.26666311
0.26666311
0.26666311
0.26666311
0.25998212
0.25998212
0.25998212
0.25998212
0.25998212
0.25998212
0.25998212
0.25998212
0.25998212
0.25998212
0.25998212
0.25998212
0.25998212
0.25998212
0.25998212
0.25998212
0.25998212
0.32222898
0.39530977
0.39530977
0.39530977
0.39530977
0.39530977
0.369422
0.369422
0.369422
0.27422006
0.27422006
0.27422006
0.31667074
0.31667074
0.40770408
0.48809938
0.48809938
0.48809938
0.48809938
0.48809938
0.48809938
0.46207145
0.46207145
0.43507283
0.35939361
0.35939361
0.35939361
0.35939361
0.35360061
0.35360061
0.35360061
0.37989942
0.37989942
0.37989942
0.36216933
0.36216933
0.28026579
0.26852961
0.19985731
0.19985731
0.17257569
0.15549031
0.12993265
0.09941351
0.09941351
0.09941351
0.10861448
0.10861448
0.12746905
0.14894349
0.14894349
0.14894349
0.14894349
0.14894349
0.14894349
0.22088701
0.25656154
0.25656154
0.25656154
0.13439206
0.13439206
0.0594511
0.0594511
0.0594511
0.10456859
0.12602172
0.17020666
0.27715371
0.36808206
0.36808206
0.36808206
0.25954258
0.25954258
0.25954258
0.25954258
0.25954258
0.25954258
0.25954258
0.20072876
0.20072876
0.20072876
0.26676625
0.27008657
0.27008657
0.27008657
0.27008657
0.2809081
0.2809081
0.2809081
0.22778575
0.22778575
0.22778575
0.22778575
0.22778575
0.20775805
0.20775805
0.20775805
0.22731414
0.25987311
0.25987311
0.25987311
0.25987311
0.25987311
0.25987311
0.25987311
0.25987311
0.25987311
0.25987311
0.25987311
0.33724403
0.33724403
0.33724403
0.33724403
0.33724403
0.33724403
0.33724403
0.33724403
0.33724403
0.33724403
0.24215686
0.24086244
0.24086244
0.24086244
0.24086244
0.26302582
0.30032574
0.32132001
0.32132001
0.32132001
0.32132001
0.32132001
0.32132001
0.32132001
0.32132001
0.33880564
0.33880564
0.33880564
0.28967549
0.24784707
0.24784707
0.24784707
0.19140763
0.19140763
0.19140763
0.23282032
0.23282032
0.23282032
0.23282032
0.23282032
0.26455954
0.26455954
0.30041938
0.30041938
0.3102901
0.3102901
0.3102901
0.3102901
0.35208339
0.37133658
0.37133658
0.37133658
0.27852854
0.27852854
0.27852854
0.30603384
0.39139683
0.39139683
0.39139683
0.25567168
0.25567168
0.25567168
0.29215494
0.29215494
0.29215494
0.29215494
0.12511525
0.12511525
0.12511525
0.17148013
0.17148013
0.17148013
0.23293784
0.30606674
0.30606674
0.30606674
0.22636614
0.15787367
0.15787367
0.15787367
0.23856035
0.404184
0.53649729
0.53649729
0.53649729
0.50390282
0.09891478
0.09891478
0.09891478
0.10974958
0.14321637
0.14321637
0.14321637
0.14321637
0.14321637
0.18419838
0.18419838
0.18419838
0.36093903
0.36093903
0.36093903
0.2257118
0.11515363
0.11515363
0.11515363
0.11515363
0.1552367
0.32962695
0.54904481
0.54904481
0.54904481
0.54904481
0.27850088
0.27850088
0.27850088
0.33423148
0.34407284
0.35908637
0.35908637
0.35908637
0.4409899
0.4409899
0.4409899
0.19761575
0.07336821
0.07336821
0.07336821
0.08954956
0.1386002
0.22279808
0.34183925
0.34821598
0.34821598
0.34821598
0.34821598
0.34821598
0.34821598
0.34821598
0.44181611
0.44181611
0.44181611
0.4075303
0.4075303
0.4075303
0.4075303
0.26098486
0.26098486
0.26098486
0.26098486
0.26098486
0.26098486
0.32599994
0.37704272
0.37704272
0.37704272
0.49753668
0.49753668
0.49753668
0.18232372
0.18232372
0.18232372
0.18232372
0.19767869
0.24340224
0.34455727
0.34455727
0.34455727
0.3777408
0.3777408
0.3777408
0.3777408
0.52433055
0.52433055
0.52433055
0.48115871
0.48115871
0.48115871
0.48115871
0.48115871
0.46401248
0.46401248
0.46401248
0.46401248
0.46401248
0.46401248
0.46401248
0.46119646
0.46119646
0.46119646
0.46119646
0.49623976
0.49623976
0.49623976
0.47613487
0.47613487
0.47613487
0.47613487
0.39966039
0.39966039
0.39966039
0.39966039
0.39966039
0.4791057
0.4791057
0.4791057
0.4791057
0.4791057
0.4791057
0.4791057
0.4791057
0.4791057
0.52368209
0.54121874
0.54885339
0.54885339
0.54885339
0.48585611
0.48585611
0.48585611
0.48585611
0.48585611
0.341277
0.341277
0.341277
0.341277
0.341277
0.341277
0.341277
0.14171086
0.14171086
0.14171086
0.15013958
0.15013958
0.15013958
0.15811456
0.15811456
0.26114571
0.26114571
0.26114571
0.22052217
0.22052217
0.22052217
0.22978649
0.41469066
0.49441167
0.49441167
0.49441167
0.49441167
0.49441167
0.49441167
0.49441167
0.49441167
0.32888477
0.32888477
0.32888477
0.43712172
0.43712172
0.43712172
0.43712172
0.43712172
0.58410875
0.58410875
0.58410875
0.48198136
0.48198136
0.18230874
0.18230874
0.11600296
0.11600296
0.11600296
0.11600296
0.12688185
0.12688185
0.12688185
0.11980484
0.11980484
0.11980484
0.11980484
0.11980484
0.11980484
0.11980484
0.11980484
0.11980484
0.13181712
0.14799678
0.14799678
0.14799678
0.14799678
0.14799678
0.14669038
0.14669038
0.12889974
0.12073702
0.12073702
0.10345424
0.10345424
0.10345424
0.10345424
0.10345424
0.10345424
0.08797851
0.08797851
0.08373766
0.08373766
0.08373766
0.10036364
0.10036364
0.10036364
0.08324586
0.08324586
0.08324586
0.08324586
0.08324586
0.13390435
0.16990998
0.20458038
0.20458038
0.20458038
0.25179176
0.25179176
0.25179176
0.16137935
0.16137935
0.16137935
0.10080021
0.08704813
0.08704813
0.07515293
0.07486968
0.07486968
0.06834975
0.06834975
0.06834975
0.06834975
0.06834975
0.10591138
0.17272914
0.17272914
0.17272914
0.17272914
0.17272914
0.17272914
0.1999599
0.1999599
0.1999599
0.19992805
0.19992805
0.18515906
0.11474208
0.11474208
0.11474208
0.11474208
0.11474208
0.12422019
0.18205478
0.22788361
0.32776995
0.32776995
0.32776995
0.12916582
0.12161398
0.11079708
0.11079708
0.11079708
0.11079708
0.11079708
0.11079708
0.14055202
0.19402748
0.23005879
0.23005879
0.23005879
0.19430721
0.07242078
0.07242078
0.07242078
0.07242078
0.07242078
0.07242078
0.09815801
0.10330444
0.247653
0.27700489
0.27700489
0.27700489
0.27700489
0.27700489
0.27700489
0.32685391
0.32685391
0.32685391
0.32685391
0.32685391
0.32685391
0.2164587
0.19706598
0.19706598
0.19706598
0.19706598
0.19706598
0.19706598
0.2646227
0.36411998
0.36411998
0.36411998
0.23877676
0.12693377
0.12693377
0.12693377
0.12693377
0.12693377
0.12693377
0.12693377
0.12693377
0.12693377
0.14975991
0.18149337
0.20617833
0.20617833
0.20617833
0.30014625
0.36001423
0.36778301
0.36778301
0.36778301
0.36778301
0.28869763
0.28869763
0.28869763
0.28869763
0.10790827
0.09272003
0.09272003
0.09272003
0.17283358
0.17283358
0.17283358
0.17283358
0.18217902
0.18217902
0.18217902
0.16623047
0.16623047
0.11286992
0.1117673
0.1117673
0.1117673
0.18011881
0.20804671
0.20804671
0.20804671
0.20804671
0.20804671
0.26002952
0.26002952
0.26002952
0.26002952
0.26002952
0.26002952
0.26002952
0.26002952
0.25916646
0.25916646
0.2211035
0.2211035
0.2211035
0.31401483
0.35015223
0.35015223
0.35015223
0.35015223
0.34034475
0.24592853
0.21066878
0.20391683
0.20391683
0.15156741
0.15156741
0.15156741
0.17791591
0.22275456
0.22275456
0.22275456
0.22275456
0.22275456
0.15830094
0.15830094
0.15830094
0.18210894
0.18210894
0.18210894
0.18210894
0.16931868
0.16931868
0.16931868
0.12284203
0.0957654
0.0957654
0.0957654
0.12151416
0.12294037
0.12294037
0.12294037
0.12294037
0.12294037
0.12294037
0.12294037
0.12294037
0.12294037
0.12294037
0.10093458
0.02798796
0.02798796
0.02798796
0.02798796
0.02798796
0.02798796
0.0199388
0.0199388
0.00670498
0.00670498
0.00670498
0.01194007
0.01278184
0.01278184
0.01278184
0.01278184
0.01278184
0.00845015
0.00124041
0.00124041
0.00124041
0.00124041
0.00926437
0.01519997
0.01966178
0.02292668
0.02292668
0.02292668
0.04010981
0.04010981
0.09480261
0.09480261
0.09480261
0.09480261
0.11331397
0.11800396
0.16783348
0.18549449
0.18549449
0.18549449
0.18549449
0.18834721
0.18834721
0.18834721
0.14774883
0.14774883
0.14774883
0.1374497
0.1255445
0.1255445
0.1255445
0.16479568
0.16479568
0.16479568
0.13992481
0.13992481
0.13992481
0.13992481
0.13992481
0.13992481
0.15187211
0.1741842
0.1741842
0.1741842
0.1741842
0.15644179
0.15644179
0.15644179
0.15481878
0.15481878
0.15481878
0.15481878
0.15481878
0.15481878
0.15481878
0.15481878
0.16338704
0.16441397
0.19273525
0.26177962
0.26177962
0.26177962
0.26177962
0.26177962
0.21127399
0.1765243
0.1765243
0.1765243
0.1765243
0.1765243
0.1765243
0.20646121
0.23157577
0.23157577
0.23157577
0.23157577
0.24301366
0.24301366
0.24301366
0.2257968
0.2257968
0.2257968
0.2257968
0.10795857
0.10795857
0.10795857
0.10795857
0.10795857
0.1110652
0.1195472
0.18168668
0.18168668
0.18168668
0.18168668
0.18168668
0.18168668
0.18168668
0.18168668
0.18168668
0.29026384
0.33310913
0.33310913
0.33310913
0.33310913
0.33310913
0.33310913
0.33310913
0.33310913
0.33310913
0.33310913
0.33310913
0.33702919
0.35730072
0.35730072
0.35730072
0.33547164
0.33547164
0.33547164
0.33547164
0.42659695
0.42659695
0.42659695
0.42659695
0.42659695
0.42659695
0.42659695
0.60687458
0.60687458
0.60687458
0.25049391
0.25049391
0.25049391
0.25049391
0.28414496
0.28414496
0.28414496
0.28414496
0.28414496
0.28414496
0.28414496
0.28414496
0.28414496
0.30123777
0.3380127
0.3380127
0.3380127
0.26055419
0.14901435
0.13479975
0.1260678
0.09845683
0.09845683
0.09845683
0.09594236
0.09594236
0.09594236
0.13869994
0.18611326
0.18611326
0.18611326
0.18611326
0.18611326
0.18611326
0.18611326
0.24078833
0.24078833
0.24078833
0.24078833
0.24078833
0.24078833
0.24503928
0.2467689
0.2467689
0.2467689
0.29553354
0.30341779
0.30341779
0.30341779
0.28579975
0.28579975
0.28579975
0.28579975
0.28579975
0.18300099
0.18139059
0.18139059
0.18139059
0.12779757
0.12779757
0.10252324
0.0887505
0.0887505
0.0887505
0.0887505
0.0887505
0.08625461
0.05512401
0.05512401
0.05512401
0.07610528
0.08331887
0.10041642
0.10069178
0.19858329
0.20285533
0.20285533
0.20285533
0.20285533
0.2087274
0.2087274
0.2087274
0.2087274
0.21163197
0.21163197
0.21163197
0.20959174
0.20959174
0.20959174
0.20959174
0.20959174
0.20959174
0.20959174
0.20959174
0.20959174
0.4779021
0.4779021
0.4779021
0.32571874
0.32571874
0.25894124
0.25894124
0.25894124
0.25894124
0.25894124
0.25894124
0.25894124
0.25894124
0.25894124
0.21760714
0.21248492
0.21248492
0.21248492
0.21248492
0.21248492
0.21248492
0.20167503
0.19687329
0.17876482
0.17876482
0.17876482
0.17876482
0.17876482
0.17876482
0.17876482
0.19308972
0.19308972
0.19308972
0.16940416
0.1258866
0.11107648
0.11107648
0.11107648
0.11107648
0.11107648
0.11107648
0.12354979
0.14150422
0.17647761
0.20578824
0.20578824
0.20578824
0.20578824
0.20578824
0.26179308
0.26179308
0.26179308
0.18552196
0.18552196
0.18552196
0.18552196
0.18552196
0.1778432
0.1778432
0.1778432
0.1778432
0.1778432
0.14368332
0.1162201
0.1162201
0.1162201
0.1517211
0.1517211
0.1517211
0.1517211
0.1517211
0.1517211
0.1517211
0.1517211
0.1517211
0.1517211
0.1517211
0.20892909
0.20892909
0.20892909
0.20892909
0.20892909
0.19779014
0.19779014
0.19779014
0.11777877
0.11777877
0.11777877
0.15888582
0.15888582
0.15888582
0.15888582
0.22797673
0.27365815
0.27365815
0.27365815
0.32329352
0.32329352
0.32329352
0.22935417
0.18364733
0.18364733
0.18364733
0.20373926
0.24759133
0.29702846
0.29702846
0.29702846
0.24681376
0.24379638
0.2362263
0.18560239
0.18560239
0.18560239
0.18560239
0.16057168
0.16057168
0.16057168
0.16057168
0.16057168
0.16057168
0.16057168
0.16057168
0.16057168
0.16057168
0.16057168
0.16057168
0.19043781
0.20872239
0.21649252
0.21649252
0.21649252
0.18765557
0.18765557
0.18765557
0.1538295
0.1538295
0.1538295
0.15920053
0.15920053
0.15920053
0.15920053
0.15920053
0.15920053
0.15920053
0.14437976
0.14437976
0.14437976
0.14437976
0.14437976
0.14437976
0.10082947
0.05637994
0.05204701
0.05204701
0.05204701
0.05204701
0.05204701
0.05204701
0.04658174
0.03495798
0.03495798
0.03495798
0.03085363
0.03085363
0.03085363
0.03085363
0.0371861
0.03718635
0.06807638
0.06807638
0.06807638
0.06807638
0.1327346
0.1327346
0.1327346
0.13468305
0.14532021
0.20490172
0.20490172
0.20490172
0.20490172
0.20490172
0.21415435
0.21415435
0.32664821
0.32664821
0.32664821
0.27302064
0.27302064
0.27302064
0.27302064
0.27302064
0.25316753
0.23315868
0.23315868
0.23315868
0.23315868
0.23315868
0.23315868
0.23249291
0.23249291
0.23249291
0.23249291
0.23249291
0.23249291
0.23249291
0.23249291
0.18993758
0.18993758
0.18993758
0.23930214
0.29630828
0.29630828
0.29630828
0.33708631
0.33708631
0.33708631
0.31335091
0.31335091
0.31335091
0.29012708
0.29012708
0.29012708
0.29012708
0.29012708
0.29012708
0.29012708
0.29012708
0.29012708
0.29012708
0.29012708
0.29012708
0.29012708
0.3175749
0.36534836
0.40580907
0.46079328
0.53347904
0.53347904
0.53347904
0.53347904
0.36509522
0.36509522
0.36509522
0.53044444
0.53044444
0.53044444
0.53044444
0.53044444
0.51074102
0.48668884
0.48668884
0.48668884
0.48668884
0.48668884
0.48668884
0.48668884
0.36728921
0.36728921
0.36728921
0.40577667
0.40577667
0.40577667
0.40577667
0.40577667
0.40577667
0.40577667
0.40577667
0.41024343
0.41024343
0.41024343
0.20377886
0.20377886
0.20377886
0.27462804
0.29069277
0.29069277
0.35793573
0.48753811
0.48753811
0.48753811
0.16252463
0.14658511
0.14658511
0.14658511
0.16724429
0.21101486
0.30378141
0.32612838
0.32612838
0.32612838
0.32612838
0.39471618
0.39471618
0.39471618
0.39471618
0.38851074
0.38851074
0.38851074
0.38851074
0.28133871
0.08675337
0.08675337
0.08675337
0.0938724
0.0938724
0.0938724
0.51526018
0.51526018
0.51526018
0.32017227
0.32017227
0.32017227
0.32476047
0.32476047
0.32476047
0.5457975
0.64985731
0.65426239
0.65426239
0.65426239
0.65426239
0.65426239
0.65426239
0.23756008
0.23744431
0.21710109
0.20970569
0.20970569
0.20970569
0.20970569
0.20970569
0.20970569
0.20970569
0.20970569
0.20970569
0.20970569
0.20970569
0.20970569
0.18171249
0.18171249
0.17268835
0.17268835
0.17268835
0.20105272
0.20105272
0.20105272
0.20105272
0.20105272
0.07096183
0.07096183
0.07096183
0.07096183
0.07096183
0.07096183
0.07096183
0.07096183
0.07096183
0.07096183
0.07359152
0.08821692
0.08821692
0.09824383
0.10176833
0.10176833
0.11833078
0.11833078
0.11833078
0.11833078
0.10676371
0.10676371
0.10676371
0.10676371
0.12856963
0.12856963
0.12856963
0.12856963
0.12856963
0.34985652
0.34985652
0.34985652
0.1106209
0.1106209
0.1106209
0.11130823
0.11130823
0.11130823
0.11130823
0.11130823
0.12027861
0.12027861
0.12027861
0.17349359
0.23008496
0.23008496
0.23008496
0.17731741
0.10729823
0.1055315
0.1055315
0.1055315
0.15873847
0.18386853
0.21483832
0.295294
0.295294
0.295294
0.22061213
0.14967644
0.09952285
0.09952285
0.09952285
0.1560368
0.16161169
0.16483102
0.20230125
0.26794728
0.26985433
0.26985433
0.26985433
0.28304081
0.28304081
0.28304081
0.23339177
0.23339177
0.21873063
0.21873063
0.21873063
0.28087876
0.28087876
0.28087876
0.24598383
0.24598383
0.24598383
0.22014719
0.22014719
0.22014719
0.22014719
0.21637408
0.21637408
0.21637408
0.23204901
0.23204901
0.23204901
0.23204901
0.23204901
0.23204901
0.23204901
0.23204901
0.23204901
0.19039108
0.12342646
0.12342646
0.10879246
0.10879246
0.10879246
0.16647565
0.17065581
0.32435296
0.32435296
0.32435296
0.32435296
0.32435296
0.32435296
0.31549048
0.31549048
0.31549048
0.32565276
0.32565276
0.47769632
0.47769632
0.47769632
0.47175473
0.47175473
0.47175473
0.31112833
0.31112833
0.31112833
0.2617759
0.2617759
0.2617759
0.2617759
0.2617759
0.2617759
0.2617759
0.2617759
0.2617759
0.19964723
0.18771897
0.15960336
0.15960336
0.15960336
0.23553532
0.23553532
0.23553532
0.23553532
0.23553532
0.24873018
0.24873018
0.24873018
0.13866807
0.13866807
0.13866807
0.20019585
0.20019585
0.2218522
0.29169344
0.29169344
0.29169344
0.28804479
0.16832606
0.16832606
0.16832606
0.17207856
0.17207856
0.41378796
0.41378796
0.41378796
0.40986843
0.40986843
0.40986843
0.40986843
0.40986843
0.29324665
0.29324665
0.29324665
0.29324665
0.29324665
0.27351129
0.27351129
0.27351129
0.27351129
0.27351129
0.27351129
0.27351129
0.27351129
0.22316269
0.12884781
0.12884781
0.12884781
0.19567461
0.19594315
0.19594315
0.19594315
0.19594315
0.19594315
0.19594315
0.19594315
0.11332174
0.10449765
0.10044024
0.06991343
0.06991343
0.06991343
0.15073568
0.15073568
0.24147969
0.2964462
0.2964462
0.33557607
0.33557607
0.33557607
0.33322667
0.33322667
0.33322667
0.4511788
0.4511788
0.4511788
0.24246852
0.24246852
0.24246852
0.24246852
0.31025624
0.55457571
0.55457571
0.55457571
0.34420176
0.29349486
0.28707579
0.23422038
0.23422038
0.23422038
0.21258697
0.21258697
0.21258697
0.21999093
0.2501996
0.2501996
0.2501996
0.23138301
0.22862934
0.19378125
0.08487616
0.08487616
0.08487616
0.11583167
0.13314514
0.13335318
0.13335318
0.13335318
0.08380242
0.08380242
0.08380242
0.12892398
0.17403401
0.20272586
0.24019954
0.24019954
0.24019954
0.15044523
0.15044523
0.10457479
0.10457479
0.10457479
0.10457479
0.10457479
0.10457479
0.20259135
0.20259135
0.20259135
0.2133588
0.23125337
0.25814284
0.25868935
0.2656355
0.2656355
0.2656355
0.2656355
0.32351343
0.32351343
0.32351343
0.10708595
0.10708595
0.10708595
0.15330056
0.16215129
0.18869397
0.22444394
0.22444394
0.22444394
0.22444394
0.22444394
0.22444394
0.27823769
0.27823769
0.27823769
0.27823769
0.15544527
0.13501871
0.13501871
0.13501871
0.13592569
0.14963951
0.14963951
0.17559494
0.18121419
0.18121419
0.18121419
0.17875997
0.17875997
0.17875997
0.24383293
0.24383293
0.24383293
0.17299522
0.17299522
0.17299522
0.17299522
0.17299522
0.10507274
0.10507274
0.08590372
0.08590372
0.08590372
0.09685205
0.10305323
0.10305323
0.2192737
0.2192737
0.2192737
0.2192737
0.20635575
0.20635575
0.09871332
0.09587921
0.08975778
0.08975778
0.08975778
0.12189992
0.2706498
0.2706498
0.32581436
0.32581436
0.32581436
0.27696075
0.27696075
0.27696075
0.3505446
0.3505446
0.3505446
0.3307696
0.3307696
0.3307696
0.23272538
0.23272538
0.23272538
0.23272538
0.23272538
0.23272538
0.25851435
0.42540286
0.48280591
0.48280591
0.4858255
0.4858255
0.4858255
0.47566256
0.47566256
0.47566256
0.12458058
0.07292781
0.07292781
0.07292781
0.09988699
0.09988699
0.1908261
0.41224096
0.4700273
0.4700273
0.4700273
0.4700273
0.49772727
0.49772727
0.49772727
0.45396243
0.25904414
0.25904414
0.25904414
0.23753737
0.21849415
0.21849415
0.21849415
0.21849415
0.21849415
0.21849415
0.21849415
0.21849415
0.20181974
0.1904417
0.1904417
0.1904417
0.19504621
0.26210778
0.26210778
0.26210778
0.22780914
0.15010366
0.15010366
0.15010366
0.1574938
0.1574938
0.1574938
0.16309139
0.16309139
0.16309139
0.16309139
0.16309139
0.16309139
0.10232885
0.10232885
0.10232885
0.17747728
0.17747728
0.23411779
0.23411779
0.23411779
0.23411779
0.23411779
0.20283842
0.20283842
0.20283842
0.26002093
0.26002093
0.28707311
0.28707311
0.28707311
0.22166341
0.22166341
0.21169446
0.21169446
0.15223476
0.15223476
0.15223476
0.15409187
0.15409187
0.15409187
0.15409187
0.15409187
0.15409187
0.15409187
0.28717672
0.29433883
0.29433883
0.33747801
0.33747801
0.33747801
0.33747801
0.33747801
0.33747801
0.15188309
0.15188309
0.15188309
0.10403206
0.10403206
0.10403206
0.1311129
0.21827684
0.21827684
0.21827684
0.21827684
0.21827684
0.21827684
0.21827684
0.24608348
0.24608348
0.24608348
0.17688673
0.17077245
0.12047788
0.12047788
0.12047788
0.12047788
0.14773192
0.14773192
0.14773192
0.20255018
0.20264196
0.31907769
0.33691069
0.33691069
0.33691069
0.31759085
0.20911047
0.20911047
0.20911047
0.20911047
0.20840342
0.20422303
0.20422303
0.20422303
0.20878876
0.21976253
0.23736028
0.23736028
0.23736028
0.17479721
0.16512159
0.06863058
0.06863058
0.06863058
0.13527493
0.13527493
0.19801302
0.23763808
0.25533892
0.25533892
0.33113373
0.41806785
0.41806785
0.41806785
0.41806785
0.41806785
0.41806785
0.41806785
0.41806785
0.41806785
0.26833655
0.26833655
0.26833655
0.41878425
0.41878425
0.41878425
0.41878425
0.12790316
0.12790316
0.12790316
0.12896553
0.24344204
0.24344204
0.24344204
0.13120834
0.13120834
0.13120834
0.15871005
0.15871005
0.15871005
0.1639185
0.16540706
0.16540706
0.16540706
0.1858697
0.20191581
0.20191581
0.20191581
0.1450051
0.1450051
0.1450051
0.1450051
0.1450051
0.1450051
0.1450051
0.1450051
0.18366665
0.18366665
0.18366665
0.22763835
0.22763835
0.22763835
0.22763835
0.22763835
0.22763835
0.22763835
0.22763835
0.31371121
0.51841349
0.51841349
0.51841349
0.21391096
0.21391096
0.21391096
0.18700584
0.18700584
0.18700584
0.18700584
0.18700584
0.32563849
0.32563849
0.32563849
0.32563849
0.32563849
0.32563849
0.32563849
0.48572778
0.55552332
0.55552332
0.55552332
0.51393002
0.51393002
0.51393002
0.47677174
0.47677174
0.39431494
0.39431494
0.39431494
0.39431494
0.39431494
0.2505551
0.17842294
0.06097724
0.06097724
0.06097724
0.10432532
0.10432532
0.14517295
0.16523767
0.16523767
0.2057376
0.22414726
0.22414726
0.22414726
0.22414726
0.22854972
0.22854972
0.22854972
0.09645794
0.09645794
0.09645794
0.11297171
0.14435246
0.15552734
0.15940121
0.15940121
0.15940121
0.16051358
0.16051358
0.16051358
0.16051358
0.17344304
0.1798221
0.1798221
0.1798221
0.18114893
0.18114893
0.18114893
0.18114893
0.18114893
0.18114893
0.18114893
0.18114893
0.21284813
0.21950907
0.21950907
0.21950907
0.20954327
0.12458356
0.12458356
0.12458356
0.09114442
0.06454228
0.06454228
0.04844293
0.04207606
0.04207606
0.04207606
0.04522177
0.04522177
0.04522177
0.04522177
0.04522177
0.02578169
0.02578169
0.02578169
0.04625631
0.04625631
0.04625631
0.04625631
0.04625631
0.05277548
0.05277548
0.05829582
0.05829582
0.05829582
0.05829582
0.05829582
0.05829582
0.03912678
0.03912678
0.03912678
0.06644278
0.07648728
0.08076525
0.0808463
0.0808463
0.0808463
0.0808463
0.0808463
0.0808463
0.07517031
0.03279452
0.03279452
0.03279452
0.05440321
0.05440321
0.0596085
0.06816306
0.07915631
0.09444398
0.10614706
0.10730767
0.1098466
0.1098466
0.1098466
0.04300663
0.04042821
0.0388442
0.0388442
0.0388442
0.0388442
0.03725114
0.03725114
0.03187173
0.03187173
0.03187173
0.03187173
0.03187173
0.03187173
0.0407777
0.0407777
0.0407777
0.0407777
0.0407777
0.03817802
0.03817802
0.03817802
0.04476302
0.04777237
0.04777237
0.04777237
0.04777237
0.05128751
0.05128751
0.05128751
0.05128751
0.05128751
0.05128751
0.05128751
0.05128751
0.05128751
0.05258726
0.0552363
0.06081016
0.06081016
0.06081016
0.06111498
0.06111498
0.06304782
0.06304782
0.06304782
0.06304782
0.06304782
0.0617906
0.0617906
0.05535132
0.05535132
0.05535132
0.04665757
0.04665757
0.04665757
0.04665757
0.04665757
0.04665757
0.04665757
0.04665757
0.04665757
0.04665757
0.04665757
0.04665757
0.03185772
0.03185772
0.02347874
0.02347874
0.02292319
0.02146273
0.02146273
0.02146273
0.03318548
0.04721231
0.04721231
0.04721231
0.04721231
0.04721231
0.04721231
0.02371797
0.02371797
0.02371797
0.02371797
0.02371797
0.02371797
0.02371797
0.02371797
0.01892153
0.01850714
0.01850714
0.01850714
0.01850714
0.01850714
0.02101199
0.02956035
0.02956035
0.02956035
0.02956035
0.0314179
0.0314179
0.0314179
0.0314179
0.03030144
0.02682637
0.02682637
0.02682637
0.02682637
0.02524983
0.02356718
0.02356718
0.02356718
0.03413534
0.03413534
0.03413534
0.02971832
0.02971832
0.02971832
0.03799335
0.03799335
0.03799335
0.0348515
0.0348515
0.0348515
0.02919562
0.02919562
0.02919562
0.02919562
0.02919562
0.02919562
0.02919562
0.02987625
0.02987625
0.02987625
0.02987625
0.02987625
0.04087369
0.04087369
0.04087369
0.04035298
0.04035298
0.04035298
0.04035298
0.04035298
0.02753288
0.02753288
0.02753288
0.02753288
0.02753288
0.02753288
0.02753288
0.02753288
0.02753288
0.04027124
0.04027124
0.04027124
0.04608358
0.06246838
0.07068978
0.07068978
0.07068978
0.07068978
0.07068978
0.0922629
0.0922629
0.09521591
0.09521591
0.09521591
0.07401743
0.07401743
0.07401743
0.07441511
0.07441511
